-1.45e-07 0.0147715954069 1.2831834372 0.776565691554
-1.44418837675e-07 0.0143929557993 1.26457062133 0.788046564001
-1.43837675351e-07 0.0140345192993 1.24713698909 0.799021677186
-1.43256513026e-07 0.0137009312511 1.23118223005 0.809396317476
-1.42675350701e-07 0.0133867238968 1.21634608512 0.819284400861
-1.42094188377e-07 0.013088526412 1.20241751055 0.828761495473
-1.41513026052e-07 0.0128051836932 1.18932047684 0.83785142755
-1.40931863727e-07 0.0125436731154 1.17741386588 0.846354096296
-1.40350701403e-07 0.0122953878821 1.16620970122 0.854489777038
-1.39769539078e-07 0.0120586603274 1.15561480407 0.862301859044
-1.39188376754e-07 0.0118383263171 1.14586929189 0.869645659277
-1.38607214429e-07 0.0116310247358 1.13678340301 0.8766070071
-1.38026052104e-07 0.0114325689469 1.1281416881 0.883306365919
-1.3744488978e-07 0.0112483300014 1.1202038771 0.889577919657
-1.36863727455e-07 0.0110744173671 1.11276688587 0.895531423729
-1.3628256513e-07 0.010907181416 1.1056530174 0.901278786344
-1.35701402806e-07 0.0107543289787 1.09922337264 0.906573481254
-1.35120240481e-07 0.0106074605307 1.09307328761 0.911676058184
-1.34539078156e-07 0.0104686547537 1.08729987407 0.916519780356
-1.33957915832e-07 0.0103397986602 1.08198352702 0.921038126325
-1.33376753507e-07 0.0102147766602 1.07684276005 0.925430657651
-1.32795591182e-07 0.0101010123273 1.07221111425 0.929448735109
-1.32214428858e-07 0.00999083644194 1.06773941619 0.933345574153
-1.31633266533e-07 0.00988816375978 1.06360215813 0.936988911812
-1.31052104208e-07 0.00979102164166 1.05970812875 0.940442695821
-1.30470941884e-07 0.00969855229333 1.0560196031 0.943736326078
-1.29889779559e-07 0.00961281136217 1.05262334831 0.946796296499
-1.29308617234e-07 0.00952970494754 1.04934153237 0.949764777245
-1.2872745491e-07 0.00945390273215 1.04637340862 0.952476535226
-1.28146292585e-07 0.00937936626604 1.04345964479 0.955143805557
-1.27565130261e-07 0.00931220027406 1.04085913283 0.957549166075
-1.26983967936e-07 0.00924548752278 1.03827788401 0.959938420684
-1.26402805611e-07 0.00918580474727 1.03599257623 0.96207535661
-1.25821643287e-07 0.00912621540841 1.03371120185 0.964208938925
-1.25240480962e-07 0.00907300158525 1.03169588947 0.966111605007
-1.24659318637e-07 0.00901988031714 1.02968443959 0.968010918818
-1.24078156313e-07 0.00897224904967 1.02790028808 0.96970974479
-1.23496993988e-07 0.00892498435905 1.02613131368 0.971395183841
-1.22915831663e-07 0.00888216622664 1.02454511643 0.972917025401
-1.22334669339e-07 0.00884018922439 1.02299349408 0.974407920152
-1.21753507014e-07 0.00880152098853 1.0215769959 0.975776256561
-1.21172344689e-07 0.00876430402491 1.02021976511 0.97709083713
-1.20591182365e-07 0.00872921804168 1.01894904871 0.978326004444
-1.2001002004e-07 0.00869627323357 1.01776526059 0.979481378587
-1.19428857715e-07 0.00866428717394 1.01662018991 0.980600828102
-1.18847695391e-07 0.00863516483744 1.01559076587 0.981612972953
-1.18266533066e-07 0.00860604250095 1.01456134184 0.982625117804
-1.17685370741e-07 0.00858015881047 1.01366208106 0.983515311466
-1.17104208417e-07 0.00855444581301 1.01276968055 0.984399077684
-1.16523046092e-07 0.00853053600246 1.0119494402 0.985214644272
-1.15941883768e-07 0.008507854049 1.01117833639 0.985983771194
-1.15360721443e-07 0.00848566752898 1.01042698236 0.98673408542
-1.14779559118e-07 0.00846567139709 1.0097629452 0.9874012258
-1.14198396794e-07 0.0084456752652 1.00909890803 0.988068366179
-1.13617234469e-07 0.00842738047284 1.00850245683 0.988670671765
-1.13036072144e-07 0.00840975621149 1.00793264259 0.989247424696
-1.1245490982e-07 0.00839253289152 1.0073787059 0.989808849217
-1.11873747495e-07 0.00837699599817 1.00689155288 0.990305799878
-1.1129258517e-07 0.00836145910482 1.00640439986 0.990802750539
-1.10711422846e-07 0.00834703412062 1.0059611543 0.991257067554
-1.10130260521e-07 0.00833332771083 1.00554628407 0.991683832456
-1.09549098196e-07 0.00831962130104 1.00513141383 0.992110597358
-1.08967935872e-07 0.0083074534772 1.00477714276 0.992478211593
-1.08386773547e-07 0.00829534646044 1.00442526665 0.99284348811
-1.07805611222e-07 0.00828359346415 1.00408730093 0.993195121039
-1.07224448898e-07 0.00827287873869 1.00379013156 0.993506740065
-1.06643286573e-07 0.00826216401324 1.00349296219 0.99381835909
-1.06062124248e-07 0.00825203227976 1.00321864928 0.994107458914
-1.05480961924e-07 0.00824252495864 1.00296881675 0.994372439591
-1.04899799599e-07 0.00823301763752 1.00271898422 0.994637420269
-1.04318637275e-07 0.00822418431191 1.00249552036 0.994876310222
-1.0373747495e-07 0.00821571999101 1.00228649303 0.995100915805
-1.03156312625e-07 0.00820725567012 1.00207746571 0.995325521389
-1.02575150301e-07 0.00819945795559 1.00189446468 0.995524268209
-1.01993987976e-07 0.00819189103373 1.00172047449 0.995714062199
-1.01412825651e-07 0.00818432411187 1.00154648429 0.995903856189
-1.00831663327e-07 0.00817735016158 1.0013955983 0.996070599949
-1.00250501002e-07 0.00817055222132 1.00125157027 0.996230501775
-9.96693386774e-08 0.00816375428105 1.00110754223 0.996390403602
-9.90881763527e-08 0.00815743502188 1.00098212621 0.99653165835
-9.85070140281e-08 0.00815129327849 1.00086361234 0.996665997951
-9.79258517034e-08 0.0081451515351 1.00074509846 0.996800337551
-9.73446893788e-08 0.00813935340441 1.00063991524 0.99692126167
-9.67635270541e-08 0.00813376922933 1.00054303255 0.997033832438
-9.61823647295e-08 0.00812818505425 1.00044614985 0.997146403206
-9.56012024048e-08 0.00812280361783 1.00035711341 0.997251039289
-9.50200400802e-08 0.00811769114141 1.00027848608 0.997345148947
-9.44388777555e-08 0.008112578665 1.00019985875 0.997439258605
-9.38577154309e-08 0.00810753307359 1.00012381286 0.997530743429
-9.32765531062e-08 0.00810281787093 1.00006051843 0.997609262479
-9.26953907816e-08 0.00809810266828 0.999997224001 0.99768778153
-9.21142284569e-08 0.00809338746563 0.99993392957 0.99776630058
-9.15330661323e-08 0.00808894876328 0.999881272923 0.997833934804
-9.09519038076e-08 0.00808456662555 0.999830792484 0.997899342281
-9.0370741483e-08 0.00808018448782 0.999780312045 0.997964749759
-8.97895791583e-08 0.00807591725419 0.999734235708 0.998025617334
-8.92084168337e-08 0.00807181304677 0.999694407923 0.998080043686
-8.8627254509e-08 0.00806770883935 0.999654580138 0.998134470037
-8.80460921844e-08 0.00806360463194 0.999614752352 0.998188896389
-8.74649298597e-08 0.00805971191733 0.999582994039 0.998234930108
-8.68837675351e-08 0.00805583852502 0.999551972966 0.998280197064
-8.63026052104e-08 0.00805196513271 0.999520951892 0.99832546402
-8.57214428858e-08 0.00804815599563 0.999492368842 0.99836816766
-8.51402805611e-08 0.00804447335412 0.999468585389 0.998405825049
-8.45591182365e-08 0.0080407907126 0.999444801936 0.998443482438
-8.39779559118e-08 0.00803710807109 0.999421018483 0.998481139827
-8.33967935872e-08 0.00803353102237 0.999401213848 0.998514557509
-8.28156312625e-08 0.00803000523423 0.999383340751 0.998545917002
-8.22344689379e-08 0.0080264794461 0.999365467654 0.998577276496
-8.16533066132e-08 0.00802295365796 0.999347594557 0.998608635989
-8.10721442886e-08 0.00801954635174 0.999334147181 0.998635200052
-8.04909819639e-08 0.00801614888459 0.999321067329 0.998661365888
-7.99098196393e-08 0.00801275141744 0.999307987477 0.998687531725
-7.93286573146e-08 0.00800936284951 0.999295236375 0.998713333765
-7.874749499e-08 0.008006069813 0.999286014339 0.998735230528
-7.81663326653e-08 0.0080027767765 0.999276792303 0.998757127291
-7.75851703407e-08 0.00799948373999 0.999267570267 0.998779024054
-7.7004008016e-08 0.00799620395799 0.999258830937 0.998800372164
-7.64228456914e-08 0.00799299545604 0.999252687505 0.998818769728
-7.58416833667e-08 0.00798978695408 0.999246544072 0.998837167293
-7.52605210421e-08 0.00798657845213 0.99924040064 0.998855564858
-7.46793587174e-08 0.00798337920112 0.999234587926 0.998873573417
-7.40981963928e-08 0.00798023875507 0.999230877472 0.998889109205
-7.35170340681e-08 0.00797709830901 0.999227167019 0.998904644993
-7.29358717435e-08 0.00797395786296 0.999223456565 0.99892018078
-7.23547094188e-08 0.00797081853133 0.999219784994 0.998935668765
-7.17735470942e-08 0.00796773256959 0.999217975483 0.998948867465
-7.11923847695e-08 0.00796464660785 0.999216165972 0.998962066164
-7.06112224449e-08 0.00796156064611 0.999214356461 0.998975264864
-7.00300601202e-08 0.00795847468437 0.999212546949 0.998988463563
-6.94488977956e-08 0.00795542377233 0.999211921299 0.999000120521
-6.88677354709e-08 0.00795238118168 0.999211576716 0.999011411443
-6.82865731463e-08 0.00794933859103 0.999211232134 0.999022702365
-6.77054108216e-08 0.00794629600037 0.999210887552 0.999033993287
-6.7124248497e-08 0.00794327045847 0.999211094107 0.999044510024
-6.65430861723e-08 0.00794026219211 0.999211859132 0.999054242276
-6.59619238477e-08 0.00793725392576 0.999212624157 0.999063974528
-6.5380761523e-08 0.0079342456594 0.999213389183 0.99907370678
-6.47995991984e-08 0.00793123965609 0.999214223069 0.999083332048
-6.42184368737e-08 0.00792825839359 0.999215809777 0.999091787709
-6.36372745491e-08 0.00792527713109 0.999217396485 0.999100243369
-6.30561122244e-08 0.00792229586859 0.999218983194 0.999108699029
-6.24749498998e-08 0.00791931460608 0.999220569902 0.99911715469
-6.18937875752e-08 0.00791634531826 0.999222491012 0.999125014822
-6.13126252505e-08 0.00791338517237 0.999224667418 0.999132420302
-6.07314629259e-08 0.00791042502649 0.999226843825 0.999139825783
-6.01503006012e-08 0.00790746488061 0.999229020231 0.999147231264
-5.95691382766e-08 0.00790450473473 0.999231196637 0.999154636745
-5.89879759519e-08 0.00790156008239 0.999233754298 0.999161221173
-5.84068136273e-08 0.00789861634813 0.999236334551 0.999167756949
-5.78256513026e-08 0.00789567261387 0.999238914804 0.999174292725
-5.7244488978e-08 0.00789272887961 0.999241495056 0.999180828501
-5.66633266533e-08 0.00788978783585 0.999244129603 0.999187209986
-5.60821643287e-08 0.00788685677706 0.999246965644 0.999193018867
-5.5501002004e-08 0.00788392571828 0.999249801686 0.999198827749
-5.49198396794e-08 0.0078809946595 0.999252637727 0.99920463663
-5.43386773547e-08 0.00787806360072 0.999255473769 0.999210445512
-5.37575150301e-08 0.00787513613271 0.999258360928 0.999216027473
-5.31763527054e-08 0.00787221480194 0.999261335453 0.999221221592
-5.25951903808e-08 0.00786929347118 0.999264309979 0.99922641571
-5.20140280561e-08 0.00786637214041 0.999267284505 0.999231609829
-5.14328657315e-08 0.00786345080964 0.999270259031 0.999236803947
-5.08517034068e-08 0.00786053253524 0.99927325252 0.999241780748
-5.02705410822e-08 0.00785761862267 0.999276273072 0.99924644741
-4.96893787575e-08 0.00785470471009 0.999279293624 0.999251114072
-4.91082164329e-08 0.00785179079752 0.999282314175 0.999255780734
-4.85270541082e-08 0.00784887688495 0.999285334727 0.999260447395
-4.79458917836e-08 0.00784596487348 0.999288346315 0.999264958423
-4.73647294589e-08 0.00784305658121 0.999291340363 0.999269164978
-4.67835671343e-08 0.00784014828895 0.999294334412 0.999273371533
-4.62024048096e-08 0.00783723999669 0.999297328461 0.999277578088
-4.5621242485e-08 0.00783433170442 0.99930032251 0.999281784643
-4.50400801603e-08 0.00783142402606 0.99930330449 0.999285931891
-4.44589178357e-08 0.0078285199643 0.999306215368 0.999289729753
-4.3877755511e-08 0.00782561590253 0.999309126246 0.999293527615
-4.32965931864e-08 0.00782271184077 0.999312037125 0.999297325477
-4.27154308617e-08 0.00781980777901 0.999314948003 0.999301123339
-4.21342685371e-08 0.00781690371724 0.999317858881 0.999304921201
-4.15531062124e-08 0.00781400228054 0.999320664114 0.999308412111
-4.09719438878e-08 0.00781110138237 0.999323447673 0.999311840048
-4.03907815631e-08 0.00780820048421 0.999326231233 0.999315267985
-3.98096192385e-08 0.00780529958604 0.999329014792 0.999318695922
-3.92284569138e-08 0.00780239868788 0.999331798352 0.999322123859
-3.86472945892e-08 0.0077994987048 0.999334518966 0.999325418978
-3.80661322645e-08 0.00779660015693 0.999337140856 0.999328505786
-3.74849699399e-08 0.00779370160905 0.999339762747 0.999331592594
-3.69038076152e-08 0.00779080306117 0.999342384637 0.999334679402
-3.63226452906e-08 0.0077879045133 0.999345006528 0.999337766211
-3.57414829659e-08 0.00778500596542 0.999347628419 0.999340853019
-3.51603206413e-08 0.00778210884149 0.999350095625 0.999343677011
-3.45791583166e-08 0.00777921202819 0.999352529086 0.999346443668
-3.3997995992e-08 0.00777631521489 0.999354962548 0.999349210326
-3.34168336673e-08 0.00777341840159 0.999357396009 0.999351976983
-3.28356713427e-08 0.0077705215883 0.99935982947 0.99935474364
-3.2254509018e-08 0.00776762492943 0.999362237504 0.999357473223
-3.16733466934e-08 0.00776472938773 0.99936446159 0.999359934608
-3.10921843687e-08 0.00776183384602 0.999366685676 0.999362395992
-3.05110220441e-08 0.00775893830432 0.999368909763 0.999364857376
-2.99298597194e-08 0.00775604276262 0.999371133849 0.99936731876
-2.93486973948e-08 0.00775314722091 0.999373357935 0.999369780145
-2.87675350701e-08 0.00775025194567 0.999375516986 0.999372156571
-2.81863727455e-08 0.0077473573296 0.999377515146 0.999374322819
-2.76052104208e-08 0.00774446271353 0.999379513306 0.999376489068
-2.70240480962e-08 0.00774156809745 0.999381511466 0.999378655316
-2.64428857715e-08 0.00773867348138 0.999383509626 0.999380821565
-2.58617234469e-08 0.00773577886531 0.999385507786 0.999382987813
-2.52805611222e-08 0.00773288446116 0.999387430112 0.99938506255
-2.46993987976e-08 0.00772999051356 0.999389189055 0.999386940125
-2.41182364729e-08 0.00772709656597 0.999390947999 0.9993888177
-2.35370741483e-08 0.00772420261838 0.999392706943 0.999390695275
-2.29559118236e-08 0.00772130867078 0.999394465886 0.99939257285
-2.2374749499e-08 0.00771841472319 0.99939622483 0.999394450425
-2.17935871743e-08 0.00771552087389 0.99939793233 0.999396269375
-2.12124248497e-08 0.00771262740427 0.999399441132 0.999397861889
-2.0631262525e-08 0.00770973393464 0.999400949933 0.999399454403
-2.00501002004e-08 0.00770684046502 0.999402458735 0.999401046916
-1.94689378758e-08 0.0077039469954 0.999403967536 0.99940263943
-1.88877755511e-08 0.00770105352577 0.999405476338 0.999404231943
-1.83066132265e-08 0.00769816005615 0.999406985139 0.999405824457
-1.77254509018e-08 0.00769526690661 0.999408247362 0.999407147351
-1.71442885772e-08 0.00769237377374 0.999409496743 0.999408456202
-1.65631262525e-08 0.00768948064086 0.999410746124 0.999409765054
-1.59819639279e-08 0.00768658750799 0.999411995505 0.999411073905
-1.54008016032e-08 0.00768369437512 0.999413244886 0.999412382757
-1.48196392786e-08 0.00768080124225 0.999414494267 0.999413691608
-1.42384769539e-08 0.00767790823612 0.999415596951 0.999414844791
-1.36573146293e-08 0.00767501533445 0.999416578709 0.999415869652
-1.30761523046e-08 0.00767212243279 0.999417560466 0.999416894513
-1.249498998e-08 0.00766922953112 0.999418542223 0.999417919374
-1.19138276553e-08 0.00766633662946 0.999419523981 0.999418944235
-1.13326653307e-08 0.00766344372779 0.999420505738 0.999419969095
-1.0751503006e-08 0.00766055082613 0.999421487496 0.999420993956
-1.01703406814e-08 0.00765765807422 0.999422195368 0.999421734532
-9.58917835671e-09 0.00765476532304 0.999422901904 0.999422473721
-9.00801603206e-09 0.00765187257187 0.999423608439 0.999423212909
-8.42685370741e-09 0.00764897982069 0.999424314975 0.999423952098
-7.84569138277e-09 0.00764608706951 0.99942502151 0.999424691286
-7.26452905812e-09 0.00764319431834 0.999425728046 0.999425430475
-6.68336673347e-09 0.00764030159182 0.999426353206 0.999426086618
-6.10220440882e-09 0.0076374089263 0.999426777128 0.999426537395
-5.52104208417e-09 0.00763451626077 0.999427201049 0.999426988172
-4.93987975952e-09 0.00763162359525 0.999427624971 0.999427438949
-4.35871743487e-09 0.00762873092972 0.999428048893 0.999427889726
-3.77755511022e-09 0.0076258382642 0.999428472815 0.999428340503
-3.19639278557e-09 0.00762294559867 0.999428896737 0.99942879128
-2.61523046092e-09 0.00762005294531 0.999429197945 0.999429118586
-2.03406813627e-09 0.00761716030853 0.999429331701 0.999429277406
-1.45290581162e-09 0.00761426767176 0.999429465458 0.999429436226
-8.71743486974e-10 0.00761137503498 0.999429599214 0.999429595047
-2.90581162324e-10 0.0076084823982 0.99942973297 0.999429753867
2.90581162325e-10 0.00760558976143 0.999429866727 0.999429912688
8.71743486974e-10 0.00760269712465 0.999430000483 0.999430071508
1.45290581162e-09 0.00759980447671 0.999430016033 0.999430112989
2.03406813627e-09 0.00759691181176 0.999429851542 0.99942997575
2.61523046092e-09 0.0075940191468 0.999429687051 0.999429838511
3.19639278557e-09 0.00759112648185 0.99942952256 0.999429701272
3.77755511022e-09 0.0075882338169 0.99942935807 0.999429564032
4.35871743487e-09 0.00758534115195 0.999429193579 0.999429426793
4.93987975952e-09 0.00758244848699 0.999429029088 0.999429289554
5.52104208417e-09 0.00757955580273 0.99942880178 0.999429090901
6.10220440882e-09 0.00757666304332 0.99942833 0.999428653236
6.68336673347e-09 0.00757377028391 0.999427858221 0.999428215572
7.26452905812e-09 0.0075708775245 0.999427386441 0.999427777907
7.84569138277e-09 0.0075679847651 0.999426914661 0.999427340243
8.42685370742e-09 0.00756509200569 0.999426442882 0.999426902578
9.00801603206e-09 0.00756219924628 0.999425971102 0.999426464913
9.58917835671e-09 0.00755930648687 0.999425499322 0.999426027249
1.01703406814e-08 0.00755641357337 0.999424759505 0.999425332693
1.0751503006e-08 0.00755352063123 0.999423969872 0.999424590393
1.13326653307e-08 0.00755062768909 0.99942318024 0.999423848094
1.19138276553e-08 0.00754773474695 0.999422390608 0.999423105794
1.249498998e-08 0.00754484180481 0.999421600975 0.999422363495
1.30761523046e-08 0.00754194886268 0.999420811343 0.999421621195
1.36573146293e-08 0.00753905592054 0.999420021711 0.999420878896
1.42384769539e-08 0.00753616288199 0.999419129901 0.999420041443
1.48196392786e-08 0.00753326962775 0.999418009508 0.999418991121
1.54008016032e-08 0.00753037637351 0.999416889116 0.999417940798
1.59819639279e-08 0.00752748311927 0.999415768723 0.999416890476
1.65631262525e-08 0.00752458986503 0.99941464833 0.999415840154
1.71442885772e-08 0.00752169661079 0.999413527937 0.999414789831
1.77254509018e-08 0.00751880335656 0.999412407544 0.999413739509
1.83066132265e-08 0.00751591010232 0.999411287151 0.999412689186
1.88877755511e-08 0.00751301654144 0.999409959333 0.999411454028
1.94689378758e-08 0.00751012277378 0.999408491646 0.999410094233
2.00501002004e-08 0.00750722900613 0.999407023959 0.999408734439
2.06312625251e-08 0.00750433523848 0.999405556272 0.999407374644
2.12124248497e-08 0.00750144147083 0.999404088585 0.99940601485
2.17935871743e-08 0.00749854770317 0.999402620897 0.999404655055
2.2374749499e-08 0.00749565393552 0.99940115321 0.99940329526
2.29559118236e-08 0.00749276016787 0.999399685523 0.999401935466
2.35370741483e-08 0.00748986580987 0.999397957616 0.999400359458
2.41182364729e-08 0.00748697120384 0.999396120374 0.999398692606
2.46993987976e-08 0.00748407659781 0.999394283132 0.999397025754
2.52805611222e-08 0.00748118199178 0.99939244589 0.999395358902
2.58617234469e-08 0.00747828738575 0.999390608648 0.99939369205
2.64428857715e-08 0.00747539277972 0.999388771406 0.999392025198
2.70240480962e-08 0.00747249817369 0.999386934164 0.999390358345
2.76052104208e-08 0.00746960356766 0.999385096922 0.999388691493
2.81863727455e-08 0.00746670810137 0.999383008881 0.999386838669
2.87675350701e-08 0.00746381211959 0.999380770551 0.999384874403
2.93486973948e-08 0.0074609161378 0.999378532221 0.999382910137
2.99298597194e-08 0.00745802015601 0.999376293891 0.999380945872
3.05110220441e-08 0.00745512417423 0.99937405556 0.999378981606
3.10921843687e-08 0.00745222819244 0.99937181723 0.99937701734
3.16733466934e-08 0.00744933221066 0.9993695789 0.999375053074
3.2254509018e-08 0.00744643622887 0.99936734057 0.999373088808
3.28356713427e-08 0.00744353943449 0.999364942592 0.999371026688
3.34168336673e-08 0.00744064117232 0.999362256245 0.999368787817
3.3997995992e-08 0.00743774291015 0.999359569897 0.999366548947
3.45791583166e-08 0.00743484464798 0.99935688355 0.999364310076
3.51603206413e-08 0.00743194638582 0.999354197203 0.999362071205
3.57414829659e-08 0.00742904812365 0.999351510856 0.999359832335
3.63226452906e-08 0.00742614986148 0.999348824509 0.999357593464
3.69038076152e-08 0.00742325159931 0.999346138161 0.999355354593
3.74849699399e-08 0.00742035333715 0.999343451814 0.999353115723
3.80661322645e-08 0.00741745165906 0.99934030023 0.999350673238
3.86472945892e-08 0.00741454957087 0.999337092792 0.999348206309
3.92284569138e-08 0.00741164748269 0.999333885354 0.99934573938
3.98096192385e-08 0.0074087453945 0.999330677916 0.999343272451
4.03907815631e-08 0.00740584330631 0.999327470478 0.999340805522
4.09719438878e-08 0.00740294121813 0.99932426304 0.999338338593
4.15531062124e-08 0.00740003912994 0.999321055602 0.999335871664
4.21342685371e-08 0.00739713704175 0.999317848164 0.999333404735
4.27154308617e-08 0.00739423345713 0.999314493566 0.999330905871
4.32965931864e-08 0.00739132486634 0.99931064666 0.999328300169
4.3877755511e-08 0.00738841627554 0.999306799753 0.999325694467
4.44589178357e-08 0.00738550768474 0.999302952847 0.999323088765
4.50400801603e-08 0.00738259909394 0.999299105941 0.999320483063
4.5621242485e-08 0.00737969050314 0.999295259035 0.999317877361
4.62024048096e-08 0.00737678191234 0.999291412129 0.999315271659
4.67835671343e-08 0.00737387332154 0.999287565222 0.999312665957
4.73647294589e-08 0.00737096473075 0.999283718316 0.999310060255
4.79458917836e-08 0.00736805206852 0.999279566801 0.999307464645
4.85270541082e-08 0.0073651322802 0.999274882138 0.9993048867
4.91082164329e-08 0.00736221249188 0.999270197476 0.999302308754
4.96893787575e-08 0.00735929270356 0.999265512813 0.999299730809
5.02705410822e-08 0.00735637291524 0.999260828151 0.999297152863
5.08517034068e-08 0.00735345312691 0.999256143488 0.999294574918
5.14328657315e-08 0.00735053333859 0.999251458826 0.999291996972
5.20140280561e-08 0.00734761355027 0.999246774163 0.999289419027
5.25951903808e-08 0.00734469376195 0.999242089501 0.999286841082
5.31763527054e-08 0.00734176833844 0.999237064693 0.999284359724
5.37575150301e-08 0.00733882901301 0.999231200751 0.999282116648
5.43386773547e-08 0.00733588968757 0.99922533681 0.999279873573
5.49198396794e-08 0.00733295036213 0.999219472868 0.999277630497
5.5501002004e-08 0.0073300110367 0.999213608926 0.999275387421
5.60821643287e-08 0.00732707171126 0.999207744985 0.999273144345
5.66633266533e-08 0.00732413238583 0.999201881043 0.999270901269
5.7244488978e-08 0.00732119306039 0.999196017102 0.999268658194
5.78256513026e-08 0.00731825373496 0.99919015316 0.999266415118
5.84068136273e-08 0.00731531440952 0.999184289219 0.999264172042
5.89879759519e-08 0.00731234055535 0.999176644396 0.999262828892
5.95691382766e-08 0.00730936669155 0.999168999077 0.999261485994
6.01503006012e-08 0.00730639282775 0.999161353757 0.999260143095
6.07314629259e-08 0.00730341896396 0.999153708438 0.999258800196
6.13126252505e-08 0.00730044510016 0.999146063119 0.999257457298
6.18937875752e-08 0.00729747123636 0.9991384178 0.999256114399
6.24749498998e-08 0.00729449737257 0.99913077248 0.9992547715
6.30561122244e-08 0.00729152350877 0.999123127161 0.999253428601
6.36372745491e-08 0.00728854964497 0.999115481842 0.999252085703
6.42184368737e-08 0.00728554531572 0.999106426075 0.999251700438
6.47995991984e-08 0.00728250958493 0.999095916524 0.999252302232
6.5380761523e-08 0.00727947385415 0.999085406972 0.999252904026
6.59619238477e-08 0.00727643812337 0.999074897421 0.99925350582
6.65430861723e-08 0.00727340239259 0.999064387869 0.999254107613
6.7124248497e-08 0.0072703666618 0.999053878318 0.999254709407
6.77054108216e-08 0.00726733093102 0.999043368766 0.999255311201
6.82865731463e-08 0.00726429520024 0.999032859215 0.999255912995
6.88677354709e-08 0.00726125946945 0.999022349663 0.999256514789
6.94488977956e-08 0.00725822373867 0.999011840112 0.999257116582
7.00300601202e-08 0.00725510250135 0.998997640501 0.999260679548
7.06112224449e-08 0.00725195447357 0.998982284739 0.999265170293
7.11923847695e-08 0.00724880644579 0.998966928977 0.999269661039
7.17735470942e-08 0.00724565841802 0.998951573215 0.999274151784
7.23547094188e-08 0.00724251039024 0.998936217453 0.999278642529
7.29358717435e-08 0.00723936236246 0.998920861691 0.999283133274
7.35170340681e-08 0.00723621433468 0.998905505929 0.999287624019
7.40981963928e-08 0.0072330663069 0.998890150167 0.999292114764
7.46793587174e-08 0.00722991827912 0.998874794406 0.999296605509
7.52605210421e-08 0.00722677025134 0.998859438644 0.999301096255
7.58416833667e-08 0.00722345666041 0.998837244672 0.999311632791
7.64228456914e-08 0.00722010205283 0.998813356601 0.999323667112
7.7004008016e-08 0.00721674744525 0.99878946853 0.999335701434
7.75851703407e-08 0.00721339283767 0.998765580459 0.999347735755
7.81663326653e-08 0.00721003823009 0.998741692388 0.999359770077
7.874749499e-08 0.00720668362251 0.998717804317 0.999371804399
7.93286573146e-08 0.00720332901492 0.998693916246 0.99938383872
7.99098196393e-08 0.00719997440734 0.998670028175 0.999395873042
8.04909819639e-08 0.00719661979976 0.998646140103 0.999407907364
8.10721442886e-08 0.00719326519218 0.998622252032 0.999419941685
8.16533066132e-08 0.00718967672545 0.998588959464 0.99944077435
8.22344689379e-08 0.00718593690907 0.998549580467 0.999467301153
8.28156312625e-08 0.00718219709269 0.998510201469 0.999493827957
8.33967935872e-08 0.00717845727631 0.998470822471 0.99952035476
8.39779559118e-08 0.00717471745993 0.998431443473 0.999546881563
8.45591182365e-08 0.00717097764355 0.998392064475 0.999573408366
8.51402805611e-08 0.00716723782717 0.998352685477 0.999599935169
8.57214428858e-08 0.00716349801078 0.998313306479 0.999626461972
8.63026052104e-08 0.0071597581944 0.998273927482 0.999652988775
8.68837675351e-08 0.00715601837802 0.998234548484 0.999679515578
8.74649298597e-08 0.00715215267322 0.998190188429 0.999710860999
8.80460921844e-08 0.00714768459642 0.998121994181 0.999765263346
8.8627254509e-08 0.00714321651962 0.998053799932 0.999819665693
8.92084168337e-08 0.00713874844281 0.997985605684 0.99987406804
8.97895791583e-08 0.00713428036601 0.997917411435 0.999928470387
9.0370741483e-08 0.00712981228921 0.997849217186 0.999982872734
9.09519038076e-08 0.0071253442124 0.997781022938 1.00003727508
9.15330661323e-08 0.0071208761356 0.997712828689 1.00009167743
9.21142284569e-08 0.0071164080588 0.997644634441 1.00014607977
9.26953907816e-08 0.007111939982 0.997576440192 1.00020048212
9.32765531062e-08 0.00710747190519 0.997508245944 1.00025488447
9.38577154309e-08 0.00710231533717 0.997413091386 1.00033592212
9.44388777555e-08 0.0070964510049 0.997290221815 1.00044434067
9.50200400802e-08 0.00709058667263 0.997167352245 1.00055275922
9.56012024048e-08 0.00708472234036 0.997044482674 1.00066117778
9.61823647295e-08 0.00707885800809 0.996921613103 1.00076959633
9.67635270541e-08 0.00707299367582 0.996798743532 1.00087801488
9.73446893788e-08 0.00706712934355 0.996675873962 1.00098643344
9.79258517034e-08 0.00706126501127 0.996553004391 1.00109485199
9.85070140281e-08 0.007055400679 0.99643013482 1.00120327055
9.90881763527e-08 0.00704953634673 0.996307265249 1.0013116891
9.96693386774e-08 0.00704367201446 0.996184395679 1.00142010765
1.00250501002e-07 0.00703628150768 0.996002234429 1.00158803548
1.00831663327e-07 0.0070277017028 0.995773869105 1.00180233696
1.01412825651e-07 0.00701912189792 0.995545503782 1.00201663843
1.01993987976e-07 0.00701054209304 0.995317138458 1.0022309399
1.02575150301e-07 0.00700196228816 0.995088773134 1.00244524137
1.03156312625e-07 0.00699338248328 0.99486040781 1.00265954284
1.0373747495e-07 0.0069848026784 0.994632042486 1.00287384432
1.04318637275e-07 0.00697622287353 0.994403677162 1.00308814579
1.04899799599e-07 0.00696764306865 0.994175311839 1.00330244726
1.05480961924e-07 0.00695906326377 0.993946946515 1.00351674873
1.06062124248e-07 0.00695048345889 0.993718581191 1.0037310502
1.06643286573e-07 0.00693990093144 0.993413064433 1.00402409119
1.07224448898e-07 0.00692596253638 0.99297826866 1.00444907228
1.07805611222e-07 0.00691202414131 0.992543472887 1.00487405336
1.08386773547e-07 0.00689808574625 0.992108677115 1.00529903445
1.08967935872e-07 0.00688414735118 0.991673881342 1.00572401553
1.09549098196e-07 0.00687020895612 0.991239085569 1.00614899661
1.10130260521e-07 0.00685627056105 0.990804289796 1.0065739777
1.10711422846e-07 0.00684233216598 0.990369494024 1.00699895878
1.1129258517e-07 0.00682839377092 0.989934698251 1.00742393987
1.11873747495e-07 0.00681445537585 0.989499902478 1.00784892095
1.1245490982e-07 0.00680051698079 0.989065106705 1.00827390203
1.13036072144e-07 0.00678657858572 0.988630310933 1.00869888312
1.13617234469e-07 0.00676274267298 0.987819060435 1.00951788347
1.14198396794e-07 0.00673807154109 0.986976042155 1.01037013383
1.14779559118e-07 0.00671340040919 0.986133023874 1.01122238418
1.15360721443e-07 0.00668872927729 0.985290005593 1.01207463453
1.15941883768e-07 0.0066640581454 0.984446987313 1.01292688488
1.16523046092e-07 0.0066393870135 0.983603969032 1.01377913524
1.17104208417e-07 0.00661471588161 0.982760950751 1.01463138559
1.17685370741e-07 0.00659004474971 0.981917932471 1.01548363594
1.18266533066e-07 0.00656537361782 0.98107491419 1.0163358863
1.18847695391e-07 0.00654070248592 0.980231895909 1.01718813665
1.19428857715e-07 0.00651603135402 0.979388877629 1.018040387
1.2001002004e-07 0.00648696989341 0.97838275435 1.01907149612
1.20591182365e-07 0.00644047293975 0.976728885486 1.02081291441
1.21172344689e-07 0.00639397598609 0.975075016621 1.0225543327
1.21753507014e-07 0.00634747903244 0.973421147756 1.02429575099
1.22334669339e-07 0.00630098207878 0.971767278892 1.02603716927
1.22915831663e-07 0.00625448512512 0.970113410027 1.02777858756
1.23496993988e-07 0.00620798817146 0.968459541162 1.02952000585
1.24078156313e-07 0.0061614912178 0.966805672298 1.03126142414
1.24659318637e-07 0.00611499426414 0.965151803433 1.03300284243
1.25240480962e-07 0.00606849731049 0.963497934568 1.03474426072
1.25821643287e-07 0.00602200035683 0.961844065704 1.03648567901
1.26402805611e-07 0.00597550340317 0.960190196839 1.0382270973
1.26983967936e-07 0.00591979492532 0.958209914701 1.04036153983
1.27565130261e-07 0.00582821370887 0.954958470727 1.04402654947
1.28146292585e-07 0.00573663249242 0.951707026753 1.04769155911
1.2872745491e-07 0.00564505127597 0.948455582778 1.05135656875
1.29308617234e-07 0.00555347005953 0.945204138804 1.0550215784
1.29889779559e-07 0.00546188884308 0.94195269483 1.05868658804
1.30470941884e-07 0.00537030762663 0.938701250855 1.06235159768
1.31052104208e-07 0.00527872641019 0.935449806881 1.06601660732
1.31633266533e-07 0.00518714519374 0.932198362907 1.06968161696
1.32214428858e-07 0.00509556397729 0.928946918932 1.0733466266
1.32795591182e-07 0.00500398276085 0.925695474958 1.07701163624
1.33376753507e-07 0.0049124015444 0.922444030984 1.08067664588
1.33957915832e-07 0.00482082032795 0.91919258701 1.08434165553
1.34539078156e-07 0.00464164110025 0.913129956739 1.09211873236
1.35120240481e-07 0.00445537828283 0.906840000641 1.10022833041
1.35701402806e-07 0.0042691154654 0.900550044543 1.10833792846
1.3628256513e-07 0.00408285264798 0.894260088446 1.11644752651
1.36863727455e-07 0.00389658983055 0.887970132348 1.12455712456
1.3744488978e-07 0.00371032701313 0.88168017625 1.13266672261
1.38026052104e-07 0.0035240641957 0.875390220152 1.14077632066
1.38607214429e-07 0.00333780137828 0.869100264055 1.14888591871
1.39188376754e-07 0.00315153856085 0.862810307957 1.15699551677
1.39769539078e-07 0.00296527574343 0.856520351859 1.16510511482
1.40350701403e-07 0.002779012926 0.850230395761 1.17321471287
1.40931863727e-07 0.00259275010858 0.843940439664 1.18132431092
1.41513026052e-07 0.00233408253698 0.835592482758 1.19322893202
1.42094188377e-07 0.00194506878082 0.823539623372 1.21196551851
1.42675350701e-07 0.00155605502465 0.811486763987 1.230702105
1.43256513026e-07 0.00116704126849 0.799433904602 1.24943869149
1.43837675351e-07 0.000778027512327 0.787381045217 1.26817527799
1.44418837675e-07 0.000389013756163 0.775328185832 1.28691186448
1.45e-07 0 0.763275326447 1.30564845097
