-1.45e-07 -0.00313333080669 0.814786086384 1.22469758184
-1.44418837675e-07 -0.00283628606745 0.824235288334 1.21070705237
-1.43837675351e-07 -0.00255562126845 0.833268666212 1.19754740135
-1.43256513026e-07 -0.00229515549868 0.841802876112 1.1854308165
-1.42675350701e-07 -0.00205048956306 0.849934268341 1.17411033346
-1.42094188377e-07 -0.00181889855358 0.857726155266 1.16343922619
-1.41513026052e-07 -0.00159945403391 0.865198687247 1.1533653562
-1.40931863727e-07 -0.00139790910795 0.872188169439 1.14415337168
-1.40350701403e-07 -0.00120723770105 0.878876533184 1.13545415805
-1.39769539078e-07 -0.00102607680692 0.885299546272 1.12720076556
-1.39188376754e-07 -0.000858431801633 0.89133909903 1.11957236032
-1.38607214429e-07 -0.000701561362968 0.897065968518 1.11243307855
-1.38026052104e-07 -0.000552011539148 0.902578736088 1.10562405097
-1.3744488978e-07 -0.00041424797185 0.907742154493 1.09934091566
-1.36863727455e-07 -0.000285068865568 0.912646062572 1.0934346891
-1.3628256513e-07 -0.000161441917809 0.917381780135 1.0877718297
-1.35701402806e-07 -4.98051539057e-05 0.92174832277 1.08262757971
-1.35120240481e-07 5.68296126492e-05 0.925958208687 1.07769669631
-1.34539078156e-07 0.000156724818405 0.929957019427 1.07305329751
-1.33957915832e-07 0.000248280271718 0.933690480043 1.06876111018
-1.33376753507e-07 0.000336620241716 0.937321328575 1.06460401683
-1.32795591182e-07 0.000415498200456 0.940646686528 1.06084072915
-1.32214428858e-07 0.000491351802151 0.943873073241 1.05720196474
-1.31633266533e-07 0.0005608816763 0.946892517733 1.05382357011
-1.31052104208e-07 0.000625737562327 0.949757093529 1.05063574124
-1.30470941884e-07 0.000686644398978 0.952490820869 1.04760892125
-1.29889779559e-07 0.000741849289328 0.955033447497 1.04481252407
-1.29308617234e-07 0.000794821578539 0.957501248505 1.04210634911
-1.2872745491e-07 0.000841586964775 0.959758834215 1.03964900926
-1.28146292585e-07 0.000887276752889 0.961979991584 1.03723479019
-1.27565130261e-07 0.000926686107202 0.963986395748 1.0350705674
-1.26983967936e-07 0.000965709251862 0.965979593856 1.0329217179
-1.26402805611e-07 0.000998725652388 0.967765595116 1.03101046834
-1.25821643287e-07 0.00103166221622 0.969548842486 1.02910237675
-1.25240480962e-07 0.001059136295 0.971142164046 1.02740916715
-1.24659318637e-07 0.00108653107343 0.972732728402 1.02571907704
-1.24078156313e-07 0.00110920919047 0.974158113413 1.02421364534
-1.23496993988e-07 0.00113157236787 0.975572469114 1.02272054359
-1.22915831663e-07 0.00115010491352 0.976851798685 1.02137680184
-1.22334669339e-07 0.00116791284032 0.978105586131 1.02006131367
-1.21753507014e-07 0.00118286256942 0.979258032334 1.01885688943
-1.21172344689e-07 0.00119655865214 0.980366028819 1.0177011794
-1.20591182365e-07 0.00120840895587 0.981408235096 1.0166169926
-1.2001002004e-07 0.00121840465028 0.982384336421 1.01560467121
-1.19428857715e-07 0.0012275676766 0.983330618069 1.01462454401
-1.18847695391e-07 0.00123424357421 0.984187830163 1.01374057895
-1.18266533066e-07 0.00124091947182 0.985045042258 1.01285661389
-1.17685370741e-07 0.00124477511038 0.98580082767 1.01208150844
-1.17104208417e-07 0.00124848210703 0.986551267383 1.01131214043
-1.16523046092e-07 0.00125061470736 0.987244872404 1.01060347096
-1.15941883768e-07 0.00125167524262 0.987899776567 1.0099361334
-1.15360721443e-07 0.0012523020733 0.988538971474 1.00928550441
-1.14779559118e-07 0.00125101142873 0.989108713319 1.00870874663
-1.14198396794e-07 0.00124972078415 0.989678455163 1.00813198886
-1.13617234469e-07 0.00124693693103 0.990193947816 1.00761273811
-1.13036072144e-07 0.00124356457537 0.990688059807 1.00711615202
-1.1245490982e-07 0.00123983943138 0.991169319766 1.00663315284
-1.11873747495e-07 0.00123463040057 0.991596521923 1.00620730256
-1.1129258517e-07 0.00122942136977 0.99202372408 1.00578145229
-1.10711422846e-07 0.00122323152422 0.992415105882 1.00539338768
-1.10130260521e-07 0.00121640782439 0.992783338678 1.00502974218
-1.09549098196e-07 0.00120958412456 0.993151571475 1.00466609668
-1.08967935872e-07 0.00120139991548 0.993470000744 1.00435489258
-1.08386773547e-07 0.00119316193717 0.993786461708 1.00404576102
-1.07805611222e-07 0.00118461016473 0.994091409806 1.00374873317
-1.07224448898e-07 0.00117513809723 0.994362592981 1.00348720302
-1.06643286573e-07 0.00116566602973 0.994633776157 1.00322567288
-1.06062124248e-07 0.00115567601319 0.994885913094 1.00298413642
-1.05480961924e-07 0.0011451312484 0.995117650597 1.00276401415
-1.04899799599e-07 0.00113458648361 0.995349388101 1.00254389189
-1.04318637275e-07 0.0011234415725 0.995559004226 1.00234695345
-1.0373747495e-07 0.00111196808827 0.995756509155 1.0021627079
-1.03156312625e-07 0.00110049460404 0.995954014084 1.00197846234
-1.02575150301e-07 0.00108842626773 0.996129535331 1.00181720996
-1.01993987976e-07 0.00107615198155 0.996297445381 1.00166391828
-1.01412825651e-07 0.00106387769537 0.996465355431 1.00151062661
-1.00831663327e-07 0.00105107316966 0.996613610693 1.00137783725
-1.00250501002e-07 0.00103811125449 0.996756031882 1.00125113353
-9.96693386774e-08 0.00102514933931 0.996898453071 1.00112442982
-9.90881763527e-08 0.00101175854215 0.997024919689 1.00101430727
-9.85070140281e-08 0.000998208696887 0.997145469658 1.00091033375
-9.79258517034e-08 0.000984658851625 0.997266019627 1.00080636022
-9.73446893788e-08 0.000970800571581 0.997375045636 1.00071430193
-9.67635270541e-08 0.000956750239985 0.997476896078 1.00062966284
-9.61823647295e-08 0.000942699908389 0.99757874652 1.00054502376
-9.56012024048e-08 0.000928467280909 0.997673749031 1.0004674151
-9.50200400802e-08 0.000913992813495 0.997759666843 1.00039913327
-9.44388777555e-08 0.000899518346081 0.997845584655 1.00033085143
-9.38577154309e-08 0.000884983643184 0.997929224393 1.00026488586
-9.32765531062e-08 0.000870151397862 0.998001611231 1.00021036188
-9.26953907816e-08 0.000855319152541 0.998073998068 1.00015583789
-9.21142284569e-08 0.000840486907219 0.998146384906 1.0001013139
-9.15330661323e-08 0.000825405298496 0.998209260598 1.0000563353
-9.09519038076e-08 0.00081027267664 0.998270190563 1.00001330943
-9.0370741483e-08 0.000795140054784 0.998331120527 0.999970283557
-8.97895791583e-08 0.000779903678079 0.998388050694 0.999931202849
-8.92084168337e-08 0.000764520093744 0.99843930594 0.999897719547
-8.8627254509e-08 0.00074913650941 0.998490561186 0.999864236246
-8.80460921844e-08 0.000733752925075 0.998541816432 0.999830752945
-8.74649298597e-08 0.000718178171549 0.998585602905 0.999804470156
-8.68837675351e-08 0.000702585952519 0.998628707021 0.999778845217
-8.63026052104e-08 0.000686993733488 0.998671811136 0.999753220278
-8.57214428858e-08 0.000671343386627 0.998712606092 0.999729756324
-8.51402805611e-08 0.00065557860685 0.998748855139 0.999710546576
-8.45591182365e-08 0.000639813827072 0.998785104185 0.999691336829
-8.39779559118e-08 0.000624049047294 0.998821353232 0.999672127081
-8.33967935872e-08 0.000608188689842 0.9988537261 0.999656408018
-8.28156312625e-08 0.000592281933693 0.998884217257 0.999642383525
-8.22344689379e-08 0.000576375177544 0.998914708414 0.999628359033
-8.16533066132e-08 0.000560468421395 0.99894519957 0.999614334541
-8.10721442886e-08 0.000544454389415 0.998971227963 0.999604135534
-8.04909819639e-08 0.000528431448944 0.998996885755 0.999594254205
-7.99098196393e-08 0.000512408508473 0.999022543547 0.999584372877
-7.93286573146e-08 0.000496377510567 0.999047855559 0.999574769852
-7.874749499e-08 0.000480260017583 0.999069455685 0.999568154367
-7.81663326653e-08 0.000464142524598 0.999091055811 0.999561538881
-7.75851703407e-08 0.000448025031614 0.999112655938 0.999554923396
-7.7004008016e-08 0.000431895542078 0.999133721504 0.999548704978
-7.64228456914e-08 0.000415701537498 0.999151912314 0.99954462191
-7.58416833667e-08 0.000399507532917 0.999170103123 0.999540538842
-7.52605210421e-08 0.000383313528337 0.999188293933 0.999536455774
-7.46793587174e-08 0.000367111156896 0.99920609474 0.999532634253
-7.40981963928e-08 0.00035085560028 0.999221416433 0.999530475288
-7.35170340681e-08 0.000334600043663 0.999236738126 0.999528316323
-7.29358717435e-08 0.000318344487046 0.99925205982 0.999526157358
-7.23547094188e-08 0.000302087923663 0.999267332013 0.999524027521
-7.17735470942e-08 0.000285783146236 0.999280233659 0.999523292617
-7.11923847695e-08 0.000269478368809 0.999293135304 0.999522557714
-7.06112224449e-08 0.000253173591382 0.999306036949 0.99952182281
-7.00300601202e-08 0.000236868813955 0.999318938595 0.999521087906
-6.94488977956e-08 0.000220532424051 0.999330185859 0.999521175097
-6.88677354709e-08 0.000204188528821 0.999341040346 0.999521457466
-6.82865731463e-08 0.000187844633591 0.999351894833 0.999521739835
-6.77054108216e-08 0.000171500738361 0.99936274932 0.999522022204
-6.7124248497e-08 0.000155141499191 0.99937274083 0.999522647492
-6.65430861723e-08 0.000138766711969 0.999381857883 0.999523620259
-6.59619238477e-08 0.000122391924746 0.999390974936 0.999524593027
-6.5380761523e-08 0.000106017137523 0.999400091989 0.999525565794
-6.47995991984e-08 8.96403190799e-05 0.999409085039 0.999526574734
-6.42184368737e-08 7.32412943344e-05 0.999416722433 0.999527979134
-6.36372745491e-08 5.6842269589e-05 0.999424359827 0.999529383533
-6.30561122244e-08 4.04432448435e-05 0.999431997221 0.999530787932
-6.24749498998e-08 2.40442200981e-05 0.999439634615 0.999532192331
-6.18937875752e-08 7.63448348587e-06 0.999446555074 0.999533727481
-6.13126252505e-08 -8.78343099419e-06 0.999452928195 0.99953536245
-6.07314629259e-08 -2.52013454743e-05 0.999459301316 0.999536997419
-6.01503006012e-08 -4.16192599543e-05 0.999465674437 0.999538632389
-5.95691382766e-08 -5.80371744344e-05 0.999472047558 0.999540267358
-5.89879759519e-08 -7.44688922068e-05 0.999477398056 0.999541976032
-5.84068136273e-08 -9.09014279085e-05 0.999482687957 0.999543689073
-5.78256513026e-08 -0.00010733396361 0.999487977859 0.999545402114
-5.7244488978e-08 -0.000123766499312 0.99949326776 0.999547115156
-5.66633266533e-08 -0.000140201420386 0.999498360303 0.999548821009
-5.60821643287e-08 -0.000156645194072 0.999502720407 0.999550500185
-5.5501002004e-08 -0.000173088967758 0.999507080512 0.999552179361
-5.49198396794e-08 -0.000189532741444 0.999511440616 0.999553858537
-5.43386773547e-08 -0.00020597651513 0.999515800721 0.999555537713
-5.37575150301e-08 -0.000222423454261 0.999519866081 0.999557175463
-5.31763527054e-08 -0.000238875803671 0.999523427674 0.999558742409
-5.25951903808e-08 -0.000255328153082 0.999526989268 0.999560309355
-5.20140280561e-08 -0.000271780502492 0.999530550861 0.9995618763
-5.14328657315e-08 -0.000288232851903 0.999534112455 0.999563443246
-5.08517034068e-08 -0.000304687877864 0.999537391852 0.999564942989
-5.02705410822e-08 -0.000321146723605 0.99954026852 0.999566346826
-4.96893787575e-08 -0.000337605569346 0.999543145187 0.999567750663
-4.91082164329e-08 -0.000354064415086 0.999546021855 0.999569154499
-4.85270541082e-08 -0.000370523260827 0.999548898523 0.999570558336
-4.79458917836e-08 -0.00038698375881 0.999551577131 0.999571897298
-4.73647294589e-08 -0.00040344748913 0.999553868269 0.999573109346
-4.67835671343e-08 -0.00041991121945 0.999556159407 0.999574321394
-4.62024048096e-08 -0.00043637494977 0.999558450545 0.999575533442
-4.5621242485e-08 -0.00045283868009 0.999560741683 0.99957674549
-4.50400801603e-08 -0.000469302939361 0.999562960612 0.999577928101
-4.44589178357e-08 -0.000485770314768 0.999564754149 0.999578937301
-4.3877755511e-08 -0.000502237690175 0.999566547686 0.999579946502
-4.32965931864e-08 -0.000518705065582 0.999568341224 0.999580955702
-4.27154308617e-08 -0.00053517244099 0.999570134761 0.999581964902
-4.21342685371e-08 -0.000551639816397 0.999571928298 0.999582974102
-4.15531062124e-08 -0.00056810943178 0.999573374094 0.999583817144
-4.09719438878e-08 -0.000584579506702 0.99957474855 0.999584626099
-4.03907815631e-08 -0.000601049581624 0.999576123006 0.999585435054
-3.98096192385e-08 -0.000617519656546 0.999577497462 0.999586244009
-3.92284569138e-08 -0.000633989731468 0.999578871918 0.999587052964
-3.86472945892e-08 -0.000650460578877 0.999580110697 0.999587788959
-3.80661322645e-08 -0.000666932637837 0.999581136685 0.999588410525
-3.74849699399e-08 -0.000683404696798 0.999582162673 0.99958903209
-3.69038076152e-08 -0.000699876755758 0.999583188661 0.999589653656
-3.63226452906e-08 -0.000716348814718 0.999584214649 0.999590275221
-3.57414829659e-08 -0.000732820873678 0.999585240636 0.999590896787
-3.51603206413e-08 -0.000749294120575 0.999586032905 0.999591381088
-3.45791583166e-08 -0.000765767626627 0.999586774187 0.999591835444
-3.3997995992e-08 -0.000782241132679 0.999587515469 0.9995922898
-3.34168336673e-08 -0.00079871463873 0.999588256751 0.999592744155
-3.28356713427e-08 -0.000815188144782 0.999588998033 0.999593198511
-3.2254509018e-08 -0.000831661778029 0.999589711735 0.999593635596
-3.16733466934e-08 -0.000848136331436 0.999590225918 0.99959394774
-3.10921843687e-08 -0.000864610884842 0.999590740101 0.999594259883
-3.05110220441e-08 -0.000881085438248 0.999591254284 0.999594572027
-2.99298597194e-08 -0.000897559991655 0.999591768467 0.99959488417
-2.93486973948e-08 -0.000914034545061 0.99959228265 0.999595196314
-2.87675350701e-08 -0.000930509314941 0.99959274639 0.999595475487
-2.81863727455e-08 -0.00094698462035 0.999593085342 0.999595673094
-2.76052104208e-08 -0.00096345992576 0.999593424293 0.999595870701
-2.70240480962e-08 -0.00097993523117 0.999593763245 0.999596068308
-2.64428857715e-08 -0.00099641053658 0.999594102197 0.999596265916
-2.58617234469e-08 -0.00101288584199 0.999594441148 0.999596463523
-2.52805611222e-08 -0.00102936131705 0.999594739237 0.999596633866
-2.46993987976e-08 -0.00104583715764 0.999594949286 0.999596745471
-2.41182364729e-08 -0.00106231299822 0.999595159336 0.999596857075
-2.35370741483e-08 -0.00107878883881 0.999595369386 0.999596968679
-2.29559118236e-08 -0.00109526467939 0.999595579435 0.999597080283
-2.2374749499e-08 -0.00111174051997 0.999595789485 0.999597191887
-2.17935871743e-08 -0.00112821643802 0.999595981422 0.999597291529
-2.12124248497e-08 -0.00114469265524 0.999596103399 0.999597344967
-2.0631262525e-08 -0.00116116887247 0.999596225375 0.999597398405
-2.00501002004e-08 -0.0011776450897 0.999596347352 0.999597451843
-1.94689378758e-08 -0.00119412130692 0.999596469328 0.999597505281
-1.88877755511e-08 -0.00121059752415 0.999596591305 0.999597558719
-1.83066132265e-08 -0.00122707374138 0.999596713282 0.999597612157
-1.77254509018e-08 -0.00124355020639 0.999596785042 0.999597634837
-1.71442885772e-08 -0.00126002668432 0.999596854187 0.999597655915
-1.65631262525e-08 -0.00127650316224 0.999596923333 0.999597676994
-1.59819639279e-08 -0.00129297964016 0.999596992478 0.999597698072
-1.54008016032e-08 -0.00130945611808 0.999597061623 0.99959771915
-1.48196392786e-08 -0.00132593259601 0.999597130768 0.999597740229
-1.42384769539e-08 -0.00134240916993 0.999597187106 0.999597755963
-1.36573146293e-08 -0.00135888582298 0.999597232886 0.999597767293
-1.30761523046e-08 -0.00137536247604 0.999597278665 0.999597778623
-1.249498998e-08 -0.00139183912909 0.999597324445 0.999597789953
-1.19138276553e-08 -0.00140831578214 0.999597370224 0.999597801283
-1.13326653307e-08 -0.0014247924352 0.999597416004 0.999597812613
-1.0751503006e-08 -0.00144126908825 0.999597461784 0.999597823943
-1.01703406814e-08 -0.00145774585117 0.99959750761 0.999597843844
-9.58917835671e-09 -0.00147422261463 0.999597553436 0.999597863787
-9.00801603206e-09 -0.00149069937808 0.999597599262 0.999597883731
-8.42685370741e-09 -0.00150717614154 0.999597645088 0.999597903674
-7.84569138277e-09 -0.001523652905 0.999597690915 0.999597923617
-7.26452905812e-09 -0.00154012966845 0.999597736741 0.99959794356
-6.68336673347e-09 -0.00155660644884 0.999597787474 0.999597969759
-6.10220440882e-09 -0.0015730832711 0.999597850342 0.999598011427
-5.52104208417e-09 -0.00158956009337 0.99959791321 0.999598053095
-4.93987975952e-09 -0.00160603691563 0.999597976078 0.999598094763
-4.35871743487e-09 -0.00162251373789 0.999598038946 0.999598136431
-3.77755511022e-09 -0.00163899056016 0.999598101814 0.999598178099
-3.19639278557e-09 -0.00165546738242 0.999598164682 0.999598219767
-2.61523046092e-09 -0.00167194421047 0.999598239036 0.999598273515
-2.03406813627e-09 -0.00168842104643 0.999598329065 0.999598343749
-1.45290581162e-09 -0.00170489788239 0.999598419094 0.999598413982
-8.71743486974e-10 -0.00172137471834 0.999598509123 0.999598484216
-2.90581162324e-10 -0.0017378515543 0.999598599152 0.999598554449
2.90581162325e-10 -0.00175432839026 0.999598689181 0.999598624682
8.71743486974e-10 -0.00177080522621 0.99959877921 0.999598694916
1.45290581162e-09 -0.00178728204969 0.99959888107 0.999598776254
2.03406813627e-09 -0.00180375885417 0.999599000949 0.999598874507
2.61523046092e-09 -0.00182023565865 0.999599120827 0.99959897276
3.19639278557e-09 -0.00183671246313 0.999599240706 0.999599071013
3.77755511022e-09 -0.00185318926762 0.999599360585 0.999599169266
4.35871743487e-09 -0.0018696660721 0.999599480464 0.999599267519
4.93987975952e-09 -0.00188614287658 0.999599600343 0.999599365771
5.52104208417e-09 -0.00190261966383 0.999599725222 0.999599467864
6.10220440882e-09 -0.00191909638404 0.999599869561 0.999599584901
6.68336673347e-09 -0.00193557310424 0.9996000139 0.999599701937
7.26452905812e-09 -0.00195204982445 0.999600158239 0.999599818974
7.84569138277e-09 -0.00196852654465 0.999600302578 0.99959993601
8.42685370742e-09 -0.00198500326486 0.999600446916 0.999600053047
9.00801603206e-09 -0.00200147998507 0.999600591255 0.999600170083
9.58917835671e-09 -0.00201795670527 0.999600735594 0.99960028712
1.01703406814e-08 -0.00203443329467 0.999600888606 0.999600403534
1.0751503006e-08 -0.00205090985977 0.999601043231 0.999600519834
1.13326653307e-08 -0.00206738642486 0.999601197855 0.999600636133
1.19138276553e-08 -0.00208386298996 0.99960135248 0.999600752432
1.249498998e-08 -0.00210033955505 0.999601507104 0.999600868731
1.30761523046e-08 -0.00211681612014 0.999601661729 0.99960098503
1.36573146293e-08 -0.00213329268524 0.999601816353 0.999601101329
1.42384769539e-08 -0.00214976917001 0.999601966857 0.999601207569
1.48196392786e-08 -0.00216624547508 0.999602108141 0.999601291305
1.54008016032e-08 -0.00218272178016 0.999602249426 0.99960137504
1.59819639279e-08 -0.00219919808524 0.99960239071 0.999601458776
1.65631262525e-08 -0.00221567439031 0.999602531994 0.999601542512
1.71442885772e-08 -0.00223215069539 0.999602673279 0.999601626247
1.77254509018e-08 -0.00224862700047 0.999602814563 0.999601709983
1.83066132265e-08 -0.00226510330555 0.999602955847 0.999601793719
1.88877755511e-08 -0.00228157935653 0.999603069154 0.999601830083
1.94689378758e-08 -0.00229805523619 0.999603163594 0.999601834506
2.00501002004e-08 -0.00231453111585 0.999603258034 0.999601838928
2.06312625251e-08 -0.00233100699551 0.999603352474 0.999601843351
2.12124248497e-08 -0.00234748287516 0.999603446914 0.999601847773
2.17935871743e-08 -0.00236395875482 0.999603541354 0.999601852196
2.2374749499e-08 -0.00238043463448 0.999603635794 0.999601856618
2.29559118236e-08 -0.00239691051414 0.999603730234 0.999601861041
2.35370741483e-08 -0.0024133859034 0.999603761293 0.999601763743
2.41182364729e-08 -0.00242986108661 0.999603765722 0.999601623706
2.46993987976e-08 -0.00244633626983 0.99960377015 0.999601483669
2.52805611222e-08 -0.00246281145304 0.999603774579 0.999601343632
2.58617234469e-08 -0.00247928663626 0.999603779007 0.999601203596
2.64428857715e-08 -0.00249576181947 0.999603783436 0.999601063559
2.70240480962e-08 -0.00251223700269 0.999603787864 0.999600923522
2.76052104208e-08 -0.0025287121859 0.999603792293 0.999600783485
2.81863727455e-08 -0.00254518664899 0.999603708397 0.999600497909
2.87675350701e-08 -0.00256166068053 0.999603571573 0.999600125121
2.93486973948e-08 -0.00257813471208 0.999603434749 0.999599752332
2.99298597194e-08 -0.00259460874363 0.999603297926 0.999599379543
3.05110220441e-08 -0.00261108277518 0.999603161102 0.999599006754
3.10921843687e-08 -0.00262755680673 0.999603024279 0.999598633966
3.16733466934e-08 -0.00264403083828 0.999602887455 0.999598261177
3.2254509018e-08 -0.00266050486983 0.999602750631 0.999597888388
3.28356713427e-08 -0.00267697821375 0.999602543864 0.999597390533
3.34168336673e-08 -0.00269345031562 0.99960221076 0.999596666775
3.3997995992e-08 -0.0027099224175 0.999601877655 0.999595943016
3.45791583166e-08 -0.00272639451937 0.99960154455 0.999595219258
3.51603206413e-08 -0.00274286662125 0.999601211445 0.999594495499
3.57414829659e-08 -0.00275933872312 0.999600878341 0.999593771741
3.63226452906e-08 -0.002775810825 0.999600545236 0.999593047982
3.69038076152e-08 -0.00279228292687 0.999600212131 0.999592324224
3.74849699399e-08 -0.00280875502875 0.999599879026 0.999591600465
3.80661322645e-08 -0.00282522420447 0.999599326484 0.999590421964
3.86472945892e-08 -0.00284169302889 0.999598747597 0.999589188869
3.92284569138e-08 -0.00285816185331 0.99959816871 0.999587955774
3.98096192385e-08 -0.00287463067774 0.999597589823 0.999586722679
4.03907815631e-08 -0.00289109950216 0.999597010936 0.999585489584
4.09719438878e-08 -0.00290756832658 0.99959643205 0.999584256489
4.15531062124e-08 -0.00292403715101 0.999595853163 0.999583023393
4.21342685371e-08 -0.00294050597543 0.999595274276 0.999581790298
4.27154308617e-08 -0.00295697350206 0.999594632962 0.999580390532
4.32965931864e-08 -0.00297343668705 0.999593782803 0.999578433181
4.3877755511e-08 -0.00298989987204 0.999592932645 0.99957647583
4.44589178357e-08 -0.00300636305703 0.999592082486 0.999574518479
4.50400801603e-08 -0.00302282624202 0.999591232328 0.999572561128
4.5621242485e-08 -0.00303928942701 0.999590382169 0.999570603777
4.62024048096e-08 -0.003055752612 0.999589532011 0.999568646426
4.67835671343e-08 -0.00307221579699 0.999588681853 0.999566689075
4.73647294589e-08 -0.00308867898198 0.999587831694 0.999564731725
4.79458917836e-08 -0.00310513859525 0.999586895097 0.999562402166
4.85270541082e-08 -0.00312159195704 0.999585807209 0.999559421143
4.91082164329e-08 -0.00313804531884 0.999584719321 0.999556440121
4.96893787575e-08 -0.00315449868063 0.999583631433 0.999553459098
5.02705410822e-08 -0.00317095204243 0.999582543545 0.999550478076
5.08517034068e-08 -0.00318740540422 0.999581455657 0.999547497054
5.14328657315e-08 -0.00320385876601 0.999580367769 0.999544516031
5.20140280561e-08 -0.00322031212781 0.999579279881 0.999541535009
5.25951903808e-08 -0.0032367654896 0.999578191993 0.999538553986
5.31763527054e-08 -0.00325321385833 0.999577080938 0.99953515254
5.37575150301e-08 -0.00326964990925 0.999575912729 0.999530713914
5.43386773547e-08 -0.00328608596016 0.99957474452 0.999526275289
5.49198396794e-08 -0.00330252201108 0.999573576312 0.999521836663
5.5501002004e-08 -0.00331895806199 0.999572408103 0.999517398038
5.60821643287e-08 -0.00333539411291 0.999571239894 0.999512959412
5.66633266533e-08 -0.00335183016382 0.999570071686 0.999508520787
5.7244488978e-08 -0.00336826621474 0.999568903477 0.999504082162
5.78256513026e-08 -0.00338470226565 0.999567735268 0.999499643536
5.84068136273e-08 -0.00340113831657 0.999566567059 0.999495204911
5.89879759519e-08 -0.00341754352519 0.999565718666 0.999488647983
5.95691382766e-08 -0.00343394872522 0.999564870361 0.999482090465
6.01503006012e-08 -0.00345035392524 0.999564022057 0.999475532947
6.07314629259e-08 -0.00346675912527 0.999563173752 0.999468975429
6.13126252505e-08 -0.0034831643253 0.999562325448 0.999462417911
6.18937875752e-08 -0.00349956952533 0.999561477143 0.999455860393
6.24749498998e-08 -0.00351597472535 0.999560628839 0.999449302876
6.30561122244e-08 -0.00353237992538 0.999559780534 0.999442745358
6.36372745491e-08 -0.00354878512541 0.99955893223 0.99943618784
6.42184368737e-08 -0.00356516294884 0.999558665593 0.99942806234
6.47995991984e-08 -0.00358151255451 0.999558998497 0.99941832068
6.5380761523e-08 -0.00359786216018 0.999559331401 0.999408579021
6.59619238477e-08 -0.00361421176585 0.999559664305 0.999398837362
6.65430861723e-08 -0.00363056137152 0.999559997209 0.999389095702
6.7124248497e-08 -0.00364691097719 0.999560330113 0.999379354043
6.77054108216e-08 -0.00366326058287 0.999560663016 0.999369612384
6.82865731463e-08 -0.00367961018854 0.99956099592 0.999359870724
6.88677354709e-08 -0.00369595979421 0.999561328824 0.999350129065
6.94488977956e-08 -0.00371230939988 0.999561661728 0.999340387406
7.00300601202e-08 -0.00372858187077 0.99956420792 0.999326842668
7.06112224449e-08 -0.00374483017419 0.999567447567 0.99931210637
7.11923847695e-08 -0.00376107847762 0.999570687215 0.999297370071
7.17735470942e-08 -0.00377732678104 0.999573926863 0.999282633773
7.23547094188e-08 -0.00379357508446 0.99957716651 0.999267897475
7.29358717435e-08 -0.00380982338789 0.999580406158 0.999253161177
7.35170340681e-08 -0.00382607169131 0.999583645805 0.999238424878
7.40981963928e-08 -0.00384231999473 0.999586885453 0.99922368858
7.46793587174e-08 -0.00385856829816 0.999590125101 0.999208952282
7.52605210421e-08 -0.00387481660158 0.999593364748 0.999194215984
7.58416833667e-08 -0.00389091529039 0.999601612986 0.999172894203
7.64228456914e-08 -0.00390697691365 0.999611102053 0.999149940933
7.7004008016e-08 -0.00392303853691 0.99962059112 0.999126987663
7.75851703407e-08 -0.00393910016017 0.999630080187 0.999104034393
7.81663326653e-08 -0.00395516178343 0.999639569254 0.999081081123
7.874749499e-08 -0.00397122340669 0.999649058321 0.999058127853
7.93286573146e-08 -0.00398728502995 0.999658547387 0.999035174583
7.99098196393e-08 -0.00400334665321 0.999668036454 0.999012221313
8.04909819639e-08 -0.00401940827647 0.999677525521 0.998989268043
8.10721442886e-08 -0.00403546989973 0.999687014588 0.998966314773
8.16533066132e-08 -0.00405132025931 0.999704174399 0.998934763052
8.22344689379e-08 -0.00406703389263 0.999726298586 0.998897646561
8.28156312625e-08 -0.00408274752595 0.999748422772 0.998860530069
8.33967935872e-08 -0.00409846115928 0.999770546958 0.998823413578
8.39779559118e-08 -0.0041141747926 0.999792671144 0.998786297086
8.45591182365e-08 -0.00412988842592 0.999814795331 0.998749180595
8.51402805611e-08 -0.00414560205924 0.999836919517 0.998712064103
8.57214428858e-08 -0.00416131569257 0.999859043703 0.998674947611
8.63026052104e-08 -0.00417702932589 0.99988116789 0.99863783112
8.68837675351e-08 -0.00419274295921 0.999903292076 0.998600714628
8.74649298597e-08 -0.00420834313343 0.99992970456 0.99855920181
8.80460921844e-08 -0.00422340040955 0.999976636409 0.998496652712
8.8627254509e-08 -0.00423845768566 1.00002356826 0.998434103613
8.92084168337e-08 -0.00425351496177 1.00007050011 0.998371554515
8.97895791583e-08 -0.00426857223789 1.00011743196 0.998309005416
9.0370741483e-08 -0.004283629514 1.00016436381 0.998246456318
9.09519038076e-08 -0.00429868679011 1.00021129566 0.998183907219
9.15330661323e-08 -0.00431374406623 1.00025822751 0.998121358121
9.21142284569e-08 -0.00432880134234 1.00030515936 0.998058809022
9.26953907816e-08 -0.00434385861845 1.00035209121 0.997996259924
9.32765531062e-08 -0.00435891589456 1.00039902306 0.997933710826
9.38577154309e-08 -0.00437335533412 1.0004696928 0.99784788612
9.44388777555e-08 -0.00438715964194 1.00056476493 0.99773813425
9.50200400802e-08 -0.00440096394975 1.00065983707 0.997628382381
9.56012024048e-08 -0.00441476825756 1.0007549092 0.997518630511
9.61823647295e-08 -0.00442857256537 1.00084998133 0.997408878641
9.67635270541e-08 -0.00444237687319 1.00094505347 0.997299126771
9.73446893788e-08 -0.004456181181 1.0010401256 0.997189374901
9.79258517034e-08 -0.00446998548881 1.00113519774 0.997079623031
9.85070140281e-08 -0.00448378979662 1.00123026987 0.996969871162
9.90881763527e-08 -0.00449759410444 1.001325342 0.996860119292
9.96693386774e-08 -0.00451139841225 1.00142041414 0.996750367422
1.00250501002e-07 -0.0045238417627 1.00156795838 0.996590127624
1.00831663327e-07 -0.00453522456339 1.00175639242 0.996390544229
1.01412825651e-07 -0.00454660736409 1.00194482646 0.996190960833
1.01993987976e-07 -0.00455799016478 1.0021332605 0.995991377438
1.02575150301e-07 -0.00456937296547 1.00232169454 0.995791794042
1.03156312625e-07 -0.00458075576617 1.00251012858 0.995592210647
1.0373747495e-07 -0.00459213856686 1.00269856262 0.995392627251
1.04318637275e-07 -0.00460352136756 1.00288699666 0.995193043856
1.04899799599e-07 -0.00461490416825 1.0030754307 0.99499346046
1.05480961924e-07 -0.00462628696894 1.00326386474 0.994793877064
1.06062124248e-07 -0.00463766976964 1.00345229878 0.994594293669
1.06643286573e-07 -0.00464728139373 1.00370889947 0.994329655523
1.07224448898e-07 -0.00465392514083 1.0040797238 0.993956008204
1.07805611222e-07 -0.00466056888794 1.00445054814 0.993582360886
1.08386773547e-07 -0.00466721263504 1.00482137247 0.993208713567
1.08967935872e-07 -0.00467385638214 1.0051921968 0.992835066248
1.09549098196e-07 -0.00468050012925 1.00556302113 0.992461418929
1.10130260521e-07 -0.00468714387635 1.00593384547 0.992087771611
1.10711422846e-07 -0.00469378762346 1.0063046698 0.991714124292
1.1129258517e-07 -0.00470043137056 1.00667549413 0.991340476973
1.11873747495e-07 -0.00470707511766 1.00704631847 0.990966829654
1.1245490982e-07 -0.00471371886477 1.0074171428 0.990593182336
1.13036072144e-07 -0.00472036261187 1.00778796713 0.990219535017
1.13617234469e-07 -0.00471834308799 1.00849201916 0.989531244054
1.14198396794e-07 -0.00471559249899 1.00922419118 0.988816401343
1.14779559118e-07 -0.00471284191 1.00995636319 0.988101558632
1.15360721443e-07 -0.004710091321 1.01068853521 0.987386715921
1.15941883768e-07 -0.00470734073201 1.01142070723 0.98667187321
1.16523046092e-07 -0.00470459014301 1.01215287925 0.985957030499
1.17104208417e-07 -0.00470183955402 1.01288505127 0.985242187788
1.17685370741e-07 -0.00469908896502 1.01361722329 0.984527345077
1.18266533066e-07 -0.00469633837603 1.01434939531 0.983812502367
1.18847695391e-07 -0.00469358778703 1.01508156732 0.983097659656
1.19428857715e-07 -0.00469083719804 1.01581373934 0.982382816945
1.2001002004e-07 -0.00468429134544 1.01669306872 0.981532889189
1.20591182365e-07 -0.00466267320638 1.01815681019 0.980146492638
1.21172344689e-07 -0.00464105506731 1.01962055166 0.978760096087
1.21753507014e-07 -0.00461943692825 1.02108429312 0.977373699536
1.22334669339e-07 -0.00459781878919 1.02254803459 0.975987302985
1.22915831663e-07 -0.00457620065012 1.02401177605 0.974600906435
1.23496993988e-07 -0.00455458251106 1.02547551752 0.973214509884
1.24078156313e-07 -0.00453296437199 1.02693925899 0.971828113333
1.24659318637e-07 -0.00451134623293 1.02840300045 0.970441716782
1.25240480962e-07 -0.00448972809386 1.02986674192 0.969055320231
1.25821643287e-07 -0.0044681099548 1.03133048338 0.96766892368
1.26402805611e-07 -0.00444649181574 1.03279422485 0.966282527129
1.26983967936e-07 -0.00441702726916 1.03457089122 0.964628128648
1.27565130261e-07 -0.00435700620234 1.03756619125 0.961930041524
1.28146292585e-07 -0.00429698513553 1.04056149127 0.9592319544
1.2872745491e-07 -0.00423696406871 1.0435567913 0.956533867276
1.29308617234e-07 -0.00417694300189 1.04655209132 0.953835780152
1.29889779559e-07 -0.00411692193508 1.04954739135 0.951137693029
1.30470941884e-07 -0.00405690086826 1.05254269137 0.948439605905
1.31052104208e-07 -0.00399687980144 1.0555379914 0.945741518781
1.31633266533e-07 -0.00393685873463 1.05853329142 0.943043431657
1.32214428858e-07 -0.00387683766781 1.06152859145 0.940345344533
1.32795591182e-07 -0.00381681660099 1.06452389147 0.937647257409
1.33376753507e-07 -0.00375679553418 1.06751919149 0.934949170285
1.33957915832e-07 -0.00369677446736 1.07051449152 0.932251083161
1.34539078156e-07 -0.0035634240034 1.07664687463 0.927254148856
1.35120240481e-07 -0.00342414377738 1.08303293712 0.92207131889
1.35701402806e-07 -0.00328486355136 1.08941899961 0.916888488923
1.3628256513e-07 -0.00314558332534 1.0958050621 0.911705658957
1.36863727455e-07 -0.00300630309932 1.10219112459 0.90652282899
1.3744488978e-07 -0.00286702287329 1.10857718708 0.901339999024
1.38026052104e-07 -0.00272774264727 1.11496324957 0.896157169057
1.38607214429e-07 -0.00258846242125 1.12134931206 0.890974339091
1.39188376754e-07 -0.00244918219523 1.12773537455 0.885791509125
1.39769539078e-07 -0.00230990196921 1.13412143704 0.880608679158
1.40350701403e-07 -0.00217062174318 1.14050749953 0.875425849192
1.40931863727e-07 -0.00203134151716 1.14689356202 0.870243019225
1.41513026052e-07 -0.00183271897355 1.15604270566 0.863387159503
1.42094188377e-07 -0.00152726581129 1.17016606805 0.85351943892
1.42675350701e-07 -0.00122181264904 1.18428943044 0.843651718336
1.43256513026e-07 -0.000916359486776 1.19841279283 0.833783997753
1.43837675351e-07 -0.000610906324517 1.21253615522 0.823916277169
1.44418837675e-07 -0.000305453162259 1.22665951761 0.814048556586
1.45e-07 0 1.24078288 0.804180836002
