-1.45e-07 0 	0 	-611504.264122 	
-1.44418837675e-07 0 	0 	-577317.728907 	
-1.43837675351e-07 0 	0 	-544180.794678 	
-1.43256513026e-07 0 	0 	-513409.960722 	
-1.42675350701e-07 0 	0 	-484479.500759 	
-1.42094188377e-07 0 	0 	-457066.930124 	
-1.41513026052e-07 0 	0 	-431061.201544 	
-1.40931863727e-07 0 	0 	-407118.500386 	
-1.40350701403e-07 0 	0 	-384422.779574 	
-1.39769539078e-07 0 	0 	-362816.110358 	
-1.39188376754e-07 0 	0 	-342751.947331 	
-1.38607214429e-07 0 	0 	-323911.634741 	
-1.38026052104e-07 0 	0 	-305901.448339 	
-1.3744488978e-07 0 	0 	-289223.841782 	
-1.36863727455e-07 0 	0 	-273512.401271 	
-1.3628256513e-07 0 	0 	-258425.53256 	
-1.35701402806e-07 0 	0 	-244682.076395 	
-1.35120240481e-07 0 	0 	-231496.559527 	
-1.34539078156e-07 0 	0 	-219062.795518 	
-1.33957915832e-07 0 	0 	-207555.144483 	
-1.33376753507e-07 0 	0 	-196404.247237 	
-1.32795591182e-07 0 	0 	-186299.423292 	
-1.32214428858e-07 0 	0 	-176527.468634 	
-1.31633266533e-07 0 	0 	-167451.521308 	
-1.31052104208e-07 0 	0 	-158887.702225 	
-1.30470941884e-07 0 	0 	-150756.579944 	
-1.29889779559e-07 0 	0 	-143247.396873 	
-1.29308617234e-07 0 	0 	-135981.734542 	
-1.2872745491e-07 0 	0 	-129389.997863 	
-1.28146292585e-07 0 	0 	-122915.046184 	
-1.27565130261e-07 0 	0 	-117118.849655 	
-1.26983967936e-07 0 	0 	-111364.392566 	
-1.26402805611e-07 0 	0 	-106256.064712 	
-1.25821643287e-07 0 	0 	-101156.324675 	
-1.25240480962e-07 0 	0 	-96641.3666884 	
-1.24659318637e-07 0 	0 	-92134.8981382 	
-1.24078156313e-07 0 	0 	-88130.917369 	
-1.23496993988e-07 0 	0 	-84160.4885785 	
-1.22915831663e-07 0 	0 	-80596.1371162 	
-1.22334669339e-07 0 	0 	-77108.6009948 	
-1.21753507014e-07 0 	0 	-73922.5291677 	
-1.21172344689e-07 0 	0 	-70868.6838897 	
-1.20591182365e-07 0 	0 	-68008.5181492 	
-1.2001002004e-07 0 	0 	-65342.9585212 	
-1.19428857715e-07 0 	0 	-62764.3127816 	
-1.18847695391e-07 0 	0 	-60445.2735169 	
-1.18266533066e-07 0 	0 	-58126.2342522 	
-1.17685370741e-07 0 	0 	-56099.9943067 	
-1.17104208417e-07 0 	0 	-54089.1863647 	
-1.16523046092e-07 0 	0 	-52240.936059 	
-1.15941883768e-07 0 	0 	-50503.3772984 	
-1.15360721443e-07 0 	0 	-48810.3478591 	
-1.14779559118e-07 0 	0 	-47314.1894568 	
-1.14198396794e-07 0 	0 	-45818.0310544 	
-1.13617234469e-07 0 	0 	-44474.3045471 	
-1.13036072144e-07 0 	0 	-43190.6544162 	
-1.1245490982e-07 0 	0 	-41942.8069936 	
-1.11873747495e-07 0 	0 	-40845.551763 	
-1.1129258517e-07 0 	0 	-39748.2965325 	
-1.10711422846e-07 0 	0 	-38749.9822725 	
-1.10130260521e-07 0 	0 	-37815.6088926 	
-1.09549098196e-07 0 	0 	-36881.2355127 	
-1.08967935872e-07 0 	0 	-36083.2632071 	
-1.08386773547e-07 0 	0 	-35290.6816638 	
-1.07805611222e-07 0 	0 	-34529.3628207 	
-1.07224448898e-07 0 	0 	-33859.7311926 	
-1.06643286573e-07 0 	0 	-33190.0995645 	
-1.06062124248e-07 0 	0 	-32571.7388547 	
-1.05480961924e-07 0 	0 	-32008.2917563 	
-1.04899799599e-07 0 	0 	-31444.844658 	
-1.04318637275e-07 0 	0 	-30940.4148442 	
-1.0373747495e-07 0 	0 	-30468.2963077 	
-1.03156312625e-07 0 	0 	-29996.1777713 	
-1.02575150301e-07 0 	0 	-29582.162941 	
-1.01993987976e-07 0 	0 	-29188.264795 	
-1.01412825651e-07 0 	0 	-28794.366649 	
-1.00831663327e-07 0 	0 	-28451.9052806 	
-1.00250501002e-07 0 	0 	-28124.7117415 	
-9.96693386774e-08 0 	0 	-27797.5182024 	
-9.90881763527e-08 0 	0 	-27511.6369527 	
-9.85070140281e-08 0 	0 	-27241.0760973 	
-9.79258517034e-08 0 	0 	-26970.5152419 	
-9.73446893788e-08 0 	0 	-26729.4513542 	
-9.67635270541e-08 0 	0 	-26506.7541967 	
-9.61823647295e-08 0 	0 	-26284.0570392 	
-9.56012024048e-08 0 	0 	-26078.6658571 	
-9.50200400802e-08 0 	0 	-25896.2333718 	
-9.44388777555e-08 0 	0 	-25713.8008865 	
-9.38577154309e-08 0 	0 	-25537.043976 	
-9.32765531062e-08 0 	0 	-25388.3224394 	
-9.26953907816e-08 0 	0 	-25239.6009028 	
-9.21142284569e-08 0 	0 	-25090.8793662 	
-9.15330661323e-08 0 	0 	-24965.4742287 	
-9.09519038076e-08 0 	0 	-24844.8390077 	
-9.0370741483e-08 0 	0 	-24724.2037867 	
-8.97895791583e-08 0 	0 	-24613.1944877 	
-8.92084168337e-08 0 	0 	-24515.8424697 	
-8.8627254509e-08 0 	0 	-24418.4904518 	
-8.80460921844e-08 0 	0 	-24321.1384338 	
-8.74649298597e-08 0 	0 	-24241.3815576 	
-8.68837675351e-08 0 	0 	-24163.2322 	
-8.63026052104e-08 0 	0 	-24085.0828424 	
-8.57214428858e-08 0 	0 	-24012.2403312 	
-8.51402805611e-08 0 	0 	-23949.8451034 	
-8.45591182365e-08 0 	0 	-23887.4498756 	
-8.39779559118e-08 0 	0 	-23825.0546478 	
-8.33967935872e-08 0 	0 	-23771.3135948 	
-8.28156312625e-08 0 	0 	-23721.7737575 	
-8.22344689379e-08 0 	0 	-23672.2339203 	
-8.16533066132e-08 0 	0 	-23622.694083 	
-8.10721442886e-08 0 	0 	-23582.7865173 	
-8.04909819639e-08 0 	0 	-23543.6788428 	
-7.99098196393e-08 0 	0 	-23504.5711684 	
-7.93286573146e-08 0 	0 	-23466.1808339 	
-7.874749499e-08 0 	0 	-23435.4910131 	
-7.81663326653e-08 0 	0 	-23404.8011922 	
-7.75851703407e-08 0 	0 	-23374.1113714 	
-7.7004008016e-08 0 	0 	-23344.480393 	
-7.64228456914e-08 0 	0 	-23320.543657 	
-7.58416833667e-08 0 	0 	-23296.606921 	
-7.52605210421e-08 0 	0 	-23272.6701851 	
-7.46793587174e-08 0 	0 	-23249.4654829 	
-7.40981963928e-08 0 	0 	-23230.914061 	
-7.35170340681e-08 0 	0 	-23212.3626391 	
-7.29358717435e-08 0 	0 	-23193.8112172 	
-7.23547094188e-08 0 	0 	-23175.3471005 	
-7.17735470942e-08 0 	0 	-23161.0640298 	
-7.11923847695e-08 0 	0 	-23146.7809591 	
-7.06112224449e-08 0 	0 	-23132.4978884 	
-7.00300601202e-08 0 	0 	-23118.2148177 	
-6.94488977956e-08 0 	0 	-23106.6485304 	
-6.88677354709e-08 0 	0 	-23095.7272525 	
-6.82865731463e-08 0 	0 	-23084.8059747 	
-6.77054108216e-08 0 	0 	-23073.8846968 	
-6.7124248497e-08 0 	0 	-23064.2700699 	
-6.65430861723e-08 0 	0 	-23055.9794757 	
-6.59619238477e-08 0 	0 	-23047.6888815 	
-6.5380761523e-08 0 	0 	-23039.3982873 	
-6.47995991984e-08 0 	0 	-23031.2790614 	
-6.42184368737e-08 0 	0 	-23025.0333175 	
-6.36372745491e-08 0 	0 	-23018.7875737 	
-6.30561122244e-08 0 	0 	-23012.5418298 	
-6.24749498998e-08 0 	0 	-23006.2960859 	
-6.18937875752e-08 0 	0 	-23000.9454821 	
-6.13126252505e-08 0 	0 	-22996.2782641 	
-6.07314629259e-08 0 	0 	-22991.6110461 	
-6.01503006012e-08 0 	0 	-22986.9438281 	
-5.95691382766e-08 0 	0 	-22982.2766101 	
-5.89879759519e-08 0 	0 	-22978.7515586 	
-5.84068136273e-08 0 	0 	-22975.2941873 	
-5.78256513026e-08 0 	0 	-22971.836816 	
-5.7244488978e-08 0 	0 	-22968.3794447 	
-5.66633266533e-08 0 	0 	-22965.117429 	
-5.60821643287e-08 0 	0 	-22962.5804183 	
-5.5501002004e-08 0 	0 	-22960.0434076 	
-5.49198396794e-08 0 	0 	-22957.506397 	
-5.43386773547e-08 0 	0 	-22954.9693863 	
-5.37575150301e-08 0 	0 	-22952.6887913 	
-5.31763527054e-08 0 	0 	-22950.8464541 	
-5.25951903808e-08 0 	0 	-22949.0041169 	
-5.20140280561e-08 0 	0 	-22947.1617798 	
-5.14328657315e-08 0 	0 	-22945.3194426 	
-5.08517034068e-08 0 	0 	-22943.6913448 	
-5.02705410822e-08 0 	0 	-22942.3689936 	
-4.96893787575e-08 0 	0 	-22941.0466425 	
-4.91082164329e-08 0 	0 	-22939.7242914 	
-4.85270541082e-08 0 	0 	-22938.4019402 	
-4.79458917836e-08 0 	0 	-22937.2100772 	
-4.73647294589e-08 0 	0 	-22936.2734922 	
-4.67835671343e-08 0 	0 	-22935.3369073 	
-4.62024048096e-08 0 	0 	-22934.4003224 	
-4.5621242485e-08 0 	0 	-22933.4637375 	
-4.50400801603e-08 0 	0 	-22932.5682837 	
-4.44589178357e-08 0 	0 	-22931.9151407 	
-4.3877755511e-08 0 	0 	-22931.2619977 	
-4.32965931864e-08 0 	0 	-22930.6088547 	
-4.27154308617e-08 0 	0 	-22929.9557116 	
-4.21342685371e-08 0 	0 	-22929.3025686 	
-4.15531062124e-08 0 	0 	-22928.8203767 	
-4.09719438878e-08 0 	0 	-22928.3732561 	
-4.03907815631e-08 0 	0 	-22927.9261354 	
-3.98096192385e-08 0 	0 	-22927.4790147 	
-3.92284569138e-08 0 	0 	-22927.031894 	
-3.86472945892e-08 0 	0 	-22926.6423681 	
-3.80661322645e-08 0 	0 	-22926.3431725 	
-3.74849699399e-08 0 	0 	-22926.0439768 	
-3.69038076152e-08 0 	0 	-22925.7447812 	
-3.63226452906e-08 0 	0 	-22925.4455856 	
-3.57414829659e-08 0 	0 	-22925.1463899 	
-3.51603206413e-08 0 	0 	-22924.9331393 	
-3.45791583166e-08 0 	0 	-22924.7386381 	
-3.3997995992e-08 0 	0 	-22924.5441368 	
-3.34168336673e-08 0 	0 	-22924.3496355 	
-3.28356713427e-08 0 	0 	-22924.1551343 	
-3.2254509018e-08 0 	0 	-22923.9694744 	
-3.16733466934e-08 0 	0 	-22923.847775 	
-3.10921843687e-08 0 	0 	-22923.7260756 	
-3.05110220441e-08 0 	0 	-22923.6043762 	
-2.99298597194e-08 0 	0 	-22923.4826768 	
-2.93486973948e-08 0 	0 	-22923.3609774 	
-2.87675350701e-08 0 	0 	-22923.2535283 	
-2.81863727455e-08 0 	0 	-22923.181333 	
-2.76052104208e-08 0 	0 	-22923.1091377 	
-2.70240480962e-08 0 	0 	-22923.0369423 	
-2.64428857715e-08 0 	0 	-22922.964747 	
-2.58617234469e-08 0 	0 	-22922.8925517 	
-2.52805611222e-08 0 	0 	-22922.8307062 	
-2.46993987976e-08 0 	0 	-22922.7911592 	
-2.41182364729e-08 0 	0 	-22922.7516123 	
-2.35370741483e-08 0 	0 	-22922.7120653 	
-2.29559118236e-08 0 	0 	-22922.6725184 	
-2.2374749499e-08 0 	0 	-22922.6329714 	
-2.17935871743e-08 0 	0 	-22922.5976622 	
-2.12124248497e-08 0 	0 	-22922.5787211 	
-2.0631262525e-08 0 	0 	-22922.55978 	
-2.00501002004e-08 0 	0 	-22922.5408389 	
-1.94689378758e-08 0 	0 	-22922.5218978 	
-1.88877755511e-08 0 	0 	-22922.5029567 	
-1.83066132265e-08 0 	0 	-22922.4840156 	
-1.77254509018e-08 0 	0 	-22922.4766034 	
-1.71442885772e-08 0 	0 	-22922.4697917 	
-1.65631262525e-08 0 	0 	-22922.46298 	
-1.59819639279e-08 0 	0 	-22922.4561684 	
-1.54008016032e-08 0 	0 	-22922.4493567 	
-1.48196392786e-08 0 	0 	-22922.442545 	
-1.42384769539e-08 0 	0 	-22922.4391827 	
-1.36573146293e-08 0 	0 	-22922.4386638 	
-1.30761523046e-08 0 	0 	-22922.4381448 	
-1.249498998e-08 0 	0 	-22922.4376259 	
-1.19138276553e-08 0 	0 	-22922.437107 	
-1.13326653307e-08 0 	0 	-22922.4365881 	
-1.0751503006e-08 0 	0 	-22922.4360692 	
-1.01703406814e-08 0 	0 	-22922.4379682 	
-9.58917835671e-09 0 	0 	-22922.4398791 	
-9.00801603206e-09 0 	0 	-22922.4417899 	
-8.42685370741e-09 0 	0 	-22922.4437007 	
-7.84569138277e-09 0 	0 	-22922.4456115 	
-7.26452905812e-09 0 	0 	-22922.4475224 	
-6.68336673347e-09 0 	0 	-22922.44946 	
-6.10220440882e-09 0 	0 	-22922.451464 	
-5.52104208417e-09 0 	0 	-22922.453468 	
-4.93987975952e-09 0 	0 	-22922.455472 	
-4.35871743487e-09 0 	0 	-22922.457476 	
-3.77755511022e-09 0 	0 	-22922.45948 	
-3.19639278557e-09 0 	0 	-22922.461484 	
-2.61523046092e-09 0 	0 	-22922.4630787 	
-2.03406813627e-09 0 	0 	-22922.4641147 	
-1.45290581162e-09 0 	0 	-22922.4651508 	
-8.71743486974e-10 0 	0 	-22922.4661869 	
-2.90581162324e-10 0 	0 	-22922.467223 	
2.90581162325e-10 0 	0 	-22922.4682591 	
8.71743486974e-10 0 	0 	-22922.4692952 	
1.45290581162e-09 0 	0 	-22922.4700155 	
2.03406813627e-09 0 	0 	-22922.470255 	
2.61523046092e-09 0 	0 	-22922.4704945 	
3.19639278557e-09 0 	0 	-22922.4707339 	
3.77755511022e-09 0 	0 	-22922.4709734 	
4.35871743487e-09 0 	0 	-22922.4712129 	
4.93987975952e-09 0 	0 	-22922.4714524 	
5.52104208417e-09 0 	0 	-22922.4718586 	
6.10220440882e-09 0 	0 	-22922.4729135 	
6.68336673347e-09 0 	0 	-22922.4739684 	
7.26452905812e-09 0 	0 	-22922.4750233 	
7.84569138277e-09 0 	0 	-22922.4760782 	
8.42685370742e-09 0 	0 	-22922.4771331 	
9.00801603206e-09 0 	0 	-22922.4781881 	
9.58917835671e-09 0 	0 	-22922.479243 	
1.01703406814e-08 0 	0 	-22922.4840366 	
1.0751503006e-08 0 	0 	-22922.489525 	
1.13326653307e-08 0 	0 	-22922.4950135 	
1.19138276553e-08 0 	0 	-22922.500502 	
1.249498998e-08 0 	0 	-22922.5059904 	
1.30761523046e-08 0 	0 	-22922.5114789 	
1.36573146293e-08 0 	0 	-22922.5169673 	
1.42384769539e-08 0 	0 	-22922.5259101 	
1.48196392786e-08 0 	0 	-22922.5425805 	
1.54008016032e-08 0 	0 	-22922.559251 	
1.59819639279e-08 0 	0 	-22922.5759215 	
1.65631262525e-08 0 	0 	-22922.592592 	
1.71442885772e-08 0 	0 	-22922.6092624 	
1.77254509018e-08 0 	0 	-22922.6259329 	
1.83066132265e-08 0 	0 	-22922.6426034 	
1.88877755511e-08 0 	0 	-22922.6730853 	
1.94689378758e-08 0 	0 	-22922.7128805 	
2.00501002004e-08 0 	0 	-22922.7526757 	
2.06312625251e-08 0 	0 	-22922.7924708 	
2.12124248497e-08 0 	0 	-22922.832266 	
2.17935871743e-08 0 	0 	-22922.8720611 	
2.2374749499e-08 0 	0 	-22922.9118563 	
2.29559118236e-08 0 	0 	-22922.9516514 	
2.35370741483e-08 0 	0 	-22923.0224007 	
2.41182364729e-08 0 	0 	-22923.1061557 	
2.46993987976e-08 0 	0 	-22923.1899107 	
2.52805611222e-08 0 	0 	-22923.2736656 	
2.58617234469e-08 0 	0 	-22923.3574206 	
2.64428857715e-08 0 	0 	-22923.4411756 	
2.70240480962e-08 0 	0 	-22923.5249305 	
2.76052104208e-08 0 	0 	-22923.6086855 	
2.81863727455e-08 0 	0 	-22923.7426481 	
2.87675350701e-08 0 	0 	-22923.9066972 	
2.93486973948e-08 0 	0 	-22924.0707463 	
2.99298597194e-08 0 	0 	-22924.2347953 	
3.05110220441e-08 0 	0 	-22924.3988444 	
3.10921843687e-08 0 	0 	-22924.5628935 	
3.16733466934e-08 0 	0 	-22924.7269426 	
3.2254509018e-08 0 	0 	-22924.8909916 	
3.28356713427e-08 0 	0 	-22925.1063528 	
3.34168336673e-08 0 	0 	-22925.4143982 	
3.3997995992e-08 0 	0 	-22925.7224435 	
3.45791583166e-08 0 	0 	-22926.0304888 	
3.51603206413e-08 0 	0 	-22926.3385341 	
3.57414829659e-08 0 	0 	-22926.6465794 	
3.63226452906e-08 0 	0 	-22926.9546248 	
3.69038076152e-08 0 	0 	-22927.2626701 	
3.74849699399e-08 0 	0 	-22927.5707154 	
3.80661322645e-08 0 	0 	-22928.1078399 	
3.86472945892e-08 0 	0 	-22928.6724665 	
3.92284569138e-08 0 	0 	-22929.237093 	
3.98096192385e-08 0 	0 	-22929.8017196 	
4.03907815631e-08 0 	0 	-22930.3663461 	
4.09719438878e-08 0 	0 	-22930.9309727 	
4.15531062124e-08 0 	0 	-22931.4955992 	
4.21342685371e-08 0 	0 	-22932.0602258 	
4.27154308617e-08 0 	0 	-22932.7301296 	
4.32965931864e-08 0 	0 	-22933.7522288 	
4.3877755511e-08 0 	0 	-22934.7743279 	
4.44589178357e-08 0 	0 	-22935.7964271 	
4.50400801603e-08 0 	0 	-22936.8185262 	
4.5621242485e-08 0 	0 	-22937.8406254 	
4.62024048096e-08 0 	0 	-22938.8627245 	
4.67835671343e-08 0 	0 	-22939.8848237 	
4.73647294589e-08 0 	0 	-22940.9069228 	
4.79458917836e-08 0 	0 	-22942.227072 	
4.85270541082e-08 0 	0 	-22944.0688891 	
4.91082164329e-08 0 	0 	-22945.9107061 	
4.96893787575e-08 0 	0 	-22947.7525231 	
5.02705410822e-08 0 	0 	-22949.5943401 	
5.08517034068e-08 0 	0 	-22951.4361572 	
5.14328657315e-08 0 	0 	-22953.2779742 	
5.20140280561e-08 0 	0 	-22955.1197912 	
5.25951903808e-08 0 	0 	-22956.9616083 	
5.31763527054e-08 0 	0 	-22959.2303751 	
5.37575150301e-08 0 	0 	-22962.5524205 	
5.43386773547e-08 0 	0 	-22965.8744659 	
5.49198396794e-08 0 	0 	-22969.1965113 	
5.5501002004e-08 0 	0 	-22972.5185567 	
5.60821643287e-08 0 	0 	-22975.8406021 	
5.66633266533e-08 0 	0 	-22979.1626475 	
5.7244488978e-08 0 	0 	-22982.4846929 	
5.78256513026e-08 0 	0 	-22985.8067383 	
5.84068136273e-08 0 	0 	-22989.1287837 	
5.89879759519e-08 0 	0 	-22995.1486881 	
5.95691382766e-08 0 	0 	-23001.1693443 	
6.01503006012e-08 0 	0 	-23007.1900006 	
6.07314629259e-08 0 	0 	-23013.2106568 	
6.13126252505e-08 0 	0 	-23019.2313131 	
6.18937875752e-08 0 	0 	-23025.2519694 	
6.24749498998e-08 0 	0 	-23031.2726256 	
6.30561122244e-08 0 	0 	-23037.2932819 	
6.36372745491e-08 0 	0 	-23043.3139381 	
6.42184368737e-08 0 	0 	-23051.7834241 	
6.47995991984e-08 0 	0 	-23062.7769817 	
6.5380761523e-08 0 	0 	-23073.7705394 	
6.59619238477e-08 0 	0 	-23084.764097 	
6.65430861723e-08 0 	0 	-23095.7576546 	
6.7124248497e-08 0 	0 	-23106.7512122 	
6.77054108216e-08 0 	0 	-23117.7447698 	
6.82865731463e-08 0 	0 	-23128.7383274 	
6.88677354709e-08 0 	0 	-23139.7318851 	
6.94488977956e-08 0 	0 	-23150.7254427 	
7.00300601202e-08 0 	0 	-23168.7773691 	
7.06112224449e-08 0 	0 	-23189.040787 	
7.11923847695e-08 0 	0 	-23209.3042049 	
7.17735470942e-08 0 	0 	-23229.5676228 	
7.23547094188e-08 0 	0 	-23249.8310406 	
7.29358717435e-08 0 	0 	-23270.0944585 	
7.35170340681e-08 0 	0 	-23290.3578764 	
7.40981963928e-08 0 	0 	-23310.6212943 	
7.46793587174e-08 0 	0 	-23330.8847121 	
7.52605210421e-08 0 	0 	-23351.14813 	
7.58416833667e-08 0 	0 	-23385.4277139 	
7.64228456914e-08 0 	0 	-23423.1796658 	
7.7004008016e-08 0 	0 	-23460.9316177 	
7.75851703407e-08 0 	0 	-23498.6835696 	
7.81663326653e-08 0 	0 	-23536.4355215 	
7.874749499e-08 0 	0 	-23574.1874734 	
7.93286573146e-08 0 	0 	-23611.9394253 	
7.99098196393e-08 0 	0 	-23649.6913772 	
8.04909819639e-08 0 	0 	-23687.4433291 	
8.10721442886e-08 0 	0 	-23725.195281 	
8.16533066132e-08 0 	0 	-23783.2269426 	
8.22344689379e-08 0 	0 	-23854.3832864 	
8.28156312625e-08 0 	0 	-23925.5396303 	
8.33967935872e-08 0 	0 	-23996.6959742 	
8.39779559118e-08 0 	0 	-24067.852318 	
8.45591182365e-08 0 	0 	-24139.0086619 	
8.51402805611e-08 0 	0 	-24210.1650058 	
8.57214428858e-08 0 	0 	-24281.3213497 	
8.63026052104e-08 0 	0 	-24352.4776935 	
8.68837675351e-08 0 	0 	-24423.6340374 	
8.74649298597e-08 0 	0 	-24505.9599033 	
8.80460921844e-08 0 	0 	-24641.7315691 	
8.8627254509e-08 0 	0 	-24777.503235 	
8.92084168337e-08 0 	0 	-24913.2749008 	
8.97895791583e-08 0 	0 	-25049.0465667 	
9.0370741483e-08 0 	0 	-25184.8182325 	
9.09519038076e-08 0 	0 	-25320.5898984 	
9.15330661323e-08 0 	0 	-25456.3615642 	
9.21142284569e-08 0 	0 	-25592.13323 	
9.26953907816e-08 0 	0 	-25727.9048959 	
9.32765531062e-08 0 	0 	-25863.6765617 	
9.38577154309e-08 0 	0 	-26061.8752912 	
9.44388777555e-08 0 	0 	-26324.2486146 	
9.50200400802e-08 0 	0 	-26586.621938 	
9.56012024048e-08 0 	0 	-26848.9952614 	
9.61823647295e-08 0 	0 	-27111.3685848 	
9.67635270541e-08 0 	0 	-27373.7419081 	
9.73446893788e-08 0 	0 	-27636.1152315 	
9.79258517034e-08 0 	0 	-27898.4885549 	
9.85070140281e-08 0 	0 	-28160.8618783 	
9.90881763527e-08 0 	0 	-28423.2352016 	
9.96693386774e-08 0 	0 	-28685.608525 	
1.00250501002e-07 0 	0 	-29089.221275 	
1.00831663327e-07 0 	0 	-29602.8973107 	
1.01412825651e-07 0 	0 	-30116.5733463 	
1.01993987976e-07 0 	0 	-30630.249382 	
1.02575150301e-07 0 	0 	-31143.9254177 	
1.03156312625e-07 0 	0 	-31657.6014533 	
1.0373747495e-07 0 	0 	-32171.277489 	
1.04318637275e-07 0 	0 	-32684.9535247 	
1.04899799599e-07 0 	0 	-33198.6295603 	
1.05480961924e-07 0 	0 	-33712.305596 	
1.06062124248e-07 0 	0 	-34225.9816317 	
1.06643286573e-07 0 	0 	-34928.5714773 	
1.07224448898e-07 0 	0 	-35947.7152723 	
1.07805611222e-07 0 	0 	-36966.8590673 	
1.08386773547e-07 0 	0 	-37986.0028623 	
1.08967935872e-07 0 	0 	-39005.1466572 	
1.09549098196e-07 0 	0 	-40024.2904522 	
1.10130260521e-07 0 	0 	-41043.4342472 	
1.10711422846e-07 0 	0 	-42062.5780422 	
1.1129258517e-07 0 	0 	-43081.7218372 	
1.11873747495e-07 0 	0 	-44100.8656322 	
1.1245490982e-07 0 	0 	-45120.0094272 	
1.13036072144e-07 0 	0 	-46139.1532222 	
1.13617234469e-07 0 	0 	-48108.5657268 	
1.14198396794e-07 0 	0 	-50158.1683005 	
1.14779559118e-07 0 	0 	-52207.7708743 	
1.15360721443e-07 0 	0 	-54257.3734481 	
1.15941883768e-07 0 	0 	-56306.9760218 	
1.16523046092e-07 0 	0 	-58356.5785956 	
1.17104208417e-07 0 	0 	-60406.1811693 	
1.17685370741e-07 0 	0 	-62455.7837431 	
1.18266533066e-07 0 	0 	-64505.3863169 	
1.18847695391e-07 0 	0 	-66554.9888906 	
1.19428857715e-07 0 	0 	-68604.5914644 	
1.2001002004e-07 0 	0 	-71082.6415255 	
1.20591182365e-07 0 	0 	-75262.2027185 	
1.21172344689e-07 0 	0 	-79441.7639116 	
1.21753507014e-07 0 	0 	-83621.3251046 	
1.22334669339e-07 0 	0 	-87800.8862977 	
1.22915831663e-07 0 	0 	-91980.4474907 	
1.23496993988e-07 0 	0 	-96160.0086838 	
1.24078156313e-07 0 	0 	-100339.569877 	
1.24659318637e-07 0 	0 	-104519.13107 	
1.25240480962e-07 0 	0 	-108698.692263 	
1.25821643287e-07 0 	0 	-112878.253456 	
1.26402805611e-07 0 	0 	-117057.814649 	
1.26983967936e-07 0 	0 	-122150.246808 	
1.27565130261e-07 0 	0 	-130797.702091 	
1.28146292585e-07 0 	0 	-139445.157375 	
1.2872745491e-07 0 	0 	-148092.612659 	
1.29308617234e-07 0 	0 	-156740.067942 	
1.29889779559e-07 0 	0 	-165387.523226 	
1.30470941884e-07 0 	0 	-174034.978509 	
1.31052104208e-07 0 	0 	-182682.433793 	
1.31633266533e-07 0 	0 	-191329.889076 	
1.32214428858e-07 0 	0 	-199977.34436 	
1.32795591182e-07 0 	0 	-208624.799644 	
1.33376753507e-07 0 	0 	-217272.254927 	
1.33957915832e-07 0 	0 	-225919.710211 	
1.34539078156e-07 0 	0 	-243393.759821 	
1.35120240481e-07 0 	0 	-261581.569618 	
1.35701402806e-07 0 	0 	-279769.379415 	
1.3628256513e-07 0 	0 	-297957.189212 	
1.36863727455e-07 0 	0 	-316144.99901 	
1.3744488978e-07 0 	0 	-334332.808807 	
1.38026052104e-07 0 	0 	-352520.618604 	
1.38607214429e-07 0 	0 	-370708.428401 	
1.39188376754e-07 0 	0 	-388896.238198 	
1.39769539078e-07 0 	0 	-407084.047995 	
1.40350701403e-07 0 	0 	-425271.857793 	
1.40931863727e-07 0 	0 	-443459.66759 	
1.41513026052e-07 0 	0 	-463935.486524 	
1.42094188377e-07 0 	0 	-488530.278924 	
1.42675350701e-07 0 	0 	-513125.071324 	
1.43256513026e-07 0 	0 	-537719.863724 	
1.43837675351e-07 0 	0 	-562314.656125 	
1.44418837675e-07 0 	0 	-586909.448525 	
1.45e-07 0 	0 	-611504.240925 	
