-1.45e-07 0 	0 	-8100.01045552 	
-1.44418837675e-07 0 	0 	-9944.03637204 	
-1.43837675351e-07 0 	0 	-11796.27385 	
-1.43256513026e-07 0 	0 	-13662.4727274 	
-1.42675350701e-07 0 	0 	-15530.4868949 	
-1.42094188377e-07 0 	0 	-17395.2268807 	
-1.41513026052e-07 0 	0 	-19253.8362164 	
-1.40931863727e-07 0 	0 	-21093.2348741 	
-1.40350701403e-07 0 	0 	-22914.3134514 	
-1.39769539078e-07 0 	0 	-24717.5508385 	
-1.39188376754e-07 0 	0 	-26489.5913466 	
-1.38607214429e-07 0 	0 	-28229.9189845 	
-1.38026052104e-07 0 	0 	-29946.9732799 	
-1.3744488978e-07 0 	0 	-31621.7107035 	
-1.36863727455e-07 0 	0 	-33259.9690477 	
-1.3628256513e-07 0 	0 	-34874.217095 	
-1.35701402806e-07 0 	0 	-36429.4657075 	
-1.35120240481e-07 0 	0 	-37956.6823861 	
-1.34539078156e-07 0 	0 	-39446.129568 	
-1.33957915832e-07 0 	0 	-40883.0354135 	
-1.33376753507e-07 0 	0 	-42299.2244615 	
-1.32795591182e-07 0 	0 	-43649.0972767 	
-1.32214428858e-07 0 	0 	-44975.5915625 	
-1.31633266533e-07 0 	0 	-46253.202913 	
-1.31052104208e-07 0 	0 	-47491.2513211 	
-1.30470941884e-07 0 	0 	-48695.8730263 	
-1.29889779559e-07 0 	0 	-49847.9675821 	
-1.29308617234e-07 0 	0 	-50979.4950951 	
-1.2872745491e-07 0 	0 	-52049.1195116 	
-1.28146292585e-07 0 	0 	-53108.0167016 	
-1.27565130261e-07 0 	0 	-54099.4110308 	
-1.26983967936e-07 0 	0 	-55086.6543321 	
-1.26402805611e-07 0 	0 	-56004.5980346 	
-1.25821643287e-07 0 	0 	-56921.6206639 	
-1.25240480962e-07 0 	0 	-57771.2358449 	
-1.24659318637e-07 0 	0 	-58619.8724541 	
-1.24078156313e-07 0 	0 	-59406.448282 	
-1.23496993988e-07 0 	0 	-60188.8802041 	
-1.22915831663e-07 0 	0 	-60917.7201336 	
-1.22334669339e-07 0 	0 	-61636.4223704 	
-1.21753507014e-07 0 	0 	-62312.713989 	
-1.21172344689e-07 0 	0 	-62970.4037042 	
-1.20591182365e-07 0 	0 	-63599.11149 	
-1.2001002004e-07 0 	0 	-64198.6986951 	
-1.19428857715e-07 0 	0 	-64784.4792178 	
-1.18847695391e-07 0 	0 	-65329.0200235 	
-1.18266533066e-07 0 	0 	-65873.5608292 	
-1.17685370741e-07 0 	0 	-66368.8112237 	
-1.17104208417e-07 0 	0 	-66861.4637644 	
-1.16523046092e-07 0 	0 	-67325.1628306 	
-1.15941883768e-07 0 	0 	-67769.1463983 	
-1.15360721443e-07 0 	0 	-68204.7505253 	
-1.14779559118e-07 0 	0 	-68603.3078447 	
-1.14198396794e-07 0 	0 	-69001.8651641 	
-1.13617234469e-07 0 	0 	-69370.1565292 	
-1.13036072144e-07 0 	0 	-69726.5194927 	
-1.1245490982e-07 0 	0 	-70075.3905824 	
-1.11873747495e-07 0 	0 	-70392.7495956 	
-1.1129258517e-07 0 	0 	-70710.1086087 	
-1.10711422846e-07 0 	0 	-71005.6713937 	
-1.10130260521e-07 0 	0 	-71287.1483051 	
-1.09549098196e-07 0 	0 	-71568.6252164 	
-1.08967935872e-07 0 	0 	-71818.4987143 	
-1.08386773547e-07 0 	0 	-72067.1232007 	
-1.07805611222e-07 0 	0 	-72308.1361262 	
-1.07224448898e-07 0 	0 	-72526.8258736 	
-1.06643286573e-07 0 	0 	-72745.515621 	
-1.06062124248e-07 0 	0 	-72951.0982639 	
-1.05480961924e-07 0 	0 	-73142.6425694 	
-1.04899799599e-07 0 	0 	-73334.186875 	
-1.04318637275e-07 0 	0 	-73509.9005452 	
-1.0373747495e-07 0 	0 	-73676.9471267 	
-1.03156312625e-07 0 	0 	-73843.9937081 	
-1.02575150301e-07 0 	0 	-73994.6972298 	
-1.01993987976e-07 0 	0 	-74139.742452 	
-1.01412825651e-07 0 	0 	-74284.7876742 	
-1.00831663327e-07 0 	0 	-74414.6703696 	
-1.00250501002e-07 0 	0 	-74540.0524161 	
-9.96693386774e-08 0 	0 	-74665.4344626 	
-9.90881763527e-08 0 	0 	-74778.0598624 	
-9.85070140281e-08 0 	0 	-74885.9545425 	
-9.79258517034e-08 0 	0 	-74993.8492226 	
-9.73446893788e-08 0 	0 	-75092.2068957 	
-9.67635270541e-08 0 	0 	-75184.626208 	
-9.61823647295e-08 0 	0 	-75277.0455202 	
-9.56012024048e-08 0 	0 	-75363.6080962 	
-9.50200400802e-08 0 	0 	-75442.4009262 	
-9.44388777555e-08 0 	0 	-75521.1937561 	
-9.38577154309e-08 0 	0 	-75597.9767039 	
-9.32765531062e-08 0 	0 	-75664.8315296 	
-9.26953907816e-08 0 	0 	-75731.6863553 	
-9.21142284569e-08 0 	0 	-75798.5411811 	
-9.15330661323e-08 0 	0 	-75856.7577848 	
-9.09519038076e-08 0 	0 	-75913.2072377 	
-9.0370741483e-08 0 	0 	-75969.6566905 	
-8.97895791583e-08 0 	0 	-76022.375881 	
-8.92084168337e-08 0 	0 	-76069.8025662 	
-8.8627254509e-08 0 	0 	-76117.2292514 	
-8.80460921844e-08 0 	0 	-76164.6559366 	
-8.74649298597e-08 0 	0 	-76204.9511119 	
-8.68837675351e-08 0 	0 	-76244.5947418 	
-8.63026052104e-08 0 	0 	-76284.2383717 	
-8.57214428858e-08 0 	0 	-76321.6324316 	
-8.51402805611e-08 0 	0 	-76354.5978922 	
-8.45591182365e-08 0 	0 	-76387.5633528 	
-8.39779559118e-08 0 	0 	-76420.5288134 	
-8.33967935872e-08 0 	0 	-76449.6573969 	
-8.28156312625e-08 0 	0 	-76476.9233477 	
-8.22344689379e-08 0 	0 	-76504.1892985 	
-8.16533066132e-08 0 	0 	-76531.4552493 	
-8.10721442886e-08 0 	0 	-76554.2542728 	
-8.04909819639e-08 0 	0 	-76576.6823499 	
-7.99098196393e-08 0 	0 	-76599.1104271 	
-7.93286573146e-08 0 	0 	-76621.1904879 	
-7.874749499e-08 0 	0 	-76639.5346577 	
-7.81663326653e-08 0 	0 	-76657.8788276 	
-7.75851703407e-08 0 	0 	-76676.2229974 	
-7.7004008016e-08 0 	0 	-76694.0296437 	
-7.64228456914e-08 0 	0 	-76708.9455968 	
-7.58416833667e-08 0 	0 	-76723.8615498 	
-7.52605210421e-08 0 	0 	-76738.7775029 	
-7.46793587174e-08 0 	0 	-76753.3044923 	
-7.40981963928e-08 0 	0 	-76765.3589772 	
-7.35170340681e-08 0 	0 	-76777.4134621 	
-7.29358717435e-08 0 	0 	-76789.467947 	
-7.23547094188e-08 0 	0 	-76801.4738605 	
-7.17735470942e-08 0 	0 	-76811.1536935 	
-7.11923847695e-08 0 	0 	-76820.8335266 	
-7.06112224449e-08 0 	0 	-76830.5133596 	
-7.00300601202e-08 0 	0 	-76840.1931926 	
-6.94488977956e-08 0 	0 	-76848.289842 	
-6.88677354709e-08 0 	0 	-76856.0106174 	
-6.82865731463e-08 0 	0 	-76863.7313927 	
-6.77054108216e-08 0 	0 	-76871.4521681 	
-6.7124248497e-08 0 	0 	-76878.3750109 	
-6.65430861723e-08 0 	0 	-76884.4893065 	
-6.59619238477e-08 0 	0 	-76890.6036021 	
-6.5380761523e-08 0 	0 	-76896.7178978 	
-6.47995991984e-08 0 	0 	-76902.7224735 	
-6.42184368737e-08 0 	0 	-76907.5275377 	
-6.36372745491e-08 0 	0 	-76912.3326018 	
-6.30561122244e-08 0 	0 	-76917.137666 	
-6.24749498998e-08 0 	0 	-76921.9427302 	
-6.18937875752e-08 0 	0 	-76926.146588 	
-6.13126252505e-08 0 	0 	-76929.8914608 	
-6.07314629259e-08 0 	0 	-76933.6363335 	
-6.01503006012e-08 0 	0 	-76937.3812063 	
-5.95691382766e-08 0 	0 	-76941.1260791 	
-5.89879759519e-08 0 	0 	-76944.0657977 	
-5.84068136273e-08 0 	0 	-76946.957806 	
-5.78256513026e-08 0 	0 	-76949.8498143 	
-5.7244488978e-08 0 	0 	-76952.7418226 	
-5.66633266533e-08 0 	0 	-76955.4892134 	
-5.60821643287e-08 0 	0 	-76957.6998986 	
-5.5501002004e-08 0 	0 	-76959.9105839 	
-5.49198396794e-08 0 	0 	-76962.1212691 	
-5.43386773547e-08 0 	0 	-76964.3319544 	
-5.37575150301e-08 0 	0 	-76966.3432074 	
-5.31763527054e-08 0 	0 	-76968.0135969 	
-5.25951903808e-08 0 	0 	-76969.6839865 	
-5.20140280561e-08 0 	0 	-76971.354376 	
-5.14328657315e-08 0 	0 	-76973.0247656 	
-5.08517034068e-08 0 	0 	-76974.5200178 	
-5.02705410822e-08 0 	0 	-76975.7653266 	
-4.96893787575e-08 0 	0 	-76977.0106355 	
-4.91082164329e-08 0 	0 	-76978.2559444 	
-4.85270541082e-08 0 	0 	-76979.5012533 	
-4.79458917836e-08 0 	0 	-76980.6344126 	
-4.73647294589e-08 0 	0 	-76981.54817 	
-4.67835671343e-08 0 	0 	-76982.4619275 	
-4.62024048096e-08 0 	0 	-76983.3756849 	
-4.5621242485e-08 0 	0 	-76984.2894424 	
-4.50400801603e-08 0 	0 	-76985.1660343 	
-4.44589178357e-08 0 	0 	-76985.8236781 	
-4.3877755511e-08 0 	0 	-76986.4813219 	
-4.32965931864e-08 0 	0 	-76987.1389656 	
-4.27154308617e-08 0 	0 	-76987.7966094 	
-4.21342685371e-08 0 	0 	-76988.4542532 	
-4.15531062124e-08 0 	0 	-76988.9495666 	
-4.09719438878e-08 0 	0 	-76989.4115773 	
-4.03907815631e-08 0 	0 	-76989.8735881 	
-3.98096192385e-08 0 	0 	-76990.3355988 	
-3.92284569138e-08 0 	0 	-76990.7976096 	
-3.86472945892e-08 0 	0 	-76991.202196 	
-3.80661322645e-08 0 	0 	-76991.5167196 	
-3.74849699399e-08 0 	0 	-76991.8312431 	
-3.69038076152e-08 0 	0 	-76992.1457666 	
-3.63226452906e-08 0 	0 	-76992.4602901 	
-3.57414829659e-08 0 	0 	-76992.7748137 	
-3.51603206413e-08 0 	0 	-76992.9995254 	
-3.45791583166e-08 0 	0 	-76993.2046443 	
-3.3997995992e-08 0 	0 	-76993.4097632 	
-3.34168336673e-08 0 	0 	-76993.6148821 	
-3.28356713427e-08 0 	0 	-76993.8200009 	
-3.2254509018e-08 0 	0 	-76994.0154657 	
-3.16733466934e-08 0 	0 	-76994.1410908 	
-3.10921843687e-08 0 	0 	-76994.2667158 	
-3.05110220441e-08 0 	0 	-76994.3923409 	
-2.99298597194e-08 0 	0 	-76994.517966 	
-2.93486973948e-08 0 	0 	-76994.643591 	
-2.87675350701e-08 0 	0 	-76994.7530418 	
-2.81863727455e-08 0 	0 	-76994.8224793 	
-2.76052104208e-08 0 	0 	-76994.8919167 	
-2.70240480962e-08 0 	0 	-76994.9613542 	
-2.64428857715e-08 0 	0 	-76995.0307917 	
-2.58617234469e-08 0 	0 	-76995.1002291 	
-2.52805611222e-08 0 	0 	-76995.1575635 	
-2.46993987976e-08 0 	0 	-76995.1888218 	
-2.41182364729e-08 0 	0 	-76995.2200801 	
-2.35370741483e-08 0 	0 	-76995.2513384 	
-2.29559118236e-08 0 	0 	-76995.2825967 	
-2.2374749499e-08 0 	0 	-76995.313855 	
-2.17935871743e-08 0 	0 	-76995.3400922 	
-2.12124248497e-08 0 	0 	-76995.346935 	
-2.0631262525e-08 0 	0 	-76995.3537779 	
-2.00501002004e-08 0 	0 	-76995.3606207 	
-1.94689378758e-08 0 	0 	-76995.3674636 	
-1.88877755511e-08 0 	0 	-76995.3743064 	
-1.83066132265e-08 0 	0 	-76995.3811493 	
-1.77254509018e-08 0 	0 	-76995.3746346 	
-1.71442885772e-08 0 	0 	-76995.3674242 	
-1.65631262525e-08 0 	0 	-76995.3602138 	
-1.59819639279e-08 0 	0 	-76995.3530034 	
-1.54008016032e-08 0 	0 	-76995.345793 	
-1.48196392786e-08 0 	0 	-76995.3385826 	
-1.42384769539e-08 0 	0 	-76995.3278498 	
-1.36573146293e-08 0 	0 	-76995.3142134 	
-1.30761523046e-08 0 	0 	-76995.3005769 	
-1.249498998e-08 0 	0 	-76995.2869405 	
-1.19138276553e-08 0 	0 	-76995.273304 	
-1.13326653307e-08 0 	0 	-76995.2596676 	
-1.0751503006e-08 0 	0 	-76995.2460311 	
-1.01703406814e-08 0 	0 	-76995.2313588 	
-9.58917835671e-09 0 	0 	-76995.2166814 	
-9.00801603206e-09 0 	0 	-76995.202004 	
-8.42685370741e-09 0 	0 	-76995.1873266 	
-7.84569138277e-09 0 	0 	-76995.1726492 	
-7.26452905812e-09 0 	0 	-76995.1579718 	
-6.68336673347e-09 0 	0 	-76995.1439938 	
-6.10220440882e-09 0 	0 	-76995.1317452 	
-5.52104208417e-09 0 	0 	-76995.1194967 	
-4.93987975952e-09 0 	0 	-76995.1072482 	
-4.35871743487e-09 0 	0 	-76995.0949997 	
-3.77755511022e-09 0 	0 	-76995.0827511 	
-3.19639278557e-09 0 	0 	-76995.0705026 	
-2.61523046092e-09 0 	0 	-76995.0600121 	
-2.03406813627e-09 0 	0 	-76995.0519206 	
-1.45290581162e-09 0 	0 	-76995.043829 	
-8.71743486974e-10 0 	0 	-76995.0357375 	
-2.90581162324e-10 0 	0 	-76995.0276459 	
2.90581162325e-10 0 	0 	-76995.0195544 	
8.71743486974e-10 0 	0 	-76995.0114629 	
1.45290581162e-09 0 	0 	-76995.0050025 	
2.03406813627e-09 0 	0 	-76995.0010267 	
2.61523046092e-09 0 	0 	-76994.9970509 	
3.19639278557e-09 0 	0 	-76994.9930751 	
3.77755511022e-09 0 	0 	-76994.9890993 	
4.35871743487e-09 0 	0 	-76994.9851235 	
4.93987975952e-09 0 	0 	-76994.9811477 	
5.52104208417e-09 0 	0 	-76994.9775897 	
6.10220440882e-09 0 	0 	-76994.9756578 	
6.68336673347e-09 0 	0 	-76994.973726 	
7.26452905812e-09 0 	0 	-76994.9717941 	
7.84569138277e-09 0 	0 	-76994.9698622 	
8.42685370742e-09 0 	0 	-76994.9679304 	
9.00801603206e-09 0 	0 	-76994.9659985 	
9.58917835671e-09 0 	0 	-76994.9640667 	
1.01703406814e-08 0 	0 	-76994.9598946 	
1.0751503006e-08 0 	0 	-76994.9553061 	
1.13326653307e-08 0 	0 	-76994.9507177 	
1.19138276553e-08 0 	0 	-76994.9461293 	
1.249498998e-08 0 	0 	-76994.9415409 	
1.30761523046e-08 0 	0 	-76994.9369524 	
1.36573146293e-08 0 	0 	-76994.932364 	
1.42384769539e-08 0 	0 	-76994.9243508 	
1.48196392786e-08 0 	0 	-76994.9086761 	
1.54008016032e-08 0 	0 	-76994.8930013 	
1.59819639279e-08 0 	0 	-76994.8773265 	
1.65631262525e-08 0 	0 	-76994.8616518 	
1.71442885772e-08 0 	0 	-76994.845977 	
1.77254509018e-08 0 	0 	-76994.8303023 	
1.83066132265e-08 0 	0 	-76994.8146275 	
1.88877755511e-08 0 	0 	-76994.783956 	
1.94689378758e-08 0 	0 	-76994.743172 	
2.00501002004e-08 0 	0 	-76994.702388 	
2.06312625251e-08 0 	0 	-76994.661604 	
2.12124248497e-08 0 	0 	-76994.62082 	
2.17935871743e-08 0 	0 	-76994.580036 	
2.2374749499e-08 0 	0 	-76994.539252 	
2.29559118236e-08 0 	0 	-76994.498468 	
2.35370741483e-08 0 	0 	-76994.4240073 	
2.41182364729e-08 0 	0 	-76994.3353971 	
2.46993987976e-08 0 	0 	-76994.2467868 	
2.52805611222e-08 0 	0 	-76994.1581765 	
2.58617234469e-08 0 	0 	-76994.0695662 	
2.64428857715e-08 0 	0 	-76993.9809559 	
2.70240480962e-08 0 	0 	-76993.8923457 	
2.76052104208e-08 0 	0 	-76993.8037354 	
2.81863727455e-08 0 	0 	-76993.6623798 	
2.87675350701e-08 0 	0 	-76993.4894169 	
2.93486973948e-08 0 	0 	-76993.3164541 	
2.99298597194e-08 0 	0 	-76993.1434913 	
3.05110220441e-08 0 	0 	-76992.9705285 	
3.10921843687e-08 0 	0 	-76992.7975657 	
3.16733466934e-08 0 	0 	-76992.6246029 	
3.2254509018e-08 0 	0 	-76992.45164 	
3.28356713427e-08 0 	0 	-76992.2276703 	
3.34168336673e-08 0 	0 	-76991.9115675 	
3.3997995992e-08 0 	0 	-76991.5954648 	
3.45791583166e-08 0 	0 	-76991.2793621 	
3.51603206413e-08 0 	0 	-76990.9632594 	
3.57414829659e-08 0 	0 	-76990.6471567 	
3.63226452906e-08 0 	0 	-76990.331054 	
3.69038076152e-08 0 	0 	-76990.0149513 	
3.74849699399e-08 0 	0 	-76989.6988485 	
3.80661322645e-08 0 	0 	-76989.1700376 	
3.86472945892e-08 0 	0 	-76988.6156901 	
3.92284569138e-08 0 	0 	-76988.0613426 	
3.98096192385e-08 0 	0 	-76987.506995 	
4.03907815631e-08 0 	0 	-76986.9526475 	
4.09719438878e-08 0 	0 	-76986.3983 	
4.15531062124e-08 0 	0 	-76985.8439524 	
4.21342685371e-08 0 	0 	-76985.2896049 	
4.27154308617e-08 0 	0 	-76984.6447666 	
4.32965931864e-08 0 	0 	-76983.6971998 	
4.3877755511e-08 0 	0 	-76982.7496331 	
4.44589178357e-08 0 	0 	-76981.8020664 	
4.50400801603e-08 0 	0 	-76980.8544996 	
4.5621242485e-08 0 	0 	-76979.9069329 	
4.62024048096e-08 0 	0 	-76978.9593661 	
4.67835671343e-08 0 	0 	-76978.0117994 	
4.73647294589e-08 0 	0 	-76977.0642326 	
4.79458917836e-08 0 	0 	-76975.881113 	
4.85270541082e-08 0 	0 	-76974.2857126 	
4.91082164329e-08 0 	0 	-76972.6903121 	
4.96893787575e-08 0 	0 	-76971.0949116 	
5.02705410822e-08 0 	0 	-76969.4995111 	
5.08517034068e-08 0 	0 	-76967.9041107 	
5.14328657315e-08 0 	0 	-76966.3087102 	
5.20140280561e-08 0 	0 	-76964.7133097 	
5.25951903808e-08 0 	0 	-76963.1179092 	
5.31763527054e-08 0 	0 	-76961.2139617 	
5.37575150301e-08 0 	0 	-76958.5488331 	
5.43386773547e-08 0 	0 	-76955.8837046 	
5.49198396794e-08 0 	0 	-76953.218576 	
5.5501002004e-08 0 	0 	-76950.5534475 	
5.60821643287e-08 0 	0 	-76947.8883189 	
5.66633266533e-08 0 	0 	-76945.2231904 	
5.7244488978e-08 0 	0 	-76942.5580618 	
5.78256513026e-08 0 	0 	-76939.8929333 	
5.84068136273e-08 0 	0 	-76937.2278047 	
5.89879759519e-08 0 	0 	-76932.7885407 	
5.95691382766e-08 0 	0 	-76928.3487823 	
6.01503006012e-08 0 	0 	-76923.9090238 	
6.07314629259e-08 0 	0 	-76919.4692654 	
6.13126252505e-08 0 	0 	-76915.029507 	
6.18937875752e-08 0 	0 	-76910.5897486 	
6.24749498998e-08 0 	0 	-76906.1499901 	
6.30561122244e-08 0 	0 	-76901.7102317 	
6.36372745491e-08 0 	0 	-76897.2704733 	
6.42184368737e-08 0 	0 	-76891.3724168 	
6.47995991984e-08 0 	0 	-76883.9712551 	
6.5380761523e-08 0 	0 	-76876.5700934 	
6.59619238477e-08 0 	0 	-76869.1689316 	
6.65430861723e-08 0 	0 	-76861.7677699 	
6.7124248497e-08 0 	0 	-76854.3666082 	
6.77054108216e-08 0 	0 	-76846.9654465 	
6.82865731463e-08 0 	0 	-76839.5642848 	
6.88677354709e-08 0 	0 	-76832.1631231 	
6.94488977956e-08 0 	0 	-76824.7619614 	
7.00300601202e-08 0 	0 	-76813.574576 	
7.06112224449e-08 0 	0 	-76801.2009107 	
7.11923847695e-08 0 	0 	-76788.8272455 	
7.17735470942e-08 0 	0 	-76776.4535802 	
7.23547094188e-08 0 	0 	-76764.0799149 	
7.29358717435e-08 0 	0 	-76751.7062497 	
7.35170340681e-08 0 	0 	-76739.3325844 	
7.40981963928e-08 0 	0 	-76726.9589192 	
7.46793587174e-08 0 	0 	-76714.5852539 	
7.52605210421e-08 0 	0 	-76702.2115886 	
7.58416833667e-08 0 	0 	-76683.1080296 	
7.64228456914e-08 0 	0 	-76662.3372052 	
7.7004008016e-08 0 	0 	-76641.5663808 	
7.75851703407e-08 0 	0 	-76620.7955563 	
7.81663326653e-08 0 	0 	-76600.0247319 	
7.874749499e-08 0 	0 	-76579.2539075 	
7.93286573146e-08 0 	0 	-76558.4830831 	
7.99098196393e-08 0 	0 	-76537.7122587 	
8.04909819639e-08 0 	0 	-76516.9414343 	
8.10721442886e-08 0 	0 	-76496.1706098 	
8.16533066132e-08 0 	0 	-76466.7522303 	
8.22344689379e-08 0 	0 	-76431.7373004 	
8.28156312625e-08 0 	0 	-76396.7223706 	
8.33967935872e-08 0 	0 	-76361.7074407 	
8.39779559118e-08 0 	0 	-76326.6925109 	
8.45591182365e-08 0 	0 	-76291.677581 	
8.51402805611e-08 0 	0 	-76256.6626512 	
8.57214428858e-08 0 	0 	-76221.6477213 	
8.63026052104e-08 0 	0 	-76186.6327915 	
8.68837675351e-08 0 	0 	-76151.6178616 	
8.74649298597e-08 0 	0 	-76112.4160823 	
8.80460921844e-08 0 	0 	-76053.1803645 	
8.8627254509e-08 0 	0 	-75993.9446467 	
8.92084168337e-08 0 	0 	-75934.708929 	
8.97895791583e-08 0 	0 	-75875.4732112 	
9.0370741483e-08 0 	0 	-75816.2374934 	
9.09519038076e-08 0 	0 	-75757.0017756 	
9.15330661323e-08 0 	0 	-75697.7660578 	
9.21142284569e-08 0 	0 	-75638.53034 	
9.26953907816e-08 0 	0 	-75579.2946222 	
9.32765531062e-08 0 	0 	-75520.0589044 	
9.38577154309e-08 0 	0 	-75440.5293604 	
9.44388777555e-08 0 	0 	-75340.137902 	
9.50200400802e-08 0 	0 	-75239.7464436 	
9.56012024048e-08 0 	0 	-75139.3549851 	
9.61823647295e-08 0 	0 	-75038.9635267 	
9.67635270541e-08 0 	0 	-74938.5720683 	
9.73446893788e-08 0 	0 	-74838.1806099 	
9.79258517034e-08 0 	0 	-74737.7891515 	
9.85070140281e-08 0 	0 	-74637.3976931 	
9.90881763527e-08 0 	0 	-74537.0062347 	
9.96693386774e-08 0 	0 	-74436.6147762 	
1.00250501002e-07 0 	0 	-74297.1332431 	
1.00831663327e-07 0 	0 	-74127.1900876 	
1.01412825651e-07 0 	0 	-73957.2469321 	
1.01993987976e-07 0 	0 	-73787.3037766 	
1.02575150301e-07 0 	0 	-73617.3606211 	
1.03156312625e-07 0 	0 	-73447.4174656 	
1.0373747495e-07 0 	0 	-73277.4743101 	
1.04318637275e-07 0 	0 	-73107.5311547 	
1.04899799599e-07 0 	0 	-72937.5879992 	
1.05480961924e-07 0 	0 	-72767.6448437 	
1.06062124248e-07 0 	0 	-72597.7016882 	
1.06643286573e-07 0 	0 	-72384.3900094 	
1.07224448898e-07 0 	0 	-72098.4077443 	
1.07805611222e-07 0 	0 	-71812.4254792 	
1.08386773547e-07 0 	0 	-71526.4432141 	
1.08967935872e-07 0 	0 	-71240.460949 	
1.09549098196e-07 0 	0 	-70954.4786839 	
1.10130260521e-07 0 	0 	-70668.4964188 	
1.10711422846e-07 0 	0 	-70382.5141536 	
1.1129258517e-07 0 	0 	-70096.5318885 	
1.11873747495e-07 0 	0 	-69810.5496234 	
1.1245490982e-07 0 	0 	-69524.5673583 	
1.13036072144e-07 0 	0 	-69238.5850932 	
1.13617234469e-07 0 	0 	-68778.5292248 	
1.14198396794e-07 0 	0 	-68303.7838542 	
1.14779559118e-07 0 	0 	-67829.0384836 	
1.15360721443e-07 0 	0 	-67354.2931131 	
1.15941883768e-07 0 	0 	-66879.5477425 	
1.16523046092e-07 0 	0 	-66404.8023719 	
1.17104208417e-07 0 	0 	-65930.0570013 	
1.17685370741e-07 0 	0 	-65455.3116307 	
1.18266533066e-07 0 	0 	-64980.5662601 	
1.18847695391e-07 0 	0 	-64505.8208895 	
1.19428857715e-07 0 	0 	-64031.0755189 	
1.2001002004e-07 0 	0 	-63497.4946603 	
1.20591182365e-07 0 	0 	-62730.2580075 	
1.21172344689e-07 0 	0 	-61963.0213548 	
1.21753507014e-07 0 	0 	-61195.784702 	
1.22334669339e-07 0 	0 	-60428.5480493 	
1.22915831663e-07 0 	0 	-59661.3113965 	
1.23496993988e-07 0 	0 	-58894.0747438 	
1.24078156313e-07 0 	0 	-58126.838091 	
1.24659318637e-07 0 	0 	-57359.6014383 	
1.25240480962e-07 0 	0 	-56592.3647855 	
1.25821643287e-07 0 	0 	-55825.1281328 	
1.26402805611e-07 0 	0 	-55057.89148 	
1.26983967936e-07 0 	0 	-54206.9408716 	
1.27565130261e-07 0 	0 	-53029.9802801 	
1.28146292585e-07 0 	0 	-51853.0196886 	
1.2872745491e-07 0 	0 	-50676.0590971 	
1.29308617234e-07 0 	0 	-49499.0985056 	
1.29889779559e-07 0 	0 	-48322.1379141 	
1.30470941884e-07 0 	0 	-47145.1773226 	
1.31052104208e-07 0 	0 	-45968.216731 	
1.31633266533e-07 0 	0 	-44791.2561395 	
1.32214428858e-07 0 	0 	-43614.295548 	
1.32795591182e-07 0 	0 	-42437.3349565 	
1.33376753507e-07 0 	0 	-41260.374365 	
1.33957915832e-07 0 	0 	-40083.4137735 	
1.34539078156e-07 0 	0 	-38499.608832 	
1.35120240481e-07 0 	0 	-36882.904531 	
1.35701402806e-07 0 	0 	-35266.2002301 	
1.3628256513e-07 0 	0 	-33649.4959291 	
1.36863727455e-07 0 	0 	-32032.7916282 	
1.3744488978e-07 0 	0 	-30416.0873272 	
1.38026052104e-07 0 	0 	-28799.3830263 	
1.38607214429e-07 0 	0 	-27182.6787253 	
1.39188376754e-07 0 	0 	-25565.9744244 	
1.39769539078e-07 0 	0 	-23949.2701234 	
1.40350701403e-07 0 	0 	-22332.5658225 	
1.40931863727e-07 0 	0 	-20715.8615215 	
1.41513026052e-07 0 	0 	-19026.1910146 	
1.42094188377e-07 0 	0 	-17205.1635733 	
1.42675350701e-07 0 	0 	-15384.1361319 	
1.43256513026e-07 0 	0 	-13563.1086906 	
1.43837675351e-07 0 	0 	-11742.0812492 	
1.44418837675e-07 0 	0 	-9921.0538079 	
1.45e-07 0 	0 	-8100.02636655 	
