-1.45e-07 -0.0147209526616 0.698816781675 1.42984307144
-1.44418837675e-07 -0.0141862846411 0.713473435723 1.4006503617
-1.43837675351e-07 -0.0136807591534 0.727546654389 1.37341540225
-1.43256513026e-07 -0.013211053531 0.740943758389 1.34864880049
-1.42675350701e-07 -0.0127692716113 0.753782194022 1.32572673189
-1.42094188377e-07 -0.0123505523095 0.766143308175 1.30429073713
-1.41513026052e-07 -0.0119532290304 0.778051344189 1.28420954544
-1.40931863727e-07 -0.0115873478753 0.789261133585 1.26604808732
-1.40350701403e-07 -0.0112405142903 0.800027725249 1.24900798271
-1.39769539078e-07 -0.0109103274084 0.81040173884 1.23293771184
-1.39188376754e-07 -0.0106037554896 0.820201975468 1.21821050547
-1.38607214429e-07 -0.0103159629072 0.829527247555 1.2045170555
-1.38026052104e-07 -0.0100409189117 0.838525641955 1.19151764464
-1.3744488978e-07 -0.00978637008989 0.84698605374 1.17961225707
-1.36863727455e-07 -0.00954671608827 0.855041819221 1.16847926668
-1.3628256513e-07 -0.00931669333676 0.862834991468 1.15784422815
-1.35701402806e-07 -0.00910743120363 0.870045974 1.14825692691
-1.35120240481e-07 -0.00890681259672 0.877007366525 1.13909489788
-1.34539078156e-07 -0.00871784005163 0.883632467982 1.13050586953
-1.33957915832e-07 -0.00854325119808 0.889830881356 1.12260795051
-1.33376753507e-07 -0.00837420608648 0.895864011821 1.11497522842
-1.32795591182e-07 -0.00822145031337 0.901401806448 1.10810809286
-1.32214428858e-07 -0.00807389193767 0.906777924264 1.10148027871
-1.31633266533e-07 -0.00793720097105 0.911815986726 1.09535286955
-1.31052104208e-07 -0.00780852864964 0.916599370957 1.08958775917
-1.30470941884e-07 -0.00768663127611 0.921167577726 1.08412875477
-1.29889779559e-07 -0.00757450003851 0.925419660428 1.07910335959
-1.29308617234e-07 -0.00746619273839 0.929547964527 1.0742477444
-1.2872745491e-07 -0.00736849958566 0.933326703859 1.06985587904
-1.28146292585e-07 -0.0072726457652 0.937044866893 1.06554437718
-1.27565130261e-07 -0.00718751537108 0.940404278212 1.06169455547
-1.26983967936e-07 -0.00710304440447 0.943741628416 1.05787312437
-1.26402805611e-07 -0.00702881437033 0.946731464988 1.05448671894
-1.25821643287e-07 -0.00695472045024 0.949716682696 1.0511060955
-1.25240480962e-07 -0.0068899262428 0.952382254296 1.04811572326
-1.24659318637e-07 -0.00682526704176 0.955043185509 1.04513101639
-1.24078156313e-07 -0.00676862675339 0.957425300694 1.04247911782
-1.23496993988e-07 -0.0067125219017 0.959788798851 1.03984944144
-1.22915831663e-07 -0.0066629209793 0.961923814974 1.03748702671
-1.22334669339e-07 -0.00661455036825 0.964015610449 1.03517516835
-1.21753507014e-07 -0.00657102645815 0.965935574539 1.03306070761
-1.21172344689e-07 -0.00652962838038 0.967780170927 1.03103282829
-1.20591182365e-07 -0.0064913564341 0.969513034311 1.02913126716
-1.2001002004e-07 -0.00645622557491 0.971133630153 1.02735662853
-1.19428857715e-07 -0.00642250335401 0.972703520042 1.02563851301
-1.18847695391e-07 -0.00639298864963 0.974121954343 1.02408922856
-1.18266533066e-07 -0.00636347394525 0.975540388644 1.0225399441
-1.17685370741e-07 -0.00633872513854 0.976786206035 1.02118073354
-1.17104208417e-07 -0.00631422751872 0.978022925642 1.01983154083
-1.16523046092e-07 -0.00629238773374 0.979162870187 1.01858779181
-1.15941883768e-07 -0.00627235776743 0.98023691699 1.01741584332
-1.15360721443e-07 -0.00625305927433 0.981284210996 1.01627278513
-1.14779559118e-07 -0.00623699473775 0.982213226742 1.01525745541
-1.14198396794e-07 -0.00622093020117 0.983142242488 1.01424212569
-1.13617234469e-07 -0.00620738189332 0.983978892252 1.01332580975
-1.13036072144e-07 -0.00619482528017 0.984779138785 1.01244851707
-1.1245490982e-07 -0.00618286269457 0.985557516289 1.01159453014
-1.11873747495e-07 -0.00617339868839 0.986243908992 1.01083857108
-1.1129258517e-07 -0.00616393468221 0.986930301694 1.01008261202
-1.10711422846e-07 -0.00615612105093 0.987555804352 1.00939125701
-1.10130260521e-07 -0.00614937397905 0.988141956649 1.00874165255
-1.09549098196e-07 -0.00614262690717 0.988728108946 1.00809204808
-1.08967935872e-07 -0.00613816777284 0.989229726742 1.00753186606
-1.08386773547e-07 -0.00613379906101 0.989728003616 1.00697521814
-1.07805611222e-07 -0.00612995779991 0.990206778273 1.00643916764
-1.07224448898e-07 -0.00612766344576 0.990628356847 1.00596352521
-1.06643286573e-07 -0.00612536909161 0.991049935422 1.00548788278
-1.06062124248e-07 -0.00612394503921 0.991439335523 1.00504622133
-1.05480961924e-07 -0.0061234531217 0.991794270935 1.00464095512
-1.04899799599e-07 -0.0061229612042 0.992149206348 1.00423568892
-1.04318637275e-07 -0.00612347747401 0.992466893991 1.00386981014
-1.0373747495e-07 -0.00612454571465 0.992764188912 1.00352549552
-1.03156312625e-07 -0.0061256139553 0.993061483833 1.0031811809
-1.02575150301e-07 -0.00612768140062 0.993321921059 1.00287595497
-1.01993987976e-07 -0.0061300947909 0.993569597402 1.00258426235
-1.01412825651e-07 -0.00613250818119 0.993817273745 1.00229256973
-1.00831663327e-07 -0.00613581229743 0.994032174071 1.00203579701
-1.00250501002e-07 -0.00613938080528 0.994237345587 1.00178938945
-9.96693386774e-08 -0.00614294931312 0.994442517104 1.0015429819
-9.90881763527e-08 -0.00614723844192 0.99462126192 1.001324911
-9.85070140281e-08 -0.00615179480833 0.994790206565 1.00111734856
-9.79258517034e-08 -0.00615635117473 0.99495915121 1.00090978613
-9.73446893788e-08 -0.00616142599002 0.995109168013 1.0007226919
-9.67635270541e-08 -0.00616682362529 0.99524739911 1.00054834252
-9.61823647295e-08 -0.00617222126057 0.995385630207 1.00037399314
-9.56012024048e-08 -0.00617792549844 0.995512731197 1.00021180982
-9.50200400802e-08 -0.00618403648577 0.995625066608 1.00006576641
-9.44388777555e-08 -0.0061901474731 0.995737402019 0.999919723004
-9.38577154309e-08 -0.006196359851 0.995846082879 0.999777728151
-9.32765531062e-08 -0.00620307306319 0.995936711522 0.999655731757
-9.26953907816e-08 -0.00620978627539 0.996027340165 0.999533735363
-9.21142284569e-08 -0.00621649948759 0.996117968808 0.999411738969
-9.15330661323e-08 -0.00622363286633 0.996193585135 0.999306649079
-9.09519038076e-08 -0.0062308522 0.996266130341 0.999205017811
-9.0370741483e-08 -0.00623807153366 0.996338675546 0.999103386543
-8.97895791583e-08 -0.006245465911 0.996405033439 0.999008864108
-8.92084168337e-08 -0.00625310864073 0.996462612756 0.998924427703
-8.8627254509e-08 -0.00626075137045 0.996520192073 0.998839991298
-8.80460921844e-08 -0.00626839410018 0.99657777139 0.998755554894
-8.74649298597e-08 -0.00627635984275 0.996624082087 0.998684382826
-8.68837675351e-08 -0.00628435509626 0.996669363265 0.998614422608
-8.63026052104e-08 -0.00629235034977 0.996714644444 0.99854446239
-8.57214428858e-08 -0.00630044399854 0.996756547583 0.998478596385
-8.51402805611e-08 -0.00630873135242 0.99679180057 0.998420790421
-8.45591182365e-08 -0.0063170187063 0.996827053556 0.998362984457
-8.39779559118e-08 -0.00632530606018 0.996862306543 0.998305178492
-8.33967935872e-08 -0.00633375554635 0.996892101184 0.998254225105
-8.28156312625e-08 -0.00634228374053 0.996919246042 0.998206598338
-8.22344689379e-08 -0.0063508119347 0.9969463909 0.99815897157
-8.16533066132e-08 -0.00635934012887 0.996973535758 0.998111344803
-8.10721442886e-08 -0.00636805074789 0.996994684459 0.99807157174
-8.04909819639e-08 -0.006376776516 0.997015335223 0.998032450871
-7.99098196393e-08 -0.0063855022841 0.997035985986 0.997993330002
-7.93286573146e-08 -0.0063942417928 0.997056198203 0.997954813637
-7.874749499e-08 -0.00640312880438 0.997071702713 0.997922786515
-7.81663326653e-08 -0.00641201581595 0.997087207222 0.997890759393
-7.75851703407e-08 -0.00642090282753 0.997102711732 0.997858732271
-7.7004008016e-08 -0.00642981036314 0.997117584573 0.997827631234
-7.64228456914e-08 -0.00643882827293 0.99712906043 0.997801510498
-7.58416833667e-08 -0.00644784618271 0.997140536287 0.997775389762
-7.52605210421e-08 -0.0064568640925 0.997152012144 0.997749269026
-7.46793587174e-08 -0.00646589636874 0.99716306538 0.997723815912
-7.40981963928e-08 -0.00647501996743 0.997171432162 0.997702606628
-7.35170340681e-08 -0.00648414356612 0.997179798943 0.997681397345
-7.29358717435e-08 -0.00649326716482 0.997188165725 0.997660188062
-7.23547094188e-08 -0.00650239249928 0.997196484259 0.997639062237
-7.17735470942e-08 -0.00651160095974 0.997202492204 0.997621933261
-7.11923847695e-08 -0.0065208094202 0.997208500149 0.997604804285
-7.06112224449e-08 -0.00653001788066 0.997214508094 0.997587675309
-7.00300601202e-08 -0.00653922634113 0.997220516038 0.997570546333
-6.94488977956e-08 -0.00654848955433 0.997225107671 0.997556155126
-6.88677354709e-08 -0.00655776576673 0.997229363049 0.99754241391
-6.82865731463e-08 -0.00656704197914 0.997233618426 0.997528672695
-6.77054108216e-08 -0.00657631819155 0.997237873803 0.997514931479
-6.7124248497e-08 -0.00658562111469 0.997241499382 0.997502586875
-6.65430861723e-08 -0.00659495110389 0.997244486786 0.997491657461
-6.59619238477e-08 -0.00660428109309 0.997247474189 0.997480728047
-6.5380761523e-08 -0.00661361108228 0.997250461592 0.997469798633
-6.47995991984e-08 -0.00662294462724 0.997253374779 0.997459064763
-6.42184368737e-08 -0.00663231704547 0.997255476594 0.997450468671
-6.36372745491e-08 -0.0066416894637 0.997257578408 0.99744187258
-6.30561122244e-08 -0.00665106188193 0.997259680222 0.997433276488
-6.24749498998e-08 -0.00666043430017 0.997261782037 0.997424680396
-6.18937875752e-08 -0.00666982558492 0.997263550116 0.997417182073
-6.13126252505e-08 -0.00667923127312 0.997265063408 0.997410521831
-6.07314629259e-08 -0.00668863696132 0.9972665767 0.997403861588
-6.01503006012e-08 -0.00669804264953 0.997268089992 0.997397201346
-5.95691382766e-08 -0.00670744833773 0.997269603285 0.997390541103
-5.89879759519e-08 -0.00671687849849 0.997270774632 0.997385396345
-5.84068136273e-08 -0.0067263101094 0.997271925717 0.997380341388
-5.78256513026e-08 -0.00673574172031 0.997273076801 0.997375286432
-5.7244488978e-08 -0.00674517333122 0.997274227886 0.997370231475
-5.66633266533e-08 -0.00675460920126 0.99727533776 0.997365458753
-5.60821643287e-08 -0.00676406087783 0.997276294688 0.99736173346
-5.5501002004e-08 -0.00677351255439 0.997277251617 0.997358008167
-5.49198396794e-08 -0.00678296423095 0.997278208546 0.997354282874
-5.43386773547e-08 -0.00679241590752 0.997279165475 0.997350557581
-5.37575150301e-08 -0.00680187327821 0.997280095191 0.99734723791
-5.31763527054e-08 -0.00681134038114 0.997280978395 0.997344611517
-5.25951903808e-08 -0.00682080748407 0.9972818616 0.997341985123
-5.20140280561e-08 -0.00683027458701 0.997282744804 0.99733935873
-5.14328657315e-08 -0.00683974168994 0.997283628008 0.997336732337
-5.08517034068e-08 -0.00684921364453 0.997284514557 0.997334478641
-5.02705410822e-08 -0.00685869252306 0.997285405877 0.997332756831
-4.96893787575e-08 -0.00686817140159 0.997286297197 0.997331035021
-4.91082164329e-08 -0.00687765028012 0.997287188517 0.997329313211
-4.85270541082e-08 -0.00688712915866 0.997288079837 0.997327591401
-4.79458917836e-08 -0.00689661105507 0.997288991108 0.99732611982
-4.73647294589e-08 -0.00690609885548 0.997289941408 0.997325137772
-4.67835671343e-08 -0.00691558665589 0.997290891708 0.997324155723
-4.62024048096e-08 -0.0069250744563 0.997291842008 0.997323173674
-4.5621242485e-08 -0.0069345622567 0.997292792308 0.997322191625
-4.50400801603e-08 -0.0069440510303 0.997293754983 0.997321296464
-4.44589178357e-08 -0.00695354553712 0.997294790557 0.99732091317
-4.3877755511e-08 -0.00696304004394 0.997295826132 0.997320529875
-4.32965931864e-08 -0.00697253455075 0.997296861706 0.997320146581
-4.27154308617e-08 -0.00698202905757 0.997297897281 0.997319763287
-4.21342685371e-08 -0.00699152356439 0.997298932855 0.997319379992
-4.15531062124e-08 -0.00700102221883 0.997300045071 0.997319392483
-4.09719438878e-08 -0.00701052172416 0.997301173011 0.99731948617
-4.03907815631e-08 -0.00702002122949 0.997302300951 0.997319579857
-3.98096192385e-08 -0.00702952073483 0.997303428891 0.997319673544
-3.92284569138e-08 -0.00703902024016 0.997304556831 0.997319767231
-3.86472945892e-08 -0.00704852118275 0.997305717767 0.997320005293
-3.80661322645e-08 -0.0070580243795 0.997306930456 0.997320469788
-3.74849699399e-08 -0.00706752757625 0.997308143144 0.997320934283
-3.69038076152e-08 -0.00707703077301 0.997309355833 0.997321398778
-3.63226452906e-08 -0.00708653396976 0.997310568521 0.997321863273
-3.57414829659e-08 -0.00709603716651 0.99731178121 0.997322327768
-3.51603206413e-08 -0.00710554257853 0.997313048235 0.99732301999
-3.45791583166e-08 -0.00711504847382 0.997314327113 0.997323761891
-3.3997995992e-08 -0.00712455436911 0.997315605992 0.997324503793
-3.34168336673e-08 -0.0071340602644 0.99731688487 0.997325245694
-3.28356713427e-08 -0.0071435661597 0.997318163749 0.997325987596
-3.2254509018e-08 -0.00715307229183 0.997319447468 0.997326753135
-3.16733466934e-08 -0.00716258013734 0.997320766202 0.997327689673
-3.10921843687e-08 -0.00717208798285 0.997322084937 0.99732862621
-3.05110220441e-08 -0.00718159582835 0.997323403672 0.997329562748
-2.99298597194e-08 -0.00719110367386 0.997324722406 0.997330499286
-2.93486973948e-08 -0.00720061151937 0.997326041141 0.997331435824
-2.87675350701e-08 -0.00721011976523 0.997327362303 0.997332407176
-2.81863727455e-08 -0.0072196290015 0.997328689469 0.997333464655
-2.76052104208e-08 -0.00722913823778 0.997330016635 0.997334522133
-2.70240480962e-08 -0.00723864747406 0.9973313438 0.997335579612
-2.64428857715e-08 -0.00724815671034 0.997332670966 0.997336637091
-2.58617234469e-08 -0.00725766594662 0.997333998132 0.997337694569
-2.52805611222e-08 -0.0072671754923 0.997335317125 0.997338769564
-2.46993987976e-08 -0.0072766857046 0.997336618506 0.997339882297
-2.41182364729e-08 -0.0072861959169 0.997337919888 0.99734099503
-2.35370741483e-08 -0.0072957061292 0.997339221269 0.997342107763
-2.29559118236e-08 -0.00730521634149 0.997340522651 0.997343220496
-2.2374749499e-08 -0.00731472655379 0.997341824033 0.997344333229
-2.17935871743e-08 -0.0073242369041 0.997343112914 0.99734544533
-2.12124248497e-08 -0.00733374778746 0.997344353513 0.997346554991
-2.0631262525e-08 -0.00734325867083 0.997345594112 0.997347664652
-2.00501002004e-08 -0.00735276955419 0.997346834711 0.997348774314
-1.94689378758e-08 -0.00736228043756 0.997348075309 0.997349883975
-1.88877755511e-08 -0.00737179132092 0.997349315908 0.997350993636
-1.83066132265e-08 -0.00738130220429 0.997350556507 0.997352103297
-1.77254509018e-08 -0.00739081351387 0.997351707027 0.997353161313
-1.71442885772e-08 -0.00740032484565 0.997352852854 0.99735421664
-1.65631262525e-08 -0.00740983617744 0.997353998682 0.997355271966
-1.59819639279e-08 -0.00741934750922 0.99735514451 0.997356327293
-1.54008016032e-08 -0.007428858841 0.997356290338 0.997357382619
-1.48196392786e-08 -0.00743837017278 0.997357436166 0.997358437945
-1.42384769539e-08 -0.00744788166151 0.997358512873 0.99735943926
-1.36573146293e-08 -0.00745739327961 0.9973595326 0.997360396051
-1.30761523046e-08 -0.00746690489771 0.997360552328 0.997361352843
-1.249498998e-08 -0.00747641651582 0.997361572056 0.997362309634
-1.19138276553e-08 -0.00748592813392 0.997362591784 0.997363266425
-1.13326653307e-08 -0.00749543975202 0.997363611511 0.997364223217
-1.0751503006e-08 -0.00750495137012 0.997364631239 0.997365180008
-1.01703406814e-08 -0.00751446315468 0.997365498512 0.997366002034
-9.58917835671e-09 -0.00752397494005 0.997366365041 0.997366823403
-9.00801603206e-09 -0.00753348672543 0.997367231569 0.997367644771
-8.42685370741e-09 -0.0075429985108 0.997368098098 0.99736846614
-7.84569138277e-09 -0.00755251029617 0.997368964626 0.997369287508
-7.26452905812e-09 -0.00756202208154 0.997369831155 0.997370108877
-6.68336673347e-09 -0.00757153388899 0.997370647434 0.997370882868
-6.10220440882e-09 -0.00758104575102 0.997371339449 0.997371539696
-5.52104208417e-09 -0.00759055761304 0.997372031464 0.997372196525
-4.93987975952e-09 -0.00760006947507 0.997372723479 0.997372853353
-4.35871743487e-09 -0.0076095813371 0.997373415494 0.997373510182
-3.77755511022e-09 -0.00761909319913 0.997374107509 0.997374167011
-3.19639278557e-09 -0.00762860506116 0.997374799524 0.997374823839
-2.61523046092e-09 -0.00763811692373 0.997375411845 0.997375402319
-2.03406813627e-09 -0.00764762878704 0.997375915419 0.997375873885
-1.45290581162e-09 -0.00765714065035 0.997376418993 0.997376345451
-8.71743486974e-10 -0.00766665251365 0.997376922567 0.997376817017
-2.90581162324e-10 -0.00767616437696 0.997377426141 0.997377288583
2.90581162325e-10 -0.00768567624027 0.997377929715 0.997377760149
8.71743486974e-10 -0.00769518810358 0.997378433289 0.997378231714
1.45290581162e-09 -0.00770469993826 0.997378860269 0.997378625261
2.03406813627e-09 -0.00771421172933 0.99737917059 0.997378899976
2.61523046092e-09 -0.0077237235204 0.997379480911 0.997379174691
3.19639278557e-09 -0.00773323531147 0.997379791232 0.997379449407
3.77755511022e-09 -0.00774274710254 0.997380101552 0.997379724122
4.35871743487e-09 -0.00775225889361 0.997380411873 0.997379998837
4.93987975952e-09 -0.00776177068468 0.997380722194 0.997380273552
5.52104208417e-09 -0.00777128244312 0.997380994287 0.997380507686
6.10220440882e-09 -0.00778079407454 0.997381117603 0.997380583886
6.68336673347e-09 -0.00779030570595 0.997381240918 0.997380660086
7.26452905812e-09 -0.00779981733737 0.997381364234 0.997380736286
7.84569138277e-09 -0.00780932896879 0.99738148755 0.997380812486
8.42685370742e-09 -0.00781884060021 0.997381610866 0.997380888687
9.00801603206e-09 -0.00782835223163 0.997381734182 0.997380964887
9.58917835671e-09 -0.00783786386305 0.997381857498 0.997381041087
1.01703406814e-08 -0.00784737525647 0.99738183965 0.997380957467
1.0751503006e-08 -0.00785688660566 0.997381795567 0.997380844146
1.13326653307e-08 -0.00786639795484 0.997381751485 0.997380730824
1.19138276553e-08 -0.00787590930403 0.997381707402 0.997380617502
1.249498998e-08 -0.00788542065322 0.997381663319 0.99738050418
1.30761523046e-08 -0.00789493200241 0.997381619237 0.997380390859
1.36573146293e-08 -0.0079044433516 0.997381575154 0.997380277537
1.42384769539e-08 -0.00791395455504 0.997381490425 0.997380111895
1.48196392786e-08 -0.00792346543243 0.997381314767 0.997379829204
1.54008016032e-08 -0.00793297630982 0.997381139108 0.997379546514
1.59819639279e-08 -0.00794248718721 0.99738096345 0.997379263823
1.65631262525e-08 -0.0079519980646 0.997380787791 0.997378981133
1.71442885772e-08 -0.00796150894199 0.997380612132 0.997378698442
1.77254509018e-08 -0.00797101981938 0.997380436474 0.997378415752
1.83066132265e-08 -0.00798053069677 0.997380260815 0.997378133061
1.88877755511e-08 -0.00799004110881 0.997380039892 0.997377767897
1.94689378758e-08 -0.00799955120706 0.997379788445 0.997377347119
2.00501002004e-08 -0.0080090613053 0.997379536999 0.997376926342
2.06312625251e-08 -0.00801857140355 0.997379285552 0.997376505564
2.12124248497e-08 -0.0080280815018 0.997379034106 0.997376084787
2.17935871743e-08 -0.00803759160005 0.997378782659 0.99737566401
2.2374749499e-08 -0.00804710169829 0.997378531213 0.997375243232
2.29559118236e-08 -0.00805661179654 0.997378279766 0.997374822455
2.35370741483e-08 -0.00806612098752 0.99737803196 0.997374333532
2.41182364729e-08 -0.0080756297973 0.997377785683 0.997373815978
2.46993987976e-08 -0.00808513860708 0.997377539406 0.997373298424
2.52805611222e-08 -0.00809464741686 0.997377293129 0.99737278087
2.58617234469e-08 -0.00810415622664 0.997377046853 0.997372263316
2.64428857715e-08 -0.00811366503643 0.997376800576 0.997371745762
2.70240480962e-08 -0.00812317384621 0.997376554299 0.997371228208
2.76052104208e-08 -0.00813268265599 0.997376308022 0.997370710653
2.81863727455e-08 -0.00814219012587 0.997376136113 0.997370162732
2.87675350701e-08 -0.00815169679282 0.997376008768 0.997369596614
2.93486973948e-08 -0.00816120345978 0.997375881423 0.997369030496
2.99298597194e-08 -0.00817071012673 0.997375754078 0.997368464378
3.05110220441e-08 -0.00818021679368 0.997375626733 0.99736789826
3.10921843687e-08 -0.00818972346064 0.997375499387 0.997367332142
3.16733466934e-08 -0.00819923012759 0.997375372042 0.997366766024
3.2254509018e-08 -0.00820873679455 0.997375244697 0.997366199906
3.28356713427e-08 -0.00821824218239 0.997375216164 0.997365633674
3.34168336673e-08 -0.00822774525979 0.997375366113 0.997365067237
3.3997995992e-08 -0.00823724833719 0.997375516062 0.9973645008
3.45791583166e-08 -0.00824675141459 0.997375666011 0.997363934363
3.51603206413e-08 -0.00825625449199 0.997375815959 0.997363367926
3.57414829659e-08 -0.00826575756939 0.997375965908 0.997362801489
3.63226452906e-08 -0.00827526064679 0.997376115857 0.997362235052
3.69038076152e-08 -0.0082847637242 0.997376265806 0.997361668614
3.74849699399e-08 -0.0082942668016 0.997376415755 0.997361102177
3.80661322645e-08 -0.00830376446648 0.997377011501 0.997360566285
3.86472945892e-08 -0.00831326148157 0.997377660768 0.997360034059
3.92284569138e-08 -0.00832275849666 0.997378310034 0.997359501834
3.98096192385e-08 -0.00833225551175 0.997378959301 0.997358969608
4.03907815631e-08 -0.00834175252684 0.997379608568 0.997358437382
4.09719438878e-08 -0.00835124954193 0.997380257834 0.997357905157
4.15531062124e-08 -0.00836074655702 0.997380907101 0.997357372931
4.21342685371e-08 -0.0083702435721 0.997381556368 0.997356840706
4.27154308617e-08 -0.00837973820965 0.997382393652 0.997356315077
4.32965931864e-08 -0.00838922489335 0.997383859934 0.997355811516
4.3877755511e-08 -0.00839871157704 0.997385326215 0.997355307956
4.44589178357e-08 -0.00840819826074 0.997386792496 0.997354804396
4.50400801603e-08 -0.00841768494444 0.997388258777 0.997354300836
4.5621242485e-08 -0.00842717162814 0.997389725058 0.997353797275
4.62024048096e-08 -0.00843665831184 0.997391191339 0.997353293715
4.67835671343e-08 -0.00844614499553 0.997392657621 0.997352790155
4.73647294589e-08 -0.00845563167923 0.997394123902 0.997352286594
4.79458917836e-08 -0.00846511189743 0.997396057716 0.997351758825
4.85270541082e-08 -0.00847458079927 0.997398809837 0.997351188684
4.91082164329e-08 -0.0084840497011 0.997401561959 0.997350618543
4.96893787575e-08 -0.00849351860294 0.99740431408 0.997350048401
5.02705410822e-08 -0.00850298750478 0.997407066202 0.99734947826
5.08517034068e-08 -0.00851245640662 0.997409818323 0.997348908119
5.14328657315e-08 -0.00852192530845 0.997412570445 0.997348337977
5.20140280561e-08 -0.00853139421029 0.997415322566 0.997347767836
5.25951903808e-08 -0.00854086311213 0.997418074688 0.997347197695
5.31763527054e-08 -0.00855032309129 0.997421404939 0.997346528229
5.37575150301e-08 -0.00855976105837 0.99742616143 0.997345613731
5.43386773547e-08 -0.00856919902544 0.99743091792 0.997344699233
5.49198396794e-08 -0.00857863699252 0.99743567441 0.997343784735
5.5501002004e-08 -0.00858807495959 0.9974404309 0.997342870238
5.60821643287e-08 -0.00859751292667 0.99744518739 0.99734195574
5.66633266533e-08 -0.00860695089374 0.99744994388 0.997341041242
5.7244488978e-08 -0.00861638886081 0.99745470037 0.997340126744
5.78256513026e-08 -0.00862582682789 0.99745945686 0.997339212247
5.84068136273e-08 -0.00863526479496 0.99746421335 0.997338297749
5.89879759519e-08 -0.00864464834216 0.997472120547 0.997336405031
5.95691382766e-08 -0.0086540318742 0.997480028622 0.997334512041
6.01503006012e-08 -0.00866341540624 0.997487936697 0.997332619051
6.07314629259e-08 -0.00867279893827 0.997495844772 0.99733072606
6.13126252505e-08 -0.00868218247031 0.997503752847 0.99732883307
6.18937875752e-08 -0.00869156600235 0.997511660922 0.99732694008
6.24749498998e-08 -0.00870094953438 0.997519568997 0.997325047089
6.30561122244e-08 -0.00871033306642 0.997527477072 0.997323154099
6.36372745491e-08 -0.00871971659845 0.997535385146 0.997321261109
6.42184368737e-08 -0.00872905239042 0.997545784211 0.997318237352
6.47995991984e-08 -0.00873833897546 0.997558750801 0.997314048084
6.5380761523e-08 -0.0087476255605 0.997571717391 0.997309858816
6.59619238477e-08 -0.00875691214554 0.997584683982 0.997305669548
6.65430861723e-08 -0.00876619873058 0.997597650572 0.99730148028
6.7124248497e-08 -0.00877548531562 0.997610617163 0.997297291012
6.77054108216e-08 -0.00878477190066 0.997623583753 0.997293101745
6.82865731463e-08 -0.0087940584857 0.997636550343 0.997288912477
6.88677354709e-08 -0.00880334507074 0.997649516934 0.997284723209
6.94488977956e-08 -0.00881263165578 0.997662483524 0.997280533941
7.00300601202e-08 -0.00882178511517 0.997681806219 0.997272599207
7.06112224449e-08 -0.00883089686434 0.997703120376 0.997263490964
7.11923847695e-08 -0.0088400086135 0.997724434533 0.99725438272
7.17735470942e-08 -0.00884912036267 0.99774574869 0.997245274477
7.23547094188e-08 -0.00885823211183 0.997767062846 0.997236166233
7.29358717435e-08 -0.00886734386099 0.997788377003 0.99722705799
7.35170340681e-08 -0.00887645561016 0.99780969116 0.997217949746
7.40981963928e-08 -0.00888556735932 0.997831005317 0.997208841503
7.46793587174e-08 -0.00889467910849 0.997852319473 0.997199733259
7.52605210421e-08 -0.00890379085765 0.99787363363 0.997190625016
7.58416833667e-08 -0.00891264661713 0.99790633423 0.997173472237
7.64228456914e-08 -0.00892143895767 0.997941855711 0.997154326503
7.7004008016e-08 -0.00893023129821 0.997977377191 0.99713518077
7.75851703407e-08 -0.00893902363875 0.998012898671 0.997116035036
7.81663326653e-08 -0.00894781597929 0.998048420151 0.997096889302
7.874749499e-08 -0.00895660831983 0.998083941632 0.997077743568
7.93286573146e-08 -0.00896540066038 0.998119463112 0.997058597835
7.99098196393e-08 -0.00897419300092 0.998154984592 0.997039452101
8.04909819639e-08 -0.00898298534146 0.998190506072 0.997020306367
8.10721442886e-08 -0.008991777682 0.998226027553 0.997001160633
8.16533066132e-08 -0.00900021102271 0.998276691598 0.996969897808
8.22344689379e-08 -0.00900841202485 0.998337155653 0.996930793008
8.28156312625e-08 -0.00901661302699 0.998397619708 0.996891688208
8.33967935872e-08 -0.00902481402913 0.998458083764 0.996852583407
8.39779559118e-08 -0.00903301503127 0.998518547819 0.996813478607
8.45591182365e-08 -0.00904121603341 0.998579011874 0.996774373807
8.51402805611e-08 -0.00904941703555 0.998639475929 0.996735269007
8.57214428858e-08 -0.00905761803769 0.998699939985 0.996696164207
8.63026052104e-08 -0.00906581903983 0.99876040404 0.996657059407
8.68837675351e-08 -0.00907402004197 0.998820868095 0.996617954606
8.74649298597e-08 -0.00908202920584 0.998889127148 0.996572073327
8.80460921844e-08 -0.00908912042984 0.998994685013 0.996493766818
8.8627254509e-08 -0.00909621165385 0.999100242878 0.996415460308
8.92084168337e-08 -0.00910330287785 0.999205800743 0.996337153798
8.97895791583e-08 -0.00911039410185 0.999311358608 0.996258847289
9.0370741483e-08 -0.00911748532585 0.999416916472 0.996180540779
9.09519038076e-08 -0.00912457654985 0.999522474337 0.996102234269
9.15330661323e-08 -0.00913166777385 0.999628032202 0.99602392776
9.21142284569e-08 -0.00913875899785 0.999733590067 0.99594562125
9.26953907816e-08 -0.00914585022185 0.999839147931 0.995867314741
9.32765531062e-08 -0.00915294144586 0.999944705796 0.995789008231
9.38577154309e-08 -0.00915899128943 1.00009156677 0.995672881737
9.44388777555e-08 -0.00916397060106 1.00028088705 0.995517876559
9.50200400802e-08 -0.00916894991269 1.00047020733 0.99536287138
9.56012024048e-08 -0.00917392922432 1.00065952761 0.995207866202
9.61823647295e-08 -0.00917890853595 1.0008488479 0.995052861023
9.67635270541e-08 -0.00918388784758 1.00103816818 0.994897855845
9.73446893788e-08 -0.00918886715921 1.00122748846 0.994742850666
9.79258517034e-08 -0.00919384647084 1.00141680874 0.994587845488
9.85070140281e-08 -0.00919882578247 1.00160612902 0.994432840309
9.90881763527e-08 -0.0092038050941 1.00179544931 0.994277835131
9.96693386774e-08 -0.00920878440573 1.00198476959 0.994122829952
1.00250501002e-07 -0.00921147263575 1.00226377284 0.993883387548
1.00831663327e-07 -0.00921237550047 1.00261266311 0.993578145964
1.01412825651e-07 -0.00921327836519 1.00296155339 0.99327290438
1.01993987976e-07 -0.00921418122991 1.00331044366 0.992967662797
1.02575150301e-07 -0.00921508409463 1.00365933393 0.992662421213
1.03156312625e-07 -0.00921598695935 1.0040082242 0.992357179629
1.0373747495e-07 -0.00921688982407 1.00435711448 0.992051938045
1.04318637275e-07 -0.00921779268879 1.00470600475 0.991746696461
1.04899799599e-07 -0.00921869555352 1.00505489502 0.991441454877
1.05480961924e-07 -0.00921959841824 1.0054037853 0.991136213293
1.06062124248e-07 -0.00922050128296 1.00575267557 0.990830971709
1.06643286573e-07 -0.0092184204663 1.00621804022 0.99041538158
1.07224448898e-07 -0.00921134003568 1.00687857547 0.989814885603
1.07805611222e-07 -0.00920425960506 1.00753911073 0.989214389625
1.08386773547e-07 -0.00919717917443 1.00819964599 0.988613893648
1.08967935872e-07 -0.00919009874381 1.00886018124 0.988013397671
1.09549098196e-07 -0.00918301831319 1.0095207165 0.987412901694
1.10130260521e-07 -0.00917593788257 1.01018125176 0.986812405717
1.10711422846e-07 -0.00916885745194 1.01084178702 0.98621190974
1.1129258517e-07 -0.00916177702132 1.01150232227 0.985611413763
1.11873747495e-07 -0.0091546965907 1.01216285753 0.985010917786
1.1245490982e-07 -0.00914761616007 1.01282339279 0.984410421809
1.13036072144e-07 -0.00914053572945 1.01348392805 0.983809925832
1.13617234469e-07 -0.00911882246971 1.01472121334 0.982673223108
1.14198396794e-07 -0.00909587439336 1.01600716868 0.98149127165
1.14779559118e-07 -0.00907292631701 1.01729312403 0.980309320191
1.15360721443e-07 -0.00904997824067 1.01857907937 0.979127368733
1.15941883768e-07 -0.00902703016432 1.01986503472 0.977945417275
1.16523046092e-07 -0.00900408208798 1.02115099006 0.976763465816
1.17104208417e-07 -0.00898113401163 1.02243694541 0.975581514358
1.17685370741e-07 -0.00895818593528 1.02372290075 0.974399562899
1.18266533066e-07 -0.00893523785894 1.02500885609 0.973217611441
1.18847695391e-07 -0.00891228978259 1.02629481144 0.972035659983
1.19428857715e-07 -0.00888934170624 1.02758076678 0.970853708524
1.2001002004e-07 -0.00885995257165 1.02912802452 0.969442450578
1.20591182365e-07 -0.00880498379746 1.03171300318 0.967120538345
1.21172344689e-07 -0.00875001502327 1.03429798185 0.964798626112
1.21753507014e-07 -0.00869504624908 1.03688296051 0.962476713878
1.22334669339e-07 -0.00864007747489 1.03946793918 0.960154801645
1.22915831663e-07 -0.0085851087007 1.04205291785 0.957832889411
1.23496993988e-07 -0.00853013992651 1.04463789651 0.955510977178
1.24078156313e-07 -0.00847517115232 1.04722287518 0.953189064944
1.24659318637e-07 -0.00842020237814 1.04980785384 0.950867152711
1.25240480962e-07 -0.00836523360395 1.05239283251 0.948545240477
1.25821643287e-07 -0.00831026482976 1.05497781117 0.946223328244
1.26402805611e-07 -0.00825529605557 1.05756278984 0.943901416011
1.26983967936e-07 -0.00818691534003 1.0607280584 0.941132468316
1.27565130261e-07 -0.00806630406464 1.0661531688 0.936622615872
1.28146292585e-07 -0.00794569278925 1.0715782792 0.932112763428
1.2872745491e-07 -0.00782508151386 1.07700338959 0.927602910983
1.29308617234e-07 -0.00770447023847 1.08242849999 0.923093058539
1.29889779559e-07 -0.00758385896308 1.08785361039 0.918583206095
1.30470941884e-07 -0.00746324768769 1.09327872079 0.914073353651
1.31052104208e-07 -0.0073426364123 1.09870383118 0.909563501206
1.31633266533e-07 -0.00722202513691 1.10412894158 0.905053648762
1.32214428858e-07 -0.00710141386152 1.10955405198 0.900543796318
1.32795591182e-07 -0.00698080258613 1.11497916238 0.896033943873
1.33376753507e-07 -0.00686019131074 1.12040427277 0.891524091429
1.33957915832e-07 -0.00673958003535 1.12582938317 0.887014238985
1.34539078156e-07 -0.00649230697809 1.13753164339 0.878845093208
1.35120240481e-07 -0.00623479144974 1.14974150366 0.870380039655
1.35701402806e-07 -0.0059772759214 1.16195136392 0.861914986103
1.3628256513e-07 -0.00571976039306 1.17416122418 0.85344993255
1.36863727455e-07 -0.00546224486471 1.18637108444 0.844984878998
1.3744488978e-07 -0.00520472933637 1.1985809447 0.836519825445
1.38026052104e-07 -0.00494721380803 1.21079080496 0.828054771893
1.38607214429e-07 -0.00468969827968 1.22300066523 0.81958971834
1.39188376754e-07 -0.00443218275134 1.23521052549 0.811124664788
1.39769539078e-07 -0.004174667223 1.24742038575 0.802659611235
1.40350701403e-07 -0.00391715169466 1.25963024601 0.794194557683
1.40931863727e-07 -0.00365963616631 1.27184010627 0.78572950413
1.41513026052e-07 -0.00329780181278 1.29009289941 0.774746019615
1.42094188377e-07 -0.00274816817732 1.31922444287 0.759228746251
1.42675350701e-07 -0.00219853454186 1.34835598634 0.743711472886
1.43256513026e-07 -0.00164890090639 1.37748752981 0.728194199522
1.43837675351e-07 -0.00109926727093 1.40661907328 0.712676926158
1.44418837675e-07 -0.000549633635464 1.43575061674 0.697159652793
1.45e-07 0 1.46488216021 0.681642379429
