-1.45e-07 0 	0 	-434424.893916 	
-1.44418837675e-07 0 	0 	-408313.24492 	
-1.43837675351e-07 0 	0 	-382946.89709 	
-1.43256513026e-07 0 	0 	-359265.375655 	
-1.42675350701e-07 0 	0 	-336903.495609 	
-1.42094188377e-07 0 	0 	-315634.680142 	
-1.41513026052e-07 0 	0 	-295381.974415 	
-1.40931863727e-07 0 	0 	-276628.98773 	
-1.40350701403e-07 0 	0 	-258788.666683 	
-1.39769539078e-07 0 	0 	-241747.076493 	
-1.39188376754e-07 0 	0 	-225842.111263 	
-1.38607214429e-07 0 	0 	-210845.082553 	
-1.38026052104e-07 0 	0 	-196465.420224 	
-1.3744488978e-07 0 	0 	-183081.078592 	
-1.36863727455e-07 0 	0 	-170423.305592 	
-1.3628256513e-07 0 	0 	-158235.577641 	
-1.35701402806e-07 0 	0 	-147065.053221 	
-1.35120240481e-07 0 	0 	-136319.914689 	
-1.34539078156e-07 0 	0 	-126147.930012 	
-1.33957915832e-07 0 	0 	-116686.974117 	
-1.33376753507e-07 0 	0 	-107500.306929 	
-1.32795591182e-07 0 	0 	-99122.4498087 	
-1.32214428858e-07 0 	0 	-91003.8064447 	
-1.31633266533e-07 0 	0 	-83427.161644 	
-1.31052104208e-07 0 	0 	-76252.2204925 	
-1.30470941884e-07 0 	0 	-69416.6784801 	
-1.29889779559e-07 0 	0 	-63072.5696296 	
-1.29308617234e-07 0 	0 	-56920.8817839 	
-1.2872745491e-07 0 	0 	-51305.6922708 	
-1.28146292585e-07 0 	0 	-45783.4728912 	
-1.27565130261e-07 0 	0 	-40805.7100751 	
-1.26983967936e-07 0 	0 	-35861.4281278 	
-1.26402805611e-07 0 	0 	-31439.4465959 	
-1.25821643287e-07 0 	0 	-27024.4070507 	
-1.25240480962e-07 0 	0 	-23085.8052741 	
-1.24659318637e-07 0 	0 	-19154.1200713 	
-1.24078156313e-07 0 	0 	-15635.1136042 	
-1.23496993988e-07 0 	0 	-12143.6624104 	
-1.22915831663e-07 0 	0 	-8988.44083476 	
-1.22334669339e-07 0 	0 	-5896.82190559 	
-1.21753507014e-07 0 	0 	-3056.89693242 	
-1.21172344689e-07 0 	0 	-327.368526424 	
-1.20591182365e-07 0 	0 	2239.07933676 	
-1.2001002004e-07 0 	0 	4641.6664696 	
-1.19428857715e-07 0 	0 	6970.43537416 	
-1.18847695391e-07 0 	0 	9078.7137402 	
-1.18266533066e-07 0 	0 	11186.9921062 	
-1.17685370741e-07 0 	0 	13044.3837232 	
-1.17104208417e-07 0 	0 	14888.552341 	
-1.16523046092e-07 0 	0 	16592.1718329 	
-1.15941883768e-07 0 	0 	18200.0861936 	
-1.15360721443e-07 0 	0 	19769.1441637 	
-1.14779559118e-07 0 	0 	21166.4120028 	
-1.14198396794e-07 0 	0 	22563.6798419 	
-1.13617234469e-07 0 	0 	23826.6795163 	
-1.13036072144e-07 0 	0 	25036.7614937 	
-1.1245490982e-07 0 	0 	26215.0028472 	
-1.11873747495e-07 0 	0 	27259.3171992 	
-1.1129258517e-07 0 	0 	28303.6315512 	
-1.10711422846e-07 0 	0 	29259.0870485 	
-1.10130260521e-07 0 	0 	30157.1172614 	
-1.09549098196e-07 0 	0 	31055.1474743 	
-1.08967935872e-07 0 	0 	31829.4422128 	
-1.08386773547e-07 0 	0 	32598.8467513 	
-1.07805611222e-07 0 	0 	33339.5995967 	
-1.07224448898e-07 0 	0 	33996.322786 	
-1.06643286573e-07 0 	0 	34653.0459753 	
-1.06062124248e-07 0 	0 	35262.2859363 	
-1.05480961924e-07 0 	0 	35820.6690833 	
-1.04899799599e-07 0 	0 	36379.0522303 	
-1.04318637275e-07 0 	0 	36882.1901997 	
-1.0373747495e-07 0 	0 	37355.0820765 	
-1.03156312625e-07 0 	0 	37827.9739532 	
-1.02575150301e-07 0 	0 	38245.8778334 	
-1.01993987976e-07 0 	0 	38644.7437513 	
-1.01412825651e-07 0 	0 	39043.6096693 	
-1.00831663327e-07 0 	0 	39393.2498913 	
-1.00250501002e-07 0 	0 	39728.2785929 	
-9.96693386774e-08 0 	0 	40063.3072945 	
-9.90881763527e-08 0 	0 	40358.3452843 	
-9.85070140281e-08 0 	0 	40638.5529782 	
-9.79258517034e-08 0 	0 	40918.7606721 	
-9.73446893788e-08 0 	0 	41170.0796286 	
-9.67635270541e-08 0 	0 	41403.4105785 	
-9.61823647295e-08 0 	0 	41636.7415284 	
-9.56012024048e-08 0 	0 	41852.919875 	
-9.50200400802e-08 0 	0 	42046.3429935 	
-9.44388777555e-08 0 	0 	42239.7661119 	
-9.38577154309e-08 0 	0 	42427.4949436 	
-9.32765531062e-08 0 	0 	42587.0959708 	
-9.26953907816e-08 0 	0 	42746.696998 	
-9.21142284569e-08 0 	0 	42906.2980252 	
-9.15330661323e-08 0 	0 	43042.2125505 	
-9.09519038076e-08 0 	0 	43173.2814461 	
-9.0370741483e-08 0 	0 	43304.3503418 	
-8.97895791583e-08 0 	0 	43425.5153163 	
-8.92084168337e-08 0 	0 	43532.6285836 	
-8.8627254509e-08 0 	0 	43639.741851 	
-8.80460921844e-08 0 	0 	43746.8551184 	
-8.74649298597e-08 0 	0 	43835.6284372 	
-8.68837675351e-08 0 	0 	43922.7261906 	
-8.63026052104e-08 0 	0 	44009.8239441 	
-8.57214428858e-08 0 	0 	44091.3164084 	
-8.51402805611e-08 0 	0 	44161.7740621 	
-8.45591182365e-08 0 	0 	44232.2317159 	
-8.39779559118e-08 0 	0 	44302.6893697 	
-8.33967935872e-08 0 	0 	44363.8817662 	
-8.28156312625e-08 0 	0 	44420.5762936 	
-8.22344689379e-08 0 	0 	44477.2708211 	
-8.16533066132e-08 0 	0 	44533.9653485 	
-8.10721442886e-08 0 	0 	44580.2043963 	
-8.04909819639e-08 0 	0 	44625.5751911 	
-7.99098196393e-08 0 	0 	44670.945986 	
-7.93286573146e-08 0 	0 	44715.5271329 	
-7.874749499e-08 0 	0 	44751.6315532 	
-7.81663326653e-08 0 	0 	44787.7359735 	
-7.75851703407e-08 0 	0 	44823.8403938 	
-7.7004008016e-08 0 	0 	44858.7624802 	
-7.64228456914e-08 0 	0 	44887.3262118 	
-7.58416833667e-08 0 	0 	44915.8899434 	
-7.52605210421e-08 0 	0 	44944.4536751 	
-7.46793587174e-08 0 	0 	44972.1880474 	
-7.40981963928e-08 0 	0 	44994.6504755 	
-7.35170340681e-08 0 	0 	45017.1129035 	
-7.29358717435e-08 0 	0 	45039.5753316 	
-7.23547094188e-08 0 	0 	45061.9373791 	
-7.17735470942e-08 0 	0 	45079.4922025 	
-7.11923847695e-08 0 	0 	45097.0470259 	
-7.06112224449e-08 0 	0 	45114.6018494 	
-7.00300601202e-08 0 	0 	45132.1566728 	
-6.94488977956e-08 0 	0 	45146.5407911 	
-6.88677354709e-08 0 	0 	45160.1721313 	
-6.82865731463e-08 0 	0 	45173.8034716 	
-6.77054108216e-08 0 	0 	45187.4348119 	
-6.7124248497e-08 0 	0 	45199.5179263 	
-6.65430861723e-08 0 	0 	45210.0322195 	
-6.59619238477e-08 0 	0 	45220.5465127 	
-6.5380761523e-08 0 	0 	45231.0608058 	
-6.47995991984e-08 0 	0 	45241.3689125 	
-6.42184368737e-08 0 	0 	45249.4228867 	
-6.36372745491e-08 0 	0 	45257.476861 	
-6.30561122244e-08 0 	0 	45265.5308352 	
-6.24749498998e-08 0 	0 	45273.5848094 	
-6.18937875752e-08 0 	0 	45280.544941 	
-6.13126252505e-08 0 	0 	45286.6699892 	
-6.07314629259e-08 0 	0 	45292.7950374 	
-6.01503006012e-08 0 	0 	45298.9200857 	
-5.95691382766e-08 0 	0 	45305.0451339 	
-5.89879759519e-08 0 	0 	45309.7524161 	
-5.84068136273e-08 0 	0 	45314.375687 	
-5.78256513026e-08 0 	0 	45318.9989578 	
-5.7244488978e-08 0 	0 	45323.6222287 	
-5.66633266533e-08 0 	0 	45327.9991175 	
-5.60821643287e-08 0 	0 	45331.4616313 	
-5.5501002004e-08 0 	0 	45334.9241451 	
-5.49198396794e-08 0 	0 	45338.3866589 	
-5.43386773547e-08 0 	0 	45341.8491727 	
-5.37575150301e-08 0 	0 	45344.9830202 	
-5.31763527054e-08 0 	0 	45347.5551215 	
-5.25951903808e-08 0 	0 	45350.1272227 	
-5.20140280561e-08 0 	0 	45352.6993239 	
-5.14328657315e-08 0 	0 	45355.2714251 	
-5.08517034068e-08 0 	0 	45357.5643238 	
-5.02705410822e-08 0 	0 	45359.458765 	
-4.96893787575e-08 0 	0 	45361.3532062 	
-4.91082164329e-08 0 	0 	45363.2476474 	
-4.85270541082e-08 0 	0 	45365.1420886 	
-4.79458917836e-08 0 	0 	45366.8635116 	
-4.73647294589e-08 0 	0 	45368.2464535 	
-4.67835671343e-08 0 	0 	45369.6293954 	
-4.62024048096e-08 0 	0 	45371.0123373 	
-4.5621242485e-08 0 	0 	45372.3952791 	
-4.50400801603e-08 0 	0 	45373.7226779 	
-4.44589178357e-08 0 	0 	45374.7228627 	
-4.3877755511e-08 0 	0 	45375.7230476 	
-4.32965931864e-08 0 	0 	45376.7232324 	
-4.27154308617e-08 0 	0 	45377.7234173 	
-4.21342685371e-08 0 	0 	45378.7236021 	
-4.15531062124e-08 0 	0 	45379.4882665 	
-4.09719438878e-08 0 	0 	45380.2046132 	
-4.03907815631e-08 0 	0 	45380.9209598 	
-3.98096192385e-08 0 	0 	45381.6373064 	
-3.92284569138e-08 0 	0 	45382.353653 	
-3.86472945892e-08 0 	0 	45382.9888192 	
-3.80661322645e-08 0 	0 	45383.4966639 	
-3.74849699399e-08 0 	0 	45384.0045085 	
-3.69038076152e-08 0 	0 	45384.5123532 	
-3.63226452906e-08 0 	0 	45385.0201979 	
-3.57414829659e-08 0 	0 	45385.5280425 	
-3.51603206413e-08 0 	0 	45385.9113832 	
-3.45791583166e-08 0 	0 	45386.2675627 	
-3.3997995992e-08 0 	0 	45386.6237421 	
-3.34168336673e-08 0 	0 	45386.9799216 	
-3.28356713427e-08 0 	0 	45387.3361011 	
-3.2254509018e-08 0 	0 	45387.6790166 	
-3.16733466934e-08 0 	0 	45387.9259784 	
-3.10921843687e-08 0 	0 	45388.1729403 	
-3.05110220441e-08 0 	0 	45388.4199021 	
-2.99298597194e-08 0 	0 	45388.6668639 	
-2.93486973948e-08 0 	0 	45388.9138257 	
-2.87675350701e-08 0 	0 	45389.1383727 	
-2.81863727455e-08 0 	0 	45389.307468 	
-2.76052104208e-08 0 	0 	45389.4765633 	
-2.70240480962e-08 0 	0 	45389.6456586 	
-2.64428857715e-08 0 	0 	45389.8147538 	
-2.58617234469e-08 0 	0 	45389.9838491 	
-2.52805611222e-08 0 	0 	45390.13551 	
-2.46993987976e-08 0 	0 	45390.2496086 	
-2.41182364729e-08 0 	0 	45390.3637072 	
-2.35370741483e-08 0 	0 	45390.4778058 	
-2.29559118236e-08 0 	0 	45390.5919044 	
-2.2374749499e-08 0 	0 	45390.706003 	
-2.17935871743e-08 0 	0 	45390.8121726 	
-2.12124248497e-08 0 	0 	45390.8877162 	
-2.0631262525e-08 0 	0 	45390.9632599 	
-2.00501002004e-08 0 	0 	45391.0388035 	
-1.94689378758e-08 0 	0 	45391.1143472 	
-1.88877755511e-08 0 	0 	45391.1898908 	
-1.83066132265e-08 0 	0 	45391.2654345 	
-1.77254509018e-08 0 	0 	45391.315363 	
-1.71442885772e-08 0 	0 	45391.3639573 	
-1.65631262525e-08 0 	0 	45391.4125517 	
-1.59819639279e-08 0 	0 	45391.4611461 	
-1.54008016032e-08 0 	0 	45391.5097405 	
-1.48196392786e-08 0 	0 	45391.5583348 	
-1.42384769539e-08 0 	0 	45391.5965316 	
-1.36573146293e-08 0 	0 	45391.6261572 	
-1.30761523046e-08 0 	0 	45391.6557828 	
-1.249498998e-08 0 	0 	45391.6854084 	
-1.19138276553e-08 0 	0 	45391.715034 	
-1.13326653307e-08 0 	0 	45391.7446596 	
-1.0751503006e-08 0 	0 	45391.7742852 	
-1.01703406814e-08 0 	0 	45391.7902517 	
-9.58917835671e-09 0 	0 	45391.8061515 	
-9.00801603206e-09 0 	0 	45391.8220513 	
-8.42685370741e-09 0 	0 	45391.8379511 	
-7.84569138277e-09 0 	0 	45391.8538509 	
-7.26452905812e-09 0 	0 	45391.8697508 	
-6.68336673347e-09 0 	0 	45391.882595 	
-6.10220440882e-09 0 	0 	45391.8878828 	
-5.52104208417e-09 0 	0 	45391.8931706 	
-4.93987975952e-09 0 	0 	45391.8984584 	
-4.35871743487e-09 0 	0 	45391.9037462 	
-3.77755511022e-09 0 	0 	45391.909034 	
-3.19639278557e-09 0 	0 	45391.9143219 	
-2.61523046092e-09 0 	0 	45391.9156832 	
-2.03406813627e-09 0 	0 	45391.9116867 	
-1.45290581162e-09 0 	0 	45391.9076901 	
-8.71743486974e-10 0 	0 	45391.9036935 	
-2.90581162324e-10 0 	0 	45391.899697 	
2.90581162325e-10 0 	0 	45391.8957004 	
8.71743486974e-10 0 	0 	45391.8917039 	
1.45290581162e-09 0 	0 	45391.8838696 	
2.03406813627e-09 0 	0 	45391.8701902 	
2.61523046092e-09 0 	0 	45391.8565108 	
3.19639278557e-09 0 	0 	45391.8428314 	
3.77755511022e-09 0 	0 	45391.829152 	
4.35871743487e-09 0 	0 	45391.8154726 	
4.93987975952e-09 0 	0 	45391.8017932 	
5.52104208417e-09 0 	0 	45391.7856415 	
6.10220440882e-09 0 	0 	45391.7598682 	
6.68336673347e-09 0 	0 	45391.7340949 	
7.26452905812e-09 0 	0 	45391.7083215 	
7.84569138277e-09 0 	0 	45391.6825482 	
8.42685370742e-09 0 	0 	45391.6567749 	
9.00801603206e-09 0 	0 	45391.6310016 	
9.58917835671e-09 0 	0 	45391.6052283 	
1.01703406814e-08 0 	0 	45391.5648713 	
1.0751503006e-08 0 	0 	45391.521804 	
1.13326653307e-08 0 	0 	45391.4787367 	
1.19138276553e-08 0 	0 	45391.4356694 	
1.249498998e-08 0 	0 	45391.3926021 	
1.30761523046e-08 0 	0 	45391.3495348 	
1.36573146293e-08 0 	0 	45391.3064674 	
1.42384769539e-08 0 	0 	45391.2551162 	
1.48196392786e-08 0 	0 	45391.1852328 	
1.54008016032e-08 0 	0 	45391.1153494 	
1.59819639279e-08 0 	0 	45391.045466 	
1.65631262525e-08 0 	0 	45390.9755826 	
1.71442885772e-08 0 	0 	45390.9056992 	
1.77254509018e-08 0 	0 	45390.8358158 	
1.83066132265e-08 0 	0 	45390.7659324 	
1.88877755511e-08 0 	0 	45390.6701076 	
1.94689378758e-08 0 	0 	45390.5567904 	
2.00501002004e-08 0 	0 	45390.4434733 	
2.06312625251e-08 0 	0 	45390.3301561 	
2.12124248497e-08 0 	0 	45390.2168389 	
2.17935871743e-08 0 	0 	45390.1035217 	
2.2374749499e-08 0 	0 	45389.9902045 	
2.29559118236e-08 0 	0 	45389.8768874 	
2.35370741483e-08 0 	0 	45389.7128521 	
2.41182364729e-08 0 	0 	45389.5275072 	
2.46993987976e-08 0 	0 	45389.3421623 	
2.52805611222e-08 0 	0 	45389.1568173 	
2.58617234469e-08 0 	0 	45388.9714724 	
2.64428857715e-08 0 	0 	45388.7861275 	
2.70240480962e-08 0 	0 	45388.6007825 	
2.76052104208e-08 0 	0 	45388.4154376 	
2.81863727455e-08 0 	0 	45388.154351 	
2.87675350701e-08 0 	0 	45387.847877 	
2.93486973948e-08 0 	0 	45387.5414029 	
2.99298597194e-08 0 	0 	45387.2349288 	
3.05110220441e-08 0 	0 	45386.9284548 	
3.10921843687e-08 0 	0 	45386.6219807 	
3.16733466934e-08 0 	0 	45386.3155066 	
3.2254509018e-08 0 	0 	45386.0090325 	
3.28356713427e-08 0 	0 	45385.6292631 	
3.34168336673e-08 0 	0 	45385.1171014 	
3.3997995992e-08 0 	0 	45384.6049398 	
3.45791583166e-08 0 	0 	45384.0927782 	
3.51603206413e-08 0 	0 	45383.5806166 	
3.57414829659e-08 0 	0 	45383.068455 	
3.63226452906e-08 0 	0 	45382.5562933 	
3.69038076152e-08 0 	0 	45382.0441317 	
3.74849699399e-08 0 	0 	45381.5319701 	
3.80661322645e-08 0 	0 	45380.7054726 	
3.86472945892e-08 0 	0 	45379.8412375 	
3.92284569138e-08 0 	0 	45378.9770025 	
3.98096192385e-08 0 	0 	45378.1127675 	
4.03907815631e-08 0 	0 	45377.2485324 	
4.09719438878e-08 0 	0 	45376.3842974 	
4.15531062124e-08 0 	0 	45375.5200623 	
4.21342685371e-08 0 	0 	45374.6558273 	
4.27154308617e-08 0 	0 	45373.6518579 	
4.32965931864e-08 0 	0 	45372.1804202 	
4.3877755511e-08 0 	0 	45370.7089826 	
4.44589178357e-08 0 	0 	45369.237545 	
4.50400801603e-08 0 	0 	45367.7661073 	
4.5621242485e-08 0 	0 	45366.2946697 	
4.62024048096e-08 0 	0 	45364.823232 	
4.67835671343e-08 0 	0 	45363.3517944 	
4.73647294589e-08 0 	0 	45361.8803568 	
4.79458917836e-08 0 	0 	45360.025195 	
4.85270541082e-08 0 	0 	45357.498413 	
4.91082164329e-08 0 	0 	45354.9716309 	
4.96893787575e-08 0 	0 	45352.4448489 	
5.02705410822e-08 0 	0 	45349.9180668 	
5.08517034068e-08 0 	0 	45347.3912847 	
5.14328657315e-08 0 	0 	45344.8645027 	
5.20140280561e-08 0 	0 	45342.3377206 	
5.25951903808e-08 0 	0 	45339.8109385 	
5.31763527054e-08 0 	0 	45336.7507231 	
5.37575150301e-08 0 	0 	45332.3745354 	
5.43386773547e-08 0 	0 	45327.9983478 	
5.49198396794e-08 0 	0 	45323.6221602 	
5.5501002004e-08 0 	0 	45319.2459726 	
5.60821643287e-08 0 	0 	45314.8697849 	
5.66633266533e-08 0 	0 	45310.4935973 	
5.7244488978e-08 0 	0 	45306.1174097 	
5.78256513026e-08 0 	0 	45301.741222 	
5.84068136273e-08 0 	0 	45297.3650344 	
5.89879759519e-08 0 	0 	45289.7199902 	
5.95691382766e-08 0 	0 	45282.074035 	
6.01503006012e-08 0 	0 	45274.4280798 	
6.07314629259e-08 0 	0 	45266.7821246 	
6.13126252505e-08 0 	0 	45259.1361694 	
6.18937875752e-08 0 	0 	45251.4902142 	
6.24749498998e-08 0 	0 	45243.844259 	
6.30561122244e-08 0 	0 	45236.1983038 	
6.36372745491e-08 0 	0 	45228.5523486 	
6.42184368737e-08 0 	0 	45218.0324774 	
6.47995991984e-08 0 	0 	45204.5503872 	
6.5380761523e-08 0 	0 	45191.068297 	
6.59619238477e-08 0 	0 	45177.5862068 	
6.65430861723e-08 0 	0 	45164.1041165 	
6.7124248497e-08 0 	0 	45150.6220263 	
6.77054108216e-08 0 	0 	45137.1399361 	
6.82865731463e-08 0 	0 	45123.6578459 	
6.88677354709e-08 0 	0 	45110.1757557 	
6.94488977956e-08 0 	0 	45096.6936655 	
7.00300601202e-08 0 	0 	45075.1994456 	
7.06112224449e-08 0 	0 	45051.1949069 	
7.11923847695e-08 0 	0 	45027.1903683 	
7.17735470942e-08 0 	0 	45003.1858296 	
7.23547094188e-08 0 	0 	44979.1812909 	
7.29358717435e-08 0 	0 	44955.1767522 	
7.35170340681e-08 0 	0 	44931.1722135 	
7.40981963928e-08 0 	0 	44907.1676749 	
7.46793587174e-08 0 	0 	44883.1631362 	
7.52605210421e-08 0 	0 	44859.1585975 	
7.58416833667e-08 0 	0 	44819.786802 	
7.64228456914e-08 0 	0 	44776.6079189 	
7.7004008016e-08 0 	0 	44733.4290358 	
7.75851703407e-08 0 	0 	44690.2501526 	
7.81663326653e-08 0 	0 	44647.0712695 	
7.874749499e-08 0 	0 	44603.8923864 	
7.93286573146e-08 0 	0 	44560.7135033 	
7.99098196393e-08 0 	0 	44517.5346201 	
8.04909819639e-08 0 	0 	44474.355737 	
8.10721442886e-08 0 	0 	44431.1768539 	
8.16533066132e-08 0 	0 	44366.5498459 	
8.22344689379e-08 0 	0 	44288.0419771 	
8.28156312625e-08 0 	0 	44209.5341084 	
8.33967935872e-08 0 	0 	44131.0262397 	
8.39779559118e-08 0 	0 	44052.5183709 	
8.45591182365e-08 0 	0 	43974.0105022 	
8.51402805611e-08 0 	0 	43895.5026334 	
8.57214428858e-08 0 	0 	43816.9947647 	
8.63026052104e-08 0 	0 	43738.486896 	
8.68837675351e-08 0 	0 	43659.9790272 	
8.74649298597e-08 0 	0 	43570.0894264 	
8.80460921844e-08 0 	0 	43425.7386075 	
8.8627254509e-08 0 	0 	43281.3877885 	
8.92084168337e-08 0 	0 	43137.0369696 	
8.97895791583e-08 0 	0 	42992.6861507 	
9.0370741483e-08 0 	0 	42848.3353317 	
9.09519038076e-08 0 	0 	42703.9845128 	
9.15330661323e-08 0 	0 	42559.6336939 	
9.21142284569e-08 0 	0 	42415.2828749 	
9.26953907816e-08 0 	0 	42270.932056 	
9.32765531062e-08 0 	0 	42126.5812371 	
9.38577154309e-08 0 	0 	41921.006955 	
9.44388777555e-08 0 	0 	41652.4953723 	
9.50200400802e-08 0 	0 	41383.9837895 	
9.56012024048e-08 0 	0 	41115.4722067 	
9.61823647295e-08 0 	0 	40846.960624 	
9.67635270541e-08 0 	0 	40578.4490412 	
9.73446893788e-08 0 	0 	40309.9374585 	
9.79258517034e-08 0 	0 	40041.4258757 	
9.85070140281e-08 0 	0 	39772.9142929 	
9.90881763527e-08 0 	0 	39504.4027102 	
9.96693386774e-08 0 	0 	39235.8911274 	
1.00250501002e-07 0 	0 	38834.2060518 	
1.00831663327e-07 0 	0 	38328.74321 	
1.01412825651e-07 0 	0 	37823.2803681 	
1.01993987976e-07 0 	0 	37317.8175263 	
1.02575150301e-07 0 	0 	36812.3546845 	
1.03156312625e-07 0 	0 	36306.8918427 	
1.0373747495e-07 0 	0 	35801.4290009 	
1.04318637275e-07 0 	0 	35295.966159 	
1.04899799599e-07 0 	0 	34790.5033172 	
1.05480961924e-07 0 	0 	34285.0404754 	
1.06062124248e-07 0 	0 	33779.5776336 	
1.06643286573e-07 0 	0 	33103.0410811 	
1.07224448898e-07 0 	0 	32139.8443911 	
1.07805611222e-07 0 	0 	31176.647701 	
1.08386773547e-07 0 	0 	30213.451011 	
1.08967935872e-07 0 	0 	29250.254321 	
1.09549098196e-07 0 	0 	28287.057631 	
1.10130260521e-07 0 	0 	27323.860941 	
1.10711422846e-07 0 	0 	26360.6642509 	
1.1129258517e-07 0 	0 	25397.4675609 	
1.11873747495e-07 0 	0 	24434.2708709 	
1.1245490982e-07 0 	0 	23471.0741809 	
1.13036072144e-07 0 	0 	22507.8774909 	
1.13617234469e-07 0 	0 	20719.1661822 	
1.14198396794e-07 0 	0 	18860.7923943 	
1.14779559118e-07 0 	0 	17002.4186063 	
1.15360721443e-07 0 	0 	15144.0448183 	
1.15941883768e-07 0 	0 	13285.6710303 	
1.16523046092e-07 0 	0 	11427.2972423 	
1.17104208417e-07 0 	0 	9568.92345433 	
1.17685370741e-07 0 	0 	7710.54966634 	
1.18266533066e-07 0 	0 	5852.17587836 	
1.18847695391e-07 0 	0 	3993.80209037 	
1.19428857715e-07 0 	0 	2135.42830239 	
1.2001002004e-07 0 	0 	-79.508440924 	
1.20591182365e-07 0 	0 	-3710.47831713 	
1.21172344689e-07 0 	0 	-7341.44819333 	
1.21753507014e-07 0 	0 	-10972.4180695 	
1.22334669339e-07 0 	0 	-14603.3879457 	
1.22915831663e-07 0 	0 	-18234.3578219 	
1.23496993988e-07 0 	0 	-21865.3276981 	
1.24078156313e-07 0 	0 	-25496.2975743 	
1.24659318637e-07 0 	0 	-29127.2674505 	
1.25240480962e-07 0 	0 	-32758.2373267 	
1.25821643287e-07 0 	0 	-36389.207203 	
1.26402805611e-07 0 	0 	-40020.1770792 	
1.26983967936e-07 0 	0 	-44377.5364787 	
1.27565130261e-07 0 	0 	-51563.6982494 	
1.28146292585e-07 0 	0 	-58749.8600202 	
1.2872745491e-07 0 	0 	-65936.021791 	
1.29308617234e-07 0 	0 	-73122.1835617 	
1.29889779559e-07 0 	0 	-80308.3453325 	
1.30470941884e-07 0 	0 	-87494.5071033 	
1.31052104208e-07 0 	0 	-94680.668874 	
1.31633266533e-07 0 	0 	-101866.830645 	
1.32214428858e-07 0 	0 	-109052.992416 	
1.32795591182e-07 0 	0 	-116239.154186 	
1.33376753507e-07 0 	0 	-123425.315957 	
1.33957915832e-07 0 	0 	-130611.477728 	
1.34539078156e-07 0 	0 	-144489.263565 	
1.35120240481e-07 0 	0 	-158908.165791 	
1.35701402806e-07 0 	0 	-173327.068017 	
1.3628256513e-07 0 	0 	-187745.970243 	
1.36863727455e-07 0 	0 	-202164.872469 	
1.3744488978e-07 0 	0 	-216583.774695 	
1.38026052104e-07 0 	0 	-231002.676921 	
1.38607214429e-07 0 	0 	-245421.579147 	
1.39188376754e-07 0 	0 	-259840.481373 	
1.39769539078e-07 0 	0 	-274259.383599 	
1.40350701403e-07 0 	0 	-288678.285825 	
1.40931863727e-07 0 	0 	-303097.188051 	
1.41513026052e-07 0 	0 	-319223.556361 	
1.42094188377e-07 0 	0 	-338423.779308 	
1.42675350701e-07 0 	0 	-357624.002255 	
1.43256513026e-07 0 	0 	-376824.225202 	
1.43837675351e-07 0 	0 	-396024.448149 	
1.44418837675e-07 0 	0 	-415224.671096 	
1.45e-07 0 	0 	-434424.894043 	
