-1.45e-07 -0.0232444121558 0.971204993338 1.03227430947
-1.44418837675e-07 -0.0231755390069 0.973750212615 1.02957721863
-1.43837675351e-07 -0.0231090475736 0.976119384822 1.02707388511
-1.43256513026e-07 -0.0230453881421 0.978276056149 1.02480588921
-1.42675350701e-07 -0.0229838499927 0.980269146698 1.02271718029
-1.42094188377e-07 -0.0229240178743 0.982128313705 1.02077436862
-1.41513026052e-07 -0.0228657386811 0.983864006132 1.01896550063
-1.40931863727e-07 -0.0228096423824 0.985420939264 1.01734884423
-1.40350701403e-07 -0.0227548029677 0.986871440751 1.01584562104
-1.39769539078e-07 -0.0227010439368 0.988229459288 1.01444071428
-1.39188376754e-07 -0.0226487593925 0.989457997652 1.01317264456
-1.38607214429e-07 -0.0225975787761 0.990585661584 1.01201031917
-1.38026052104e-07 -0.0225471301317 0.991645392222 1.01091900689
-1.3744488978e-07 -0.0224978092306 0.992597446002 1.00993968733
-1.36863727455e-07 -0.0224492503759 0.993473091445 1.00903923293
-1.3628256513e-07 -0.0224011800101 0.994299469433 1.00818958853
-1.35701402806e-07 -0.0223540894646 0.995022042229 1.00744628376
-1.35120240481e-07 -0.022307371698 0.995702566693 1.00674573311
-1.34539078156e-07 -0.0222611562038 0.996326436332 1.00610278825
-1.33957915832e-07 -0.0222155010684 0.996882358669 1.00552841467
-1.33376753507e-07 -0.0221700571421 0.997412255712 1.00498026629
-1.32795591182e-07 -0.022125178218 0.997867582671 1.00450680187
-1.32214428858e-07 -0.0220804568274 0.99829990256 1.00405620035
-1.31633266533e-07 -0.0220360648285 0.998684116209 1.0036534036
-1.31052104208e-07 -0.02199187996 0.999034086814 1.00328436085
-1.30470941884e-07 -0.0219478700958 0.999355125495 1.00294383682
-1.29889779559e-07 -0.0219040677375 0.99963603287 1.00264253696
-1.29308617234e-07 -0.0218603466284 0.999901226805 1.00235659535
-1.2872745491e-07 -0.0218168012686 1.00012456832 1.00211119541
-1.28146292585e-07 -0.0217732863646 1.0003406572 1.00187282095
-1.27565130261e-07 -0.021729897581 1.00051629791 1.00167325607
-1.26983967936e-07 -0.021686516553 1.0006894513 1.00147607775
-1.26402805611e-07 -0.0216432057305 1.00082578082 1.0013138724
-1.25821643287e-07 -0.0215998958412 1.00096162091 1.00115213188
-1.25240480962e-07 -0.0215566030508 1.00106570836 1.00102021807
-1.24659318637e-07 -0.0215133105087 1.00116933486 1.00088873727
-1.24078156313e-07 -0.0214699915765 1.0012470795 1.0007812812
-1.23496993988e-07 -0.0214266708822 1.00132309596 1.0006754293
-1.22915831663e-07 -0.021383294672 1.00137937182 1.00058766736
-1.22334669339e-07 -0.0213399079601 1.00143191346 1.0005033274
-1.21753507014e-07 -0.0212964538884 1.00147070614 1.0004314127
-1.21172344689e-07 -0.0212529702718 1.00150346833 1.00036494789
-1.20591182365e-07 -0.0212094260691 1.00152800283 1.00030580803
-1.2001002004e-07 -0.0211658209905 1.00154427028 1.00025402814
-1.19428857715e-07 -0.0211221807158 1.00155712874 1.00020523492
-1.18847695391e-07 -0.0210784353128 1.00155980479 1.0001653627
-1.18266533066e-07 -0.0210346899098 1.00156248084 1.00012549048
-1.17685370741e-07 -0.0209907981125 1.00155466947 1.00009465241
-1.17104208417e-07 -0.0209468985995 1.00154630537 1.00006429049
-1.16523046092e-07 -0.0209029018702 1.00153269885 1.00003836672
-1.15941883768e-07 -0.0208588389427 1.00151552259 1.00001546506
-1.15360721443e-07 -0.0208147448764 1.00149707738 0.999993619583
-1.14779559118e-07 -0.0207705131408 1.00147302195 0.999976443687
-1.14198396794e-07 -0.0207262814051 1.00144896652 0.999959267792
-1.13617234469e-07 -0.0206819271324 1.00142117122 0.999945159072
-1.13036072144e-07 -0.0206375245653 1.00139190197 0.999932259185
-1.1245490982e-07 -0.020593089346 1.00136190477 0.999919951152
-1.11873747495e-07 -0.0205485167859 1.0013288457 0.999910132553
-1.1129258517e-07 -0.0205039442257 1.00129578663 0.999900313954
-1.10711422846e-07 -0.0204592703643 1.00126115913 0.999891778991
-1.10130260521e-07 -0.0204145310367 1.00122551802 0.999884073581
-1.09549098196e-07 -0.0203697917091 1.0011898769 0.999876368172
-1.08967935872e-07 -0.0203248969325 1.00115272855 0.999869956351
-1.08386773547e-07 -0.0202799960123 1.00111552062 0.999863595655
-1.07805611222e-07 -0.0202350557133 1.00107812914 0.99985742576
-1.07224448898e-07 -0.0201899999241 1.00104019936 0.999851815447
-1.06643286573e-07 -0.0201449441348 1.00100226958 0.999846205134
-1.06062124248e-07 -0.0200998173864 1.000964327 0.999840742735
-1.05480961924e-07 -0.0200546146372 1.00092637072 0.999835438759
-1.04899799599e-07 -0.020009411888 1.00088841444 0.999830134782
-1.04318637275e-07 -0.0199641198393 1.00085080607 0.999824824599
-1.0373747495e-07 -0.0199187789003 1.00081338816 0.999819511017
-1.03156312625e-07 -0.0198734379612 1.00077597026 0.999814197435
-1.02575150301e-07 -0.0198280013124 1.00073928791 0.999808721996
-1.01993987976e-07 -0.0197825315271 1.00070286021 0.99980319052
-1.01412825651e-07 -0.0197370617417 1.00066643252 0.999797659043
-1.00831663327e-07 -0.0196915000555 1.00063104186 0.99979186752
-1.00250501002e-07 -0.0196459110906 1.00059595902 0.999785998808
-9.96693386774e-08 -0.0196003221258 1.00056087618 0.999780130096
-9.90881763527e-08 -0.0195546533524 1.00052697255 0.999773980841
-9.85070140281e-08 -0.0195089549825 1.00049350624 0.999767727547
-9.79258517034e-08 -0.0194632566127 1.00046003992 0.999761474253
-9.73446893788e-08 -0.0194174967982 1.00042769394 0.999754989758
-9.67635270541e-08 -0.0193716987243 1.00039604556 0.999748361302
-9.61823647295e-08 -0.0193259006504 1.00036439717 0.999741732846
-9.56012024048e-08 -0.0192800637965 1.0003335913 0.999734965771
-9.50200400802e-08 -0.0192341754957 1.00030390314 0.999728014801
-9.44388777555e-08 -0.019188287195 1.00027421498 0.999721063832
-9.38577154309e-08 -0.0191423852414 1.0002448725 0.999714072702
-9.32765531062e-08 -0.019096415847 1.00021723755 0.999706883195
-9.26953907816e-08 -0.0190504464527 1.00018960261 0.999699693689
-9.21142284569e-08 -0.0190044770583 1.00016196766 0.999692504182
-9.15330661323e-08 -0.0189584475612 1.00013608048 0.999685203788
-9.09519038076e-08 -0.0189124057687 1.00011055084 0.999677880709
-9.0370741483e-08 -0.0188663639762 1.00008502121 0.999670557629
-8.97895791583e-08 -0.0188202956377 1.0000603696 0.999663227738
-8.92084168337e-08 -0.0187741896355 1.00003696373 0.999655888183
-8.8627254509e-08 -0.0187280836334 1.00001355787 0.999648548628
-8.80460921844e-08 -0.0186819776313 0.999990152001 0.999641209073
-8.74649298597e-08 -0.0186358197898 0.999968683811 0.999633965992
-8.68837675351e-08 -0.0185896572121 0.99994739265 0.999626731726
-8.63026052104e-08 -0.0185434946344 0.999926101489 0.99961949746
-8.57214428858e-08 -0.0184973153742 0.999905512072 0.999612339171
-8.51402805611e-08 -0.0184511032718 0.999886304138 0.999605330454
-8.45591182365e-08 -0.0184048911694 0.999867096204 0.999598321737
-8.39779559118e-08 -0.018358679067 0.999847888271 0.999591313019
-8.33967935872e-08 -0.0183124379707 0.999830049334 0.999584532731
-8.28156312625e-08 -0.018266182799 0.999812874984 0.999577863335
-8.22344689379e-08 -0.0182199276274 0.999795700635 0.999571193939
-8.16533066132e-08 -0.0181736724557 0.999778526285 0.999564524542
-8.10721442886e-08 -0.0181273829292 0.999763170191 0.999558263905
-8.04909819639e-08 -0.0180810905497 0.99974796509 0.999552037212
-7.99098196393e-08 -0.0180347981702 0.999732759989 0.99954581052
-7.93286573146e-08 -0.01798850307 0.999717716207 0.999539629228
-7.874749499e-08 -0.0179421787628 0.999704404146 0.999533935308
-7.81663326653e-08 -0.0178958544555 0.999691092086 0.999528241389
-7.75851703407e-08 -0.0178495301483 0.999677780026 0.999522547469
-7.7004008016e-08 -0.0178032015752 0.999664751328 0.999516948797
-7.64228456914e-08 -0.0177568500607 0.9996532465 0.999511862348
-7.58416833667e-08 -0.0177104985461 0.999641741672 0.999506775899
-7.52605210421e-08 -0.0176641470316 0.999630236845 0.99950168945
-7.46793587174e-08 -0.0176177923882 0.999618964956 0.999496693465
-7.40981963928e-08 -0.0175714178556 0.99960917378 0.999492272524
-7.35170340681e-08 -0.0175250433231 0.999599382604 0.999487851584
-7.29358717435e-08 -0.0174786687905 0.999589591428 0.999483430643
-7.23547094188e-08 -0.0174322938626 0.99957983326 0.999479024149
-7.17735470942e-08 -0.0173859000036 0.999571655855 0.999475309469
-7.11923847695e-08 -0.0173395061447 0.99956347845 0.99947159479
-7.06112224449e-08 -0.0172931122857 0.999555301045 0.999467880111
-7.00300601202e-08 -0.0172467184267 0.99954712364 0.999464165432
-6.94488977956e-08 -0.0172003115601 0.999540165544 0.999461040429
-6.88677354709e-08 -0.0171539016052 0.999533496931 0.999458055426
-6.82865731463e-08 -0.0171074916504 0.999526828318 0.999455070423
-6.77054108216e-08 -0.0170610816955 0.999520159705 0.999452085419
-6.7124248497e-08 -0.0170146651407 0.999514186327 0.999449466074
-6.65430861723e-08 -0.0169682418981 0.999508917431 0.999447217251
-6.59619238477e-08 -0.0169218186556 0.999503648536 0.999444968427
-6.5380761523e-08 -0.016875395413 0.99949837964 0.999442719604
-6.47995991984e-08 -0.01682897126 0.999493218635 0.999440531673
-6.42184368737e-08 -0.0167825371541 0.999489237151 0.999439009451
-6.36372745491e-08 -0.0167361030482 0.999485255667 0.999437487228
-6.30561122244e-08 -0.0166896689424 0.999481274183 0.999435965005
-6.24749498998e-08 -0.0166432348365 0.999477292698 0.999434442783
-6.18937875752e-08 -0.0165967957495 0.999473976195 0.999433318693
-6.13126252505e-08 -0.0165503528598 0.999471167366 0.999432498553
-6.07314629259e-08 -0.01650390997 0.999468358536 0.999431678413
-6.01503006012e-08 -0.0164574670803 0.999465549706 0.999430858273
-5.95691382766e-08 -0.0164110241906 0.999462740876 0.999430038134
-5.89879759519e-08 -0.0163645746807 0.999460929143 0.999429844871
-5.84068136273e-08 -0.0163181247786 0.999459176495 0.999429688754
-5.78256513026e-08 -0.0162716748764 0.999457423846 0.999429532638
-5.7244488978e-08 -0.0162252249743 0.999455671197 0.999429376521
-5.66633266533e-08 -0.0161787739018 0.999454117798 0.999429350733
-5.60821643287e-08 -0.0161323184859 0.999453303856 0.999429808619
-5.5501002004e-08 -0.01608586307 0.999452489915 0.999430266505
-5.49198396794e-08 -0.016039407654 0.999451675973 0.999430724391
-5.43386773547e-08 -0.0159929522381 0.999450862032 0.999431182277
-5.37575150301e-08 -0.0159464952516 0.99945035112 0.999431844554
-5.31763527054e-08 -0.0159000355806 0.999450358137 0.99943285617
-5.25951903808e-08 -0.0158535759096 0.999450365154 0.999433867786
-5.20140280561e-08 -0.0158071162386 0.999450372171 0.999434879401
-5.14328657315e-08 -0.0157606565676 0.999450379188 0.999435891017
-5.08517034068e-08 -0.0157141955756 0.999450676126 0.999437102452
-5.02705410822e-08 -0.0156677326983 0.999451386816 0.999438599055
-4.96893787575e-08 -0.015621269821 0.999452097507 0.999440095659
-4.91082164329e-08 -0.0155748069438 0.999452808198 0.999441592262
-4.85270541082e-08 -0.0155283440665 0.999453518889 0.999443088865
-4.79458917836e-08 -0.0154818803976 0.999454428345 0.999444724016
-4.73647294589e-08 -0.0154354151802 0.999455726651 0.999446630211
-4.67835671343e-08 -0.0153889499628 0.999457024956 0.999448536406
-4.62024048096e-08 -0.0153424847454 0.999458323262 0.999450442601
-4.5621242485e-08 -0.015296019528 0.999459621568 0.999452348796
-4.50400801603e-08 -0.0152495540737 0.999460988594 0.999454302784
-4.44589178357e-08 -0.0152030872241 0.999462760465 0.999456538326
-4.3877755511e-08 -0.0151566203745 0.999464532335 0.999458773869
-4.32965931864e-08 -0.0151101535249 0.999466304206 0.999461009411
-4.27154308617e-08 -0.0150636866753 0.999468076077 0.999463244954
-4.21342685371e-08 -0.0150172198257 0.999469847947 0.999465480496
-4.15531062124e-08 -0.0149707520958 0.999471920461 0.999467920177
-4.09719438878e-08 -0.0149242841852 0.999474054653 0.999470401737
-4.03907815631e-08 -0.0148778162747 0.999476188845 0.999472883297
-3.98096192385e-08 -0.0148313483642 0.999478323037 0.999475364857
-3.92284569138e-08 -0.0147848804537 0.999480457229 0.999477846417
-3.86472945892e-08 -0.0147384123067 0.999482690584 0.999480390779
-3.80661322645e-08 -0.0146919437888 0.999485079463 0.999483033639
-3.74849699399e-08 -0.0146454752709 0.999487468343 0.9994856765
-3.69038076152e-08 -0.0145990067531 0.999489857223 0.99948831936
-3.63226452906e-08 -0.0145525382352 0.999492246103 0.99949096222
-3.57414829659e-08 -0.0145060697173 0.999494634983 0.99949360508
-3.51603206413e-08 -0.01445960099 0.999497148205 0.999496310988
-3.45791583166e-08 -0.014413132217 0.999499688553 0.999499030651
-3.3997995992e-08 -0.014366663444 0.999502228902 0.999501750313
-3.34168336673e-08 -0.014320194671 0.99950476925 0.999504469975
-3.28356713427e-08 -0.0142737258981 0.999507309599 0.999507189638
-3.2254509018e-08 -0.0142272571263 0.999509856439 0.999509908575
-3.16733466934e-08 -0.0141807883633 0.999512450243 0.999512622273
-3.10921843687e-08 -0.0141343196002 0.999515044046 0.99951533597
-3.05110220441e-08 -0.0140878508372 0.99951763785 0.999518049667
-2.99298597194e-08 -0.0140413820742 0.999520231653 0.999520763364
-2.93486973948e-08 -0.0139949133112 0.999522825457 0.999523477061
-2.87675350701e-08 -0.0139484446058 0.999525408156 0.999526166118
-2.81863727455e-08 -0.0139019760428 0.999527963385 0.999528794218
-2.76052104208e-08 -0.0138555074799 0.999530518614 0.999531422318
-2.70240480962e-08 -0.013809038917 0.999533073843 0.999534050418
-2.64428857715e-08 -0.013762570354 0.999535629072 0.999536678518
-2.58617234469e-08 -0.0137161017911 0.9995381843 0.999539306618
-2.52805611222e-08 -0.0136696333314 0.999540700265 0.999541883748
-2.46993987976e-08 -0.0136231650942 0.999543131636 0.999544351062
-2.41182364729e-08 -0.0135766968569 0.999545563007 0.999546818377
-2.35370741483e-08 -0.0135302286197 0.999547994378 0.999549285691
-2.29559118236e-08 -0.0134837603825 0.999550425749 0.999551753006
-2.2374749499e-08 -0.0134372921453 0.99955285712 0.99955422032
-2.17935871743e-08 -0.0133908239894 0.999555247022 0.999556640271
-2.12124248497e-08 -0.0133443561481 0.999557476753 0.999558877277
-2.0631262525e-08 -0.0132978883067 0.999559706483 0.999561114284
-2.00501002004e-08 -0.0132514204654 0.999561936214 0.99956335129
-1.94689378758e-08 -0.013204952624 0.999564165944 0.999565588297
-1.88877755511e-08 -0.0131584847826 0.999566395675 0.999567825303
-1.83066132265e-08 -0.0131120169413 0.999568625405 0.99957006231
-1.77254509018e-08 -0.0130655494976 0.999570597396 0.999572020819
-1.71442885772e-08 -0.0130190820747 0.999572555963 0.999573964824
-1.65631262525e-08 -0.0129726146517 0.99957451453 0.999575908829
-1.59819639279e-08 -0.0129261472288 0.999576473098 0.999577852833
-1.54008016032e-08 -0.0128796798058 0.999578431665 0.999579796838
-1.48196392786e-08 -0.0128332123829 0.999580390232 0.999581740842
-1.42384769539e-08 -0.0127867451794 0.999582167015 0.999583494242
-1.36573146293e-08 -0.012740278157 0.999583793948 0.999585090519
-1.30761523046e-08 -0.0126938111345 0.999585420881 0.999586686797
-1.249498998e-08 -0.0126473441121 0.999587047814 0.999588283075
-1.19138276553e-08 -0.0126008770896 0.999588674747 0.999589879352
-1.13326653307e-08 -0.0125544100672 0.999590301679 0.99959147563
-1.0751503006e-08 -0.0125079430447 0.999591928612 0.999593071907
-1.01703406814e-08 -0.0124614763692 0.999593175204 0.999594276778
-9.58917835671e-09 -0.0124150096954 0.999594419938 0.999595479738
-9.00801603206e-09 -0.0123685430215 0.999595664673 0.999596682698
-8.42685370741e-09 -0.0123220763477 0.999596909407 0.999597885658
-7.84569138277e-09 -0.0122756096739 0.999598154142 0.999599088618
-7.26452905812e-09 -0.0122291430001 0.999599398876 0.999600291577
-6.68336673347e-09 -0.0121826764038 0.999600522134 0.999601371151
-6.10220440882e-09 -0.0121362099994 0.999601344983 0.999602145594
-5.52104208417e-09 -0.012089743595 0.999602167832 0.999602920037
-4.93987975952e-09 -0.0120432771906 0.999602990681 0.99960369448
-4.35871743487e-09 -0.0119968107861 0.999603813531 0.999604468923
-3.77755511022e-09 -0.0119503443817 0.99960463638 0.999605243366
-3.19639278557e-09 -0.0119038779773 0.999605459229 0.999606017809
-2.61523046092e-09 -0.0118574116446 0.999606091956 0.999606601138
-2.03406813627e-09 -0.0118109454097 0.999606465247 0.999606923678
-1.45290581162e-09 -0.0117644791748 0.999606838538 0.999607246218
-8.71743486974e-10 -0.0117180129399 0.999607211829 0.999607568757
-2.90581162324e-10 -0.011671546705 0.99960758512 0.999607891297
2.90581162325e-10 -0.0116250804701 0.999607958411 0.999608213837
8.71743486974e-10 -0.0115786142352 0.999608331701 0.999608536377
1.45290581162e-09 -0.0115321480229 0.999608521153 0.999608675889
2.03406813627e-09 -0.0114856818449 0.999608430599 0.999608536631
2.61523046092e-09 -0.0114392156669 0.999608340045 0.999608397374
3.19639278557e-09 -0.011392749489 0.999608249491 0.999608258116
3.77755511022e-09 -0.011346283311 0.999608158937 0.999608118859
4.35871743487e-09 -0.011299817133 0.999608068383 0.999607979601
4.93987975952e-09 -0.0112533509551 0.99960797783 0.999607840344
5.52104208417e-09 -0.011206884765 0.999607792612 0.999607607836
6.10220440882e-09 -0.0111604185281 0.999607238986 0.99960701242
6.68336673347e-09 -0.0111139522911 0.99960668536 0.999606417003
7.26452905812e-09 -0.0110674860541 0.999606131734 0.999605821587
7.84569138277e-09 -0.0110210198172 0.999605578108 0.99960522617
8.42685370742e-09 -0.0109745535802 0.999605024482 0.999604630753
9.00801603206e-09 -0.0109280873432 0.999604470856 0.999604035337
9.58917835671e-09 -0.0108816211063 0.99960391723 0.99960343992
1.01703406814e-08 -0.0108351547295 0.999602988173 0.999602479809
1.0751503006e-08 -0.0107886883268 0.999601989343 0.999601451919
1.13326653307e-08 -0.0107422219241 0.999600990513 0.999600424029
1.19138276553e-08 -0.0106957555213 0.999599991683 0.999599396139
1.249498998e-08 -0.0106492891186 0.999598992854 0.999598368249
1.30761523046e-08 -0.0106028227159 0.999597994024 0.99959734036
1.36573146293e-08 -0.0105563563132 0.999596995194 0.99959631247
1.42384769539e-08 -0.0105098898343 0.999595870389 0.999595164835
1.48196392786e-08 -0.0104634231851 0.999594463761 0.999593749314
1.54008016032e-08 -0.0104169565359 0.999593057134 0.999592333794
1.59819639279e-08 -0.0103704898868 0.999591650506 0.999590918274
1.65631262525e-08 -0.0103240232376 0.999590243879 0.999589502753
1.71442885772e-08 -0.0102775565884 0.999588837251 0.999588087233
1.77254509018e-08 -0.0102310899392 0.999587430624 0.999586671713
1.83066132265e-08 -0.01018462329 0.999586023996 0.999585256192
1.88877755511e-08 -0.0101381564755 0.999584409515 0.999583650859
1.94689378758e-08 -0.0100916895495 0.999582654878 0.999581917534
2.00501002004e-08 -0.0100452226234 0.99958090024 0.999580184209
2.06312625251e-08 -0.00999875569741 0.999579145602 0.999578450884
2.12124248497e-08 -0.00995228877138 0.999577390965 0.999576717559
2.17935871743e-08 -0.00990582184535 0.999575636327 0.999574984234
2.2374749499e-08 -0.00985935491932 0.999573881689 0.999573250909
2.29559118236e-08 -0.00981288799329 0.999572127052 0.999571517584
2.35370741483e-08 -0.00976642091123 0.999570187451 0.999569630513
2.41182364729e-08 -0.00971995376362 0.999568170137 0.999567678843
2.46993987976e-08 -0.00967348661601 0.999566152823 0.999565727174
2.52805611222e-08 -0.0096270194684 0.999564135508 0.999563775504
2.58617234469e-08 -0.00958055232079 0.999562118194 0.999561823835
2.64428857715e-08 -0.00953408517318 0.99956010088 0.999559872165
2.70240480962e-08 -0.00948761802557 0.999558083565 0.999557920496
2.76052104208e-08 -0.00944115087796 0.999556066251 0.999555968826
2.81863727455e-08 -0.00939468371323 0.999553956059 0.999553964834
2.87675350701e-08 -0.00934821653824 0.999551790211 0.999551929488
2.93486973948e-08 -0.00930174936325 0.999549624362 0.999549894142
2.99298597194e-08 -0.00925528218826 0.999547458514 0.999547858796
3.05110220441e-08 -0.00920881501326 0.999545292666 0.999545823449
3.10921843687e-08 -0.00916234783827 0.999543126818 0.999543788103
3.16733466934e-08 -0.00911588066328 0.99954096097 0.999541752757
3.2254509018e-08 -0.00906941348829 0.999538795121 0.999539717411
3.28356713427e-08 -0.0090229464513 0.999536628327 0.999537715115
3.34168336673e-08 -0.00897647966357 0.999534459824 0.999535772519
3.3997995992e-08 -0.00893001287585 0.999532291321 0.999533829923
3.45791583166e-08 -0.00888354608812 0.999530122817 0.999531887326
3.51603206413e-08 -0.0088370793004 0.999527954314 0.99952994473
3.57414829659e-08 -0.00879061251267 0.999525785811 0.999528002133
3.63226452906e-08 -0.00874414572495 0.999523617308 0.999526059537
3.69038076152e-08 -0.00869767893722 0.999521448804 0.99952411694
3.74849699399e-08 -0.0086512121495 0.999519280301 0.999522174344
3.80661322645e-08 -0.00860474638807 0.999517269622 0.999520516094
3.86472945892e-08 -0.00855828074986 0.999515277891 0.99951889198
3.92284569138e-08 -0.00851181511165 0.99951328616 0.999517267867
3.98096192385e-08 -0.00846534947344 0.999511294428 0.999515643753
4.03907815631e-08 -0.00841888383522 0.999509302697 0.99951401964
4.09719438878e-08 -0.00837241819701 0.999507310966 0.999512395526
4.15531062124e-08 -0.0083259525588 0.999505319234 0.999510771413
4.21342685371e-08 -0.00827948692059 0.999503327503 0.999509147299
4.27154308617e-08 -0.0082330218486 0.999501425328 0.999507661728
4.32965931864e-08 -0.00818655867088 0.999499822754 0.999506639638
4.3877755511e-08 -0.00814009549316 0.999498220181 0.999505617548
4.44589178357e-08 -0.00809363231543 0.999496617608 0.999504595458
4.50400801603e-08 -0.00804716913771 0.999495015034 0.999503573368
4.5621242485e-08 -0.00800070595999 0.999493412461 0.999502551278
4.62024048096e-08 -0.00795424278226 0.999491809887 0.999501529188
4.67835671343e-08 -0.00790777960454 0.999490207314 0.999500507097
4.73647294589e-08 -0.00786131642682 0.99948860474 0.999499485007
4.79458917836e-08 -0.00781485493704 0.999487231054 0.999498809324
4.85270541082e-08 -0.00776839640161 0.999486257983 0.999498739946
4.91082164329e-08 -0.00772193786618 0.999485284911 0.999498670568
4.96893787575e-08 -0.00767547933075 0.999484311839 0.999498601189
5.02705410822e-08 -0.00762902079532 0.999483338768 0.999498531811
5.08517034068e-08 -0.00758256225989 0.999482365696 0.999498462433
5.14328657315e-08 -0.00753610372446 0.999481392624 0.999498393055
5.20140280561e-08 -0.00748964518903 0.999480419552 0.999498323676
5.25951903808e-08 -0.0074431866536 0.999479446481 0.999498254298
5.31763527054e-08 -0.0073967304878 0.999478728784 0.999498583106
5.37575150301e-08 -0.00735028016783 0.999478641096 0.999499894231
5.43386773547e-08 -0.00730382984786 0.999478553407 0.999501205356
5.49198396794e-08 -0.00725737952789 0.999478465718 0.999502516482
5.5501002004e-08 -0.00721092920792 0.999478378029 0.999503827607
5.60821643287e-08 -0.00716447888795 0.99947829034 0.999505138732
5.66633266533e-08 -0.00711802856798 0.999478202651 0.999506449858
5.7244488978e-08 -0.00707157824801 0.999478114962 0.999507760983
5.78256513026e-08 -0.00702512792804 0.999478027273 0.999509072108
5.84068136273e-08 -0.00697867760807 0.999477939584 0.999510383234
5.89879759519e-08 -0.00693224131004 0.999478984345 0.999513589319
5.95691382766e-08 -0.00688580501592 0.999480029422 0.999516795933
6.01503006012e-08 -0.0068393687218 0.999481074498 0.999520002546
6.07314629259e-08 -0.00679293242767 0.999482119575 0.99952320916
6.13126252505e-08 -0.00674649613355 0.999483164651 0.999526415773
6.18937875752e-08 -0.00670005983943 0.999484209728 0.999529622387
6.24749498998e-08 -0.00665362354531 0.999485254804 0.999532829001
6.30561122244e-08 -0.00660718725118 0.999486299881 0.999536035614
6.36372745491e-08 -0.00656075095706 0.999487344958 0.999539242228
6.42184368737e-08 -0.00651432621007 0.999489045329 0.999543683212
6.47995991984e-08 -0.00646791336499 0.99949142113 0.999549396494
6.5380761523e-08 -0.0064215005199 0.999493796931 0.999555109776
6.59619238477e-08 -0.00637508767482 0.999496172732 0.999560823058
6.65430861723e-08 -0.00632867482974 0.999498548534 0.99956653634
6.7124248497e-08 -0.00628226198466 0.999500924335 0.999572249621
6.77054108216e-08 -0.00623584913958 0.999503300136 0.999577962903
6.82865731463e-08 -0.0061894362945 0.999505675937 0.999583676185
6.88677354709e-08 -0.00614302344942 0.999508051738 0.999589389467
6.94488977956e-08 -0.00609661060434 0.999510427539 0.999595102749
7.00300601202e-08 -0.00605022723389 0.999513881778 0.999603266705
7.06112224449e-08 -0.00600385309827 0.999517673908 0.999612198494
7.11923847695e-08 -0.00595747896266 0.999521466038 0.999621130282
7.17735470942e-08 -0.00591110482704 0.999525258168 0.999630062071
7.23547094188e-08 -0.00586473069143 0.999529050298 0.99963899386
7.29358717435e-08 -0.00581835655582 0.999532842428 0.999647925648
7.35170340681e-08 -0.0057719824202 0.999536634558 0.999656857437
7.40981963928e-08 -0.00572560828459 0.999540426688 0.999665789225
7.46793587174e-08 -0.00567923414897 0.999544218817 0.999674721014
7.52605210421e-08 -0.00563286001336 0.999548010947 0.999683652802
7.58416833667e-08 -0.00558653664946 0.999552848196 0.999695807176
7.64228456914e-08 -0.00554022586377 0.999557944363 0.999708759914
7.7004008016e-08 -0.00549391507808 0.999563040529 0.999721712651
7.75851703407e-08 -0.00544760429239 0.999568136696 0.999734665389
7.81663326653e-08 -0.00540129350669 0.999573232862 0.999747618126
7.874749499e-08 -0.005354982721 0.999578329029 0.999760570864
7.93286573146e-08 -0.00530867193531 0.999583425196 0.999773523601
7.99098196393e-08 -0.00526236114962 0.999588521362 0.999786476339
8.04909819639e-08 -0.00521605036392 0.999593617529 0.999799429076
8.10721442886e-08 -0.00516973957823 0.999598713695 0.999812381814
8.16533066132e-08 -0.00512349122716 0.999604357611 0.999828285826
8.22344689379e-08 -0.00507728328272 0.999610356022 0.999846099852
8.28156312625e-08 -0.00503107533827 0.999616354432 0.999863913877
8.33967935872e-08 -0.00498486739383 0.999622352842 0.999881727903
8.39779559118e-08 -0.00493865944938 0.999628351252 0.999899541929
8.45591182365e-08 -0.00489245150493 0.999634349662 0.999917355955
8.51402805611e-08 -0.00484624356049 0.999640348072 0.999935169981
8.57214428858e-08 -0.00480003561604 0.999646346483 0.999952984007
8.63026052104e-08 -0.0047538276716 0.999652344893 0.999970798033
8.68837675351e-08 -0.00470761972715 0.999658343303 0.999988612059
8.74649298597e-08 -0.00466144032775 0.999664372952 1.00000738845
8.80460921844e-08 -0.00461539751548 0.999670552075 1.00003076971
8.8627254509e-08 -0.0045693547032 0.999676731198 1.00005415097
8.92084168337e-08 -0.00452331189093 0.999682910322 1.00007753223
8.97895791583e-08 -0.00447726907865 0.999689089445 1.0001009135
9.0370741483e-08 -0.00443122626638 0.999695268569 1.00012429476
9.09519038076e-08 -0.0043851834541 0.999701447692 1.00014767602
9.15330661323e-08 -0.00433914064183 0.999707626816 1.00017105728
9.21142284569e-08 -0.00429309782955 0.999713805939 1.00019443854
9.26953907816e-08 -0.00424705501728 0.999719985062 1.00021781981
9.32765531062e-08 -0.004201012205 0.999726164186 1.00024120107
9.38577154309e-08 -0.00415509776267 0.999732035387 1.00026736461
9.44388777555e-08 -0.00410931528376 0.999737590045 1.00029638832
9.50200400802e-08 -0.00406353280485 0.999743144703 1.00032541203
9.56012024048e-08 -0.00401775032594 0.999748699361 1.00035443573
9.61823647295e-08 -0.00397196784703 0.999754254019 1.00038345944
9.67635270541e-08 -0.00392618536811 0.999759808677 1.00041248315
9.73446893788e-08 -0.0038804028892 0.999765363335 1.00044150686
9.79258517034e-08 -0.00383462041029 0.999770917993 1.00047053057
9.85070140281e-08 -0.00378883793138 0.999776472651 1.00049955427
9.90881763527e-08 -0.00374305545247 0.999782027309 1.00052857798
9.96693386774e-08 -0.00369727297356 0.999787581967 1.00055760169
1.00250501002e-07 -0.00365171360555 0.999792883506 1.00058872438
1.00831663327e-07 -0.00360632810061 0.999797987797 1.00062148274
1.01412825651e-07 -0.00356094259567 0.999803092088 1.00065424109
1.01993987976e-07 -0.00351555709073 0.99980819638 1.00068699945
1.02575150301e-07 -0.00347017158579 0.999813300671 1.00071975781
1.03156312625e-07 -0.00342478608085 0.999818404962 1.00075251616
1.0373747495e-07 -0.00337940057591 0.999823509253 1.00078527452
1.04318637275e-07 -0.00333401507097 0.999828613545 1.00081803288
1.04899799599e-07 -0.00328862956603 0.999833717836 1.00085079124
1.05480961924e-07 -0.00324324406109 0.999838822127 1.00088354959
1.06062124248e-07 -0.00319785855615 0.999843926418 1.00091630795
1.06643286573e-07 -0.00315268512136 0.999850545317 1.00094767352
1.07224448898e-07 -0.00310786704249 0.999859702172 1.00097670526
1.07805611222e-07 -0.00306304896362 0.999868859027 1.00100573701
1.08386773547e-07 -0.00301823088475 0.999878015882 1.00103476875
1.08967935872e-07 -0.00297341280588 0.999887172737 1.0010638005
1.09549098196e-07 -0.00292859472702 0.999896329591 1.00109283224
1.10130260521e-07 -0.00288377664815 0.999905486446 1.00112186399
1.10711422846e-07 -0.00283895856928 0.999914643301 1.00115089573
1.1129258517e-07 -0.00279414049041 0.999923800156 1.00117992747
1.11873747495e-07 -0.00274932241154 0.999932957011 1.00120895922
1.1245490982e-07 -0.00270450433267 0.999942113866 1.00123799096
1.13036072144e-07 -0.0026596862538 0.999951270721 1.00126702271
1.13617234469e-07 -0.00261551562061 0.999980930533 1.00127209375
1.14198396794e-07 -0.00257139962324 1.00001232052 1.00127514283
1.14779559118e-07 -0.00252728362587 1.00004371051 1.00127819192
1.15360721443e-07 -0.00248316762851 1.0000751005 1.001281241
1.15941883768e-07 -0.00243905163114 1.00010649049 1.00128429008
1.16523046092e-07 -0.00239493563377 1.00013788048 1.00128733916
1.17104208417e-07 -0.0023508196364 1.00016927047 1.00129038824
1.17685370741e-07 -0.00230670363903 1.00020066046 1.00129343732
1.18266533066e-07 -0.00226258764166 1.00023205045 1.00129648641
1.18847695391e-07 -0.00221847164429 1.00026344044 1.00129953549
1.19428857715e-07 -0.00217435564692 1.00029483043 1.00130258457
1.2001002004e-07 -0.00213034774745 1.00034207122 1.00128820915
1.20591182365e-07 -0.0020867691416 1.00045226095 1.00120463507
1.21172344689e-07 -0.00204319053575 1.00056245069 1.00112106098
1.21753507014e-07 -0.0019996119299 1.00067264042 1.0010374869
1.22334669339e-07 -0.00195603332405 1.00078283015 1.00095391282
1.22915831663e-07 -0.0019124547182 1.00089301989 1.00087033874
1.23496993988e-07 -0.00186887611235 1.00100320962 1.00078676466
1.24078156313e-07 -0.0018252975065 1.00111339935 1.00070319058
1.24659318637e-07 -0.00178171890065 1.00122358909 1.0006196165
1.25240480962e-07 -0.0017381402948 1.00133377882 1.00053604242
1.25821643287e-07 -0.00169456168895 1.00144396855 1.00045246834
1.26402805611e-07 -0.0016509830831 1.00155415829 1.00036889426
1.26983967936e-07 -0.00160725167329 1.00171288593 1.00023523574
1.27565130261e-07 -0.00156292519402 1.00206063631 0.9999065318
1.28146292585e-07 -0.00151859871475 1.0024083867 0.999577827856
1.2872745491e-07 -0.00147427223548 1.00275613708 0.999249123912
1.29308617234e-07 -0.0014299457562 1.00310388747 0.998920419967
1.29889779559e-07 -0.00138561927693 1.00345163785 0.998591716023
1.30470941884e-07 -0.00134129279766 1.00379938824 0.998263012079
1.31052104208e-07 -0.00129696631839 1.00414713862 0.997934308135
1.31633266533e-07 -0.00125263983912 1.00449488901 0.997605604191
1.32214428858e-07 -0.00120831335985 1.00484263939 0.997276900247
1.32795591182e-07 -0.00116398688058 1.00519038978 0.996948196303
1.33376753507e-07 -0.00111966040131 1.00553814016 0.996619492359
1.33957915832e-07 -0.00107533392203 1.00588589055 0.996290788415
1.34539078156e-07 -0.00102590745388 1.00684751749 0.995361898696
1.35120240481e-07 -0.000976068576484 1.00785878539 0.994384475114
1.35701402806e-07 -0.000926229699091 1.00887005329 0.993407051532
1.3628256513e-07 -0.000876390821698 1.00988132119 0.992429627951
1.36863727455e-07 -0.000826551944305 1.0108925891 0.991452204369
1.3744488978e-07 -0.000776713066913 1.011903857 0.990474780787
1.38026052104e-07 -0.00072687418952 1.0129151249 0.989497357206
1.38607214429e-07 -0.000677035312127 1.01392639281 0.988519933624
1.39188376754e-07 -0.000627196434734 1.01493766071 0.987542510043
1.39769539078e-07 -0.000577357557341 1.01594892861 0.986565086461
1.40350701403e-07 -0.000527518679948 1.01696019651 0.985587662879
1.40931863727e-07 -0.000477679802555 1.01797146442 0.984610239298
1.41513026052e-07 -0.00042060513351 1.01961653226 0.983037189397
1.42094188377e-07 -0.000350504277925 1.0224025943 0.980391867116
1.42675350701e-07 -0.00028040342234 1.02518865634 0.977746544834
1.43256513026e-07 -0.000210302566755 1.02797471839 0.975101222553
1.43837675351e-07 -0.00014020171117 1.03076078043 0.972455900271
1.44418837675e-07 -7.0100855585e-05 1.03354684247 0.96981057799
1.45e-07 0 1.03633290451 0.967165255708
