-1.45e-07 0.0219076669956 1.29839736454 0.763957520052
-1.44418837675e-07 0.0215017928607 1.27823772338 0.776063222907
-1.43837675351e-07 0.0211172174499 1.25938114382 0.787635885106
-1.43256513026e-07 0.0207588061316 1.2421597085 0.798578437687
-1.42675350701e-07 0.0204207736732 1.22617195161 0.809009608569
-1.42094188377e-07 0.0200995611415 1.21118362336 0.81900845668
-1.41513026052e-07 0.0197939456052 1.19711002545 0.828599817588
-1.40931863727e-07 0.0195112224051 1.18434302522 0.837572432058
-1.40350701403e-07 0.0192423468349 1.17234527848 0.846158032581
-1.39769539078e-07 0.0189855673123 1.16101430529 0.854402299794
-1.39188376754e-07 0.0187459274369 1.15061146308 0.862152378122
-1.38607214429e-07 0.0185198925695 1.14092786757 0.86949862888
-1.38026052104e-07 0.0183030869254 1.13172823603 0.876568210457
-1.3744488978e-07 0.0181010997347 1.12329454894 0.883185910581
-1.36863727455e-07 0.0179098586489 1.11540472281 0.889467590331
-1.3628256513e-07 0.0177255643956 1.10786571282 0.895531479407
-1.35701402806e-07 0.0175562137329 1.1010682573 0.901117092106
-1.35120240481e-07 0.0173930694866 1.09457319307 0.906499732302
-1.34539078156e-07 0.0172382876039 1.08848556296 0.911608892641
-1.33957915832e-07 0.0170938070588 1.08289136773 0.91637436054
-1.33376753507e-07 0.0169532946602 1.07748665033 0.921006939835
-1.32795591182e-07 0.0168244165342 1.07263049787 0.925244109871
-1.32214428858e-07 0.0166992398781 1.06794634851 0.929353310399
-1.31633266533e-07 0.0165818027474 1.06362184607 0.933194935276
-1.31052104208e-07 0.0164700591549 1.05955838705 0.936836586079
-1.30470941884e-07 0.016363126029 1.05571548344 0.940309278921
-1.29889779559e-07 0.0162631054391 1.05218562369 0.943535616018
-1.29308617234e-07 0.0161657914577 1.04877833648 0.946665492345
-1.2872745491e-07 0.0160759656053 1.04570633862 0.949524881708
-1.28146292585e-07 0.0159874373756 1.04269244325 0.952337398213
-1.27565130261e-07 0.0159064485136 1.04001264516 0.954874169475
-1.26983967936e-07 0.0158259232782 1.03735339208 0.95739398403
-1.26402805611e-07 0.0157525725605 1.03500906314 0.959648364894
-1.25821643287e-07 0.0156793172006 1.03266891992 0.961899217832
-1.25240480962e-07 0.0156125528483 1.03061123487 0.963907357712
-1.24659318637e-07 0.0155458827276 1.02855765034 0.965911974063
-1.24078156313e-07 0.0154847881043 1.02674476626 0.967706044584
-1.23496993988e-07 0.0154240657667 1.02494795418 0.969486056596
-1.22915831663e-07 0.0153678474875 1.0233441785 0.971094416149
-1.22334669339e-07 0.0153124812154 1.02177691843 0.972670305181
-1.21753507014e-07 0.0152604574112 1.02035195742 0.974117714718
-1.21172344689e-07 0.0152098996611 1.01898941082 0.975508771313
-1.20591182365e-07 0.0151614885142 1.01771769015 0.976816648981
-1.2001002004e-07 0.01511523424 1.01653722993 0.978040949788
-1.19428857715e-07 0.0150699428988 1.01539728003 0.97922765264
-1.18847695391e-07 0.0150275277798 1.01437833199 0.980302052701
-1.18266533066e-07 0.0149851126609 1.01335938395 0.981376452761
-1.17685370741e-07 0.0149459403381 1.0124761272 0.98232331355
-1.17104208417e-07 0.014906938927 1.01160002206 0.983263452374
-1.16523046092e-07 0.0148697372367 1.0107988394 0.984132310132
-1.15941883768e-07 0.0148337610431 1.01004867426 0.984952629958
-1.15360721443e-07 0.0147982776817 1.00931892421 0.985753296181
-1.14779559118e-07 0.0147649732076 1.00867943243 0.986467070778
-1.14198396794e-07 0.0147316687335 1.00803994064 0.987180845376
-1.13617234469e-07 0.0147000507848 1.00746996984 0.987826905423
-1.13036072144e-07 0.0146690975286 1.0069273986 0.988446277848
-1.1245490982e-07 0.0146385402837 1.00640107079 0.989049641438
-1.11873747495e-07 0.0146096487287 1.0059430656 0.989585669182
-1.1129258517e-07 0.0145807571737 1.00548506041 0.990121696927
-1.10711422846e-07 0.0145529597141 1.00507170256 0.99061318613
-1.10130260521e-07 0.0145258693167 1.00468719817 0.991075892175
-1.09549098196e-07 0.0144987789193 1.00430269378 0.991538598221
-1.08967935872e-07 0.0144731965136 1.00397939226 0.991939470376
-1.08386773547e-07 0.0144476737058 1.00365850956 0.992337898769
-1.07805611222e-07 0.0144224964607 1.00335156889 0.992722048849
-1.07224448898e-07 0.0143983326816 1.0030855174 0.993064323504
-1.06643286573e-07 0.0143741689024 1.00281946591 0.99340659816
-1.06062124248e-07 0.0143505717674 1.00257612622 0.993725266844
-1.05480961924e-07 0.0143275815353 1.00235711195 0.9940186524
-1.04899799599e-07 0.0143045913032 1.00213809769 0.994312037956
-1.04318637275e-07 0.0142822532701 1.00194503047 0.99457801013
-1.0373747495e-07 0.0142602723083 1.00176616895 0.994828973796
-1.03156312625e-07 0.0142382913466 1.00158730742 0.995079937461
-1.02575150301e-07 0.0142169524694 1.00143377287 0.995303646894
-1.01993987976e-07 0.0141958358949 1.00128900702 0.995517920357
-1.01412825651e-07 0.0141747193205 1.00114424117 0.995732193821
-1.00831663327e-07 0.0141541711787 1.00102167477 0.995922074761
-1.00250501002e-07 0.0141337917631 1.00090569777 0.99610471534
-9.96693386774e-08 0.0141134123475 1.00078972077 0.996287355918
-9.90881763527e-08 0.0140934895316 1.0006913678 0.996450161817
-9.85070140281e-08 0.0140737360427 1.00059955059 0.996605612153
-9.79258517034e-08 0.0140539825538 1.00050773338 0.99676106249
-9.73446893788e-08 0.0140345551442 1.00042832828 0.99690215089
-9.67635270541e-08 0.0140153307728 1.00035665175 0.997034296615
-9.61823647295e-08 0.0139961064014 1.00028497522 0.997166442339
-9.56012024048e-08 0.0139770734009 1.0002204628 0.997290025979
-9.50200400802e-08 0.0139582942795 1.00016545453 0.997402250866
-9.44388777555e-08 0.0139395151581 1.00011044627 0.997514475753
-9.38577154309e-08 0.0139207988243 1.00005774179 0.997623840769
-9.32765531062e-08 0.0139023926394 1.00001641727 0.997719079014
-9.26953907816e-08 0.0138839864546 0.999975092751 0.99781431726
-9.21142284569e-08 0.0138655802697 0.999933768229 0.997909555505
-9.15330661323e-08 0.013847432173 0.999901685752 0.9979927954
-9.09519038076e-08 0.0138293368742 0.999871493951 0.998073580751
-9.0370741483e-08 0.0138112415754 0.999841302151 0.998154366102
-8.97895791583e-08 0.0137932529014 0.999814816753 0.998230077119
-8.92084168337e-08 0.013775415507 0.999793590007 0.998298588658
-8.8627254509e-08 0.0137575781126 0.999772363262 0.998367100197
-8.80460921844e-08 0.0137397407182 0.999751136517 0.998435611737
-8.74649298597e-08 0.0137220983958 0.999736447247 0.998494587428
-8.68837675351e-08 0.0137044738956 0.99972235525 0.998552691911
-8.63026052104e-08 0.0136868493953 0.999708263254 0.998610796393
-8.57214428858e-08 0.0136692837949 0.999696057579 0.998665931911
-8.51402805611e-08 0.0136518341474 0.999687565398 0.998715222602
-8.45591182365e-08 0.0136343844999 0.999679073216 0.998764513292
-8.39779559118e-08 0.0136169348524 0.999670581035 0.998813803983
-8.33967935872e-08 0.0135995813845 0.999664998475 0.998858073554
-8.28156312625e-08 0.0135822746074 0.999660828406 0.998899905595
-8.22344689379e-08 0.0135649678304 0.999656658337 0.998941737636
-8.16533066132e-08 0.0135476610533 0.999652488268 0.998983569677
-8.10721442886e-08 0.0135304614989 0.999651334864 0.999019575839
-8.04909819639e-08 0.0135132708485 0.999650431972 0.999055098203
-7.99098196393e-08 0.0134960801981 0.99964952908 0.999090620567
-7.93286573146e-08 0.0134788975484 0.999648831052 0.999125688028
-7.874749499e-08 0.013461800784 0.999650332192 0.999155872183
-7.81663326653e-08 0.0134447040196 0.999651833332 0.999186056338
-7.75851703407e-08 0.0134276072552 0.999653334472 0.999216240493
-7.7004008016e-08 0.0134105223278 0.999655102943 0.999245716138
-7.64228456914e-08 0.013393501057 0.999658309069 0.999271381559
-7.58416833667e-08 0.0133764797862 0.999661515195 0.999297046981
-7.52605210421e-08 0.0133594585155 0.999664721321 0.999322712402
-7.46793587174e-08 0.013342445451 0.999668083147 0.999347857381
-7.40981963928e-08 0.0133254845509 0.999672434704 0.999369694094
-7.35170340681e-08 0.0133085236507 0.999676786261 0.999391530807
-7.29358717435e-08 0.0132915627506 0.999681137819 0.99941336752
-7.23547094188e-08 0.0132746028325 0.999685503768 0.999435137791
-7.17735470942e-08 0.0132576899404 0.999690558944 0.999453726138
-7.11923847695e-08 0.0132407770483 0.999695614119 0.999472314484
-7.06112224449e-08 0.0132238641562 0.999700669295 0.999490902831
-7.00300601202e-08 0.0132069512641 0.99970572447 0.999509491178
-6.94488977956e-08 0.0131900690503 0.999711070932 0.99952584866
-6.88677354709e-08 0.0131731941201 0.999716486549 0.999541676497
-6.82865731463e-08 0.0131563191899 0.999721902166 0.999557504334
-6.77054108216e-08 0.0131394442597 0.999727317784 0.999573332171
-6.7124248497e-08 0.0131225841544 0.999732782684 0.999587992627
-6.65430861723e-08 0.0131057390714 0.999738297522 0.999601470175
-6.59619238477e-08 0.0130888939884 0.999743812359 0.999614947722
-6.5380761523e-08 0.0130720489054 0.999749327197 0.999628425269
-6.47995991984e-08 0.0130552057778 0.999754834114 0.999641734789
-6.42184368737e-08 0.0130383840275 0.999760254431 0.999653207351
-6.36372745491e-08 0.0130215622772 0.999765674748 0.999664679913
-6.30561122244e-08 0.0130047405269 0.999771095065 0.999676152476
-6.24749498998e-08 0.0129879187766 0.999776515382 0.999687625038
-6.18937875752e-08 0.0129711073103 0.999781803422 0.999698125759
-6.13126252505e-08 0.0129543036953 0.999786990477 0.999707884537
-6.07314629259e-08 0.0129375000802 0.999792177532 0.999717643315
-6.01503006012e-08 0.0129206964652 0.999797364587 0.999727402093
-5.95691382766e-08 0.0129038928501 0.999802551642 0.999737160871
-5.89879759519e-08 0.0128871024656 0.999807429336 0.999745534176
-5.84068136273e-08 0.0128703128651 0.999812288698 0.999753825384
-5.78256513026e-08 0.0128535232645 0.999817148061 0.999762116591
-5.7244488978e-08 0.012836733664 0.999822007423 0.999770407799
-5.66633266533e-08 0.0128199463491 0.999826784661 0.999778431831
-5.60821643287e-08 0.0128031675167 0.999831257119 0.999785464319
-5.5501002004e-08 0.0127863886843 0.999835729577 0.999792496808
-5.49198396794e-08 0.0127696098519 0.999840202035 0.999799529296
-5.43386773547e-08 0.0127528310195 0.999844674493 0.999806561784
-5.37575150301e-08 0.0127360552237 0.999848992447 0.999813195294
-5.31763527054e-08 0.0127192846181 0.99985304633 0.999819146882
-5.25951903808e-08 0.0127025140125 0.999857100212 0.99982509847
-5.20140280561e-08 0.0126857434069 0.999861154095 0.999831050058
-5.14328657315e-08 0.0126689728013 0.999865207977 0.999837001645
-5.08517034068e-08 0.0126522047708 0.99986908505 0.999842570516
-5.02705410822e-08 0.0126354404152 0.999872709793 0.999847593201
-4.96893787575e-08 0.0126186760597 0.999876334536 0.999852615887
-4.91082164329e-08 0.0126019117042 0.999879959278 0.999857638572
-4.85270541082e-08 0.0125851473486 0.999883584021 0.999862661257
-4.79458917836e-08 0.0125683845904 0.999887065361 0.999867413856
-4.73647294589e-08 0.0125516249571 0.999890266157 0.999871638076
-4.67835671343e-08 0.0125348653238 0.999893466953 0.999875862296
-4.62024048096e-08 0.0125181056904 0.999896667749 0.999880086517
-4.5621242485e-08 0.0125013460571 0.999899868545 0.999884310737
-4.50400801603e-08 0.0124845869388 0.999903010221 0.99988843539
-4.44589178357e-08 0.0124678308543 0.999905803613 0.999891973482
-4.3877755511e-08 0.0124510747697 0.999908597005 0.999895511574
-4.32965931864e-08 0.0124343186852 0.999911390397 0.999899049666
-4.27154308617e-08 0.0124175626007 0.99991418379 0.999902587757
-4.21342685371e-08 0.0124008065162 0.999916977182 0.999906125849
-4.15531062124e-08 0.0123840526331 0.999919452681 0.999909175121
-4.09719438878e-08 0.0123672992017 0.999921862963 0.999912124109
-4.03907815631e-08 0.0123505457702 0.999924273245 0.999915073097
-3.98096192385e-08 0.0123337923388 0.999926683527 0.999918022085
-3.92284569138e-08 0.0123170389073 0.999929093809 0.999920971073
-3.86472945892e-08 0.0123002862443 0.999931366272 0.99992372338
-3.80661322645e-08 0.0122835347862 0.99993342258 0.999926167215
-3.74849699399e-08 0.0122667833282 0.999935478889 0.999928611051
-3.69038076152e-08 0.0122500318702 0.999937535197 0.999931054887
-3.63226452906e-08 0.0122332804121 0.999939591506 0.999933498722
-3.57414829659e-08 0.0122165289541 0.999941647815 0.999935942558
-3.51603206413e-08 0.0121997786951 0.999943439526 0.999938031356
-3.45791583166e-08 0.0121830286977 0.999945173514 0.9999400427
-3.3997995992e-08 0.0121662787002 0.999946907501 0.999942054045
-3.34168336673e-08 0.0121495287028 0.999948641489 0.999944065389
-3.28356713427e-08 0.0121327787054 0.999950375477 0.999946076734
-3.2254509018e-08 0.0121160288386 0.999952074247 0.99994804318
-3.16733466934e-08 0.0120992799168 0.999953518241 0.999949684823
-3.10921843687e-08 0.012082530995 0.999954962236 0.999951326465
-3.05110220441e-08 0.0120657820732 0.999956406231 0.999952968108
-2.99298597194e-08 0.0120490331515 0.999957850226 0.99995460975
-2.93486973948e-08 0.0120322842297 0.99995929422 0.999956251393
-2.87675350701e-08 0.0120155355347 0.999960663822 0.999957802166
-2.81863727455e-08 0.0119987874009 0.999961849385 0.99995912814
-2.76052104208e-08 0.011982039267 0.999963034947 0.999960454113
-2.70240480962e-08 0.0119652911331 0.99996422051 0.999961780086
-2.64428857715e-08 0.0119485429993 0.999965406072 0.99996310606
-2.58617234469e-08 0.0119317948654 0.999966591634 0.999964432033
-2.52805611222e-08 0.0119150469134 0.999967704676 0.999965672566
-2.46993987976e-08 0.011898299353 0.999968661473 0.999966729018
-2.41182364729e-08 0.0118815517926 0.99996961827 0.999967785471
-2.35370741483e-08 0.0118648042323 0.999970575067 0.999968841924
-2.29559118236e-08 0.0118480566719 0.999971531864 0.999969898376
-2.2374749499e-08 0.0118313091116 0.999972488661 0.999970954829
-2.17935871743e-08 0.0118145616363 0.999973403942 0.999971963859
-2.12124248497e-08 0.0117978144896 0.999974158867 0.999972789721
-2.0631262525e-08 0.011781067343 0.999974913792 0.999973615583
-2.00501002004e-08 0.0117643201964 0.999975668717 0.999974441445
-1.94689378758e-08 0.0117475730498 0.999976423643 0.999975267307
-1.88877755511e-08 0.0117308259031 0.999977178568 0.999976093169
-1.83066132265e-08 0.0117140787565 0.999977933493 0.999976919031
-1.77254509018e-08 0.0116973318896 0.999978518795 0.999977556323
-1.71442885772e-08 0.0116805850373 0.999979095263 0.999978183793
-1.65631262525e-08 0.011663838185 0.999979671731 0.999978811263
-1.59819639279e-08 0.0116470913327 0.999980248198 0.999979438734
-1.54008016032e-08 0.0116303444805 0.999980824666 0.999980066204
-1.48196392786e-08 0.0116135976282 0.999981401134 0.999980693674
-1.42384769539e-08 0.0115968508876 0.99998189038 0.999981226534
-1.36573146293e-08 0.0115801042393 0.999982307727 0.999981681404
-1.30761523046e-08 0.0115633575909 0.999982725075 0.999982136274
-1.249498998e-08 0.0115466109425 0.999983142422 0.999982591144
-1.19138276553e-08 0.0115298642941 0.999983559769 0.999983046014
-1.13326653307e-08 0.0115131176458 0.999983977116 0.999983500884
-1.0751503006e-08 0.0114963709974 0.999984394464 0.999983955754
-1.01703406814e-08 0.0114796244821 0.999984668094 0.999984258315
-9.58917835671e-09 0.0114628779675 0.999984941023 0.999984560132
-9.00801603206e-09 0.0114461314529 0.999985213952 0.999984861949
-8.42685370741e-09 0.0114293849382 0.99998548688 0.999985163766
-7.84569138277e-09 0.0114126384236 0.999985759809 0.999985465583
-7.26452905812e-09 0.011395891909 0.999986032738 0.9999857674
-6.68336673347e-09 0.0113791454164 0.999986266812 0.999986028976
-6.10220440882e-09 0.0113623989781 0.9999864048 0.999986191037
-5.52104208417e-09 0.0113456525399 0.999986542788 0.999986353098
-4.93987975952e-09 0.0113289061017 0.999986680775 0.999986515158
-4.35871743487e-09 0.0113121596635 0.999986818763 0.999986677219
-3.77755511022e-09 0.0112954132253 0.999986956751 0.99998683928
-3.19639278557e-09 0.0112786667871 0.999987094739 0.999987001341
-2.61523046092e-09 0.0112619203596 0.999987177161 0.999987107196
-2.03406813627e-09 0.0112451739468 0.999987183759 0.999987136355
-1.45290581162e-09 0.011228427534 0.999987190358 0.999987165513
-8.71743486974e-10 0.0112116811211 0.999987196956 0.999987194672
-2.90581162324e-10 0.0111949347083 0.999987203555 0.99998722383
2.90581162325e-10 0.0111781882955 0.999987210153 0.999987252989
8.71743486974e-10 0.0111614418827 0.999987216752 0.999987282147
1.45290581162e-09 0.0111446954596 0.999987169975 0.999987258634
2.03406813627e-09 0.011127949021 0.999987041902 0.999987154897
2.61523046092e-09 0.0111112025823 0.999986913829 0.99998705116
3.19639278557e-09 0.0110944561436 0.999986785756 0.999986947423
3.77755511022e-09 0.011077709705 0.999986657683 0.999986843686
4.35871743487e-09 0.0110609632663 0.999986529611 0.999986739949
4.93987975952e-09 0.0110442168277 0.999986401538 0.999986636212
5.52104208417e-09 0.0110274703716 0.999986243615 0.999986503778
6.10220440882e-09 0.0110107238479 0.999985969523 0.999986259663
6.68336673347e-09 0.0109939773243 0.999985695431 0.999986015548
7.26452905812e-09 0.0109772308006 0.999985421339 0.999985771433
7.84569138277e-09 0.0109604842769 0.999985147247 0.999985527318
8.42685370742e-09 0.0109437377532 0.999984873155 0.999985283202
9.00801603206e-09 0.0109269912295 0.999984599063 0.999985039087
9.58917835671e-09 0.0109102447058 0.999984324971 0.999984794972
1.01703406814e-08 0.010893498045 0.999983909933 0.999984419091
1.0751503006e-08 0.0108767513587 0.9999834687 0.999984018721
1.13326653307e-08 0.0108600046724 0.999983027466 0.999983618351
1.19138276553e-08 0.0108432579861 0.999982586233 0.999983217981
1.249498998e-08 0.0108265112998 0.999982145 0.999982817611
1.30761523046e-08 0.0108097646135 0.999981703767 0.999982417241
1.36573146293e-08 0.0107930179272 0.999981262533 0.999982016871
1.42384769539e-08 0.0107762711561 0.999980759382 0.999981560374
1.48196392786e-08 0.0107595241953 0.999980117711 0.999980978313
1.54008016032e-08 0.0107427772346 0.999979476041 0.999980396252
1.59819639279e-08 0.0107260302739 0.99997883437 0.999979814191
1.65631262525e-08 0.0107092833131 0.9999781927 0.99997923213
1.71442885772e-08 0.0106925363524 0.999977551029 0.999978650068
1.77254509018e-08 0.0106757893917 0.999976909359 0.999978068007
1.83066132265e-08 0.0106590424309 0.999976267688 0.999977485946
1.88877755511e-08 0.0106422952039 0.999975477119 0.999976773647
1.94689378758e-08 0.0106255477973 0.999974586147 0.999975973527
2.00501002004e-08 0.0106088003907 0.999973695176 0.999975173407
2.06312625251e-08 0.0105920529841 0.999972804204 0.999974373288
2.12124248497e-08 0.0105753055775 0.999971913232 0.999973573168
2.17935871743e-08 0.0105585581709 0.99997102226 0.999972773048
2.2374749499e-08 0.0105418107643 0.999970131288 0.999971972928
2.29559118236e-08 0.0105250633577 0.999969240317 0.999971172809
2.35370741483e-08 0.0105083154442 0.999968125015 0.999970184852
2.41182364729e-08 0.0104915673179 0.999966915459 0.999969117973
2.46993987976e-08 0.0104748191915 0.999965705903 0.999968051095
2.52805611222e-08 0.0104580710651 0.999964496347 0.999966984216
2.58617234469e-08 0.0104413229387 0.999963286792 0.999965917338
2.64428857715e-08 0.0104245748124 0.999962077236 0.999964850459
2.70240480962e-08 0.010407826686 0.99996086768 0.999963783581
2.76052104208e-08 0.0103910785596 0.999959658124 0.999962716702
2.81863727455e-08 0.0103743297015 0.999958188866 0.999961444219
2.87675350701e-08 0.010357580405 0.999956563984 0.999960048528
2.93486973948e-08 0.0103408311085 0.999954939102 0.999958652838
2.99298597194e-08 0.010324081812 0.99995331422 0.999957257147
3.05110220441e-08 0.0103073325155 0.999951689338 0.999955861457
3.10921843687e-08 0.010290583219 0.999950064456 0.999954465766
3.16733466934e-08 0.0102738339225 0.999948439574 0.999953070076
3.2254509018e-08 0.010257084626 0.999946814692 0.999951674385
3.28356713427e-08 0.0102403346428 0.999944993834 0.999950134741
3.34168336673e-08 0.0102235834193 0.99994281899 0.999948335076
3.3997995992e-08 0.0102068321957 0.999940644146 0.999946535411
3.45791583166e-08 0.0101900809722 0.999938469302 0.999944735746
3.51603206413e-08 0.0101733297487 0.999936294458 0.99994293608
3.57414829659e-08 0.0101565785251 0.999934119613 0.999941136415
3.63226452906e-08 0.0101398273016 0.999931944769 0.99993933675
3.69038076152e-08 0.0101230760781 0.999929769925 0.999937537085
3.74849699399e-08 0.0101063248546 0.999927595081 0.99993573742
3.80661322645e-08 0.0100895707534 0.999924760981 0.999933501209
3.86472945892e-08 0.0100728163067 0.999921847735 0.999931212588
3.92284569138e-08 0.01005606186 0.999918934488 0.999928923968
3.98096192385e-08 0.0100393074134 0.999916021242 0.999926635347
4.03907815631e-08 0.0100225529667 0.999913107996 0.999924346727
4.09719438878e-08 0.01000579852 0.999910194749 0.999922058107
4.15531062124e-08 0.00998904407337 0.999907281503 0.999919769486
4.21342685371e-08 0.00997228962671 0.999904368257 0.999917480866
4.27154308617e-08 0.00995553391882 0.999901223565 0.999915060176
4.32965931864e-08 0.00993877399163 0.999897304595 0.999912197664
4.3877755511e-08 0.00992201406444 0.999893385625 0.999909335151
4.44589178357e-08 0.00990525413724 0.999889466655 0.999906472638
4.50400801603e-08 0.00988849421005 0.999885547685 0.999903610126
4.5621242485e-08 0.00987173428286 0.999881628715 0.999900747613
4.62024048096e-08 0.00985497435567 0.999877709745 0.9998978851
4.67835671343e-08 0.00983821442848 0.999873790775 0.999895022588
4.73647294589e-08 0.00982145450129 0.999869871805 0.999892160075
4.79458917836e-08 0.00980469112901 0.999865446356 0.999889066501
4.85270541082e-08 0.00978792172691 0.99986013443 0.999885568507
4.91082164329e-08 0.0097711523248 0.999854822504 0.999882070513
4.96893787575e-08 0.0097543829227 0.999849510579 0.999878572519
5.02705410822e-08 0.00973761352059 0.999844198653 0.999875074525
5.08517034068e-08 0.00972084411848 0.999838886727 0.999871576531
5.14328657315e-08 0.00970407471638 0.999833574801 0.999868078537
5.20140280561e-08 0.00968730531427 0.999828262876 0.999864580543
5.25951903808e-08 0.00967053591216 0.99982295095 0.999861082549
5.31763527054e-08 0.00965376170738 0.999817070857 0.999857404681
5.37575150301e-08 0.00963697565446 0.999809789104 0.999853283068
5.43386773547e-08 0.00962018960154 0.999802507352 0.999849161454
5.49198396794e-08 0.00960340354862 0.999795225599 0.999845039841
5.5501002004e-08 0.0095866174957 0.999787943846 0.999840918227
5.60821643287e-08 0.00956983144278 0.999780662093 0.999836796614
5.66633266533e-08 0.00955304538985 0.99977338034 0.999832675001
5.7244488978e-08 0.00953625933693 0.999766098587 0.999828553387
5.78256513026e-08 0.00951947328401 0.999758816835 0.999824431774
5.84068136273e-08 0.00950268723109 0.999751535082 0.99982031016
5.89879759519e-08 0.00948587145399 0.999741394895 0.999815753283
5.95691382766e-08 0.00946905566861 0.999731253911 0.999811196285
6.01503006012e-08 0.00945223988323 0.999721112927 0.999806639286
6.07314629259e-08 0.00943542409785 0.999710971944 0.999802082287
6.13126252505e-08 0.00941860831246 0.99970083096 0.999797525289
6.18937875752e-08 0.00940179252708 0.999690689976 0.99979296829
6.24749498998e-08 0.0093849767417 0.999680548993 0.999788411292
6.30561122244e-08 0.00936816095632 0.999670408009 0.999783854293
6.36372745491e-08 0.00935134517093 0.999660267025 0.999779297295
6.42184368737e-08 0.00933450283209 0.999648015962 0.999774807247
6.47995991984e-08 0.0093176331239 0.999633589987 0.999770386208
6.5380761523e-08 0.00930076341572 0.999619164012 0.999765965169
6.59619238477e-08 0.00928389370754 0.999604738036 0.99976154413
6.65430861723e-08 0.00926702399936 0.999590312061 0.999757123091
6.7124248497e-08 0.00925015429117 0.999575886086 0.999752702052
6.77054108216e-08 0.00923328458299 0.99956146011 0.999748281013
6.82865731463e-08 0.00921641487481 0.999547034135 0.999743859974
6.88677354709e-08 0.00919954516662 0.99953260816 0.999739438935
6.94488977956e-08 0.00918267545844 0.999518182184 0.999735017896
7.00300601202e-08 0.00916573015185 0.999498680133 0.999731740374
7.06112224449e-08 0.00914876115916 0.999477587671 0.999728821133
7.11923847695e-08 0.00913179216647 0.99945649521 0.999725901892
7.17735470942e-08 0.00911482317378 0.999435402749 0.999722982651
7.23547094188e-08 0.00909785418109 0.999414310288 0.999720063409
7.29358717435e-08 0.0090808851884 0.999393217827 0.999717144168
7.35170340681e-08 0.00906391619571 0.999372125365 0.999714224927
7.40981963928e-08 0.00904694720302 0.999351032904 0.999711305686
7.46793587174e-08 0.00902997821033 0.999329940443 0.999708386445
7.52605210421e-08 0.00901300921764 0.999308847982 0.999705467204
7.58416833667e-08 0.00899589153554 0.999279093069 0.999706138223
7.64228456914e-08 0.0089787370171 0.999247192118 0.999707698693
7.7004008016e-08 0.00896158249866 0.999215291168 0.999709259164
7.75851703407e-08 0.00894442798022 0.999183390217 0.999710819635
7.81663326653e-08 0.00892727346178 0.999151489266 0.999712380106
7.874749499e-08 0.00891011894334 0.999119588316 0.999713940576
7.93286573146e-08 0.0088929644249 0.999087687365 0.999715501047
7.99098196393e-08 0.00887580990646 0.999055786414 0.999717061518
8.04909819639e-08 0.00885865538802 0.999023885464 0.999718621989
8.10721442886e-08 0.00884150086958 0.998991984513 0.99972018246
8.16533066132e-08 0.00882413281234 0.998948981946 0.999728239787
8.22344689379e-08 0.00880662655644 0.998898794604 0.99974050177
8.28156312625e-08 0.00878912030054 0.998848607261 0.999752763752
8.33967935872e-08 0.00877161404464 0.998798419918 0.999765025734
8.39779559118e-08 0.00875410778873 0.998748232575 0.999777287717
8.45591182365e-08 0.00873660153283 0.998698045233 0.999789549699
8.51402805611e-08 0.00871909527693 0.99864785789 0.999801811682
8.57214428858e-08 0.00870158902103 0.998597670547 0.999814073664
8.63026052104e-08 0.00868408276512 0.998547483204 0.999826335647
8.68837675351e-08 0.00866657650922 0.998497295861 0.999838597629
8.74649298597e-08 0.00864895332069 0.998441536245 0.999854913469
8.80460921844e-08 0.00863077061331 0.998359113483 0.999890626883
8.8627254509e-08 0.00861258790594 0.998276690721 0.999926340297
8.92084168337e-08 0.00859440519856 0.998194267959 0.999962053711
8.97895791583e-08 0.00857622249119 0.998111845196 0.999997767125
9.0370741483e-08 0.00855803978381 0.998029422434 1.00003348054
9.09519038076e-08 0.00853985707644 0.997946999672 1.00006919395
9.15330661323e-08 0.00852167436906 0.997864576909 1.00010490737
9.21142284569e-08 0.00850349166169 0.997782154147 1.00014062078
9.26953907816e-08 0.00848530895431 0.997699731385 1.0001763342
9.32765531062e-08 0.00846712624694 0.997617308622 1.00021204761
9.38577154309e-08 0.00844829290589 0.997505803169 1.00027212895
9.44388777555e-08 0.00842879071789 0.997364400909 1.00035726035
9.50200400802e-08 0.00840928852988 0.997222998648 1.00044239176
9.56012024048e-08 0.00838978634188 0.997081596388 1.00052752316
9.61823647295e-08 0.00837028415387 0.996940194127 1.00061265456
9.67635270541e-08 0.00835078196587 0.996798791867 1.00069778597
9.73446893788e-08 0.00833127977786 0.996657389606 1.00078291737
9.79258517034e-08 0.00831177758986 0.996515987346 1.00086804877
9.85070140281e-08 0.00829227540186 0.996374585085 1.00095318017
9.90881763527e-08 0.00827277321385 0.996233182825 1.00103831158
9.96693386774e-08 0.00825327102585 0.996091780564 1.00112344298
1.00250501002e-07 0.00823230176494 0.995887766666 1.00126614651
1.00831663327e-07 0.00821018926191 0.995634961558 1.00145371412
1.01412825651e-07 0.00818807675887 0.99538215645 1.00164128174
1.01993987976e-07 0.00816596425583 0.995129351342 1.00182884935
1.02575150301e-07 0.0081438517528 0.994876546233 1.00201641696
1.03156312625e-07 0.00812173924976 0.994623741125 1.00220398458
1.0373747495e-07 0.00809962674672 0.994370936017 1.00239155219
1.04318637275e-07 0.00807751424369 0.994118130909 1.0025791198
1.04899799599e-07 0.00805540174065 0.993865325801 1.00276668742
1.05480961924e-07 0.00803328923761 0.993612520692 1.00295425503
1.06062124248e-07 0.00801117673457 0.993359715584 1.00314182264
1.06643286573e-07 0.00798710683142 0.993026225654 1.00340852121
1.07224448898e-07 0.00795975700533 0.992557535978 1.00380781578
1.07805611222e-07 0.00793240717924 0.992088846302 1.00420711035
1.08386773547e-07 0.00790505735314 0.991620156625 1.00460640492
1.08967935872e-07 0.00787770752705 0.991151466949 1.00500569949
1.09549098196e-07 0.00785035770096 0.990682777273 1.00540499406
1.10130260521e-07 0.00782300787487 0.990214087597 1.00580428863
1.10711422846e-07 0.00779565804878 0.98974539792 1.0062035832
1.1129258517e-07 0.00776830822269 0.989276708244 1.00660287777
1.11873747495e-07 0.0077409583966 0.988808018568 1.00700217234
1.1245490982e-07 0.0077136085705 0.988339328892 1.00740146691
1.13036072144e-07 0.00768625874441 0.987870639216 1.00780076148
1.13617234469e-07 0.00764908016434 0.987008937825 1.00860663647
1.14198396794e-07 0.00761107216785 0.986114071462 1.00944682147
1.14779559118e-07 0.00757306417137 0.985219205098 1.01028700646
1.15360721443e-07 0.00753505617489 0.984324338734 1.01112719145
1.15941883768e-07 0.0074970481784 0.98342947237 1.01196737644
1.16523046092e-07 0.00745904018192 0.982534606006 1.01280756143
1.17104208417e-07 0.00742103218543 0.981639739642 1.01364774642
1.17685370741e-07 0.00738302418895 0.980744873279 1.01448793141
1.18266533066e-07 0.00734501619246 0.979850006915 1.0153281164
1.18847695391e-07 0.00730700819598 0.978955140551 1.01616830139
1.19428857715e-07 0.00726900019949 0.978060274187 1.01700848638
1.2001002004e-07 0.00722656627085 0.976994622283 1.01803676003
1.20591182365e-07 0.00716655545577 0.975250722734 1.01981199789
1.21172344689e-07 0.00710654464068 0.973506823186 1.02158723576
1.21753507014e-07 0.0070465338256 0.971762923637 1.02336247363
1.22334669339e-07 0.00698652301051 0.970019024089 1.02513771149
1.22915831663e-07 0.00692651219543 0.968275124541 1.02691294936
1.23496993988e-07 0.00686650138034 0.966531224992 1.02868818723
1.24078156313e-07 0.00680649056526 0.964787325444 1.03046342509
1.24659318637e-07 0.00674647975017 0.963043425895 1.03223866296
1.25240480962e-07 0.00668646893509 0.961299526347 1.03401390082
1.25821643287e-07 0.00662645812 0.959555626798 1.03578913869
1.26402805611e-07 0.00656644730492 0.95781172725 1.03756437656
1.26983967936e-07 0.00649701882014 0.955724401903 1.03975902633
1.27565130261e-07 0.00639091479764 0.952299662289 1.04358700552
1.28146292585e-07 0.00628481077513 0.948874922675 1.04741498471
1.2872745491e-07 0.00617870675263 0.94545018306 1.05124296391
1.29308617234e-07 0.00607260273013 0.942025443446 1.0550709431
1.29889779559e-07 0.00596649870763 0.938600703832 1.0588989223
1.30470941884e-07 0.00586039468513 0.935175964218 1.06272690149
1.31052104208e-07 0.00575429066262 0.931751224603 1.06655488068
1.31633266533e-07 0.00564818664012 0.928326484989 1.07038285988
1.32214428858e-07 0.00554208261762 0.924901745375 1.07421083907
1.32795591182e-07 0.00543597859512 0.92147700576 1.07803881826
1.33376753507e-07 0.00532987457261 0.918052266146 1.08186679746
1.33957915832e-07 0.00522377055011 0.914627526532 1.08569477665
1.34539078156e-07 0.00502693103196 0.908234856851 1.09397199623
1.35120240481e-07 0.00482275421224 0.901602186299 1.10260900243
1.35701402806e-07 0.00461857739253 0.894969515748 1.11124600864
1.3628256513e-07 0.00441440057281 0.888336845197 1.11988301485
1.36863727455e-07 0.0042102237531 0.881704174645 1.12852002105
1.3744488978e-07 0.00400604693338 0.875071504094 1.13715702726
1.38026052104e-07 0.00380187011367 0.868438833543 1.14579403347
1.38607214429e-07 0.00359769329395 0.861806162992 1.15443103967
1.39188376754e-07 0.00339351647424 0.85517349244 1.16306804588
1.39769539078e-07 0.00318933965452 0.848540821889 1.17170505209
1.40350701403e-07 0.00298516283481 0.841908151338 1.18034205829
1.40931863727e-07 0.00278098601509 0.835275480786 1.1889790645
1.41513026052e-07 0.00250087451232 0.826463721193 1.20177430761
1.42094188377e-07 0.0020840620936 0.813729070819 1.2220553895
1.42675350701e-07 0.00166724967488 0.800994420446 1.24233647138
1.43256513026e-07 0.00125043725616 0.788259770073 1.26261755326
1.43837675351e-07 0.000833624837438 0.7755251197 1.28289863514
1.44418837675e-07 0.000416812418719 0.762790469326 1.30317971702
1.45e-07 0 0.750055818953 1.3234607989
