-1.45e-07 -0.0146943638491 0.651415533604 1.5304409013
-1.44418837675e-07 -0.0140116972906 0.668916707348 1.49070880882
-1.43837675351e-07 -0.0133668048681 0.685750857656 1.45384445959
-1.43256513026e-07 -0.012770172397 0.701796832707 1.4207445056
-1.42675350701e-07 -0.0122089908055 0.717216000015 1.39026546264
-1.42094188377e-07 -0.0116758731034 0.732120287712 1.36180986399
-1.41513026052e-07 -0.0111767368443 0.74637735291 1.33573903315
-1.40931863727e-07 -0.010713670995 0.759897902055 1.31207516829
-1.40350701403e-07 -0.0102698442931 0.773012056375 1.28966385158
-1.39769539078e-07 -0.00985922856127 0.785402575965 1.26936369384
-1.39188376754e-07 -0.00947262443143 0.797237294868 1.25052051385
-1.38607214429e-07 -0.0091027398963 0.808685002431 1.23269184665
-1.38026052104e-07 -0.00876621406463 0.819315972088 1.21679944857
-1.3744488978e-07 -0.0084371217556 0.829761711363 1.2013325932
-1.36863727455e-07 -0.00814142333592 0.839346274896 1.18772411725
-1.3628256513e-07 -0.00785176475801 0.848767444104 1.17443866594
-1.35701402806e-07 -0.00758947712514 0.857448154006 1.16261707574
-1.35120240481e-07 -0.00733343138183 0.865952418589 1.15111710148
-1.34539078156e-07 -0.00710209655417 0.873758156653 1.14089036739
-1.33957915832e-07 -0.00687439202195 0.881457068642 1.13084429688
-1.33376753507e-07 -0.00667157038833 0.888423769597 1.12203653707
-1.32795591182e-07 -0.0064687487547 0.895390470552 1.11322877727
-1.32214428858e-07 -0.0062908135695 0.901597609572 1.10562027099
-1.31633266533e-07 -0.00611410084295 0.907767437801 1.09807067379
-1.31052104208e-07 -0.00595341047573 0.913431809655 1.09127064583
-1.30470941884e-07 -0.00580045455585 0.918852183379 1.08483245622
-1.29889779559e-07 -0.00565364104057 0.924072931555 1.07867395409
-1.29308617234e-07 -0.00552215840852 0.92879543252 1.07321352649
-1.2872745491e-07 -0.00539067577647 0.933517933484 1.0677530989
-1.28146292585e-07 -0.00527427982887 0.937736898477 1.06296297735
-1.27565130261e-07 -0.00516207109102 0.941816110383 1.05835889483
-1.26983967936e-07 -0.00505259309932 0.945801998215 1.05387349116
-1.26402805611e-07 -0.00495755730212 0.949294319693 1.05001574853
-1.25821643287e-07 -0.00486252150491 0.95278664117 1.04615800591
-1.25240480962e-07 -0.00477369623377 0.956062235104 1.04256490818
-1.24659318637e-07 -0.00469384359595 0.959024712766 1.03935415513
-1.24078156313e-07 -0.00461399095813 0.961987190428 1.03614340209
-1.23496993988e-07 -0.00454115228643 0.96470037869 1.03322636392
-1.22915831663e-07 -0.00447461503414 0.967189602789 1.03057320221
-1.22334669339e-07 -0.00440807778185 0.969678826887 1.0279200405
-1.21753507014e-07 -0.00434739679635 0.971956565022 1.02550839145
-1.21172344689e-07 -0.00429243784138 0.974027664836 1.02333271913
-1.20591182365e-07 -0.00423747888641 0.976098764651 1.02115704682
-1.2001002004e-07 -0.00418590743285 0.978045838449 1.01911922999
-1.19428857715e-07 -0.00414092670142 0.979751607256 1.01734962477
-1.18847695391e-07 -0.00409594596999 0.981457376062 1.01558001955
-1.18266533066e-07 -0.00405114278356 0.983156567496 1.01381755735
-1.17685370741e-07 -0.00401468108078 0.984546738452 1.01239069083
-1.17104208417e-07 -0.00397821937801 0.985936909408 1.01096382431
-1.16523046092e-07 -0.00394175767524 0.987327080364 1.00953695779
-1.15941883768e-07 -0.00390920325983 0.988571049401 1.00826576334
-1.15360721443e-07 -0.00387994363833 0.989691734649 1.00712583834
-1.14779559118e-07 -0.00385068401683 0.990812419897 1.00598591333
-1.14198396794e-07 -0.00382142439533 0.991933105145 1.00484598832
-1.13617234469e-07 -0.00379756946919 0.99284985667 1.00391962914
-1.13036072144e-07 -0.00377433615596 0.993743153064 1.0030178329
-1.1245490982e-07 -0.00375110284273 0.994636449459 1.00211603667
-1.11873747495e-07 -0.00372824751334 0.995515383753 1.00122907417
-1.1129258517e-07 -0.00371000253243 0.996219140476 1.00052304194
-1.10711422846e-07 -0.00369175755152 0.996922897199 0.999817009709
-1.10130260521e-07 -0.00367351257062 0.997626653922 0.999110977477
-1.09549098196e-07 -0.00365555686055 0.998319356123 0.998416233347
-1.08967935872e-07 -0.00364139456531 0.998867092492 0.997869518154
-1.08386773547e-07 -0.00362723227006 0.999414828861 0.997322802962
-1.07805611222e-07 -0.00361306997481 0.99996256523 0.99677608777
-1.07224448898e-07 -0.00359890767957 1.0005103016 0.996229372578
-1.06643286573e-07 -0.00358762891183 1.00094732817 0.995794661463
-1.06062124248e-07 -0.0035767687061 1.00136828452 0.99537620844
-1.05480961924e-07 -0.00356590850037 1.00178924087 0.994957755417
-1.04899799599e-07 -0.00355504829464 1.00221019723 0.994539302394
-1.04318637275e-07 -0.00354543753714 1.00258300202 0.994169201154
-1.0373747495e-07 -0.00353721511602 1.00290230274 0.993852826462
-1.03156312625e-07 -0.00352899269489 1.00322160347 0.99353645177
-1.02575150301e-07 -0.00352077027376 1.00354090419 0.993220077078
-1.01993987976e-07 -0.00351254785263 1.00386020491 0.992903702385
-1.01412825651e-07 -0.0035061191883 1.00411017086 0.99265653857
-1.00831663327e-07 -0.00349997666296 1.00434907656 0.992420415233
-1.00250501002e-07 -0.00349383413763 1.00458798226 0.992184291895
-9.96693386774e-08 -0.00348769161229 1.00482688797 0.991948168557
-9.90881763527e-08 -0.00348159651746 1.00506395602 0.991713871063
-9.85070140281e-08 -0.00347707180438 1.00524018122 0.991540025616
-9.79258517034e-08 -0.00347254709131 1.00541640642 0.991366180169
-9.73446893788e-08 -0.00346802237823 1.00559263162 0.991192334721
-9.67635270541e-08 -0.00346349766516 1.00576885681 0.991018489274
-9.61823647295e-08 -0.00345897295209 1.00594508201 0.990844643827
-9.56012024048e-08 -0.00345564373752 1.00607490469 0.990716737255
-9.50200400802e-08 -0.00345235958883 1.00620297817 0.990590562409
-9.44388777555e-08 -0.00344907544014 1.00633105164 0.990464387563
-9.38577154309e-08 -0.00344579129146 1.00645912512 0.990338212718
-9.32765531062e-08 -0.00344250714277 1.0065871986 0.990212037872
-9.26953907816e-08 -0.00343983619463 1.00669143798 0.990109394454
-9.21142284569e-08 -0.00343748922519 1.00678308485 0.990019183644
-9.15330661323e-08 -0.00343514225576 1.00687473172 0.989928972834
-9.09519038076e-08 -0.00343279528632 1.00696637859 0.989838762025
-9.0370741483e-08 -0.00343044831689 1.00705802546 0.989748551215
-8.97895791583e-08 -0.00342816371872 1.00714724551 0.989660731508
-8.92084168337e-08 -0.00342651374838 1.00721177263 0.989597241285
-8.8627254509e-08 -0.00342486377805 1.00727629975 0.989533751063
-8.80460921844e-08 -0.00342321380772 1.00734082687 0.98947026084
-8.74649298597e-08 -0.00342156383738 1.00740535399 0.989406770617
-8.68837675351e-08 -0.00341991386705 1.00746988111 0.989343280395
-8.63026052104e-08 -0.00341839491593 1.00752930631 0.989284809455
-8.57214428858e-08 -0.00341725489574 1.00757397588 0.989240855175
-8.51402805611e-08 -0.00341611487554 1.00761864545 0.989196900895
-8.45591182365e-08 -0.00341497485535 1.00766331502 0.989152946616
-8.39779559118e-08 -0.00341383483516 1.00770798459 0.989108992336
-8.33967935872e-08 -0.00341269481496 1.00775265416 0.989065038056
-8.28156312625e-08 -0.00341160751291 1.00779526964 0.989023102434
-8.22344689379e-08 -0.00341083424565 1.00782564921 0.988993191683
-8.16533066132e-08 -0.00341006097839 1.00785602879 0.988963280932
-8.10721442886e-08 -0.00340928771113 1.00788640837 0.988933370181
-8.04909819639e-08 -0.00340851444387 1.00791678794 0.98890345943
-7.99098196393e-08 -0.00340774117661 1.00794716752 0.988873548679
-7.93286573146e-08 -0.00340696790935 1.00797754709 0.988843637928
-7.874749499e-08 -0.00340638543075 1.00800048941 0.988821030831
-7.81663326653e-08 -0.00340587123377 1.00802077 0.98880103765
-7.75851703407e-08 -0.0034053570368 1.00804105059 0.988781044469
-7.7004008016e-08 -0.00340484283982 1.00806133117 0.988761051287
-7.64228456914e-08 -0.00340432864284 1.00808161176 0.988741058106
-7.58416833667e-08 -0.00340381444587 1.00810189235 0.988721064925
-7.52605210421e-08 -0.00340330399399 1.00812202689 0.988701215101
-7.46793587174e-08 -0.00340296938975 1.00813530396 0.988688096492
-7.40981963928e-08 -0.0034026347855 1.00814858102 0.988674977884
-7.35170340681e-08 -0.00340230018126 1.00816185809 0.988661859275
-7.29358717435e-08 -0.00340196557702 1.00817513515 0.988648740667
-7.23547094188e-08 -0.00340163097277 1.00818841222 0.988635622058
-7.17735470942e-08 -0.00340129636853 1.00820168928 0.98862250345
-7.11923847695e-08 -0.00340096176429 1.00821496635 0.988609384841
-7.06112224449e-08 -0.00340074704855 1.00822356646 0.988600856056
-7.00300601202e-08 -0.00340053451012 1.00823208164 0.988592410626
-6.94488977956e-08 -0.00340032197168 1.00824059682 0.988583965196
-6.88677354709e-08 -0.00340010943325 1.008249112 0.988575519766
-6.82865731463e-08 -0.00339989689481 1.00825762718 0.988567074336
-6.77054108216e-08 -0.00339968435638 1.00826614236 0.988558628906
-6.7124248497e-08 -0.00339947181794 1.00827465753 0.988550183476
-6.65430861723e-08 -0.00339930843118 1.00828125448 0.988543620555
-6.59619238477e-08 -0.00339917715948 1.00828659809 0.98853828764
-6.5380761523e-08 -0.00339904588777 1.00829194169 0.988532954726
-6.47995991984e-08 -0.00339891461607 1.00829728529 0.988527621811
-6.42184368737e-08 -0.00339878334436 1.00830262889 0.988522288896
-6.36372745491e-08 -0.00339865207266 1.0083079725 0.988516955982
-6.30561122244e-08 -0.00339852080095 1.0083133161 0.988511623067
-6.24749498998e-08 -0.00339838952925 1.0083186597 0.988506290152
-6.18937875752e-08 -0.00339830444949 1.00832219959 0.988502727846
-6.13126252505e-08 -0.00339822611812 1.00832547597 0.988499424216
-6.07314629259e-08 -0.00339814778676 1.00832875235 0.988496120587
-6.01503006012e-08 -0.00339806945539 1.00833202873 0.988492816957
-5.95691382766e-08 -0.00339799112403 1.0083353051 0.988489513327
-5.89879759519e-08 -0.00339791279267 1.00833858148 0.988486209697
-5.84068136273e-08 -0.0033978344613 1.00834185786 0.988482906068
-5.78256513026e-08 -0.00339775612994 1.00834513424 0.988479602438
-5.7244488978e-08 -0.00339770369159 1.00834739868 0.988477292813
-5.66633266533e-08 -0.00339765906577 1.0083493578 0.988475283103
-5.60821643287e-08 -0.00339761443994 1.00835131692 0.988473273393
-5.5501002004e-08 -0.00339756981412 1.00835327604 0.988471263683
-5.49198396794e-08 -0.00339752518829 1.00835523516 0.988469253973
-5.43386773547e-08 -0.00339748056246 1.00835719428 0.988467244263
-5.37575150301e-08 -0.00339743593664 1.0083591534 0.988465234552
-5.31763527054e-08 -0.00339739131081 1.00836111252 0.988463224842
-5.25951903808e-08 -0.00339735242294 1.00836284707 0.988461435995
-5.20140280561e-08 -0.00339732874061 1.00836398653 0.988460232436
-5.14328657315e-08 -0.00339730505828 1.00836512598 0.988459028876
-5.08517034068e-08 -0.00339728137595 1.00836626544 0.988457825317
-5.02705410822e-08 -0.00339725769362 1.0083674049 0.988456621757
-4.96893787575e-08 -0.0033972340113 1.00836854436 0.988455418198
-4.91082164329e-08 -0.00339721032897 1.00836968381 0.988454214638
-4.85270541082e-08 -0.00339718664664 1.00837082327 0.988453011079
-4.79458917836e-08 -0.00339716296431 1.00837196273 0.988451807519
-4.73647294589e-08 -0.00339714398622 1.00837291761 0.98845078591
-4.67835671343e-08 -0.0033971329821 1.00837355964 0.988450072718
-4.62024048096e-08 -0.00339712197798 1.00837420167 0.988449359525
-4.5621242485e-08 -0.00339711097387 1.00837484369 0.988448646333
-4.50400801603e-08 -0.00339709996975 1.00837548572 0.98844793314
-4.44589178357e-08 -0.00339708896563 1.00837612775 0.988447219948
-4.3877755511e-08 -0.00339707796151 1.00837676978 0.988446506756
-4.32965931864e-08 -0.0033970669574 1.0083774118 0.988445793563
-4.27154308617e-08 -0.00339705595328 1.00837805383 0.988445080371
-4.21342685371e-08 -0.00339704524583 1.00837868416 0.988444378755
-4.15531062124e-08 -0.00339704169996 1.00837903222 0.988443956611
-4.09719438878e-08 -0.00339703815409 1.00837938028 0.988443534466
-4.03907815631e-08 -0.00339703460823 1.00837972833 0.988443112321
-3.98096192385e-08 -0.00339703106236 1.00838007639 0.988442690176
-3.92284569138e-08 -0.0033970275165 1.00838042445 0.988442268032
-3.86472945892e-08 -0.00339702397063 1.0083807725 0.988441845887
-3.80661322645e-08 -0.00339702042476 1.00838112056 0.988441423742
-3.74849699399e-08 -0.0033970168789 1.00838146861 0.988441001598
-3.69038076152e-08 -0.00339701333303 1.00838181667 0.988440579453
-3.63226452906e-08 -0.00339701088936 1.0083821209 0.988440201051
-3.57414829659e-08 -0.00339701159009 1.00838230011 0.988439947439
-3.51603206413e-08 -0.00339701229082 1.00838247932 0.988439693828
-3.45791583166e-08 -0.00339701299156 1.00838265852 0.988439440217
-3.3997995992e-08 -0.00339701369229 1.00838283773 0.988439186606
-3.34168336673e-08 -0.00339701439302 1.00838301694 0.988438932995
-3.28356713427e-08 -0.00339701509375 1.00838319614 0.988438679384
-3.2254509018e-08 -0.00339701579448 1.00838337535 0.988438425772
-3.16733466934e-08 -0.00339701649521 1.00838355456 0.988438172161
-3.10921843687e-08 -0.00339701719594 1.00838373376 0.98843791855
-3.05110220441e-08 -0.00339701791703 1.00838391215 0.988437665774
-2.99298597194e-08 -0.00339702094086 1.00838399738 0.988437507449
-2.93486973948e-08 -0.0033970239647 1.00838408261 0.988437349125
-2.87675350701e-08 -0.00339702698854 1.00838416784 0.988437190801
-2.81863727455e-08 -0.00339703001238 1.00838425307 0.988437032476
-2.76052104208e-08 -0.00339703303622 1.0083843383 0.988436874152
-2.70240480962e-08 -0.00339703606006 1.00838442353 0.988436715828
-2.64428857715e-08 -0.00339703908389 1.00838450876 0.988436557503
-2.58617234469e-08 -0.00339704210773 1.00838459399 0.988436399179
-2.52805611222e-08 -0.00339704513157 1.00838467923 0.988436240855
-2.46993987976e-08 -0.00339704815541 1.00838476446 0.98843608253
-2.41182364729e-08 -0.00339705149753 1.00838483634 0.988435938169
-2.35370741483e-08 -0.00339705572345 1.00838487116 0.988435832581
-2.29559118236e-08 -0.00339705994937 1.00838490598 0.988435726993
-2.2374749499e-08 -0.00339706417528 1.0083849408 0.988435621405
-2.17935871743e-08 -0.0033970684012 1.00838497561 0.988435515817
-2.12124248497e-08 -0.00339707262711 1.00838501043 0.988435410229
-2.0631262525e-08 -0.00339707685303 1.00838504525 0.98843530464
-2.00501002004e-08 -0.00339708107895 1.00838508007 0.988435199052
-1.94689378758e-08 -0.00339708530486 1.00838511489 0.988435093464
-1.88877755511e-08 -0.00339708953078 1.00838514971 0.988434987876
-1.83066132265e-08 -0.00339709375669 1.00838518453 0.988434882288
-1.77254509018e-08 -0.0033970979848 1.00838521925 0.988434776811
-1.71442885772e-08 -0.00339710277607 1.00838522832 0.98843469994
-1.65631262525e-08 -0.00339710756734 1.00838523739 0.98843462307
-1.59819639279e-08 -0.00339711235862 1.00838524647 0.9884345462
-1.54008016032e-08 -0.00339711714989 1.00838525554 0.98843446933
-1.48196392786e-08 -0.00339712194117 1.00838526461 0.98843439246
-1.42384769539e-08 -0.00339712673244 1.00838527369 0.98843431559
-1.36573146293e-08 -0.00339713152372 1.00838528276 0.98843423872
-1.30761523046e-08 -0.00339713631499 1.00838529183 0.988434161849
-1.249498998e-08 -0.00339714110626 1.00838530091 0.988434084979
-1.19138276553e-08 -0.00339714589754 1.00838530998 0.988434008109
-1.13326653307e-08 -0.00339715068881 1.00838531905 0.988433931239
-1.0751503006e-08 -0.00339715552234 1.0083853257 0.988433857482
-1.01703406814e-08 -0.00339716052369 1.00838532271 0.988433796087
-9.58917835671e-09 -0.00339716552503 1.00838531971 0.988433734693
-9.00801603206e-09 -0.00339717052637 1.00838531672 0.988433673298
-8.42685370741e-09 -0.00339717552771 1.00838531373 0.988433611904
-7.84569138277e-09 -0.00339718052905 1.00838531074 0.988433550509
-7.26452905812e-09 -0.00339718553039 1.00838530775 0.988433489114
-6.68336673347e-09 -0.00339719053173 1.00838530476 0.98843342772
-6.10220440882e-09 -0.00339719553308 1.00838530176 0.988433366325
-5.52104208417e-09 -0.00339720053442 1.00838529877 0.988433304931
-4.93987975952e-09 -0.00339720553576 1.00838529578 0.988433243536
-4.35871743487e-09 -0.0033972105371 1.00838529279 0.988433182142
-3.77755511022e-09 -0.00339721553844 1.0083852898 0.988433120747
-3.19639278557e-09 -0.00339722054687 1.00838528316 0.988433066104
-2.61523046092e-09 -0.00339722555674 1.00838527578 0.988433012838
-2.03406813627e-09 -0.00339723056661 1.0083852684 0.988432959571
-1.45290581162e-09 -0.00339723557648 1.00838526101 0.988432906305
-8.71743486974e-10 -0.00339724058635 1.00838525363 0.988432853039
-2.90581162324e-10 -0.00339724559622 1.00838524625 0.988432799773
2.90581162325e-10 -0.00339725060609 1.00838523887 0.988432746506
8.71743486974e-10 -0.00339725561596 1.00838523149 0.98843269324
1.45290581162e-09 -0.00339726062583 1.00838522411 0.988432639974
2.03406813627e-09 -0.0033972656357 1.00838521672 0.988432586708
2.61523046092e-09 -0.00339727064557 1.00838520934 0.988432533441
3.19639278557e-09 -0.00339727565544 1.00838520196 0.988432480175
3.77755511022e-09 -0.0033972806459 1.00838519465 0.988432427489
4.35871743487e-09 -0.0033972855412 1.00838518768 0.988432377644
4.93987975952e-09 -0.0033972904365 1.00838518071 0.9884323278
5.52104208417e-09 -0.0033972953318 1.00838517374 0.988432277955
6.10220440882e-09 -0.0033973002271 1.00838516677 0.988432228111
6.68336673347e-09 -0.0033973051224 1.0083851598 0.988432178266
7.26452905812e-09 -0.0033973100177 1.00838515284 0.988432128422
7.84569138277e-09 -0.003397314913 1.00838514587 0.988432078577
8.42685370742e-09 -0.0033973198083 1.0083851389 0.988432028733
9.00801603206e-09 -0.0033973247036 1.00838513193 0.988431978888
9.58917835671e-09 -0.0033973295989 1.00838512496 0.988431929044
1.01703406814e-08 -0.0033973344942 1.00838511799 0.988431879199
1.0751503006e-08 -0.0033973393895 1.00838511102 0.988431829355
1.13326653307e-08 -0.00339734411896 1.00838510743 0.988431779116
1.19138276553e-08 -0.00339734880667 1.00838510469 0.988431728779
1.249498998e-08 -0.00339735349438 1.00838510194 0.988431678442
1.30761523046e-08 -0.00339735818209 1.0083850992 0.988431628104
1.36573146293e-08 -0.0033973628698 1.00838509646 0.988431577767
1.42384769539e-08 -0.00339736755751 1.00838509372 0.988431527429
1.48196392786e-08 -0.00339737224521 1.00838509097 0.988431477092
1.54008016032e-08 -0.00339737693292 1.00838508823 0.988431426754
1.59819639279e-08 -0.00339738162063 1.00838508549 0.988431376417
1.65631262525e-08 -0.00339738630834 1.00838508275 0.98843132608
1.71442885772e-08 -0.00339739099605 1.00838508 0.988431275742
1.77254509018e-08 -0.00339739568375 1.00838507726 0.988431225405
1.83066132265e-08 -0.00339740004816 1.00838508345 0.988431169781
1.88877755511e-08 -0.0033974044113 1.00838508967 0.988431114137
1.94689378758e-08 -0.00339740877445 1.0083850959 0.988431058493
2.00501002004e-08 -0.0033974131376 1.00838510212 0.988431002849
2.06312625251e-08 -0.00339741750074 1.00838510835 0.988430947205
2.12124248497e-08 -0.00339742186389 1.00838511457 0.988430891561
2.17935871743e-08 -0.00339742622704 1.0083851208 0.988430835917
2.2374749499e-08 -0.00339743059018 1.00838512702 0.988430780273
2.29559118236e-08 -0.00339743495333 1.00838513324 0.988430724629
2.35370741483e-08 -0.00339743931647 1.00838513947 0.988430668984
2.41182364729e-08 -0.00339744367962 1.00838514569 0.98843061334
2.46993987976e-08 -0.00339744766264 1.00838516415 0.988430548145
2.52805611222e-08 -0.00339745150876 1.00838518702 0.988430479509
2.58617234469e-08 -0.00339745535489 1.00838520989 0.988430410874
2.64428857715e-08 -0.00339745920101 1.00838523276 0.988430342238
2.70240480962e-08 -0.00339746304713 1.00838525562 0.988430273603
2.76052104208e-08 -0.00339746689325 1.00838527849 0.988430204967
2.81863727455e-08 -0.00339747073938 1.00838530136 0.988430136332
2.87675350701e-08 -0.0033974745855 1.00838532423 0.988430067696
2.93486973948e-08 -0.00339747843162 1.00838534709 0.98842999906
2.99298597194e-08 -0.00339748227775 1.00838536996 0.988429930425
3.05110220441e-08 -0.00339748612387 1.00838539283 0.988429861789
3.10921843687e-08 -0.00339748912587 1.00838544529 0.988429767289
3.16733466934e-08 -0.00339749212041 1.00838549802 0.98842967256
3.2254509018e-08 -0.00339749511495 1.00838555074 0.98842957783
3.28356713427e-08 -0.00339749810949 1.00838560346 0.988429483101
3.34168336673e-08 -0.00339750110403 1.00838565619 0.988429388372
3.3997995992e-08 -0.00339750409857 1.00838570891 0.988429293643
3.45791583166e-08 -0.00339750709311 1.00838576163 0.988429198913
3.51603206413e-08 -0.00339751008765 1.00838581436 0.988429104184
3.57414829659e-08 -0.00339751308219 1.00838586708 0.988429009455
3.63226452906e-08 -0.00339751607673 1.00838591981 0.988428914726
3.69038076152e-08 -0.00339751801502 1.00838601135 0.98842878418
3.74849699399e-08 -0.00339751958307 1.00838611651 0.988428641079
3.80661322645e-08 -0.00339752115112 1.00838622167 0.988428497978
3.86472945892e-08 -0.00339752271917 1.00838632682 0.988428354878
3.92284569138e-08 -0.00339752428722 1.00838643198 0.988428211777
3.98096192385e-08 -0.00339752585527 1.00838653714 0.988428068676
4.03907815631e-08 -0.00339752742332 1.0083866423 0.988427925575
4.09719438878e-08 -0.00339752899137 1.00838674745 0.988427782475
4.15531062124e-08 -0.00339753055942 1.00838685261 0.988427639374
4.21342685371e-08 -0.00339753212747 1.00838695777 0.988427496273
4.27154308617e-08 -0.00339753140134 1.00838714947 0.988427271109
4.32965931864e-08 -0.00339753058018 1.00838734476 0.988427042546
4.3877755511e-08 -0.00339752975902 1.00838754005 0.988426813983
4.44589178357e-08 -0.00339752893786 1.00838773534 0.988426585419
4.50400801603e-08 -0.0033975281167 1.00838793064 0.988426356856
4.5621242485e-08 -0.00339752729553 1.00838812593 0.988426128293
4.62024048096e-08 -0.00339752647437 1.00838832122 0.98842589973
4.67835671343e-08 -0.00339752565321 1.00838851651 0.988425671166
4.73647294589e-08 -0.00339752483205 1.0083887118 0.988425442603
4.79458917836e-08 -0.00339752152193 1.00838900234 0.98842512241
4.85270541082e-08 -0.00339751674345 1.00838934907 0.98842474816
4.91082164329e-08 -0.00339751196497 1.0083896958 0.98842437391
4.96893787575e-08 -0.00339750718649 1.00839004253 0.98842399966
5.02705410822e-08 -0.00339750240801 1.00839038926 0.98842362541
5.08517034068e-08 -0.00339749762953 1.00839073599 0.98842325116
5.14328657315e-08 -0.00339749285104 1.00839108272 0.98842287691
5.20140280561e-08 -0.00339748807256 1.00839142945 0.98842250266
5.25951903808e-08 -0.00339748329408 1.00839177618 0.98842212841
5.31763527054e-08 -0.00339747383731 1.00839230337 0.988421579184
5.37575150301e-08 -0.00339746261514 1.00839289865 0.988420963929
5.43386773547e-08 -0.00339745139298 1.00839349394 0.988420348674
5.49198396794e-08 -0.00339744017081 1.00839408923 0.988419733419
5.5501002004e-08 -0.00339742894864 1.00839468452 0.988419118164
5.60821643287e-08 -0.00339741772647 1.00839527981 0.988418502909
5.66633266533e-08 -0.00339740650431 1.00839587509 0.988417887654
5.7244488978e-08 -0.00339739528214 1.00839647038 0.9884172724
5.78256513026e-08 -0.0033973816758 1.00839715805 0.988416567176
5.84068136273e-08 -0.00339736016761 1.0083981519 0.98841556377
5.89879759519e-08 -0.00339733865942 1.00839914576 0.988414560363
5.95691382766e-08 -0.00339731715124 1.00840013961 0.988413556957
6.01503006012e-08 -0.00339729564305 1.00840113346 0.98841255355
6.07314629259e-08 -0.00339727413486 1.00840212731 0.988411550144
6.13126252505e-08 -0.00339725262667 1.00840312116 0.988410546738
6.18937875752e-08 -0.00339723111848 1.00840411502 0.988409543331
6.24749498998e-08 -0.00339720756053 1.0084051885 0.98840846218
6.30561122244e-08 -0.00339716997219 1.00840680706 0.988406848873
6.36372745491e-08 -0.00339713238386 1.00840842562 0.988405235565
6.42184368737e-08 -0.00339709479553 1.00841004417 0.988403622258
6.47995991984e-08 -0.00339705720719 1.00841166273 0.988402008951
6.5380761523e-08 -0.00339701961886 1.00841328129 0.988400395644
6.59619238477e-08 -0.00339698203053 1.00841489985 0.988398782336
6.65430861723e-08 -0.00339694444219 1.00841651841 0.988397169029
6.7124248497e-08 -0.00339689712621 1.00841851546 0.988395185662
6.77054108216e-08 -0.0033968349222 1.00842109182 0.988392635923
6.82865731463e-08 -0.00339677271819 1.00842366817 0.988390086184
6.88677354709e-08 -0.00339671051418 1.00842624452 0.988387536445
6.94488977956e-08 -0.00339664831016 1.00842882087 0.988384986705
7.00300601202e-08 -0.00339658610615 1.00843139722 0.988382436966
7.06112224449e-08 -0.00339652390214 1.00843397357 0.988379887227
7.11923847695e-08 -0.00339646103972 1.00843657557 0.988377312397
7.17735470942e-08 -0.00339636192362 1.00844058954 0.988373355963
7.23547094188e-08 -0.00339626280753 1.00844460352 0.988369399529
7.29358717435e-08 -0.00339616369143 1.00844861749 0.988365443095
7.35170340681e-08 -0.00339606457534 1.00845263146 0.988361486661
7.40981963928e-08 -0.00339596545924 1.00845664544 0.988357530227
7.46793587174e-08 -0.00339586634314 1.00846065941 0.988353573793
7.52605210421e-08 -0.00339576722705 1.00846467339 0.988349617359
7.58416833667e-08 -0.00339561498994 1.00847075756 0.988343634395
7.64228456914e-08 -0.0033954616215 1.00847688582 0.988337608271
7.7004008016e-08 -0.00339530825305 1.00848301408 0.988331582147
7.75851703407e-08 -0.0033951548846 1.00848914234 0.988325556023
7.81663326653e-08 -0.00339500151616 1.00849527061 0.9883195299
7.874749499e-08 -0.00339484814771 1.00850139887 0.988313503776
7.93286573146e-08 -0.00339467416559 1.00850833082 0.988306690777
7.99098196393e-08 -0.00339444258588 1.00851750842 0.988297679134
8.04909819639e-08 -0.00339421100618 1.00852668601 0.988288667491
8.10721442886e-08 -0.00339397942647 1.0085358636 0.988279655849
8.16533066132e-08 -0.00339374784676 1.00854504119 0.988270644206
8.22344689379e-08 -0.00339351626706 1.00855421878 0.988261632563
8.28156312625e-08 -0.00339328468735 1.00856339638 0.988252620921
8.33967935872e-08 -0.00339295834168 1.00857627001 0.988239990664
8.39779559118e-08 -0.00339261608731 1.00858976412 0.988226752939
8.45591182365e-08 -0.00339227383293 1.00860325823 0.988213515213
8.51402805611e-08 -0.00339193157856 1.00861675234 0.988200277487
8.57214428858e-08 -0.00339158932418 1.00863024644 0.988187039761
8.63026052104e-08 -0.00339124706981 1.00864374055 0.988173802035
8.68837675351e-08 -0.00339079049596 1.00866169472 0.988156198533
8.74649298597e-08 -0.00339029439499 1.008681191 0.98813708552
8.80460921844e-08 -0.00338979829401 1.00870068729 0.988117972506
8.8627254509e-08 -0.00338930219304 1.00872018357 0.988098859493
8.92084168337e-08 -0.00338880609206 1.00873967985 0.98807974648
8.97895791583e-08 -0.00338830999109 1.00875917614 0.988060633466
9.0370741483e-08 -0.0033876224626 1.00878614322 0.988034210283
9.09519038076e-08 -0.00338691612061 1.00881384453 0.988007068656
9.15330661323e-08 -0.00338620977861 1.00884154585 0.987979927029
9.21142284569e-08 -0.00338550343662 1.00886924716 0.987952785401
9.26953907816e-08 -0.00338479709462 1.00889694848 0.987925643774
9.32765531062e-08 -0.00338399303966 1.00892846465 0.987894771407
9.38577154309e-08 -0.00338300404155 1.00896720127 0.987856837798
9.44388777555e-08 -0.00338201504343 1.00900593789 0.987818904189
9.50200400802e-08 -0.00338102604532 1.00904467452 0.98778097058
9.56012024048e-08 -0.0033800370472 1.00908341114 0.987743036971
9.61823647295e-08 -0.0033790344581 1.00912267862 0.98770458462
9.67635270541e-08 -0.0033776713302 1.00917602852 0.987652371199
9.73446893788e-08 -0.0033763082023 1.00922937842 0.987600157778
9.79258517034e-08 -0.0033749450744 1.00928272832 0.987547944357
9.85070140281e-08 -0.00337358194649 1.00933607822 0.987495730936
9.90881763527e-08 -0.00337221881859 1.00938942812 0.987443517515
9.96693386774e-08 -0.00337038211788 1.00946128611 0.987373237481
1.00250501002e-07 -0.00336853111378 1.00953370309 0.987302411779
1.00831663327e-07 -0.00336668010967 1.00960612007 0.987231586077
1.01412825651e-07 -0.00336482910556 1.00967853706 0.987160760374
1.01993987976e-07 -0.00336289181455 1.00975432873 0.987086645037
1.02575150301e-07 -0.00336041360555 1.00985127578 0.986991907533
1.03156312625e-07 -0.00335793539655 1.00994822282 0.986897170029
1.0373747495e-07 -0.00335545718755 1.01004516986 0.986802432525
1.04318637275e-07 -0.00335297897855 1.0101421169 0.986707695021
1.04899799599e-07 -0.00335008211633 1.01025545243 0.986597010446
1.05480961924e-07 -0.00334680848265 1.01038353696 0.986471974132
1.06062124248e-07 -0.00334353484896 1.01051162149 0.986346937817
1.06643286573e-07 -0.00334026121528 1.01063970602 0.986221901503
1.07224448898e-07 -0.00333686136531 1.01077273701 0.986092062756
1.07805611222e-07 -0.00333259199515 1.01093984473 0.985929139431
1.08386773547e-07 -0.00332832262499 1.01110695246 0.985766216105
1.08967935872e-07 -0.00332405325482 1.01127406019 0.98560329278
1.09549098196e-07 -0.00331978388466 1.01144116791 0.985440369455
1.10130260521e-07 -0.00331437062374 1.01165316815 0.985233982259
1.10711422846e-07 -0.00330887013422 1.01186859171 0.985024280681
1.1129258517e-07 -0.0033033696447 1.01208401527 0.984814579102
1.11873747495e-07 -0.00329786915519 1.01229943882 0.984604877524
1.1245490982e-07 -0.00329097843002 1.01256951686 0.984342442092
1.13036072144e-07 -0.00328397372505 1.0128440758 0.984075683224
1.13617234469e-07 -0.00327696902008 1.01311863473 0.983808924357
1.14198396794e-07 -0.0032697768692 1.01340057814 0.983535070155
1.14779559118e-07 -0.00326095494518 1.01374672681 0.983199524635
1.15360721443e-07 -0.00325213302116 1.01409287548 0.982863979115
1.15941883768e-07 -0.00324331109714 1.01443902415 0.982528433596
1.16523046092e-07 -0.0032334956336 1.01482441154 0.982155373992
1.17104208417e-07 -0.00322250193417 1.01525633203 0.981737826536
1.17685370741e-07 -0.00321150823475 1.01568825251 0.981320279081
1.18266533066e-07 -0.00320051453532 1.016120173 0.980902731625
1.18847695391e-07 -0.00318700548016 1.01665172988 0.980390491917
1.19428857715e-07 -0.0031734428867 1.01718540747 0.979876236724
1.2001002004e-07 -0.00315988029323 1.01771908507 0.979361981531
1.20591182365e-07 -0.00314433030211 1.01833176093 0.978773171536
1.21172344689e-07 -0.00312775882771 1.01898504034 0.97814604184
1.21753507014e-07 -0.00311118735331 1.01963831975 0.977518912145
1.22334669339e-07 -0.00309289047137 1.02036046225 0.976827320322
1.22915831663e-07 -0.00307282770459 1.02115308332 0.97606975412
1.23496993988e-07 -0.00305276493781 1.02194570439 0.975312187917
1.24078156313e-07 -0.00303080213976 1.02281451354 0.974483970674
1.24659318637e-07 -0.00300672446028 1.02376812592 0.97357711337
1.25240480962e-07 -0.00298264678081 1.0247217383 0.972670256066
1.25821643287e-07 -0.00295586383246 1.02578440896 0.971663349695
1.26402805611e-07 -0.00292720839671 1.02692256575 0.970587193048
1.26983967936e-07 -0.00289855296097 1.02806072254 0.969511036401
1.27565130261e-07 -0.00286554366443 1.02937546444 0.968274850271
1.28146292585e-07 -0.00283171113507 1.03072359525 0.967008405589
1.2872745491e-07 -0.00279661650507 1.03212326455 0.965695892854
1.29308617234e-07 -0.00275697447593 1.03370862905 0.964217395074
1.29889779559e-07 -0.00271733244678 1.03529399355 0.962738897294
1.30470941884e-07 -0.00267307049372 1.0370694537 0.961093074863
1.31052104208e-07 -0.00262695754216 1.03892107674 0.959380212869
1.31633266533e-07 -0.00257851457903 1.04086938253 0.957583689606
1.32214428858e-07 -0.00252524486088 1.04301797231 0.95561385714
1.32795591182e-07 -0.00247160703233 1.04518197859 0.953630933056
1.33376753507e-07 -0.00241047532203 1.04765982957 0.95138149374
1.33957915832e-07 -0.00234934361174 1.05013768055 0.949132054424
1.34539078156e-07 -0.00228072324097 1.0529323414 0.946619064671
1.35120240481e-07 -0.00221101031058 1.05577322329 0.944067624175
1.35701402806e-07 -0.00213386574215 1.05893196707 0.941257615676
1.3628256513e-07 -0.00205484396833 1.06217100164 0.938382293818
1.36863727455e-07 -0.00196759788287 1.06576598323 0.935224353796
1.3744488978e-07 -0.00187853697001 1.06943951029 0.932004049505
1.38026052104e-07 -0.00177945300971 1.07355236296 0.928443895837
1.38607214429e-07 -0.00167813989591 1.07776380807 0.924808877279
1.39188376754e-07 -0.00156682768579 1.08241948617 0.920839657061
1.39769539078e-07 -0.00145051192473 1.08730066311 0.916705747987
1.40350701403e-07 -0.00132701038697 1.09250568693 0.912335323417
1.40931863727e-07 -0.00119358903589 1.09816457446 0.907643674163
1.41513026052e-07 -0.00105442739517 1.1040881343 0.902767684848
1.42094188377e-07 -0.000904516039962 1.11051138296 0.897549550204
1.42675350701e-07 -0.000744503958785 1.11741198845 0.892015716697
1.43256513026e-07 -0.000576162946174 1.12470971323 0.886224078242
1.43837675351e-07 -0.000397316096785 1.13251256028 0.880110282201
1.44418837675e-07 -0.000204216486908 1.14101300677 0.873568057325
1.45e-07 0 1.15005141478 0.866686438758
