-1.45e-07 0 	0 	1185261.36589 	
-1.44418837675e-07 0 	0 	1116774.32037 	
-1.43837675351e-07 0 	0 	1050445.02492 	
-1.43256513026e-07 0 	0 	988963.496958 	
-1.42675350701e-07 0 	0 	931222.810644 	
-1.42094188377e-07 0 	0 	876554.530335 	
-1.41513026052e-07 0 	0 	824725.679292 	
-1.40931863727e-07 0 	0 	777038.036539 	
-1.40350701403e-07 0 	0 	731841.557944 	
-1.39769539078e-07 0 	0 	688818.135885 	
-1.39188376754e-07 0 	0 	648864.195269 	
-1.38607214429e-07 0 	0 	611337.983105 	
-1.38026052104e-07 0 	0 	575457.015046 	
-1.3744488978e-07 0 	0 	542213.005669 	
-1.36863727455e-07 0 	0 	510877.416258 	
-1.3628256513e-07 0 	0 	480775.341117 	
-1.35701402806e-07 0 	0 	453323.530834 	
-1.35120240481e-07 0 	0 	426971.598891 	
-1.34539078156e-07 0 	0 	402101.614344 	
-1.33957915832e-07 0 	0 	379056.772985 	
-1.33376753507e-07 0 	0 	356715.023508 	
-1.32795591182e-07 0 	0 	336435.078507 	
-1.32214428858e-07 0 	0 	316811.536936 	
-1.31633266533e-07 0 	0 	298560.490867 	
-1.31052104208e-07 0 	0 	281320.166137 	
-1.30470941884e-07 0 	0 	264933.799176 	
-1.29889779559e-07 0 	0 	249776.247833 	
-1.29308617234e-07 0 	0 	235099.840123 	
-1.2872745491e-07 0 	0 	221756.818604 	
-1.28146292585e-07 0 	0 	208644.860418 	
-1.27565130261e-07 0 	0 	196878.055844 	
-1.26983967936e-07 0 	0 	185193.970288 	
-1.26402805611e-07 0 	0 	174792.790305 	
-1.25821643287e-07 0 	0 	164408.661646 	
-1.25240480962e-07 0 	0 	155188.073141 	
-1.24659318637e-07 0 	0 	145984.376057 	
-1.24078156313e-07 0 	0 	137782.78917 	
-1.23496993988e-07 0 	0 	129648.114915 	
-1.22915831663e-07 0 	0 	122325.31402 	
-1.22334669339e-07 0 	0 	115156.090594 	
-1.21753507014e-07 0 	0 	108591.218477 	
-1.21172344689e-07 0 	0 	102291.423482 	
-1.20591182365e-07 0 	0 	96381.0270786 	
-1.2001002004e-07 0 	0 	90861.8921731 	
-1.19428857715e-07 0 	0 	85518.0400476 	
-1.18847695391e-07 0 	0 	80697.7468784 	
-1.18266533066e-07 0 	0 	75877.4537091 	
-1.17685370741e-07 0 	0 	71649.5975185 	
-1.17104208417e-07 0 	0 	67452.9657497 	
-1.16523046092e-07 0 	0 	63586.3880734 	
-1.15941883768e-07 0 	0 	59944.5565139 	
-1.15360721443e-07 0 	0 	56393.4682619 	
-1.14779559118e-07 0 	0 	53243.5702497 	
-1.14198396794e-07 0 	0 	50093.6722375 	
-1.13617234469e-07 0 	0 	47255.6075566 	
-1.13036072144e-07 0 	0 	44540.4424604 	
-1.1245490982e-07 0 	0 	41898.8185414 	
-1.11873747495e-07 0 	0 	39566.5211408 	
-1.1129258517e-07 0 	0 	37234.2237402 	
-1.10711422846e-07 0 	0 	35106.0305655 	
-1.10130260521e-07 0 	0 	33109.7403199 	
-1.09549098196e-07 0 	0 	31113.4500742 	
-1.08967935872e-07 0 	0 	29399.8114389 	
-1.08386773547e-07 0 	0 	27697.343593 	
-1.07805611222e-07 0 	0 	26059.9663708 	
-1.07224448898e-07 0 	0 	24613.4868632 	
-1.06643286573e-07 0 	0 	23167.0073555 	
-1.06062124248e-07 0 	0 	21827.809635 	
-1.05480961924e-07 0 	0 	20603.5158516 	
-1.04899799599e-07 0 	0 	19379.2220683 	
-1.04318637275e-07 0 	0 	18279.0667717 	
-1.0373747495e-07 0 	0 	17246.8758537 	
-1.03156312625e-07 0 	0 	16214.6849356 	
-1.02575150301e-07 0 	0 	15305.3842999 	
-1.01993987976e-07 0 	0 	14438.6307779 	
-1.01412825651e-07 0 	0 	13571.877256 	
-1.00831663327e-07 0 	0 	12814.5428045 	
-1.00250501002e-07 0 	0 	12089.6868979 	
-9.96693386774e-08 0 	0 	11364.8309912 	
-9.90881763527e-08 0 	0 	10728.3906585 	
-9.85070140281e-08 0 	0 	10124.7386673 	
-9.79258517034e-08 0 	0 	9521.08667607 	
-9.73446893788e-08 0 	0 	8980.96593943 	
-9.67635270541e-08 0 	0 	8480.40389333 	
-9.61823647295e-08 0 	0 	7979.84184723 	
-9.56012024048e-08 0 	0 	7516.80327141 	
-9.50200400802e-08 0 	0 	7103.54461028 	
-9.44388777555e-08 0 	0 	6690.28594915 	
-9.38577154309e-08 0 	0 	6289.41968702 	
-9.32765531062e-08 0 	0 	5949.76758436 	
-9.26953907816e-08 0 	0 	5610.11548169 	
-9.21142284569e-08 0 	0 	5270.46337902 	
-9.15330661323e-08 0 	0 	4982.09678166 	
-9.09519038076e-08 0 	0 	4704.22183757 	
-9.0370741483e-08 0 	0 	4426.34689348 	
-8.97895791583e-08 0 	0 	4169.80823336 	
-8.92084168337e-08 0 	0 	3943.5415442 	
-8.8627254509e-08 0 	0 	3717.27485504 	
-8.80460921844e-08 0 	0 	3491.00816588 	
-8.74649298597e-08 0 	0 	3304.05793018 	
-8.68837675351e-08 0 	0 	3120.69970484 	
-8.63026052104e-08 0 	0 	2937.3414795 	
-8.57214428858e-08 0 	0 	2765.94222351 	
-8.51402805611e-08 0 	0 	2618.08590283 	
-8.45591182365e-08 0 	0 	2470.22958214 	
-8.39779559118e-08 0 	0 	2322.37326145 	
-8.33967935872e-08 0 	0 	2194.19289414 	
-8.28156312625e-08 0 	0 	2075.56432436 	
-8.22344689379e-08 0 	0 	1956.93575457 	
-8.16533066132e-08 0 	0 	1838.30718478 	
-8.10721442886e-08 0 	0 	1741.78300349 	
-8.04909819639e-08 0 	0 	1647.09443369 	
-7.99098196393e-08 0 	0 	1552.40586388 	
-7.93286573146e-08 0 	0 	1459.37959718 	
-7.874749499e-08 0 	0 	1384.19784991 	
-7.81663326653e-08 0 	0 	1309.01610264 	
-7.75851703407e-08 0 	0 	1233.83435537 	
-7.7004008016e-08 0 	0 	1161.13150819 	
-7.64228456914e-08 0 	0 	1101.75968842 	
-7.58416833667e-08 0 	0 	1042.38786864 	
-7.52605210421e-08 0 	0 	983.016048871 	
-7.46793587174e-08 0 	0 	925.376516119 	
-7.40981963928e-08 0 	0 	878.748520609 	
-7.35170340681e-08 0 	0 	832.120525098 	
-7.29358717435e-08 0 	0 	785.492529588 	
-7.23547094188e-08 0 	0 	739.073473939 	
-7.17735470942e-08 0 	0 	702.660545762 	
-7.11923847695e-08 0 	0 	666.247617584 	
-7.06112224449e-08 0 	0 	629.834689407 	
-7.00300601202e-08 0 	0 	593.421761229 	
-6.94488977956e-08 0 	0 	563.588179461 	
-6.88677354709e-08 0 	0 	535.316643539 	
-6.82865731463e-08 0 	0 	507.045107616 	
-6.77054108216e-08 0 	0 	478.773571693 	
-6.7124248497e-08 0 	0 	453.70612515 	
-6.65430861723e-08 0 	0 	431.885390582 	
-6.59619238477e-08 0 	0 	410.064656013 	
-6.5380761523e-08 0 	0 	388.243921445 	
-6.47995991984e-08 0 	0 	366.848977385 	
-6.42184368737e-08 0 	0 	350.10898353 	
-6.36372745491e-08 0 	0 	333.368989675 	
-6.30561122244e-08 0 	0 	316.62899582 	
-6.24749498998e-08 0 	0 	299.889001965 	
-6.18937875752e-08 0 	0 	285.40438328 	
-6.13126252505e-08 0 	0 	272.641608272 	
-6.07314629259e-08 0 	0 	259.878833264 	
-6.01503006012e-08 0 	0 	247.116058257 	
-5.95691382766e-08 0 	0 	234.353283249 	
-5.89879759519e-08 0 	0 	224.511339787 	
-5.84068136273e-08 0 	0 	214.842473399 	
-5.78256513026e-08 0 	0 	205.173607011 	
-5.7244488978e-08 0 	0 	195.504740624 	
-5.66633266533e-08 0 	0 	186.34347011 	
-5.60821643287e-08 0 	0 	179.065992988 	
-5.5501002004e-08 0 	0 	171.788515865 	
-5.49198396794e-08 0 	0 	164.511038742 	
-5.43386773547e-08 0 	0 	157.233561619 	
-5.37575150301e-08 0 	0 	150.633891421 	
-5.31763527054e-08 0 	0 	145.192708047 	
-5.25951903808e-08 0 	0 	139.751524673 	
-5.20140280561e-08 0 	0 	134.310341299 	
-5.14328657315e-08 0 	0 	128.869157925 	
-5.08517034068e-08 0 	0 	124.005041773 	
-5.02705410822e-08 0 	0 	119.964473935 	
-4.96893787575e-08 0 	0 	115.923906097 	
-4.91082164329e-08 0 	0 	111.883338259 	
-4.85270541082e-08 0 	0 	107.842770421 	
-4.79458917836e-08 0 	0 	104.161091999 	
-4.73647294589e-08 0 	0 	101.18152098 	
-4.67835671343e-08 0 	0 	98.2019499609 	
-4.62024048096e-08 0 	0 	95.2223789418 	
-4.5621242485e-08 0 	0 	92.2428079228 	
-4.50400801603e-08 0 	0 	89.379053264 	
-4.44589178357e-08 0 	0 	87.1975919381 	
-4.3877755511e-08 0 	0 	85.0161306123 	
-4.32965931864e-08 0 	0 	82.8346692864 	
-4.27154308617e-08 0 	0 	80.6532079605 	
-4.21342685371e-08 0 	0 	78.4717466346 	
-4.15531062124e-08 0 	0 	76.7848999871 	
-4.09719438878e-08 0 	0 	75.1995252322 	
-4.03907815631e-08 0 	0 	73.6141504772 	
-3.98096192385e-08 0 	0 	72.0287757223 	
-3.92284569138e-08 0 	0 	70.4434009673 	
-3.86472945892e-08 0 	0 	69.0301052955 	
-3.80661322645e-08 0 	0 	67.8866944926 	
-3.74849699399e-08 0 	0 	66.7432836897 	
-3.69038076152e-08 0 	0 	65.5998728868 	
-3.63226452906e-08 0 	0 	64.4564620838 	
-3.57414829659e-08 0 	0 	63.3130512809 	
-3.51603206413e-08 0 	0 	62.4366829874 	
-3.45791583166e-08 0 	0 	61.6185714283 	
-3.3997995992e-08 0 	0 	60.8004598693 	
-3.34168336673e-08 0 	0 	59.9823483103 	
-3.28356713427e-08 0 	0 	59.1642367512 	
-3.2254509018e-08 0 	0 	58.374990429 	
-3.16733466934e-08 0 	0 	57.7945607526 	
-3.10921843687e-08 0 	0 	57.2141310762 	
-3.05110220441e-08 0 	0 	56.6337013998 	
-2.99298597194e-08 0 	0 	56.0532717234 	
-2.93486973948e-08 0 	0 	55.472842047 	
-2.87675350701e-08 0 	0 	54.9420496055 	
-2.81863727455e-08 0 	0 	54.5340540968 	
-2.76052104208e-08 0 	0 	54.1260585881 	
-2.70240480962e-08 0 	0 	53.7180630793 	
-2.64428857715e-08 0 	0 	53.3100675706 	
-2.58617234469e-08 0 	0 	52.9020720619 	
-2.52805611222e-08 0 	0 	52.533484636 	
-2.46993987976e-08 0 	0 	52.2498013599 	
-2.41182364729e-08 0 	0 	51.9661180837 	
-2.35370741483e-08 0 	0 	51.6824348076 	
-2.29559118236e-08 0 	0 	51.3987515315 	
-2.2374749499e-08 0 	0 	51.1150682553 	
-2.17935871743e-08 0 	0 	50.8497317476 	
-2.12124248497e-08 0 	0 	50.6552596183 	
-2.0631262525e-08 0 	0 	50.4607874891 	
-2.00501002004e-08 0 	0 	50.2663153598 	
-1.94689378758e-08 0 	0 	50.0718432306 	
-1.88877755511e-08 0 	0 	49.8773711013 	
-1.83066132265e-08 0 	0 	49.682898972 	
-1.77254509018e-08 0 	0 	49.5492412854 	
-1.71442885772e-08 0 	0 	49.4187509643 	
-1.65631262525e-08 0 	0 	49.2882606432 	
-1.59819639279e-08 0 	0 	49.1577703221 	
-1.54008016032e-08 0 	0 	49.027280001 	
-1.48196392786e-08 0 	0 	48.8967896799 	
-1.42384769539e-08 0 	0 	48.7916646036 	
-1.36573146293e-08 0 	0 	48.7074489121 	
-1.30761523046e-08 0 	0 	48.6232332205 	
-1.249498998e-08 0 	0 	48.5390175289 	
-1.19138276553e-08 0 	0 	48.4548018373 	
-1.13326653307e-08 0 	0 	48.3705861457 	
-1.0751503006e-08 0 	0 	48.2863704541 	
-1.01703406814e-08 0 	0 	48.2363603892 	
-9.58917835671e-09 0 	0 	48.1865173076 	
-9.00801603206e-09 0 	0 	48.1366742261 	
-8.42685370741e-09 0 	0 	48.0868311445 	
-7.84569138277e-09 0 	0 	48.0369880629 	
-7.26452905812e-09 0 	0 	47.9871449813 	
-6.68336673347e-09 0 	0 	47.9451135633 	
-6.10220440882e-09 0 	0 	47.9224000378 	
-5.52104208417e-09 0 	0 	47.8996865123 	
-4.93987975952e-09 0 	0 	47.8769729869 	
-4.35871743487e-09 0 	0 	47.8542594614 	
-3.77755511022e-09 0 	0 	47.831545936 	
-3.19639278557e-09 0 	0 	47.8088324105 	
-2.61523046092e-09 0 	0 	47.7962449293 	
-2.03406813627e-09 0 	0 	47.7974751847 	
-1.45290581162e-09 0 	0 	47.79870544 	
-8.71743486974e-10 0 	0 	47.7999356953 	
-2.90581162324e-10 0 	0 	47.8011659506 	
2.90581162325e-10 0 	0 	47.8023962059 	
8.71743486974e-10 0 	0 	47.8036264612 	
1.45290581162e-09 0 	0 	47.8146739845 	
2.03406813627e-09 0 	0 	47.8406741835 	
2.61523046092e-09 0 	0 	47.8666743826 	
3.19639278557e-09 0 	0 	47.8926745816 	
3.77755511022e-09 0 	0 	47.9186747807 	
4.35871743487e-09 0 	0 	47.9446749797 	
4.93987975952e-09 0 	0 	47.9706751787 	
5.52104208417e-09 0 	0 	48.0028624271 	
6.10220440882e-09 0 	0 	48.0591283531 	
6.68336673347e-09 0 	0 	48.115394279 	
7.26452905812e-09 0 	0 	48.171660205 	
7.84569138277e-09 0 	0 	48.227926131 	
8.42685370742e-09 0 	0 	48.284192057 	
9.00801603206e-09 0 	0 	48.3404579829 	
9.58917835671e-09 0 	0 	48.3967239089 	
1.01703406814e-08 0 	0 	48.4884595628 	
1.0751503006e-08 0 	0 	48.5867872366 	
1.13326653307e-08 0 	0 	48.6851149104 	
1.19138276553e-08 0 	0 	48.7834425842 	
1.249498998e-08 0 	0 	48.881770258 	
1.30761523046e-08 0 	0 	48.9800979318 	
1.36573146293e-08 0 	0 	49.0784256056 	
1.42384769539e-08 0 	0 	49.1963116223 	
1.48196392786e-08 0 	0 	49.3579522116 	
1.54008016032e-08 0 	0 	49.519592801 	
1.59819639279e-08 0 	0 	49.6812333903 	
1.65631262525e-08 0 	0 	49.8428739797 	
1.71442885772e-08 0 	0 	50.0045145691 	
1.77254509018e-08 0 	0 	50.1661551584 	
1.83066132265e-08 0 	0 	50.3277957478 	
1.88877755511e-08 0 	0 	50.5489598031 	
1.94689378758e-08 0 	0 	50.8102609092 	
2.00501002004e-08 0 	0 	51.0715620153 	
2.06312625251e-08 0 	0 	51.3328631213 	
2.12124248497e-08 0 	0 	51.5941642274 	
2.17935871743e-08 0 	0 	51.8554653335 	
2.2374749499e-08 0 	0 	52.1167664396 	
2.29559118236e-08 0 	0 	52.3780675457 	
2.35370741483e-08 0 	0 	52.7527332075 	
2.41182364729e-08 0 	0 	53.1750301422 	
2.46993987976e-08 0 	0 	53.5973270769 	
2.52805611222e-08 0 	0 	54.0196240116 	
2.58617234469e-08 0 	0 	54.4419209463 	
2.64428857715e-08 0 	0 	54.864217881 	
2.70240480962e-08 0 	0 	55.2865148157 	
2.76052104208e-08 0 	0 	55.7088117504 	
2.81863727455e-08 0 	0 	56.2965537397 	
2.87675350701e-08 0 	0 	56.9834372501 	
2.93486973948e-08 0 	0 	57.6703207605 	
2.99298597194e-08 0 	0 	58.357204271 	
3.05110220441e-08 0 	0 	59.0440877814 	
3.10921843687e-08 0 	0 	59.7309712918 	
3.16733466934e-08 0 	0 	60.4178548023 	
3.2254509018e-08 0 	0 	61.1047383127 	
3.28356713427e-08 0 	0 	61.9486950724 	
3.34168336673e-08 0 	0 	63.0763703123 	
3.3997995992e-08 0 	0 	64.2040455522 	
3.45791583166e-08 0 	0 	65.3317207921 	
3.51603206413e-08 0 	0 	66.459396032 	
3.57414829659e-08 0 	0 	67.5870712719 	
3.63226452906e-08 0 	0 	68.7147465118 	
3.69038076152e-08 0 	0 	69.8424217517 	
3.74849699399e-08 0 	0 	70.9700969916 	
3.80661322645e-08 0 	0 	72.7614862209 	
3.86472945892e-08 0 	0 	74.6325574484 	
3.92284569138e-08 0 	0 	76.5036286758 	
3.98096192385e-08 0 	0 	78.3746999032 	
4.03907815631e-08 0 	0 	80.2457711306 	
4.09719438878e-08 0 	0 	82.116842358 	
4.15531062124e-08 0 	0 	83.9879135854 	
4.21342685371e-08 0 	0 	85.8589848128 	
4.27154308617e-08 0 	0 	88.022019248 	
4.32965931864e-08 0 	0 	91.1617892471 	
4.3877755511e-08 0 	0 	94.3015592463 	
4.44589178357e-08 0 	0 	97.4413292455 	
4.50400801603e-08 0 	0 	100.581099245 	
4.5621242485e-08 0 	0 	103.720869244 	
4.62024048096e-08 0 	0 	106.860639243 	
4.67835671343e-08 0 	0 	110.000409242 	
4.73647294589e-08 0 	0 	113.140179242 	
4.79458917836e-08 0 	0 	117.076631206 	
4.85270541082e-08 0 	0 	122.407490956 	
4.91082164329e-08 0 	0 	127.738350706 	
4.96893787575e-08 0 	0 	133.069210457 	
5.02705410822e-08 0 	0 	138.400070207 	
5.08517034068e-08 0 	0 	143.730929957 	
5.14328657315e-08 0 	0 	149.061789708 	
5.20140280561e-08 0 	0 	154.392649458 	
5.25951903808e-08 0 	0 	159.723509208 	
5.31763527054e-08 0 	0 	166.159071311 	
5.37575150301e-08 0 	0 	175.319917494 	
5.43386773547e-08 0 	0 	184.480763677 	
5.49198396794e-08 0 	0 	193.64160986 	
5.5501002004e-08 0 	0 	202.802456043 	
5.60821643287e-08 0 	0 	211.963302226 	
5.66633266533e-08 0 	0 	221.124148409 	
5.7244488978e-08 0 	0 	230.284994592 	
5.78256513026e-08 0 	0 	239.445840775 	
5.84068136273e-08 0 	0 	248.606686957 	
5.89879759519e-08 0 	0 	264.543220561 	
5.95691382766e-08 0 	0 	280.481642404 	
6.01503006012e-08 0 	0 	296.420064248 	
6.07314629259e-08 0 	0 	312.358486091 	
6.13126252505e-08 0 	0 	328.296907934 	
6.18937875752e-08 0 	0 	344.235329778 	
6.24749498998e-08 0 	0 	360.173751621 	
6.30561122244e-08 0 	0 	376.112173464 	
6.36372745491e-08 0 	0 	392.050595308 	
6.42184368737e-08 0 	0 	413.96975107 	
6.47995991984e-08 0 	0 	442.053402521 	
6.5380761523e-08 0 	0 	470.137053971 	
6.59619238477e-08 0 	0 	498.220705422 	
6.65430861723e-08 0 	0 	526.304356873 	
6.7124248497e-08 0 	0 	554.388008323 	
6.77054108216e-08 0 	0 	582.471659774 	
6.82865731463e-08 0 	0 	610.555311224 	
6.88677354709e-08 0 	0 	638.638962675 	
6.94488977956e-08 0 	0 	666.722614125 	
7.00300601202e-08 0 	0 	711.592064518 	
7.06112224449e-08 0 	0 	761.720754105 	
7.11923847695e-08 0 	0 	811.849443691 	
7.17735470942e-08 0 	0 	861.978133278 	
7.23547094188e-08 0 	0 	912.106822865 	
7.29358717435e-08 0 	0 	962.235512451 	
7.35170340681e-08 0 	0 	1012.36420204 	
7.40981963928e-08 0 	0 	1062.49289162 	
7.46793587174e-08 0 	0 	1112.62158121 	
7.52605210421e-08 0 	0 	1162.7502708 	
7.58416833667e-08 0 	0 	1245.37184246 	
7.64228456914e-08 0 	0 	1336.04320796 	
7.7004008016e-08 0 	0 	1426.71457345 	
7.75851703407e-08 0 	0 	1517.38593895 	
7.81663326653e-08 0 	0 	1608.05730444 	
7.874749499e-08 0 	0 	1698.72866994 	
7.93286573146e-08 0 	0 	1789.40003544 	
7.99098196393e-08 0 	0 	1880.07140093 	
8.04909819639e-08 0 	0 	1970.74276643 	
8.10721442886e-08 0 	0 	2061.41413192 	
8.16533066132e-08 0 	0 	2197.9623134 	
8.22344689379e-08 0 	0 	2364.20118797 	
8.28156312625e-08 0 	0 	2530.44006253 	
8.33967935872e-08 0 	0 	2696.6789371 	
8.39779559118e-08 0 	0 	2862.91781166 	
8.45591182365e-08 0 	0 	3029.15668622 	
8.51402805611e-08 0 	0 	3195.39556079 	
8.57214428858e-08 0 	0 	3361.63443535 	
8.63026052104e-08 0 	0 	3527.87330992 	
8.68837675351e-08 0 	0 	3694.11218448 	
8.74649298597e-08 0 	0 	3885.03446113 	
8.80460921844e-08 0 	0 	4194.0660146 	
8.8627254509e-08 0 	0 	4503.09756808 	
8.92084168337e-08 0 	0 	4812.12912155 	
8.97895791583e-08 0 	0 	5121.16067502 	
9.0370741483e-08 0 	0 	5430.1922285 	
9.09519038076e-08 0 	0 	5739.22378197 	
9.15330661323e-08 0 	0 	6048.25533545 	
9.21142284569e-08 0 	0 	6357.28688892 	
9.26953907816e-08 0 	0 	6666.31844239 	
9.32765531062e-08 0 	0 	6975.34999587 	
9.38577154309e-08 0 	0 	7419.30521607 	
9.44388777555e-08 0 	0 	8001.96104158 	
9.50200400802e-08 0 	0 	8584.61686709 	
9.56012024048e-08 0 	0 	9167.2726926 	
9.61823647295e-08 0 	0 	9749.92851811 	
9.67635270541e-08 0 	0 	10332.5843436 	
9.73446893788e-08 0 	0 	10915.2401691 	
9.79258517034e-08 0 	0 	11497.8959946 	
9.85070140281e-08 0 	0 	12080.5518202 	
9.90881763527e-08 0 	0 	12663.2076457 	
9.96693386774e-08 0 	0 	13245.8634712 	
1.00250501002e-07 0 	0 	14127.4526437 	
1.00831663327e-07 0 	0 	15241.9908387 	
1.01412825651e-07 0 	0 	16356.5290338 	
1.01993987976e-07 0 	0 	17471.0672288 	
1.02575150301e-07 0 	0 	18585.6054239 	
1.03156312625e-07 0 	0 	19700.143619 	
1.0373747495e-07 0 	0 	20814.681814 	
1.04318637275e-07 0 	0 	21929.2200091 	
1.04899799599e-07 0 	0 	23043.7582041 	
1.05480961924e-07 0 	0 	24158.2963992 	
1.06062124248e-07 0 	0 	25272.8345943 	
1.06643286573e-07 0 	0 	26779.4815498 	
1.07224448898e-07 0 	0 	28943.1666371 	
1.07805611222e-07 0 	0 	31106.8517244 	
1.08386773547e-07 0 	0 	33270.5368116 	
1.08967935872e-07 0 	0 	35434.2218989 	
1.09549098196e-07 0 	0 	37597.9069862 	
1.10130260521e-07 0 	0 	39761.5920734 	
1.10711422846e-07 0 	0 	41925.2771607 	
1.1129258517e-07 0 	0 	44088.962248 	
1.11873747495e-07 0 	0 	46252.6473353 	
1.1245490982e-07 0 	0 	48416.3324225 	
1.13036072144e-07 0 	0 	50580.0175098 	
1.13617234469e-07 0 	0 	54681.1341414 	
1.14198396794e-07 0 	0 	58945.7442859 	
1.14779559118e-07 0 	0 	63210.3544305 	
1.15360721443e-07 0 	0 	67474.9645751 	
1.15941883768e-07 0 	0 	71739.5747196 	
1.16523046092e-07 0 	0 	76004.1848642 	
1.17104208417e-07 0 	0 	80268.7950088 	
1.17685370741e-07 0 	0 	84533.4051533 	
1.18266533066e-07 0 	0 	88798.0152979 	
1.18847695391e-07 0 	0 	93062.6254424 	
1.19428857715e-07 0 	0 	97327.235587 	
1.2001002004e-07 0 	0 	102451.742009 	
1.20591182365e-07 0 	0 	110991.189892 	
1.21172344689e-07 0 	0 	119530.637775 	
1.21753507014e-07 0 	0 	128070.085658 	
1.22334669339e-07 0 	0 	136609.533541 	
1.22915831663e-07 0 	0 	145148.981424 	
1.23496993988e-07 0 	0 	153688.429307 	
1.24078156313e-07 0 	0 	162227.87719 	
1.24659318637e-07 0 	0 	170767.325073 	
1.25240480962e-07 0 	0 	179306.772956 	
1.25821643287e-07 0 	0 	187846.220839 	
1.26402805611e-07 0 	0 	196385.668722 	
1.26983967936e-07 0 	0 	206735.842211 	
1.27565130261e-07 0 	0 	224137.583383 	
1.28146292585e-07 0 	0 	241539.324555 	
1.2872745491e-07 0 	0 	258941.065728 	
1.29308617234e-07 0 	0 	276342.8069 	
1.29889779559e-07 0 	0 	293744.548072 	
1.30470941884e-07 0 	0 	311146.289244 	
1.31052104208e-07 0 	0 	328548.030416 	
1.31633266533e-07 0 	0 	345949.771588 	
1.32214428858e-07 0 	0 	363351.51276 	
1.32795591182e-07 0 	0 	380753.253932 	
1.33376753507e-07 0 	0 	398154.995105 	
1.33957915832e-07 0 	0 	415556.736277 	
1.34539078156e-07 0 	0 	450467.462338 	
1.35120240481e-07 0 	0 	486794.047775 	
1.35701402806e-07 0 	0 	523120.633211 	
1.3628256513e-07 0 	0 	559447.218648 	
1.36863727455e-07 0 	0 	595773.804084 	
1.3744488978e-07 0 	0 	632100.389521 	
1.38026052104e-07 0 	0 	668426.974957 	
1.38607214429e-07 0 	0 	704753.560394 	
1.39188376754e-07 0 	0 	741080.14583 	
1.39769539078e-07 0 	0 	777406.731267 	
1.40350701403e-07 0 	0 	813733.316703 	
1.40931863727e-07 0 	0 	850059.90214 	
1.41513026052e-07 0 	0 	890931.921646 	
1.42094188377e-07 0 	0 	939986.829074 	
1.42675350701e-07 0 	0 	989041.736501 	
1.43256513026e-07 0 	0 	1038096.64393 	
1.43837675351e-07 0 	0 	1087151.55136 	
1.44418837675e-07 0 	0 	1136206.45878 	
1.45e-07 0 	0 	1185261.36621 	
