-1.45e-07 0.0146983011117 1.2813607177 0.777671916601
-1.44418837675e-07 0.0143218051491 1.26287860875 0.789103414356
-1.43837675351e-07 0.0139653956758 1.24556635832 0.800030729248
-1.43256513026e-07 0.0136336915664 1.22972118292 0.810359273112
-1.42675350701e-07 0.0133212568046 1.21498588916 0.820202752325
-1.42094188377e-07 0.0130247400431 1.20115117123 0.82963655907
-1.41513026052e-07 0.0127429928766 1.18814164431 0.838684478503
-1.40931863727e-07 0.0124829528687 1.17631362352 0.847147180314
-1.40350701403e-07 0.0122360625961 1.16518288952 0.855244240803
-1.39769539078e-07 0.0120006639487 1.15465697303 0.863018907464
-1.39188376754e-07 0.0117815652264 1.14497431912 0.870327091605
-1.38607214429e-07 0.0115754245723 1.13594661892 0.877254354072
-1.38026052104e-07 0.0113780792502 1.12735996757 0.883920690511
-1.3744488978e-07 0.0111948697065 1.11947232225 0.890160997659
-1.36863727455e-07 0.0110219276214 1.11208206864 0.896084619101
-1.3628256513e-07 0.0108556241686 1.10501272982 0.901802986111
-1.35701402806e-07 0.0107036222804 1.0986230037 0.907070684335
-1.35120240481e-07 0.0105575702942 1.09251098092 0.912147135573
-1.34539078156e-07 0.0104195350509 1.0867731284 0.916965905605
-1.33957915832e-07 0.0102913928172 1.08148934917 0.921460809972
-1.33376753507e-07 0.0101670628376 1.07638000317 0.925830486357
-1.32795591182e-07 0.0100539263977 1.07177648751 0.929827484844
-1.32214428858e-07 0.00994435796159 1.0673318983 0.933703831149
-1.31633266533e-07 0.00984224998178 1.06321961361 0.937327901841
-1.31052104208e-07 0.00974564105047 1.05934902212 0.940763351588
-1.30470941884e-07 0.00965367826151 1.05568263705 0.944039435627
-1.29889779559e-07 0.0095684055368 1.05230669717 0.947083027859
-1.29308617234e-07 0.00948575231151 1.04904448131 0.950035587758
-1.2872745491e-07 0.00941036163537 1.04609401723 0.952732726669
-1.28146292585e-07 0.00933622949093 1.04319757681 0.955385603515
-1.27565130261e-07 0.00926942577495 1.04061246797 0.957777915895
-1.26983967936e-07 0.00920307271412 1.03804650419 0.960154205096
-1.26402805611e-07 0.00914370950695 1.03577468218 0.962279486932
-1.25821643287e-07 0.00908443920316 1.03350676965 0.964401432584
-1.25240480962e-07 0.00903150800945 1.03150331366 0.966293674848
-1.24659318637e-07 0.00897866884229 1.02950369686 0.968182582446
-1.24078156313e-07 0.00893128830931 1.02773001623 0.969872065351
-1.23496993988e-07 0.00888427225878 1.02597142175 0.971548232325
-1.22915831663e-07 0.00884167734665 1.02439451577 0.973061676871
-1.22334669339e-07 0.00879991875615 1.02285197877 0.97454434014
-1.21753507014e-07 0.00876145000496 1.0214437656 0.975905105776
-1.21172344689e-07 0.00872442422433 1.02009446877 0.977212405367
-1.20591182365e-07 0.00868951722636 1.01883117645 0.978440722865
-1.2001002004e-07 0.00865673914744 1.01765430008 0.979589680414
-1.19428857715e-07 0.00862491432542 1.01651591398 0.980702909641
-1.18847695391e-07 0.00859593682353 1.01549249597 0.981709420553
-1.18266533066e-07 0.00856695932163 1.01446907795 0.982715931465
-1.17685370741e-07 0.00854120190227 1.01357506244 0.983601161468
-1.17104208417e-07 0.00851561419752 1.01268786709 0.984479999355
-1.16523046092e-07 0.00849181933657 1.01187241161 0.985291014449
-1.15941883768e-07 0.00846924528971 1.01110580649 0.986055846479
-1.15360721443e-07 0.00844716383235 1.01035883646 0.986801970266
-1.14779559118e-07 0.00842726018966 1.00969867625 0.987465382008
-1.14198396794e-07 0.00840735654696 1.00903851604 0.988128793749
-1.13617234469e-07 0.00838914447012 1.00844555037 0.988727732268
-1.13036072144e-07 0.0083715990723 1.00787906738 0.989301260635
-1.1245490982e-07 0.00835445231076 1.0073283702 0.989859546422
-1.11873747495e-07 0.00833898228021 1.00684407079 0.990353719366
-1.1129258517e-07 0.00832351224965 1.00635977138 0.990847892311
-1.10711422846e-07 0.00830914773049 1.00591912622 0.99129967123
-1.10130260521e-07 0.00829549765116 1.00550669274 0.991724052891
-1.09549098196e-07 0.00828184757183 1.00509425926 0.992148434553
-1.08967935872e-07 0.00826972721833 1.00474207607 0.992513999163
-1.08386773547e-07 0.00825766732175 1.00439227405 0.99287723924
-1.07805611222e-07 0.00824595940524 1.00405630246 0.993226912932
-1.07224448898e-07 0.00823528377552 1.0037608927 0.993536799144
-1.06643286573e-07 0.0082246081458 1.00346548295 0.993846685357
-1.06062124248e-07 0.00821451214509 1.00319279844 0.994134180192
-1.05480961924e-07 0.00820503695484 1.00294445375 0.994397692789
-1.04899799599e-07 0.00819556176459 1.00269610906 0.994661205386
-1.04318637275e-07 0.0081867566785 1.00247398184 0.994898775802
-1.0373747495e-07 0.00817831846664 1.00226620838 0.995122143175
-1.03156312625e-07 0.00816988025479 1.00205843492 0.995345510549
-1.02575150301e-07 0.00816210479715 1.00187653868 0.995543166819
-1.01993987976e-07 0.00815455879849 1.00170360165 0.995731921382
-1.01412825651e-07 0.00814701279983 1.00153066463 0.995920675946
-1.00831663327e-07 0.00814005634295 1.00138069961 0.99608651229
-1.00250501002e-07 0.00813327487804 1.0012375533 0.996245545885
-9.96693386774e-08 0.00812649341312 1.00109440699 0.996404579481
-9.90881763527e-08 0.00812018785799 1.00096976633 0.996545073114
-9.85070140281e-08 0.00811405879092 1.00085198836 0.996678691324
-9.79258517034e-08 0.00810792972384 1.00073421038 0.996812309533
-9.73446893788e-08 0.00810214227823 1.00062968697 0.996932589567
-9.67635270541e-08 0.00809656754836 1.0005334167 0.997044564387
-9.61823647295e-08 0.00809099281849 1.00043714642 0.997156539207
-9.56012024048e-08 0.00808561965128 1.00034867768 0.997260625218
-9.50200400802e-08 0.00808051388395 1.0002705587 0.997354245667
-9.44388777555e-08 0.00807540811661 1.00019243972 0.997447866116
-9.38577154309e-08 0.00807036884594 1.0001168875 0.997538876963
-9.32765531062e-08 0.00806565804569 1.00005401417 0.997616997276
-9.26953907816e-08 0.00806094724544 0.999991140838 0.997695117589
-9.21142284569e-08 0.0080562364452 0.999928267509 0.997773237902
-9.15330661323e-08 0.00805180053823 0.999875971555 0.99784053681
-9.09519038076e-08 0.00804742086713 0.999825839451 0.997905621945
-9.0370741483e-08 0.00804304119603 0.999775707348 0.997970707081
-8.97895791583e-08 0.00803877576053 0.999729954406 0.998031278888
-8.92084168337e-08 0.00803467240279 0.999690414631 0.998085447174
-8.8627254509e-08 0.00803056904506 0.999650874856 0.99813961546
-8.80460921844e-08 0.00802646568732 0.99961133508 0.998193783745
-8.74649298597e-08 0.00802257259074 0.999579819242 0.998239608784
-8.68837675351e-08 0.00801869870394 0.999549036483 0.998284671572
-8.63026052104e-08 0.00801482481713 0.999518253723 0.998329734359
-8.57214428858e-08 0.00801101481099 0.999489895294 0.998372249008
-8.51402805611e-08 0.00800733056301 0.999466309504 0.998409747282
-8.45591182365e-08 0.00800364631503 0.999442723714 0.998447245555
-8.39779559118e-08 0.00799996206705 0.999419137923 0.998484743829
-8.33967935872e-08 0.00799638279571 0.999399508739 0.99851802768
-8.28156312625e-08 0.00799285448585 0.999381800309 0.998549265617
-8.22344689379e-08 0.00798932617599 0.99936409188 0.998580503554
-8.16533066132e-08 0.00798579786613 0.999346383451 0.998611741492
-8.10721442886e-08 0.00798238734615 0.999333076234 0.998638212844
-8.04909819639e-08 0.00797898660779 0.999320134507 0.998664288366
-7.99098196393e-08 0.00797558586942 0.99930719278 0.998690363889
-7.93286573146e-08 0.00797219397824 0.999294578002 0.998716077826
-7.874749499e-08 0.00796889706 0.999285472956 0.998737910219
-7.81663326653e-08 0.00796560014176 0.99927636791 0.998759742613
-7.75851703407e-08 0.00796230322352 0.999267262863 0.998781575006
-7.7004008016e-08 0.00795901948223 0.999258637917 0.998802862122
-7.64228456914e-08 0.00795580660392 0.999252594852 0.998821216846
-7.58416833667e-08 0.00795259372561 0.999246551786 0.998839571571
-7.52605210421e-08 0.0079493808473 0.999240508721 0.998857926295
-7.46793587174e-08 0.00794617716575 0.999234794623 0.998875894443
-7.40981963928e-08 0.00794303194483 0.999231171655 0.99889140526
-7.35170340681e-08 0.00793988672391 0.999227548688 0.998906916077
-7.29358717435e-08 0.00793674150298 0.99922392572 0.998922426894
-7.23547094188e-08 0.00793359738996 0.999220341434 0.998937890211
-7.17735470942e-08 0.0079305063341 0.999218609616 0.998951078791
-7.11923847695e-08 0.00792741527825 0.999216877797 0.998964267372
-7.06112224449e-08 0.00792432422239 0.999215145978 0.998977455952
-7.00300601202e-08 0.00792123316654 0.99921341416 0.998990644532
-6.94488977956e-08 0.00791817695492 0.999212860334 0.999002301373
-6.88677354709e-08 0.00791512901591 0.999212586183 0.999013594553
-6.82865731463e-08 0.00791208107689 0.999212312033 0.999024887734
-6.77054108216e-08 0.00790903313787 0.999212037882 0.999036180915
-6.7124248497e-08 0.00790600214765 0.999212312288 0.999046705057
-6.65430861723e-08 0.00790298833168 0.999213142549 0.99905644993
-6.59619238477e-08 0.00789997451571 0.99921397281 0.999066194802
-6.5380761523e-08 0.00789696069974 0.99921480307 0.999075939675
-6.47995991984e-08 0.00789394913355 0.999215701897 0.999085578295
-6.42184368737e-08 0.00789096216313 0.999217350317 0.999094055305
-6.36372745491e-08 0.00788797519272 0.999218998737 0.999102532316
-6.30561122244e-08 0.0078849882223 0.999220647158 0.999111009326
-6.24749498998e-08 0.00788200125188 0.999222295578 0.999119486336
-6.18937875752e-08 0.00787902618599 0.999224277166 0.999127372021
-6.13126252505e-08 0.00787606020849 0.999226513108 0.999134806263
-6.07314629259e-08 0.00787309423099 0.999228749049 0.999142240506
-6.01503006012e-08 0.00787012825349 0.999230984991 0.999149674749
-5.95691382766e-08 0.00786716227599 0.999233220933 0.999157108991
-5.89879759519e-08 0.00786421170139 0.999235837089 0.999163728182
-5.84068136273e-08 0.00786126203951 0.999238475774 0.999170299075
-5.78256513026e-08 0.00785831237762 0.99924111446 0.999176869969
-5.7244488978e-08 0.00785536271574 0.999243753146 0.999183440862
-5.66633266533e-08 0.00785241572865 0.999246446073 0.999189858635
-5.60821643287e-08 0.00784947866827 0.999249340297 0.999195708148
-5.5501002004e-08 0.0078465416079 0.999252234522 0.99920155766
-5.49198396794e-08 0.00784360454752 0.999255128746 0.999207407172
-5.43386773547e-08 0.00784066748714 0.99925802297 0.999213256684
-5.37575150301e-08 0.00783773399667 0.999260968466 0.999218881064
-5.31763527054e-08 0.00783480660775 0.999264001592 0.999224120656
-5.25951903808e-08 0.00783187921883 0.999267034718 0.999229360248
-5.20140280561e-08 0.00782895182992 0.999270067844 0.999234599839
-5.14328657315e-08 0.007826024441 0.99927310097 0.999239839431
-5.08517034068e-08 0.00782310009079 0.999276153445 0.999244863481
-5.02705410822e-08 0.0078201800772 0.999279233533 0.999249579926
-4.96893787575e-08 0.00781726006361 0.999282313621 0.999254296371
-4.91082164329e-08 0.00781434005002 0.99928539371 0.999259012817
-4.85270541082e-08 0.00781142003643 0.999288473798 0.999263729262
-4.79458917836e-08 0.00780850191306 0.999291545371 0.999268291387
-4.73647294589e-08 0.00780558748758 0.999294600288 0.999272551613
-4.67835671343e-08 0.00780267306211 0.999297655205 0.999276811839
-4.62024048096e-08 0.00779975863663 0.999300710122 0.999281072064
-4.5621242485e-08 0.00779684421115 0.999303765038 0.99928533229
-4.50400801603e-08 0.00779393039611 0.999306808122 0.999289533724
-4.44589178357e-08 0.00779102017722 0.999309781496 0.999293388807
-4.3877755511e-08 0.00778810995832 0.999312754871 0.999297243889
-4.32965931864e-08 0.00778519973943 0.999315728245 0.999301098972
-4.27154308617e-08 0.00778228952054 0.999318701619 0.999304954055
-4.21342685371e-08 0.00777937930165 0.999321674993 0.999308809138
-4.15531062124e-08 0.00777647169326 0.999324544253 0.99931235999
-4.09719438878e-08 0.00777356462042 0.999327392154 0.999315848428
-4.03907815631e-08 0.00777065754759 0.999330240055 0.999319336866
-3.98096192385e-08 0.00776775047475 0.999333087956 0.999322825304
-3.92284569138e-08 0.00776484340192 0.999335935857 0.999326313742
-3.86472945892e-08 0.00776193723923 0.999338721589 0.999329670552
-3.80661322645e-08 0.00775903250402 0.999341409817 0.999332820922
-3.74849699399e-08 0.0077561277688 0.999344098046 0.999335971291
-3.69038076152e-08 0.00775322303359 0.999346786274 0.999339121661
-3.63226452906e-08 0.00775031829837 0.999349474502 0.999342272031
-3.57414829659e-08 0.00774741356315 0.99935216273 0.9993454224
-3.51603206413e-08 0.00774451024452 0.999354697995 0.999348312316
-3.45791583166e-08 0.00774160723493 0.999357199889 0.999351145412
-3.3997995992e-08 0.00773870422533 0.999359701784 0.999353978508
-3.34168336673e-08 0.00773580121574 0.999362203678 0.999356811604
-3.28356713427e-08 0.00773289820615 0.999364705573 0.999359644701
-3.2254509018e-08 0.00772999535023 0.999367182301 0.999362441054
-3.16733466934e-08 0.00772709360608 0.999369476971 0.999364971599
-3.10921843687e-08 0.00772419186192 0.999371771642 0.999367502144
-3.05110220441e-08 0.00772129011777 0.999374066313 0.999370032689
-2.99298597194e-08 0.00771838837361 0.999376360983 0.999372563234
-2.93486973948e-08 0.00771548662946 0.999378655654 0.999375093779
-2.87675350701e-08 0.00771258515059 0.999380885914 0.99937754011
-2.81863727455e-08 0.00770968432802 0.99938295683 0.999379778105
-2.76052104208e-08 0.00770678350546 0.999385027746 0.9993820161
-2.70240480962e-08 0.00770388268289 0.999387098662 0.999384254094
-2.64428857715e-08 0.00770098186032 0.999389169578 0.999386492089
-2.58617234469e-08 0.00769808103776 0.999391240494 0.999388730084
-2.52805611222e-08 0.00769518042632 0.999393236262 0.999390877346
-2.46993987976e-08 0.00769228026976 0.999395070125 0.999392829126
-2.41182364729e-08 0.00768938011321 0.999396903988 0.999394780906
-2.35370741483e-08 0.00768647995665 0.999398737852 0.999396732687
-2.29559118236e-08 0.0076835798001 0.999400571715 0.999398684467
-2.2374749499e-08 0.00768067964354 0.999402405578 0.999400636247
-2.17935871743e-08 0.00767777958502 0.999404188436 0.999402529884
-2.12124248497e-08 0.00767487990516 0.999405774288 0.999404198944
-2.0631262525e-08 0.00767198022529 0.999407360139 0.999405868003
-2.00501002004e-08 0.00766908054542 0.99940894599 0.999407537063
-1.94689378758e-08 0.00766618086555 0.999410531842 0.999409206123
-1.88877755511e-08 0.00766328118569 0.999412117693 0.999410875182
-1.83066132265e-08 0.00766038150582 0.999413703545 0.999412544242
-1.77254509018e-08 0.00765748214566 0.999415044792 0.999413945794
-1.71442885772e-08 0.00765458280216 0.9994163733 0.999415333415
-1.65631262525e-08 0.00765168345865 0.999417701808 0.999416721035
-1.59819639279e-08 0.00764878411515 0.999419030316 0.999418108655
-1.54008016032e-08 0.00764588477164 0.999420358823 0.999419496276
-1.48196392786e-08 0.00764298542813 0.999421687331 0.999420883896
-1.42384769539e-08 0.00764008621152 0.999422870241 0.999422117001
-1.36573146293e-08 0.0076371870995 0.999423933131 0.999423222735
-1.30761523046e-08 0.00763428798748 0.99942499602 0.999424328469
-1.249498998e-08 0.00763138887547 0.999426058909 0.999425434203
-1.19138276553e-08 0.00762848976345 0.999427121799 0.999426539937
-1.13326653307e-08 0.00762559065143 0.999428184688 0.999427645671
-1.0751503006e-08 0.00762269153942 0.999429247577 0.999428751405
-1.01703406814e-08 0.00761979257795 0.999430038491 0.999429574827
-9.58917835671e-09 0.00761689361723 0.999430828076 0.99943039687
-9.00801603206e-09 0.0076139946565 0.999431617661 0.999431218914
-8.42685370741e-09 0.00761109569578 0.999432407247 0.999432040957
-7.84569138277e-09 0.00760819673505 0.999433196832 0.999432863001
-7.26452905812e-09 0.00760529777432 0.999433986417 0.999433685044
-6.68336673347e-09 0.00760239883862 0.99943469515 0.999434424576
-6.10220440882e-09 0.00759949996477 0.999435203938 0.99943496006
-5.52104208417e-09 0.00759660109093 0.999435712726 0.999435495544
-4.93987975952e-09 0.00759370221709 0.999436221514 0.999436031028
-4.35871743487e-09 0.00759080334325 0.999436730301 0.999436566513
-3.77755511022e-09 0.00758790446941 0.999437239089 0.999437101997
-3.19639278557e-09 0.00758500559557 0.999437747877 0.999437637481
-2.61523046092e-09 0.00758210673456 0.999438134671 0.999438050219
-2.03406813627e-09 0.00757920789108 0.999438354996 0.999438295461
-1.45290581162e-09 0.0075763090476 0.999438575321 0.999438540703
-8.71743486974e-10 0.00757341020411 0.999438795646 0.999438785945
-2.90581162324e-10 0.00757051136063 0.999439015971 0.999439031187
2.90581162325e-10 0.00756761251715 0.999439236296 0.999439276429
8.71743486974e-10 0.00756471367367 0.999439456621 0.999439521671
1.45290581162e-09 0.0075618148198 0.999439559365 0.999439650194
2.03406813627e-09 0.00755891595013 0.99943948302 0.999439600942
2.61523046092e-09 0.00755601708045 0.999439406676 0.99943955169
3.19639278557e-09 0.00755311821077 0.999439330332 0.999439502438
3.77755511022e-09 0.0075502193411 0.999439253987 0.999439453186
4.35871743487e-09 0.00754732047142 0.999439177643 0.999439403934
4.93987975952e-09 0.00754442160174 0.999439101299 0.999439354683
5.52104208417e-09 0.00754152271325 0.999438962432 0.999439244304
6.10220440882e-09 0.00753862375153 0.999438580244 0.99943889603
6.68336673347e-09 0.00753572478982 0.999438198056 0.999438547757
7.26452905812e-09 0.0075328258281 0.999437815868 0.999438199484
7.84569138277e-09 0.00752992686638 0.99943743368 0.999437851211
8.42685370742e-09 0.00752702790466 0.999437051492 0.999437502938
9.00801603206e-09 0.00752412894295 0.999436669304 0.999437154665
9.58917835671e-09 0.00752122998123 0.999436287115 0.999436806392
1.01703406814e-08 0.00751833086793 0.99943563799 0.999436202261
1.0751503006e-08 0.00751543172646 0.999434939254 0.999435550579
1.13326653307e-08 0.00751253258499 0.999434240519 0.999434898897
1.19138276553e-08 0.00750963344352 0.999433541783 0.999434247215
1.249498998e-08 0.00750673430205 0.999432843048 0.999433595533
1.30761523046e-08 0.00750383516058 0.999432144312 0.999432943851
1.36573146293e-08 0.00750093601911 0.999431445576 0.999432292169
1.42384769539e-08 0.00749803678239 0.999430645023 0.999431545652
1.48196392786e-08 0.00749513733261 0.999429616692 0.999430586974
1.54008016032e-08 0.00749223788282 0.99942858836 0.999429628297
1.59819639279e-08 0.00748933843303 0.999427560028 0.999428669619
1.65631262525e-08 0.00748643898324 0.999426531696 0.999427710942
1.71442885772e-08 0.00748353953345 0.999425503365 0.999426752264
1.77254509018e-08 0.00748064008366 0.999424475033 0.999425793587
1.83066132265e-08 0.00747774063387 0.999423446701 0.99942483491
1.88877755511e-08 0.00747484088044 0.999422211558 0.999423691874
1.94689378758e-08 0.00747194092226 0.99942083696 0.999422424524
2.00501002004e-08 0.00746904096409 0.999419462363 0.999421157175
2.06312625251e-08 0.00746614100591 0.999418087766 0.999419889825
2.12124248497e-08 0.00746324104773 0.999416713168 0.999418622476
2.17935871743e-08 0.00746034108955 0.999415338571 0.999417355127
2.2374749499e-08 0.00745744113138 0.999413963974 0.999416087777
2.29559118236e-08 0.0074545411732 0.999412589376 0.999414820428
2.35370741483e-08 0.00745164062962 0.999410955199 0.99941333724
2.41182364729e-08 0.00744873984008 0.999409211957 0.999411763365
2.46993987976e-08 0.00744583905053 0.999407468714 0.999410189491
2.52805611222e-08 0.00744293826099 0.999405725472 0.999408615617
2.58617234469e-08 0.00744003747144 0.99940398223 0.999407041742
2.64428857715e-08 0.0074371366819 0.999402238988 0.999405467868
2.70240480962e-08 0.00743423589236 0.999400495745 0.999403893994
2.76052104208e-08 0.00743133510281 0.999398752503 0.999402320119
2.81863727455e-08 0.00742843345944 0.99939675898 0.9994005604
2.87675350701e-08 0.00742553130442 0.999394615478 0.999398689316
2.93486973948e-08 0.0074226291494 0.999392471976 0.999396818231
2.99298597194e-08 0.00741972699439 0.999390328473 0.999394947146
3.05110220441e-08 0.00741682483937 0.999388184971 0.999393076062
3.10921843687e-08 0.00741392268435 0.999386041469 0.999391204977
3.16733466934e-08 0.00741102052933 0.999383897967 0.999389333893
3.2254509018e-08 0.00740811837431 0.999381754465 0.999387462808
3.28356713427e-08 0.00740521541231 0.999379451607 0.99938549379
3.34168336673e-08 0.00740231099267 0.999376860909 0.999383347878
3.3997995992e-08 0.00739940657303 0.99937427021 0.999381201966
3.45791583166e-08 0.0073965021534 0.999371679511 0.999379056053
3.51603206413e-08 0.00739359773376 0.999369088812 0.999376910141
3.57414829659e-08 0.00739069331412 0.999366498113 0.999374764229
3.63226452906e-08 0.00738778889448 0.999363907415 0.999372618316
3.69038076152e-08 0.00738488447484 0.999361316716 0.999370472404
3.74849699399e-08 0.0073819800552 0.999358726017 0.999368326492
3.80661322645e-08 0.00737907224206 0.999355670927 0.999365976242
3.86472945892e-08 0.0073761640215 0.999352560085 0.999363601461
3.92284569138e-08 0.00737325580095 0.999349449243 0.999361226679
3.98096192385e-08 0.00737034758039 0.999346338401 0.999358851898
4.03907815631e-08 0.00736743935984 0.999343227559 0.999356477117
4.09719438878e-08 0.00736453113928 0.999340116717 0.999354102335
4.15531062124e-08 0.00736162291873 0.999337005875 0.999351727554
4.21342685371e-08 0.00735871469817 0.999333895033 0.999349352773
4.27154308617e-08 0.00735580499067 0.999330637336 0.999346945671
4.32965931864e-08 0.00735289030873 0.999326888348 0.999344430444
4.3877755511e-08 0.00734997562679 0.999323139361 0.999341915217
4.44589178357e-08 0.00734706094485 0.999319390373 0.99933939999
4.50400801603e-08 0.00734414626291 0.999315641386 0.999336884764
4.5621242485e-08 0.00734123158097 0.999311892398 0.999334369537
4.62024048096e-08 0.00733831689903 0.999308143411 0.99933185431
4.67835671343e-08 0.00733540221709 0.999304394423 0.999329339083
4.73647294589e-08 0.00733248753514 0.999300645436 0.999326823856
4.79458917836e-08 0.00732956880702 0.99929659262 0.999324317626
4.85270541082e-08 0.00732664299699 0.999292008025 0.999321827143
4.91082164329e-08 0.00732371718696 0.999287423429 0.999319336659
4.96893787575e-08 0.00732079137693 0.999282838833 0.999316846176
5.02705410822e-08 0.0073178655669 0.999278254237 0.999314355692
5.08517034068e-08 0.00731493975687 0.999273669642 0.999311865209
5.14328657315e-08 0.00731201394684 0.999269085046 0.999309374726
5.20140280561e-08 0.00730908813681 0.99926450045 0.999306884242
5.25951903808e-08 0.00730616232678 0.999259915855 0.999304393759
5.31763527054e-08 0.00730323091599 0.999254992208 0.999301998362
5.37575150301e-08 0.00730028568823 0.999249232126 0.999299837545
5.43386773547e-08 0.00729734046046 0.999243472044 0.999297676727
5.49198396794e-08 0.00729439523269 0.999237711963 0.999295515909
5.5501002004e-08 0.00729145000492 0.999231951881 0.999293355092
5.60821643287e-08 0.00728850477715 0.9992261918 0.999291194274
5.66633266533e-08 0.00728555954939 0.999220431718 0.999289033456
5.7244488978e-08 0.00728261432162 0.999214671637 0.999286872638
5.78256513026e-08 0.00727966909385 0.999208911555 0.999284711821
5.84068136273e-08 0.00727672386608 0.999203151474 0.999282551003
5.89879759519e-08 0.00727374431845 0.999195617451 0.999281281181
5.95691382766e-08 0.00727076476125 0.999188082933 0.999280011607
6.01503006012e-08 0.00726778520405 0.999180548416 0.999278742034
6.07314629259e-08 0.00726480564685 0.999173013899 0.99927747246
6.13126252505e-08 0.00726182608965 0.999165479381 0.999276202886
6.18937875752e-08 0.00725884653245 0.999157944864 0.999274933313
6.24749498998e-08 0.00725586697525 0.999150410346 0.999273663739
6.30561122244e-08 0.00725288741805 0.999142875829 0.999272394165
6.36372745491e-08 0.00724990786086 0.999135341312 0.999271124591
6.42184368737e-08 0.00724689802114 0.999126402685 0.999270805026
6.47995991984e-08 0.00724385696845 0.999116016808 0.999271464657
6.5380761523e-08 0.00724081591576 0.999105630931 0.999272124289
6.59619238477e-08 0.00723777486307 0.999095245053 0.99927278392
6.65430861723e-08 0.00723473381038 0.999084859176 0.999273443552
6.7124248497e-08 0.00723169275769 0.999074473299 0.999274103184
6.77054108216e-08 0.007228651705 0.999064087421 0.999274762815
6.82865731463e-08 0.00722561065231 0.999053701544 0.999275422447
6.88677354709e-08 0.00722256959962 0.999043315667 0.999276082078
6.94488977956e-08 0.00721952854694 0.999032929789 0.99927674171
7.00300601202e-08 0.00721640249816 0.99901887213 0.999280341725
7.06112224449e-08 0.00721324981885 0.999003664046 0.999284863005
7.11923847695e-08 0.00721009713954 0.998988455963 0.999289384285
7.17735470942e-08 0.00720694446023 0.998973247879 0.999293905565
7.23547094188e-08 0.00720379178092 0.998958039796 0.999298426846
7.29358717435e-08 0.00720063910161 0.998942831712 0.999302948126
7.35170340681e-08 0.0071974864223 0.998927623629 0.999307469406
7.40981963928e-08 0.007194333743 0.998912415545 0.999311990686
7.46793587174e-08 0.00719118106369 0.998897207462 0.999316511967
7.52605210421e-08 0.00718802838438 0.998881999378 0.999321033247
7.58416833667e-08 0.00718471112527 0.998859989127 0.999331560998
7.64228456914e-08 0.00718135309313 0.998836293705 0.999343576795
7.7004008016e-08 0.00717799506099 0.998812598282 0.999355592591
7.75851703407e-08 0.00717463702886 0.99878890286 0.999367608387
7.81663326653e-08 0.00717127899672 0.998765207438 0.999379624183
7.874749499e-08 0.00716792096458 0.998741512016 0.999391639979
7.93286573146e-08 0.00716456293244 0.998717816594 0.999403655775
7.99098196393e-08 0.0071612049003 0.998694121172 0.999415671572
8.04909819639e-08 0.00715784686816 0.99867042575 0.999427687368
8.10721442886e-08 0.00715448883602 0.998646730328 0.999439703164
8.16533066132e-08 0.00715089832722 0.998613681861 0.999460462741
8.22344689379e-08 0.0071471573635 0.998574580263 0.999486881143
8.28156312625e-08 0.00714341639977 0.998535478665 0.999513299545
8.33967935872e-08 0.00713967543604 0.998496377067 0.999539717948
8.39779559118e-08 0.00713593447232 0.998457275469 0.99956613635
8.45591182365e-08 0.00713219350859 0.998418173871 0.999592554752
8.51402805611e-08 0.00712845254486 0.998379072273 0.999618973155
8.57214428858e-08 0.00712471158114 0.998339970675 0.999645391557
8.63026052104e-08 0.00712097061741 0.998300869077 0.999671809959
8.68837675351e-08 0.00711722965369 0.998261767479 0.999698228362
8.74649298597e-08 0.00711336354236 0.998217712642 0.999729436378
8.80460921844e-08 0.00710889860382 0.998149956721 0.999783562544
8.8627254509e-08 0.00710443366529 0.998082200799 0.99983768871
8.92084168337e-08 0.00709996872675 0.998014444877 0.999891814875
8.97895791583e-08 0.00709550378822 0.997946688956 0.999945941041
9.0370741483e-08 0.00709103884968 0.997878933034 1.00000006721
9.09519038076e-08 0.00708657391115 0.997811177112 1.00005419337
9.15330661323e-08 0.00708210897261 0.997743421191 1.00010831954
9.21142284569e-08 0.00707764403408 0.997675665269 1.0001624457
9.26953907816e-08 0.00707317909554 0.997607909348 1.00021657187
9.32765531062e-08 0.00706871415701 0.997540153426 1.00027069804
9.38577154309e-08 0.0070635647604 0.997445589188 1.00035130215
9.44388777555e-08 0.00705771174559 0.997323466184 1.00045912542
9.50200400802e-08 0.00705185873077 0.99720134318 1.00056694869
9.56012024048e-08 0.00704600571595 0.997079220177 1.00067477196
9.61823647295e-08 0.00704015270114 0.996957097173 1.00078259523
9.67635270541e-08 0.00703429968632 0.996834974169 1.0008904185
9.73446893788e-08 0.0070284466715 0.996712851165 1.00099824177
9.79258517034e-08 0.00702259365668 0.996590728161 1.00110606503
9.85070140281e-08 0.00701674064187 0.996468605158 1.0012138883
9.90881763527e-08 0.00701088762705 0.996346482154 1.00132171157
9.96693386774e-08 0.00700503461223 0.99622435915 1.00142953484
1.00250501002e-07 0.00699766432183 0.996043279235 1.00159651968
1.00831663327e-07 0.00698911166798 0.995816256118 1.00180960721
1.01412825651e-07 0.00698055901413 0.995589233001 1.00202269473
1.01993987976e-07 0.00697200636028 0.995362209885 1.00223578226
1.02575150301e-07 0.00696345370643 0.995135186768 1.00244886978
1.03156312625e-07 0.00695490105258 0.994908163651 1.00266195731
1.0373747495e-07 0.00694634839873 0.994681140535 1.00287504484
1.04318637275e-07 0.00693779574488 0.994454117418 1.00308813236
1.04899799599e-07 0.00692924309102 0.994227094301 1.00330121989
1.05480961924e-07 0.00692069043717 0.994000071185 1.00351430741
1.06062124248e-07 0.00691213778332 0.993773048068 1.00372739494
1.06643286573e-07 0.00690159402932 0.993469306816 1.004018764
1.07224448898e-07 0.00688771388283 0.993037012607 1.00444130575
1.07805611222e-07 0.00687383373634 0.992604718397 1.00486384749
1.08386773547e-07 0.00685995358985 0.992172424188 1.00528638924
1.08967935872e-07 0.00684607344336 0.991740129979 1.00570893098
1.09549098196e-07 0.00683219329687 0.99130783577 1.00613147272
1.10130260521e-07 0.00681831315038 0.990875541561 1.00655401447
1.10711422846e-07 0.00680443300389 0.990443247352 1.00697655621
1.1129258517e-07 0.0067905528574 0.990010953143 1.00739909796
1.11873747495e-07 0.00677667271091 0.989578658934 1.0078216397
1.1245490982e-07 0.00676279256442 0.989146364725 1.00824418144
1.13036072144e-07 0.00674891241793 0.988714070516 1.00866672319
1.13617234469e-07 0.00672519191433 0.987907407421 1.00948098539
1.14198396794e-07 0.00670064101517 0.987069152561 1.0103283036
1.14779559118e-07 0.00667609011601 0.986230897701 1.01117562182
1.15360721443e-07 0.00665153921684 0.985392642841 1.01202294003
1.15941883768e-07 0.00662698831768 0.98455438798 1.01287025824
1.16523046092e-07 0.00660243741852 0.98371613312 1.01371757645
1.17104208417e-07 0.00657788651936 0.98287787826 1.01456489467
1.17685370741e-07 0.0065533356202 0.982039623399 1.01541221288
1.18266533066e-07 0.00652878472104 0.981201368539 1.01625953109
1.18847695391e-07 0.00650423382187 0.980363113679 1.0171068493
1.19428857715e-07 0.00647968292271 0.979524858818 1.01795416752
1.2001002004e-07 0.00645076692615 0.97852437836 1.01897928495
1.20591182365e-07 0.00640451563873 0.97687964471 1.02071050377
1.21172344689e-07 0.00635826435131 0.97523491106 1.02244172258
1.21753507014e-07 0.00631201306389 0.973590177409 1.0241729414
1.22334669339e-07 0.00626576177647 0.971945443759 1.02590416021
1.22915831663e-07 0.00621951048905 0.970300710109 1.02763537903
1.23496993988e-07 0.00617325920163 0.968655976459 1.02936659784
1.24078156313e-07 0.00612700791421 0.967011242809 1.03109781666
1.24659318637e-07 0.00608075662679 0.965366509158 1.03282903547
1.25240480962e-07 0.00603450533937 0.963721775508 1.03456025429
1.25821643287e-07 0.00598825405195 0.962077041858 1.0362914731
1.26402805611e-07 0.00594200276453 0.960432308208 1.03802269192
1.26983967936e-07 0.00588659264516 0.958462826141 1.0401445173
1.27565130261e-07 0.0057955149883 0.955228665739 1.04378749457
1.28146292585e-07 0.00570443733145 0.951994505337 1.04743047183
1.2872745491e-07 0.00561335967459 0.948760344935 1.0510734491
1.29308617234e-07 0.00552228201774 0.945526184534 1.05471642637
1.29889779559e-07 0.00543120436088 0.942292024132 1.05835940363
1.30470941884e-07 0.00534012670402 0.93905786373 1.0620023809
1.31052104208e-07 0.00524904904717 0.935823703328 1.06564535816
1.31633266533e-07 0.00515797139031 0.932589542927 1.06928833543
1.32214428858e-07 0.00506689373346 0.929355382525 1.0729313127
1.32795591182e-07 0.0049758160766 0.926121222123 1.07657428996
1.33376753507e-07 0.00488473841974 0.922887061721 1.08021726723
1.33957915832e-07 0.00479366076289 0.91965290132 1.08386024449
1.34539078156e-07 0.00461548456093 0.913620236476 1.09158788672
1.35120240481e-07 0.00443026515843 0.90736127132 1.09964583428
1.35701402806e-07 0.00424504575594 0.901102306164 1.10770378184
1.3628256513e-07 0.00405982635345 0.894843341007 1.1157617294
1.36863727455e-07 0.00387460695096 0.888584375851 1.12381967696
1.3744488978e-07 0.00368938754847 0.882325410695 1.13187762453
1.38026052104e-07 0.00350416814598 0.876066445539 1.13993557209
1.38607214429e-07 0.00331894874349 0.869807480383 1.14799351965
1.39188376754e-07 0.003133729341 0.863548515227 1.15605146721
1.39769539078e-07 0.00294850993851 0.857289550071 1.16410941477
1.40350701403e-07 0.00276329053602 0.851030584914 1.17216736233
1.40931863727e-07 0.00257807113353 0.844771619758 1.1802253099
1.41513026052e-07 0.00232086127267 0.836462488178 1.19205064673
1.42094188377e-07 0.00193405106056 0.824462557919 1.21065820144
1.42675350701e-07 0.00154724084845 0.81246262766 1.22926575616
1.43256513026e-07 0.00116043063634 0.800462697401 1.24787331087
1.43837675351e-07 0.000773620424224 0.788462767142 1.26648086558
1.44418837675e-07 0.000386810212112 0.776462836883 1.28508842029
1.45e-07 0 0.764462906624 1.303695975
