-1.45e-07 -0.0237766058678 0.639213815603 1.55455025632
-1.44418837675e-07 -0.0231061492876 0.656075064049 1.51490276838
-1.43837675351e-07 -0.0224721278355 0.672310593989 1.47807820007
-1.43256513026e-07 -0.0218827990031 0.687839524806 1.44481784881
-1.42675350701e-07 -0.0213282388623 0.702775106751 1.41419208658
-1.42094188377e-07 -0.0208023611668 0.717199051274 1.38567556983
-1.41513026052e-07 -0.0203030717609 0.731134414098 1.35907328268
-1.40931863727e-07 -0.0198427907811 0.744307457235 1.33515822857
-1.40350701403e-07 -0.0194061035634 0.756990883543 1.31279828168
-1.39769539078e-07 -0.0189900269846 0.769239144048 1.29177978117
-1.39188376754e-07 -0.0186031589148 0.780846716475 1.2726074909
-1.38607214429e-07 -0.018239486859 0.791918770604 1.25484440673
-1.38026052104e-07 -0.0178915544687 0.802621060665 1.23802477347
-1.3744488978e-07 -0.0175689055017 0.812711424836 1.22268476926
-1.36863727455e-07 -0.0172646094488 0.822337841924 1.20838164204
-1.3628256513e-07 -0.0169721792297 0.83166293205 1.19474646161
-1.35701402806e-07 -0.0167053009936 0.840315670278 1.18250791276
-1.35120240481e-07 -0.0164490498419 0.848678271096 1.17083250095
-1.34539078156e-07 -0.0162071173463 0.856649948335 1.1599158453
-1.33957915832e-07 -0.0159828514259 0.864122670105 1.14990863839
-1.33376753507e-07 -0.015765393192 0.871401902242 1.14025000617
-1.32795591182e-07 -0.0155679225461 0.878098791678 1.13159291474
-1.32214428858e-07 -0.0153768232352 0.884604683653 1.12324717332
-1.31633266533e-07 -0.0151990459582 0.890711212759 1.11555244388
-1.31052104208e-07 -0.0150310893853 0.896515562488 1.10832660189
-1.30470941884e-07 -0.0148714303186 0.902064601068 1.10149692259
-1.29889779559e-07 -0.014723721262 0.907237080467 1.09522567123
-1.29308617234e-07 -0.0145806912405 0.912262117851 1.08917307274
-1.2872745491e-07 -0.0144506371587 0.91686929425 1.08371496155
-1.28146292585e-07 -0.0143228316857 0.921404059255 1.07835986945
-1.27565130261e-07 -0.0142081239899 0.925508626863 1.07359403334
-1.26983967936e-07 -0.0140942217303 0.929586739868 1.06886443301
-1.26402805611e-07 -0.0139928167088 0.933246954216 1.06468778249
-1.25821643287e-07 -0.0138915777904 0.936901614199 1.06051848133
-1.25240480962e-07 -0.0138016773057 0.940170916872 1.05684328266
-1.24659318637e-07 -0.013711941424 0.943434625211 1.053175257
-1.24078156313e-07 -0.013631973527 0.946361441896 1.04992704104
-1.23496993988e-07 -0.0135526578553 0.949265763742 1.04670685649
-1.22915831663e-07 -0.0134812574738 0.951893455469 1.04382260542
-1.22334669339e-07 -0.0134113543828 0.954468818647 1.04100190097
-1.21753507014e-07 -0.013347344248 0.95683576418 1.0384284705
-1.21172344689e-07 -0.0132859188479 0.959111294753 1.03596349793
-1.20591182365e-07 -0.013228290823 0.961251081256 1.0336562401
-1.2001002004e-07 -0.0131744783402 0.963254474278 1.03150745151
-1.19428857715e-07 -0.0131223753112 0.965196173449 1.02942900903
-1.18847695391e-07 -0.0130753783166 0.966953596855 1.02756068607
-1.18266533066e-07 -0.013028381322 0.968711020261 1.02569236311
-1.17685370741e-07 -0.0129871623035 0.970258133858 1.02405985393
-1.17104208417e-07 -0.0129462478136 0.971794163066 1.02243977332
-1.16523046092e-07 -0.0129085523376 0.973212133886 1.02095010287
-1.15941883768e-07 -0.0128730488079 0.974549714355 1.01954923354
-1.15360721443e-07 -0.012838430286 0.975854618089 1.01818398338
-1.14779559118e-07 -0.0128077245205 0.977015052911 1.01697621108
-1.14198396794e-07 -0.0127770187551 0.978175487733 1.01576843879
-1.13617234469e-07 -0.0127493541676 0.979222965718 1.01468235505
-1.13036072144e-07 -0.0127228881675 0.980225925216 1.01364423113
-1.1245490982e-07 -0.0126971393505 0.981202107013 1.01263465705
-1.11873747495e-07 -0.0126744071254 0.982065657308 1.01174516835
-1.1129258517e-07 -0.0126516749003 0.982929207602 1.01085567964
-1.10711422846e-07 -0.0126309330082 0.983718101855 1.01004506464
-1.10130260521e-07 -0.0126114773745 0.98445874943 1.009285422
-1.09549098196e-07 -0.0125920217408 0.985199397005 1.00852577936
-1.08967935872e-07 -0.0125753222038 0.985836248577 1.00787492337
-1.08386773547e-07 -0.0125587315916 0.986468997985 1.00722836679
-1.07805611222e-07 -0.0125427756176 0.987077762596 1.00660677337
-1.07224448898e-07 -0.0125286809096 0.987616184616 1.00605839192
-1.06643286573e-07 -0.0125145862016 0.988154606637 1.00551001046
-1.06062124248e-07 -0.0125015374038 0.988653380001 1.00500264523
-1.05480961924e-07 -0.0124896088258 0.989109687754 1.00453921034
-1.04899799599e-07 -0.0124776802479 0.989565995507 1.00407577544
-1.04318637275e-07 -0.0124669617988 0.989976308078 1.00365967256
-1.0373747495e-07 -0.0124569058811 0.990361438821 1.0032694834
-1.03156312625e-07 -0.0124468499635 0.990746569565 1.00287929425
-1.02575150301e-07 -0.0124379918775 0.991086068723 1.00253585023
-1.01993987976e-07 -0.0124295485051 0.991409769298 1.00220859033
-1.01412825651e-07 -0.0124211051327 0.991733469874 1.00188133043
-1.00831663327e-07 -0.0124137281619 0.992016466138 1.00159560571
-1.00250501002e-07 -0.0124066677279 0.992287380259 1.00132220976
-9.96693386774e-08 -0.0123996072939 0.99255829438 1.00104881381
-9.90881763527e-08 -0.0123934084539 0.992796266526 1.00080892012
-9.85070140281e-08 -0.0123875291305 0.993022022354 1.00058145051
-9.79258517034e-08 -0.012381649807 0.993247778181 1.00035398091
-9.73446893788e-08 -0.0123763895023 0.99344983278 1.00015054705
-9.67635270541e-08 -0.012371514639 0.993637129452 0.999962079401
-9.61823647295e-08 -0.0123666397757 0.993824426124 0.999773611754
-9.56012024048e-08 -0.0123621304721 0.993997709137 0.999599321204
-9.50200400802e-08 -0.0123581061324 0.994152401151 0.999443838475
-9.44388777555e-08 -0.0123540817926 0.994307093164 0.999288355746
-9.38577154309e-08 -0.0123501781637 0.99445715301 0.999137549629
-9.32765531062e-08 -0.0123468708043 0.994584331548 0.99900984436
-9.26953907816e-08 -0.0123435634448 0.994711510087 0.998882139091
-9.21142284569e-08 -0.0123402560854 0.994838688626 0.998754433821
-9.15330661323e-08 -0.0123374482046 0.994946683584 0.998646062855
-9.09519038076e-08 -0.0123347425039 0.99505075409 0.998541647174
-9.0370741483e-08 -0.0123320368032 0.995154824596 0.998437231493
-8.97895791583e-08 -0.0123295388658 0.995250909724 0.998340852313
-8.92084168337e-08 -0.0123273357034 0.995335665179 0.99825587534
-8.8627254509e-08 -0.012325132541 0.995420420633 0.998170898367
-8.80460921844e-08 -0.0123229293787 0.995505176087 0.998085921394
-8.74649298597e-08 -0.0123211089954 0.995575210549 0.998015741799
-8.68837675351e-08 -0.0123193235834 0.995643900079 0.997946914115
-8.63026052104e-08 -0.0123175381714 0.99571258961 0.997878086431
-8.57214428858e-08 -0.0123158691686 0.995776800007 0.997813756607
-8.51402805611e-08 -0.0123144293338 0.995832192593 0.997758281462
-8.45591182365e-08 -0.012312989499 0.995887585179 0.997702806316
-8.39779559118e-08 -0.0123115496642 0.995942977765 0.997647331171
-8.33967935872e-08 -0.0123103013188 0.995990999253 0.997599251791
-8.28156312625e-08 -0.0123091459329 0.996035442403 0.997554762724
-8.22344689379e-08 -0.0123079905471 0.996079885553 0.997510273657
-8.16533066132e-08 -0.0123068351612 0.996124328702 0.997465784589
-8.10721442886e-08 -0.0123058948546 0.996160489852 0.997429599529
-8.04909819639e-08 -0.0123049724087 0.996195963241 0.997394104057
-7.99098196393e-08 -0.0123040499629 0.996231436629 0.997358608584
-7.93286573146e-08 -0.0123031436881 0.996266287149 0.997323737282
-7.874749499e-08 -0.0123024110058 0.996294451288 0.997295566326
-7.81663326653e-08 -0.0123016783235 0.996322615428 0.997267395371
-7.75851703407e-08 -0.0123009456413 0.996350779567 0.997239224415
-7.7004008016e-08 -0.0123002370684 0.99637801485 0.99721198382
-7.64228456914e-08 -0.0122996581512 0.996400254931 0.997189746516
-7.58416833667e-08 -0.012299079234 0.996422495013 0.997167509212
-7.52605210421e-08 -0.0122985003167 0.996444735094 0.997145271908
-7.46793587174e-08 -0.0122979382435 0.996466326107 0.997123684471
-7.40981963928e-08 -0.0122974832414 0.996483791221 0.997106228012
-7.35170340681e-08 -0.0122970282393 0.996501256334 0.997088771552
-7.29358717435e-08 -0.0122965732372 0.996518721448 0.997071315092
-7.23547094188e-08 -0.0122961202663 0.996536108281 0.997053936984
-7.17735470942e-08 -0.0122957645662 0.996549746253 0.997040311131
-7.11923847695e-08 -0.0122954088661 0.996563384225 0.997026685278
-7.06112224449e-08 -0.012295053166 0.996577022197 0.997013059426
-7.00300601202e-08 -0.0122946974659 0.996590660169 0.996999433573
-6.94488977956e-08 -0.0122944057078 0.99660183345 0.99698827396
-6.88677354709e-08 -0.0122941291305 0.996612421573 0.996977699874
-6.82865731463e-08 -0.0122938525532 0.996623009695 0.996967125787
-6.77054108216e-08 -0.012293575976 0.996633597817 0.996956551701
-6.7124248497e-08 -0.0122933305294 0.996642985837 0.996947178179
-6.65430861723e-08 -0.0122931166276 0.99665115779 0.996939021192
-6.59619238477e-08 -0.0122929027258 0.996659329743 0.996930864205
-6.5380761523e-08 -0.012292688824 0.996667501696 0.996922707219
-6.47995991984e-08 -0.012292479058 0.996675514195 0.996914709712
-6.42184368737e-08 -0.0122923145062 0.996681783471 0.996908455711
-6.36372745491e-08 -0.0122921499544 0.996688052747 0.996902201711
-6.30561122244e-08 -0.0122919854026 0.996694322023 0.99689594771
-6.24749498998e-08 -0.0122918208508 0.996700591299 0.99688969371
-6.18937875752e-08 -0.0122916781993 0.996706016126 0.996884284112
-6.13126252505e-08 -0.0122915522672 0.996710796266 0.996879519166
-6.07314629259e-08 -0.0122914263351 0.996715576407 0.99687475422
-6.01503006012e-08 -0.0122913004031 0.996720356547 0.996869989273
-5.95691382766e-08 -0.012291174471 0.996725136688 0.996865224327
-5.89879759519e-08 -0.012291076892 0.996728823439 0.996861552463
-5.84068136273e-08 -0.0122909809931 0.9967324454 0.996857945371
-5.78256513026e-08 -0.0122908850943 0.99673606736 0.996854338279
-5.7244488978e-08 -0.0122907891954 0.996739689321 0.996850731187
-5.66633266533e-08 -0.0122906982222 0.996743121306 0.996847313969
-5.60821643287e-08 -0.0122906255294 0.99674584825 0.996844601414
-5.5501002004e-08 -0.0122905528367 0.996748575195 0.996841888859
-5.49198396794e-08 -0.0122904801439 0.996751302139 0.996839176304
-5.43386773547e-08 -0.0122904074511 0.996754029084 0.996836463748
-5.37575150301e-08 -0.0122903413334 0.996756502397 0.996834004611
-5.31763527054e-08 -0.0122902864538 0.996758542213 0.996831978607
-5.25951903808e-08 -0.0122902315742 0.996760582028 0.996829952603
-5.20140280561e-08 -0.0122901766947 0.996762621844 0.996827926599
-5.14328657315e-08 -0.0122901218151 0.996764661659 0.996825900596
-5.08517034068e-08 -0.0122900725313 0.996766485579 0.996824090223
-5.02705410822e-08 -0.0122900312335 0.996768001387 0.996822587584
-4.96893787575e-08 -0.0122899899358 0.996769517195 0.996821084945
-4.91082164329e-08 -0.012289948638 0.996771033004 0.996819582305
-4.85270541082e-08 -0.0122899073402 0.996772548812 0.996818079666
-4.79458917836e-08 -0.0122898695212 0.996773930371 0.996816711044
-4.73647294589e-08 -0.0122898385077 0.996775049293 0.996815604604
-4.67835671343e-08 -0.0122898074943 0.996776168216 0.996814498164
-4.62024048096e-08 -0.0122897764808 0.996777287138 0.996813391724
-4.5621242485e-08 -0.0122897454674 0.99677840606 0.996812285284
-4.50400801603e-08 -0.012289715576 0.996779481664 0.996811222057
-4.44589178357e-08 -0.0122896922952 0.996780302075 0.996810413408
-4.3877755511e-08 -0.0122896690143 0.996781122485 0.99680960476
-4.32965931864e-08 -0.0122896457334 0.996781942896 0.996808796111
-4.27154308617e-08 -0.0122896224526 0.996782763306 0.996807987462
-4.21342685371e-08 -0.0122895991717 0.996783583716 0.996807178813
-4.15531062124e-08 -0.0122895806802 0.99678421915 0.996806554522
-4.09719438878e-08 -0.0122895631712 0.996784816634 0.996805968053
-4.03907815631e-08 -0.0122895456623 0.996785414119 0.996805381583
-3.98096192385e-08 -0.0122895281533 0.996786011604 0.996804795114
-3.92284569138e-08 -0.0122895106443 0.996786609089 0.996804208644
-3.86472945892e-08 -0.0122894948003 0.996787142225 0.996803686223
-3.80661322645e-08 -0.0122894815677 0.99678757444 0.996803264253
-3.74849699399e-08 -0.012289468335 0.996788006655 0.996802842283
-3.69038076152e-08 -0.0122894551023 0.99678843887 0.996802420313
-3.63226452906e-08 -0.0122894418697 0.996788871085 0.996801998343
-3.57414829659e-08 -0.012289428637 0.9967893033 0.996801576373
-3.51603206413e-08 -0.0122894179851 0.996789635682 0.996801253587
-3.45791583166e-08 -0.0122894078962 0.996789946285 0.996800952439
-3.3997995992e-08 -0.0122893978073 0.996790256887 0.99680065129
-3.34168336673e-08 -0.0122893877184 0.99679056749 0.996800350142
-3.28356713427e-08 -0.0122893776295 0.996790878092 0.996800048994
-3.2254509018e-08 -0.012289367819 0.996791177911 0.996799758531
-3.16733466934e-08 -0.0122893600225 0.996791399716 0.996799545369
-3.10921843687e-08 -0.012289352226 0.99679162152 0.996799332207
-3.05110220441e-08 -0.0122893444296 0.996791843325 0.996799119045
-2.99298597194e-08 -0.0122893366331 0.99679206513 0.996798905883
-2.93486973948e-08 -0.0122893288367 0.996792286934 0.996798692721
-2.87675350701e-08 -0.0122893215172 0.996792490227 0.996798497832
-2.81863727455e-08 -0.0122893153779 0.996792647721 0.996798348149
-2.76052104208e-08 -0.0122893092385 0.996792805216 0.996798198466
-2.70240480962e-08 -0.0122893030991 0.99679296271 0.996798048783
-2.64428857715e-08 -0.0122892969598 0.996793120205 0.9967978991
-2.58617234469e-08 -0.0122892908204 0.9967932777 0.996797749417
-2.52805611222e-08 -0.0122892850571 0.996793420562 0.996797614097
-2.46993987976e-08 -0.0122892801038 0.996793531899 0.99679750972
-2.41182364729e-08 -0.0122892751505 0.996793643236 0.996797405344
-2.35370741483e-08 -0.0122892701972 0.996793754572 0.996797300968
-2.29559118236e-08 -0.0122892652439 0.996793865909 0.996797196591
-2.2374749499e-08 -0.0122892602906 0.996793977246 0.996797092215
-2.17935871743e-08 -0.0122892555098 0.996794081843 0.996796994399
-2.12124248497e-08 -0.0122892513952 0.996794160406 0.996796921925
-2.0631262525e-08 -0.0122892472806 0.996794238969 0.99679684945
-2.00501002004e-08 -0.012289243166 0.996794317532 0.996796776976
-1.94689378758e-08 -0.0122892390514 0.996794396095 0.996796704502
-1.88877755511e-08 -0.0122892349368 0.996794474658 0.996796632027
-1.83066132265e-08 -0.0122892308222 0.996794553221 0.996796559553
-1.77254509018e-08 -0.0122892272618 0.99679460999 0.996796508024
-1.71442885772e-08 -0.0122892237303 0.996794665625 0.996796457586
-1.65631262525e-08 -0.0122892201988 0.99679472126 0.996796407148
-1.59819639279e-08 -0.0122892166673 0.996794776894 0.99679635671
-1.54008016032e-08 -0.0122892131357 0.996794832529 0.996796306272
-1.48196392786e-08 -0.0122892096042 0.996794888163 0.996796255834
-1.42384769539e-08 -0.0122892062888 0.996794935217 0.996796213476
-1.36573146293e-08 -0.0122892031514 0.996794975197 0.996796177779
-1.30761523046e-08 -0.012289200014 0.996795015177 0.996796142082
-1.249498998e-08 -0.0122891968767 0.996795055157 0.996796106385
-1.19138276553e-08 -0.0122891937393 0.996795095137 0.996796070688
-1.13326653307e-08 -0.0122891906019 0.996795135117 0.996796034991
-1.0751503006e-08 -0.0122891874645 0.996795175097 0.996795999294
-1.01703406814e-08 -0.0122891845779 0.996795204945 0.996795972799
-9.58917835671e-09 -0.0122891816924 0.996795234744 0.996795946348
-9.00801603206e-09 -0.012289178807 0.996795264543 0.996795919897
-8.42685370741e-09 -0.0122891759215 0.996795294342 0.996795893446
-7.84569138277e-09 -0.0122891730361 0.996795324141 0.996795866995
-7.26452905812e-09 -0.0122891701506 0.99679535394 0.996795840545
-6.68336673347e-09 -0.0122891673054 0.996795382049 0.996795815508
-6.10220440882e-09 -0.0122891645598 0.996795405979 0.99679579397
-5.52104208417e-09 -0.0122891618142 0.996795429908 0.996795772431
-4.93987975952e-09 -0.0122891590686 0.996795453838 0.996795750893
-4.35871743487e-09 -0.0122891563229 0.996795477767 0.996795729355
-3.77755511022e-09 -0.0122891535773 0.996795501697 0.996795707816
-3.19639278557e-09 -0.0122891508317 0.996795525626 0.996795686278
-2.61523046092e-09 -0.0122891481043 0.996795548646 0.996795665235
-2.03406813627e-09 -0.0122891454018 0.996795570423 0.996795644869
-1.45290581162e-09 -0.0122891426993 0.996795592201 0.996795624504
-8.71743486974e-10 -0.0122891399967 0.996795613978 0.996795604138
-2.90581162324e-10 -0.0122891372942 0.996795635755 0.996795583772
2.90581162325e-10 -0.0122891345917 0.996795657533 0.996795563407
8.71743486974e-10 -0.0122891318892 0.99679567931 0.996795543041
1.45290581162e-09 -0.0122891291657 0.996795701698 0.996795521667
2.03406813627e-09 -0.0122891264102 0.996795725017 0.996795498757
2.61523046092e-09 -0.0122891236547 0.996795748336 0.996795475847
3.19639278557e-09 -0.0122891208992 0.996795771655 0.996795452938
3.77755511022e-09 -0.0122891181437 0.996795794974 0.996795430028
4.35871743487e-09 -0.0122891153882 0.996795818293 0.996795407118
4.93987975952e-09 -0.0122891126327 0.996795841612 0.996795384208
5.52104208417e-09 -0.0122891098433 0.996795866133 0.996795359887
6.10220440882e-09 -0.012289106922 0.996795895331 0.996795330072
6.68336673347e-09 -0.0122891040008 0.99679592453 0.996795300256
7.26452905812e-09 -0.0122891010795 0.996795953728 0.996795270441
7.84569138277e-09 -0.0122890981582 0.996795982927 0.996795240625
8.42685370742e-09 -0.0122890952369 0.996796012125 0.99679521081
9.00801603206e-09 -0.0122890923156 0.996796041324 0.996795180994
9.58917835671e-09 -0.0122890893943 0.996796070522 0.996795151179
1.01703406814e-08 -0.0122890862042 0.996796109645 0.996795110553
1.0751503006e-08 -0.012289082964 0.996796150612 0.996795067919
1.13326653307e-08 -0.0122890797239 0.996796191578 0.996795025285
1.19138276553e-08 -0.0122890764838 0.996796232545 0.996794982651
1.249498998e-08 -0.0122890732437 0.996796273512 0.996794940016
1.30761523046e-08 -0.0122890700035 0.996796314479 0.996794897382
1.36573146293e-08 -0.0122890667634 0.996796355446 0.996794854748
1.42384769539e-08 -0.0122890633541 0.996796402769 0.996794805426
1.48196392786e-08 -0.0122890595664 0.996796464312 0.996794741141
1.54008016032e-08 -0.0122890557788 0.996796525854 0.996794676857
1.59819639279e-08 -0.0122890519911 0.996796587396 0.996794612572
1.65631262525e-08 -0.0122890482034 0.996796648939 0.996794548288
1.71442885772e-08 -0.0122890444157 0.996796710481 0.996794484004
1.77254509018e-08 -0.012289040628 0.996796772023 0.996794419719
1.83066132265e-08 -0.0122890368403 0.996796833566 0.996794355435
1.88877755511e-08 -0.0122890325097 0.996796915716 0.996794269885
1.94689378758e-08 -0.0122890278129 0.996797011762 0.996794169997
2.00501002004e-08 -0.012289023116 0.996797107808 0.996794070109
2.06312625251e-08 -0.0122890184192 0.996797203854 0.99679397022
2.12124248497e-08 -0.0122890137224 0.996797299901 0.996793870332
2.17935871743e-08 -0.0122890090256 0.996797395947 0.996793770443
2.2374749499e-08 -0.0122890043288 0.996797491993 0.996793670555
2.29559118236e-08 -0.012288999632 0.996797588039 0.996793570666
2.35370741483e-08 -0.0122889938796 0.996797724391 0.99679342968
2.41182364729e-08 -0.0122889876836 0.996797877679 0.996793271425
2.46993987976e-08 -0.0122889814877 0.996798030966 0.99679311317
2.52805611222e-08 -0.0122889752917 0.996798184253 0.996792954915
2.58617234469e-08 -0.0122889690958 0.99679833754 0.996792796661
2.64428857715e-08 -0.0122889628998 0.996798490827 0.996792638406
2.70240480962e-08 -0.0122889567039 0.996798644114 0.996792480151
2.76052104208e-08 -0.0122889505079 0.996798797401 0.996792321897
2.81863727455e-08 -0.0122889427604 0.996799010154 0.996792103456
2.87675350701e-08 -0.0122889340831 0.996799258543 0.996791848949
2.93486973948e-08 -0.0122889254057 0.996799506931 0.996791594441
2.99298597194e-08 -0.0122889167284 0.99679975532 0.996791339934
3.05110220441e-08 -0.0122889080511 0.996800003708 0.996791085427
3.10921843687e-08 -0.0122888993738 0.996800252096 0.99679083092
3.16733466934e-08 -0.0122888906964 0.996800500485 0.996790576413
3.2254509018e-08 -0.0122888820191 0.996800748873 0.996790321906
3.28356713427e-08 -0.0122888718662 0.996801053947 0.996790010294
3.34168336673e-08 -0.012288859048 0.996801461412 0.996789595536
3.3997995992e-08 -0.0122888462298 0.996801868877 0.996789180777
3.45791583166e-08 -0.0122888334116 0.996802276341 0.996788766018
3.51603206413e-08 -0.0122888205934 0.996802683806 0.996788351259
3.57414829659e-08 -0.0122888077752 0.99680309127 0.9967879365
3.63226452906e-08 -0.012288794957 0.996803498735 0.996787521741
3.69038076152e-08 -0.0122887821387 0.9968039062 0.996787106982
3.74849699399e-08 -0.0122887693205 0.996804313664 0.996786692224
3.80661322645e-08 -0.0122887502701 0.996804960896 0.996786036629
3.86472945892e-08 -0.0122887304714 0.996805636914 0.996785352121
3.92284569138e-08 -0.0122887106728 0.996806312931 0.996784667613
3.98096192385e-08 -0.0122886908741 0.996806988949 0.996783983105
4.03907815631e-08 -0.0122886710755 0.996807664966 0.996783298597
4.09719438878e-08 -0.0122886512768 0.996808340983 0.996782614089
4.15531062124e-08 -0.0122886314782 0.996809017001 0.996781929581
4.21342685371e-08 -0.0122886116795 0.996809693018 0.996781245073
4.27154308617e-08 -0.0122885891429 0.996810474468 0.996780454855
4.32965931864e-08 -0.0122885574466 0.996811608631 0.996779310996
4.3877755511e-08 -0.0122885257503 0.996812742794 0.996778167136
4.44589178357e-08 -0.012288494054 0.996813876957 0.996777023277
4.50400801603e-08 -0.0122884623577 0.99681501112 0.996775879418
4.5621242485e-08 -0.0122884306614 0.996816145283 0.996774735558
4.62024048096e-08 -0.0122883989651 0.996817279446 0.996773591699
4.67835671343e-08 -0.0122883672688 0.996818413609 0.99677244784
4.73647294589e-08 -0.0122883355725 0.996819547773 0.99677130398
4.79458917836e-08 -0.0122882964172 0.996820969324 0.996769872304
4.85270541082e-08 -0.0122882442067 0.996822893882 0.996767936872
4.91082164329e-08 -0.0122881919962 0.99682481844 0.99676600144
4.96893787575e-08 -0.0122881397857 0.996826742999 0.996764066008
5.02705410822e-08 -0.0122880875752 0.996828667557 0.996762130576
5.08517034068e-08 -0.0122880353647 0.996830592115 0.996760195143
5.14328657315e-08 -0.0122879831542 0.996832516673 0.996758259711
5.20140280561e-08 -0.0122879309438 0.996834441232 0.996756324279
5.25951903808e-08 -0.0122878787333 0.99683636579 0.996754388847
5.31763527054e-08 -0.0122878161983 0.996838688287 0.996752055176
5.37575150301e-08 -0.0122877281932 0.996841992493 0.996748739059
5.43386773547e-08 -0.012287640188 0.996845296699 0.996745422941
5.49198396794e-08 -0.0122875521829 0.996848600905 0.996742106823
5.5501002004e-08 -0.0122874641777 0.996851905111 0.996738790705
5.60821643287e-08 -0.0122873761726 0.996855209317 0.996735474587
5.66633266533e-08 -0.0122872881675 0.996858513523 0.996732158469
5.7244488978e-08 -0.0122872001623 0.996861817729 0.996728842352
5.78256513026e-08 -0.0122871121572 0.996865121934 0.996725526234
5.84068136273e-08 -0.012287024152 0.99686842614 0.996722210116
5.89879759519e-08 -0.0122868729403 0.996874167188 0.996716456611
5.95691382766e-08 -0.0122867217109 0.996879908914 0.996710702428
6.01503006012e-08 -0.0122865704815 0.996885650641 0.996704948244
6.07314629259e-08 -0.0122864192521 0.996891392367 0.996699194061
6.13126252505e-08 -0.0122862680228 0.996897134094 0.996693439877
6.18937875752e-08 -0.0122861167934 0.99690287582 0.996687685693
6.24749498998e-08 -0.012285965564 0.996908617547 0.99668193151
6.30561122244e-08 -0.0122858143346 0.996914359273 0.996676177326
6.36372745491e-08 -0.0122856631053 0.996920101 0.996670423142
6.42184368737e-08 -0.012285456193 0.996927990005 0.996662522211
6.47995991984e-08 -0.0122851918871 0.996938092266 0.996652408573
6.5380761523e-08 -0.0122849275811 0.996948194526 0.996642294934
6.59619238477e-08 -0.0122846632752 0.996958296787 0.996632181295
6.65430861723e-08 -0.0122843989692 0.996968399048 0.996622067657
6.7124248497e-08 -0.0122841346633 0.996978501309 0.996611954018
6.77054108216e-08 -0.0122838703573 0.996988603569 0.99660184038
6.82865731463e-08 -0.0122836060513 0.99699870583 0.996591726741
6.88677354709e-08 -0.0122833417454 0.997008808091 0.996581613102
6.94488977956e-08 -0.0122830774394 0.997018910352 0.996571499464
7.00300601202e-08 -0.0122826571649 0.99703502888 0.996555374453
7.06112224449e-08 -0.0122821880231 0.997053032395 0.996537365991
7.11923847695e-08 -0.0122817188812 0.997071035909 0.996519357529
7.17735470942e-08 -0.0122812497394 0.997089039424 0.996501349066
7.23547094188e-08 -0.0122807805976 0.997107042938 0.996483340604
7.29358717435e-08 -0.0122803114558 0.997125046453 0.996465332142
7.35170340681e-08 -0.012279842314 0.997143049967 0.996447323679
7.40981963928e-08 -0.0122793731722 0.997161053482 0.996429315217
7.46793587174e-08 -0.0122789040304 0.997179056996 0.996411306755
7.52605210421e-08 -0.0122784348885 0.997197060511 0.996393298292
7.58416833667e-08 -0.0122776644597 0.997226690785 0.996363682602
7.64228456914e-08 -0.01227681939 0.997259201474 0.996331191335
7.7004008016e-08 -0.0122759743202 0.997291712164 0.996298700067
7.75851703407e-08 -0.0122751292505 0.997324222854 0.9962662088
7.81663326653e-08 -0.0122742841807 0.997356733543 0.996233717532
7.874749499e-08 -0.012273439111 0.997389244233 0.996201226265
7.93286573146e-08 -0.0122725940413 0.997421754923 0.996168734997
7.99098196393e-08 -0.0122717489715 0.997454265613 0.99613624373
8.04909819639e-08 -0.0122709039018 0.997486776302 0.996103752463
8.10721442886e-08 -0.012270058832 0.997519286992 0.996071261195
8.16533066132e-08 -0.01226878929 0.997568190552 0.996022429261
8.22344689379e-08 -0.0122672450368 0.997627703298 0.995963021927
8.28156312625e-08 -0.0122657007836 0.997687216044 0.995903614592
8.33967935872e-08 -0.0122641565304 0.997746728791 0.995844207258
8.39779559118e-08 -0.0122626122771 0.997806241537 0.995784799923
8.45591182365e-08 -0.0122610680239 0.997865754283 0.995725392589
8.51402805611e-08 -0.0122595237707 0.997925267029 0.995665985254
8.57214428858e-08 -0.0122579795175 0.997984779776 0.99560657792
8.63026052104e-08 -0.0122564352642 0.998044292522 0.995547170585
8.68837675351e-08 -0.012254891011 0.998103805268 0.995487763251
8.74649298597e-08 -0.0122531188866 0.998172130492 0.995419595872
8.80460921844e-08 -0.0122502564061 0.998282623136 0.995309511965
8.8627254509e-08 -0.0122473939256 0.998393115779 0.995199428058
8.92084168337e-08 -0.0122445314451 0.998503608423 0.995089344151
8.97895791583e-08 -0.0122416689646 0.998614101066 0.994979260245
9.0370741483e-08 -0.0122388064841 0.998724593709 0.994869176338
9.09519038076e-08 -0.0122359440035 0.998835086353 0.994759092431
9.15330661323e-08 -0.012233081523 0.998945578996 0.994649008524
9.21142284569e-08 -0.0122302190425 0.99905607164 0.994538924618
9.26953907816e-08 -0.012227356562 0.999166564283 0.994428840711
9.32765531062e-08 -0.0122244940815 0.999277056927 0.994318756804
9.38577154309e-08 -0.0122203889123 0.999435734715 0.994161025906
9.44388777555e-08 -0.0122150062676 0.999643946503 0.993954314226
9.50200400802e-08 -0.012209623623 0.999852158292 0.993747602546
9.56012024048e-08 -0.0122042409783 1.00006037008 0.993540890866
9.61823647295e-08 -0.0121988583336 1.00026858187 0.993334179186
9.67635270541e-08 -0.012193475689 1.00047679366 0.993127467506
9.73446893788e-08 -0.0121880930443 1.00068500544 0.992920755826
9.79258517034e-08 -0.0121827103996 1.00089321723 0.992714044146
9.85070140281e-08 -0.012177327755 1.00110142902 0.992507332466
9.90881763527e-08 -0.0121719451103 1.00130964081 0.992300620786
9.96693386774e-08 -0.0121665624657 1.0015178526 0.992093909106
1.00250501002e-07 -0.0121584332237 1.00183310525 0.991782422146
1.00831663327e-07 -0.012148163648 1.00223177136 0.991389287223
1.01412825651e-07 -0.0121378940723 1.00263043747 0.990996152299
1.01993987976e-07 -0.0121276244966 1.00302910358 0.990603017375
1.02575150301e-07 -0.0121173549208 1.00342776969 0.990209882451
1.03156312625e-07 -0.0121070853451 1.0038264358 0.989816747528
1.0373747495e-07 -0.0120968157694 1.00422510191 0.989423612604
1.04318637275e-07 -0.0120865461937 1.00462376802 0.98903047768
1.04899799599e-07 -0.012076276618 1.00502243413 0.988637342757
1.05480961924e-07 -0.0120660070422 1.00542110024 0.988244207833
1.06062124248e-07 -0.0120557374665 1.00581976635 0.987851072909
1.06643286573e-07 -0.0120418744016 1.00635987791 0.987322218469
1.07224448898e-07 -0.0120219898968 1.00713700295 0.986565945246
1.07805611222e-07 -0.0120021053919 1.00791412798 0.985809672023
1.08386773547e-07 -0.011982220887 1.00869125301 0.9850533988
1.08967935872e-07 -0.0119623363821 1.00946837804 0.984297125577
1.09549098196e-07 -0.0119424518772 1.01024550307 0.983540852354
1.10130260521e-07 -0.0119225673723 1.01102262811 0.982784579131
1.10711422846e-07 -0.0119026828674 1.01179975314 0.982028305908
1.1129258517e-07 -0.0118827983625 1.01257687817 0.981272032685
1.11873747495e-07 -0.0118629138576 1.0133540032 0.980515759461
1.1245490982e-07 -0.0118430293527 1.01413112823 0.979759486238
1.13036072144e-07 -0.0118231448478 1.01490825327 0.979003213015
1.13617234469e-07 -0.0117855544316 1.01639622104 0.977591417743
1.14198396794e-07 -0.0117464698715 1.01794417451 0.976124305109
1.14779559118e-07 -0.0117073853114 1.01949212798 0.974657192475
1.15360721443e-07 -0.0116683007513 1.02104008145 0.973190079841
1.15941883768e-07 -0.0116292161912 1.02258803492 0.971722967206
1.16523046092e-07 -0.0115901316311 1.02413598838 0.970255854572
1.17104208417e-07 -0.011551047071 1.02568394185 0.968788741938
1.17685370741e-07 -0.0115119625109 1.02723189532 0.967321629304
1.18266533066e-07 -0.0114728779508 1.02877984879 0.965854516669
1.18847695391e-07 -0.0114337933907 1.03032780226 0.964387404035
1.19428857715e-07 -0.0113947088306 1.03187575573 0.962920291401
1.2001002004e-07 -0.0113477933712 1.03375086808 0.96117475824
1.20591182365e-07 -0.0112697787388 1.03692523996 0.958323522189
1.21172344689e-07 -0.0111917641065 1.04009961184 0.955472286138
1.21753507014e-07 -0.0111137494742 1.04327398372 0.952621050087
1.22334669339e-07 -0.0110357348419 1.0464483556 0.949769814035
1.22915831663e-07 -0.0109577202096 1.04962272748 0.946918577984
1.23496993988e-07 -0.0108797055773 1.05279709936 0.944067341933
1.24078156313e-07 -0.010801690945 1.05597147124 0.941216105882
1.24659318637e-07 -0.0107236763127 1.05914584312 0.938364869831
1.25240480962e-07 -0.0106456616804 1.062320215 0.93551363378
1.25821643287e-07 -0.0105676470481 1.06549458688 0.932662397729
1.26402805611e-07 -0.0104896324158 1.06866895876 0.929811161677
1.26983967936e-07 -0.0103952298248 1.07258592271 0.926424142971
1.27565130261e-07 -0.010237007073 1.07939478716 0.920950608423
1.28146292585e-07 -0.0100787843212 1.08620365161 0.915477073875
1.2872745491e-07 -0.00992056156933 1.09301251607 0.910003539328
1.29308617234e-07 -0.00976233881749 1.09982138052 0.90453000478
1.29889779559e-07 -0.00960411606565 1.10663024497 0.899056470233
1.30470941884e-07 -0.00944589331382 1.11343910942 0.893582935685
1.31052104208e-07 -0.00928767056198 1.12024797387 0.888109401138
1.31633266533e-07 -0.00912944781014 1.12705683832 0.88263586659
1.32214428858e-07 -0.0089712250583 1.13386570277 0.877162332043
1.32795591182e-07 -0.00881300230647 1.14067456722 0.871688797495
1.33376753507e-07 -0.00865477955463 1.14748343167 0.866215262948
1.33957915832e-07 -0.00849655680279 1.15429229612 0.8607417284
1.34539078156e-07 -0.00818263887755 1.16944410972 0.851010504087
1.35120240481e-07 -0.00785613070381 1.18527057368 0.840934982831
1.35701402806e-07 -0.00752962253006 1.20109703763 0.830859461574
1.3628256513e-07 -0.00720311435631 1.21692350158 0.820783940318
1.36863727455e-07 -0.00687660618256 1.23274996553 0.810708419062
1.3744488978e-07 -0.00655009800882 1.24857642949 0.800632897805
1.38026052104e-07 -0.00622358983507 1.26440289344 0.790557376549
1.38607214429e-07 -0.00589708166132 1.28022935739 0.780481855293
1.39188376754e-07 -0.00557057348758 1.29605582135 0.770406334037
1.39769539078e-07 -0.00524406531383 1.3118822853 0.76033081278
1.40350701403e-07 -0.00491755714008 1.32770874925 0.750255291524
1.40931863727e-07 -0.00459104896633 1.3435352132 0.740179770268
1.41513026052e-07 -0.00413502941217 1.36775359795 0.727277278252
1.42094188377e-07 -0.00344585784347 1.40707948316 0.709285550638
1.42675350701e-07 -0.00275668627478 1.44640536836 0.691293823024
1.43256513026e-07 -0.00206751470608 1.48573125357 0.67330209541
1.43837675351e-07 -0.00137834313739 1.52505713878 0.655310367797
1.44418837675e-07 -0.000689171568694 1.56438302398 0.637318640183
1.45e-07 0 1.60370890919 0.619326912569
