-1.45e-07 0 	0 	-580877.609645 	
-1.44418837675e-07 0 	0 	-548639.531438 	
-1.43837675351e-07 0 	0 	-517395.957008 	
-1.43256513026e-07 0 	0 	-488394.176573 	
-1.42675350701e-07 0 	0 	-461135.828285 	
-1.42094188377e-07 0 	0 	-435315.229282 	
-1.41513026052e-07 0 	0 	-410827.071846 	
-1.40931863727e-07 0 	0 	-388292.35427 	
-1.40350701403e-07 0 	0 	-366938.009172 	
-1.39769539078e-07 0 	0 	-346614.430372 	
-1.39188376754e-07 0 	0 	-327750.439345 	
-1.38607214429e-07 0 	0 	-310044.042076 	
-1.38026052104e-07 0 	0 	-293122.702462 	
-1.3744488978e-07 0 	0 	-277461.237536 	
-1.36863727455e-07 0 	0 	-262712.781388 	
-1.3628256513e-07 0 	0 	-248554.499477 	
-1.35701402806e-07 0 	0 	-235665.053116 	
-1.35120240481e-07 0 	0 	-223302.278435 	
-1.34539078156e-07 0 	0 	-211649.127442 	
-1.33957915832e-07 0 	0 	-200869.670024 	
-1.33376753507e-07 0 	0 	-190426.731243 	
-1.32795591182e-07 0 	0 	-180970.037736 	
-1.32214428858e-07 0 	0 	-171826.968876 	
-1.31633266533e-07 0 	0 	-163339.6681 	
-1.31052104208e-07 0 	0 	-155334.553845 	
-1.30470941884e-07 0 	0 	-147736.838652 	
-1.29889779559e-07 0 	0 	-140724.278013 	
-1.29308617234e-07 0 	0 	-133940.835056 	
-1.2872745491e-07 0 	0 	-127790.98097 	
-1.28146292585e-07 0 	0 	-121750.921897 	
-1.27565130261e-07 0 	0 	-116348.492059 	
-1.26983967936e-07 0 	0 	-110985.272659 	
-1.26402805611e-07 0 	0 	-106228.538906 	
-1.25821643287e-07 0 	0 	-101479.86606 	
-1.25240480962e-07 0 	0 	-97279.6313479 	
-1.24659318637e-07 0 	0 	-93087.3584575 	
-1.24078156313e-07 0 	0 	-89365.9304841 	
-1.23496993988e-07 0 	0 	-85675.9416407 	
-1.22915831663e-07 0 	0 	-82366.1121779 	
-1.22334669339e-07 0 	0 	-79128.1953052 	
-1.21753507014e-07 0 	0 	-76172.2355938 	
-1.21172344689e-07 0 	0 	-73339.946324 	
-1.20591182365e-07 0 	0 	-70688.6270154 	
-1.2001002004e-07 0 	0 	-68219.1434396 	
-1.19428857715e-07 0 	0 	-65830.7881165 	
-1.18847695391e-07 0 	0 	-63684.7579282 	
-1.18266533066e-07 0 	0 	-61538.72774 	
-1.17685370741e-07 0 	0 	-59665.7194656 	
-1.17104208417e-07 0 	0 	-57807.1008254 	
-1.16523046092e-07 0 	0 	-56099.895085 	
-1.15941883768e-07 0 	0 	-54495.7920239 	
-1.15360721443e-07 0 	0 	-52933.118747 	
-1.14779559118e-07 0 	0 	-51553.6129736 	
-1.14198396794e-07 0 	0 	-50174.1072002 	
-1.13617234469e-07 0 	0 	-48936.2577464 	
-1.13036072144e-07 0 	0 	-47754.2378051 	
-1.1245490982e-07 0 	0 	-46605.4494401 	
-1.11873747495e-07 0 	0 	-45596.4386549 	
-1.1129258517e-07 0 	0 	-44587.4278697 	
-1.10711422846e-07 0 	0 	-43670.137669 	
-1.10130260521e-07 0 	0 	-42812.1221533 	
-1.09549098196e-07 0 	0 	-41954.1066376 	
-1.08967935872e-07 0 	0 	-41222.3738753 	
-1.08386773547e-07 0 	0 	-40495.6319851 	
-1.07805611222e-07 0 	0 	-39797.7947068 	
-1.07224448898e-07 0 	0 	-39184.7288446 	
-1.06643286573e-07 0 	0 	-38571.6629825 	
-1.06062124248e-07 0 	0 	-38005.9344448 	
-1.05480961924e-07 0 	0 	-37490.906451 	
-1.04899799599e-07 0 	0 	-36975.8784573 	
-1.04318637275e-07 0 	0 	-36515.2607113 	
-1.0373747495e-07 0 	0 	-36084.4319437 	
-1.03156312625e-07 0 	0 	-35653.603176 	
-1.02575150301e-07 0 	0 	-35276.2615278 	
-1.01993987976e-07 0 	0 	-34917.4382076 	
-1.01412825651e-07 0 	0 	-34558.6148874 	
-1.00831663327e-07 0 	0 	-34247.0671476 	
-1.00250501002e-07 0 	0 	-33949.552081 	
-9.96693386774e-08 0 	0 	-33652.0370145 	
-9.90881763527e-08 0 	0 	-33392.4301027 	
-9.85070140281e-08 0 	0 	-33146.881184 	
-9.79258517034e-08 0 	0 	-32901.3322653 	
-9.73446893788e-08 0 	0 	-32682.8037183 	
-9.67635270541e-08 0 	0 	-32481.0998118 	
-9.61823647295e-08 0 	0 	-32279.3959053 	
-9.56012024048e-08 0 	0 	-32093.5168263 	
-9.50200400802e-08 0 	0 	-31928.6315028 	
-9.44388777555e-08 0 	0 	-31763.7461794 	
-9.38577154309e-08 0 	0 	-31604.0410726 	
-9.32765531062e-08 0 	0 	-31469.9244417 	
-9.26953907816e-08 0 	0 	-31335.8078109 	
-9.21142284569e-08 0 	0 	-31201.69118 	
-9.15330661323e-08 0 	0 	-31088.81472 	
-9.09519038076e-08 0 	0 	-30980.2834351 	
-9.0370741483e-08 0 	0 	-30871.7521502 	
-8.97895791583e-08 0 	0 	-30771.9718671 	
-8.92084168337e-08 0 	0 	-30684.6075263 	
-8.8627254509e-08 0 	0 	-30597.2431855 	
-8.80460921844e-08 0 	0 	-30509.8788447 	
-8.74649298597e-08 0 	0 	-30438.4763642 	
-8.68837675351e-08 0 	0 	-30368.5321832 	
-8.63026052104e-08 0 	0 	-30298.5880022 	
-8.57214428858e-08 0 	0 	-30233.4472889 	
-8.51402805611e-08 0 	0 	-30177.762886 	
-8.45591182365e-08 0 	0 	-30122.0784831 	
-8.39779559118e-08 0 	0 	-30066.3940802 	
-8.33967935872e-08 0 	0 	-30018.5244855 	
-8.28156312625e-08 0 	0 	-29974.4486316 	
-8.22344689379e-08 0 	0 	-29930.3727777 	
-8.16533066132e-08 0 	0 	-29886.2969239 	
-8.10721442886e-08 0 	0 	-29850.8973935 	
-8.04909819639e-08 0 	0 	-29816.2183697 	
-7.99098196393e-08 0 	0 	-29781.539346 	
-7.93286573146e-08 0 	0 	-29747.5047572 	
-7.874749499e-08 0 	0 	-29720.3880598 	
-7.81663326653e-08 0 	0 	-29693.2713625 	
-7.75851703407e-08 0 	0 	-29666.1546651 	
-7.7004008016e-08 0 	0 	-29639.9865065 	
-7.64228456914e-08 0 	0 	-29618.9193987 	
-7.58416833667e-08 0 	0 	-29597.8522909 	
-7.52605210421e-08 0 	0 	-29576.7851831 	
-7.46793587174e-08 0 	0 	-29556.371859 	
-7.40981963928e-08 0 	0 	-29540.1144068 	
-7.35170340681e-08 0 	0 	-29523.8569546 	
-7.29358717435e-08 0 	0 	-29507.5995025 	
-7.23547094188e-08 0 	0 	-29491.4197674 	
-7.17735470942e-08 0 	0 	-29478.9619034 	
-7.11923847695e-08 0 	0 	-29466.5040394 	
-7.06112224449e-08 0 	0 	-29454.0461753 	
-7.00300601202e-08 0 	0 	-29441.5883113 	
-6.94488977956e-08 0 	0 	-29431.5402609 	
-6.88677354709e-08 0 	0 	-29422.0643401 	
-6.82865731463e-08 0 	0 	-29412.5884193 	
-6.77054108216e-08 0 	0 	-29403.1124985 	
-6.7124248497e-08 0 	0 	-29394.7910548 	
-6.65430861723e-08 0 	0 	-29387.6394458 	
-6.59619238477e-08 0 	0 	-29380.4878367 	
-6.5380761523e-08 0 	0 	-29373.3362277 	
-6.47995991984e-08 0 	0 	-29366.3353753 	
-6.42184368737e-08 0 	0 	-29360.9826687 	
-6.36372745491e-08 0 	0 	-29355.6299621 	
-6.30561122244e-08 0 	0 	-29350.2772554 	
-6.24749498998e-08 0 	0 	-29344.9245488 	
-6.18937875752e-08 0 	0 	-29340.3555256 	
-6.13126252505e-08 0 	0 	-29336.3847979 	
-6.07314629259e-08 0 	0 	-29332.4140701 	
-6.01503006012e-08 0 	0 	-29328.4433423 	
-5.95691382766e-08 0 	0 	-29324.4726145 	
-5.89879759519e-08 0 	0 	-29321.4964006 	
-5.84068136273e-08 0 	0 	-29318.5791178 	
-5.78256513026e-08 0 	0 	-29315.6618349 	
-5.7244488978e-08 0 	0 	-29312.744552 	
-5.66633266533e-08 0 	0 	-29309.996316 	
-5.60821643287e-08 0 	0 	-29307.8754481 	
-5.5501002004e-08 0 	0 	-29305.7545802 	
-5.49198396794e-08 0 	0 	-29303.6337122 	
-5.43386773547e-08 0 	0 	-29301.5128443 	
-5.37575150301e-08 0 	0 	-29299.6122748 	
-5.31763527054e-08 0 	0 	-29298.0882327 	
-5.25951903808e-08 0 	0 	-29296.5641907 	
-5.20140280561e-08 0 	0 	-29295.0401486 	
-5.14328657315e-08 0 	0 	-29293.5161065 	
-5.08517034068e-08 0 	0 	-29292.1746007 	
-5.02705410822e-08 0 	0 	-29291.0935973 	
-4.96893787575e-08 0 	0 	-29290.012594 	
-4.91082164329e-08 0 	0 	-29288.9315906 	
-4.85270541082e-08 0 	0 	-29287.8505872 	
-4.79458917836e-08 0 	0 	-29286.8796821 	
-4.73647294589e-08 0 	0 	-29286.1241659 	
-4.67835671343e-08 0 	0 	-29285.3686497 	
-4.62024048096e-08 0 	0 	-29284.6131334 	
-4.5621242485e-08 0 	0 	-29283.8576172 	
-4.50400801603e-08 0 	0 	-29283.1364042 	
-4.44589178357e-08 0 	0 	-29282.6172771 	
-4.3877755511e-08 0 	0 	-29282.0981499 	
-4.32965931864e-08 0 	0 	-29281.5790228 	
-4.27154308617e-08 0 	0 	-29281.0598956 	
-4.21342685371e-08 0 	0 	-29280.5407685 	
-4.15531062124e-08 0 	0 	-29280.1622535 	
-4.09719438878e-08 0 	0 	-29279.8125856 	
-4.03907815631e-08 0 	0 	-29279.4629176 	
-3.98096192385e-08 0 	0 	-29279.1132497 	
-3.92284569138e-08 0 	0 	-29278.7635818 	
-3.86472945892e-08 0 	0 	-29278.4605067 	
-3.80661322645e-08 0 	0 	-29278.2305067 	
-3.74849699399e-08 0 	0 	-29278.0005067 	
-3.69038076152e-08 0 	0 	-29277.7705067 	
-3.63226452906e-08 0 	0 	-29277.5405067 	
-3.57414829659e-08 0 	0 	-29277.3105067 	
-3.51603206413e-08 0 	0 	-29277.1486472 	
-3.45791583166e-08 0 	0 	-29277.0016529 	
-3.3997995992e-08 0 	0 	-29276.8546586 	
-3.34168336673e-08 0 	0 	-29276.7076642 	
-3.28356713427e-08 0 	0 	-29276.5606699 	
-3.2254509018e-08 0 	0 	-29276.4205165 	
-3.16733466934e-08 0 	0 	-29276.3298516 	
-3.10921843687e-08 0 	0 	-29276.2391867 	
-3.05110220441e-08 0 	0 	-29276.1485218 	
-2.99298597194e-08 0 	0 	-29276.0578569 	
-2.93486973948e-08 0 	0 	-29275.967192 	
-2.87675350701e-08 0 	0 	-29275.8872245 	
-2.81863727455e-08 0 	0 	-29275.8337211 	
-2.76052104208e-08 0 	0 	-29275.7802176 	
-2.70240480962e-08 0 	0 	-29275.7267142 	
-2.64428857715e-08 0 	0 	-29275.6732108 	
-2.58617234469e-08 0 	0 	-29275.6197074 	
-2.52805611222e-08 0 	0 	-29275.573685 	
-2.46993987976e-08 0 	0 	-29275.5437804 	
-2.41182364729e-08 0 	0 	-29275.5138758 	
-2.35370741483e-08 0 	0 	-29275.4839712 	
-2.29559118236e-08 0 	0 	-29275.4540666 	
-2.2374749499e-08 0 	0 	-29275.424162 	
-2.17935871743e-08 0 	0 	-29275.3971738 	
-2.12124248497e-08 0 	0 	-29275.3814498 	
-2.0631262525e-08 0 	0 	-29275.3657258 	
-2.00501002004e-08 0 	0 	-29275.3500018 	
-1.94689378758e-08 0 	0 	-29275.3342779 	
-1.88877755511e-08 0 	0 	-29275.3185539 	
-1.83066132265e-08 0 	0 	-29275.3028299 	
-1.77254509018e-08 0 	0 	-29275.2944947 	
-1.71442885772e-08 0 	0 	-29275.2865443 	
-1.65631262525e-08 0 	0 	-29275.2785939 	
-1.59819639279e-08 0 	0 	-29275.2706436 	
-1.54008016032e-08 0 	0 	-29275.2626932 	
-1.48196392786e-08 0 	0 	-29275.2547428 	
-1.42384769539e-08 0 	0 	-29275.2487426 	
-1.36573146293e-08 0 	0 	-29275.2443501 	
-1.30761523046e-08 0 	0 	-29275.2399575 	
-1.249498998e-08 0 	0 	-29275.2355649 	
-1.19138276553e-08 0 	0 	-29275.2311724 	
-1.13326653307e-08 0 	0 	-29275.2267798 	
-1.0751503006e-08 0 	0 	-29275.2223872 	
-1.01703406814e-08 0 	0 	-29275.2189052 	
-9.58917835671e-09 0 	0 	-29275.2154277 	
-9.00801603206e-09 0 	0 	-29275.2119501 	
-8.42685370741e-09 0 	0 	-29275.2084726 	
-7.84569138277e-09 0 	0 	-29275.204995 	
-7.26452905812e-09 0 	0 	-29275.2015174 	
-6.68336673347e-09 0 	0 	-29275.1978737 	
-6.10220440882e-09 0 	0 	-29275.1938191 	
-5.52104208417e-09 0 	0 	-29275.1897644 	
-4.93987975952e-09 0 	0 	-29275.1857098 	
-4.35871743487e-09 0 	0 	-29275.1816552 	
-3.77755511022e-09 0 	0 	-29275.1776005 	
-3.19639278557e-09 0 	0 	-29275.1735459 	
-2.61523046092e-09 0 	0 	-29275.1689998 	
-2.03406813627e-09 0 	0 	-29275.163783 	
-1.45290581162e-09 0 	0 	-29275.1585663 	
-8.71743486974e-10 0 	0 	-29275.1533495 	
-2.90581162324e-10 0 	0 	-29275.1481328 	
2.90581162325e-10 0 	0 	-29275.142916 	
8.71743486974e-10 0 	0 	-29275.1376993 	
1.45290581162e-09 0 	0 	-29275.1321194 	
2.03406813627e-09 0 	0 	-29275.1259865 	
2.61523046092e-09 0 	0 	-29275.1198537 	
3.19639278557e-09 0 	0 	-29275.1137208 	
3.77755511022e-09 0 	0 	-29275.1075879 	
4.35871743487e-09 0 	0 	-29275.101455 	
4.93987975952e-09 0 	0 	-29275.0953222 	
5.52104208417e-09 0 	0 	-29275.0892522 	
6.10220440882e-09 0 	0 	-29275.0834272 	
6.68336673347e-09 0 	0 	-29275.0776022 	
7.26452905812e-09 0 	0 	-29275.0717772 	
7.84569138277e-09 0 	0 	-29275.0659522 	
8.42685370742e-09 0 	0 	-29275.0601272 	
9.00801603206e-09 0 	0 	-29275.0543022 	
9.58917835671e-09 0 	0 	-29275.0484772 	
1.01703406814e-08 0 	0 	-29275.0451518 	
1.0751503006e-08 0 	0 	-29275.0422909 	
1.13326653307e-08 0 	0 	-29275.03943 	
1.19138276553e-08 0 	0 	-29275.036569 	
1.249498998e-08 0 	0 	-29275.0337081 	
1.30761523046e-08 0 	0 	-29275.0308472 	
1.36573146293e-08 0 	0 	-29275.0279863 	
1.42384769539e-08 0 	0 	-29275.0275957 	
1.48196392786e-08 0 	0 	-29275.0327312 	
1.54008016032e-08 0 	0 	-29275.0378668 	
1.59819639279e-08 0 	0 	-29275.0430024 	
1.65631262525e-08 0 	0 	-29275.0481379 	
1.71442885772e-08 0 	0 	-29275.0532735 	
1.77254509018e-08 0 	0 	-29275.058409 	
1.83066132265e-08 0 	0 	-29275.0635446 	
1.88877755511e-08 0 	0 	-29275.0789348 	
1.94689378758e-08 0 	0 	-29275.1012397 	
2.00501002004e-08 0 	0 	-29275.1235446 	
2.06312625251e-08 0 	0 	-29275.1458495 	
2.12124248497e-08 0 	0 	-29275.1681544 	
2.17935871743e-08 0 	0 	-29275.1904593 	
2.2374749499e-08 0 	0 	-29275.2127642 	
2.29559118236e-08 0 	0 	-29275.2350691 	
2.35370741483e-08 0 	0 	-29275.2810922 	
2.41182364729e-08 0 	0 	-29275.3370809 	
2.46993987976e-08 0 	0 	-29275.3930695 	
2.52805611222e-08 0 	0 	-29275.4490581 	
2.58617234469e-08 0 	0 	-29275.5050467 	
2.64428857715e-08 0 	0 	-29275.5610353 	
2.70240480962e-08 0 	0 	-29275.6170239 	
2.76052104208e-08 0 	0 	-29275.6730125 	
2.81863727455e-08 0 	0 	-29275.7685876 	
2.87675350701e-08 0 	0 	-29275.8878845 	
2.93486973948e-08 0 	0 	-29276.0071814 	
2.99298597194e-08 0 	0 	-29276.1264784 	
3.05110220441e-08 0 	0 	-29276.2457753 	
3.10921843687e-08 0 	0 	-29276.3650723 	
3.16733466934e-08 0 	0 	-29276.4843692 	
3.2254509018e-08 0 	0 	-29276.6036661 	
3.28356713427e-08 0 	0 	-29276.7644684 	
3.34168336673e-08 0 	0 	-29277.0002408 	
3.3997995992e-08 0 	0 	-29277.2360132 	
3.45791583166e-08 0 	0 	-29277.4717856 	
3.51603206413e-08 0 	0 	-29277.707558 	
3.57414829659e-08 0 	0 	-29277.9433304 	
3.63226452906e-08 0 	0 	-29278.1791029 	
3.69038076152e-08 0 	0 	-29278.4148753 	
3.74849699399e-08 0 	0 	-29278.6506477 	
3.80661322645e-08 0 	0 	-29279.0758833 	
3.86472945892e-08 0 	0 	-29279.5238649 	
3.92284569138e-08 0 	0 	-29279.9718465 	
3.98096192385e-08 0 	0 	-29280.419828 	
4.03907815631e-08 0 	0 	-29280.8678096 	
4.09719438878e-08 0 	0 	-29281.3157912 	
4.15531062124e-08 0 	0 	-29281.7637728 	
4.21342685371e-08 0 	0 	-29282.2117544 	
4.27154308617e-08 0 	0 	-29282.7484635 	
4.32965931864e-08 0 	0 	-29283.5820023 	
4.3877755511e-08 0 	0 	-29284.4155411 	
4.44589178357e-08 0 	0 	-29285.2490799 	
4.50400801603e-08 0 	0 	-29286.0826188 	
4.5621242485e-08 0 	0 	-29286.9161576 	
4.62024048096e-08 0 	0 	-29287.7496964 	
4.67835671343e-08 0 	0 	-29288.5832352 	
4.73647294589e-08 0 	0 	-29289.4167741 	
4.79458917836e-08 0 	0 	-29290.5054897 	
4.85270541082e-08 0 	0 	-29292.0408335 	
4.91082164329e-08 0 	0 	-29293.5761772 	
4.96893787575e-08 0 	0 	-29295.111521 	
5.02705410822e-08 0 	0 	-29296.6468647 	
5.08517034068e-08 0 	0 	-29298.1822085 	
5.14328657315e-08 0 	0 	-29299.7175522 	
5.20140280561e-08 0 	0 	-29301.252896 	
5.25951903808e-08 0 	0 	-29302.7882397 	
5.31763527054e-08 0 	0 	-29304.6939234 	
5.37575150301e-08 0 	0 	-29307.5132303 	
5.43386773547e-08 0 	0 	-29310.3325372 	
5.49198396794e-08 0 	0 	-29313.1518441 	
5.5501002004e-08 0 	0 	-29315.9711509 	
5.60821643287e-08 0 	0 	-29318.7904578 	
5.66633266533e-08 0 	0 	-29321.6097647 	
5.7244488978e-08 0 	0 	-29324.4290716 	
5.78256513026e-08 0 	0 	-29327.2483785 	
5.84068136273e-08 0 	0 	-29330.0676853 	
5.89879759519e-08 0 	0 	-29335.2528389 	
5.95691382766e-08 0 	0 	-29340.4386517 	
6.01503006012e-08 0 	0 	-29345.6244645 	
6.07314629259e-08 0 	0 	-29350.8102773 	
6.13126252505e-08 0 	0 	-29355.9960902 	
6.18937875752e-08 0 	0 	-29361.181903 	
6.24749498998e-08 0 	0 	-29366.3677158 	
6.30561122244e-08 0 	0 	-29371.5535286 	
6.36372745491e-08 0 	0 	-29376.7393415 	
6.42184368737e-08 0 	0 	-29384.092662 	
6.47995991984e-08 0 	0 	-29393.6800882 	
6.5380761523e-08 0 	0 	-29403.2675144 	
6.59619238477e-08 0 	0 	-29412.8549406 	
6.65430861723e-08 0 	0 	-29422.4423668 	
6.7124248497e-08 0 	0 	-29432.0297931 	
6.77054108216e-08 0 	0 	-29441.6172193 	
6.82865731463e-08 0 	0 	-29451.2046455 	
6.88677354709e-08 0 	0 	-29460.7920717 	
6.94488977956e-08 0 	0 	-29470.3794979 	
7.00300601202e-08 0 	0 	-29486.2651827 	
7.06112224449e-08 0 	0 	-29504.1242052 	
7.11923847695e-08 0 	0 	-29521.9832276 	
7.17735470942e-08 0 	0 	-29539.84225 	
7.23547094188e-08 0 	0 	-29557.7012724 	
7.29358717435e-08 0 	0 	-29575.5602948 	
7.35170340681e-08 0 	0 	-29593.4193172 	
7.40981963928e-08 0 	0 	-29611.2783396 	
7.46793587174e-08 0 	0 	-29629.137362 	
7.52605210421e-08 0 	0 	-29646.9963844 	
7.58416833667e-08 0 	0 	-29677.4529899 	
7.64228456914e-08 0 	0 	-29711.0305234 	
7.7004008016e-08 0 	0 	-29744.6080569 	
7.75851703407e-08 0 	0 	-29778.1855904 	
7.81663326653e-08 0 	0 	-29811.7631239 	
7.874749499e-08 0 	0 	-29845.3406574 	
7.93286573146e-08 0 	0 	-29878.9181909 	
7.99098196393e-08 0 	0 	-29912.4957244 	
8.04909819639e-08 0 	0 	-29946.0732579 	
8.10721442886e-08 0 	0 	-29979.6507914 	
8.16533066132e-08 0 	0 	-30031.5767379 	
8.22344689379e-08 0 	0 	-30095.3774644 	
8.28156312625e-08 0 	0 	-30159.178191 	
8.33967935872e-08 0 	0 	-30222.9789176 	
8.39779559118e-08 0 	0 	-30286.7796441 	
8.45591182365e-08 0 	0 	-30350.5803707 	
8.51402805611e-08 0 	0 	-30414.3810972 	
8.57214428858e-08 0 	0 	-30478.1818238 	
8.63026052104e-08 0 	0 	-30541.9825504 	
8.68837675351e-08 0 	0 	-30605.7832769 	
8.74649298597e-08 0 	0 	-30679.752638 	
8.80460921844e-08 0 	0 	-30802.3785846 	
8.8627254509e-08 0 	0 	-30925.0045311 	
8.92084168337e-08 0 	0 	-31047.6304777 	
8.97895791583e-08 0 	0 	-31170.2564243 	
9.0370741483e-08 0 	0 	-31292.8823709 	
9.09519038076e-08 0 	0 	-31415.5083175 	
9.15330661323e-08 0 	0 	-31538.1342641 	
9.21142284569e-08 0 	0 	-31660.7602106 	
9.26953907816e-08 0 	0 	-31783.3861572 	
9.32765531062e-08 0 	0 	-31906.0121038 	
9.38577154309e-08 0 	0 	-32085.806223 	
9.44388777555e-08 0 	0 	-32324.368832 	
9.50200400802e-08 0 	0 	-32562.931441 	
9.56012024048e-08 0 	0 	-32801.4940501 	
9.61823647295e-08 0 	0 	-33040.0566591 	
9.67635270541e-08 0 	0 	-33278.6192682 	
9.73446893788e-08 0 	0 	-33517.1818772 	
9.79258517034e-08 0 	0 	-33755.7444862 	
9.85070140281e-08 0 	0 	-33994.3070953 	
9.90881763527e-08 0 	0 	-34232.8697043 	
9.96693386774e-08 0 	0 	-34471.4323133 	
1.00250501002e-07 0 	0 	-34840.0668546 	
1.00831663327e-07 0 	0 	-35310.0622169 	
1.01412825651e-07 0 	0 	-35780.0575792 	
1.01993987976e-07 0 	0 	-36250.0529415 	
1.02575150301e-07 0 	0 	-36720.0483038 	
1.03156312625e-07 0 	0 	-37190.0436661 	
1.0373747495e-07 0 	0 	-37660.0390284 	
1.04318637275e-07 0 	0 	-38130.0343907 	
1.04899799599e-07 0 	0 	-38600.029753 	
1.05480961924e-07 0 	0 	-39070.0251153 	
1.06062124248e-07 0 	0 	-39540.0204776 	
1.06643286573e-07 0 	0 	-40184.9394646 	
1.07224448898e-07 0 	0 	-41122.9697086 	
1.07805611222e-07 0 	0 	-42060.9999526 	
1.08386773547e-07 0 	0 	-42999.0301965 	
1.08967935872e-07 0 	0 	-43937.0604405 	
1.09549098196e-07 0 	0 	-44875.0906844 	
1.10130260521e-07 0 	0 	-45813.1209284 	
1.10711422846e-07 0 	0 	-46751.1511724 	
1.1129258517e-07 0 	0 	-47689.1814163 	
1.11873747495e-07 0 	0 	-48627.2116603 	
1.1245490982e-07 0 	0 	-49565.2419042 	
1.13036072144e-07 0 	0 	-50503.2721482 	
1.13617234469e-07 0 	0 	-52325.8233859 	
1.14198396794e-07 0 	0 	-54223.016458 	
1.14779559118e-07 0 	0 	-56120.2095301 	
1.15360721443e-07 0 	0 	-58017.4026022 	
1.15941883768e-07 0 	0 	-59914.5956744 	
1.16523046092e-07 0 	0 	-61811.7887465 	
1.17104208417e-07 0 	0 	-63708.9818186 	
1.17685370741e-07 0 	0 	-65606.1748907 	
1.18266533066e-07 0 	0 	-67503.3679629 	
1.18847695391e-07 0 	0 	-69400.561035 	
1.19428857715e-07 0 	0 	-71297.7541071 	
1.2001002004e-07 0 	0 	-73595.7730012 	
1.20591182365e-07 0 	0 	-77485.6079715 	
1.21172344689e-07 0 	0 	-81375.4429418 	
1.21753507014e-07 0 	0 	-85265.2779121 	
1.22334669339e-07 0 	0 	-89155.1128824 	
1.22915831663e-07 0 	0 	-93044.9478527 	
1.23496993988e-07 0 	0 	-96934.782823 	
1.24078156313e-07 0 	0 	-100824.617793 	
1.24659318637e-07 0 	0 	-104714.452764 	
1.25240480962e-07 0 	0 	-108604.287734 	
1.25821643287e-07 0 	0 	-112494.122704 	
1.26402805611e-07 0 	0 	-116383.957675 	
1.26983967936e-07 0 	0 	-121131.934426 	
1.27565130261e-07 0 	0 	-129221.800656 	
1.28146292585e-07 0 	0 	-137311.666887 	
1.2872745491e-07 0 	0 	-145401.533117 	
1.29308617234e-07 0 	0 	-153491.399348 	
1.29889779559e-07 0 	0 	-161581.265578 	
1.30470941884e-07 0 	0 	-169671.131808 	
1.31052104208e-07 0 	0 	-177760.998039 	
1.31633266533e-07 0 	0 	-185850.864269 	
1.32214428858e-07 0 	0 	-193940.7305 	
1.32795591182e-07 0 	0 	-202030.59673 	
1.33376753507e-07 0 	0 	-210120.46296 	
1.33957915832e-07 0 	0 	-218210.329191 	
1.34539078156e-07 0 	0 	-234633.293538 	
1.35120240481e-07 0 	0 	-251730.111632 	
1.35701402806e-07 0 	0 	-268826.929727 	
1.3628256513e-07 0 	0 	-285923.747822 	
1.36863727455e-07 0 	0 	-303020.565916 	
1.3744488978e-07 0 	0 	-320117.384011 	
1.38026052104e-07 0 	0 	-337214.202106 	
1.38607214429e-07 0 	0 	-354311.020201 	
1.39188376754e-07 0 	0 	-371407.838295 	
1.39769539078e-07 0 	0 	-388504.65639 	
1.40350701403e-07 0 	0 	-405601.474485 	
1.40931863727e-07 0 	0 	-422698.29258 	
1.41513026052e-07 0 	0 	-441957.943965 	
1.42094188377e-07 0 	0 	-465111.221819 	
1.42675350701e-07 0 	0 	-488264.499672 	
1.43256513026e-07 0 	0 	-511417.777526 	
1.43837675351e-07 0 	0 	-534571.05538 	
1.44418837675e-07 0 	0 	-557724.333233 	
1.45e-07 0 	0 	-580877.611087 	
