-1.45e-07 0 	0 	-431061.951103 	
-1.44418837675e-07 0 	0 	-408393.920127 	
-1.43837675351e-07 0 	0 	-386454.976575 	
-1.43256513026e-07 0 	0 	-366158.068245 	
-1.42675350701e-07 0 	0 	-347135.121316 	
-1.42094188377e-07 0 	0 	-329161.02625 	
-1.41513026052e-07 0 	0 	-312157.820684 	
-1.40931863727e-07 0 	0 	-296574.010292 	
-1.40350701403e-07 0 	0 	-281845.10943 	
-1.39769539078e-07 0 	0 	-267861.968723 	
-1.39188376754e-07 0 	0 	-254932.284864 	
-1.38607214429e-07 0 	0 	-242834.977219 	
-1.38026052104e-07 0 	0 	-231301.35659 	
-1.3744488978e-07 0 	0 	-220670.060678 	
-1.36863727455e-07 0 	0 	-210689.913743 	
-1.3628256513e-07 0 	0 	-201130.465513 	
-1.35701402806e-07 0 	0 	-192471.925511 	
-1.35120240481e-07 0 	0 	-184185.594377 	
-1.34539078156e-07 0 	0 	-176400.767765 	
-1.33957915832e-07 0 	0 	-169230.381953 	
-1.33376753507e-07 0 	0 	-162296.416594 	
-1.32795591182e-07 0 	0 	-156052.505209 	
-1.32214428858e-07 0 	0 	-150026.861032 	
-1.31633266533e-07 0 	0 	-144457.598933 	
-1.31052104208e-07 0 	0 	-139222.051893 	
-1.30470941884e-07 0 	0 	-134268.46048 	
-1.29889779559e-07 0 	0 	-129717.507161 	
-1.29308617234e-07 0 	0 	-125324.207074 	
-1.2872745491e-07 0 	0 	-121364.252838 	
-1.28146292585e-07 0 	0 	-117479.393376 	
-1.27565130261e-07 0 	0 	-114027.920073 	
-1.26983967936e-07 0 	0 	-110603.097464 	
-1.26402805611e-07 0 	0 	-107587.819603 	
-1.25821643287e-07 0 	0 	-104577.985072 	
-1.25240480962e-07 0 	0 	-101936.002811 	
-1.24659318637e-07 0 	0 	-99299.3607593 	
-1.24078156313e-07 0 	0 	-96976.3182538 	
-1.23496993988e-07 0 	0 	-94674.2153327 	
-1.22915831663e-07 0 	0 	-92623.473343 	
-1.22334669339e-07 0 	0 	-90620.2798725 	
-1.21753507014e-07 0 	0 	-88802.1100538 	
-1.21172344689e-07 0 	0 	-87065.0942539 	
-1.20591182365e-07 0 	0 	-85445.9027265 	
-1.2001002004e-07 0 	0 	-83945.0991504 	
-1.19428857715e-07 0 	0 	-82496.6858424 	
-1.18847695391e-07 0 	0 	-81204.7590647 	
-1.18266533066e-07 0 	0 	-79912.832287 	
-1.17685370741e-07 0 	0 	-78795.7230892 	
-1.17104208417e-07 0 	0 	-77687.827661 	
-1.16523046092e-07 0 	0 	-76676.0295769 	
-1.15941883768e-07 0 	0 	-75729.6677514 	
-1.15360721443e-07 0 	0 	-74809.3593884 	
-1.14779559118e-07 0 	0 	-74004.2374254 	
-1.14198396794e-07 0 	0 	-73199.1154624 	
-1.13617234469e-07 0 	0 	-72482.2256872 	
-1.13036072144e-07 0 	0 	-71800.1099344 	
-1.1245490982e-07 0 	0 	-71138.4871309 	
-1.11873747495e-07 0 	0 	-70563.061107 	
-1.1129258517e-07 0 	0 	-69987.6350831 	
-1.10711422846e-07 0 	0 	-69468.1843209 	
-1.10130260521e-07 0 	0 	-68984.9077288 	
-1.09549098196e-07 0 	0 	-68501.6311367 	
-1.08967935872e-07 0 	0 	-68094.5886841 	
-1.08386773547e-07 0 	0 	-67690.559112 	
-1.07805611222e-07 0 	0 	-67303.7813933 	
-1.07224448898e-07 0 	0 	-66967.5998923 	
-1.06643286573e-07 0 	0 	-66631.4183912 	
-1.06062124248e-07 0 	0 	-66323.1563854 	
-1.05480961924e-07 0 	0 	-66044.7974976 	
-1.04899799599e-07 0 	0 	-65766.4386098 	
-1.04318637275e-07 0 	0 	-65519.7735056 	
-1.0373747495e-07 0 	0 	-65290.4603795 	
-1.03156312625e-07 0 	0 	-65061.1472534 	
-1.02575150301e-07 0 	0 	-64862.5857351 	
-1.01993987976e-07 0 	0 	-64674.6710485 	
-1.01412825651e-07 0 	0 	-64486.7563619 	
-1.00831663327e-07 0 	0 	-64325.6515259 	
-1.00250501002e-07 0 	0 	-64172.5045799 	
-9.96693386774e-08 0 	0 	-64019.357634 	
-9.90881763527e-08 0 	0 	-63887.4000702 	
-9.85070140281e-08 0 	0 	-63763.3004513 	
-9.79258517034e-08 0 	0 	-63639.2008323 	
-9.73446893788e-08 0 	0 	-63529.9765157 	
-9.67635270541e-08 0 	0 	-63430.0145298 	
-9.61823647295e-08 0 	0 	-63330.0525438 	
-9.56012024048e-08 0 	0 	-63238.6635182 	
-9.50200400802e-08 0 	0 	-63158.6476741 	
-9.44388777555e-08 0 	0 	-63078.6318299 	
-9.38577154309e-08 0 	0 	-63001.37496 	
-9.32765531062e-08 0 	0 	-62937.7464673 	
-9.26953907816e-08 0 	0 	-62874.1179745 	
-9.21142284569e-08 0 	0 	-62810.4894818 	
-9.15330661323e-08 0 	0 	-62757.9709546 	
-9.09519038076e-08 0 	0 	-62707.7252314 	
-9.0370741483e-08 0 	0 	-62657.4795082 	
-8.97895791583e-08 0 	0 	-62611.7239515 	
-8.92084168337e-08 0 	0 	-62572.3390537 	
-8.8627254509e-08 0 	0 	-62532.954156 	
-8.80460921844e-08 0 	0 	-62493.5692582 	
-8.74649298597e-08 0 	0 	-62462.2079798 	
-8.68837675351e-08 0 	0 	-62431.5797514 	
-8.63026052104e-08 0 	0 	-62400.9515229 	
-8.57214428858e-08 0 	0 	-62372.6853108 	
-8.51402805611e-08 0 	0 	-62349.0690645 	
-8.45591182365e-08 0 	0 	-62325.4528181 	
-8.39779559118e-08 0 	0 	-62301.8365718 	
-8.33967935872e-08 0 	0 	-62281.9731403 	
-8.28156312625e-08 0 	0 	-62263.9315329 	
-8.22344689379e-08 0 	0 	-62245.8899255 	
-8.16533066132e-08 0 	0 	-62227.8483182 	
-8.10721442886e-08 0 	0 	-62213.8678199 	
-8.04909819639e-08 0 	0 	-62200.2245678 	
-7.99098196393e-08 0 	0 	-62186.5813156 	
-7.93286573146e-08 0 	0 	-62173.2314089 	
-7.874749499e-08 0 	0 	-62163.0305127 	
-7.81663326653e-08 0 	0 	-62152.8296165 	
-7.75851703407e-08 0 	0 	-62142.6287203 	
-7.7004008016e-08 0 	0 	-62132.8466137 	
-7.64228456914e-08 0 	0 	-62125.316674 	
-7.58416833667e-08 0 	0 	-62117.7867344 	
-7.52605210421e-08 0 	0 	-62110.2567947 	
-7.46793587174e-08 0 	0 	-62103.0059485 	
-7.40981963928e-08 0 	0 	-62097.5292015 	
-7.35170340681e-08 0 	0 	-62092.0524545 	
-7.29358717435e-08 0 	0 	-62086.5757075 	
-7.23547094188e-08 0 	0 	-62081.1309168 	
-7.17735470942e-08 0 	0 	-62077.2165179 	
-7.11923847695e-08 0 	0 	-62073.302119 	
-7.06112224449e-08 0 	0 	-62069.3877201 	
-7.00300601202e-08 0 	0 	-62065.4733212 	
-6.94488977956e-08 0 	0 	-62062.508914 	
-6.88677354709e-08 0 	0 	-62059.7700505 	
-6.82865731463e-08 0 	0 	-62057.0311871 	
-6.77054108216e-08 0 	0 	-62054.2923236 	
-6.7124248497e-08 0 	0 	-62051.9872749 	
-6.65430861723e-08 0 	0 	-62050.1218118 	
-6.59619238477e-08 0 	0 	-62048.2563487 	
-6.5380761523e-08 0 	0 	-62046.3908856 	
-6.47995991984e-08 0 	0 	-62044.5790235 	
-6.42184368737e-08 0 	0 	-62043.353153 	
-6.36372745491e-08 0 	0 	-62042.1272826 	
-6.30561122244e-08 0 	0 	-62040.9014122 	
-6.24749498998e-08 0 	0 	-62039.6755418 	
-6.18937875752e-08 0 	0 	-62038.7107908 	
-6.13126252505e-08 0 	0 	-62037.9453887 	
-6.07314629259e-08 0 	0 	-62037.1799867 	
-6.01503006012e-08 0 	0 	-62036.4145847 	
-5.95691382766e-08 0 	0 	-62035.6491827 	
-5.89879759519e-08 0 	0 	-62035.1903739 	
-5.84068136273e-08 0 	0 	-62034.7497325 	
-5.78256513026e-08 0 	0 	-62034.3090912 	
-5.7244488978e-08 0 	0 	-62033.8684498 	
-5.66633266533e-08 0 	0 	-62033.4751795 	
-5.60821643287e-08 0 	0 	-62033.2577133 	
-5.5501002004e-08 0 	0 	-62033.040247 	
-5.49198396794e-08 0 	0 	-62032.8227808 	
-5.43386773547e-08 0 	0 	-62032.6053145 	
-5.37575150301e-08 0 	0 	-62032.4425405 	
-5.31763527054e-08 0 	0 	-62032.3732448 	
-5.25951903808e-08 0 	0 	-62032.3039492 	
-5.20140280561e-08 0 	0 	-62032.2346535 	
-5.14328657315e-08 0 	0 	-62032.1653579 	
-5.08517034068e-08 0 	0 	-62032.1346594 	
-5.02705410822e-08 0 	0 	-62032.159044 	
-4.96893787575e-08 0 	0 	-62032.1834286 	
-4.91082164329e-08 0 	0 	-62032.2078132 	
-4.85270541082e-08 0 	0 	-62032.2321978 	
-4.79458917836e-08 0 	0 	-62032.2751317 	
-4.73647294589e-08 0 	0 	-62032.3543545 	
-4.67835671343e-08 0 	0 	-62032.4335772 	
-4.62024048096e-08 0 	0 	-62032.5128 	
-4.5621242485e-08 0 	0 	-62032.5920227 	
-4.50400801603e-08 0 	0 	-62032.675281 	
-4.44589178357e-08 0 	0 	-62032.7823133 	
-4.3877755511e-08 0 	0 	-62032.8893455 	
-4.32965931864e-08 0 	0 	-62032.9963778 	
-4.27154308617e-08 0 	0 	-62033.10341 	
-4.21342685371e-08 0 	0 	-62033.2104423 	
-4.15531062124e-08 0 	0 	-62033.3254207 	
-4.09719438878e-08 0 	0 	-62033.4420292 	
-4.03907815631e-08 0 	0 	-62033.5586377 	
-3.98096192385e-08 0 	0 	-62033.6752463 	
-3.92284569138e-08 0 	0 	-62033.7918548 	
-3.86472945892e-08 0 	0 	-62033.9076013 	
-3.80661322645e-08 0 	0 	-62034.0219957 	
-3.74849699399e-08 0 	0 	-62034.1363902 	
-3.69038076152e-08 0 	0 	-62034.2507846 	
-3.63226452906e-08 0 	0 	-62034.365179 	
-3.57414829659e-08 0 	0 	-62034.4795735 	
-3.51603206413e-08 0 	0 	-62034.5863124 	
-3.45791583166e-08 0 	0 	-62034.6913811 	
-3.3997995992e-08 0 	0 	-62034.7964499 	
-3.34168336673e-08 0 	0 	-62034.9015186 	
-3.28356713427e-08 0 	0 	-62035.0065874 	
-3.2254509018e-08 0 	0 	-62035.1100594 	
-3.16733466934e-08 0 	0 	-62035.2019798 	
-3.10921843687e-08 0 	0 	-62035.2939002 	
-3.05110220441e-08 0 	0 	-62035.3858207 	
-2.99298597194e-08 0 	0 	-62035.4777411 	
-2.93486973948e-08 0 	0 	-62035.5696616 	
-2.87675350701e-08 0 	0 	-62035.6573411 	
-2.81863727455e-08 0 	0 	-62035.7345293 	
-2.76052104208e-08 0 	0 	-62035.8117174 	
-2.70240480962e-08 0 	0 	-62035.8889056 	
-2.64428857715e-08 0 	0 	-62035.9660937 	
-2.58617234469e-08 0 	0 	-62036.0432819 	
-2.52805611222e-08 0 	0 	-62036.1157728 	
-2.46993987976e-08 0 	0 	-62036.1781436 	
-2.41182364729e-08 0 	0 	-62036.2405143 	
-2.35370741483e-08 0 	0 	-62036.3028851 	
-2.29559118236e-08 0 	0 	-62036.3652559 	
-2.2374749499e-08 0 	0 	-62036.4276266 	
-2.17935871743e-08 0 	0 	-62036.4871156 	
-2.12124248497e-08 0 	0 	-62036.5354735 	
-2.0631262525e-08 0 	0 	-62036.5838314 	
-2.00501002004e-08 0 	0 	-62036.6321893 	
-1.94689378758e-08 0 	0 	-62036.6805472 	
-1.88877755511e-08 0 	0 	-62036.7289051 	
-1.83066132265e-08 0 	0 	-62036.777263 	
-1.77254509018e-08 0 	0 	-62036.8135062 	
-1.71442885772e-08 0 	0 	-62036.8491184 	
-1.65631262525e-08 0 	0 	-62036.8847306 	
-1.59819639279e-08 0 	0 	-62036.9203428 	
-1.54008016032e-08 0 	0 	-62036.955955 	
-1.48196392786e-08 0 	0 	-62036.9915672 	
-1.42384769539e-08 0 	0 	-62037.0209679 	
-1.36573146293e-08 0 	0 	-62037.0452482 	
-1.30761523046e-08 0 	0 	-62037.0695286 	
-1.249498998e-08 0 	0 	-62037.093809 	
-1.19138276553e-08 0 	0 	-62037.1180893 	
-1.13326653307e-08 0 	0 	-62037.1423697 	
-1.0751503006e-08 0 	0 	-62037.16665 	
-1.01703406814e-08 0 	0 	-62037.18095 	
-9.58917835671e-09 0 	0 	-62037.1952013 	
-9.00801603206e-09 0 	0 	-62037.2094526 	
-8.42685370741e-09 0 	0 	-62037.2237038 	
-7.84569138277e-09 0 	0 	-62037.2379551 	
-7.26452905812e-09 0 	0 	-62037.2522063 	
-6.68336673347e-09 0 	0 	-62037.2638636 	
-6.10220440882e-09 0 	0 	-62037.2691059 	
-5.52104208417e-09 0 	0 	-62037.2743482 	
-4.93987975952e-09 0 	0 	-62037.2795906 	
-4.35871743487e-09 0 	0 	-62037.2848329 	
-3.77755511022e-09 0 	0 	-62037.2900753 	
-3.19639278557e-09 0 	0 	-62037.2953176 	
-2.61523046092e-09 0 	0 	-62037.2969927 	
-2.03406813627e-09 0 	0 	-62037.2938001 	
-1.45290581162e-09 0 	0 	-62037.2906075 	
-8.71743486974e-10 0 	0 	-62037.2874149 	
-2.90581162324e-10 0 	0 	-62037.2842223 	
2.90581162325e-10 0 	0 	-62037.2810297 	
8.71743486974e-10 0 	0 	-62037.2778371 	
1.45290581162e-09 0 	0 	-62037.2713143 	
2.03406813627e-09 0 	0 	-62037.2597194 	
2.61523046092e-09 0 	0 	-62037.2481246 	
3.19639278557e-09 0 	0 	-62037.2365297 	
3.77755511022e-09 0 	0 	-62037.2249348 	
4.35871743487e-09 0 	0 	-62037.21334 	
4.93987975952e-09 0 	0 	-62037.2017451 	
5.52104208417e-09 0 	0 	-62037.1883166 	
6.10220440882e-09 0 	0 	-62037.1677518 	
6.68336673347e-09 0 	0 	-62037.147187 	
7.26452905812e-09 0 	0 	-62037.1266222 	
7.84569138277e-09 0 	0 	-62037.1060574 	
8.42685370742e-09 0 	0 	-62037.0854926 	
9.00801603206e-09 0 	0 	-62037.0649278 	
9.58917835671e-09 0 	0 	-62037.044363 	
1.01703406814e-08 0 	0 	-62037.0152392 	
1.0751503006e-08 0 	0 	-62036.9845247 	
1.13326653307e-08 0 	0 	-62036.9538102 	
1.19138276553e-08 0 	0 	-62036.9230957 	
1.249498998e-08 0 	0 	-62036.8923813 	
1.30761523046e-08 0 	0 	-62036.8616668 	
1.36573146293e-08 0 	0 	-62036.8309523 	
1.42384769539e-08 0 	0 	-62036.7965901 	
1.48196392786e-08 0 	0 	-62036.7540676 	
1.54008016032e-08 0 	0 	-62036.711545 	
1.59819639279e-08 0 	0 	-62036.6690224 	
1.65631262525e-08 0 	0 	-62036.6264998 	
1.71442885772e-08 0 	0 	-62036.5839773 	
1.77254509018e-08 0 	0 	-62036.5414547 	
1.83066132265e-08 0 	0 	-62036.4989321 	
1.88877755511e-08 0 	0 	-62036.4482901 	
1.94689378758e-08 0 	0 	-62036.3921729 	
2.00501002004e-08 0 	0 	-62036.3360558 	
2.06312625251e-08 0 	0 	-62036.2799387 	
2.12124248497e-08 0 	0 	-62036.2238216 	
2.17935871743e-08 0 	0 	-62036.1677044 	
2.2374749499e-08 0 	0 	-62036.1115873 	
2.29559118236e-08 0 	0 	-62036.0554702 	
2.35370741483e-08 0 	0 	-62035.9889984 	
2.41182364729e-08 0 	0 	-62035.9181759 	
2.46993987976e-08 0 	0 	-62035.8473535 	
2.52805611222e-08 0 	0 	-62035.7765311 	
2.58617234469e-08 0 	0 	-62035.7057086 	
2.64428857715e-08 0 	0 	-62035.6348862 	
2.70240480962e-08 0 	0 	-62035.5640638 	
2.76052104208e-08 0 	0 	-62035.4932413 	
2.81863727455e-08 0 	0 	-62035.4140179 	
2.87675350701e-08 0 	0 	-62035.3297603 	
2.93486973948e-08 0 	0 	-62035.2455026 	
2.99298597194e-08 0 	0 	-62035.161245 	
3.05110220441e-08 0 	0 	-62035.0769874 	
3.10921843687e-08 0 	0 	-62034.9927297 	
3.16733466934e-08 0 	0 	-62034.9084721 	
3.2254509018e-08 0 	0 	-62034.8242145 	
3.28356713427e-08 0 	0 	-62034.7377063 	
3.34168336673e-08 0 	0 	-62034.6471332 	
3.3997995992e-08 0 	0 	-62034.55656 	
3.45791583166e-08 0 	0 	-62034.4659868 	
3.51603206413e-08 0 	0 	-62034.3754137 	
3.57414829659e-08 0 	0 	-62034.2848405 	
3.63226452906e-08 0 	0 	-62034.1942674 	
3.69038076152e-08 0 	0 	-62034.1036942 	
3.74849699399e-08 0 	0 	-62034.013121 	
3.80661322645e-08 0 	0 	-62033.9346969 	
3.86472945892e-08 0 	0 	-62033.8577314 	
3.92284569138e-08 0 	0 	-62033.7807659 	
3.98096192385e-08 0 	0 	-62033.7038003 	
4.03907815631e-08 0 	0 	-62033.6268348 	
4.09719438878e-08 0 	0 	-62033.5498693 	
4.15531062124e-08 0 	0 	-62033.4729037 	
4.21342685371e-08 0 	0 	-62033.3959382 	
4.27154308617e-08 0 	0 	-62033.3328363 	
4.32965931864e-08 0 	0 	-62033.316114 	
4.3877755511e-08 0 	0 	-62033.2993916 	
4.44589178357e-08 0 	0 	-62033.2826693 	
4.50400801603e-08 0 	0 	-62033.265947 	
4.5621242485e-08 0 	0 	-62033.2492246 	
4.62024048096e-08 0 	0 	-62033.2325023 	
4.67835671343e-08 0 	0 	-62033.2157799 	
4.73647294589e-08 0 	0 	-62033.1990576 	
4.79458917836e-08 0 	0 	-62033.2410197 	
4.85270541082e-08 0 	0 	-62033.3856955 	
4.91082164329e-08 0 	0 	-62033.5303713 	
4.96893787575e-08 0 	0 	-62033.675047 	
5.02705410822e-08 0 	0 	-62033.8197228 	
5.08517034068e-08 0 	0 	-62033.9643986 	
5.14328657315e-08 0 	0 	-62034.1090744 	
5.20140280561e-08 0 	0 	-62034.2537501 	
5.25951903808e-08 0 	0 	-62034.3984259 	
5.31763527054e-08 0 	0 	-62034.6506484 	
5.37575150301e-08 0 	0 	-62035.1681872 	
5.43386773547e-08 0 	0 	-62035.685726 	
5.49198396794e-08 0 	0 	-62036.2032647 	
5.5501002004e-08 0 	0 	-62036.7208035 	
5.60821643287e-08 0 	0 	-62037.2383423 	
5.66633266533e-08 0 	0 	-62037.755881 	
5.7244488978e-08 0 	0 	-62038.2734198 	
5.78256513026e-08 0 	0 	-62038.7909585 	
5.84068136273e-08 0 	0 	-62039.3084973 	
5.89879759519e-08 0 	0 	-62040.6330905 	
5.95691382766e-08 0 	0 	-62041.9579087 	
6.01503006012e-08 0 	0 	-62043.2827268 	
6.07314629259e-08 0 	0 	-62044.6075449 	
6.13126252505e-08 0 	0 	-62045.932363 	
6.18937875752e-08 0 	0 	-62047.2571812 	
6.24749498998e-08 0 	0 	-62048.5819993 	
6.30561122244e-08 0 	0 	-62049.9068174 	
6.36372745491e-08 0 	0 	-62051.2316355 	
6.42184368737e-08 0 	0 	-62053.3904751 	
6.47995991984e-08 0 	0 	-62056.4089618 	
6.5380761523e-08 0 	0 	-62059.4274485 	
6.59619238477e-08 0 	0 	-62062.4459352 	
6.65430861723e-08 0 	0 	-62065.4644219 	
6.7124248497e-08 0 	0 	-62068.4829086 	
6.77054108216e-08 0 	0 	-62071.5013953 	
6.82865731463e-08 0 	0 	-62074.519882 	
6.88677354709e-08 0 	0 	-62077.5383688 	
6.94488977956e-08 0 	0 	-62080.5568555 	
7.00300601202e-08 0 	0 	-62086.241482 	
7.06112224449e-08 0 	0 	-62092.7614497 	
7.11923847695e-08 0 	0 	-62099.2814173 	
7.17735470942e-08 0 	0 	-62105.801385 	
7.23547094188e-08 0 	0 	-62112.3213526 	
7.29358717435e-08 0 	0 	-62118.8413203 	
7.35170340681e-08 0 	0 	-62125.3612879 	
7.40981963928e-08 0 	0 	-62131.8812556 	
7.46793587174e-08 0 	0 	-62138.4012232 	
7.52605210421e-08 0 	0 	-62144.9211909 	
7.58416833667e-08 0 	0 	-62157.2127802 	
7.64228456914e-08 0 	0 	-62170.9342323 	
7.7004008016e-08 0 	0 	-62184.6556843 	
7.75851703407e-08 0 	0 	-62198.3771364 	
7.81663326653e-08 0 	0 	-62212.0985885 	
7.874749499e-08 0 	0 	-62225.8200406 	
7.93286573146e-08 0 	0 	-62239.5414927 	
7.99098196393e-08 0 	0 	-62253.2629448 	
8.04909819639e-08 0 	0 	-62266.9843969 	
8.10721442886e-08 0 	0 	-62280.705849 	
8.16533066132e-08 0 	0 	-62303.4244529 	
8.22344689379e-08 0 	0 	-62331.9658603 	
8.28156312625e-08 0 	0 	-62360.5072676 	
8.33967935872e-08 0 	0 	-62389.0486749 	
8.39779559118e-08 0 	0 	-62417.5900822 	
8.45591182365e-08 0 	0 	-62446.1314895 	
8.51402805611e-08 0 	0 	-62474.6728968 	
8.57214428858e-08 0 	0 	-62503.2143041 	
8.63026052104e-08 0 	0 	-62531.7557114 	
8.68837675351e-08 0 	0 	-62560.2971187 	
8.74649298597e-08 0 	0 	-62594.1329489 	
8.80460921844e-08 0 	0 	-62653.30242 	
8.8627254509e-08 0 	0 	-62712.4718911 	
8.92084168337e-08 0 	0 	-62771.6413623 	
8.97895791583e-08 0 	0 	-62830.8108334 	
9.0370741483e-08 0 	0 	-62889.9803046 	
9.09519038076e-08 0 	0 	-62949.1497757 	
9.15330661323e-08 0 	0 	-63008.3192469 	
9.21142284569e-08 0 	0 	-63067.488718 	
9.26953907816e-08 0 	0 	-63126.6581892 	
9.32765531062e-08 0 	0 	-63185.8276603 	
9.38577154309e-08 0 	0 	-63276.4182658 	
9.44388777555e-08 0 	0 	-63399.3095821 	
9.50200400802e-08 0 	0 	-63522.2008984 	
9.56012024048e-08 0 	0 	-63645.0922148 	
9.61823647295e-08 0 	0 	-63767.9835311 	
9.67635270541e-08 0 	0 	-63890.8748474 	
9.73446893788e-08 0 	0 	-64013.7661638 	
9.79258517034e-08 0 	0 	-64136.6574801 	
9.85070140281e-08 0 	0 	-64259.5487964 	
9.90881763527e-08 0 	0 	-64382.4401128 	
9.96693386774e-08 0 	0 	-64505.3314291 	
1.00250501002e-07 0 	0 	-64703.3551403 	
1.00831663327e-07 0 	0 	-64959.92708 	
1.01412825651e-07 0 	0 	-65216.4990198 	
1.01993987976e-07 0 	0 	-65473.0709596 	
1.02575150301e-07 0 	0 	-65729.6428994 	
1.03156312625e-07 0 	0 	-65986.2148392 	
1.0373747495e-07 0 	0 	-66242.7867789 	
1.04318637275e-07 0 	0 	-66499.3587187 	
1.04899799599e-07 0 	0 	-66755.9306585 	
1.05480961924e-07 0 	0 	-67012.5025983 	
1.06062124248e-07 0 	0 	-67269.0745381 	
1.06643286573e-07 0 	0 	-67631.4599297 	
1.07224448898e-07 0 	0 	-68171.1519253 	
1.07805611222e-07 0 	0 	-68710.8439209 	
1.08386773547e-07 0 	0 	-69250.5359165 	
1.08967935872e-07 0 	0 	-69790.2279121 	
1.09549098196e-07 0 	0 	-70329.9199077 	
1.10130260521e-07 0 	0 	-70869.6119033 	
1.10711422846e-07 0 	0 	-71409.3038989 	
1.1129258517e-07 0 	0 	-71948.9958944 	
1.11873747495e-07 0 	0 	-72488.68789 	
1.1245490982e-07 0 	0 	-73028.3798856 	
1.13036072144e-07 0 	0 	-73568.0718812 	
1.13617234469e-07 0 	0 	-74666.4928678 	
1.14198396794e-07 0 	0 	-75812.063167 	
1.14779559118e-07 0 	0 	-76957.6334662 	
1.15360721443e-07 0 	0 	-78103.2037654 	
1.15941883768e-07 0 	0 	-79248.7740646 	
1.16523046092e-07 0 	0 	-80394.3443638 	
1.17104208417e-07 0 	0 	-81539.914663 	
1.17685370741e-07 0 	0 	-82685.4849622 	
1.18266533066e-07 0 	0 	-83831.0552614 	
1.18847695391e-07 0 	0 	-84976.6255606 	
1.19428857715e-07 0 	0 	-86122.1958598 	
1.2001002004e-07 0 	0 	-87531.5078735 	
1.20591182365e-07 0 	0 	-89988.2282081 	
1.21172344689e-07 0 	0 	-92444.9485426 	
1.21753507014e-07 0 	0 	-94901.6688771 	
1.22334669339e-07 0 	0 	-97358.3892117 	
1.22915831663e-07 0 	0 	-99815.1095462 	
1.23496993988e-07 0 	0 	-102271.829881 	
1.24078156313e-07 0 	0 	-104728.550215 	
1.24659318637e-07 0 	0 	-107185.27055 	
1.25240480962e-07 0 	0 	-109641.990884 	
1.25821643287e-07 0 	0 	-112098.711219 	
1.26402805611e-07 0 	0 	-114555.431553 	
1.26983967936e-07 0 	0 	-117598.932707 	
1.27565130261e-07 0 	0 	-122927.553511 	
1.28146292585e-07 0 	0 	-128256.174315 	
1.2872745491e-07 0 	0 	-133584.795119 	
1.29308617234e-07 0 	0 	-138913.415923 	
1.29889779559e-07 0 	0 	-144242.036727 	
1.30470941884e-07 0 	0 	-149570.65753 	
1.31052104208e-07 0 	0 	-154899.278334 	
1.31633266533e-07 0 	0 	-160227.899138 	
1.32214428858e-07 0 	0 	-165556.519942 	
1.32795591182e-07 0 	0 	-170885.140746 	
1.33376753507e-07 0 	0 	-176213.76155 	
1.33957915832e-07 0 	0 	-181542.382354 	
1.34539078156e-07 0 	0 	-192772.688024 	
1.35120240481e-07 0 	0 	-204480.231862 	
1.35701402806e-07 0 	0 	-216187.775699 	
1.3628256513e-07 0 	0 	-227895.319536 	
1.36863727455e-07 0 	0 	-239602.863374 	
1.3744488978e-07 0 	0 	-251310.407211 	
1.38026052104e-07 0 	0 	-263017.951048 	
1.38607214429e-07 0 	0 	-274725.494886 	
1.39188376754e-07 0 	0 	-286433.038723 	
1.39769539078e-07 0 	0 	-298140.58256 	
1.40350701403e-07 0 	0 	-309848.126397 	
1.40931863727e-07 0 	0 	-321555.670235 	
1.41513026052e-07 0 	0 	-334811.034599 	
1.42094188377e-07 0 	0 	-350852.852733 	
1.42675350701e-07 0 	0 	-366894.670867 	
1.43256513026e-07 0 	0 	-382936.489 	
1.43837675351e-07 0 	0 	-398978.307134 	
1.44418837675e-07 0 	0 	-415020.125267 	
1.45e-07 0 	0 	-431061.943401 	
