-1.45e-07 0 	0 	-1971183.92499 	
-1.44418837675e-07 -7.00185031121e-13 	7.00185031121e-13 	-1850358.67271 	
-1.43837675351e-07 -1.33548871444e-12 	1.33548871444e-12 	-1733739.62613 	
-1.43256513026e-07 0 	0 	-1626772.36735 	
-1.42675350701e-07 -1.40309917236e-13 	1.40309917236e-13 	-1526723.14089 	
-1.42094188377e-07 -3.640425325e-12 	3.640425325e-12 	-1432092.73625 	
-1.41513026052e-07 0 	0 	-1343950.3556 	
-1.40931863727e-07 0 	0 	-1262563.65161 	
-1.40350701403e-07 0 	0 	-1184749.47634 	
-1.39769539078e-07 0 	0 	-1113052.02932 	
-1.39188376754e-07 0 	0 	-1045713.53864 	
-1.38607214429e-07 0 	0 	-981410.246649 	
-1.38026052104e-07 0 	0 	-923088.619785 	
-1.3744488978e-07 0 	0 	-866095.344138 	
-1.36863727455e-07 -9.82868378278e-14 	9.82868378278e-14 	-815028.291866 	
-1.3628256513e-07 -4.90535836617e-13 	4.90535836617e-13 	-765023.906302 	
-1.35701402806e-07 0 	0 	-719835.241609 	
-1.35120240481e-07 0 	0 	-675737.077152 	
-1.34539078156e-07 0 	0 	-635956.076453 	
-1.33957915832e-07 0 	0 	-596805.719594 	
-1.33376753507e-07 0 	0 	-561977.943929 	
-1.32795591182e-07 0 	0 	-527150.168264 	
-1.32214428858e-07 0 	0 	-496626.190574 	
-1.31633266533e-07 0 	0 	-466313.621717 	
-1.31052104208e-07 0 	0 	-438762.273368 	
-1.30470941884e-07 0 	0 	-412543.844483 	
-1.29889779559e-07 0 	0 	-387381.182922 	
-1.29308617234e-07 -3.28860292351e-14 	3.28860292351e-14 	-364853.620579 	
-1.2872745491e-07 -5.48312963571e-13 	5.48312963571e-13 	-342326.058235 	
-1.28146292585e-07 -2.42486323987e-13 	2.42486323987e-13 	-322386.623116 	
-1.27565130261e-07 -3.37002669368e-13 	3.37002669368e-13 	-303165.505636 	
-1.26983967936e-07 -7.53153034889e-13 	7.53153034889e-13 	-284412.21656 	
-1.26402805611e-07 -1.16867847155e-13 	1.16867847155e-13 	-268133.148248 	
-1.25821643287e-07 0 	0 	-251854.079937 	
-1.25240480962e-07 0 	0 	-236638.053824 	
-1.24659318637e-07 -2.32840883214e-15 	2.32840883214e-15 	-222957.853781 	
-1.24078156313e-07 -1.33058617742e-12 	1.33058617742e-12 	-209277.653739 	
-1.23496993988e-07 -1.20224796414e-12 	1.20224796414e-12 	-196797.409745 	
-1.22915831663e-07 0 	0 	-185395.218627 	
-1.22334669339e-07 0 	0 	-173993.027509 	
-1.21753507014e-07 0 	0 	-163592.521117 	
-1.21172344689e-07 0 	0 	-154170.739016 	
-1.20591182365e-07 0 	0 	-144748.956915 	
-1.2001002004e-07 0 	0 	-135906.603364 	
-1.19428857715e-07 0 	0 	-128191.585891 	
-1.18847695391e-07 0 	0 	-120476.568418 	
-1.18266533066e-07 0 	0 	-112791.926156 	
-1.17685370741e-07 0 	0 	-106534.383082 	
-1.17104208417e-07 -1.24717366756e-13 	1.24717366756e-13 	-100276.840008 	
-1.16523046092e-07 -5.11393699499e-13 	5.11393699499e-13 	-94019.2969346 	
-1.15941883768e-07 -4.64661432456e-13 	4.64661432456e-13 	-88430.468157 	
-1.15360721443e-07 -8.91752918241e-14 	8.91752918241e-14 	-83405.5282319 	
-1.14779559118e-07 -2.60628243868e-13 	2.60628243868e-13 	-78380.5883068 	
-1.14198396794e-07 -6.02432593361e-13 	6.02432593361e-13 	-73355.6483817 	
-1.13617234469e-07 -3.2287859999e-13 	3.2287859999e-13 	-69256.1371324 	
-1.13036072144e-07 -1.41950328914e-14 	1.41950328914e-14 	-65263.0626694 	
-1.1245490982e-07 -4.69263767434e-13 	4.69263767434e-13 	-61269.9882064 	
-1.11873747495e-07 -8.37231368196e-13 	8.37231368196e-13 	-57341.6720336 	
-1.1129258517e-07 -3.9181165925e-13 	3.9181165925e-13 	-54203.2263674 	
-1.10711422846e-07 0 	0 	-51064.7807012 	
-1.10130260521e-07 0 	0 	-47926.335035 	
-1.09549098196e-07 0 	0 	-44837.4818774 	
-1.08967935872e-07 0 	0 	-42398.970656 	
-1.08386773547e-07 0 	0 	-39960.4594345 	
-1.07805611222e-07 0 	0 	-37521.948213 	
-1.07224448898e-07 0 	0 	-35083.4369915 	
-1.06643286573e-07 0 	0 	-33139.6476211 	
-1.06062124248e-07 0 	0 	-31267.6702146 	
-1.05480961924e-07 0 	0 	-29395.6928082 	
-1.04899799599e-07 0 	0 	-27523.7154017 	
-1.04318637275e-07 0 	0 	-25866.2820835 	
-1.0373747495e-07 0 	0 	-24447.2414847 	
-1.03156312625e-07 -4.33329064084e-14 	4.33329064084e-14 	-23028.2008859 	
-1.02575150301e-07 -2.38339749807e-13 	2.38339749807e-13 	-21609.1602871 	
-1.01993987976e-07 -4.33346593205e-13 	4.33346593205e-13 	-20190.1196883 	
-1.01412825651e-07 -2.89225324043e-13 	2.89225324043e-13 	-19079.3694043 	
-1.00831663327e-07 -9.60684424422e-14 	9.60684424422e-14 	-18017.797404 	
-1.00250501002e-07 0 	0 	-16956.2254036 	
-9.96693386774e-08 0 	0 	-15894.6534033 	
-9.90881763527e-08 0 	0 	-14841.2414226 	
-9.85070140281e-08 0 	0 	-14058.000407 	
-9.79258517034e-08 0 	0 	-13274.7593914 	
-9.73446893788e-08 -1.76654982566e-13 	1.76654982566e-13 	-12491.5183759 	
-9.67635270541e-08 -4.94382609196e-13 	4.94382609196e-13 	-11708.2773603 	
-9.61823647295e-08 -8.12110235827e-13 	8.12110235827e-13 	-10925.0363448 	
-9.56012024048e-08 -5.14478370144e-13 	5.14478370144e-13 	-10347.698053 	
-9.50200400802e-08 -1.98585620752e-13 	1.98585620752e-13 	-9778.12153417 	
-9.44388777555e-08 -2.14453679367e-13 	2.14453679367e-13 	-9208.54501534 	
-9.38577154309e-08 -7.91949379568e-13 	7.91949379568e-13 	-8638.96849651 	
-9.32765531062e-08 -1.36944507977e-12 	1.36944507977e-12 	-8069.39197768 	
-9.26953907816e-08 -1.18598616115e-12 	1.18598616115e-12 	-7605.5561576 	
-9.21142284569e-08 -6.11030098251e-13 	6.11030098251e-13 	-7197.58743517 	
-9.15330661323e-08 -3.60740353559e-14 	3.60740353559e-14 	-6789.61871273 	
-9.09519038076e-08 -2.44259773022e-13 	2.44259773022e-13 	-6381.6499903 	
-9.0370741483e-08 -5.04870872008e-13 	5.04870872008e-13 	-5973.68126786 	
-8.97895791583e-08 -7.16472357809e-13 	7.16472357809e-13 	-5576.48223847 	
-8.92084168337e-08 -4.56719696956e-13 	4.56719696956e-13 	-5288.86486908 	
-8.8627254509e-08 -1.96967036104e-13 	1.96967036104e-13 	-5001.24749969 	
-8.80460921844e-08 -1.71981121358e-13 	1.71981121358e-13 	-4713.6301303 	
-8.74649298597e-08 -8.83490389096e-13 	8.83490389096e-13 	-4426.01276091 	
-8.68837675351e-08 -1.59499965683e-12 	1.59499965683e-12 	-4138.39539152 	
-8.63026052104e-08 -1.93619016061e-12 	1.93619016061e-12 	-3873.43449197 	
-8.57214428858e-08 -1.22640713573e-12 	1.22640713573e-12 	-3674.00014038 	
-8.51402805611e-08 -5.1662411084e-13 	5.1662411084e-13 	-3474.5657888 	
-8.45591182365e-08 0 	0 	-3275.13143721 	
-8.39779559118e-08 0 	0 	-3075.69708563 	
-8.33967935872e-08 0 	0 	-2876.26273404 	
-8.28156312625e-08 0 	0 	-2685.95949692 	
-8.22344689379e-08 0 	0 	-2550.04907114 	
-8.16533066132e-08 0 	0 	-2414.13864536 	
-8.10721442886e-08 0 	0 	-2278.22821958 	
-8.04909819639e-08 0 	0 	-2142.31779381 	
-7.99098196393e-08 0 	0 	-2006.40736803 	
-7.93286573146e-08 0 	0 	-1870.49694225 	
-7.874749499e-08 0 	0 	-1767.69216938 	
-7.81663326653e-08 0 	0 	-1676.7356251 	
-7.75851703407e-08 0 	0 	-1585.77908082 	
-7.7004008016e-08 -4.05804083084e-14 	4.05804083084e-14 	-1494.82253654 	
-7.64228456914e-08 -1.29276107305e-13 	1.29276107305e-13 	-1403.86599226 	
-7.58416833667e-08 -2.17971806301e-13 	2.17971806301e-13 	-1312.90944798 	
-7.52605210421e-08 -3.0270310246e-13 	3.0270310246e-13 	-1222.60407288 	
-7.46793587174e-08 -2.1408504463e-13 	2.1408504463e-13 	-1162.8737327 	
-7.40981963928e-08 -1.254669868e-13 	1.254669868e-13 	-1103.14339253 	
-7.35170340681e-08 -3.684892897e-14 	3.684892897e-14 	-1043.41305235 	
-7.29358717435e-08 -4.81605936759e-14 	4.81605936759e-14 	-983.682712175 	
-7.23547094188e-08 -1.30601584465e-13 	1.30601584465e-13 	-923.952371999 	
-7.17735470942e-08 -2.13042575254e-13 	2.13042575254e-13 	-864.222031823 	
-7.11923847695e-08 -2.95483566042e-13 	2.95483566042e-13 	-804.491691648 	
-7.06112224449e-08 -2.15853405765e-13 	2.15853405765e-13 	-765.654634836 	
-7.00300601202e-08 -1.33462104312e-13 	1.33462104312e-13 	-727.197020874 	
-6.94488977956e-08 -5.10708028597e-14 	5.10708028597e-14 	-688.739406912 	
-6.88677354709e-08 0 	0 	-650.28179295 	
-6.82865731463e-08 0 	0 	-611.824178988 	
-6.77054108216e-08 0 	0 	-573.366565025 	
-6.7124248497e-08 0 	0 	-534.908951063 	
-6.65430861723e-08 0 	0 	-505.039875542 	
-6.59619238477e-08 0 	0 	-480.782437962 	
-6.5380761523e-08 0 	0 	-456.525000382 	
-6.47995991984e-08 0 	0 	-432.267562802 	
-6.42184368737e-08 -1.12120904341e-13 	1.12120904341e-13 	-408.010125222 	
-6.36372745491e-08 -2.4728857049e-13 	2.4728857049e-13 	-383.752687642 	
-6.30561122244e-08 -3.82456236639e-13 	3.82456236639e-13 	-359.495250062 	
-6.24749498998e-08 -5.17623902787e-13 	5.17623902787e-13 	-335.237812482 	
-6.18937875752e-08 -4.1680216028e-13 	4.1680216028e-13 	-319.077106563 	
-6.13126252505e-08 -2.81671521048e-13 	2.81671521048e-13 	-304.099290712 	
-6.07314629259e-08 -1.46540881816e-13 	1.46540881816e-13 	-289.121474861 	
-6.01503006012e-08 -1.14102425836e-14 	1.14102425836e-14 	-274.143659009 	
-5.95691382766e-08 0 	0 	-259.165843158 	
-5.89879759519e-08 0 	0 	-244.188027306 	
-5.84068136273e-08 0 	0 	-229.210211455 	
-5.78256513026e-08 0 	0 	-214.232395603 	
-5.7244488978e-08 0 	0 	-203.810730616 	
-5.66633266533e-08 0 	0 	-194.763761735 	
-5.60821643287e-08 0 	0 	-185.716792853 	
-5.5501002004e-08 0 	0 	-176.669823972 	
-5.49198396794e-08 0 	0 	-167.62285509 	
-5.43386773547e-08 0 	0 	-158.575886209 	
-5.37575150301e-08 0 	0 	-149.528917327 	
-5.31763527054e-08 0 	0 	-140.481948446 	
-5.25951903808e-08 0 	0 	-132.449660485 	
-5.20140280561e-08 0 	0 	-127.106274306 	
-5.14328657315e-08 0 	0 	-121.762888127 	
-5.08517034068e-08 0 	0 	-116.419501948 	
-5.02705410822e-08 0 	0 	-111.07611577 	
-4.96893787575e-08 -9.33430774519e-14 	9.33430774519e-14 	-105.732729591 	
-4.91082164329e-08 -1.94027893859e-13 	1.94027893859e-13 	-100.389343412 	
-4.85270541082e-08 -2.94712710267e-13 	2.94712710267e-13 	-95.0459572332 	
-4.79458917836e-08 -3.95397526674e-13 	3.95397526674e-13 	-89.7025710544 	
-4.73647294589e-08 -4.21329845596e-13 	4.21329845596e-13 	-85.1967771876 	
-4.67835671343e-08 -3.20653291906e-13 	3.20653291906e-13 	-82.1107565849 	
-4.62024048096e-08 -2.19976738216e-13 	2.19976738216e-13 	-79.0247359821 	
-4.5621242485e-08 -1.19300184527e-13 	1.19300184527e-13 	-75.9387153794 	
-4.50400801603e-08 -1.86236308372e-14 	1.86236308372e-14 	-72.8526947767 	
-4.44589178357e-08 0 	0 	-69.7666741739 	
-4.3877755511e-08 0 	0 	-66.6806535712 	
-4.32965931864e-08 0 	0 	-63.5946329684 	
-4.27154308617e-08 0 	0 	-60.5086123657 	
-4.21342685371e-08 0 	0 	-57.4759537982 	
-4.15531062124e-08 0 	0 	-55.7314701204 	
-4.09719438878e-08 0 	0 	-53.9869864426 	
-4.03907815631e-08 0 	0 	-52.2425027648 	
-3.98096192385e-08 0 	0 	-50.498019087 	
-3.92284569138e-08 0 	0 	-48.7535354092 	
-3.86472945892e-08 0 	0 	-47.0090517314 	
-3.80661322645e-08 0 	0 	-45.2645680536 	
-3.74849699399e-08 0 	0 	-43.5200843758 	
-3.69038076152e-08 0 	0 	-41.775600698 	
-3.63226452906e-08 0 	0 	-40.232672429 	
-3.57414829659e-08 0 	0 	-39.2647510999 	
-3.51603206413e-08 0 	0 	-38.2968297707 	
-3.45791583166e-08 0 	0 	-37.3289084415 	
-3.3997995992e-08 0 	0 	-36.3609871123 	
-3.34168336673e-08 -9.66480474224e-15 	9.66480474224e-15 	-35.3930657832 	
-3.28356713427e-08 -4.76317861285e-14 	4.76317861285e-14 	-34.425144454 	
-3.2254509018e-08 -8.55987675148e-14 	8.55987675148e-14 	-33.4572231248 	
-3.16733466934e-08 -1.23565748901e-13 	1.23565748901e-13 	-32.4893017956 	
-3.10921843687e-08 -1.61532730287e-13 	1.61532730287e-13 	-31.5213804664 	
-3.05110220441e-08 -1.98827690963e-13 	1.98827690963e-13 	-30.5572922394 	
-2.99298597194e-08 -1.60861982346e-13 	1.60861982346e-13 	-30.0268254447 	
-2.93486973948e-08 -1.2289627373e-13 	1.2289627373e-13 	-29.49635865 	
-2.87675350701e-08 -8.49305651136e-14 	8.49305651136e-14 	-28.9658918553 	
-2.81863727455e-08 -4.69648564972e-14 	4.69648564972e-14 	-28.4354250605 	
-2.76052104208e-08 -8.99914788081e-15 	8.99914788081e-15 	-27.9049582658 	
-2.70240480962e-08 -1.0547282984e-13 	1.0547282984e-13 	-27.3744914711 	
-2.64428857715e-08 -2.43713291357e-13 	2.43713291357e-13 	-26.8440246764 	
-2.58617234469e-08 -3.81953752874e-13 	3.81953752874e-13 	-26.3135578817 	
-2.52805611222e-08 -5.20194214391e-13 	5.20194214391e-13 	-25.783091087 	
-2.46993987976e-08 -6.58434675908e-13 	6.58434675908e-13 	-25.2526242922 	
-2.41182364729e-08 -7.2344813388e-13 	7.2344813388e-13 	-24.7856358858 	
-2.35370741483e-08 -5.85211627179e-13 	5.85211627179e-13 	-24.4949102315 	
-2.29559118236e-08 -4.46975120478e-13 	4.46975120478e-13 	-24.2041845771 	
-2.2374749499e-08 -3.08738613777e-13 	3.08738613777e-13 	-23.9134589228 	
-2.17935871743e-08 -1.70502107076e-13 	1.70502107076e-13 	-23.6227332685 	
-2.12124248497e-08 -3.22656003754e-14 	3.22656003754e-14 	-23.3320076142 	
-2.0631262525e-08 0 	0 	-23.0412819599 	
-2.00501002004e-08 0 	0 	-22.7505563055 	
-1.94689378758e-08 0 	0 	-22.4598306512 	
-1.88877755511e-08 0 	0 	-22.1691049969 	
-1.83066132265e-08 0 	0 	-21.8783793426 	
-1.77254509018e-08 0 	0 	-21.5881493281 	
-1.71442885772e-08 0 	0 	-21.4255377734 	
-1.65631262525e-08 0 	0 	-21.2629262186 	
-1.59819639279e-08 0 	0 	-21.1003146639 	
-1.54008016032e-08 0 	0 	-20.9377031091 	
-1.48196392786e-08 0 	0 	-20.7750915544 	
-1.42384769539e-08 -1.38111272115e-14 	1.38111272115e-14 	-20.6124799997 	
-1.36573146293e-08 -7.10839760906e-14 	7.10839760906e-14 	-20.4498684449 	
-1.30761523046e-08 -1.2835682497e-13 	1.2835682497e-13 	-20.2872568902 	
-1.249498998e-08 -1.85629673849e-13 	1.85629673849e-13 	-20.1246453354 	
-1.19138276553e-08 -2.42902522728e-13 	2.42902522728e-13 	-19.9620337807 	
-1.13326653307e-08 -3.00175371607e-13 	3.00175371607e-13 	-19.799422226 	
-1.0751503006e-08 -3.34397778036e-13 	3.34397778036e-13 	-19.6504226807 	
-1.01703406814e-08 -2.77126354776e-13 	2.77126354776e-13 	-19.5554783903 	
-9.58917835671e-09 -2.19854931515e-13 	2.19854931515e-13 	-19.4605340998 	
-9.00801603206e-09 -1.62583508254e-13 	1.62583508254e-13 	-19.3655898094 	
-8.42685370741e-09 -1.05312084994e-13 	1.05312084994e-13 	-19.2706455189 	
-7.84569138277e-09 -4.80406617331e-14 	4.80406617331e-14 	-19.1757012285 	
-7.26452905812e-09 -8.40274539999e-15 	8.40274539999e-15 	-19.080756938 	
-6.68336673347e-09 -6.0536817645e-14 	6.0536817645e-14 	-18.9858126476 	
-6.10220440882e-09 -1.1267088989e-13 	1.1267088989e-13 	-18.8908683571 	
-5.52104208417e-09 -1.64804962135e-13 	1.64804962135e-13 	-18.7959240667 	
-4.93987975952e-09 -2.1693903438e-13 	2.1693903438e-13 	-18.7009797762 	
-4.35871743487e-09 -2.69073106625e-13 	2.69073106625e-13 	-18.6060354858 	
-3.77755511022e-09 -3.2120717887e-13 	3.2120717887e-13 	-18.5110911953 	
-3.19639278557e-09 -2.86730443206e-13 	2.86730443206e-13 	-18.4467890638 	
-2.61523046092e-09 -2.3459763535e-13 	2.3459763535e-13 	-18.3887369081 	
-2.03406813627e-09 -1.82464827495e-13 	1.82464827495e-13 	-18.3306847525 	
-1.45290581162e-09 -1.30332019639e-13 	1.30332019639e-13 	-18.2726325969 	
-8.71743486974e-10 -7.81992117835e-14 	7.81992117835e-14 	-18.2145804412 	
-2.90581162324e-10 -2.60664039278e-14 	2.60664039278e-14 	-18.1565282856 	
2.90581162325e-10 0 	0 	-18.09847613 	
8.71743486974e-10 0 	0 	-18.0404239744 	
1.45290581162e-09 0 	0 	-17.9823718187 	
2.03406813627e-09 0 	0 	-17.9243196631 	
2.61523046092e-09 0 	0 	-17.8662675075 	
3.19639278557e-09 0 	0 	-17.8082153518 	
3.77755511022e-09 0 	0 	-17.754426223 	
4.35871743487e-09 0 	0 	-17.7215377097 	
4.93987975952e-09 0 	0 	-17.6886491964 	
5.52104208417e-09 0 	0 	-17.6557606831 	
6.10220440882e-09 0 	0 	-17.6228721698 	
6.68336673347e-09 0 	0 	-17.5899836565 	
7.26452905812e-09 0 	0 	-17.5570951432 	
7.84569138277e-09 -2.41076673647e-13 	2.41076673647e-13 	-17.5242066299 	
8.42685370742e-09 -5.28474967438e-13 	5.28474967438e-13 	-17.4913181166 	
9.00801603206e-09 -8.15873261229e-13 	8.15873261229e-13 	-17.4584296033 	
9.58917835671e-09 -1.10327155502e-12 	1.10327155502e-12 	-17.42554109 	
1.01703406814e-08 -1.39066984881e-12 	1.39066984881e-12 	-17.3926525767 	
1.0751503006e-08 -1.6780681426e-12 	1.6780681426e-12 	-17.3597640634 	
1.13326653307e-08 -1.50626334691e-12 	1.50626334691e-12 	-17.3485632129 	
1.19138276553e-08 -1.21887137142e-12 	1.21887137142e-12 	-17.3428236757 	
1.249498998e-08 -9.31479395927e-13 	9.31479395927e-13 	-17.3370841384 	
1.30761523046e-08 -6.44087420438e-13 	6.44087420438e-13 	-17.3313446011 	
1.36573146293e-08 -3.56695444948e-13 	3.56695444948e-13 	-17.3256050638 	
1.42384769539e-08 -6.93034694578e-14 	6.93034694578e-14 	-17.3198655265 	
1.48196392786e-08 0 	0 	-17.3141259893 	
1.54008016032e-08 0 	0 	-17.308386452 	
1.59819639279e-08 0 	0 	-17.3026469147 	
1.65631262525e-08 0 	0 	-17.2969073774 	
1.71442885772e-08 0 	0 	-17.2911678401 	
1.77254509018e-08 0 	0 	-17.2854283029 	
1.83066132265e-08 0 	0 	-17.3216799685 	
1.88877755511e-08 0 	0 	-17.3580947181 	
1.94689378758e-08 0 	0 	-17.3945094676 	
2.00501002004e-08 0 	0 	-17.4309242172 	
2.06312625251e-08 0 	0 	-17.4673389668 	
2.12124248497e-08 0 	0 	-17.5037537163 	
2.17935871743e-08 0 	0 	-17.5401684659 	
2.2374749499e-08 0 	0 	-17.5765832154 	
2.29559118236e-08 0 	0 	-17.612997965 	
2.35370741483e-08 0 	0 	-17.6494127145 	
2.41182364729e-08 0 	0 	-17.6858274641 	
2.46993987976e-08 0 	0 	-17.7771568284 	
2.52805611222e-08 0 	0 	-17.8882628683 	
2.58617234469e-08 0 	0 	-17.9993689081 	
2.64428857715e-08 0 	0 	-18.1104749479 	
2.70240480962e-08 0 	0 	-18.2215809877 	
2.76052104208e-08 -8.99743480849e-15 	8.99743480849e-15 	-18.3326870275 	
2.81863727455e-08 -4.69559162956e-14 	4.69559162956e-14 	-18.4437930673 	
2.87675350701e-08 -8.49143977827e-14 	8.49143977827e-14 	-18.5548991071 	
2.93486973948e-08 -1.2287287927e-13 	1.2287287927e-13 	-18.666005147 	
2.99298597194e-08 -1.60831360757e-13 	1.60831360757e-13 	-18.7771111868 	
3.05110220441e-08 -1.98789842244e-13 	1.98789842244e-13 	-18.8882172266 	
3.10921843687e-08 -1.61493214305e-13 	1.61493214305e-13 	-19.1325247567 	
3.16733466934e-08 -1.23535520835e-13 	1.23535520835e-13 	-19.3780097538 	
3.2254509018e-08 -8.55778273659e-14 	8.55778273659e-14 	-19.6234947508 	
3.28356713427e-08 -4.76201338965e-14 	4.76201338965e-14 	-19.8689797479 	
3.34168336673e-08 -9.66244042721e-15 	9.66244042721e-15 	-20.114464745 	
3.3997995992e-08 0 	0 	-20.3599497421 	
3.45791583166e-08 0 	0 	-20.6054347391 	
3.51603206413e-08 0 	0 	-20.8509197362 	
3.57414829659e-08 0 	0 	-21.0964047333 	
3.63226452906e-08 0 	0 	-21.3418897304 	
3.69038076152e-08 0 	0 	-21.7633603002 	
3.74849699399e-08 0 	0 	-22.2465185499 	
3.80661322645e-08 0 	0 	-22.7296767995 	
3.86472945892e-08 0 	0 	-23.2128350492 	
3.92284569138e-08 0 	0 	-23.6959932989 	
3.98096192385e-08 0 	0 	-24.1791515486 	
4.03907815631e-08 0 	0 	-24.6623097983 	
4.09719438878e-08 0 	0 	-25.145468048 	
4.15531062124e-08 0 	0 	-25.6286262977 	
4.21342685371e-08 0 	0 	-26.1117845474 	
4.27154308617e-08 0 	0 	-26.9888219881 	
4.32965931864e-08 0 	0 	-27.8821756878 	
4.3877755511e-08 0 	0 	-28.7755293876 	
4.44589178357e-08 0 	0 	-29.6688830874 	
4.50400801603e-08 -9.35988563232e-14 	9.35988563232e-14 	-30.5622367872 	
4.5621242485e-08 -5.99580228391e-13 	5.99580228391e-13 	-31.455590487 	
4.62024048096e-08 -1.10556160046e-12 	1.10556160046e-12 	-32.3489441868 	
4.67835671343e-08 -1.61154297253e-12 	1.61154297253e-12 	-33.2422978866 	
4.73647294589e-08 -2.11752434459e-12 	2.11752434459e-12 	-34.1356515864 	
4.79458917836e-08 -1.98696510994e-12 	1.98696510994e-12 	-35.4630212058 	
4.85270541082e-08 -1.48100034333e-12 	1.48100034333e-12 	-37.0464376229 	
4.91082164329e-08 -9.7503557672e-13 	9.7503557672e-13 	-38.62985404 	
4.96893787575e-08 -4.69070810108e-13 	4.69070810108e-13 	-40.213270457 	
5.02705410822e-08 -4.0305540329e-15 	4.0305540329e-15 	-41.7966868741 	
5.08517034068e-08 -5.93056864342e-14 	5.93056864342e-14 	-43.3801032912 	
5.14328657315e-08 -1.14580818836e-13 	1.14580818836e-13 	-44.9635197083 	
5.20140280561e-08 -1.69855951237e-13 	1.69855951237e-13 	-46.5469361254 	
5.25951903808e-08 -2.25131083638e-13 	2.25131083638e-13 	-48.1303525424 	
5.31763527054e-08 -2.00134892305e-13 	2.00134892305e-13 	-50.5357158765 	
5.37575150301e-08 -1.44862197014e-13 	1.44862197014e-13 	-53.2512481649 	
5.43386773547e-08 -8.95895017233e-14 	8.95895017233e-14 	-55.9667804534 	
5.49198396794e-08 -3.43168064323e-14 	3.43168064323e-14 	-58.6823127419 	
5.5501002004e-08 0 	0 	-61.3978450304 	
5.60821643287e-08 0 	0 	-64.1133773188 	
5.66633266533e-08 0 	0 	-66.8289096073 	
5.7244488978e-08 0 	0 	-69.5444418958 	
5.78256513026e-08 0 	0 	-72.6801956837 	
5.84068136273e-08 0 	0 	-77.2086882307 	
5.89879759519e-08 0 	0 	-81.7371807777 	
5.95691382766e-08 0 	0 	-86.2656733247 	
6.01503006012e-08 0 	0 	-90.7941658716 	
6.07314629259e-08 0 	0 	-95.3226584186 	
6.13126252505e-08 0 	0 	-99.8511509656 	
6.18937875752e-08 0 	0 	-104.379643513 	
6.24749498998e-08 0 	0 	-109.269730932 	
6.30561122244e-08 0 	0 	-116.634889145 	
6.36372745491e-08 0 	0 	-124.000047357 	
6.42184368737e-08 0 	0 	-131.365205569 	
6.47995991984e-08 0 	0 	-138.730363781 	
6.5380761523e-08 0 	0 	-146.095521993 	
6.59619238477e-08 0 	0 	-153.460680205 	
6.65430861723e-08 0 	0 	-160.825838417 	
6.7124248497e-08 0 	0 	-169.906428596 	
6.77054108216e-08 0 	0 	-181.612464953 	
6.82865731463e-08 0 	0 	-193.318501311 	
6.88677354709e-08 0 	0 	-205.024537668 	
6.94488977956e-08 0 	0 	-216.730574026 	
7.00300601202e-08 0 	0 	-228.436610383 	
7.06112224449e-08 0 	0 	-240.142646741 	
7.11923847695e-08 0 	0 	-251.964677062 	
7.17735470942e-08 0 	0 	-270.173689677 	
7.23547094188e-08 0 	0 	-288.382702292 	
7.29358717435e-08 0 	0 	-306.591714907 	
7.35170340681e-08 0 	0 	-324.800727522 	
7.40981963928e-08 0 	0 	-343.009740137 	
7.46793587174e-08 0 	0 	-361.218752752 	
7.52605210421e-08 0 	0 	-379.427765366 	
7.58416833667e-08 0 	0 	-406.983528558 	
7.64228456914e-08 0 	0 	-434.738353369 	
7.7004008016e-08 0 	0 	-462.493178179 	
7.75851703407e-08 -1.0636946447e-13 	1.0636946447e-13 	-490.248002989 	
7.81663326653e-08 -3.02450873687e-13 	3.02450873687e-13 	-518.002827799 	
7.874749499e-08 -4.98532282905e-13 	4.98532282905e-13 	-545.75765261 	
7.93286573146e-08 -5.91024291411e-13 	5.91024291411e-13 	-577.134505948 	
7.99098196393e-08 -3.95018948632e-13 	3.95018948632e-13 	-618.63182737 	
8.04909819639e-08 -1.99013605854e-13 	1.99013605854e-13 	-660.129148791 	
8.10721442886e-08 -3.00826307511e-15 	3.00826307511e-15 	-701.626470212 	
8.16533066132e-08 0 	0 	-743.123791634 	
8.22344689379e-08 0 	0 	-784.621113055 	
8.28156312625e-08 0 	0 	-826.118434476 	
8.33967935872e-08 0 	0 	-884.243960564 	
8.39779559118e-08 0 	0 	-945.160922439 	
8.45591182365e-08 0 	0 	-1006.07788431 	
8.51402805611e-08 0 	0 	-1066.99484619 	
8.57214428858e-08 0 	0 	-1127.91180806 	
8.63026052104e-08 0 	0 	-1188.82876994 	
8.68837675351e-08 0 	0 	-1269.77788705 	
8.74649298597e-08 0 	0 	-1357.65332539 	
8.80460921844e-08 0 	0 	-1445.52876374 	
8.8627254509e-08 -9.74173692382e-14 	9.74173692382e-14 	-1533.40420209 	
8.92084168337e-08 -2.25887703023e-13 	2.25887703023e-13 	-1621.27964043 	
8.97895791583e-08 -3.54358036807e-13 	3.54358036807e-13 	-1709.15507878 	
9.0370741483e-08 -2.48625298959e-13 	2.48625298959e-13 	-1830.53141174 	
9.09519038076e-08 -1.20286517718e-13 	1.20286517718e-13 	-1955.20021491 	
9.15330661323e-08 0 	0 	-2079.86901808 	
9.21142284569e-08 0 	0 	-2204.53782126 	
9.26953907816e-08 0 	0 	-2329.20662443 	
9.32765531062e-08 0 	0 	-2470.95530836 	
9.38577154309e-08 0 	0 	-2645.03140148 	
9.44388777555e-08 0 	0 	-2819.10749461 	
9.50200400802e-08 -1.4584552324e-13 	1.4584552324e-13 	-2993.18358773 	
9.56012024048e-08 -3.77843908361e-13 	3.77843908361e-13 	-3167.25968085 	
9.61823647295e-08 -5.91910161911e-13 	5.91910161911e-13 	-3343.70879871 	
9.67635270541e-08 -3.60332966321e-13 	3.60332966321e-13 	-3583.10903118 	
9.73446893788e-08 -1.28755770731e-13 	1.28755770731e-13 	-3822.50926366 	
9.79258517034e-08 0 	0 	-4061.90949613 	
9.85070140281e-08 0 	0 	-4301.3097286 	
9.90881763527e-08 0 	0 	-4540.70996108 	
9.96693386774e-08 0 	0 	-4862.71309327 	
1.00250501002e-07 0 	0 	-5187.2110949 	
1.00831663327e-07 -9.24439915308e-14 	9.24439915308e-14 	-5511.70909653 	
1.01412825651e-07 -2.78313489077e-13 	2.78313489077e-13 	-5836.20709816 	
1.01993987976e-07 -4.11783988837e-13 	4.11783988837e-13 	-6175.74164158 	
1.02575150301e-07 -2.26480361015e-13 	2.26480361015e-13 	-6609.53771386 	
1.03156312625e-07 -4.11767331935e-14 	4.11767331935e-14 	-7043.33378614 	
1.0373747495e-07 -7.91646617513e-14 	7.91646617513e-14 	-7477.12985842 	
1.04318637275e-07 -1.80946491268e-13 	1.80946491268e-13 	-7910.9259307 	
1.04899799599e-07 -1.74908330756e-13 	1.74908330756e-13 	-8417.61535087 	
1.05480961924e-07 -7.35200985301e-14 	7.35200985301e-14 	-8989.90592233 	
1.06062124248e-07 -6.12285827839e-14 	6.12285827839e-14 	-9562.1964938 	
1.06643286573e-07 -2.8398687144e-13 	2.8398687144e-13 	-10134.4870653 	
1.07224448898e-07 -4.48087507657e-13 	4.48087507657e-13 	-10728.7366786 	
1.07805611222e-07 -2.26410394131e-13 	2.26410394131e-13 	-11474.2649541 	
1.08386773547e-07 -4.73328060534e-15 	4.73328060534e-15 	-12219.7932296 	
1.08967935872e-07 -2.35342823097e-13 	2.35342823097e-13 	-12965.321505 	
1.09549098196e-07 -4.75820355972e-13 	4.75820355972e-13 	-13710.8497805 	
1.10130260521e-07 -2.67797093023e-13 	2.67797093023e-13 	-14655.2527437 	
1.10711422846e-07 -2.87680988133e-14 	2.87680988133e-14 	-15614.8211054 	
1.1129258517e-07 -3.50855889972e-13 	3.50855889972e-13 	-16574.3894672 	
1.11873747495e-07 -7.49716221726e-13 	7.49716221726e-13 	-17533.957829 	
1.1245490982e-07 -4.08259529926e-13 	4.08259529926e-13 	-18735.0784825 	
1.13036072144e-07 -1.23496801961e-14 	1.23496801961e-14 	-19956.0030322 	
1.13617234469e-07 -1.40452208974e-13 	1.40452208974e-13 	-21176.9275818 	
1.14198396794e-07 -2.53219933056e-13 	2.53219933056e-13 	-22430.4025042 	
1.14779559118e-07 -1.09549627945e-13 	1.09549627945e-13 	-23966.8909357 	
1.15360721443e-07 -3.74829676795e-14 	3.74829676795e-14 	-25503.3793671 	
1.15941883768e-07 -1.95310708811e-13 	1.95310708811e-13 	-27039.8677986 	
1.16523046092e-07 -2.064703514e-13 	2.064703514e-13 	-28748.8013467 	
1.17104208417e-07 -5.03534528582e-14 	5.03534528582e-14 	-30662.2371019 	
1.17685370741e-07 0 	0 	-32575.6728571 	
1.18266533066e-07 0 	0 	-34489.1086123 	
1.18847695391e-07 0 	0 	-36838.9383973 	
1.19428857715e-07 0 	0 	-39198.0566471 	
1.2001002004e-07 0 	0 	-41557.1748969 	
1.20591182365e-07 0 	0 	-44260.964776 	
1.21172344689e-07 -1.61586272252e-14 	1.61586272252e-14 	-47141.9090867 	
1.21753507014e-07 -4.18452048149e-13 	4.18452048149e-13 	-50022.8533974 	
1.22334669339e-07 -4.15460629086e-13 	4.15460629086e-13 	-53202.9428698 	
1.22915831663e-07 -2.0445980472e-14 	2.0445980472e-14 	-56689.1953157 	
1.23496993988e-07 0 	0 	-60175.4477616 	
1.24078156313e-07 0 	0 	-63991.0441724 	
1.24659318637e-07 0 	0 	-68173.2258333 	
1.25240480962e-07 -1.40135726583e-12 	1.40135726583e-12 	-72355.4074942 	
1.25821643287e-07 -1.11771613949e-12 	1.11771613949e-12 	-77006.4336834 	
1.26402805611e-07 0 	0 	-81981.9767742 	
1.26983967936e-07 0 	0 	-86957.5198651 	
1.27565130261e-07 0 	0 	-92687.5565113 	
1.28146292585e-07 -1.32924109478e-13 	1.32924109478e-13 	-98560.2536353 	
1.2872745491e-07 -2.74409833787e-13 	2.74409833787e-13 	-104651.663337 	
1.29308617234e-07 -1.64582098469e-14 	1.64582098469e-14 	-111531.103219 	
1.29889779559e-07 0 	0 	-118410.543101 	
1.30470941884e-07 0 	0 	-126090.652733 	
1.31052104208e-07 0 	0 	-134091.555204 	
1.31633266533e-07 0 	0 	-142496.344935 	
1.32214428858e-07 0 	0 	-151737.810712 	
1.32795591182e-07 0 	0 	-161043.104849 	
1.33376753507e-07 0 	0 	-171647.797712 	
1.33957915832e-07 0 	0 	-182252.490576 	
1.34539078156e-07 0 	0 	-194156.24408 	
1.35120240481e-07 -2.75658394137e-13 	2.75658394137e-13 	-206249.524295 	
1.35701402806e-07 -6.8049327326e-14 	6.8049327326e-14 	-219632.723593 	
1.3628256513e-07 0 	0 	-233341.751871 	
1.36863727455e-07 0 	0 	-248479.346623 	
1.3744488978e-07 0 	0 	-263932.177675 	
1.38026052104e-07 0 	0 	-281127.625472 	
1.38607214429e-07 0 	0 	-298710.9263 	
1.39188376754e-07 0 	0 	-318034.632945 	
1.39769539078e-07 0 	0 	-338230.408329 	
1.40350701403e-07 -4.80916266852e-13 	4.80916266852e-13 	-359678.592511 	
1.40931863727e-07 -2.16652418014e-14 	2.16652418014e-14 	-382858.43412 	
1.41513026052e-07 0 	0 	-407041.226726 	
1.42094188377e-07 -6.21878069465e-14 	6.21878069465e-14 	-433104.000005 	
1.42675350701e-07 -1.7191709184e-15 	1.7191709184e-15 	-460936.992384 	
1.43256513026e-07 -1.64165516809e-13 	1.64165516809e-13 	-490231.485658 	
1.43837675351e-07 0 	0 	-521371.634811 	
1.44418837675e-07 -1.32077721838e-14 	1.32077721838e-14 	-555022.510481 	
1.45e-07 0 	0 	-589755.575584 	
