-1.45e-07 0 	0 	1968751.67846 	
-1.44418837675e-07 6.99507762374e-13 	-6.99507762374e-13 	1848092.3982 	
-1.43837675351e-07 1.33421810828e-12 	-1.33421810828e-12 	1731632.28516 	
-1.43256513026e-07 0 	0 	1624808.08446 	
-1.42675350701e-07 1.40178744346e-13 	-1.40178744346e-13 	1524890.99546 	
-1.42094188377e-07 3.63708493889e-12 	-3.63708493889e-12 	1430384.32957 	
-1.41513026052e-07 0 	0 	1342355.83151 	
-1.40931863727e-07 0 	0 	1261073.10474 	
-1.40350701403e-07 0 	0 	1183357.75345 	
-1.39769539078e-07 0 	0 	1111750.44697 	
-1.39188376754e-07 0 	0 	1044496.08618 	
-1.38607214429e-07 0 	0 	980272.738802 	
-1.38026052104e-07 0 	0 	922023.0187 	
-1.3744488978e-07 0 	0 	865099.87809 	
-1.36863727455e-07 9.82064552617e-14 	-9.82064552617e-14 	814095.176067 	
-1.3628256513e-07 4.90145756036e-13 	-4.90145756036e-13 	764151.771968 	
-1.35701402806e-07 0 	0 	719017.885774 	
-1.35120240481e-07 0 	0 	674973.118587 	
-1.34539078156e-07 0 	0 	635240.047026 	
-1.33957915832e-07 0 	0 	596136.831829 	
-1.33376753507e-07 0 	0 	561350.800261 	
-1.32795591182e-07 0 	0 	526564.768693 	
-1.32214428858e-07 0 	0 	496077.224625 	
-1.31633266533e-07 0 	0 	465800.828532 	
-1.31052104208e-07 0 	0 	438282.279453 	
-1.30470941884e-07 0 	0 	412095.021357 	
-1.29889779559e-07 0 	0 	386962.251228 	
-1.29308617234e-07 3.28638079568e-14 	-3.28638079568e-14 	364461.387156 	
-1.2872745491e-07 5.47942465362e-13 	-5.47942465362e-13 	341960.523084 	
-1.28146292585e-07 2.4232807371e-13 	-2.4232807371e-13 	322044.67102 	
-1.27565130261e-07 3.36782736281e-13 	-3.36782736281e-13 	302846.271985 	
-1.26983967936e-07 7.52677993581e-13 	-7.52677993581e-13 	284115.141353 	
-1.26402805611e-07 1.16794134307e-13 	-1.16794134307e-13 	267855.269777 	
-1.25821643287e-07 0 	0 	251595.398202 	
-1.25240480962e-07 0 	0 	236397.302098 	
-1.24659318637e-07 2.3269872706e-15 	-2.3269872706e-15 	222733.201965 	
-1.24078156313e-07 1.32977381573e-12 	-1.32977381573e-12 	209069.101831 	
-1.23496993988e-07 1.20153570657e-12 	-1.20153570657e-12 	196603.533217 	
-1.22915831663e-07 0 	0 	185214.737665 	
-1.22334669339e-07 0 	0 	173825.942113 	
-1.21753507014e-07 0 	0 	163437.64581 	
-1.21172344689e-07 0 	0 	154026.915497 	
-1.20591182365e-07 0 	0 	144616.185184 	
-1.2001002004e-07 0 	0 	135784.199432 	
-1.19428857715e-07 0 	0 	128078.218991 	
-1.18847695391e-07 0 	0 	120372.238551 	
-1.18266533066e-07 0 	0 	112696.59754 	
-1.17685370741e-07 0 	0 	106446.374639 	
-1.17104208417e-07 1.24648203458e-13 	-1.24648203458e-13 	100196.151738 	
-1.16523046092e-07 5.11110100869e-13 	-5.11110100869e-13 	93945.9288368 	
-1.15941883768e-07 4.64406692726e-13 	-4.64406692726e-13 	88363.633841 	
-1.15360721443e-07 8.91264035623e-14 	-8.91264035623e-14 	83344.5645787 	
-1.14779559118e-07 2.60485360547e-13 	-2.60485360547e-13 	78325.4953164 	
-1.14198396794e-07 6.02102323824e-13 	-6.02102323824e-13 	73306.4260541 	
-1.13617234469e-07 3.22702563632e-13 	-3.22702563632e-13 	69211.6985903 	
-1.13036072144e-07 1.418729363e-14 	-1.418729363e-14 	65223.2829071 	
-1.1245490982e-07 4.69007920548e-13 	-4.69007920548e-13 	61234.867224 	
-1.11873747495e-07 8.36774687745e-13 	-8.36774687745e-13 	57311.133841 	
-1.1129258517e-07 3.91597939683e-13 	-3.91597939683e-13 	54176.3440972 	
-1.10711422846e-07 0 	0 	51041.5543533 	
-1.10130260521e-07 0 	0 	47906.7646095 	
-1.09549098196e-07 0 	0 	44821.509203 	
-1.08967935872e-07 0 	0 	42385.8328901 	
-1.08386773547e-07 0 	0 	39950.1565772 	
-1.07805611222e-07 0 	0 	37514.4802643 	
-1.07224448898e-07 0 	0 	35078.8039514 	
-1.06643286573e-07 0 	0 	33137.2690804 	
-1.06062124248e-07 0 	0 	31267.4619233 	
-1.05480961924e-07 0 	0 	29397.6547663 	
-1.04899799599e-07 0 	0 	27527.8476092 	
-1.04318637275e-07 0 	0 	25872.3326184 	
-1.0373747495e-07 0 	0 	24454.9304217 	
-1.03156312625e-07 4.33084512902e-14 	-4.33084512902e-14 	23037.528225 	
-1.02575150301e-07 2.3820524171e-13 	-2.3820524171e-13 	21620.1260283 	
-1.01993987976e-07 4.33102032131e-13 	-4.33102032131e-13 	20202.7238315 	
-1.01412825651e-07 2.89058740888e-13 	-2.89058740888e-13 	19093.2493308 	
-1.00831663327e-07 9.60131105509e-14 	-9.60131105509e-14 	18032.8952689 	
-1.00250501002e-07 0 	0 	16972.5412071 	
-9.96693386774e-08 0 	0 	15912.1871452 	
-9.90881763527e-08 0 	0 	14859.9834786 	
-9.85070140281e-08 0 	0 	14077.6321214 	
-9.79258517034e-08 0 	0 	13295.2807642 	
-9.73446893788e-08 1.76550787468e-13 	-1.76550787468e-13 	12512.9294071 	
-9.67635270541e-08 4.94091011171e-13 	-4.94091011171e-13 	11730.5780499 	
-9.61823647295e-08 8.11631234873e-13 	-8.11631234873e-13 	10948.2266927 	
-9.56012024048e-08 5.14166751533e-13 	-5.14166751533e-13 	10371.5342293 	
-9.50200400802e-08 1.98465337804e-13 	-1.98465337804e-13 	9802.59434734 	
-9.44388777555e-08 2.14323785164e-13 	-2.14323785164e-13 	9233.65446538 	
-9.38577154309e-08 7.91469697273e-13 	-7.91469697273e-13 	8664.71458342 	
-9.32765531062e-08 1.36861560938e-12 	-1.36861560938e-12 	8095.77470146 	
-9.26953907816e-08 1.18524684457e-12 	-1.18524684457e-12 	7632.44960471 	
-9.21142284569e-08 6.10649196102e-13 	-6.10649196102e-13 	7224.92508039 	
-9.15330661323e-08 3.60515476296e-14 	-3.60515476296e-14 	6817.40055607 	
-9.09519038076e-08 2.44107507082e-13 	-2.44107507082e-13 	6409.87603175 	
-9.0370741483e-08 5.04556147086e-13 	-5.04556147086e-13 	6002.35150743 	
-8.97895791583e-08 7.16011900351e-13 	-7.16011900351e-13 	5605.58375687 	
-8.92084168337e-08 4.56426175527e-13 	-4.56426175527e-13 	5318.26621248 	
-8.8627254509e-08 1.96840450703e-13 	-1.96840450703e-13 	5030.94866809 	
-8.80460921844e-08 1.71870593731e-13 	-1.71870593731e-13 	4743.63112371 	
-8.74649298597e-08 8.82922593655e-13 	-8.82922593655e-13 	4456.31357932 	
-8.68837675351e-08 1.59397459358e-12 	-1.59397459358e-12 	4168.99603494 	
-8.63026052104e-08 1.93490563651e-12 	-1.93490563651e-12 	3904.30752097 	
-8.57214428858e-08 1.22559350205e-12 	-1.22559350205e-12 	3705.06619528 	
-8.51402805611e-08 5.16281367585e-13 	-5.16281367585e-13 	3505.8248696 	
-8.45591182365e-08 0 	0 	3306.58354391 	
-8.39779559118e-08 0 	0 	3107.34221823 	
-8.33967935872e-08 0 	0 	2908.10089254 	
-8.28156312625e-08 0 	0 	2717.97948876 	
-8.22344689379e-08 0 	0 	2582.18422378 	
-8.16533066132e-08 0 	0 	2446.3889588 	
-8.10721442886e-08 0 	0 	2310.59369382 	
-8.04909819639e-08 0 	0 	2174.79842884 	
-7.99098196393e-08 0 	0 	2039.00316386 	
-7.93286573146e-08 0 	0 	1903.20789888 	
-7.874749499e-08 0 	0 	1800.47710189 	
-7.81663326653e-08 0 	0 	1709.57979376 	
-7.75851703407e-08 0 	0 	1618.68248563 	
-7.7004008016e-08 4.05516437438e-14 	-4.05516437438e-14 	1527.78517751 	
-7.64228456914e-08 1.29184472669e-13 	-1.29184472669e-13 	1436.88786938 	
-7.58416833667e-08 2.17817301594e-13 	-2.17817301594e-13 	1345.99056125 	
-7.52605210421e-08 3.02481133297e-13 	-3.02481133297e-13 	1255.74359774 	
-7.46793587174e-08 2.13928058204e-13 	-2.13928058204e-13 	1196.03295229 	
-7.40981963928e-08 1.25374983111e-13 	-1.25374983111e-13 	1136.32230685 	
-7.35170340681e-08 3.68219080183e-14 	-3.68219080183e-14 	1076.6116614 	
-7.29358717435e-08 4.81252779935e-14 	-4.81252779935e-14 	1016.90101595 	
-7.23547094188e-08 1.30505815627e-13 	-1.30505815627e-13 	957.190370507 	
-7.17735470942e-08 2.12886353261e-13 	-2.12886353261e-13 	897.479725061 	
-7.11923847695e-08 2.95266890894e-13 	-2.95266890894e-13 	837.769079615 	
-7.06112224449e-08 2.156896082e-13 	-2.156896082e-13 	798.924712306 	
-7.00300601202e-08 1.33360828321e-13 	-1.33360828321e-13 	760.459297405 	
-6.94488977956e-08 5.10320484417e-14 	-5.10320484417e-14 	721.993882504 	
-6.88677354709e-08 0 	0 	683.528467603 	
-6.82865731463e-08 0 	0 	645.063052702 	
-6.77054108216e-08 0 	0 	606.597637801 	
-6.7124248497e-08 0 	0 	568.1322229 	
-6.65430861723e-08 0 	0 	538.243990026 	
-6.59619238477e-08 0 	0 	513.959974962 	
-6.5380761523e-08 0 	0 	489.675959897 	
-6.47995991984e-08 0 	0 	465.391944833 	
-6.42184368737e-08 1.12032841918e-13 	-1.12032841918e-13 	441.107929769 	
-6.36372745491e-08 2.4709434417e-13 	-2.4709434417e-13 	416.823914705 	
-6.30561122244e-08 3.82155846421e-13 	-3.82155846421e-13 	392.539899641 	
-6.24749498998e-08 5.17217348673e-13 	-5.17217348673e-13 	368.255884577 	
-6.18937875752e-08 4.16463293689e-13 	-4.16463293689e-13 	352.057639577 	
-6.13126252505e-08 2.81442517753e-13 	-2.81442517753e-13 	337.040683212 	
-6.07314629259e-08 1.46421741817e-13 	-1.46421741817e-13 	322.023726848 	
-6.01503006012e-08 1.14009658802e-14 	-1.14009658802e-14 	307.006770483 	
-5.95691382766e-08 0 	0 	291.989814118 	
-5.89879759519e-08 0 	0 	276.972857754 	
-5.84068136273e-08 0 	0 	261.955901389 	
-5.78256513026e-08 0 	0 	246.938945025 	
-5.7244488978e-08 0 	0 	236.471836341 	
-5.66633266533e-08 0 	0 	227.377521947 	
-5.60821643287e-08 0 	0 	218.283207552 	
-5.5501002004e-08 0 	0 	209.188893158 	
-5.49198396794e-08 0 	0 	200.094578764 	
-5.43386773547e-08 0 	0 	191.000264369 	
-5.37575150301e-08 0 	0 	181.905949975 	
-5.31763527054e-08 0 	0 	172.811635581 	
-5.25951903808e-08 0 	0 	164.730577925 	
-5.20140280561e-08 0 	0 	159.334647973 	
-5.14328657315e-08 0 	0 	153.93871802 	
-5.08517034068e-08 0 	0 	148.542788068 	
-5.02705410822e-08 0 	0 	143.146858115 	
-4.96893787575e-08 9.32617650093e-14 	-9.32617650093e-14 	137.750928163 	
-4.91082164329e-08 1.93858873484e-13 	-1.93858873484e-13 	132.354998211 	
-4.85270541082e-08 2.94455981959e-13 	-2.94455981959e-13 	126.959068258 	
-4.79458917836e-08 3.95053090433e-13 	-3.95053090433e-13 	121.563138306 	
-4.73647294589e-08 4.2094998219e-13 	-4.2094998219e-13 	117.003627323 	
-4.67835671343e-08 3.2036419667e-13 	-3.2036419667e-13 	113.861900714 	
-4.62024048096e-08 2.19778411149e-13 	-2.19778411149e-13 	110.720174104 	
-4.5621242485e-08 1.19192625628e-13 	-1.19192625628e-13 	107.578447495 	
-4.50400801603e-08 1.86068401068e-14 	-1.86068401068e-14 	104.436720885 	
-4.44589178357e-08 0 	0 	101.294994276 	
-4.3877755511e-08 0 	0 	98.1532676662 	
-4.32965931864e-08 0 	0 	95.0115410567 	
-4.27154308617e-08 0 	0 	91.8698144471 	
-4.21342685371e-08 0 	0 	88.7813778046 	
-4.15531062124e-08 0 	0 	86.9793763031 	
-4.09719438878e-08 0 	0 	85.1773748015 	
-4.03907815631e-08 0 	0 	83.3753732999 	
-3.98096192385e-08 0 	0 	81.5733717984 	
-3.92284569138e-08 0 	0 	79.7713702968 	
-3.86472945892e-08 0 	0 	77.9693687952 	
-3.80661322645e-08 0 	0 	76.1673672937 	
-3.74849699399e-08 0 	0 	74.3653657921 	
-3.69038076152e-08 0 	0 	72.5633642905 	
-3.63226452906e-08 0 	0 	70.9626741361 	
-3.57414829659e-08 0 	0 	69.9362946508 	
-3.51603206413e-08 0 	0 	68.9099151654 	
-3.45791583166e-08 0 	0 	67.8835356801 	
-3.3997995992e-08 0 	0 	66.8571561947 	
-3.34168336673e-08 9.65547558025e-15 	-9.65547558025e-15 	65.8307767094 	
-3.28356713427e-08 4.75858085159e-14 	-4.75858085159e-14 	64.804397224 	
-3.2254509018e-08 8.55161414516e-14 	-8.55161414516e-14 	63.7780177387 	
-3.16733466934e-08 1.23446474387e-13 	-1.23446474387e-13 	62.7516382533 	
-3.10921843687e-08 1.61376807323e-13 	-1.61376807323e-13 	61.725258768 	
-3.05110220441e-08 1.98629170262e-13 	-1.98629170262e-13 	60.7027088866 	
-2.99298597194e-08 1.60701368735e-13 	-1.60701368735e-13 	60.1133847047 	
-2.93486973948e-08 1.22773567208e-13 	-1.22773567208e-13 	59.5240605228 	
-2.87675350701e-08 8.48457656814e-14 	-8.48457656814e-14 	58.9347363408 	
-2.81863727455e-08 4.69179641545e-14 	-4.69179641545e-14 	58.3454121589 	
-2.76052104208e-08 8.99016262762e-15 	-8.99016262762e-15 	57.756087977 	
-2.70240480962e-08 1.0536751986e-13 	-1.0536751986e-13 	57.1667637951 	
-2.64428857715e-08 2.43469954359e-13 	-2.43469954359e-13 	56.5774396131 	
-2.58617234469e-08 3.81572388858e-13 	-3.81572388858e-13 	55.9881154312 	
-2.52805611222e-08 5.19674823357e-13 	-5.19674823357e-13 	55.3987912493 	
-2.46993987976e-08 6.57777257856e-13 	-6.57777257856e-13 	54.8094670674 	
-2.41182364729e-08 7.22701171457e-13 	-7.22701171457e-13 	54.2835998449 	
-2.35370741483e-08 5.84607394375e-13 	-5.84607394375e-13 	53.9339358724 	
-2.29559118236e-08 4.46513617292e-13 	-4.46513617292e-13 	53.5842718998 	
-2.2374749499e-08 3.08419840209e-13 	-3.08419840209e-13 	53.2346079273 	
-2.17935871743e-08 1.70326063127e-13 	-1.70326063127e-13 	52.8849439548 	
-2.12124248497e-08 3.22322860438e-14 	-3.22322860438e-14 	52.5352799822 	
-2.0631262525e-08 0 	0 	52.1856160097 	
-2.00501002004e-08 0 	0 	51.8359520372 	
-1.94689378758e-08 0 	0 	51.4862880647 	
-1.88877755511e-08 0 	0 	51.1366240921 	
-1.83066132265e-08 0 	0 	50.7869601196 	
-1.77254509018e-08 0 	0 	50.4377921271 	
-1.71442885772e-08 0 	0 	50.2163301786 	
-1.65631262525e-08 0 	0 	49.9948682301 	
-1.59819639279e-08 0 	0 	49.7734062816 	
-1.54008016032e-08 0 	0 	49.5519443331 	
-1.48196392786e-08 0 	0 	49.3304823846 	
-1.42384769539e-08 1.379638544e-14 	-1.379638544e-14 	49.1090204361 	
-1.36573146293e-08 7.10081022161e-14 	-7.10081022161e-14 	48.8875584876 	
-1.30761523046e-08 1.28219818992e-13 	-1.28219818992e-13 	48.6660965392 	
-1.249498998e-08 1.85431535768e-13 	-1.85431535768e-13 	48.4446345907 	
-1.19138276553e-08 2.42643252544e-13 	-2.42643252544e-13 	48.2231726422 	
-1.13326653307e-08 2.9985496932e-13 	-2.9985496932e-13 	48.0017106937 	
-1.0751503006e-08 3.34028916728e-13 	-3.34028916728e-13 	47.7938929111 	
-1.01703406814e-08 2.76820667369e-13 	-2.76820667369e-13 	47.6402580811 	
-9.58917835671e-09 2.19612418009e-13 	-2.19612418009e-13 	47.4866232511 	
-9.00801603206e-09 1.62404168649e-13 	-1.62404168649e-13 	47.3329884211 	
-8.42685370741e-09 1.05195919289e-13 	-1.05195919289e-13 	47.1793535911 	
-7.84569138277e-09 4.79876699296e-14 	-4.79876699296e-14 	47.0257187611 	
-7.26452905812e-09 8.39347665522e-15 	-8.39347665522e-15 	46.8720839311 	
-6.68336673347e-09 6.04700418133e-14 	-6.04700418133e-14 	46.7184491011 	
-6.10220440882e-09 1.12546606971e-13 	-1.12546606971e-13 	46.5648142711 	
-5.52104208417e-09 1.64623172129e-13 	-1.64623172129e-13 	46.4111794411 	
-4.93987975952e-09 2.16699737287e-13 	-2.16699737287e-13 	46.2575446111 	
-4.35871743487e-09 2.68776302446e-13 	-2.68776302446e-13 	46.1039097811 	
-3.77755511022e-09 3.20852867604e-13 	-3.20852867604e-13 	45.9502749511 	
-3.19639278557e-09 2.86403839487e-13 	-2.86403839487e-13 	45.8274200099 	
-2.61523046092e-09 2.34330414126e-13 	-2.34330414126e-13 	45.7108431368 	
-2.03406813627e-09 1.82256988765e-13 	-1.82256988765e-13 	45.5942662637 	
-1.45290581162e-09 1.30183563403e-13 	-1.30183563403e-13 	45.4776893907 	
-8.71743486974e-10 7.8110138042e-14 	-7.8110138042e-14 	45.3611125176 	
-2.90581162324e-10 2.60367126807e-14 	-2.60367126807e-14 	45.2445356445 	
2.90581162325e-10 0 	0 	45.1279587715 	
8.71743486974e-10 0 	0 	45.0113818984 	
1.45290581162e-09 0 	0 	44.8948050253 	
2.03406813627e-09 0 	0 	44.7782281523 	
2.61523046092e-09 0 	0 	44.6616512792 	
3.19639278557e-09 0 	0 	44.5450744061 	
3.77755511022e-09 0 	0 	44.4327825331 	
4.35871743487e-09 0 	0 	44.3414990053 	
4.93987975952e-09 0 	0 	44.2502154775 	
5.52104208417e-09 0 	0 	44.1589319497 	
6.10220440882e-09 0 	0 	44.0676484218 	
6.68336673347e-09 0 	0 	43.976364894 	
7.26452905812e-09 0 	0 	43.8850813662 	
7.84569138277e-09 2.40793625007e-13 	-2.40793625007e-13 	43.7937978384 	
8.42685370742e-09 5.27854483845e-13 	-5.27854483845e-13 	43.7025143106 	
9.00801603206e-09 8.14915342682e-13 	-8.14915342682e-13 	43.6112307828 	
9.58917835671e-09 1.10197620152e-12 	-1.10197620152e-12 	43.5199472549 	
1.01703406814e-08 1.38903706036e-12 	-1.38903706036e-12 	43.4286637271 	
1.0751503006e-08 1.6760979192e-12 	-1.6760979192e-12 	43.3373801993 	
1.13326653307e-08 1.50444524288e-12 	-1.50444524288e-12 	43.2678375392 	
1.19138276553e-08 1.21740015793e-12 	-1.21740015793e-12 	43.2037695902 	
1.249498998e-08 9.30355072983e-13 	-9.30355072983e-13 	43.1397016411 	
1.30761523046e-08 6.43309988035e-13 	-6.43309988035e-13 	43.0756336921 	
1.36573146293e-08 3.56264903086e-13 	-3.56264903086e-13 	43.011565743 	
1.42384769539e-08 6.9219818138e-14 	-6.9219818138e-14 	42.947497794 	
1.48196392786e-08 0 	0 	42.8834298449 	
1.54008016032e-08 0 	0 	42.8193618959 	
1.59819639279e-08 0 	0 	42.7552939468 	
1.65631262525e-08 0 	0 	42.6912259978 	
1.71442885772e-08 0 	0 	42.6271580487 	
1.77254509018e-08 0 	0 	42.5630900997 	
1.83066132265e-08 0 	0 	42.5409934669 	
1.88877755511e-08 0 	0 	42.5190598409 	
1.94689378758e-08 0 	0 	42.4971262148 	
2.00501002004e-08 0 	0 	42.4751925887 	
2.06312625251e-08 0 	0 	42.4532589626 	
2.12124248497e-08 0 	0 	42.4313253365 	
2.17935871743e-08 0 	0 	42.4093917104 	
2.2374749499e-08 0 	0 	42.3874580843 	
2.29559118236e-08 0 	0 	42.3655244582 	
2.35370741483e-08 0 	0 	42.3435908321 	
2.41182364729e-08 0 	0 	42.321657206 	
2.46993987976e-08 0 	0 	42.3545374816 	
2.52805611222e-08 0 	0 	42.4071581623 	
2.58617234469e-08 0 	0 	42.4597788429 	
2.64428857715e-08 0 	0 	42.5123995236 	
2.70240480962e-08 0 	0 	42.5650202043 	
2.76052104208e-08 8.98604371421e-15 	-8.98604371421e-15 	42.6176408849 	
2.81863727455e-08 4.68964683217e-14 	-4.68964683217e-14 	42.6702615656 	
2.87675350701e-08 8.48068929292e-14 	-8.48068929292e-14 	42.7228822463 	
2.93486973948e-08 1.22717317537e-13 	-1.22717317537e-13 	42.775502927 	
2.99298597194e-08 1.60627742144e-13 	-1.60627742144e-13 	42.8281236076 	
3.05110220441e-08 1.98538166752e-13 	-1.98538166752e-13 	42.8807442883 	
3.10921843687e-08 1.61284489412e-13 	-1.61284489412e-13 	43.0662633311 	
3.16733466934e-08 1.23375855066e-13 	-1.23375855066e-13 	43.2529571613 	
3.2254509018e-08 8.54672207198e-14 	-8.54672207198e-14 	43.4396509915 	
3.28356713427e-08 4.75585863736e-14 	-4.75585863736e-14 	43.6263448217 	
3.34168336673e-08 9.64995202733e-15 	-9.64995202733e-15 	43.8130386519 	
3.3997995992e-08 0 	0 	43.9997324821 	
3.45791583166e-08 0 	0 	44.1864263123 	
3.51603206413e-08 0 	0 	44.3731201425 	
3.57414829659e-08 0 	0 	44.5598139727 	
3.63226452906e-08 0 	0 	44.7465078029 	
3.69038076152e-08 0 	0 	45.1087735262 	
3.74849699399e-08 0 	0 	45.5325819235 	
3.80661322645e-08 0 	0 	45.9563903208 	
3.86472945892e-08 0 	0 	46.3801987181 	
3.92284569138e-08 0 	0 	46.8040071153 	
3.98096192385e-08 0 	0 	47.2278155126 	
4.03907815631e-08 0 	0 	47.6516239099 	
4.09719438878e-08 0 	0 	48.0754323072 	
4.15531062124e-08 0 	0 	48.4992407045 	
4.21342685371e-08 0 	0 	48.9230491018 	
4.27154308617e-08 0 	0 	49.7398322734 	
4.32965931864e-08 0 	0 	50.572894239 	
4.3877755511e-08 0 	0 	51.4059562046 	
4.44589178357e-08 0 	0 	52.2390181703 	
4.50400801603e-08 9.34734391817e-14 	-9.34734391817e-14 	53.0720801359 	
4.5621242485e-08 5.98776825002e-13 	-5.98776825002e-13 	53.9051421015 	
4.62024048096e-08 1.10408021082e-12 	-1.10408021082e-12 	54.7382040672 	
4.67835671343e-08 1.60938359664e-12 	-1.60938359664e-12 	55.5712660328 	
4.73647294589e-08 2.11468698246e-12 	-2.11468698246e-12 	56.4043279984 	
4.79458917836e-08 1.98426034884e-12 	-1.98426034884e-12 	57.6704486547 	
4.85270541082e-08 1.478984328e-12 	-1.478984328e-12 	59.1920513933 	
4.91082164329e-08 9.73708307164e-13 	-9.73708307164e-13 	60.7136541318 	
4.96893787575e-08 4.68432286324e-13 	-4.68432286324e-13 	62.2352568704 	
5.02705410822e-08 4.02506743139e-15 	-4.02506743139e-15 	63.7568596089 	
5.08517034068e-08 5.92249564239e-14 	-5.92249564239e-14 	65.2784623475 	
5.14328657315e-08 1.14424845417e-13 	-1.14424845417e-13 	66.8000650861 	
5.20140280561e-08 1.69624734409e-13 	-1.69624734409e-13 	68.3216678246 	
5.25951903808e-08 2.24824623402e-13 	-2.24824623402e-13 	69.8432705632 	
5.31763527054e-08 1.99858485871e-13 	-1.99858485871e-13 	72.1850833416 	
5.37575150301e-08 1.44662127736e-13 	-1.44662127736e-13 	74.8364096486 	
5.43386773547e-08 8.94657696022e-14 	-8.94657696022e-14 	77.4877359555 	
5.49198396794e-08 3.42694114678e-14 	-3.42694114678e-14 	80.1390622624 	
5.5501002004e-08 0 	0 	82.7903885694 	
5.60821643287e-08 0 	0 	85.4417148763 	
5.66633266533e-08 0 	0 	88.0930411833 	
5.7244488978e-08 0 	0 	90.7443674902 	
5.78256513026e-08 0 	0 	93.815062004 	
5.84068136273e-08 0 	0 	98.2756672119 	
5.89879759519e-08 0 	0 	102.73627242 	
5.95691382766e-08 0 	0 	107.196877628 	
6.01503006012e-08 0 	0 	111.657482836 	
6.07314629259e-08 0 	0 	116.118088044 	
6.13126252505e-08 0 	0 	120.578693252 	
6.18937875752e-08 0 	0 	125.039298459 	
6.24749498998e-08 0 	0 	129.860789678 	
6.30561122244e-08 0 	0 	137.152499618 	
6.36372745491e-08 0 	0 	144.444209557 	
6.42184368737e-08 0 	0 	151.735919497 	
6.47995991984e-08 0 	0 	159.027629436 	
6.5380761523e-08 0 	0 	166.319339376 	
6.59619238477e-08 0 	0 	173.611049315 	
6.65430861723e-08 0 	0 	180.902759255 	
6.7124248497e-08 0 	0 	189.906637475 	
6.77054108216e-08 0 	0 	201.530966844 	
6.82865731463e-08 0 	0 	213.155296213 	
6.88677354709e-08 0 	0 	224.779625582 	
6.94488977956e-08 0 	0 	236.403954951 	
7.00300601202e-08 0 	0 	248.02828432 	
7.06112224449e-08 0 	0 	259.652613689 	
7.11923847695e-08 0 	0 	271.392721792 	
7.17735470942e-08 0 	0 	289.507960966 	
7.23547094188e-08 0 	0 	307.62320014 	
7.29358717435e-08 0 	0 	325.738439314 	
7.35170340681e-08 0 	0 	343.853678488 	
7.40981963928e-08 0 	0 	361.968917662 	
7.46793587174e-08 0 	0 	380.084156836 	
7.52605210421e-08 0 	0 	398.19939601 	
7.58416833667e-08 0 	0 	425.644399535 	
7.64228456914e-08 0 	0 	453.288102915 	
7.7004008016e-08 0 	0 	480.931806294 	
7.75851703407e-08 1.06213974828e-13 	-1.06213974828e-13 	508.575509674 	
7.81663326653e-08 3.02008754531e-13 	-3.02008754531e-13 	536.219213054 	
7.874749499e-08 4.97803534233e-13 	-4.97803534233e-13 	563.862916434 	
7.93286573146e-08 5.90152665162e-13 	-5.90152665162e-13 	595.122178132 	
7.99098196393e-08 3.94436385632e-13 	-3.94436385632e-13 	636.483829217 	
8.04909819639e-08 1.98720106102e-13 	-1.98720106102e-13 	677.845480302 	
8.10721442886e-08 3.00382657208e-15 	-3.00382657208e-15 	719.207131387 	
8.16533066132e-08 0 	0 	760.568782472 	
8.22344689379e-08 0 	0 	801.930433556 	
8.28156312625e-08 0 	0 	843.292084641 	
8.33967935872e-08 0 	0 	901.252655684 	
8.39779559118e-08 0 	0 	961.999746386 	
8.45591182365e-08 0 	0 	1022.74683709 	
8.51402805611e-08 0 	0 	1083.49392779 	
8.57214428858e-08 0 	0 	1144.24101849 	
8.63026052104e-08 0 	0 	1204.98810919 	
8.68837675351e-08 0 	0 	1285.73248882 	
8.74649298597e-08 0 	0 	1373.3911343 	
8.80460921844e-08 0 	0 	1461.04977978 	
8.8627254509e-08 9.72714282588e-14 	-9.72714282588e-14 	1548.70842527 	
8.92084168337e-08 2.25549300612e-13 	-2.25549300612e-13 	1636.36707075 	
8.97895791583e-08 3.53827172965e-13 	-3.53827172965e-13 	1724.02571623 	
9.0370741483e-08 2.48250235853e-13 	-2.48250235853e-13 	1845.12751814 	
9.09519038076e-08 1.20105059777e-13 	-1.20105059777e-13 	1969.51611575 	
9.15330661323e-08 0 	0 	2093.90471336 	
9.21142284569e-08 0 	0 	2218.29331097 	
9.26953907816e-08 0 	0 	2342.68190858 	
9.32765531062e-08 0 	0 	2484.12119275 	
9.38577154309e-08 0 	0 	2657.83262967 	
9.44388777555e-08 0 	0 	2831.5440666 	
9.50200400802e-08 1.45624093862e-13 	-1.45624093862e-13 	3005.25550353 	
9.56012024048e-08 3.77270248369e-13 	-3.77270248369e-13 	3178.96694046 	
9.61823647295e-08 5.91006174693e-13 	-5.91006174693e-13 	3355.04737428 	
9.67635270541e-08 3.59782652411e-13 	-3.59782652411e-13 	3593.97207298 	
9.73446893788e-08 1.28559130129e-13 	-1.28559130129e-13 	3832.89677167 	
9.79258517034e-08 0 	0 	4071.82147036 	
9.85070140281e-08 0 	0 	4310.74616905 	
9.90881763527e-08 0 	0 	4549.67086775 	
9.96693386774e-08 0 	0 	4871.0590982 	
1.00250501002e-07 0 	0 	5194.93798873 	
1.00831663327e-07 9.23020381959e-14 	-9.23020381959e-14 	5518.81687926 	
1.01412825651e-07 2.77886121898e-13 	-2.77886121898e-13 	5842.69576979 	
1.01993987976e-07 4.11148502207e-13 	-4.11148502207e-13 	6181.58596365 	
1.02575150301e-07 2.26130844654e-13 	-2.26130844654e-13 	6614.57947068 	
1.03156312625e-07 4.1113187101e-14 	-4.1113187101e-14 	7047.57297771 	
1.0373747495e-07 7.90424906967e-14 	-7.90424906967e-14 	7480.56648473 	
1.04318637275e-07 1.8066724516e-13 	-1.8066724516e-13 	7913.55999176 	
1.04899799599e-07 1.74637161974e-13 	-1.74637161974e-13 	8419.32504816 	
1.05480961924e-07 7.34061167918e-14 	-7.34061167918e-14 	8990.58164198 	
1.06062124248e-07 6.11336571725e-14 	-6.11336571725e-14 	9561.83823579 	
1.06643286573e-07 2.8354659296e-13 	-2.8354659296e-13 	10133.0948296 	
1.07224448898e-07 4.47389888911e-13 	-4.47389888911e-13 	10726.2739193 	
1.07805611222e-07 2.26057900182e-13 	-2.26057900182e-13 	11470.4799007 	
1.08386773547e-07 4.72591145261e-15 	-4.72591145261e-15 	12214.6858821 	
1.08967935872e-07 2.34976422422e-13 	-2.34976422422e-13 	12958.8918636 	
1.09549098196e-07 4.75079560493e-13 	-4.75079560493e-13 	13703.097845 	
1.10130260521e-07 2.67378557662e-13 	-2.67378557662e-13 	14645.848696 	
1.10711422846e-07 2.87231376583e-14 	-2.87231376583e-14 	15603.7397949 	
1.1129258517e-07 3.50307543481e-13 	-3.50307543481e-13 	16561.6308939 	
1.11873747495e-07 7.48544503446e-13 	-7.48544503446e-13 	17519.5219928 	
1.1245490982e-07 4.07619221915e-13 	-4.07619221915e-13 	18718.5660451 	
1.13036072144e-07 1.23303111463e-14 	-1.23303111463e-14 	19937.3812535 	
1.13617234469e-07 1.40231925875e-13 	-1.40231925875e-13 	21156.1964618 	
1.14198396794e-07 2.52821512198e-13 	-2.52821512198e-13 	22407.5083818 	
1.14779559118e-07 1.09377260564e-13 	-1.09377260564e-13 	23941.3672478 	
1.15360721443e-07 3.7423991295e-14 	-3.7423991295e-14 	25475.2261138 	
1.15941883768e-07 1.95003403382e-13 	-1.95003403382e-13 	27009.0849797 	
1.16523046092e-07 2.06144538516e-13 	-2.06144538516e-13 	28715.1053988 	
1.17104208417e-07 5.02739944586e-14 	-5.02739944586e-14 	30625.2917476 	
1.17685370741e-07 0 	0 	32535.4780963 	
1.18266533066e-07 0 	0 	34445.6644451 	
1.18847695391e-07 0 	0 	36791.5288695 	
1.19428857715e-07 0 	0 	39146.6665201 	
1.2001002004e-07 0 	0 	41501.8041707 	
1.20591182365e-07 0 	0 	44201.0491403 	
1.21172344689e-07 1.61329995847e-14 	-1.61329995847e-14 	47077.158497 	
1.21753507014e-07 4.17788381705e-13 	-4.17788381705e-13 	49953.2678538 	
1.22334669339e-07 4.14800272275e-13 	-4.14800272275e-13 	53128.0335004 	
1.22915831663e-07 2.0413482465e-14 	-2.0413482465e-14 	56608.4617798 	
1.23496993988e-07 0 	0 	60088.8900591 	
1.24078156313e-07 0 	0 	63898.1249538 	
1.24659318637e-07 0 	0 	68073.3469869 	
1.25240480962e-07 1.39912548307e-12 	-1.39912548307e-12 	72248.56902 	
1.25821643287e-07 1.11593291344e-12 	-1.11593291344e-12 	76891.871704 	
1.26402805611e-07 0 	0 	81859.1625619 	
1.26983967936e-07 0 	0 	86826.4534199 	
1.27565130261e-07 0 	0 	92547.0100226 	
1.28146292585e-07 1.3271169914e-13 	-1.3271169914e-13 	98409.9949474 	
1.2872745491e-07 2.73970695753e-13 	-2.73970695753e-13 	104491.336874 	
1.29308617234e-07 1.64318717751e-14 	-1.64318717751e-14 	111359.427827 	
1.29889779559e-07 0 	0 	118227.51878 	
1.30470941884e-07 0 	0 	125894.978702 	
1.31052104208e-07 0 	0 	133882.710299 	
1.31633266533e-07 0 	0 	142273.673283 	
1.32214428858e-07 0 	0 	151499.953632 	
1.32795591182e-07 0 	0 	160789.958706 	
1.33376753507e-07 0 	0 	171377.252706 	
1.33957915832e-07 0 	0 	181964.546707 	
1.34539078156e-07 0 	0 	193848.791697 	
1.35120240481e-07 2.7521524539e-13 	-2.7521524539e-13 	205922.255609 	
1.35701402806e-07 6.79398329936e-14 	-6.79398329936e-14 	219283.542637 	
1.3628256513e-07 0 	0 	232970.129211 	
1.36863727455e-07 0 	0 	248082.958783 	
1.3744488978e-07 0 	0 	263510.511944 	
1.38026052104e-07 0 	0 	280677.843624 	
1.38607214429e-07 0 	0 	298232.395843 	
1.39188376754e-07 0 	0 	317524.513928 	
1.39769539078e-07 0 	0 	337687.274309 	
1.40350701403e-07 4.80140138764e-13 	-4.80140138764e-13 	359100.394921 	
1.40931863727e-07 2.16302547047e-14 	-2.16302547047e-14 	382242.332075 	
1.41513026052e-07 0 	0 	406385.571975 	
1.42094188377e-07 6.20873175661e-14 	-6.20873175661e-14 	432405.697324 	
1.42675350701e-07 1.71639121863e-15 	-1.71639121863e-15 	460193.115003 	
1.43256513026e-07 1.6389992118e-13 	-1.6389992118e-13 	489439.611191 	
1.43837675351e-07 0 	0 	520528.696907 	
1.44418837675e-07 1.31863912078e-14 	-1.31863912078e-14 	554124.314652 	
1.45e-07 0 	0 	588800.309475 	
