-1.45e-07 -0.0237620783851 0.694192248493 1.42644294654
-1.44418837675e-07 -0.0232158282859 0.709057354485 1.39672431487
-1.43837675351e-07 -0.0226987466755 0.72332316185 1.36902864461
-1.43256513026e-07 -0.0222174779446 0.736895684964 1.34388120412
-1.42675350701e-07 -0.0217640930803 0.749895973813 1.32063542741
-1.42094188377e-07 -0.0213337200439 0.762407707341 1.29892050324
-1.41513026052e-07 -0.020924684334 0.774455926656 1.27860038643
-1.40931863727e-07 -0.0205469666561 0.785790636707 1.26025420115
-1.40350701403e-07 -0.0201881968111 0.796673036632 1.24305951042
-1.39769539078e-07 -0.0198459798257 0.807154953369 1.22686033222
-1.39188376754e-07 -0.0195272231975 0.817052067806 1.21203851336
-1.38607214429e-07 -0.0192270979183 0.826465749032 1.198275462
-1.38026052104e-07 -0.0189396144642 0.835546897093 1.18522290928
-1.3744488978e-07 -0.0186724368528 0.844081233473 1.17328938115
-1.36863727455e-07 -0.0184199958633 0.852204867779 1.16214485939
-1.3628256513e-07 -0.0181770823137 0.860062023219 1.15150892321
-1.35701402806e-07 -0.0179546796028 0.867329130252 1.14194182601
-1.35120240481e-07 -0.017740803985 0.87434364824 1.13280797736
-1.34539078156e-07 -0.0175384175502 0.881017834334 1.12425787653
-1.33957915832e-07 -0.0173501999152 0.887260842211 1.11641087081
-1.33376753507e-07 -0.0171674415253 0.893336878627 1.10883358528
-1.32795591182e-07 -0.0170007046586 0.898913108227 1.10203405361
-1.32214428858e-07 -0.016839071763 0.904326443538 1.09547728891
-1.31633266533e-07 -0.0166881109282 0.909399177827 1.08942813364
-1.31052104208e-07 -0.0165450120147 0.914215695213 1.08374593148
-1.30470941884e-07 -0.0164085556334 0.918815735113 1.07837376776
-1.29889779559e-07 -0.0162816588285 0.923098207417 1.07344008314
-1.29308617234e-07 -0.0161585050826 0.927256335904 1.06867808532
-1.2872745491e-07 -0.0160457235439 0.931063812049 1.06438426132
-1.28146292585e-07 -0.0159347394116 0.93481052343 1.06017156746
-1.27565130261e-07 -0.0158342162272 0.93819787904 1.05642413653
-1.26983967936e-07 -0.0157343363295 0.94156313639 1.05270531654
-1.26402805611e-07 -0.0156444290411 0.944580778505 1.04942408035
-1.25821643287e-07 -0.0155546543005 0.947593800406 1.04614866016
-1.25240480962e-07 -0.0154739191825 0.950287512928 1.04326500753
-1.24659318637e-07 -0.0153933152951 0.952976589952 1.04038704231
-1.24078156313e-07 -0.0153204915323 0.955387504126 1.03784247122
-1.23496993988e-07 -0.0152481872619 0.957779844886 1.03532016144
-1.22915831663e-07 -0.0151821811733 0.9599445176 1.03306497616
-1.22334669339e-07 -0.015117366476 0.962066123644 1.03086032131
-1.21753507014e-07 -0.0150572359322 0.964016705594 1.02885248087
-1.21172344689e-07 -0.014999159925 0.965892273932 1.02693096605
-1.20591182365e-07 -0.0149440991031 0.96765674969 1.02513506383
-1.2001002004e-07 -0.0148920678913 0.969309601394 1.02346537514
-1.19428857715e-07 -0.0148413925047 0.970912083945 1.02185173293
-1.18847695391e-07 -0.014794766885 0.972364116913 1.0204054981
-1.18266533066e-07 -0.0147481412653 0.973816149881 1.01895926327
-1.17685370741e-07 -0.0147060930687 0.975096844103 1.01770091197
-1.17104208417e-07 -0.0146642861255 0.976368507908 1.01645246309
-1.16523046092e-07 -0.0146250263081 0.977544169766 1.01530788752
-1.15941883768e-07 -0.0145875009236 0.978654460324 1.01423404318
-1.15360721443e-07 -0.0145506749623 0.979738221702 1.01318855238
-1.14779559118e-07 -0.0145169412594 0.980704693455 1.01226841702
-1.14198396794e-07 -0.0144832075564 0.981671165207 1.01134828166
-1.13617234469e-07 -0.0144518742516 0.982546053342 1.01052491975
-1.13036072144e-07 -0.0144214869904 0.983384846591 1.00973969812
-1.1245490982e-07 -0.0143916650602 0.98420195169 1.00897715091
-1.11873747495e-07 -0.0143642210074 0.984927832798 1.00830997607
-1.1129258517e-07 -0.0143367769546 0.985653713906 1.00764280123
-1.10711422846e-07 -0.0143108996996 0.986319173626 1.00703816124
-1.10130260521e-07 -0.0142860349921 0.986945585853 1.00647393458
-1.09549098196e-07 -0.0142611702846 0.98757199808 1.00590970792
-1.08967935872e-07 -0.0142384721777 0.988114439585 1.00543154869
-1.08386773547e-07 -0.0142158596978 0.988653562448 1.00495679097
-1.07805611222e-07 -0.0141937454029 0.989173282418 1.00450173169
-1.07224448898e-07 -0.0141730921842 0.989636097603 1.00410444398
-1.06643286573e-07 -0.0141524389656 0.990098912788 1.00370715628
-1.06062124248e-07 -0.0141326055731 0.990529641238 1.00334213318
-1.05480961924e-07 -0.0141136502539 0.990926003255 1.003011667
-1.04899799599e-07 -0.0140946949347 0.991322365272 1.00268120083
-1.04318637275e-07 -0.0140766867361 0.991681472036 1.00238782838
-1.0373747495e-07 -0.0140591970751 0.992020181982 1.0021147643
-1.03156312625e-07 -0.014041707414 0.992358891928 1.00184170022
-1.02575150301e-07 -0.0140251538036 0.992660587883 1.00160510737
-1.01993987976e-07 -0.0140089242728 0.992949468843 1.0013811416
-1.01412825651e-07 -0.0139926947421 0.993238349802 1.00115717583
-1.00831663327e-07 -0.0139772972404 0.993494143739 1.00096544589
-1.00250501002e-07 -0.0139621467074 0.993740116551 1.00078328442
-9.96693386774e-08 -0.0139469961744 0.993986089363 1.00060112295
-9.90881763527e-08 -0.0139325167914 0.994205206791 1.00044480056
-9.85070140281e-08 -0.0139182863 0.994414365076 1.00029806043
-9.79258517034e-08 -0.0139040558086 0.99462352336 1.00015132029
-9.73446893788e-08 -0.0138903067177 0.994813284682 1.00002298051
-9.67635270541e-08 -0.013876857378 0.994990968194 0.999906097981
-9.61823647295e-08 -0.0138634080383 0.995168651705 0.999789215453
-9.56012024048e-08 -0.0138502425131 0.995334808708 0.999683090026
-9.50200400802e-08 -0.013837453506 0.995485674252 0.999591235336
-9.44388777555e-08 -0.0138246644989 0.995636539797 0.999499380647
-9.38577154309e-08 -0.013811969051 0.995783570731 0.999411036791
-9.32765531062e-08 -0.0137997357531 0.99591166002 0.999340035237
-9.26953907816e-08 -0.0137875024553 0.996039749309 0.999269033684
-9.21142284569e-08 -0.0137752691575 0.996167838598 0.999198032131
-9.15330661323e-08 -0.0137634223286 0.996279917817 0.999141359907
-9.09519038076e-08 -0.0137516545609 0.996388721799 0.999087619084
-9.0370741483e-08 -0.0137398867933 0.996497525782 0.999033878261
-8.97895791583e-08 -0.0137282795056 0.996599597227 0.998986001391
-8.92084168337e-08 -0.013716899907 0.996692116533 0.998946444312
-8.8627254509e-08 -0.0137055203085 0.99678463584 0.998906887233
-8.80460921844e-08 -0.01369414071 0.996877155146 0.998867330154
-8.74649298597e-08 -0.0136830562704 0.996957104804 0.998838366248
-8.68837675351e-08 -0.013671998797 0.997035906081 0.99881037015
-8.63026052104e-08 -0.0136609413235 0.997114707358 0.998782374053
-8.57214428858e-08 -0.0136499734605 0.997189623601 0.998757523059
-8.51402805611e-08 -0.0136391820083 0.997256891602 0.998738863649
-8.45591182365e-08 -0.0136283905562 0.997324159602 0.998720204239
-8.39779559118e-08 -0.013617599104 0.997391427603 0.99870154483
-8.33967935872e-08 -0.0136069548137 0.997452177325 0.998687907653
-8.28156312625e-08 -0.0135963819639 0.997509762712 0.998676708547
-8.22344689379e-08 -0.0135858091141 0.997567348099 0.998665509441
-8.16533066132e-08 -0.0135752362643 0.997624933486 0.998654310335
-8.10721442886e-08 -0.0135648284411 0.997675019169 0.998648546114
-8.04909819639e-08 -0.013554434322 0.997724482055 0.998643233222
-7.99098196393e-08 -0.013544040203 0.997773944941 0.998637920329
-7.93286573146e-08 -0.0135336584729 0.997822827199 0.998632997172
-7.874749499e-08 -0.0135234097359 0.997865476529 0.998632257749
-7.81663326653e-08 -0.0135131609988 0.997908125858 0.998631518326
-7.75851703407e-08 -0.0135029122618 0.997950775188 0.998630778903
-7.7004008016e-08 -0.0134926819698 0.997992527591 0.998630585988
-7.64228456914e-08 -0.0134825508716 0.998029456501 0.998633332083
-7.58416833667e-08 -0.0134724197735 0.998066385411 0.998636078178
-7.52605210421e-08 -0.0134622886754 0.998103314321 0.998638824274
-7.46793587174e-08 -0.0134521704481 0.998139589189 0.998641922419
-7.40981963928e-08 -0.0134421340361 0.998171706541 0.998647258419
-7.35170340681e-08 -0.0134320976242 0.998203823893 0.99865259442
-7.29358717435e-08 -0.0134220612123 0.998235941246 0.998657930421
-7.23547094188e-08 -0.0134120263509 0.998267975574 0.998663304425
-7.17735470942e-08 -0.013402065742 0.99829603387 0.99867049841
-7.11923847695e-08 -0.0133921051332 0.998324092166 0.998677692395
-7.06112224449e-08 -0.0133821445243 0.998352150463 0.99868488638
-7.00300601202e-08 -0.0133721839155 0.998380208759 0.998692080364
-6.94488977956e-08 -0.0133622720831 0.998405488385 0.998700296326
-6.88677354709e-08 -0.0133523718311 0.998430108308 0.998708754921
-6.82865731463e-08 -0.0133424715791 0.998454728231 0.998717213516
-6.77054108216e-08 -0.013332571327 0.998479348154 0.998725672112
-6.7124248497e-08 -0.0133226948148 0.998502513707 0.99873452203
-6.65430861723e-08 -0.013312842358 0.998524205541 0.998743768477
-6.59619238477e-08 -0.0133029899013 0.998545897376 0.998753014923
-6.5380761523e-08 -0.0132931374446 0.99856758921 0.99876226137
-6.47995991984e-08 -0.0132832881423 0.998589070725 0.998771542066
-6.42184368737e-08 -0.0132734733259 0.998608252914 0.998781197195
-6.36372745491e-08 -0.0132636585095 0.998627435102 0.998790852324
-6.30561122244e-08 -0.0132538436932 0.998646617291 0.998800507453
-6.24749498998e-08 -0.0132440288768 0.99866579948 0.998810162582
-6.18937875752e-08 -0.0132342307779 0.998683752772 0.998819880488
-6.13126252505e-08 -0.0132244454418 0.998700767876 0.998829646319
-6.07314629259e-08 -0.0132146601057 0.998717782979 0.998839412151
-6.01503006012e-08 -0.0132048747696 0.998734798083 0.998849177983
-5.95691382766e-08 -0.0131950894335 0.998751813186 0.998858943814
-5.89879759519e-08 -0.013185325776 0.998767047044 0.998868596222
-5.84068136273e-08 -0.013175563403 0.998782175352 0.998878241909
-5.78256513026e-08 -0.0131658010301 0.998797303661 0.998887887596
-5.7244488978e-08 -0.0131560386571 0.998812431969 0.998897533283
-5.66633266533e-08 -0.0131462800604 0.998827208509 0.998907116175
-5.60821643287e-08 -0.0131365354777 0.998840679562 0.998916466022
-5.5501002004e-08 -0.013126790895 0.998854150616 0.998925815869
-5.49198396794e-08 -0.0131170463123 0.99886762167 0.998935165717
-5.43386773547e-08 -0.0131073017296 0.998881092724 0.998944515564
-5.37575150301e-08 -0.0130975622075 0.998894021617 0.998953707969
-5.31763527054e-08 -0.0130878313347 0.998906023867 0.998962631279
-5.25951903808e-08 -0.0130781004619 0.998918026117 0.99897155459
-5.20140280561e-08 -0.0130683695891 0.998930028366 0.9989804779
-5.14328657315e-08 -0.0130586387164 0.998942030616 0.99898940121
-5.08517034068e-08 -0.0130489121743 0.998953491725 0.998998109946
-5.02705410822e-08 -0.0130391918128 0.998964180557 0.999006512457
-4.96893787575e-08 -0.0130294714512 0.99897486939 0.999014914968
-4.91082164329e-08 -0.0130197510897 0.998985558223 0.999023317479
-4.85270541082e-08 -0.0130100307281 0.998996247055 0.99903171999
-4.79458917836e-08 -0.0130003130791 0.999006535222 0.999039924343
-4.73647294589e-08 -0.0129906007369 0.999016039554 0.999047741033
-4.67835671343e-08 -0.0129808883946 0.999025543887 0.999055557724
-4.62024048096e-08 -0.0129711760524 0.999035048219 0.999063374414
-4.5621242485e-08 -0.0129614637102 0.999044552551 0.999071191105
-4.50400801603e-08 -0.0129517522516 0.99905390064 0.999078916719
-4.44589178357e-08 -0.0129420459991 0.999062328274 0.99908610579
-4.3877755511e-08 -0.0129323397466 0.999070755908 0.999093294862
-4.32965931864e-08 -0.0129226334941 0.999079183542 0.999100483933
-4.27154308617e-08 -0.0129129272416 0.999087611176 0.999107673004
-4.21342685371e-08 -0.0129032209891 0.99909603881 0.999114862075
-4.15531062124e-08 -0.0128935185572 0.999103648517 0.999121510781
-4.09719438878e-08 -0.0128838169091 0.999111090424 0.99912804863
-4.03907815631e-08 -0.012874115261 0.999118532331 0.999134586478
-3.98096192385e-08 -0.0128644136128 0.999125974238 0.999141124326
-3.92284569138e-08 -0.0128547119647 0.999133416145 0.999147662174
-3.86472945892e-08 -0.0128450116667 0.999140504435 0.999153942727
-3.80661322645e-08 -0.0128353134859 0.999147038123 0.999159819744
-3.74849699399e-08 -0.0128256153052 0.999153571811 0.999165696762
-3.69038076152e-08 -0.0128159171245 0.999160105499 0.999171573779
-3.63226452906e-08 -0.0128062189438 0.999166639186 0.999177450796
-3.57414829659e-08 -0.0127965207631 0.999173172874 0.999183327813
-3.51603206413e-08 -0.0127868247178 0.999179015689 0.999188663061
-3.45791583166e-08 -0.0127771291384 0.999184707786 0.99919388012
-3.3997995992e-08 -0.012767433559 0.999190399884 0.999199097178
-3.34168336673e-08 -0.0127577379796 0.999196091981 0.999204314237
-3.28356713427e-08 -0.0127480424002 0.999201784078 0.999209531295
-3.2254509018e-08 -0.0127383470569 0.999207380973 0.999214669225
-3.16733466934e-08 -0.0127286534218 0.999212289153 0.999219234719
-3.10921843687e-08 -0.0127189597867 0.999217197332 0.999223800212
-3.05110220441e-08 -0.0127092661516 0.999222105512 0.999228365706
-2.99298597194e-08 -0.0126995725165 0.999227013691 0.9992329312
-2.93486973948e-08 -0.0126898788814 0.999231921871 0.999237496694
-2.87675350701e-08 -0.012680185663 0.999236618805 0.999241878485
-2.81863727455e-08 -0.0126704934752 0.999240793145 0.999245805817
-2.76052104208e-08 -0.0126608012875 0.999244967484 0.999249733149
-2.70240480962e-08 -0.0126511090997 0.999249141823 0.999253660481
-2.64428857715e-08 -0.0126414169119 0.999253316162 0.999257587813
-2.58617234469e-08 -0.0126317247242 0.999257490501 0.999261515144
-2.52805611222e-08 -0.0126220328761 0.999261445956 0.999265245323
-2.46993987976e-08 -0.0126123417599 0.999264929825 0.999268550736
-2.41182364729e-08 -0.0126026506437 0.999268413694 0.99927185615
-2.35370741483e-08 -0.0125929595274 0.999271897564 0.999275161564
-2.29559118236e-08 -0.0125832684112 0.999275381433 0.999278466978
-2.2374749499e-08 -0.012573577295 0.999278865303 0.999281772392
-2.17935871743e-08 -0.0125638863405 0.999282214814 0.999284953439
-2.12124248497e-08 -0.0125541960109 0.999285045369 0.999287654117
-2.0631262525e-08 -0.0125445056812 0.999287875925 0.999290354795
-2.00501002004e-08 -0.0125348153515 0.99929070648 0.999293055474
-1.94689378758e-08 -0.0125251250218 0.999293537035 0.999295756152
-1.88877755511e-08 -0.0125154346922 0.99929636759 0.999298456831
-1.83066132265e-08 -0.0125057443625 0.999299198145 0.999301157509
-1.77254509018e-08 -0.0124960545732 0.999301437287 0.999303298987
-1.71442885772e-08 -0.0124863648121 0.999303645626 0.99930541134
-1.65631262525e-08 -0.012476675051 0.999305853966 0.999307523693
-1.59819639279e-08 -0.0124669852899 0.999308062305 0.999309636046
-1.54008016032e-08 -0.0124572955288 0.999310270645 0.999311748399
-1.48196392786e-08 -0.0124476057676 0.999312478985 0.999313860752
-1.42384769539e-08 -0.0124379162251 0.99931435992 0.999315658321
-1.36573146293e-08 -0.0124282268628 0.999315970967 0.999317196404
-1.30761523046e-08 -0.0124185375005 0.999317582013 0.999318734486
-1.249498998e-08 -0.0124088481381 0.99931919306 0.999320272568
-1.19138276553e-08 -0.0123991587758 0.999320804106 0.99932181065
-1.13326653307e-08 -0.0123894694135 0.999322415153 0.999323348733
-1.0751503006e-08 -0.0123797800512 0.999324026199 0.999324886815
-1.01703406814e-08 -0.0123700909499 0.999325061162 0.999325863557
-9.58917835671e-09 -0.01236040185 0.999326093312 0.999326837558
-9.00801603206e-09 -0.01235071275 0.999327125463 0.99932781156
-8.42685370741e-09 -0.0123410236501 0.999328157613 0.999328785561
-7.84569138277e-09 -0.0123313345501 0.999329189763 0.999329759562
-7.26452905812e-09 -0.0123216454502 0.999330221913 0.999330733564
-6.68336673347e-09 -0.0123119563925 0.999331090642 0.999331546537
-6.10220440882e-09 -0.0123022674393 0.999331555234 0.999331961296
-5.52104208417e-09 -0.0122925784862 0.999332019827 0.999332376055
-4.93987975952e-09 -0.012282889533 0.99933248442 0.999332790813
-4.35871743487e-09 -0.0122732005799 0.999332949013 0.999333205572
-3.77755511022e-09 -0.0122635116267 0.999333413606 0.999333620331
-3.19639278557e-09 -0.0122538226736 0.999333878199 0.99933403509
-2.61523046092e-09 -0.0122441337378 0.999334104293 0.999334212482
-2.03406813627e-09 -0.0122344448255 0.999334004937 0.999334065971
-1.45290581162e-09 -0.0122247559133 0.999333905581 0.99933391946
-8.71743486974e-10 -0.0122150670011 0.999333806225 0.999333772949
-2.90581162324e-10 -0.0122053780889 0.99933370687 0.999333626438
2.90581162325e-10 -0.0121956891766 0.999333607514 0.999333479927
8.71743486974e-10 -0.0121860002644 0.999333508158 0.999333333416
1.45290581162e-09 -0.0121763113258 0.999333183356 0.999332960295
2.03406813627e-09 -0.0121666223472 0.999332515178 0.999332242025
2.61523046092e-09 -0.0121569333685 0.999331846999 0.999331523754
3.19639278557e-09 -0.0121472443898 0.99933117882 0.999330805484
3.77755511022e-09 -0.0121375554112 0.999330510641 0.999330087213
4.35871743487e-09 -0.0121278664325 0.999329842463 0.999329368943
4.93987975952e-09 -0.0121181774538 0.999329174284 0.999328650673
5.52104208417e-09 -0.0121084884366 0.999328386937 0.999327811289
6.10220440882e-09 -0.0120987992693 0.999327135814 0.999326500558
6.68336673347e-09 -0.012089110102 0.99932588469 0.999325189827
7.26452905812e-09 -0.0120794209348 0.999324633567 0.999323879095
7.84569138277e-09 -0.0120697317675 0.999323382443 0.999322568364
8.42685370742e-09 -0.0120600426002 0.99932213132 0.999321257633
9.00801603206e-09 -0.012050353433 0.999320880197 0.999319946902
9.58917835671e-09 -0.0120406642657 0.999319629073 0.999318636171
1.01703406814e-08 -0.0120309748089 0.999317866098 0.999316798072
1.0751503006e-08 -0.0120212852982 0.999316007996 0.999314861962
1.13326653307e-08 -0.0120115957875 0.999314149893 0.999312925852
1.19138276553e-08 -0.0120019062769 0.999312291791 0.999310989742
1.249498998e-08 -0.0119922167662 0.999310433688 0.999309053632
1.30761523046e-08 -0.0119825272556 0.999308575586 0.999307117522
1.36573146293e-08 -0.0119728377449 0.999306717484 0.999305181412
1.42384769539e-08 -0.0119631480621 0.999304661269 0.999303037423
1.48196392786e-08 -0.0119534579939 0.999302161853 0.99930042838
1.54008016032e-08 -0.0119437679257 0.999299662436 0.999297819336
1.59819639279e-08 -0.0119340778575 0.99929716302 0.999295210293
1.65631262525e-08 -0.0119243877893 0.999294663603 0.999292601249
1.71442885772e-08 -0.0119146977212 0.999292164187 0.999289992206
1.77254509018e-08 -0.011905007653 0.99928966477 0.999287383163
1.83066132265e-08 -0.0118953175848 0.999287165353 0.999284774119
1.88877755511e-08 -0.0118856269946 0.999284256354 0.999281724158
1.94689378758e-08 -0.0118759360523 0.999281071171 0.999278376883
2.00501002004e-08 -0.01186624511 0.999277885987 0.999275029608
2.06312625251e-08 -0.0118565541677 0.999274700804 0.999271682333
2.12124248497e-08 -0.0118468632255 0.99927151562 0.999268335059
2.17935871743e-08 -0.0118371722832 0.999268330437 0.999264987784
2.2374749499e-08 -0.0118274813409 0.999265145253 0.999261640509
2.29559118236e-08 -0.0118177903986 0.99926196007 0.999258293234
2.35370741483e-08 -0.0118080984954 0.999258254474 0.999254364657
2.41182364729e-08 -0.0117984061885 0.999254330222 0.999250191841
2.46993987976e-08 -0.0117887138816 0.99925040597 0.999246019024
2.52805611222e-08 -0.0117790215746 0.999246481718 0.999241846208
2.58617234469e-08 -0.0117693292677 0.999242557466 0.999237673391
2.64428857715e-08 -0.0117596369608 0.999238633214 0.999233500575
2.70240480962e-08 -0.0117499446538 0.999234708962 0.999229327758
2.76052104208e-08 -0.0117402523469 0.99923078471 0.999225154942
2.81863727455e-08 -0.0117305586945 0.999226361497 0.999220393634
2.87675350701e-08 -0.0117208642357 0.999221639287 0.999215279679
2.93486973948e-08 -0.011711169777 0.999216917077 0.999210165723
2.99298597194e-08 -0.0117014753182 0.999212194866 0.999205051767
3.05110220441e-08 -0.0116917808595 0.999207472656 0.999199937811
3.10921843687e-08 -0.0116820864007 0.999202750445 0.999194823856
3.16733466934e-08 -0.0116723919419 0.999198028235 0.9991897099
3.2254509018e-08 -0.0116626974832 0.999193306025 0.999184595944
3.28356713427e-08 -0.0116530017954 0.999188278939 0.999179091849
3.34168336673e-08 -0.0116433038875 0.999182701164 0.999172883052
3.3997995992e-08 -0.0116336059797 0.99917712339 0.999166674256
3.45791583166e-08 -0.0116239080718 0.999171545615 0.99916046546
3.51603206413e-08 -0.011614210164 0.99916596784 0.999154256663
3.57414829659e-08 -0.0116045122561 0.999160390065 0.999148047867
3.63226452906e-08 -0.0115948143483 0.99915481229 0.99914183907
3.69038076152e-08 -0.0115851164404 0.999149234515 0.999135630274
3.74849699399e-08 -0.0115754185326 0.99914365674 0.999129421477
3.80661322645e-08 -0.0115657155946 0.999137276808 0.999122049511
3.86472945892e-08 -0.0115560120528 0.999130800572 0.999114537901
3.92284569138e-08 -0.0115463085109 0.999124324337 0.999107026291
3.98096192385e-08 -0.0115366049691 0.999117848102 0.99909951468
4.03907815631e-08 -0.0115269014273 0.999111371867 0.99909200307
4.09719438878e-08 -0.0115171978854 0.999104895631 0.99908449146
4.15531062124e-08 -0.0115074943436 0.999098419396 0.99907697985
4.21342685371e-08 -0.0114977908017 0.999091943161 0.99906946824
4.27154308617e-08 -0.0114880851007 0.99908525952 0.999061590084
4.32965931864e-08 -0.0114783721762 0.999077882026 0.999052485683
4.3877755511e-08 -0.0114686592517 0.999070504531 0.999043381283
4.44589178357e-08 -0.0114589463272 0.999063127036 0.999034276882
4.50400801603e-08 -0.0114492334027 0.999055749541 0.999025172482
4.5621242485e-08 -0.0114395204782 0.999048372046 0.999016068081
4.62024048096e-08 -0.0114298075537 0.999040994551 0.99900696368
4.67835671343e-08 -0.0114200946292 0.999033617057 0.99899785928
4.73647294589e-08 -0.0114103817047 0.999026239562 0.998988754879
4.79458917836e-08 -0.0114006629909 0.99901856517 0.998978918247
4.85270541082e-08 -0.0113909341444 0.99901037113 0.998967800014
4.91082164329e-08 -0.0113812052979 0.99900217709 0.99895668178
4.96893787575e-08 -0.0113714764515 0.998993983049 0.998945563547
5.02705410822e-08 -0.011361747605 0.998985789009 0.998934445313
5.08517034068e-08 -0.0113520187585 0.998977594969 0.998923327079
5.14328657315e-08 -0.011342289912 0.998969400928 0.998912208846
5.20140280561e-08 -0.0113325610655 0.998961206888 0.998901090612
5.25951903808e-08 -0.011322832219 0.998953012848 0.998889972378
5.31763527054e-08 -0.011313095439 0.998944658467 0.998878088399
5.37575150301e-08 -0.0113033390872 0.99893590853 0.998864315335
5.43386773547e-08 -0.0112935827354 0.998927158593 0.998850542271
5.49198396794e-08 -0.0112838263836 0.998918408655 0.998836769207
5.5501002004e-08 -0.0112740700318 0.998909658718 0.998822996143
5.60821643287e-08 -0.01126431368 0.998900908781 0.998809223079
5.66633266533e-08 -0.0112545573282 0.998892158844 0.998795450016
5.7244488978e-08 -0.0112448009763 0.998883408906 0.998781676952
5.78256513026e-08 -0.0112350446245 0.998874658969 0.998767903888
5.84068136273e-08 -0.0112252882727 0.998865909032 0.998754130824
5.89879759519e-08 -0.0112154836109 0.99885720543 0.998736678871
5.95691382766e-08 -0.0112056789357 0.998848501841 0.998719225892
6.01503006012e-08 -0.0111958742604 0.998839798252 0.998701772914
6.07314629259e-08 -0.0111860695852 0.998831094663 0.998684319935
6.13126252505e-08 -0.0111762649099 0.998822391074 0.998666866957
6.18937875752e-08 -0.0111664602347 0.998813687485 0.998649413978
6.24749498998e-08 -0.0111566555594 0.998804983896 0.998631960999
6.30561122244e-08 -0.0111468508841 0.998796280307 0.998614508021
6.36372745491e-08 -0.0111370462089 0.998787576718 0.998597055042
6.42184368737e-08 -0.0111271990525 0.998779514853 0.99857694437
6.47995991984e-08 -0.0111173081097 0.99877211443 0.998554094344
6.5380761523e-08 -0.0111074171669 0.998764714007 0.998531244318
6.59619238477e-08 -0.0110975262241 0.998757313584 0.998508394292
6.65430861723e-08 -0.0110876352813 0.998749913161 0.998485544266
6.7124248497e-08 -0.0110777443385 0.998742512738 0.99846269424
6.77054108216e-08 -0.0110678533957 0.998735112315 0.998439844214
6.82865731463e-08 -0.0110579624529 0.998727711892 0.998416994188
6.88677354709e-08 -0.0110480715101 0.998720311469 0.998394144162
6.94488977956e-08 -0.0110381805673 0.998712911046 0.998371294135
7.00300601202e-08 -0.0110281705473 0.998708413324 0.998342053916
7.06112224449e-08 -0.0110181232188 0.998704825061 0.998310811553
7.11923847695e-08 -0.0110080758902 0.998701236798 0.998279569191
7.17735470942e-08 -0.0109980285617 0.998697648535 0.998248326829
7.23547094188e-08 -0.0109879812331 0.998694060273 0.998217084467
7.29358717435e-08 -0.0109779339045 0.99869047201 0.998185842105
7.35170340681e-08 -0.010967886576 0.998686883747 0.998154599743
7.40981963928e-08 -0.0109578392474 0.998683295484 0.99812335738
7.46793587174e-08 -0.0109477919188 0.998679707221 0.998092115018
7.52605210421e-08 -0.0109377445903 0.998676118959 0.998060872656
7.58416833667e-08 -0.0109274666498 0.998679526048 0.998018573453
7.64228456914e-08 -0.0109171315775 0.998684666168 0.997973535026
7.7004008016e-08 -0.0109067965052 0.998689806288 0.9979284966
7.75851703407e-08 -0.0108964614329 0.998694946408 0.997883458173
7.81663326653e-08 -0.0108861263606 0.998700086528 0.997838419746
7.874749499e-08 -0.0108757912883 0.998705226648 0.997793381319
7.93286573146e-08 -0.010865456216 0.998710366768 0.997748342892
7.99098196393e-08 -0.0108551211436 0.998715506888 0.997703304465
8.04909819639e-08 -0.0108447860713 0.998720647008 0.997658266038
8.10721442886e-08 -0.010834450999 0.998725787128 0.997613227611
8.16533066132e-08 -0.0108237897828 0.998742045875 0.99755373101
8.22344689379e-08 -0.0108129174919 0.998765500408 0.997484877325
8.28156312625e-08 -0.010802045201 0.998788954941 0.997416023641
8.33967935872e-08 -0.01079117291 0.998812409473 0.997347169956
8.39779559118e-08 -0.0107803006191 0.998835864006 0.997278316271
8.45591182365e-08 -0.0107694283281 0.998859318539 0.997209462586
8.51402805611e-08 -0.0107585560372 0.998882773072 0.997140608901
8.57214428858e-08 -0.0107476837462 0.998906227605 0.997071755216
8.63026052104e-08 -0.0107368114553 0.998929682138 0.997002901532
8.68837675351e-08 -0.0107259391644 0.99895313667 0.996934047847
8.74649298597e-08 -0.0107148909699 0.99898299884 0.996857793967
8.80460921844e-08 -0.0107030010826 0.999043521347 0.996746130396
8.8627254509e-08 -0.0106911111953 0.999104043853 0.996634466825
8.92084168337e-08 -0.010679221308 0.99916456636 0.996522803255
8.97895791583e-08 -0.0106673314207 0.999225088866 0.996411139684
9.0370741483e-08 -0.0106554415334 0.999285611372 0.996299476113
9.09519038076e-08 -0.0106435516461 0.999346133879 0.996187812542
9.15330661323e-08 -0.0106316617587 0.999406656385 0.996076148971
9.21142284569e-08 -0.0106197718714 0.999467178892 0.9959644854
9.26953907816e-08 -0.0106078819841 0.999527701398 0.995852821829
9.32765531062e-08 -0.0105959920968 0.999588223904 0.995741158259
9.38577154309e-08 -0.0105831379201 0.999685274918 0.995590302375
9.44388777555e-08 -0.0105692924606 0.999819876987 0.995399157062
9.50200400802e-08 -0.010555447001 0.999954479055 0.995208011749
9.56012024048e-08 -0.0105416015414 1.00008908112 0.995016866436
9.61823647295e-08 -0.0105277560818 1.00022368319 0.994825721123
9.67635270541e-08 -0.0105139106222 1.00035828526 0.99463457581
9.73446893788e-08 -0.0105000651626 1.00049288733 0.994443430497
9.79258517034e-08 -0.010486219703 1.0006274894 0.994252285185
9.85070140281e-08 -0.0104723742435 1.00076209147 0.994061139872
9.90881763527e-08 -0.0104585287839 1.00089669354 0.993869994559
9.96693386774e-08 -0.0104446833243 1.00103129561 0.993678849246
1.00250501002e-07 -0.0104286947805 1.00124912882 0.993402653639
1.00831663327e-07 -0.0104110362011 1.00153182135 0.993060181108
1.01412825651e-07 -0.0103933776216 1.00181451389 0.992717708576
1.01993987976e-07 -0.0103757190422 1.00209720642 0.992375236045
1.02575150301e-07 -0.0103580604627 1.00237989896 0.992032763514
1.03156312625e-07 -0.0103404018832 1.00266259149 0.991690290983
1.0373747495e-07 -0.0103227433038 1.00294528403 0.991347818451
1.04318637275e-07 -0.0103050847243 1.00322797656 0.99100534592
1.04899799599e-07 -0.0102874261449 1.0035106691 0.990662873389
1.05480961924e-07 -0.0102697675654 1.00379336163 0.990320400858
1.06062124248e-07 -0.010252108986 1.00407605417 0.989977928326
1.06643286573e-07 -0.0102316305236 1.00447040246 0.989525735279
1.07224448898e-07 -0.0102064269166 1.00505184704 0.988889688746
1.07805611222e-07 -0.0101812233095 1.00563329161 0.988253642213
1.08386773547e-07 -0.0101560197025 1.00621473619 0.987617595679
1.08967935872e-07 -0.0101308160955 1.00679618077 0.986981549146
1.09549098196e-07 -0.0101056124885 1.00737762534 0.986345502613
1.10130260521e-07 -0.0100804088815 1.00795906992 0.985709456079
1.10711422846e-07 -0.0100552052745 1.0085405145 0.985073409546
1.1129258517e-07 -0.0100300016675 1.00912195907 0.984437363012
1.11873747495e-07 -0.0100047980604 1.00970340365 0.983801316479
1.1245490982e-07 -0.00997959445343 1.01028484823 0.983165269946
1.13036072144e-07 -0.00995439084642 1.0108662928 0.982529223412
1.13617234469e-07 -0.00991521311622 1.01201318066 0.981361705378
1.14198396794e-07 -0.00987485615546 1.01320778443 0.980149338201
1.14779559118e-07 -0.0098344991947 1.0144023882 0.978936971024
1.15360721443e-07 -0.00979414223394 1.01559699196 0.977724603847
1.15941883768e-07 -0.00975378527318 1.01679159573 0.976512236671
1.16523046092e-07 -0.00971342831241 1.0179861995 0.975299869494
1.17104208417e-07 -0.00967307135165 1.01918080326 0.974087502317
1.17685370741e-07 -0.00963271439089 1.02037540703 0.97287513514
1.18266533066e-07 -0.00959235743013 1.0215700108 0.971662767964
1.18847695391e-07 -0.00955200046937 1.02276461456 0.970450400787
1.19428857715e-07 -0.00951164350861 1.02395921833 0.96923803361
1.2001002004e-07 -0.00946507091391 1.02541418023 0.967797696685
1.20591182365e-07 -0.00939381391648 1.02790311306 0.965452014121
1.21172344689e-07 -0.00932255691905 1.0303920459 0.963106331557
1.21753507014e-07 -0.00925129992162 1.03288097874 0.960760648992
1.22334669339e-07 -0.00918004292419 1.03536991158 0.958414966428
1.22915831663e-07 -0.00910878592676 1.03785884442 0.956069283864
1.23496993988e-07 -0.00903752892933 1.04034777726 0.9537236013
1.24078156313e-07 -0.0089662719319 1.0428367101 0.951377918736
1.24659318637e-07 -0.00889501493446 1.04532564293 0.949032236172
1.25240480962e-07 -0.00882375793703 1.04781457577 0.946686553607
1.25821643287e-07 -0.0087525009396 1.05030350861 0.944340871043
1.26402805611e-07 -0.00868124394217 1.05279244145 0.941995188479
1.26983967936e-07 -0.00859690825273 1.05586672705 0.939201916942
1.27565130261e-07 -0.00846163978717 1.06122057099 0.934665585093
1.28146292585e-07 -0.0083263713216 1.06657441493 0.930129253244
1.2872745491e-07 -0.00819110285604 1.07192825887 0.925592921395
1.29308617234e-07 -0.00805583439048 1.07728210281 0.921056589546
1.29889779559e-07 -0.00792056592491 1.08263594675 0.916520257697
1.30470941884e-07 -0.00778529745935 1.08798979069 0.911983925848
1.31052104208e-07 -0.00765002899379 1.09334363463 0.907447594
1.31633266533e-07 -0.00751476052822 1.09869747857 0.902911262151
1.32214428858e-07 -0.00737949206266 1.1040513225 0.898374930302
1.32795591182e-07 -0.0072442235971 1.10940516644 0.893838598453
1.33376753507e-07 -0.00710895513153 1.11475901038 0.889302266604
1.33957915832e-07 -0.00697368666597 1.12011285432 0.884765934755
1.34539078156e-07 -0.00671359145606 1.13186448932 0.87652932095
1.35120240481e-07 -0.0064434021649 1.14413347998 0.867993484834
1.35701402806e-07 -0.00617321287374 1.15640247064 0.859457648718
1.3628256513e-07 -0.00590302358258 1.1686714613 0.850921812603
1.36863727455e-07 -0.00563283429141 1.18094045196 0.842385976487
1.3744488978e-07 -0.00536264500025 1.19320944262 0.833850140372
1.38026052104e-07 -0.00509245570909 1.20547843328 0.825314304256
1.38607214429e-07 -0.00482226641793 1.21774742394 0.816778468141
1.39188376754e-07 -0.00455207712676 1.2300164146 0.808242632025
1.39769539078e-07 -0.0042818878356 1.24228540526 0.799706795909
1.40350701403e-07 -0.00401169854444 1.25455439592 0.791170959794
1.40931863727e-07 -0.00374150925328 1.26682338658 0.782635123678
1.41513026052e-07 -0.00336738555778 1.28530781668 0.771519826735
1.42094188377e-07 -0.00280615463149 1.31498155092 0.755760872326
1.42675350701e-07 -0.00224492370519 1.34465528516 0.740001917917
1.43256513026e-07 -0.00168369277889 1.37432901941 0.724242963509
1.43837675351e-07 -0.00112246185259 1.40400275365 0.7084840091
1.44418837675e-07 -0.000561230926297 1.4336764879 0.692725054692
1.45e-07 0 1.46335022214 0.676966100283
