-1.45e-07 0 	0 	-308.697553179 	
-1.44418837675e-07 0 	0 	-294.094113709 	
-1.43837675351e-07 0 	0 	-279.930116011 	
-1.43256513026e-07 0 	0 	-266.758537266 	
-1.42675350701e-07 0 	0 	-254.36212608 	
-1.42094188377e-07 0 	0 	-242.606511428 	
-1.41513026052e-07 0 	0 	-231.445746241 	
-1.40931863727e-07 0 	0 	-221.160027931 	
-1.40350701403e-07 0 	0 	-211.404809148 	
-1.39769539078e-07 0 	0 	-202.113285952 	
-1.39188376754e-07 0 	0 	-193.479763603 	
-1.38607214429e-07 0 	0 	-185.369589986 	
-1.38026052104e-07 0 	0 	-177.614685867 	
-1.3744488978e-07 0 	0 	-170.430893582 	
-1.36863727455e-07 0 	0 	-163.662015339 	
-1.3628256513e-07 0 	0 	-157.161410797 	
-1.35701402806e-07 0 	0 	-151.238792338 	
-1.35120240481e-07 0 	0 	-145.556625812 	
-1.34539078156e-07 0 	0 	-140.198437948 	
-1.33957915832e-07 0 	0 	-135.239990337 	
-1.33376753507e-07 0 	0 	-130.435573166 	
-1.32795591182e-07 0 	0 	-126.083317679 	
-1.32214428858e-07 0 	0 	-121.87513196 	
-1.31633266533e-07 0 	0 	-117.968186455 	
-1.31052104208e-07 0 	0 	-114.283162116 	
-1.30470941884e-07 0 	0 	-110.785638819 	
-1.29889779559e-07 0 	0 	-107.557916977 	
-1.29308617234e-07 0 	0 	-104.435836087 	
-1.2872745491e-07 0 	0 	-101.606400089 	
-1.28146292585e-07 0 	0 	-98.8276767086 	
-1.27565130261e-07 0 	0 	-96.343959126 	
-1.26983967936e-07 0 	0 	-93.8783826608 	
-1.26402805611e-07 0 	0 	-91.6938534015 	
-1.25821643287e-07 0 	0 	-89.5130595901 	
-1.25240480962e-07 0 	0 	-87.5868004689 	
-1.24659318637e-07 0 	0 	-85.6642364955 	
-1.24078156313e-07 0 	0 	-83.9605077657 	
-1.23496993988e-07 0 	0 	-82.2713910439 	
-1.22915831663e-07 0 	0 	-80.7591948839 	
-1.22334669339e-07 0 	0 	-79.2804657813 	
-1.21753507014e-07 0 	0 	-77.9331120056 	
-1.21172344689e-07 0 	0 	-76.6433813263 	
-1.20591182365e-07 0 	0 	-75.4380598606 	
-1.2001002004e-07 0 	0 	-74.3175514276 	
-1.19428857715e-07 0 	0 	-73.2349160347 	
-1.18847695391e-07 0 	0 	-72.265405099 	
-1.18266533066e-07 0 	0 	-71.2958941634 	
-1.17685370741e-07 0 	0 	-70.4539203119 	
-1.17104208417e-07 0 	0 	-69.6186683091 	
-1.16523046092e-07 0 	0 	-68.8541735303 	
-1.15941883768e-07 0 	0 	-68.1378599791 	
-1.15360721443e-07 0 	0 	-67.4409086356 	
-1.14779559118e-07 0 	0 	-66.8295606161 	
-1.14198396794e-07 0 	0 	-66.2182125966 	
-1.13617234469e-07 0 	0 	-65.6730482574 	
-1.13036072144e-07 0 	0 	-65.1539681948 	
-1.1245490982e-07 0 	0 	-64.6504028858 	
-1.11873747495e-07 0 	0 	-64.2120952312 	
-1.1129258517e-07 0 	0 	-63.7737875766 	
-1.10711422846e-07 0 	0 	-63.3782467696 	
-1.10130260521e-07 0 	0 	-63.010344158 	
-1.09549098196e-07 0 	0 	-62.6424415464 	
-1.08967935872e-07 0 	0 	-62.3333084758 	
-1.08386773547e-07 0 	0 	-62.0264980602 	
-1.07805611222e-07 0 	0 	-61.7331031787 	
-1.07224448898e-07 0 	0 	-61.4790533617 	
-1.06643286573e-07 0 	0 	-61.2250035447 	
-1.06062124248e-07 0 	0 	-60.9928451773 	
-1.05480961924e-07 0 	0 	-60.784133602 	
-1.04899799599e-07 0 	0 	-60.5754220267 	
-1.04318637275e-07 0 	0 	-60.3917540569 	
-1.0373747495e-07 0 	0 	-60.2217971701 	
-1.03156312625e-07 0 	0 	-60.0518402832 	
-1.02575150301e-07 0 	0 	-59.9063529462 	
-1.01993987976e-07 0 	0 	-59.7693374647 	
-1.01412825651e-07 0 	0 	-59.6323219833 	
-1.00831663327e-07 0 	0 	-59.516768255 	
-1.00250501002e-07 0 	0 	-59.4075849565 	
-9.96693386774e-08 0 	0 	-59.298401658 	
-9.90881763527e-08 0 	0 	-59.2062616145 	
-9.85070140281e-08 0 	0 	-59.1204419515 	
-9.79258517034e-08 0 	0 	-59.0346222885 	
-9.73446893788e-08 0 	0 	-58.9608045957 	
-9.67635270541e-08 0 	0 	-58.8944601102 	
-9.61823647295e-08 0 	0 	-58.8281156247 	
-9.56012024048e-08 0 	0 	-58.7686950454 	
-9.50200400802e-08 0 	0 	-58.7184599561 	
-9.44388777555e-08 0 	0 	-58.6682248668 	
-9.38577154309e-08 0 	0 	-58.6202141876 	
-9.32765531062e-08 0 	0 	-58.5831913239 	
-9.26953907816e-08 0 	0 	-58.5461684601 	
-9.21142284569e-08 0 	0 	-58.5091455963 	
-9.15330661323e-08 0 	0 	-58.4810329634 	
-9.09519038076e-08 0 	0 	-58.4547431274 	
-9.0370741483e-08 0 	0 	-58.4284532913 	
-8.97895791583e-08 0 	0 	-58.4057291358 	
-8.92084168337e-08 0 	0 	-58.3880639766 	
-8.8627254509e-08 0 	0 	-58.3703988174 	
-8.80460921844e-08 0 	0 	-58.3527336582 	
-8.74649298597e-08 0 	0 	-58.3413391269 	
-8.68837675351e-08 0 	0 	-58.3305174895 	
-8.63026052104e-08 0 	0 	-58.3196958522 	
-8.57214428858e-08 0 	0 	-58.3106762009 	
-8.51402805611e-08 0 	0 	-58.3052040159 	
-8.45591182365e-08 0 	0 	-58.2997318309 	
-8.39779559118e-08 0 	0 	-58.2942596458 	
-8.33967935872e-08 0 	0 	-58.2915514767 	
-8.28156312625e-08 0 	0 	-58.2901851139 	
-8.22344689379e-08 0 	0 	-58.2888187511 	
-8.16533066132e-08 0 	0 	-58.2874523883 	
-8.10721442886e-08 0 	0 	-58.2889292145 	
-8.04909819639e-08 0 	0 	-58.2906421471 	
-7.99098196393e-08 0 	0 	-58.2923550797 	
-7.93286573146e-08 0 	0 	-58.2942588795 	
-7.874749499e-08 0 	0 	-58.2982116033 	
-7.81663326653e-08 0 	0 	-58.3021643272 	
-7.75851703407e-08 0 	0 	-58.306117051 	
-7.7004008016e-08 0 	0 	-58.3103144328 	
-7.64228456914e-08 0 	0 	-58.3158275359 	
-7.58416833667e-08 0 	0 	-58.3213406391 	
-7.52605210421e-08 0 	0 	-58.3268537422 	
-7.46793587174e-08 0 	0 	-58.3325050845 	
-7.40981963928e-08 0 	0 	-58.3390351647 	
-7.35170340681e-08 0 	0 	-58.3455652449 	
-7.29358717435e-08 0 	0 	-58.352095325 	
-7.23547094188e-08 0 	0 	-58.3586374383 	
-7.17735470942e-08 0 	0 	-58.3657558142 	
-7.11923847695e-08 0 	0 	-58.3728741902 	
-7.06112224449e-08 0 	0 	-58.3799925661 	
-7.00300601202e-08 0 	0 	-58.3871109421 	
-6.94488977956e-08 0 	0 	-58.3944358962 	
-6.88677354709e-08 0 	0 	-58.4018098954 	
-6.82865731463e-08 0 	0 	-58.4091838946 	
-6.77054108216e-08 0 	0 	-58.4165578938 	
-6.7124248497e-08 0 	0 	-58.4239331784 	
-6.65430861723e-08 0 	0 	-58.4313097657 	
-6.59619238477e-08 0 	0 	-58.438686353 	
-6.5380761523e-08 0 	0 	-58.4460629402 	
-6.47995991984e-08 0 	0 	-58.453424024 	
-6.42184368737e-08 0 	0 	-58.4606156157 	
-6.36372745491e-08 0 	0 	-58.4678072075 	
-6.30561122244e-08 0 	0 	-58.4749987993 	
-6.24749498998e-08 0 	0 	-58.482190391 	
-6.18937875752e-08 0 	0 	-58.4892008833 	
-6.13126252505e-08 0 	0 	-58.4960731169 	
-6.07314629259e-08 0 	0 	-58.5029453506 	
-6.01503006012e-08 0 	0 	-58.5098175843 	
-5.95691382766e-08 0 	0 	-58.516689818 	
-5.89879759519e-08 0 	0 	-58.5231740948 	
-5.84068136273e-08 0 	0 	-58.5296353829 	
-5.78256513026e-08 0 	0 	-58.536096671 	
-5.7244488978e-08 0 	0 	-58.542557959 	
-5.66633266533e-08 0 	0 	-58.5489197809 	
-5.60821643287e-08 0 	0 	-58.5549124629 	
-5.5501002004e-08 0 	0 	-58.5609051449 	
-5.49198396794e-08 0 	0 	-58.5668978269 	
-5.43386773547e-08 0 	0 	-58.5728905089 	
-5.37575150301e-08 0 	0 	-58.578698698 	
-5.31763527054e-08 0 	0 	-58.5841915574 	
-5.25951903808e-08 0 	0 	-58.5896844168 	
-5.20140280561e-08 0 	0 	-58.5951772762 	
-5.14328657315e-08 0 	0 	-58.6006701357 	
-5.08517034068e-08 0 	0 	-58.605952539 	
-5.02705410822e-08 0 	0 	-58.6109345948 	
-4.96893787575e-08 0 	0 	-58.6159166506 	
-4.91082164329e-08 0 	0 	-58.6208987063 	
-4.85270541082e-08 0 	0 	-58.6258807621 	
-4.79458917836e-08 0 	0 	-58.6306914232 	
-4.73647294589e-08 0 	0 	-58.6351667793 	
-4.67835671343e-08 0 	0 	-58.6396421354 	
-4.62024048096e-08 0 	0 	-58.6441174915 	
-4.5621242485e-08 0 	0 	-58.6485928476 	
-4.50400801603e-08 0 	0 	-58.6529968445 	
-4.44589178357e-08 0 	0 	-58.6569804527 	
-4.3877755511e-08 0 	0 	-58.660964061 	
-4.32965931864e-08 0 	0 	-58.6649476693 	
-4.27154308617e-08 0 	0 	-58.6689312775 	
-4.21342685371e-08 0 	0 	-58.6729148858 	
-4.15531062124e-08 0 	0 	-58.6765090335 	
-4.09719438878e-08 0 	0 	-58.6800232822 	
-4.03907815631e-08 0 	0 	-58.6835375308 	
-3.98096192385e-08 0 	0 	-58.6870517795 	
-3.92284569138e-08 0 	0 	-58.6905660281 	
-3.86472945892e-08 0 	0 	-58.6939080619 	
-3.80661322645e-08 0 	0 	-58.6969799978 	
-3.74849699399e-08 0 	0 	-58.7000519338 	
-3.69038076152e-08 0 	0 	-58.7031238697 	
-3.63226452906e-08 0 	0 	-58.7061958057 	
-3.57414829659e-08 0 	0 	-58.7092677416 	
-3.51603206413e-08 0 	0 	-58.712000789 	
-3.45791583166e-08 0 	0 	-58.7146599061 	
-3.3997995992e-08 0 	0 	-58.7173190232 	
-3.34168336673e-08 0 	0 	-58.7199781402 	
-3.28356713427e-08 0 	0 	-58.7226372573 	
-3.2254509018e-08 0 	0 	-58.7252499079 	
-3.16733466934e-08 0 	0 	-58.7275264111 	
-3.10921843687e-08 0 	0 	-58.7298029144 	
-3.05110220441e-08 0 	0 	-58.7320794177 	
-2.99298597194e-08 0 	0 	-58.734355921 	
-2.93486973948e-08 0 	0 	-58.7366324243 	
-2.87675350701e-08 0 	0 	-58.7388072879 	
-2.81863727455e-08 0 	0 	-58.7407307066 	
-2.76052104208e-08 0 	0 	-58.7426541253 	
-2.70240480962e-08 0 	0 	-58.7445775439 	
-2.64428857715e-08 0 	0 	-58.7465009626 	
-2.58617234469e-08 0 	0 	-58.7484243813 	
-2.52805611222e-08 0 	0 	-58.750244668 	
-2.46993987976e-08 0 	0 	-58.7518427586 	
-2.41182364729e-08 0 	0 	-58.7534408492 	
-2.35370741483e-08 0 	0 	-58.7550389398 	
-2.29559118236e-08 0 	0 	-58.7566370304 	
-2.2374749499e-08 0 	0 	-58.758235121 	
-2.17935871743e-08 0 	0 	-58.7597714719 	
-2.12124248497e-08 0 	0 	-58.7610693531 	
-2.0631262525e-08 0 	0 	-58.7623672343 	
-2.00501002004e-08 0 	0 	-58.7636651155 	
-1.94689378758e-08 0 	0 	-58.7649629967 	
-1.88877755511e-08 0 	0 	-58.7662608779 	
-1.83066132265e-08 0 	0 	-58.7675587591 	
-1.77254509018e-08 0 	0 	-58.768591967 	
-1.71442885772e-08 0 	0 	-58.7696113901 	
-1.65631262525e-08 0 	0 	-58.7706308133 	
-1.59819639279e-08 0 	0 	-58.7716502364 	
-1.54008016032e-08 0 	0 	-58.7726696595 	
-1.48196392786e-08 0 	0 	-58.7736890826 	
-1.42384769539e-08 0 	0 	-58.7745656054 	
-1.36573146293e-08 0 	0 	-58.7753243309 	
-1.30761523046e-08 0 	0 	-58.7760830564 	
-1.249498998e-08 0 	0 	-58.7768417818 	
-1.19138276553e-08 0 	0 	-58.7776005073 	
-1.13326653307e-08 0 	0 	-58.7783592328 	
-1.0751503006e-08 0 	0 	-58.7791179583 	
-1.01703406814e-08 0 	0 	-58.7796303637 	
-9.58917835671e-09 0 	0 	-58.7801415666 	
-9.00801603206e-09 0 	0 	-58.7806527695 	
-8.42685370741e-09 0 	0 	-58.7811639724 	
-7.84569138277e-09 0 	0 	-58.7816751753 	
-7.26452905812e-09 0 	0 	-58.7821863783 	
-6.68336673347e-09 0 	0 	-58.7826286108 	
-6.10220440882e-09 0 	0 	-58.7829002828 	
-5.52104208417e-09 0 	0 	-58.7831719548 	
-4.93987975952e-09 0 	0 	-58.7834436269 	
-4.35871743487e-09 0 	0 	-58.7837152989 	
-3.77755511022e-09 0 	0 	-58.7839869709 	
-3.19639278557e-09 0 	0 	-58.7842586429 	
-2.61523046092e-09 0 	0 	-58.7844299197 	
-2.03406813627e-09 0 	0 	-58.7844641999 	
-1.45290581162e-09 0 	0 	-58.7844984801 	
-8.71743486974e-10 0 	0 	-58.7845327602 	
-2.90581162324e-10 0 	0 	-58.7845670404 	
2.90581162325e-10 0 	0 	-58.7846013206 	
8.71743486974e-10 0 	0 	-58.7846356008 	
1.45290581162e-09 0 	0 	-58.7845740111 	
2.03406813627e-09 0 	0 	-58.7843664023 	
2.61523046092e-09 0 	0 	-58.7841587934 	
3.19639278557e-09 0 	0 	-58.7839511845 	
3.77755511022e-09 0 	0 	-58.7837435756 	
4.35871743487e-09 0 	0 	-58.7835359668 	
4.93987975952e-09 0 	0 	-58.7833283579 	
5.52104208417e-09 0 	0 	-58.7830688345 	
6.10220440882e-09 0 	0 	-58.7826072709 	
6.68336673347e-09 0 	0 	-58.7821457073 	
7.26452905812e-09 0 	0 	-58.7816841437 	
7.84569138277e-09 0 	0 	-58.7812225801 	
8.42685370742e-09 0 	0 	-58.7807610166 	
9.00801603206e-09 0 	0 	-58.780299453 	
9.58917835671e-09 0 	0 	-58.7798378894 	
1.01703406814e-08 0 	0 	-58.7791446539 	
1.0751503006e-08 0 	0 	-58.7784083623 	
1.13326653307e-08 0 	0 	-58.7776720707 	
1.19138276553e-08 0 	0 	-58.7769357792 	
1.249498998e-08 0 	0 	-58.7761994876 	
1.30761523046e-08 0 	0 	-58.775463196 	
1.36573146293e-08 0 	0 	-58.7747269045 	
1.42384769539e-08 0 	0 	-58.7738962283 	
1.48196392786e-08 0 	0 	-58.7728544014 	
1.54008016032e-08 0 	0 	-58.7718125746 	
1.59819639279e-08 0 	0 	-58.7707707477 	
1.65631262525e-08 0 	0 	-58.7697289208 	
1.71442885772e-08 0 	0 	-58.7686870939 	
1.77254509018e-08 0 	0 	-58.7676452671 	
1.83066132265e-08 0 	0 	-58.7666034402 	
1.88877755511e-08 0 	0 	-58.7653538456 	
1.94689378758e-08 0 	0 	-58.7639641519 	
2.00501002004e-08 0 	0 	-58.7625744582 	
2.06312625251e-08 0 	0 	-58.7611847645 	
2.12124248497e-08 0 	0 	-58.7597950708 	
2.17935871743e-08 0 	0 	-58.7584053771 	
2.2374749499e-08 0 	0 	-58.7570156834 	
2.29559118236e-08 0 	0 	-58.7556259897 	
2.35370741483e-08 0 	0 	-58.7539523775 	
2.41182364729e-08 0 	0 	-58.7521594739 	
2.46993987976e-08 0 	0 	-58.7503665703 	
2.52805611222e-08 0 	0 	-58.7485736668 	
2.58617234469e-08 0 	0 	-58.7467807632 	
2.64428857715e-08 0 	0 	-58.7449878596 	
2.70240480962e-08 0 	0 	-58.743194956 	
2.76052104208e-08 0 	0 	-58.7414020525 	
2.81863727455e-08 0 	0 	-58.7393136006 	
2.87675350701e-08 0 	0 	-58.7370480441 	
2.93486973948e-08 0 	0 	-58.7347824875 	
2.99298597194e-08 0 	0 	-58.7325169309 	
3.05110220441e-08 0 	0 	-58.7302513743 	
3.10921843687e-08 0 	0 	-58.7279858177 	
3.16733466934e-08 0 	0 	-58.7257202611 	
3.2254509018e-08 0 	0 	-58.7234547045 	
3.28356713427e-08 0 	0 	-58.7209910039 	
3.34168336673e-08 0 	0 	-58.7181693993 	
3.3997995992e-08 0 	0 	-58.7153477947 	
3.45791583166e-08 0 	0 	-58.7125261901 	
3.51603206413e-08 0 	0 	-58.7097045856 	
3.57414829659e-08 0 	0 	-58.706882981 	
3.63226452906e-08 0 	0 	-58.7040613764 	
3.69038076152e-08 0 	0 	-58.7012397718 	
3.74849699399e-08 0 	0 	-58.6984181673 	
3.80661322645e-08 0 	0 	-58.6950160075 	
3.86472945892e-08 0 	0 	-58.6915441494 	
3.92284569138e-08 0 	0 	-58.6880722913 	
3.98096192385e-08 0 	0 	-58.6846004332 	
4.03907815631e-08 0 	0 	-58.681128575 	
4.09719438878e-08 0 	0 	-58.6776567169 	
4.15531062124e-08 0 	0 	-58.6741848588 	
4.21342685371e-08 0 	0 	-58.6707130007 	
4.27154308617e-08 0 	0 	-58.6670695504 	
4.32965931864e-08 0 	0 	-58.6628520544 	
4.3877755511e-08 0 	0 	-58.6586345585 	
4.44589178357e-08 0 	0 	-58.6544170625 	
4.50400801603e-08 0 	0 	-58.6501995665 	
4.5621242485e-08 0 	0 	-58.6459820706 	
4.62024048096e-08 0 	0 	-58.6417645746 	
4.67835671343e-08 0 	0 	-58.6375470787 	
4.73647294589e-08 0 	0 	-58.6333295827 	
4.79458917836e-08 0 	0 	-58.6288142406 	
4.85270541082e-08 0 	0 	-58.6237775875 	
4.91082164329e-08 0 	0 	-58.6187409345 	
4.96893787575e-08 0 	0 	-58.6137042814 	
5.02705410822e-08 0 	0 	-58.6086676284 	
5.08517034068e-08 0 	0 	-58.6036309754 	
5.14328657315e-08 0 	0 	-58.5985943223 	
5.20140280561e-08 0 	0 	-58.5935576693 	
5.25951903808e-08 0 	0 	-58.5885210162 	
5.31763527054e-08 0 	0 	-58.5832476305 	
5.37575150301e-08 0 	0 	-58.5773902288 	
5.43386773547e-08 0 	0 	-58.5715328271 	
5.49198396794e-08 0 	0 	-58.5656754253 	
5.5501002004e-08 0 	0 	-58.5598180236 	
5.60821643287e-08 0 	0 	-58.5539606219 	
5.66633266533e-08 0 	0 	-58.5481032202 	
5.7244488978e-08 0 	0 	-58.5422458184 	
5.78256513026e-08 0 	0 	-58.5363884167 	
5.84068136273e-08 0 	0 	-58.530531015 	
5.89879759519e-08 0 	0 	-58.5240272177 	
5.95691382766e-08 0 	0 	-58.5175232404 	
6.01503006012e-08 0 	0 	-58.511019263 	
6.07314629259e-08 0 	0 	-58.5045152856 	
6.13126252505e-08 0 	0 	-58.4980113083 	
6.18937875752e-08 0 	0 	-58.4915073309 	
6.24749498998e-08 0 	0 	-58.4850033535 	
6.30561122244e-08 0 	0 	-58.4784993761 	
6.36372745491e-08 0 	0 	-58.4719953988 	
6.42184368737e-08 0 	0 	-58.4654489566 	
6.47995991984e-08 0 	0 	-58.4588587449 	
6.5380761523e-08 0 	0 	-58.4522685331 	
6.59619238477e-08 0 	0 	-58.4456783214 	
6.65430861723e-08 0 	0 	-58.4390881097 	
6.7124248497e-08 0 	0 	-58.4324978979 	
6.77054108216e-08 0 	0 	-58.4259076862 	
6.82865731463e-08 0 	0 	-58.4193174745 	
6.88677354709e-08 0 	0 	-58.4127272627 	
6.94488977956e-08 0 	0 	-58.406137051 	
7.00300601202e-08 0 	0 	-58.400523038 	
7.06112224449e-08 0 	0 	-58.3952148824 	
7.11923847695e-08 0 	0 	-58.3899067269 	
7.17735470942e-08 0 	0 	-58.3845985714 	
7.23547094188e-08 0 	0 	-58.3792904159 	
7.29358717435e-08 0 	0 	-58.3739822603 	
7.35170340681e-08 0 	0 	-58.3686741048 	
7.40981963928e-08 0 	0 	-58.3633659493 	
7.46793587174e-08 0 	0 	-58.3580577938 	
7.52605210421e-08 0 	0 	-58.3527496382 	
7.58416833667e-08 0 	0 	-58.3508886873 	
7.64228456914e-08 0 	0 	-58.3498817476 	
7.7004008016e-08 0 	0 	-58.348874808 	
7.75851703407e-08 0 	0 	-58.3478678683 	
7.81663326653e-08 0 	0 	-58.3468609286 	
7.874749499e-08 0 	0 	-58.3458539889 	
7.93286573146e-08 0 	0 	-58.3448470493 	
7.99098196393e-08 0 	0 	-58.3438401096 	
8.04909819639e-08 0 	0 	-58.3428331699 	
8.10721442886e-08 0 	0 	-58.3418262302 	
8.16533066132e-08 0 	0 	-58.3472904114 	
8.22344689379e-08 0 	0 	-58.3569425917 	
8.28156312625e-08 0 	0 	-58.366594772 	
8.33967935872e-08 0 	0 	-58.3762469523 	
8.39779559118e-08 0 	0 	-58.3858991326 	
8.45591182365e-08 0 	0 	-58.3955513129 	
8.51402805611e-08 0 	0 	-58.4052034932 	
8.57214428858e-08 0 	0 	-58.4148556735 	
8.63026052104e-08 0 	0 	-58.4245078537 	
8.68837675351e-08 0 	0 	-58.434160034 	
8.74649298597e-08 0 	0 	-58.4479183923 	
8.80460921844e-08 0 	0 	-58.4813246787 	
8.8627254509e-08 0 	0 	-58.5147309652 	
8.92084168337e-08 0 	0 	-58.5481372516 	
8.97895791583e-08 0 	0 	-58.5815435381 	
9.0370741483e-08 0 	0 	-58.6149498245 	
9.09519038076e-08 0 	0 	-58.648356111 	
9.15330661323e-08 0 	0 	-58.6817623974 	
9.21142284569e-08 0 	0 	-58.7151686838 	
9.26953907816e-08 0 	0 	-58.7485749703 	
9.32765531062e-08 0 	0 	-58.7819812567 	
9.38577154309e-08 0 	0 	-58.8402806868 	
9.44388777555e-08 0 	0 	-58.9241700981 	
9.50200400802e-08 0 	0 	-59.0080595094 	
9.56012024048e-08 0 	0 	-59.0919489206 	
9.61823647295e-08 0 	0 	-59.1758383319 	
9.67635270541e-08 0 	0 	-59.2597277432 	
9.73446893788e-08 0 	0 	-59.3436171545 	
9.79258517034e-08 0 	0 	-59.4275065658 	
9.85070140281e-08 0 	0 	-59.511395977 	
9.90881763527e-08 0 	0 	-59.5952853883 	
9.96693386774e-08 0 	0 	-59.6791747996 	
1.00250501002e-07 0 	0 	-59.82206723 	
1.00831663327e-07 0 	0 	-60.0109387917 	
1.01412825651e-07 0 	0 	-60.1998103535 	
1.01993987976e-07 0 	0 	-60.3886819152 	
1.02575150301e-07 0 	0 	-60.577553477 	
1.03156312625e-07 0 	0 	-60.7664250388 	
1.0373747495e-07 0 	0 	-60.9552966005 	
1.04318637275e-07 0 	0 	-61.1441681623 	
1.04899799599e-07 0 	0 	-61.333039724 	
1.05480961924e-07 0 	0 	-61.5219112858 	
1.06062124248e-07 0 	0 	-61.7107828475 	
1.06643286573e-07 0 	0 	-61.980589044 	
1.07224448898e-07 0 	0 	-62.3860135854 	
1.07805611222e-07 0 	0 	-62.7914381269 	
1.08386773547e-07 0 	0 	-63.1968626683 	
1.08967935872e-07 0 	0 	-63.6022872098 	
1.09549098196e-07 0 	0 	-64.0077117512 	
1.10130260521e-07 0 	0 	-64.4131362927 	
1.10711422846e-07 0 	0 	-64.8185608341 	
1.1129258517e-07 0 	0 	-65.2239853756 	
1.11873747495e-07 0 	0 	-65.629409917 	
1.1245490982e-07 0 	0 	-66.0348344585 	
1.13036072144e-07 0 	0 	-66.4402589999 	
1.13617234469e-07 0 	0 	-67.2576141435 	
1.14198396794e-07 0 	0 	-68.1097307636 	
1.14779559118e-07 0 	0 	-68.9618473838 	
1.15360721443e-07 0 	0 	-69.8139640039 	
1.15941883768e-07 0 	0 	-70.666080624 	
1.16523046092e-07 0 	0 	-71.5181972442 	
1.17104208417e-07 0 	0 	-72.3703138643 	
1.17685370741e-07 0 	0 	-73.2224304844 	
1.18266533066e-07 0 	0 	-74.0745471046 	
1.18847695391e-07 0 	0 	-74.9266637247 	
1.19428857715e-07 0 	0 	-75.7787803448 	
1.2001002004e-07 0 	0 	-76.8172033571 	
1.20591182365e-07 0 	0 	-78.595512609 	
1.21172344689e-07 0 	0 	-80.3738218609 	
1.21753507014e-07 0 	0 	-82.1521311128 	
1.22334669339e-07 0 	0 	-83.9304403647 	
1.22915831663e-07 0 	0 	-85.7087496166 	
1.23496993988e-07 0 	0 	-87.4870588685 	
1.24078156313e-07 0 	0 	-89.2653681203 	
1.24659318637e-07 0 	0 	-91.0436773722 	
1.25240480962e-07 0 	0 	-92.8219866241 	
1.25821643287e-07 0 	0 	-94.600295876 	
1.26402805611e-07 0 	0 	-96.3786051279 	
1.26983967936e-07 0 	0 	-98.5527123184 	
1.27565130261e-07 0 	0 	-102.268188308 	
1.28146292585e-07 0 	0 	-105.983664298 	
1.2872745491e-07 0 	0 	-109.699140288 	
1.29308617234e-07 0 	0 	-113.414616278 	
1.29889779559e-07 0 	0 	-117.130092267 	
1.30470941884e-07 0 	0 	-120.845568257 	
1.31052104208e-07 0 	0 	-124.561044247 	
1.31633266533e-07 0 	0 	-128.276520237 	
1.32214428858e-07 0 	0 	-131.991996227 	
1.32795591182e-07 0 	0 	-135.707472216 	
1.33376753507e-07 0 	0 	-139.422948206 	
1.33957915832e-07 0 	0 	-143.138424196 	
1.34539078156e-07 0 	0 	-150.644484046 	
1.35120240481e-07 0 	0 	-158.457068446 	
1.35701402806e-07 0 	0 	-166.269652845 	
1.3628256513e-07 0 	0 	-174.082237244 	
1.36863727455e-07 0 	0 	-181.894821643 	
1.3744488978e-07 0 	0 	-189.707406042 	
1.38026052104e-07 0 	0 	-197.519990442 	
1.38607214429e-07 0 	0 	-205.332574841 	
1.39188376754e-07 0 	0 	-213.14515924 	
1.39769539078e-07 0 	0 	-220.957743639 	
1.40350701403e-07 0 	0 	-228.770328038 	
1.40931863727e-07 0 	0 	-236.582912437 	
1.41513026052e-07 0 	0 	-245.3744521 	
1.42094188377e-07 0 	0 	-255.928349565 	
1.42675350701e-07 0 	0 	-266.48224703 	
1.43256513026e-07 0 	0 	-277.036144495 	
1.43837675351e-07 0 	0 	-287.59004196 	
1.44418837675e-07 0 	0 	-298.143939425 	
1.45e-07 0 	0 	-308.69783689 	
