-1.45e-07 0.00920311388662 0.874958792818 1.14459337574
-1.44418837675e-07 0.00938681039778 0.881238755267 1.13645527537
-1.43837675351e-07 0.00955969881209 0.887246623379 1.12874881678
-1.43256513026e-07 0.00971919973933 0.892922333415 1.12158469515
-1.42675350701e-07 0.00986817684491 0.898331170826 1.11484046529
-1.42094188377e-07 0.0100084182551 0.903515589772 1.10844168647
-1.41513026052e-07 0.0101405269421 0.908489226137 1.10236253787
-1.40931863727e-07 0.0102605944509 0.913144904829 1.09675059015
-1.40350701403e-07 0.0103733108208 0.917602812305 1.09142026231
-1.39769539078e-07 0.010479587665 0.921886524139 1.08633573258
-1.39188376754e-07 0.0105766812723 0.925918771464 1.08159884661
-1.38607214429e-07 0.0106664174143 0.929746158615 1.07713741499
-1.38026052104e-07 0.010751145427 0.933433291205 1.07286277975
-1.3744488978e-07 0.0108277844464 0.936891621823 1.0688878866
-1.36863727455e-07 0.0108985018944 0.94017995698 1.06513034707
-1.3628256513e-07 0.0109653872591 0.943358108097 1.06151332861
-1.35701402806e-07 0.011023959345 0.946294257586 1.05819880572
-1.35120240481e-07 0.0110790453967 0.949127594811 1.05501012615
-1.34539078156e-07 0.0111294344569 0.951822405469 1.05199100457
-1.33957915832e-07 0.0111739809481 0.954342787682 1.04918128645
-1.33376753507e-07 0.0112162723791 0.956795689738 1.04645228707
-1.32795591182e-07 0.0112519000534 0.959047369405 1.04396059147
-1.32214428858e-07 0.011285386427 0.96123370105 1.04154471646
-1.31633266533e-07 0.0113143954847 0.963283394366 1.03928737719
-1.31052104208e-07 0.011340077438 0.965230550178 1.03714726081
-1.30470941884e-07 0.0113629483231 0.967091072121 1.03510618596
-1.29889779559e-07 0.0113817382435 0.968824678787 1.0332082812
-1.29308617234e-07 0.0113989302594 0.970508591686 1.03136643478
-1.2872745491e-07 0.011411655405 0.972052426157 1.02968073685
-1.28146292585e-07 0.0114236064838 0.973571986348 1.028022098
-1.27565130261e-07 0.0114310125438 0.974947927982 1.02652187966
-1.26983967936e-07 0.0114381391119 0.976315037922 1.02503140325
-1.26402805611e-07 0.0114408941559 0.977543052682 1.0236929611
-1.25821643287e-07 0.0114435910973 0.978769218704 1.02235653967
-1.25240480962e-07 0.011442289855 0.979867372935 1.0211589509
-1.24659318637e-07 0.01144093057 0.980963668786 1.0199633776
-1.24078156313e-07 0.011436098979 0.981948169696 1.01888826655
-1.23496993988e-07 0.0114310355361 0.982925205865 1.01782119896
-1.22915831663e-07 0.0114231354971 0.983810465512 1.01685251337
-1.22334669339e-07 0.0114146988754 0.984678364317 1.01590243813
-1.21753507014e-07 0.0114041331485 0.985477083707 1.01502623482
-1.21172344689e-07 0.0113926335656 0.986245460018 1.01418243279
-1.20591182365e-07 0.0113797507441 0.986968729775 1.01338667286
-1.2001002004e-07 0.0113654780664 0.987646677186 1.01263918484
-1.19428857715e-07 0.0113505775651 0.98830409125 1.01191353837
-1.18847695391e-07 0.011333801793 0.988900173461 1.01125313125
-1.18266533066e-07 0.0113170260208 0.989496255672 1.01059272412
-1.17685370741e-07 0.0112981106137 0.990022199432 1.01000692508
-1.17104208417e-07 0.011279082437 0.990544446541 1.00942505825
-1.16523046092e-07 0.0112588523082 0.991027228921 1.00888522692
-1.15941883768e-07 0.0112378037253 0.991483138298 1.00837401912
-1.15360721443e-07 0.0112164219249 0.991928096504 1.00787450701
-1.14779559118e-07 0.0111935669178 0.992324637882 1.00742670336
-1.14198396794e-07 0.0111707119106 0.99272117926 1.0069788997
-1.13617234469e-07 0.0111467022427 0.993079763346 1.00657179772
-1.13036072144e-07 0.0111222375006 0.993423387724 1.00618073707
-1.1245490982e-07 0.0110974981664 0.993757989648 1.00579940397
-1.11873747495e-07 0.0110716038514 0.994054641614 1.0054589866
-1.1129258517e-07 0.0110457095365 0.99435129358 1.00511856922
-1.10711422846e-07 0.0110190467254 0.994622725287 1.00480553098
-1.10130260521e-07 0.0109918872714 0.994877858329 1.00451018657
-1.09549098196e-07 0.0109647278174 0.995132991372 1.00421484216
-1.08967935872e-07 0.0109364951684 0.995352974926 1.00395797749
-1.08386773547e-07 0.0109082201052 0.995571569324 1.0037026336
-1.07805611222e-07 0.01087969582 0.99578202409 1.0034562896
-1.07224448898e-07 0.0108504406166 0.995968606956 1.00323634049
-1.06643286573e-07 0.0108211854132 0.996155189822 1.00301639138
-1.06062124248e-07 0.0107915159851 0.996328293628 1.0028115193
-1.05480961924e-07 0.0107614029024 0.996486960712 1.00262279545
-1.04899799599e-07 0.0107312898198 0.996645627797 1.0024340716
-1.04318637275e-07 0.0107006933928 0.996788638394 1.00226309394
-1.0373747495e-07 0.0106698323405 0.996923077248 1.00210183212
-1.03156312625e-07 0.0106389712881 0.997057516101 1.00194057029
-1.02575150301e-07 0.0106076277303 0.997176411641 1.00179719256
-1.01993987976e-07 0.0105761171193 0.997289925769 1.00166000667
-1.01412825651e-07 0.0105446065083 0.997403439897 1.00152282078
-1.00831663327e-07 0.0105126626834 0.997503089057 1.00140185808
-1.00250501002e-07 0.0104805902689 0.99759862272 1.00128571085
-9.96693386774e-08 0.0104485178543 0.997694156383 1.00116956362
-9.90881763527e-08 0.0104160924615 0.997778477733 1.00106678252
-9.85070140281e-08 0.0103835361688 0.99785864107 1.00096895816
-9.79258517034e-08 0.0103509798762 0.997938804408 1.0008711338
-9.73446893788e-08 0.0103181678455 0.998010913611 1.00078310947
-9.67635270541e-08 0.0102851965756 0.998078007787 1.00070118728
-9.61823647295e-08 0.0102522253057 0.998145101962 1.00061926509
-9.56012024048e-08 0.0102191017459 0.998207445903 1.00054325331
-9.50200400802e-08 0.010185776153 0.998263488019 1.00047508249
-9.44388777555e-08 0.0101524505602 0.998319530135 1.00040691167
-9.38577154309e-08 0.0101190742628 0.998374007416 1.00034073532
-9.32765531062e-08 0.0100854475023 0.998420754949 1.00028441096
-9.26953907816e-08 0.0100518207419 0.998467502482 1.00022808659
-9.21142284569e-08 0.0100181939815 0.998514250014 1.00017176223
-9.15330661323e-08 0.00998435569587 0.998554544661 1.00012387624
-9.09519038076e-08 0.00995047413774 0.998593519219 1.00007771652
-9.0370741483e-08 0.00991659257961 0.998632493776 1.00003155679
-8.97895791583e-08 0.00988262232574 0.9986687958 0.999988987485
-8.92084168337e-08 0.00984852623013 0.998701306026 0.999951512264
-8.8627254509e-08 0.00981443013452 0.998733816253 0.999914037044
-8.80460921844e-08 0.00978033403892 0.998766326479 0.999876561823
-8.74649298597e-08 0.00974607324075 0.998793937552 0.999845854249
-8.68837675351e-08 0.0097117973951 0.998821101031 0.999815764976
-8.63026052104e-08 0.00967752154946 0.998848264511 0.999785675704
-8.57214428858e-08 0.00964319522965 0.998873946021 0.99975769186
-8.51402805611e-08 0.00960876954425 0.998896710064 0.999733852854
-8.45591182365e-08 0.00957434385885 0.998919474108 0.999710013848
-8.39779559118e-08 0.00953991817345 0.998942238151 0.999686174842
-8.33967935872e-08 0.00950540884173 0.998962576798 0.999665876932
-8.28156312625e-08 0.00947085890345 0.998981738024 0.999647298067
-8.22344689379e-08 0.00943630896517 0.999000899249 0.999628719201
-8.16533066132e-08 0.00940175902689 0.999020060474 0.999610140336
-8.10721442886e-08 0.00936711446818 0.999036508428 0.999595623759
-8.04909819639e-08 0.00933246205191 0.999052731063 0.999581444527
-7.99098196393e-08 0.00929780963565 0.999068953698 0.999567265294
-7.93286573146e-08 0.00926315005729 0.999084972686 0.999553397456
-7.874749499e-08 0.00922841359525 0.999098805558 0.999542872384
-7.81663326653e-08 0.00919367713321 0.999112638431 0.999532347311
-7.75851703407e-08 0.00915894067117 0.999126471303 0.999521822238
-7.7004008016e-08 0.0091241934643 0.999139999888 0.999511769188
-7.64228456914e-08 0.00908938847387 0.999151892077 0.999504254581
-7.58416833667e-08 0.00905458348344 0.999163784265 0.999496739973
-7.52605210421e-08 0.00901977849302 0.999175676453 0.999489225365
-7.46793587174e-08 0.00898496595318 0.999187354271 0.999482044681
-7.40981963928e-08 0.00895010542445 0.999197669414 0.999476986632
-7.35170340681e-08 0.00891524489572 0.999207984558 0.999471928583
-7.29358717435e-08 0.00888038436699 0.999218299701 0.999466870533
-7.23547094188e-08 0.00884552292341 0.999228588544 0.999461853017
-7.17735470942e-08 0.00881061766784 0.999237617828 0.999458776635
-7.11923847695e-08 0.00877571241227 0.999246647112 0.999455700253
-7.06112224449e-08 0.0087408071567 0.999255676397 0.999452623871
-7.00300601202e-08 0.00870590190113 0.999264705681 0.999449547489
-6.94488977956e-08 0.00867096772861 0.999272882027 0.999447744853
-6.88677354709e-08 0.00863602669073 0.999280855871 0.999446244626
-6.82865731463e-08 0.00860108565285 0.999288829715 0.999444744398
-6.77054108216e-08 0.00856614461498 0.999296803559 0.999443244171
-6.7124248497e-08 0.00853118945703 0.999304342616 0.999442355599
-6.65430861723e-08 0.00849621999119 0.999311441103 0.999442086819
-6.59619238477e-08 0.00846125052535 0.999318539589 0.999441818039
-6.5380761523e-08 0.00842628105951 0.999325638076 0.999441549259
-6.47995991984e-08 0.00839130971479 0.99933267485 0.999441359251
-6.42184368737e-08 0.0083563178292 0.999339036949 0.999442030424
-6.36372745491e-08 0.00832132594362 0.999345399048 0.999442701597
-6.30561122244e-08 0.00828633405803 0.999351761148 0.999443372769
-6.24749498998e-08 0.00825134217244 0.999358123247 0.999444043942
-6.18937875752e-08 0.0082163403382 0.999364127834 0.99944510921
-6.13126252505e-08 0.00818133090874 0.999369859482 0.999446475347
-6.07314629259e-08 0.00814632147929 0.99937559113 0.999447841484
-6.01503006012e-08 0.00811131204983 0.999381322778 0.999449207621
-5.95691382766e-08 0.00807630262038 0.999387054426 0.999450573758
-5.89879759519e-08 0.00804128033818 0.999392266317 0.999452403031
-5.84068136273e-08 0.00800625729437 0.99939744741 0.999454259748
-5.78256513026e-08 0.00797123425057 0.999402628502 0.999456116465
-5.7244488978e-08 0.00793621120677 0.999407809595 0.999457973182
-5.66633266533e-08 0.00790118594049 0.999412886529 0.999459898164
-5.60821643287e-08 0.00786615242617 0.999417576906 0.999462076489
-5.5501002004e-08 0.00783111891185 0.999422267284 0.999464254814
-5.49198396794e-08 0.00779608539752 0.999426957662 0.999466433139
-5.43386773547e-08 0.0077610518832 0.99943164804 0.999468611464
-5.37575150301e-08 0.00772601542533 0.999436173833 0.999470857516
-5.31763527054e-08 0.00769097393644 0.999440418323 0.999473219323
-5.25951903808e-08 0.00765593244756 0.999444662814 0.999475581131
-5.20140280561e-08 0.00762089095867 0.999448907304 0.999477942938
-5.14328657315e-08 0.00758584946979 0.999453151795 0.999480304745
-5.08517034068e-08 0.00755080550511 0.999457226581 0.99948269629
-5.02705410822e-08 0.00751575800715 0.999461059178 0.999485130274
-4.96893787575e-08 0.0074807105092 0.999464891775 0.999487564258
-4.91082164329e-08 0.00744566301125 0.999468724372 0.999489998242
-4.85270541082e-08 0.00741061551329 0.999472556969 0.999492432227
-4.79458917836e-08 0.00737556650172 0.999476259221 0.999494860843
-4.73647294589e-08 0.00734051452899 0.999479706472 0.999497278956
-4.67835671343e-08 0.00730546255626 0.999483153724 0.99949969707
-4.62024048096e-08 0.00727041058353 0.999486600976 0.999502115184
-4.5621242485e-08 0.0072353586108 0.999490048228 0.999504533298
-4.50400801603e-08 0.00720030616089 0.999493442721 0.999506939247
-4.44589178357e-08 0.00716525089983 0.999496526404 0.99950927353
-4.3877755511e-08 0.00713019563877 0.999499610087 0.999511607813
-4.32965931864e-08 0.0070951403777 0.999502693769 0.999513942097
-4.27154308617e-08 0.00706008511664 0.999505777452 0.99951627638
-4.21342685371e-08 0.00702502985558 0.999508861134 0.999518610664
-4.15531062124e-08 0.0069899726194 0.999511658931 0.999520833303
-4.09719438878e-08 0.00695491497803 0.999514398078 0.999523033038
-4.03907815631e-08 0.00691985733666 0.999517137224 0.999525232772
-3.98096192385e-08 0.00688479969529 0.99951987637 0.999527432507
-3.92284569138e-08 0.00684974205391 0.999522615517 0.999529632242
-3.86472945892e-08 0.00681468375327 0.999525227429 0.999531765552
-3.80661322645e-08 0.00677962441863 0.999527639788 0.999533794683
-3.74849699399e-08 0.006744565084 0.999530052148 0.999535823814
-3.69038076152e-08 0.00670950574937 0.999532464507 0.999537852944
-3.63226452906e-08 0.00667444641473 0.999534876867 0.999539882075
-3.57414829659e-08 0.0066393870801 0.999537289227 0.999541911206
-3.51603206413e-08 0.00660432677674 0.999539447625 0.999543780788
-3.45791583166e-08 0.00656926626205 0.999541550619 0.999545615564
-3.3997995992e-08 0.00653420574736 0.999543653614 0.99954745034
-3.34168336673e-08 0.00649914523267 0.999545756609 0.999549285115
-3.28356713427e-08 0.00646408471797 0.999547859604 0.999551119891
-3.2254509018e-08 0.00642902410585 0.999549927167 0.999552929408
-3.16733466934e-08 0.00639396278884 0.99955173841 0.999554556197
-3.10921843687e-08 0.00635890147183 0.999553549654 0.999556182986
-3.05110220441e-08 0.00632384015482 0.999555360897 0.999557809775
-2.99298597194e-08 0.00628877883781 0.99955717214 0.999559436564
-2.93486973948e-08 0.0062537175208 0.999558983384 0.999561063354
-2.87675350701e-08 0.0062186560515 0.99956071581 0.999562628673
-2.81863727455e-08 0.00618359420544 0.999562253253 0.999564041924
-2.76052104208e-08 0.00614853235937 0.999563790697 0.999565455174
-2.70240480962e-08 0.00611347051331 0.99956532814 0.999566868425
-2.64428857715e-08 0.00607840866725 0.999566865583 0.999568281675
-2.58617234469e-08 0.00604334682118 0.999568403026 0.999569694925
-2.52805611222e-08 0.00600828486878 0.999569859416 0.999571040673
-2.46993987976e-08 0.00597322268728 0.99957114118 0.999572240985
-2.41182364729e-08 0.00593816050578 0.999572422943 0.999573441297
-2.35370741483e-08 0.00590309832428 0.999573704707 0.999574641609
-2.29559118236e-08 0.00586803614278 0.99957498647 0.999575841921
-2.2374749499e-08 0.00583297396129 0.999576268233 0.999577042234
-2.17935871743e-08 0.00579791173829 0.999577501089 0.999578199767
-2.12124248497e-08 0.00576284935505 0.99957854504 0.999579192066
-2.0631262525e-08 0.0057277869718 0.999579588991 0.999580184365
-2.00501002004e-08 0.00569272458856 0.999580632942 0.999581176664
-1.94689378758e-08 0.00565766220531 0.999581676893 0.999582168964
-1.88877755511e-08 0.00562259982206 0.999582720844 0.999583161263
-1.83066132265e-08 0.00558753743882 0.999583764795 0.999584153562
-1.77254509018e-08 0.0055524749487 0.999584598855 0.999584955279
-1.71442885772e-08 0.00551741245302 0.999585421984 0.999585747069
-1.65631262525e-08 0.00548234995734 0.999586245113 0.99958653886
-1.59819639279e-08 0.00544728746166 0.999587068241 0.999587330651
-1.54008016032e-08 0.00541222496598 0.99958789137 0.999588122441
-1.48196392786e-08 0.0053771624703 0.999588714499 0.999588914232
-1.42384769539e-08 0.00534209994431 0.999589424997 0.99958960073
-1.36573146293e-08 0.00530703739333 0.999590042649 0.999590200431
-1.30761523046e-08 0.00527197484236 0.999590660302 0.999590800132
-1.249498998e-08 0.00523691229138 0.999591277955 0.999591399834
-1.19138276553e-08 0.0052018497404 0.999591895607 0.999591999535
-1.13326653307e-08 0.00516678718943 0.99959251326 0.999592599236
-1.0751503006e-08 0.00513172463845 0.999593130912 0.999593198938
-1.01703406814e-08 0.00509666206685 0.999593556875 0.999593615196
-9.58917835671e-09 0.00506159949516 0.999593981902 0.999594030558
-9.00801603206e-09 0.00502653692346 0.999594406928 0.99959444592
-8.42685370741e-09 0.00499147435176 0.999594831955 0.999594861283
-7.84569138277e-09 0.00495641178007 0.999595256982 0.999595276645
-7.26452905812e-09 0.00492134920837 0.999595682008 0.999595692008
-6.68336673347e-09 0.00488628663639 0.9995960543 0.999596055901
-6.10220440882e-09 0.00485122406372 0.999596296179 0.999596292512
-5.52104208417e-09 0.00481616149105 0.999596538059 0.999596529124
-4.93987975952e-09 0.00478109891838 0.999596779939 0.999596765736
-4.35871743487e-09 0.00474603634571 0.999597021818 0.999597002347
-3.77755511022e-09 0.00471097377304 0.999597263698 0.999597238959
-3.19639278557e-09 0.00467591120037 0.999597505577 0.999597475571
-2.61523046092e-09 0.00464084863217 0.999597672238 0.99959763745
-2.03406813627e-09 0.00460578607006 0.999597736256 0.999597697352
-1.45290581162e-09 0.00457072350795 0.999597800274 0.999597757255
-8.71743486974e-10 0.00453566094583 0.999597864293 0.999597817157
-2.90581162324e-10 0.00450059838372 0.999597928311 0.999597877059
2.90581162325e-10 0.00446553582161 0.999597992329 0.999597936961
8.71743486974e-10 0.0044304732595 0.999598056348 0.999597996863
1.45290581162e-09 0.00439541070542 0.999598050038 0.999597985637
2.03406813627e-09 0.00436034816358 0.999597936612 0.999597866075
2.61523046092e-09 0.00432528562173 0.999597823185 0.999597746513
3.19639278557e-09 0.00429022307989 0.999597709759 0.99959762695
3.77755511022e-09 0.00425516053804 0.999597596333 0.999597507388
4.35871743487e-09 0.0042200979962 0.999597482906 0.999597387826
4.93987975952e-09 0.00418503545435 0.99959736948 0.999597268264
5.52104208417e-09 0.00414997291977 0.999597218787 0.99959711025
6.10220440882e-09 0.00411491041343 0.999596923058 0.999596802592
6.68336673347e-09 0.0040798479071 0.999596627329 0.999596494934
7.26452905812e-09 0.00404478540077 0.9995963316 0.999596187276
7.84569138277e-09 0.00400972289443 0.999596035872 0.999595879617
8.42685370742e-09 0.0039746603881 0.999595740143 0.999595571959
9.00801603206e-09 0.00393959788177 0.999595444414 0.999595264301
9.58917835671e-09 0.00390453537544 0.999595148685 0.999594956643
1.01703406814e-08 0.00386947292512 0.999594690715 0.999594477401
1.0751503006e-08 0.00383441048523 0.999594202592 0.999593966271
1.13326653307e-08 0.00379934804533 0.999593714469 0.999593455141
1.19138276553e-08 0.00376428560543 0.999593226346 0.999592944011
1.249498998e-08 0.00372922316553 0.999592738223 0.999592432881
1.30761523046e-08 0.00369416072563 0.9995922501 0.999591921751
1.36573146293e-08 0.00365909828573 0.999591761977 0.999591410621
1.42384769539e-08 0.00362403588562 0.999591209913 0.999590829613
1.48196392786e-08 0.0035889735745 0.999590514803 0.999590092279
1.54008016032e-08 0.00355391126338 0.999589819693 0.999589354945
1.59819639279e-08 0.00351884895227 0.999589124584 0.99958861761
1.65631262525e-08 0.00348378664115 0.999588429474 0.999587880276
1.71442885772e-08 0.00344872433003 0.999587734364 0.999587142942
1.77254509018e-08 0.00341366201891 0.999587039255 0.999586405608
1.83066132265e-08 0.0033785997078 0.999586344145 0.999585668273
1.88877755511e-08 0.00334353754521 0.999585515079 0.999584777667
1.94689378758e-08 0.00330847548277 0.999584595687 0.999583783707
2.00501002004e-08 0.00327341342033 0.999583676294 0.999582789748
2.06312625251e-08 0.0032383513579 0.999582756902 0.999581795788
2.12124248497e-08 0.00320328929546 0.999581837509 0.999580801829
2.17935871743e-08 0.00316822723302 0.999580918116 0.99957980787
2.2374749499e-08 0.00313316517059 0.999579998724 0.99957881391
2.29559118236e-08 0.00309810310815 0.999579079331 0.999577819951
2.35370741483e-08 0.00306304137718 0.999577990328 0.999576618397
2.41182364729e-08 0.00302797978549 0.999576830062 0.99957532962
2.46993987976e-08 0.0029929181938 0.999575669796 0.999574040842
2.52805611222e-08 0.00295785660211 0.99957450953 0.999572752065
2.58617234469e-08 0.00292279501042 0.999573349264 0.999571463288
2.64428857715e-08 0.00288773341873 0.999572188998 0.999570174511
2.70240480962e-08 0.00285267182704 0.999571028732 0.999568885734
2.76052104208e-08 0.00281761023535 0.999569868466 0.999567596956
2.81863727455e-08 0.00278254918904 0.999568551319 0.999566095092
2.87675350701e-08 0.00274748846954 0.999567140162 0.999564465538
2.93486973948e-08 0.00271242775004 0.999565729006 0.999562835983
2.99298597194e-08 0.00267736703054 0.99956431785 0.999561206429
3.05110220441e-08 0.00264230631104 0.999562906693 0.999559576875
3.10921843687e-08 0.00260724559155 0.999561495537 0.99955794732
3.16733466934e-08 0.00257218487205 0.99956008438 0.999556317766
3.2254509018e-08 0.00253712415255 0.999558673224 0.999554688211
3.28356713427e-08 0.00250206399883 0.999557174873 0.999552917948
3.34168336673e-08 0.00246700486706 0.999555519024 0.999550893525
3.3997995992e-08 0.00243194573528 0.999553863175 0.999548869102
3.45791583166e-08 0.00239688660351 0.999552207326 0.999546844679
3.51603206413e-08 0.00236182747173 0.999550551477 0.999544820256
3.57414829659e-08 0.00232676833996 0.999548895628 0.999542795834
3.63226452906e-08 0.00229170920819 0.999547239779 0.999540771411
3.69038076152e-08 0.00225665007641 0.999545583931 0.999538746988
3.74849699399e-08 0.00222159094464 0.999543928082 0.999536722565
3.80661322645e-08 0.00218653436081 0.999542087629 0.999534288455
3.86472945892e-08 0.00215147808288 0.999540225015 0.99953180516
3.92284569138e-08 0.00211642180495 0.9995383624 0.999529321865
3.98096192385e-08 0.00208136552702 0.999536499785 0.99952683857
4.03907815631e-08 0.00204630924909 0.99953463717 0.999524355275
4.09719438878e-08 0.00201125297115 0.999532774555 0.99952187198
4.15531062124e-08 0.00197619669322 0.999530911941 0.999519388685
4.21342685371e-08 0.00194114041529 0.999529049326 0.99951690539
4.27154308617e-08 0.00190608530842 0.999527160871 0.99951429824
4.32965931864e-08 0.00187103411925 0.999525185969 0.999511276742
4.3877755511e-08 0.00183598293008 0.999523211068 0.999508255245
4.44589178357e-08 0.0018009317409 0.999521236166 0.999505233747
4.50400801603e-08 0.00176588055173 0.999519261265 0.99950221225
4.5621242485e-08 0.00173082936255 0.999517286363 0.999499190753
4.62024048096e-08 0.00169577817338 0.999515311462 0.999496169255
4.67835671343e-08 0.00166072698421 0.99951333656 0.999493147758
4.73647294589e-08 0.00162567579503 0.999511361659 0.999490126261
4.79458917836e-08 0.00159062789203 0.999509415358 0.999486869736
4.85270541082e-08 0.0015555857407 0.999507519117 0.999483201851
4.91082164329e-08 0.00152054358938 0.999505622875 0.999479533966
4.96893787575e-08 0.00148550143805 0.999503726634 0.999475866081
5.02705410822e-08 0.00145045928673 0.999501830392 0.999472198196
5.08517034068e-08 0.0014154171354 0.999499934151 0.999468530311
5.14328657315e-08 0.00138037498407 0.999498037909 0.999464862426
5.20140280561e-08 0.00134533283275 0.999496141667 0.999461194541
5.25951903808e-08 0.00131029068142 0.999494245426 0.999457526655
5.31763527054e-08 0.00127525315699 0.999492473521 0.999453624017
5.37575150301e-08 0.00124022704703 0.999491008353 0.999449142247
5.43386773547e-08 0.00120520093708 0.999489543185 0.999444660477
5.49198396794e-08 0.00117017482712 0.999488078017 0.999440178706
5.5501002004e-08 0.00113514871716 0.999486612849 0.999435696936
5.60821643287e-08 0.00110012260721 0.999485147681 0.999431215166
5.66633266533e-08 0.00106509649725 0.999483682513 0.999426733396
5.7244488978e-08 0.00103007038729 0.999482217344 0.999422251625
5.78256513026e-08 0.000995044277336 0.999480752176 0.999417769855
5.84068136273e-08 0.000960018167379 0.999479287008 0.999413288085
5.89879759519e-08 0.00092502058176 0.999478874317 0.999407701464
5.95691382766e-08 0.00089002300409 0.999478461918 0.999402114536
6.01503006012e-08 0.00085502542642 0.99947804952 0.999396527608
6.07314629259e-08 0.00082002784875 0.999477637122 0.99939094068
6.13126252505e-08 0.00078503027108 0.999477224724 0.999385353751
6.18937875752e-08 0.00075003269341 0.999476812326 0.999379766823
6.24749498998e-08 0.000715035115741 0.999476399927 0.999374179895
6.30561122244e-08 0.000680037538071 0.999475987529 0.999368592967
6.36372745491e-08 0.000645039960401 0.999475575131 0.999363006038
6.42184368737e-08 0.000610067483065 0.999476209952 0.999356605857
6.47995991984e-08 0.000575120877285 0.999477924167 0.999349367435
6.5380761523e-08 0.000540174271506 0.999479638383 0.999342129012
6.59619238477e-08 0.000505227665726 0.999481352599 0.99933489059
6.65430861723e-08 0.000470281059947 0.999483066814 0.999327652168
6.7124248497e-08 0.000435334454168 0.99948478103 0.999320413746
6.77054108216e-08 0.000400387848388 0.999486495246 0.999313175323
6.82865731463e-08 0.000365441242609 0.999488209462 0.999305936901
6.88677354709e-08 0.000330494636829 0.999489923677 0.999298698479
6.94488977956e-08 0.00029554803105 0.999491637893 0.999291460056
7.00300601202e-08 0.000260671192675 0.999496375255 0.999282155162
7.06112224449e-08 0.000225816213461 0.999502059813 0.999272202812
7.11923847695e-08 0.000190961234246 0.999507744371 0.999262250462
7.17735470942e-08 0.000156106255032 0.999513428929 0.999252298112
7.23547094188e-08 0.000121251275817 0.999519113488 0.999242345762
7.29358717435e-08 8.6396296603e-05 0.999524798046 0.999232393412
7.35170340681e-08 5.15413173885e-05 0.999530482604 0.999222441062
7.40981963928e-08 1.66863381741e-05 0.999536167162 0.999212488712
7.46793587174e-08 -1.81686410404e-05 0.99954185172 0.999202536361
7.52605210421e-08 -5.30236202549e-05 0.999547536279 0.999192584011
7.58416833667e-08 -8.77455769354e-05 0.99955895093 0.999178781536
7.64228456914e-08 -0.000122434578584 0.999571785156 0.999164025229
7.7004008016e-08 -0.000157123580232 0.999584619383 0.999149268923
7.75851703407e-08 -0.000191812581881 0.999597453609 0.999134512617
7.81663326653e-08 -0.000226501583529 0.999610287835 0.99911975631
7.874749499e-08 -0.000261190585178 0.999623122061 0.999105000004
7.93286573146e-08 -0.000295879586826 0.999635956288 0.999090243698
7.99098196393e-08 -0.000330568588475 0.999648790514 0.999075487391
8.04909819639e-08 -0.000365257590123 0.99966162474 0.999060731085
8.10721442886e-08 -0.000399946591771 0.999674458966 0.999045974778
8.16533066132e-08 -0.000434451440839 0.999695000656 0.999025805666
8.22344689379e-08 -0.000468837109495 0.999720530486 0.999002133478
8.28156312625e-08 -0.000503222778151 0.999746060315 0.99897846129
8.33967935872e-08 -0.000537608446808 0.999771590144 0.998954789102
8.39779559118e-08 -0.000571994115464 0.999797119973 0.998931116914
8.45591182365e-08 -0.000606379784121 0.999822649803 0.998907444726
8.51402805611e-08 -0.000640765452777 0.999848179632 0.998883772538
8.57214428858e-08 -0.000675151121434 0.999873709461 0.99886010035
8.63026052104e-08 -0.00070953679009 0.99989923929 0.998836428162
8.68837675351e-08 -0.000743922458746 0.999924769119 0.998812755975
8.74649298597e-08 -0.000778211362382 0.99995419323 0.998786149316
8.80460921844e-08 -0.00081203724854 1.00000225135 0.99874550131
8.8627254509e-08 -0.000845863134697 1.00005030947 0.998704853304
8.92084168337e-08 -0.000879689020854 1.00009836759 0.998664205298
8.97895791583e-08 -0.000913514907012 1.00014642571 0.998623557292
9.0370741483e-08 -0.000947340793169 1.00019448383 0.998582909286
9.09519038076e-08 -0.000981166679327 1.00024254195 0.99854226128
9.15330661323e-08 -0.00101499256548 1.00029060007 0.998501613274
9.21142284569e-08 -0.00104881845164 1.00033865819 0.998460965268
9.26953907816e-08 -0.0010826443378 1.00038671631 0.998420317262
9.32765531062e-08 -0.00111647022396 1.00043477443 0.998379669256
9.38577154309e-08 -0.00114978139414 1.00050270241 0.998322890799
9.44388777555e-08 -0.00118256343984 1.00059105649 0.998249530349
9.50200400802e-08 -0.00121534548553 1.00067941056 0.9981761699
9.56012024048e-08 -0.00124812753122 1.00076776463 0.99810280945
9.61823647295e-08 -0.00128090957692 1.0008561187 0.998029449
9.67635270541e-08 -0.00131369162261 1.00094447277 0.997956088551
9.73446893788e-08 -0.0013464736683 1.00103282685 0.997882728101
9.79258517034e-08 -0.001379255714 1.00112118092 0.997809367651
9.85070140281e-08 -0.00141203775969 1.00120953499 0.997736007202
9.90881763527e-08 -0.00144481980538 1.00129788906 0.997662646752
9.96693386774e-08 -0.00147760185108 1.00138624313 0.997589286302
1.00250501002e-07 -0.00150927798074 1.00151566097 0.997480323245
1.00831663327e-07 -0.00154009230606 1.00167707846 0.997343616234
1.01412825651e-07 -0.00157090663138 1.00183849596 0.997206909224
1.01993987976e-07 -0.00160172095669 1.00199991345 0.997070202214
1.02575150301e-07 -0.00163253528201 1.00216133094 0.996933495203
1.03156312625e-07 -0.00166334960733 1.00232274844 0.996796788193
1.0373747495e-07 -0.00169416393264 1.00248416593 0.996660081183
1.04318637275e-07 -0.00172497825796 1.00264558342 0.996523374172
1.04899799599e-07 -0.00175579258328 1.00280700092 0.996386667162
1.05480961924e-07 -0.00178660690859 1.00296841841 0.996249960151
1.06062124248e-07 -0.00181742123391 1.0031298359 0.996113253141
1.06643286573e-07 -0.00184683370392 1.00334162789 0.995930632924
1.07224448898e-07 -0.0018738971512 1.00363783004 0.995671078116
1.07805611222e-07 -0.00190096059849 1.00393403219 0.995411523307
1.08386773547e-07 -0.00192802404577 1.00423023433 0.995151968499
1.08967935872e-07 -0.00195508749305 1.00452643648 0.99489241369
1.09549098196e-07 -0.00198215094033 1.00482263863 0.994632858882
1.10130260521e-07 -0.00200921438762 1.00511884078 0.994373304073
1.10711422846e-07 -0.0020362778349 1.00541504292 0.994113749265
1.1129258517e-07 -0.00206334128218 1.00571124507 0.993854194456
1.11873747495e-07 -0.00209040472947 1.00600744722 0.993594639648
1.1245490982e-07 -0.00211746817675 1.00630364937 0.993335084839
1.13036072144e-07 -0.00214453162403 1.00659985152 0.993075530031
1.13617234469e-07 -0.00216492667842 1.00712998515 0.99259642964
1.14198396794e-07 -0.00218475900893 1.00767985949 0.992098802516
1.14779559118e-07 -0.00220459133944 1.00822973384 0.991601175393
1.15360721443e-07 -0.00222442366995 1.00877960818 0.991103548269
1.15941883768e-07 -0.00224425600047 1.00932948252 0.990605921145
1.16523046092e-07 -0.00226408833098 1.00987935687 0.990108294021
1.17104208417e-07 -0.00228392066149 1.01042923121 0.989610666897
1.17685370741e-07 -0.002303752992 1.01097910556 0.989113039773
1.18266533066e-07 -0.00232358532252 1.0115289799 0.988615412649
1.18847695391e-07 -0.00234341765303 1.01207885425 0.988117785525
1.19428857715e-07 -0.00236324998354 1.01262872859 0.987620158401
1.2001002004e-07 -0.00238024626732 1.0132768933 0.987030068972
1.20591182365e-07 -0.00238597964204 1.01431540261 0.986072780187
1.21172344689e-07 -0.00239171301675 1.01535391191 0.985115491401
1.21753507014e-07 -0.00239744639146 1.01639242121 0.984158202615
1.22334669339e-07 -0.00240317976618 1.01743093051 0.983200913829
1.22915831663e-07 -0.00240891314089 1.01846943982 0.982243625043
1.23496993988e-07 -0.00241464651561 1.01950794912 0.981286336258
1.24078156313e-07 -0.00242037989032 1.02054645842 0.980329047472
1.24659318637e-07 -0.00242611326504 1.02158496772 0.979371758686
1.25240480962e-07 -0.00243184663975 1.02262347703 0.9784144699
1.25821643287e-07 -0.00243758001447 1.02366198633 0.977457181114
1.26402805611e-07 -0.00244331338918 1.02470049563 0.976499892329
1.26983967936e-07 -0.00244336684727 1.02593699193 0.975363113631
1.27565130261e-07 -0.00242130082111 1.02794451544 0.973527341525
1.28146292585e-07 -0.00239923479495 1.02995203895 0.97169156942
1.2872745491e-07 -0.00237716876879 1.03195956246 0.969855797314
1.29308617234e-07 -0.00235510274263 1.03396708596 0.968020025208
1.29889779559e-07 -0.00233303671648 1.03597460947 0.966184253102
1.30470941884e-07 -0.00231097069032 1.03798213298 0.964348480997
1.31052104208e-07 -0.00228890466416 1.03998965649 0.962512708891
1.31633266533e-07 -0.002266838638 1.04199718 0.960676936785
1.32214428858e-07 -0.00224477261184 1.04400470351 0.95884116468
1.32795591182e-07 -0.00222270658568 1.04601222701 0.957005392574
1.33376753507e-07 -0.00220064055952 1.04801975052 0.955169620468
1.33957915832e-07 -0.00217857453337 1.05002727403 0.953333848363
1.34539078156e-07 -0.00210523164277 1.05388840719 0.949982568973
1.35120240481e-07 -0.00202774226226 1.05789943199 0.946508738492
1.35701402806e-07 -0.00195025288175 1.0619104568 0.943034908011
1.3628256513e-07 -0.00187276350124 1.06592148161 0.93956107753
1.36863727455e-07 -0.00179527412072 1.06993250641 0.936087247049
1.3744488978e-07 -0.00171778474021 1.07394353122 0.932613416568
1.38026052104e-07 -0.0016402953597 1.07795455602 0.929139586088
1.38607214429e-07 -0.00156280597919 1.08196558083 0.925665755607
1.39188376754e-07 -0.00148531659868 1.08597660563 0.922191925126
1.39769539078e-07 -0.00140782721817 1.08998763044 0.918718094645
1.40350701403e-07 -0.00133033783766 1.09399865525 0.915244264164
1.40931863727e-07 -0.00125284845715 1.09800968005 0.911770433683
1.41513026052e-07 -0.0011354509587 1.10353339618 0.907213973955
1.42094188377e-07 -0.000946209132246 1.11178032494 0.900708518014
1.42675350701e-07 -0.000756967305797 1.12002725371 0.894203062073
1.43256513026e-07 -0.000567725479348 1.12827418247 0.887697606131
1.43837675351e-07 -0.000378483652898 1.13652111124 0.88119215019
1.44418837675e-07 -0.000189241826449 1.14476804 0.874686694248
1.45e-07 0 1.15301496877 0.868181238307
