-1.45e-07 0.0146946313379 0.925102832657 1.08373368605
-1.44418837675e-07 0.0147928463531 0.928666257771 1.07958051799
-1.43837675351e-07 0.0148846771005 0.932087677725 1.07561488584
-1.43256513026e-07 0.014968554355 0.935332619915 1.07188623149
-1.42675350701e-07 0.0150461392158 0.93843519753 1.06834437795
-1.42094188377e-07 0.0151184799809 0.941417725548 1.06495789108
-1.41513026052e-07 0.0151859251797 0.944287283623 1.06171624692
-1.40931863727e-07 0.0152460780935 0.94698565796 1.05868978181
-1.40350701403e-07 0.0153017505788 0.949577008206 1.05579520839
-1.39769539078e-07 0.0153534905339 0.952073931984 1.05301632767
-1.39188376754e-07 0.0153995976411 0.954434032349 1.05040293667
-1.38607214429e-07 0.0154411629759 0.956682024425 1.04792277413
-1.38026052104e-07 0.015479629571 0.958853091715 1.04553347263
-1.3744488978e-07 0.0155130709503 0.960898191355 1.04329141541
-1.36863727455e-07 0.0155428101384 0.962849108569 1.04115776035
-1.3628256513e-07 0.0155701517758 0.964738935081 1.03909430464
-1.35701402806e-07 0.0155922627736 0.966493806238 1.03718396194
-1.35120240481e-07 0.0156121664078 0.968190953717 1.03533824295
-1.34539078156e-07 0.015629095898 0.969810325818 1.03357959628
-1.33957915832e-07 0.0156423022826 0.971331080538 1.0319300099
-1.33376753507e-07 0.0156540698054 0.972813627762 1.03032258025
-1.32795591182e-07 0.0156615638695 0.974181591696 1.02884045499
-1.32214428858e-07 0.0156676759696 0.975512070436 1.02739890781
-1.31633266533e-07 0.0156708984759 0.976764170149 1.0260422067
-1.31052104208e-07 0.0156719600355 0.977957010427 1.02474907235
-1.30470941884e-07 0.0156711958128 0.979099782451 1.02350964552
-1.29889779559e-07 0.0156677641238 0.980168646274 1.02234886173
-1.29308617234e-07 0.0156632879865 0.981208571289 1.02121887069
-1.2872745491e-07 0.0156558735371 0.982166290645 1.0201757398
-1.28146292585e-07 0.0156479499057 0.98310976453 1.01914766095
-1.27565130261e-07 0.0156370175059 0.983968294642 1.01820880182
-1.26983967936e-07 0.0156259000846 0.984821601211 1.01727542918
-1.26402805611e-07 0.0156118703073 0.985591988945 1.01642872424
-1.25821643287e-07 0.0155978018213 0.986361274591 1.01558317123
-1.25240480962e-07 0.0155810527297 0.987053641656 1.01481770895
-1.24659318637e-07 0.015564264723 0.987744892073 1.01405340937
-1.24078156313e-07 0.0155451338535 0.988368432347 1.01335942248
-1.23496993988e-07 0.0155258465471 0.988987451497 1.01267013049
-1.22915831663e-07 0.0155046331125 0.989550441603 1.01203893059
-1.22334669339e-07 0.0154830553231 0.990102833013 1.01141871965
-1.21753507014e-07 0.0154600225981 0.990612655053 1.0108426288
-1.21172344689e-07 0.0154363517174 0.991103805558 1.01028588967
-1.20591182365e-07 0.0154117295681 0.991566980704 1.00975816951
-1.2001002004e-07 0.0153861515991 0.992002046657 1.00925960716
-1.19428857715e-07 0.0153601391163 0.992424278209 1.00877438635
-1.18847695391e-07 0.0153328287672 0.992808174191 1.00832901589
-1.18266533066e-07 0.0153055184182 0.993192070173 1.00788364542
-1.17685370741e-07 0.0152767177948 0.99353178856 1.00748435812
-1.17104208417e-07 0.0152478386265 0.993869178566 1.00708749963
-1.16523046092e-07 0.0152181169478 0.994181523641 1.0067168949
-1.15941883768e-07 0.0151878215724 0.99447681469 1.00636416733
-1.15360721443e-07 0.015157291137 0.994765104844 1.00601882594
-1.14779559118e-07 0.0151257214645 0.995022442955 1.00570613999
-1.14198396794e-07 0.0150941517919 0.995279781066 1.00539345403
-1.13617234469e-07 0.015061762391 0.995512681029 1.00510676014
-1.13036072144e-07 0.0150290499193 0.995735949441 1.00483031022
-1.1245490982e-07 0.0149961412603 0.995953369237 1.00456014232
-1.11873747495e-07 0.014962407405 0.996146188768 1.00431639766
-1.1129258517e-07 0.0149286735498 0.9963390083 1.004072653
-1.10711422846e-07 0.0148943871159 0.996515373411 1.00384679116
-1.10130260521e-07 0.0148597435764 0.996681104808 1.00363248612
-1.09549098196e-07 0.014825100037 0.996846836204 1.00341818109
-1.08967935872e-07 0.0147896798847 0.996989496136 1.00322929997
-1.08386773547e-07 0.0147542290397 0.997131244251 1.00304142363
-1.07805611222e-07 0.0147185966888 0.99726761999 1.00285956374
-1.07224448898e-07 0.014682432018 0.99738823963 1.00269534886
-1.06643286573e-07 0.0146462673472 0.997508859271 1.00253113397
-1.06062124248e-07 0.0146097990611 0.997620538323 1.00237711987
-1.05480961924e-07 0.0145730055885 0.997722641576 1.00223403129
-1.04899799599e-07 0.0145362121159 0.997824744829 1.00209094271
-1.04318637275e-07 0.0144990620817 0.997916419317 1.00196001014
-1.0373747495e-07 0.0144617168342 0.998002384177 1.00183573286
-1.03156312625e-07 0.0144243715867 0.998088349038 1.00171145558
-1.02575150301e-07 0.0143866680955 0.998163925734 1.00159958643
-1.01993987976e-07 0.014348840573 0.998235905837 1.00149201324
-1.01412825651e-07 0.0143110130506 0.99830788594 1.00138444004
-1.00831663327e-07 0.0142728617954 0.998370578127 1.00128827333
-1.00250501002e-07 0.0142346144475 0.99843051341 1.00119549236
-9.96693386774e-08 0.0141963670996 0.998490448692 1.00110271139
-9.90881763527e-08 0.0141578542597 0.998542865107 1.00101945965
-9.85070140281e-08 0.0141192429639 0.998592493199 1.00093974176
-9.79258517034e-08 0.0140806316681 0.998642121291 1.00086002387
-9.73446893788e-08 0.0140418267608 0.998686350911 1.00078739562
-9.67635270541e-08 0.0140029012986 0.998727219091 1.00071918184
-9.61823647295e-08 0.0139639758363 0.99876808727 1.00065096805
-9.56012024048e-08 0.0139249343217 0.998805778909 1.00058709652
-9.50200400802e-08 0.013885738848 0.99883925644 1.00052898559
-9.44388777555e-08 0.0138465433743 0.998872733971 1.00047087465
-9.38577154309e-08 0.0138073090056 0.998905169887 1.00041425321
-9.32765531062e-08 0.0137678825089 0.998932460582 1.0003649894
-9.26953907816e-08 0.0137284560121 0.998959751278 1.00031572558
-9.21142284569e-08 0.0136890295154 0.998987041973 1.00026646176
-9.15330661323e-08 0.0136494396782 0.999010069053 1.00022361104
-9.09519038076e-08 0.0136098164259 0.99903222391 1.00018207226
-9.0370741483e-08 0.0135701931736 0.999054378766 1.00014053348
-8.97895791583e-08 0.0135305009703 0.999074786857 1.00010177507
-8.92084168337e-08 0.0134907109392 0.999092716633 1.00006696142
-8.8627254509e-08 0.0134509209081 0.999110646408 1.00003214778
-8.80460921844e-08 0.013411130877 0.999128576184 0.999997334141
-8.74649298597e-08 0.0133712119411 0.999143351932 0.999967868348
-8.68837675351e-08 0.0133312812282 0.999157839524 0.999938891143
-8.63026052104e-08 0.0132913505154 0.999172327116 0.999909913937
-8.57214428858e-08 0.0132513800288 0.999185879917 0.999882637347
-8.51402805611e-08 0.013211331242 0.99919759245 0.999858708659
-8.45591182365e-08 0.0131712824552 0.999209304983 0.999834779971
-8.39779559118e-08 0.0131312336684 0.999221017517 0.999810851283
-8.33967935872e-08 0.0130911185132 0.999231240931 0.999789852038
-8.28156312625e-08 0.013050971139 0.999240741446 0.999770274906
-8.22344689379e-08 0.0130108237649 0.99925024196 0.999750697774
-8.16533066132e-08 0.0129706763907 0.999259742474 0.999731120642
-8.10721442886e-08 0.0129304534169 0.999267634693 0.999714993394
-8.04909819639e-08 0.0128902241651 0.999275393355 0.999699152634
-7.99098196393e-08 0.0128499949133 0.999283152016 0.999683311873
-7.93286573146e-08 0.0128097598988 0.999290795304 0.999667743333
-7.874749499e-08 0.0127694630226 0.999297200072 0.999655097027
-7.81663326653e-08 0.0127291661463 0.999303604839 0.99964245072
-7.75851703407e-08 0.01268886927 0.999310009607 0.999629804414
-7.7004008016e-08 0.0126485636867 0.99931625161 0.999617584269
-7.64228456914e-08 0.0126082112781 0.999321618301 0.999607655934
-7.58416833667e-08 0.0125678588696 0.999326984991 0.999597727599
-7.52605210421e-08 0.012527506461 0.999332351682 0.999587799264
-7.46793587174e-08 0.0124871478907 0.999337611669 0.999578183542
-7.40981963928e-08 0.0124467501518 0.999342193383 0.999570554984
-7.35170340681e-08 0.0124063524129 0.999346775097 0.999562926426
-7.29358717435e-08 0.0123659546741 0.999351356811 0.999555297868
-7.23547094188e-08 0.0123255561831 0.999355926542 0.999547708856
-7.17735470942e-08 0.0122851216723 0.999359922418 0.999542013691
-7.11923847695e-08 0.0122446871615 0.999363918295 0.999536318527
-7.06112224449e-08 0.0122042526508 0.999367914171 0.999530623362
-7.00300601202e-08 0.01216381814 0.999371910047 0.999524928198
-6.94488977956e-08 0.0121233596808 0.999375556328 0.999520536553
-6.88677354709e-08 0.0120828955358 0.99937911961 0.999516454384
-6.82865731463e-08 0.0120424313909 0.999382682891 0.999512372216
-6.77054108216e-08 0.0120019672459 0.999386246172 0.999508290047
-6.7124248497e-08 0.0119614913207 0.999389651564 0.999504870163
-6.65430861723e-08 0.0119210034586 0.999392896965 0.999502121374
-6.59619238477e-08 0.0118805155964 0.999396142365 0.999499372585
-6.5380761523e-08 0.0118400277343 0.999399387766 0.999496623796
-6.47995991984e-08 0.011799538293 0.999402613471 0.999493966347
-6.42184368737e-08 0.0117590315883 0.999405623849 0.999492307478
-6.36372745491e-08 0.0117185248836 0.999408634228 0.999490648609
-6.30561122244e-08 0.0116780181788 0.999411644606 0.99948898974
-6.24749498998e-08 0.0116375114741 0.999414654984 0.999487330871
-6.18937875752e-08 0.0115969963468 0.999417564402 0.999486170197
-6.13126252505e-08 0.0115564747895 0.999420396743 0.999485389863
-6.07314629259e-08 0.0115159532322 0.999423229084 0.99948460953
-6.01503006012e-08 0.0114754316749 0.999426061425 0.999483829196
-5.95691382766e-08 0.0114349101175 0.999428893766 0.999483048863
-5.89879759519e-08 0.011394377601 0.999431592414 0.999482925243
-5.84068136273e-08 0.0113538444351 0.999434283139 0.999482840537
-5.78256513026e-08 0.0113133112691 0.999436973864 0.999482755832
-5.7244488978e-08 0.0112727781032 0.999439664589 0.999482671126
-5.66633266533e-08 0.0112322430291 0.999442329609 0.999482700624
-5.60821643287e-08 0.0111917008736 0.999444899235 0.999483153957
-5.5501002004e-08 0.0111511587181 0.999447468861 0.99948360729
-5.49198396794e-08 0.0111106165626 0.999450038487 0.999484060623
-5.43386773547e-08 0.011070074407 0.999452608113 0.999484513956
-5.37575150301e-08 0.011029529708 0.999455136229 0.999485116039
-5.31763527054e-08 0.0109889806617 0.999457593398 0.999485972363
-5.25951903808e-08 0.0109484316153 0.999460050567 0.999486828686
-5.20140280561e-08 0.010907882569 0.999462507736 0.99948768501
-5.14328657315e-08 0.0108673335226 0.999464964906 0.999488541333
-5.08517034068e-08 0.0108267823247 0.999467375825 0.99948951633
-5.02705410822e-08 0.0107862280562 0.99946972074 0.999490660689
-4.96893787575e-08 0.0107456737877 0.999472065655 0.999491805048
-4.91082164329e-08 0.0107051195192 0.99947441057 0.999492949407
-4.85270541082e-08 0.0106645652507 0.999476755485 0.999494093766
-4.79458917836e-08 0.0106240096607 0.999479060615 0.999495302732
-4.73647294589e-08 0.0105834514855 0.999481287911 0.999496638092
-4.67835671343e-08 0.0105428933104 0.999483515208 0.999497973451
-4.62024048096e-08 0.0105023351352 0.999485742504 0.99949930881
-4.5621242485e-08 0.0104617769601 0.9994879698 0.999500644169
-4.50400801603e-08 0.0104212183671 0.999490178782 0.999501995482
-4.44589178357e-08 0.0103806573129 0.999492279869 0.999503440781
-4.3877755511e-08 0.0103400962587 0.999494380956 0.99950488608
-4.32965931864e-08 0.0102995352046 0.999496482043 0.999506331379
-4.27154308617e-08 0.0102589741504 0.99949858313 0.999507776678
-4.21342685371e-08 0.0102184130962 0.999500684217 0.999509221978
-4.15531062124e-08 0.0101778503124 0.999502672313 0.99951070303
-4.09719438878e-08 0.0101372871737 0.999504637229 0.999512191418
-4.03907815631e-08 0.010096724035 0.999506602145 0.999513679806
-3.98096192385e-08 0.0100561608963 0.999508567061 0.999515168194
-3.92284569138e-08 0.0100155977576 0.999510531977 0.999516656581
-3.86472945892e-08 0.00997503404381 0.999512440008 0.999518140617
-3.80661322645e-08 0.00993446942804 0.999514258822 0.999519617826
-3.74849699399e-08 0.00989390481226 0.999516077636 0.999521095036
-3.69038076152e-08 0.00985334019649 0.99951789645 0.999522572245
-3.63226452906e-08 0.00981277558072 0.999519715265 0.999524049454
-3.57414829659e-08 0.00977221096494 0.999521534079 0.999525526664
-3.51603206413e-08 0.00973164551276 0.999523225645 0.999526959231
-3.45791583166e-08 0.00969107987811 0.999524889452 0.999528382059
-3.3997995992e-08 0.00965051424346 0.999526553259 0.999529804888
-3.34168336673e-08 0.00960994860882 0.999528217065 0.999531227716
-3.28356713427e-08 0.00956938297417 0.999529880872 0.999532650545
-3.2254509018e-08 0.00952881725712 0.999531524973 0.99953406269
-3.16733466934e-08 0.00948825094395 0.999533026518 0.999535397555
-3.10921843687e-08 0.00944768463077 0.999534528064 0.99953673242
-3.05110220441e-08 0.0094071183176 0.999536029609 0.999538067285
-2.99298597194e-08 0.00936655200443 0.999537531154 0.99953940215
-2.93486973948e-08 0.00932598569125 0.999539032699 0.999540737015
-2.87675350701e-08 0.00928541925415 0.999540486011 0.999542039261
-2.81863727455e-08 0.00924485251048 0.999541819999 0.999543260813
-2.76052104208e-08 0.00920428576681 0.999543153986 0.999544482365
-2.70240480962e-08 0.00916371902313 0.999544487974 0.999545703917
-2.64428857715e-08 0.00912315227946 0.999545821961 0.999546925468
-2.58617234469e-08 0.00908258553578 0.999547155948 0.99954814702
-2.52805611222e-08 0.00904201871157 0.999548435769 0.999549326797
-2.46993987976e-08 0.00900145171383 0.999549598887 0.999550416571
-2.41182364729e-08 0.00896088471608 0.999550762005 0.999551506344
-2.35370741483e-08 0.00892031771834 0.999551925123 0.999552596118
-2.29559118236e-08 0.0088797507206 0.999553088241 0.999553685892
-2.2374749499e-08 0.00883918372286 0.999554251359 0.999554775665
-2.17935871743e-08 0.00879861669785 0.999555379022 0.999555835687
-2.12124248497e-08 0.00875804956755 0.999556369744 0.999556780789
-2.0631262525e-08 0.00871748243725 0.999557360466 0.999557725892
-2.00501002004e-08 0.00867691530695 0.999558351188 0.999558670995
-1.94689378758e-08 0.00863634817665 0.99955934191 0.999559616097
-1.88877755511e-08 0.00859578104635 0.999560332632 0.9995605612
-1.83066132265e-08 0.00855521391605 0.999561323354 0.999561506302
-1.77254509018e-08 0.00851464673575 0.999562150101 0.999562305725
-1.71442885772e-08 0.00847407955284 0.999562968308 0.99956309756
-1.65631262525e-08 0.00843351236994 0.999563786516 0.999563889394
-1.59819639279e-08 0.00839294518703 0.999564604723 0.999564681229
-1.54008016032e-08 0.00835237800413 0.99956542293 0.999565473064
-1.48196392786e-08 0.00831181082123 0.999566241137 0.999566264899
-1.42384769539e-08 0.00827124363639 0.999566965213 0.99956696969
-1.36573146293e-08 0.00823067644996 0.999567611695 0.999567602727
-1.30761523046e-08 0.00819010926352 0.999568258177 0.999568235764
-1.249498998e-08 0.00814954207709 0.999568904659 0.999568868801
-1.19138276553e-08 0.00810897489066 0.999569551141 0.999569501838
-1.13326653307e-08 0.00806840770422 0.999570197623 0.999570134875
-1.0751503006e-08 0.00802784051779 0.999570844105 0.999570767912
-1.01703406814e-08 0.0079872733545 0.999571320833 0.999571239316
-9.58917835671e-09 0.00794670619132 0.999571796731 0.99957170993
-9.00801603206e-09 0.00790613902815 0.99957227263 0.999572180545
-8.42685370741e-09 0.00786557186497 0.999572748529 0.99957265116
-7.84569138277e-09 0.0078250047018 0.999573224428 0.999573121775
-7.26452905812e-09 0.00778443753862 0.999573700326 0.99957359239
-6.68336673347e-09 0.00774387038549 0.999574127381 0.999574015435
-6.10220440882e-09 0.00770330325718 0.999574433646 0.999574320844
-5.52104208417e-09 0.00766273612887 0.999574739911 0.999574626252
-4.93987975952e-09 0.00762216900056 0.999575046176 0.999574931661
-4.35871743487e-09 0.00758160187225 0.999575352442 0.999575237069
-3.77755511022e-09 0.00754103474395 0.999575658707 0.999575542478
-3.19639278557e-09 0.00750046761564 0.999575964972 0.999575847887
-2.61523046092e-09 0.00745990050322 0.999576199631 0.999576082214
-2.03406813627e-09 0.00741933341248 0.999576336576 0.999576219545
-1.45290581162e-09 0.00737876632174 0.999576473522 0.999576356877
-8.71743486974e-10 0.007338199231 0.999576610468 0.999576494208
-2.90581162324e-10 0.00729763214026 0.999576747414 0.99957663154
2.90581162325e-10 0.00725706504952 0.999576884359 0.999576768872
8.71743486974e-10 0.00721649795877 0.999577021305 0.999576906203
1.45290581162e-09 0.00717593088292 0.999577090922 0.999576975455
2.03406813627e-09 0.00713536382975 0.999577057989 0.999576941016
2.61523046092e-09 0.00709479677657 0.999577025057 0.999576906576
3.19639278557e-09 0.0070542297234 0.999576992125 0.999576872137
3.77755511022e-09 0.00701366267023 0.999576959193 0.999576837697
4.35871743487e-09 0.00697309561705 0.99957692626 0.999576803258
4.93987975952e-09 0.00693252856388 0.999576893328 0.999576768818
5.52104208417e-09 0.00689196151931 0.999576825398 0.999576698242
6.10220440882e-09 0.00685139450821 0.999576621264 0.99957648703
6.68336673347e-09 0.00681082749711 0.999576417131 0.999576275818
7.26452905812e-09 0.00677026048601 0.999576212997 0.999576064606
7.84569138277e-09 0.00672969347491 0.999576008863 0.999575853394
8.42685370742e-09 0.00668912646382 0.99957580473 0.999575642183
9.00801603206e-09 0.00664855945272 0.999575600596 0.999575430971
9.58917835671e-09 0.00660799244162 0.999575396462 0.999575219759
1.01703406814e-08 0.00656742548189 0.999575046728 0.999574854026
1.0751503006e-08 0.00652685853172 0.999574669934 0.999574459575
1.13326653307e-08 0.00648629158154 0.999574293139 0.999574065125
1.19138276553e-08 0.00644572463136 0.999573916345 0.999573670674
1.249498998e-08 0.00640515768118 0.999573539551 0.999573276224
1.30761523046e-08 0.006364590731 0.999573162757 0.999572881773
1.36573146293e-08 0.00632402378082 0.999572785963 0.999572487323
1.42384769539e-08 0.00628345686431 0.999572355769 0.999572033891
1.48196392786e-08 0.00624289002313 0.999571806113 0.999571448511
1.54008016032e-08 0.00620232318195 0.999571256458 0.999570863131
1.59819639279e-08 0.00616175634077 0.999570706802 0.999570277751
1.65631262525e-08 0.00612118949959 0.999570157147 0.999569692371
1.71442885772e-08 0.00608062265841 0.999569607491 0.999569106991
1.77254509018e-08 0.00604005581723 0.999569057836 0.999568521611
1.83066132265e-08 0.00599948897606 0.99956850818 0.999567936231
1.88877755511e-08 0.00595892226057 0.9995678574 0.999567231906
1.94689378758e-08 0.00591835562983 0.99956713843 0.999566447376
2.00501002004e-08 0.00587778899909 0.999566419461 0.999565662845
2.06312625251e-08 0.00583722236836 0.999565700491 0.999564878315
2.12124248497e-08 0.00579665573762 0.999564981522 0.999564093785
2.17935871743e-08 0.00575608910688 0.999564262552 0.999563309255
2.2374749499e-08 0.00571552247615 0.999563543583 0.999562524725
2.29559118236e-08 0.00567495584541 0.999562824613 0.999561740194
2.35370741483e-08 0.0056343895002 0.999561994412 0.999560810086
2.41182364729e-08 0.00559382327496 0.999561117475 0.999559818812
2.46993987976e-08 0.00555325704971 0.999560240538 0.999558827538
2.52805611222e-08 0.00551269082447 0.999559363602 0.999557836264
2.58617234469e-08 0.00547212459922 0.999558486665 0.99955684499
2.64428857715e-08 0.00543155837398 0.999557609729 0.999555853716
2.70240480962e-08 0.00539099214874 0.999556732792 0.999554862442
2.76052104208e-08 0.00535042592349 0.999555855855 0.999553871168
2.81863727455e-08 0.00530986017494 0.999554896047 0.999552747199
2.87675350701e-08 0.00526929471205 0.999553886578 0.999551543715
2.93486973948e-08 0.00522872924916 0.999552877109 0.999550340231
2.99298597194e-08 0.00518816378626 0.999551867639 0.999549136746
3.05110220441e-08 0.00514759832337 0.99955085817 0.999547933262
3.10921843687e-08 0.00510703286048 0.999549848701 0.999546729777
3.16733466934e-08 0.00506646739758 0.999548839232 0.999545526293
3.2254509018e-08 0.00502590193469 0.999547829763 0.999544322809
3.28356713427e-08 0.00498533696986 0.999546790544 0.99954304304
3.34168336673e-08 0.00494477290467 0.999545697587 0.999541625481
3.3997995992e-08 0.00490420883948 0.999544604629 0.999540207921
3.45791583166e-08 0.0048636447743 0.999543511672 0.999538790362
3.51603206413e-08 0.00482308070911 0.999542418715 0.999537372803
3.57414829659e-08 0.00478251664392 0.999541325758 0.999535955243
3.63226452906e-08 0.00474195257873 0.999540232801 0.999534537684
3.69038076152e-08 0.00470138851354 0.999539139843 0.999533120125
3.74849699399e-08 0.00466082444835 0.999538046886 0.999531702565
3.80661322645e-08 0.00462026262659 0.999536957009 0.999530095945
3.86472945892e-08 0.00457970107416 0.999535867501 0.999528466626
3.92284569138e-08 0.00453913952173 0.999534777994 0.999526837308
3.98096192385e-08 0.0044985779693 0.999533688486 0.99952520799
4.03907815631e-08 0.00445801641686 0.999532598979 0.999523578672
4.09719438878e-08 0.00441745486443 0.999531509471 0.999521949354
4.15531062124e-08 0.004376893312 0.999530419964 0.999520320036
4.21342685371e-08 0.00433633175957 0.999529330456 0.999518690717
4.27154308617e-08 0.00429577123287 0.99952827541 0.99951701367
4.32965931864e-08 0.00425521413764 0.999527335649 0.999515176948
4.3877755511e-08 0.00421465704241 0.999526395889 0.999513340227
4.44589178357e-08 0.00417409994719 0.999525456128 0.999511503506
4.50400801603e-08 0.00413354285196 0.999524516367 0.999509666784
4.5621242485e-08 0.00409298575673 0.999523576607 0.999507830063
4.62024048096e-08 0.00405242866151 0.999522636846 0.999505993342
4.67835671343e-08 0.00401187156628 0.999521697086 0.99950415662
4.73647294589e-08 0.00397131447105 0.999520757325 0.999502319899
4.79458917836e-08 0.00393076022789 0.99951995865 0.999500407014
4.85270541082e-08 0.00389021097661 0.999519406913 0.999498360823
4.91082164329e-08 0.00384966172532 0.999518855176 0.999496314632
4.96893787575e-08 0.00380911247404 0.99951830344 0.999494268441
5.02705410822e-08 0.00376856322275 0.999517751703 0.99949222225
5.08517034068e-08 0.00372801397147 0.999517199966 0.999490176058
5.14328657315e-08 0.00368746472018 0.999516648229 0.999488129867
5.20140280561e-08 0.0036469154689 0.999516096492 0.999486083676
5.25951903808e-08 0.00360636621762 0.999515544756 0.999484037485
5.31763527054e-08 0.0035658209343 0.999515214766 0.999481922174
5.37575150301e-08 0.00352528543989 0.999515431822 0.999479636348
5.43386773547e-08 0.00348474994548 0.999515648878 0.999477350521
5.49198396794e-08 0.00344421445108 0.999515865935 0.999475064694
5.5501002004e-08 0.00340367895667 0.999516082991 0.999472778867
5.60821643287e-08 0.00336314346227 0.999516300047 0.99947049304
5.66633266533e-08 0.00332260796786 0.999516517104 0.999468207213
5.7244488978e-08 0.00328207247345 0.99951673416 0.999465921387
5.78256513026e-08 0.00324153697905 0.999516951216 0.99946363556
5.84068136273e-08 0.00320100148464 0.999517168273 0.999461349733
5.89879759519e-08 0.00316049011467 0.999518757189 0.999458718268
5.95691382766e-08 0.00311997875142 0.999520346488 0.999456086706
6.01503006012e-08 0.00307946738817 0.999521935787 0.999453455145
6.07314629259e-08 0.00303895602492 0.999523525086 0.999450823583
6.13126252505e-08 0.00299844466166 0.999525114385 0.999448192022
6.18937875752e-08 0.00295793329841 0.999526703684 0.99944556046
6.24749498998e-08 0.00291742193516 0.999528292982 0.999442928899
6.30561122244e-08 0.00287691057191 0.999529882281 0.999440297337
6.36372745491e-08 0.00283639920866 0.99953147158 0.999437665776
6.42184368737e-08 0.00279590875188 0.999534207932 0.999434726039
6.47995991984e-08 0.00275543984392 0.99953812658 0.999431468656
6.5380761523e-08 0.00271497093597 0.999542045229 0.999428211274
6.59619238477e-08 0.00267450202801 0.999545963877 0.999424953892
6.65430861723e-08 0.00263403312006 0.999549882526 0.999421696509
6.7124248497e-08 0.0025935642121 0.999553801174 0.999418439127
6.77054108216e-08 0.00255309530415 0.999557719823 0.999415181745
6.82865731463e-08 0.00251262639619 0.999561638471 0.999411924363
6.88677354709e-08 0.00247215748824 0.99956555712 0.99940866698
6.94488977956e-08 0.00243168858028 0.999569475768 0.999405409598
7.00300601202e-08 0.00239127684055 0.999576333906 0.999401183142
7.06112224449e-08 0.00235088301246 0.999584113029 0.999396653062
7.11923847695e-08 0.00231048918437 0.999591892152 0.999392122981
7.17735470942e-08 0.00227009535628 0.999599671276 0.9993875929
7.23547094188e-08 0.00222970152819 0.999607450399 0.99938306282
7.29358717435e-08 0.0021893077001 0.999615229522 0.999378532739
7.35170340681e-08 0.00214891387202 0.999623008646 0.999374002659
7.40981963928e-08 0.00210852004393 0.999630787769 0.999369472578
7.46793587174e-08 0.00206812621584 0.999638566892 0.999364942497
7.52605210421e-08 0.00202773238775 0.999646346015 0.999360412417
7.58416833667e-08 0.00198744569545 0.999659211891 0.99935375352
7.64228456914e-08 0.001947185545 0.999673337961 0.99934656723
7.7004008016e-08 0.00190692539455 0.99968746403 0.99933938094
7.75851703407e-08 0.0018666652441 0.999701590099 0.99933219465
7.81663326653e-08 0.00182640509365 0.999715716169 0.99932500836
7.874749499e-08 0.0017861449432 0.999729842238 0.99931782207
7.93286573146e-08 0.00174588479274 0.999743968307 0.99931063578
7.99098196393e-08 0.00170562464229 0.999758094377 0.99930344949
8.04909819639e-08 0.00166536449184 0.999772220446 0.9992962632
8.10721442886e-08 0.00162510434139 0.999786346515 0.99928907691
8.16533066132e-08 0.00158498983764 0.999806826046 0.999278566551
8.22344689379e-08 0.00154496959395 0.999831417427 0.99926590491
8.28156312625e-08 0.00150494935027 0.999856008809 0.999253243269
8.33967935872e-08 0.00146492910658 0.99988060019 0.999240581629
8.39779559118e-08 0.00142490886289 0.999905191572 0.999227919988
8.45591182365e-08 0.0013848886192 0.999929782953 0.999215258348
8.51402805611e-08 0.00134486837552 0.999954374335 0.999202596707
8.57214428858e-08 0.00130484813183 0.999978965716 0.999189935067
8.63026052104e-08 0.00126482788814 1.0000035571 0.999177273426
8.68837675351e-08 0.00122480764445 1.00002814848 0.999164611785
8.74649298597e-08 0.00118486247759 1.00005575477 0.999150041826
8.80460921844e-08 0.00114527655088 1.00009778731 0.999126340621
8.8627254509e-08 0.00110569062417 1.00013981984 0.999102639416
8.92084168337e-08 0.00106610469745 1.00018185238 0.999078938211
8.97895791583e-08 0.00102651877074 1.00022388491 0.999055237006
9.0370741483e-08 0.00098693284403 1.00026591745 0.999031535801
9.09519038076e-08 0.000947346917318 1.00030794998 0.999007834596
9.15330661323e-08 0.000907760990606 1.00034998252 0.998984133391
9.21142284569e-08 0.000868175063894 1.00039201506 0.998960432187
9.26953907816e-08 0.000828589137182 1.00043404759 0.998936730982
9.32765531062e-08 0.000789003210471 1.00047608013 0.998913029777
9.38577154309e-08 0.000749808545674 1.00053267481 0.998878584893
9.44388777555e-08 0.000711016095447 1.00060423928 0.99883309558
9.50200400802e-08 0.00067222364522 1.00067580375 0.998787606266
9.56012024048e-08 0.000633431194993 1.00074736821 0.998742116953
9.61823647295e-08 0.000594638744766 1.00081893268 0.99869662764
9.67635270541e-08 0.000555846294539 1.00089049715 0.998651138327
9.73446893788e-08 0.000517053844312 1.00096206162 0.998605649014
9.79258517034e-08 0.000478261394085 1.00103362609 0.998560159701
9.85070140281e-08 0.000439468943858 1.00110519056 0.998514670388
9.90881763527e-08 0.000400676493631 1.00117675502 0.998469181075
9.96693386774e-08 0.000361884043404 1.00124831949 0.998423691762
1.00250501002e-07 0.000323913898116 1.00134851973 0.998354460663
1.00831663327e-07 0.000286584548288 1.00147103489 0.998266728362
1.01412825651e-07 0.00024925519846 1.00159355006 0.998178996061
1.01993987976e-07 0.000211925848632 1.00171606522 0.99809126376
1.02575150301e-07 0.000174596498803 1.00183858038 0.998003531459
1.03156312625e-07 0.000137267148975 1.00196109555 0.997915799158
1.0373747495e-07 9.99377991473e-05 1.00208361071 0.997828066857
1.04318637275e-07 6.26084493192e-05 1.00220612587 0.997740334556
1.04899799599e-07 2.52790994911e-05 1.00232864104 0.997652602255
1.05480961924e-07 -1.2050250337e-05 1.0024511562 0.997564869954
1.06062124248e-07 -4.93796001651e-05 1.00257367136 0.997477137654
1.06643286573e-07 -8.56914720967e-05 1.00272969055 0.997359233371
1.07224448898e-07 -0.00012029840437 1.00294185085 0.997190771326
1.07805611222e-07 -0.000154905336643 1.00315401115 0.99702230928
1.08386773547e-07 -0.000189512268916 1.00336617145 0.996853847234
1.08967935872e-07 -0.00022411920119 1.00357833175 0.996685385188
1.09549098196e-07 -0.000258726133463 1.00379049205 0.996516923142
1.10130260521e-07 -0.000293333065736 1.00400265235 0.996348461096
1.10711422846e-07 -0.00032793999801 1.00421481265 0.99617999905
1.1129258517e-07 -0.000362546930283 1.00442697295 0.996011537004
1.11873747495e-07 -0.000397153862556 1.00463913324 0.995843074958
1.1245490982e-07 -0.000431760794829 1.00485129354 0.995674612912
1.13036072144e-07 -0.000466367727103 1.00506345384 0.995506150866
1.13617234469e-07 -0.000496262734775 1.0054238663 0.995197170751
1.14198396794e-07 -0.000525760118538 1.00579678928 0.994876332775
1.14779559118e-07 -0.000555257502301 1.00616971225 0.994555494799
1.15360721443e-07 -0.000584754886063 1.00654263523 0.994234656823
1.15941883768e-07 -0.000614252269826 1.0069155582 0.993913818847
1.16523046092e-07 -0.000643749653589 1.00728848117 0.993592980872
1.17104208417e-07 -0.000673247037352 1.00766140415 0.993272142896
1.17685370741e-07 -0.000702744421114 1.00803432712 0.99295130492
1.18266533066e-07 -0.000732241804877 1.0084072501 0.992630466944
1.18847695391e-07 -0.00076173918864 1.00878017307 0.992309628968
1.19428857715e-07 -0.000791236572403 1.00915309605 0.991988790992
1.2001002004e-07 -0.000818789679654 1.00958506669 0.991610838879
1.20591182365e-07 -0.000838621401611 1.01025153576 0.991006067045
1.21172344689e-07 -0.000858453123567 1.01091800484 0.99040129521
1.21753507014e-07 -0.000878284845524 1.01158447391 0.989796523375
1.22334669339e-07 -0.000898116567481 1.01225094299 0.98919175154
1.22915831663e-07 -0.000917948289438 1.01291741206 0.988586979705
1.23496993988e-07 -0.000937780011394 1.01358388114 0.98798220787
1.24078156313e-07 -0.000957611733351 1.01425035021 0.987377436035
1.24659318637e-07 -0.000977443455308 1.01491681929 0.9867726642
1.25240480962e-07 -0.000997275177265 1.01558328836 0.986167892366
1.25821643287e-07 -0.00101710689922 1.01624975744 0.985563120531
1.26402805611e-07 -0.00103693862118 1.01691622651 0.984958348696
1.26983967936e-07 -0.00105300917599 1.0176941813 0.984247314722
1.27565130261e-07 -0.00105443249512 1.01890629854 0.983122460641
1.28146292585e-07 -0.00105585581424 1.02011841578 0.981997606561
1.2872745491e-07 -0.00105727913337 1.02133053302 0.98087275248
1.29308617234e-07 -0.0010587024525 1.02254265026 0.979747898399
1.29889779559e-07 -0.00106012577163 1.0237547675 0.978623044319
1.30470941884e-07 -0.00106154909076 1.02496688474 0.977498190238
1.31052104208e-07 -0.00106297240988 1.02617900198 0.976373336157
1.31633266533e-07 -0.00106439572901 1.02739111922 0.975248482077
1.32214428858e-07 -0.00106581904814 1.02860323646 0.974123627996
1.32795591182e-07 -0.00106724236727 1.0298153537 0.972998773915
1.33376753507e-07 -0.0010686656864 1.03102747094 0.971873919834
1.33957915832e-07 -0.00107008900552 1.03223958818 0.970749065754
1.34539078156e-07 -0.00103890792079 1.03440949409 0.968767207872
1.35120240481e-07 -0.00100509028967 1.03665685133 0.966716048608
1.35701402806e-07 -0.000971272658543 1.03890420856 0.964664889344
1.3628256513e-07 -0.00093745502742 1.04115156579 0.96261373008
1.36863727455e-07 -0.000903637396297 1.04339892303 0.960562570816
1.3744488978e-07 -0.000869819765175 1.04564628026 0.958511411552
1.38026052104e-07 -0.000836002134052 1.0478936375 0.956460252288
1.38607214429e-07 -0.000802184502929 1.05014099473 0.954409093024
1.39188376754e-07 -0.000768366871806 1.05238835197 0.95235793376
1.39769539078e-07 -0.000734549240683 1.0546357092 0.950306774495
1.40350701403e-07 -0.00070073160956 1.05688306643 0.948255615231
1.40931863727e-07 -0.000666913978437 1.05913042367 0.946204455967
1.41513026052e-07 -0.000608930321415 1.06208078469 0.943577518233
1.42094188377e-07 -0.000507441934512 1.06629672368 0.939914039078
1.42675350701e-07 -0.00040595354761 1.07051266268 0.936250559924
1.43256513026e-07 -0.000304465160707 1.07472860167 0.932587080769
1.43837675351e-07 -0.000202976773805 1.07894454066 0.928923601614
1.44418837675e-07 -0.000101488386902 1.08316047965 0.92526012246
1.45e-07 0 1.08737641864 0.921596643305
