-1.45e-07 -5.06779415399e-11 1.2156397727 0.82150468075
-1.44418837675e-07 -0.000282454373785 1.20242198289 0.830566242418
-1.43837675351e-07 -0.000549150511184 1.18997675374 0.839231244573
-1.43256513026e-07 -0.000796398977558 1.17850175151 0.847419139218
-1.42675350701e-07 -0.00102842183171 1.16776865254 0.855222106725
-1.42094188377e-07 -0.00124783795954 1.15764140433 0.862700672417
-1.41513026052e-07 -0.00145553803679 1.14807180747 0.869874104464
-1.40931863727e-07 -0.00164595809877 1.1393083387 0.876586007295
-1.40350701403e-07 -0.00182587147397 1.13102530972 0.883010186543
-1.39769539078e-07 -0.00199659259614 1.12316020902 0.889180806438
-1.39188376754e-07 -0.00215424180136 1.1158816945 0.894984965922
-1.38607214429e-07 -0.00230146067143 1.10906302305 0.900490232962
-1.38026052104e-07 -0.00244159037549 1.10255502081 0.905790817271
-1.3744488978e-07 -0.00257029962529 1.09654224668 0.910757355556
-1.36863727455e-07 -0.00269068289703 1.09088498156 0.9154756561
-1.3628256513e-07 -0.00280568060498 1.0854573066 0.920033063777
-1.35701402806e-07 -0.00290903788522 1.08051958072 0.924237174518
-1.35120240481e-07 -0.00300753429605 1.07578374966 0.928291290226
-1.34539078156e-07 -0.00309948129818 1.0713199464 0.93214330654
-1.33957915832e-07 -0.00318331573918 1.06718899391 0.935741113947
-1.33376753507e-07 -0.003264021652 1.06318611284 0.93924060541
-1.32795591182e-07 -0.003335513953 1.05955703313 0.942447254358
-1.32214428858e-07 -0.00340405824503 1.05604633537 0.945558967693
-1.31633266533e-07 -0.0034664384482 1.05278316633 0.948472177033
-1.31052104208e-07 -0.00352425785539 1.04970144699 0.951236729705
-1.30470941884e-07 -0.00357822384915 1.04677303437 0.953875682459
-1.29889779559e-07 -0.00362662001442 1.04406436515 0.956331066717
-1.29308617234e-07 -0.00367283530938 1.04144173661 0.958714574601
-1.2872745491e-07 -0.00371298089354 1.03905678448 0.960896000594
-1.28146292585e-07 -0.00375207465368 1.03671301945 0.963042407689
-1.27565130261e-07 -0.00378501995821 1.03460842061 0.964982210338
-1.26983967936e-07 -0.00381758716895 1.03251852908 0.96690930803
-1.26402805611e-07 -0.00384426718733 1.03065631234 0.968636912911
-1.25821643287e-07 -0.003870868958 1.02879712167 0.970361866298
-1.25240480962e-07 -0.00389211076681 1.02714417651 0.971903808915
-1.24659318637e-07 -0.00391327476362 1.02549422548 0.973443094716
-1.24078156313e-07 -0.00392980516145 1.02402181038 0.974823086843
-1.23496993988e-07 -0.00394602616585 1.02256124967 0.976192442655
-1.22915831663e-07 -0.00395847946666 1.02124453711 0.977431479027
-1.22334669339e-07 -0.0039702200524 1.01995503549 0.97864586361
-1.21753507014e-07 -0.00397914594049 1.01877269069 0.979762362024
-1.21172344689e-07 -0.00398683726195 1.0176373464 0.980835926166
-1.20591182365e-07 -0.00399270861767 1.01657113722 0.981845894061
-1.2001002004e-07 -0.00399675130082 1.01557439388 0.982791961461
-1.19428857715e-07 -0.00399997191048 1.01460882983 0.983709182193
-1.18847695391e-07 -0.00400073703687 1.01373639643 0.984540239693
-1.18266533066e-07 -0.00400150216327 1.01286396303 0.985371297192
-1.17685370741e-07 -0.00399947927931 1.01209716986 0.98610416853
-1.17104208417e-07 -0.00399730945312 1.01133594447 0.986831864961
-1.16523046092e-07 -0.00399358115907 1.01063374699 0.987504506643
-1.15941883768e-07 -0.00398879164625 1.00997174382 0.988139659497
-1.15360721443e-07 -0.00398357223269 1.00932602547 0.988759586118
-1.14779559118e-07 -0.00397645216128 1.00875230487 0.989312195206
-1.14198396794e-07 -0.00396933208986 1.00817858427 0.989864804295
-1.13617234469e-07 -0.00396072985091 1.00766104394 0.990364805397
-1.13036072144e-07 -0.00395154346088 1.00716564535 0.990844072669
-1.1245490982e-07 -0.00394200639476 1.00668355329 0.991310871534
-1.11873747495e-07 -0.00393099432622 1.00625743069 0.99172522619
-1.1129258517e-07 -0.00391998225768 1.0058313081 0.992139580846
-1.10711422846e-07 -0.00390799383641 1.00544228949 0.992519173788
-1.10130260521e-07 -0.00389537444444 1.00507724943 0.992876301873
-1.09549098196e-07 -0.00388275505247 1.00471220937 0.993233429958
-1.08967935872e-07 -0.00386877934134 1.00439881041 0.993542218073
-1.08386773547e-07 -0.00385475002656 1.00408745238 0.993849095723
-1.07805611222e-07 -0.00384040741295 1.00378804948 0.994144798618
-1.07224448898e-07 -0.00382514595682 1.00352370862 0.994407728202
-1.06643286573e-07 -0.00380988450069 1.00325936775 0.994670657786
-1.06062124248e-07 -0.00379410511868 1.00301483957 0.994915103412
-1.05480961924e-07 -0.00377777101324 1.00279153172 0.995139751831
-1.04899799599e-07 -0.0037614369078 1.00256822388 0.99536440025
-1.04318637275e-07 -0.00374450174313 1.00236797076 0.99556758812
-1.0373747495e-07 -0.0037272375055 1.00218033983 0.995759026587
-1.03156312625e-07 -0.00370997326788 1.0019927089 0.995950465055
-1.02575150301e-07 -0.00369211232274 1.00182803002 0.996120589193
-1.01993987976e-07 -0.00367404478533 1.00167129761 0.996283333875
-1.01412825651e-07 -0.00365597724792 1.0015145652 0.996446078558
-1.00831663327e-07 -0.00363737695294 1.00137838279 0.996589783124
-1.00250501002e-07 -0.00361861852107 1.00124830018 0.996727836069
-9.96693386774e-08 -0.00359986008919 1.00111821757 0.996865889013
-9.90881763527e-08 -0.00358067002645 1.00100482919 0.996988503949
-9.85070140281e-08 -0.00356131989619 1.00089763174 0.9971053938
-9.79258517034e-08 -0.00354196976594 1.00079043429 0.997222283651
-9.73446893788e-08 -0.00352230870271 1.00069529191 0.997328038862
-9.67635270541e-08 -0.0035024540324 1.00060765579 0.997426860922
-9.61823647295e-08 -0.00348259936209 1.00052001968 0.997525682982
-9.56012024048e-08 -0.00346256060621 1.00043953446 0.997617900303
-9.50200400802e-08 -0.00344227763615 1.00036853587 0.997701355552
-9.44388777555e-08 -0.00342199466608 1.00029753728 0.997784810801
-9.38577154309e-08 -0.00340165076418 1.00022890842 0.997866073581
-9.32765531062e-08 -0.00338100588013 1.00017198519 0.997936506328
-9.26953907816e-08 -0.00336036099609 1.00011506196 0.998006939074
-9.21142284569e-08 -0.00333971611204 1.00005813874 0.998077371821
-9.15330661323e-08 -0.00331881854181 1.00001104384 0.998138673665
-9.09519038076e-08 -0.0032978692787 0.999965959568 0.998198107569
-9.0370741483e-08 -0.00327692001559 0.999920875292 0.998257541473
-8.97895791583e-08 -0.00325586543025 0.999879881804 0.998313146351
-8.92084168337e-08 -0.00323466141349 0.999844692336 0.998363318597
-8.8627254509e-08 -0.00321345739672 0.999809502868 0.998413490843
-8.80460921844e-08 -0.00319225337996 0.999774313401 0.998463663088
-8.74649298597e-08 -0.00317085496347 0.999746648397 0.998506707737
-8.68837675351e-08 -0.00314943878633 0.99971967084 0.998549101198
-8.63026052104e-08 -0.00312802260919 0.999692693283 0.998591494659
-8.57214428858e-08 -0.00310654721758 0.999667993402 0.998631691768
-8.51402805611e-08 -0.00308495525385 0.999647777452 0.998667565045
-8.45591182365e-08 -0.00306336329012 0.999627561502 0.998703438321
-8.39779559118e-08 -0.00304177132639 0.999607345552 0.998739311598
-8.33967935872e-08 -0.00302008182739 0.999590844011 0.998771510571
-8.28156312625e-08 -0.00299834497938 0.99957614565 0.998801925834
-8.22344689379e-08 -0.00297660813136 0.999561447288 0.998832341096
-8.16533066132e-08 -0.00295487128334 0.999546748927 0.998862756359
-8.10721442886e-08 -0.0029330247727 0.999536164725 0.998888955102
-8.04909819639e-08 -0.00291116915535 0.999525922174 0.998914803693
-7.99098196393e-08 -0.00288931353801 0.999515679623 0.998940652285
-7.93286573146e-08 -0.00286744967002 0.999505739967 0.998966175113
-7.874749499e-08 -0.0028454972328 0.999499051824 0.998988200926
-7.81663326653e-08 -0.00282354479558 0.999492363681 0.99901022674
-7.75851703407e-08 -0.00280159235836 0.999485675539 0.999032252553
-7.7004008016e-08 -0.00277962761684 0.999479425416 0.999053775817
-7.64228456914e-08 -0.00275759670524 0.999475530873 0.999072596464
-7.58416833667e-08 -0.00273556579365 0.99947163633 0.999091417111
-7.52605210421e-08 -0.00271353488205 0.999467741788 0.999110237758
-7.46793587174e-08 -0.00269149537566 0.999464140255 0.999128692095
-7.40981963928e-08 -0.00266940123512 0.999462401287 0.999144817929
-7.35170340681e-08 -0.00264730709459 0.999460662319 0.999160943763
-7.29358717435e-08 -0.00262521295406 0.99945892335 0.999177069597
-7.23547094188e-08 -0.00260311777785 0.999457217607 0.999193148903
-7.17735470942e-08 -0.00258097300295 0.999457103009 0.999206999973
-7.11923847695e-08 -0.00255882822806 0.999456988411 0.999220851044
-7.06112224449e-08 -0.00253668345317 0.999456873813 0.999234702114
-7.00300601202e-08 -0.00251453867827 0.999456759214 0.999248553184
-6.94488977956e-08 -0.00249236134133 0.999457602862 0.999260844522
-6.88677354709e-08 -0.00247017627361 0.999458674012 0.999272765554
-6.82865731463e-08 -0.0024479912059 0.999459745163 0.999284686585
-6.77054108216e-08 -0.00242580613818 0.999460816314 0.999296607616
-6.7124248497e-08 -0.00240360524852 0.999462298264 0.999307710328
-6.65430861723e-08 -0.00238138832644 0.999464196477 0.999317983835
-6.59619238477e-08 -0.00235917140436 0.99946609469 0.999328257341
-6.5380761523e-08 -0.00233695448228 0.999467992903 0.999338530848
-6.47995991984e-08 -0.00231473546398 0.99946993613 0.999348685699
-6.42184368737e-08 -0.00229249352874 0.999472371462 0.999357543357
-6.36372745491e-08 -0.00227025159349 0.999474806794 0.999366401015
-6.30561122244e-08 -0.00224800965824 0.999477242127 0.999375258674
-6.24749498998e-08 -0.002225767723 0.999479677459 0.999384116332
-6.18937875752e-08 -0.00220351472763 0.999482286343 0.999392279179
-6.13126252505e-08 -0.00218125328852 0.999485027723 0.999399911579
-6.07314629259e-08 -0.00215899184941 0.999487769103 0.99940754398
-6.01503006012e-08 -0.00213673041029 0.999490510483 0.99941517638
-5.95691382766e-08 -0.00211446897118 0.999493251863 0.999422808781
-5.89879759519e-08 -0.00209219327891 0.99949611141 0.999429433416
-5.84068136273e-08 -0.00206991674206 0.99949897796 0.999435998335
-5.78256513026e-08 -0.0020476402052 0.999501844509 0.999442563254
-5.7244488978e-08 -0.00202536366835 0.999504711059 0.999449128174
-5.66633266533e-08 -0.00200308466947 0.999507574821 0.999455494502
-5.60821643287e-08 -0.00198079653351 0.999510428239 0.999461123821
-5.5501002004e-08 -0.00195850839755 0.999513281657 0.99946675314
-5.49198396794e-08 -0.00193622026159 0.999516135075 0.999472382459
-5.43386773547e-08 -0.00191393212563 0.999518988494 0.999478011777
-5.37575150301e-08 -0.00189164072607 0.999521799269 0.999483336977
-5.31763527054e-08 -0.00186934374845 0.99952453716 0.999488142384
-5.25951903808e-08 -0.00184704677084 0.999527275051 0.999492947792
-5.20140280561e-08 -0.00182474979322 0.999530012942 0.9994977532
-5.14328657315e-08 -0.0018024528156 0.999532750833 0.999502558607
-5.08517034068e-08 -0.00178015308362 0.999535411324 0.999507064155
-5.02705410822e-08 -0.00175784942082 0.999537961357 0.999511141766
-4.96893787575e-08 -0.00173554575801 0.999540511389 0.999515219378
-4.91082164329e-08 -0.00171324209521 0.999543061422 0.999519296989
-4.85270541082e-08 -0.0016909384324 0.999545611454 0.9995233746
-4.79458917836e-08 -0.00166863307416 0.999548081916 0.99952723451
-4.73647294589e-08 -0.00164632439907 0.99955039671 0.999530668525
-4.67835671343e-08 -0.00162401572398 0.999552711503 0.99953410254
-4.62024048096e-08 -0.00160170704888 0.999555026297 0.999537536555
-4.5621242485e-08 -0.00157939837379 0.999557341091 0.99954097057
-4.50400801603e-08 -0.00155708915809 0.999559617843 0.999544322091
-4.44589178357e-08 -0.00153477675757 0.999561670489 0.99954718762
-4.3877755511e-08 -0.00151246435705 0.999563723135 0.999550053149
-4.32965931864e-08 -0.00149015195653 0.99956577578 0.999552918678
-4.27154308617e-08 -0.00146783955601 0.999567828426 0.999555784207
-4.21342685371e-08 -0.00144552715549 0.999569881072 0.999558649737
-4.15531062124e-08 -0.00142321247791 0.99957170759 0.999561100078
-4.09719438878e-08 -0.00140089733318 0.999573487718 0.999563465242
-4.03907815631e-08 -0.00137858218845 0.999575267846 0.999565830406
-3.98096192385e-08 -0.00135626704372 0.999577047974 0.999568195571
-3.92284569138e-08 -0.00133395189899 0.999578828102 0.999570560735
-3.86472945892e-08 -0.00131163597444 0.99958050318 0.999572755462
-3.80661322645e-08 -0.00128931882684 0.9995820135 0.999574682881
-3.74849699399e-08 -0.00126700167923 0.999583523821 0.999576610299
-3.69038076152e-08 -0.00124468453163 0.999585034141 0.999578537717
-3.63226452906e-08 -0.00122236738402 0.999586544461 0.999580465136
-3.57414829659e-08 -0.00120005023642 0.999588054782 0.999582392554
-3.51603206413e-08 -0.00117773190007 0.999589354072 0.999584008306
-3.45791583166e-08 -0.00115541330439 0.999590607325 0.999585556065
-3.3997995992e-08 -0.00113309470871 0.999591860577 0.999587103825
-3.34168336673e-08 -0.00111077611303 0.99959311383 0.999588651584
-3.28356713427e-08 -0.00108845751735 0.999594367082 0.999590199344
-3.2254509018e-08 -0.00106613879574 0.999595591552 0.999591707565
-3.16733466934e-08 -0.00104381916315 0.999596607801 0.999592929761
-3.10921843687e-08 -0.00102149953057 0.99959762405 0.999594151958
-3.05110220441e-08 -0.000999179897983 0.999598640299 0.999595374154
-2.99298597194e-08 -0.000976860265398 0.999599656548 0.99959659635
-2.93486973948e-08 -0.000954540632813 0.999600672797 0.999597818546
-2.87675350701e-08 -0.000932220788615 0.999601628013 0.999598961502
-2.81863727455e-08 -0.000909900420912 0.999602432241 0.999599908429
-2.76052104208e-08 -0.000887580053209 0.999603236468 0.999600855355
-2.70240480962e-08 -0.000865259685507 0.999604040696 0.999601802282
-2.64428857715e-08 -0.000842939317804 0.999604844923 0.999602749208
-2.58617234469e-08 -0.000820618950101 0.999605649151 0.999603696135
-2.52805611222e-08 -0.000798298418934 0.99960639496 0.999604570508
-2.46993987976e-08 -0.000775977535589 0.999607014908 0.999605288566
-2.41182364729e-08 -0.000753656652243 0.999607634857 0.999606006624
-2.35370741483e-08 -0.000731335768898 0.999608254805 0.999606724682
-2.29559118236e-08 -0.000709014885552 0.999608874753 0.99960744274
-2.2374749499e-08 -0.000686694002207 0.999609494702 0.999608160798
-2.17935871743e-08 -0.000664373045394 0.999610082624 0.999608840464
-2.12124248497e-08 -0.000642051804812 0.999610546849 0.999609371844
-2.0631262525e-08 -0.00061973056423 0.999611011073 0.999609903223
-2.00501002004e-08 -0.000597409323648 0.999611475298 0.999610434602
-1.94689378758e-08 -0.000575088083066 0.999611939522 0.999610965982
-1.88877755511e-08 -0.000552766842484 0.999612403747 0.999611497361
-1.83066132265e-08 -0.000530445601902 0.999612867971 0.999612028741
-1.77254509018e-08 -0.000508124130015 0.999613210404 0.999612418311
-1.71442885772e-08 -0.000485802646081 0.999613546494 0.999612800496
-1.65631262525e-08 -0.000463481162147 0.999613882584 0.999613182681
-1.59819639279e-08 -0.000441159678213 0.999614218674 0.999613564866
-1.54008016032e-08 -0.000418838194279 0.999614554764 0.999613947051
-1.48196392786e-08 -0.000396516710345 0.999614890853 0.999614329236
-1.42384769539e-08 -0.000374195138083 0.999615170398 0.99961464726
-1.36573146293e-08 -0.000351873493008 0.999615403331 0.999614912395
-1.30761523046e-08 -0.000329551847933 0.999615636264 0.999615177529
-1.249498998e-08 -0.000307230202858 0.999615869196 0.999615442663
-1.19138276553e-08 -0.000284908557783 0.999616102129 0.999615707797
-1.13326653307e-08 -0.000262586912708 0.999616335062 0.999615972932
-1.0751503006e-08 -0.000240265267633 0.999616567994 0.999616238066
-1.01703406814e-08 -0.00021794352247 0.999616718984 0.999616412651
-9.58917835671e-09 -0.00019562177682 0.999616869573 0.999616586795
-9.00801603206e-09 -0.000173300031169 0.999617020162 0.999616760938
-8.42685370741e-09 -0.000150978285518 0.999617170752 0.999616935082
-7.84569138277e-09 -0.000128656539867 0.999617321341 0.999617109225
-7.26452905812e-09 -0.000106334794216 0.99961747193 0.999617283368
-6.68336673347e-09 -8.40130331243e-05 0.999617603174 0.999617436826
-6.10220440882e-09 -6.1691233847e-05 0.999617686575 0.999617539128
-5.52104208417e-09 -3.93694345698e-05 0.999617769976 0.999617641429
-4.93987975952e-09 -1.70476352926e-05 0.999617853378 0.999617743731
-4.35871743487e-09 5.27416398468e-06 0.999617936779 0.999617846033
-3.77755511022e-09 2.75959632619e-05 0.99961802018 0.999617948335
-3.19639278557e-09 4.99177625391e-05 0.999618103582 0.999618050637
-2.61523046092e-09 7.22395674967e-05 0.999618161961 0.999618127359
-2.03406813627e-09 9.45613802055e-05 0.999618186195 0.999618169176
-1.45290581162e-09 0.000116883192914 0.999618210429 0.999618210992
-8.71743486974e-10 0.000139205005623 0.999618234663 0.999618252809
-2.90581162324e-10 0.000161526818332 0.999618258897 0.999618294626
2.90581162325e-10 0.00018384863104 0.999618283131 0.999618336443
8.71743486974e-10 0.000206170443749 0.999618307365 0.99961837826
1.45290581162e-09 0.000228492245894 0.999618307905 0.999618397158
2.03406813627e-09 0.000250814031947 0.999618272357 0.999618381148
2.61523046092e-09 0.000273135818 0.999618236808 0.999618365139
3.19639278557e-09 0.000295457604054 0.99961820126 0.999618349129
3.77755511022e-09 0.000317779390107 0.999618165712 0.99961833312
4.35871743487e-09 0.000340101176161 0.999618130164 0.99961831711
4.93987975952e-09 0.000362422962214 0.999618094615 0.999618301101
5.52104208417e-09 0.000384744733075 0.999618044634 0.999618271857
6.10220440882e-09 0.00040706644481 0.999617938484 0.999618191111
6.68336673347e-09 0.000429388156545 0.999617832334 0.999618110365
7.26452905812e-09 0.000451709868281 0.999617726184 0.999618029618
7.84569138277e-09 0.000474031580016 0.999617620034 0.999617948872
8.42685370742e-09 0.000496353291751 0.999617513883 0.999617868126
9.00801603206e-09 0.000518675003486 0.999617407733 0.999617787379
9.58917835671e-09 0.000540996715221 0.999617301583 0.999617706633
1.01703406814e-08 0.000563318308785 0.999617116744 0.999617556772
1.0751503006e-08 0.000585639880387 0.99961691728 0.999617394066
1.13326653307e-08 0.000607961451989 0.999616717817 0.99961723136
1.19138276553e-08 0.000630283023591 0.999616518354 0.999617068654
1.249498998e-08 0.000652604595193 0.99961631889 0.999616905948
1.30761523046e-08 0.000674926166795 0.999616119427 0.999616743242
1.36573146293e-08 0.000697247738397 0.999615919963 0.999616580537
1.42384769539e-08 0.000719569235691 0.999615680406 0.999616383869
1.48196392786e-08 0.000741890566749 0.999615351154 0.999616111225
1.54008016032e-08 0.000764211897807 0.999615021902 0.999615838581
1.59819639279e-08 0.000786533228866 0.99961469265 0.999615565937
1.65631262525e-08 0.000808854559924 0.999614363399 0.999615293292
1.71442885772e-08 0.000831175890982 0.999614034147 0.999615020648
1.77254509018e-08 0.00085349722204 0.999613704895 0.999614748004
1.83066132265e-08 0.000875818553098 0.999613375643 0.99961447536
1.88877755511e-08 0.00089813964353 0.999612937582 0.999614114006
1.94689378758e-08 0.000920460571706 0.999612426149 0.999613692833
2.00501002004e-08 0.000942781499882 0.999611914716 0.999613271661
2.06312625251e-08 0.000965102428058 0.999611403283 0.999612850489
2.12124248497e-08 0.000987423356234 0.999610891851 0.999612429316
2.17935871743e-08 0.00100974428441 0.999610380418 0.999612008144
2.2374749499e-08 0.00103206521259 0.999609868985 0.999611586972
2.29559118236e-08 0.00105438614076 0.999609357552 0.9996111658
2.35370741483e-08 0.00107670659429 0.999608667902 0.999610606269
2.41182364729e-08 0.00109902684838 0.999607903371 0.999609988605
2.46993987976e-08 0.00112134710248 0.99960713884 0.999609370941
2.52805611222e-08 0.00114366735657 0.999606374309 0.999608753277
2.58617234469e-08 0.00116598761067 0.999605609779 0.999608135613
2.64428857715e-08 0.00118830786476 0.999604845248 0.999607517949
2.70240480962e-08 0.00121062811886 0.999604080717 0.999606900286
2.76052104208e-08 0.00123294837295 0.999603316186 0.999606282622
2.81863727455e-08 0.00125526791667 0.999602335348 0.99960550823
2.87675350701e-08 0.00127758703469 0.999601224888 0.999604639919
2.93486973948e-08 0.00129990615272 0.999600114428 0.999603771609
2.99298597194e-08 0.00132222527074 0.999599003969 0.999602903299
3.05110220441e-08 0.00134454438877 0.999597893509 0.999602034988
3.10921843687e-08 0.00136686350679 0.99959678305 0.999601166678
3.16733466934e-08 0.00138918262481 0.99959567259 0.999600298368
3.2254509018e-08 0.00141150174284 0.999594562131 0.999599430058
3.28356713427e-08 0.00143382017191 0.999593285792 0.999598453269
3.34168336673e-08 0.00145613735654 0.999591709829 0.999597280538
3.3997995992e-08 0.00147845454117 0.999590133866 0.999596107807
3.45791583166e-08 0.0015007717258 0.999588557904 0.999594935076
3.51603206413e-08 0.00152308891042 0.999586981941 0.999593762345
3.57414829659e-08 0.00154540609505 0.999585405978 0.999592589614
3.63226452906e-08 0.00156772327968 0.999583830015 0.999591416883
3.69038076152e-08 0.00159004046431 0.999582254053 0.999590244152
3.74849699399e-08 0.00161235764894 0.99958067809 0.999589071421
3.80661322645e-08 0.00163467186658 0.999578549096 0.999587590322
3.86472945892e-08 0.00165698572802 0.999576353707 0.999586072202
3.92284569138e-08 0.00167929958945 0.999574158319 0.999584554083
3.98096192385e-08 0.00170161345089 0.999571962931 0.999583035963
4.03907815631e-08 0.00172392731233 0.999569767543 0.999581517843
4.09719438878e-08 0.00174624117377 0.999567572154 0.999579999723
4.15531062124e-08 0.00176855503521 0.999565376766 0.999578481604
4.21342685371e-08 0.00179086889665 0.999563181378 0.999576963484
4.27154308617e-08 0.00181318143099 0.999560797112 0.999575364582
4.32965931864e-08 0.00183548952564 0.999557780974 0.999573495434
4.3877755511e-08 0.00185779762029 0.999554764836 0.999571626285
4.44589178357e-08 0.00188010571494 0.999551748699 0.999569757136
4.50400801603e-08 0.00190241380959 0.999548732561 0.999567887988
4.5621242485e-08 0.00192472190425 0.999545716423 0.999566018839
4.62024048096e-08 0.0019470299989 0.999542700285 0.99956414969
4.67835671343e-08 0.00196933809355 0.999539684147 0.999562280541
4.73647294589e-08 0.0019916461882 0.99953666801 0.999560411393
4.79458917836e-08 0.00201395061079 0.999533254339 0.999558439959
4.85270541082e-08 0.00203624860628 0.999529144878 0.999556289497
4.91082164329e-08 0.00205854660178 0.999525035418 0.999554139036
4.96893787575e-08 0.00208084459727 0.999520925957 0.999551988575
5.02705410822e-08 0.00210314259276 0.999516816497 0.999549838114
5.08517034068e-08 0.00212544058826 0.999512707036 0.999547687652
5.14328657315e-08 0.00214773858375 0.999508597576 0.999545537191
5.20140280561e-08 0.00217003657924 0.999504488116 0.99954338673
5.25951903808e-08 0.00219233457473 0.999500378655 0.999541236269
5.31763527054e-08 0.00221462742287 0.999495841631 0.999539066907
5.37575150301e-08 0.00223690757256 0.999490249815 0.999536850916
5.43386773547e-08 0.00225918772226 0.999484657998 0.999534634925
5.49198396794e-08 0.00228146787195 0.999479066182 0.999532418935
5.5501002004e-08 0.00230374802164 0.999473474365 0.999530202944
5.60821643287e-08 0.00232602817134 0.999467882549 0.999527986953
5.66633266533e-08 0.00234830832103 0.999462290732 0.999525770962
5.7244488978e-08 0.00237058847072 0.999456698916 0.999523554972
5.78256513026e-08 0.00239286862041 0.999451107099 0.999521338981
5.84068136273e-08 0.00241514877011 0.999445515283 0.99951912299
5.89879759519e-08 0.00243739710699 0.999437848795 0.999517328471
5.95691382766e-08 0.00245964543501 0.999430181729 0.999515534069
6.01503006012e-08 0.00248189376302 0.999422514663 0.999513739666
6.07314629259e-08 0.00250414209104 0.999414847597 0.999511945264
6.13126252505e-08 0.00252639041906 0.999407180531 0.999510150862
6.18937875752e-08 0.00254863874708 0.999399513465 0.99950835646
6.24749498998e-08 0.00257088707509 0.999391846399 0.999506562057
6.30561122244e-08 0.00259313540311 0.999384179333 0.999504767655
6.36372745491e-08 0.00261538373113 0.999376512267 0.999502973253
6.42184368737e-08 0.00263760385465 0.999367346958 0.99950187022
6.47995991984e-08 0.00265979490708 0.999356637373 0.999501479798
6.5380761523e-08 0.0026819859595 0.999345927787 0.999501089376
6.59619238477e-08 0.00270417701193 0.999335218202 0.999500698953
6.65430861723e-08 0.00272636806436 0.999324508617 0.999500308531
6.7124248497e-08 0.00274855911678 0.999313799031 0.999499918109
6.77054108216e-08 0.00277075016921 0.999303089446 0.999499527687
6.82865731463e-08 0.00279294122164 0.99929237986 0.999499137265
6.88677354709e-08 0.00281513227406 0.999281670275 0.999498746843
6.94488977956e-08 0.00283732332649 0.99927096069 0.999498356421
7.00300601202e-08 0.00285943511306 0.999256658469 0.999500469086
7.06112224449e-08 0.00288152206446 0.999241230622 0.999503366004
7.11923847695e-08 0.00290360901587 0.999225802776 0.999506262922
7.17735470942e-08 0.00292569596727 0.999210374929 0.999509159841
7.23547094188e-08 0.00294778291867 0.999194947083 0.999512056759
7.29358717435e-08 0.00296986987008 0.999179519236 0.999514953677
7.35170340681e-08 0.00299195682148 0.99916409139 0.999517850596
7.40981963928e-08 0.00301404377289 0.999148663543 0.999520747514
7.46793587174e-08 0.00303613072429 0.999133235697 0.999523644432
7.52605210421e-08 0.00305821767569 0.99911780785 0.999526541351
7.58416833667e-08 0.00308015142591 0.99909616174 0.999534902945
7.64228456914e-08 0.00310204722204 0.999072975115 0.99954461836
7.7004008016e-08 0.00312394301816 0.999049788491 0.999554333775
7.75851703407e-08 0.00314583881428 0.999026601867 0.999564049189
7.81663326653e-08 0.00316773461041 0.999003415242 0.999573764604
7.874749499e-08 0.00318963040653 0.998980228618 0.999583480019
7.93286573146e-08 0.00321152620265 0.998957041993 0.999593195433
7.99098196393e-08 0.00323342199878 0.998933855369 0.999602910848
8.04909819639e-08 0.0032553177949 0.998910668744 0.999612626263
8.10721442886e-08 0.00327721359102 0.99888748212 0.999622341677
8.16533066132e-08 0.00329889399283 0.998856126033 0.999640190136
8.22344689379e-08 0.00332043499511 0.998819482809 0.999663302162
8.28156312625e-08 0.00334197599739 0.998782839585 0.999686414188
8.33967935872e-08 0.00336351699967 0.99874619636 0.999709526214
8.39779559118e-08 0.00338505800195 0.998709553136 0.99973263824
8.45591182365e-08 0.00340659900423 0.998672909912 0.999755750266
8.51402805611e-08 0.00342814000651 0.998636266688 0.999778862293
8.57214428858e-08 0.0034496810088 0.998599623464 0.999801974319
8.63026052104e-08 0.00347122201108 0.99856298024 0.999825086345
8.68837675351e-08 0.00349276301336 0.998526337016 0.999848198371
8.74649298597e-08 0.00351418890201 0.998485481978 0.999875751495
8.80460921844e-08 0.00353506397568 0.998424473551 0.99992455513
8.8627254509e-08 0.00355593904935 0.998363465124 0.999973358765
8.92084168337e-08 0.00357681412302 0.998302456696 1.0000221624
8.97895791583e-08 0.00359768919669 0.998241448269 1.00007096604
9.0370741483e-08 0.00361856427036 0.998180439842 1.00011976967
9.09519038076e-08 0.00363943934403 0.998119431414 1.00016857331
9.15330661323e-08 0.00366031441769 0.998058422987 1.00021737694
9.21142284569e-08 0.00368118949136 0.99799741456 1.00026618058
9.26953907816e-08 0.00370206456503 0.997936406132 1.00031498421
9.32765531062e-08 0.0037229396387 0.997875397705 1.00036378785
9.38577154309e-08 0.00374319117841 0.997791930104 1.00043670211
9.44388777555e-08 0.00376280172948 0.997685374626 1.00053440193
9.50200400802e-08 0.00378241228054 0.997578819148 1.00063210175
9.56012024048e-08 0.00380202283161 0.99747226367 1.00072980157
9.61823647295e-08 0.00382163338267 0.997365708192 1.00082750139
9.67635270541e-08 0.00384124393374 0.997259152714 1.00092520121
9.73446893788e-08 0.0038608544848 0.997152597237 1.00102290103
9.79258517034e-08 0.00388046503587 0.997046041759 1.00112060085
9.85070140281e-08 0.00390007558693 0.996939486281 1.00121830067
9.90881763527e-08 0.003919686138 0.996832930803 1.00131600049
9.96693386774e-08 0.00393929668906 0.996726375325 1.00141370031
1.00250501002e-07 0.0039575414136 0.996570884256 1.00156384641
1.00831663327e-07 0.00397472179401 0.996377259273 1.0017548622
1.01412825651e-07 0.00399190217442 0.996183634291 1.00194587798
1.01993987976e-07 0.00400908255483 0.995990009308 1.00213689376
1.02575150301e-07 0.00402626293524 0.995796384326 1.00232790955
1.03156312625e-07 0.00404344331564 0.995602759344 1.00251892533
1.0373747495e-07 0.00406062369605 0.995409134361 1.00270994112
1.04318637275e-07 0.00407780407646 0.995215509379 1.0029009569
1.04899799599e-07 0.00409498445687 0.995021884396 1.00309197269
1.05480961924e-07 0.00411216483728 0.994828259414 1.00328298847
1.06062124248e-07 0.00412934521769 0.994634634432 1.00347400425
1.06643286573e-07 0.00414475845971 0.994377861507 1.00373224914
1.07224448898e-07 0.00415721059139 0.994015274557 1.00410314666
1.07805611222e-07 0.00416966272308 0.993652687608 1.00447404419
1.08386773547e-07 0.00418211485477 0.993290100658 1.00484494171
1.08967935872e-07 0.00419456698645 0.992927513709 1.00521583923
1.09549098196e-07 0.00420701911814 0.992564926759 1.00558673675
1.10130260521e-07 0.00421947124982 0.99220233981 1.00595763428
1.10711422846e-07 0.00423192338151 0.99183975286 1.0063285318
1.1129258517e-07 0.00424437551319 0.991477165911 1.00669942932
1.11873747495e-07 0.00425682764488 0.991114578961 1.00707032684
1.1245490982e-07 0.00426927977656 0.990751992012 1.00744122437
1.13036072144e-07 0.00428173190825 0.990389405062 1.00781212189
1.13617234469e-07 0.00428559280752 0.989721747831 1.00850797149
1.14198396794e-07 0.00428872872078 0.989028346716 1.00923124274
1.14779559118e-07 0.00429186463404 0.988334945601 1.00995451398
1.15360721443e-07 0.0042950005473 0.987641544486 1.01067778523
1.15941883768e-07 0.00429813646056 0.986948143371 1.01140105648
1.16523046092e-07 0.00430127237382 0.986254742257 1.01212432772
1.17104208417e-07 0.00430440828708 0.985561341142 1.01284759897
1.17685370741e-07 0.00430754420034 0.984867940027 1.01357087022
1.18266533066e-07 0.0043106801136 0.984174538912 1.01429414146
1.18847695391e-07 0.00431381602686 0.983481137797 1.01501741271
1.19428857715e-07 0.00431695194012 0.982787736682 1.01574068396
1.2001002004e-07 0.00431634769841 0.981963770032 1.01660603545
1.20591182365e-07 0.00430089002537 0.9806212831 1.0180356361
1.21172344689e-07 0.00428543235234 0.979278796168 1.01946523674
1.21753507014e-07 0.00426997467931 0.977936309236 1.02089483738
1.22334669339e-07 0.00425451700627 0.976593822305 1.02232443802
1.22915831663e-07 0.00423905933324 0.975251335373 1.02375403866
1.23496993988e-07 0.0042236016602 0.973908848441 1.0251836393
1.24078156313e-07 0.00420814398717 0.972566361509 1.02661323994
1.24659318637e-07 0.00419268631414 0.971223874577 1.02804284058
1.25240480962e-07 0.0041772286411 0.969881387645 1.02947244122
1.25821643287e-07 0.00416177096807 0.968538900714 1.03090204186
1.26402805611e-07 0.00414631329503 0.967196413782 1.0323316425
1.26983967936e-07 0.0041231733277 0.965596003141 1.03406051041
1.27565130261e-07 0.00407011595154 0.962991151803 1.03695482457
1.28146292585e-07 0.00401705857539 0.960386300465 1.03984913874
1.2872745491e-07 0.00396400119923 0.957781449127 1.0427434529
1.29308617234e-07 0.00391094382308 0.955176597789 1.04563776706
1.29889779559e-07 0.00385788644692 0.952571746451 1.04853208123
1.30470941884e-07 0.00380482907077 0.949966895113 1.05142639539
1.31052104208e-07 0.00375177169461 0.947362043775 1.05432070955
1.31633266533e-07 0.00369871431846 0.944757192437 1.05721502372
1.32214428858e-07 0.0036456569423 0.942152341099 1.06010933788
1.32795591182e-07 0.00359259956615 0.939547489761 1.06300365204
1.33376753507e-07 0.00353954219 0.936942638423 1.06589796621
1.33957915832e-07 0.00348648481384 0.934337787085 1.06879228037
1.34539078156e-07 0.00336211961577 0.929530013219 1.07465565709
1.35120240481e-07 0.00323198812978 0.924544100613 1.08075912625
1.35701402806e-07 0.00310185664378 0.919558188007 1.08686259541
1.3628256513e-07 0.00297172515779 0.9145722754 1.09296606457
1.36863727455e-07 0.0028415936718 0.909586362794 1.09906953373
1.3744488978e-07 0.0027114621858 0.904600450188 1.1051730029
1.38026052104e-07 0.00258133069981 0.899614537582 1.11127647206
1.38607214429e-07 0.00245119921382 0.894628624976 1.11737994122
1.39188376754e-07 0.00232106772782 0.88964271237 1.12348341038
1.39769539078e-07 0.00219093624183 0.884656799764 1.12958687955
1.40350701403e-07 0.00206080475583 0.879670887157 1.13569034871
1.40931863727e-07 0.00193067326984 0.874684974551 1.14179381787
1.41513026052e-07 0.00174325699781 0.86810395326 1.15048422091
1.42094188377e-07 0.00145271416484 0.858651348004 1.16383173473
1.42675350701e-07 0.00116217133188 0.849198742747 1.17717924854
1.43256513026e-07 0.000871628498907 0.839746137491 1.19052676236
1.43837675351e-07 0.000581085665938 0.830293532235 1.20387427617
1.44418837675e-07 0.000290542832969 0.820840926978 1.21722178999
1.45e-07 0 0.811388321722 1.2305693038
