-1.45e-07 0 	0 	-730341.596311 	
-1.44418837675e-07 0 	0 	-688641.481591 	
-1.43837675351e-07 0 	0 	-648210.334197 	
-1.43256513026e-07 0 	0 	-610639.12952 	
-1.42675350701e-07 0 	0 	-575291.348626 	
-1.42094188377e-07 0 	0 	-541777.099221 	
-1.41513026052e-07 0 	0 	-509962.075981 	
-1.40931863727e-07 0 	0 	-480638.759969 	
-1.40350701403e-07 0 	0 	-452821.793785 	
-1.39769539078e-07 0 	0 	-426320.545382 	
-1.39188376754e-07 0 	0 	-401683.31623 	
-1.38607214429e-07 0 	0 	-378525.832395 	
-1.38026052104e-07 0 	0 	-356372.304973 	
-1.3744488978e-07 0 	0 	-335831.131192 	
-1.36863727455e-07 0 	0 	-316459.986076 	
-1.3628256513e-07 0 	0 	-297845.284492 	
-1.35701402806e-07 0 	0 	-280859.119474 	
-1.35120240481e-07 0 	0 	-264550.09863 	
-1.34539078156e-07 0 	0 	-249153.444189 	
-1.33957915832e-07 0 	0 	-234882.235595 	
-1.33376753507e-07 0 	0 	-221044.69232 	
-1.32795591182e-07 0 	0 	-208480.20508 	
-1.32214428858e-07 0 	0 	-196321.451293 	
-1.31633266533e-07 0 	0 	-185011.058919 	
-1.31052104208e-07 0 	0 	-174325.959367 	
-1.30470941884e-07 0 	0 	-164169.169295 	
-1.29889779559e-07 0 	0 	-154773.135791 	
-1.29308617234e-07 0 	0 	-145674.977063 	
-1.2872745491e-07 0 	0 	-137402.776656 	
-1.28146292585e-07 0 	0 	-129273.707086 	
-1.27565130261e-07 0 	0 	-121978.24819 	
-1.26983967936e-07 0 	0 	-114734.051436 	
-1.26402805611e-07 0 	0 	-108285.152634 	
-1.25821643287e-07 0 	0 	-101846.824277 	
-1.25240480962e-07 0 	0 	-96129.9725041 	
-1.24659318637e-07 0 	0 	-90423.5945989 	
-1.24078156313e-07 0 	0 	-85338.7010757 	
-1.23496993988e-07 0 	0 	-80295.3051402 	
-1.22915831663e-07 0 	0 	-75755.468337 	
-1.22334669339e-07 0 	0 	-71310.8869538 	
-1.21753507014e-07 0 	0 	-67241.1725466 	
-1.21172344689e-07 0 	0 	-63335.8801539 	
-1.20591182365e-07 0 	0 	-59672.1280076 	
-1.2001002004e-07 0 	0 	-56251.0716513 	
-1.19428857715e-07 0 	0 	-52938.7396592 	
-1.18847695391e-07 0 	0 	-49951.1607015 	
-1.18266533066e-07 0 	0 	-46963.5817439 	
-1.17685370741e-07 0 	0 	-44343.4627375 	
-1.17104208417e-07 0 	0 	-41742.710727 	
-1.16523046092e-07 0 	0 	-39346.6611691 	
-1.15941883768e-07 0 	0 	-37090.0011305 	
-1.15360721443e-07 0 	0 	-34889.6159309 	
-1.14779559118e-07 0 	0 	-32938.0305245 	
-1.14198396794e-07 0 	0 	-30986.4451181 	
-1.13617234469e-07 0 	0 	-29228.2243366 	
-1.13036072144e-07 0 	0 	-27546.212317 	
-1.1245490982e-07 0 	0 	-25909.7970777 	
-1.11873747495e-07 0 	0 	-24465.1695392 	
-1.1129258517e-07 0 	0 	-23020.5420008 	
-1.10711422846e-07 0 	0 	-21702.446314 	
-1.10130260521e-07 0 	0 	-20466.1221914 	
-1.09549098196e-07 0 	0 	-19229.7980689 	
-1.08967935872e-07 0 	0 	-18168.6761136 	
-1.08386773547e-07 0 	0 	-17114.4783946 	
-1.07805611222e-07 0 	0 	-16100.621347 	
-1.07224448898e-07 0 	0 	-15205.075379 	
-1.06643286573e-07 0 	0 	-14309.529411 	
-1.06062124248e-07 0 	0 	-13480.4624141 	
-1.05480961924e-07 0 	0 	-12722.5975824 	
-1.04899799599e-07 0 	0 	-11964.7327507 	
-1.04318637275e-07 0 	0 	-11283.7801895 	
-1.0373747495e-07 0 	0 	-10644.9362025 	
-1.03156312625e-07 0 	0 	-10006.0922154 	
-1.02575150301e-07 0 	0 	-9443.37458916 	
-1.01993987976e-07 0 	0 	-8907.01345655 	
-1.01412825651e-07 0 	0 	-8370.65232395 	
-1.00831663327e-07 0 	0 	-7902.06105784 	
-1.00250501002e-07 0 	0 	-7453.58572434 	
-9.96693386774e-08 0 	0 	-7005.11039083 	
-9.90881763527e-08 0 	0 	-6611.38660893 	
-9.85070140281e-08 0 	0 	-6237.96708449 	
-9.79258517034e-08 0 	0 	-5864.54756005 	
-9.73446893788e-08 0 	0 	-5530.46284679 	
-9.67635270541e-08 0 	0 	-5220.87054491 	
-9.61823647295e-08 0 	0 	-4911.27824303 	
-9.56012024048e-08 0 	0 	-4624.91397674 	
-9.50200400802e-08 0 	0 	-4369.36481422 	
-9.44388777555e-08 0 	0 	-4113.81565169 	
-9.38577154309e-08 0 	0 	-3865.93627145 	
-9.32765531062e-08 0 	0 	-3655.94295954 	
-9.26953907816e-08 0 	0 	-3445.94964764 	
-9.21142284569e-08 0 	0 	-3235.95633573 	
-9.15330661323e-08 0 	0 	-3057.6980191 	
-9.09519038076e-08 0 	0 	-2885.93184026 	
-9.0370741483e-08 0 	0 	-2714.16566142 	
-8.97895791583e-08 0 	0 	-2555.59957148 	
-8.92084168337e-08 0 	0 	-2415.76179936 	
-8.8627254509e-08 0 	0 	-2275.92402724 	
-8.80460921844e-08 0 	0 	-2136.08625513 	
-8.74649298597e-08 0 	0 	-2020.56744541 	
-8.68837675351e-08 0 	0 	-1907.27045269 	
-8.63026052104e-08 0 	0 	-1793.97345998 	
-8.57214428858e-08 0 	0 	-1688.07209341 	
-8.51402805611e-08 0 	0 	-1596.73007078 	
-8.45591182365e-08 0 	0 	-1505.38804816 	
-8.39779559118e-08 0 	0 	-1414.04602553 	
-8.33967935872e-08 0 	0 	-1334.86939037 	
-8.28156312625e-08 0 	0 	-1261.59850808 	
-8.22344689379e-08 0 	0 	-1188.32762578 	
-8.16533066132e-08 0 	0 	-1115.05674348 	
-8.10721442886e-08 0 	0 	-1055.4497974 	
-8.04909819639e-08 0 	0 	-996.977543566 	
-7.99098196393e-08 0 	0 	-938.505289732 	
-7.93286573146e-08 0 	0 	-881.06037262 	
-7.874749499e-08 0 	0 	-834.643727107 	
-7.81663326653e-08 0 	0 	-788.227081594 	
-7.75851703407e-08 0 	0 	-741.810436081 	
-7.7004008016e-08 0 	0 	-696.925459707 	
-7.64228456914e-08 0 	0 	-660.27749273 	
-7.58416833667e-08 0 	0 	-623.629525753 	
-7.52605210421e-08 0 	0 	-586.981558776 	
-7.46793587174e-08 0 	0 	-551.403700392 	
-7.40981963928e-08 0 	0 	-522.628144679 	
-7.35170340681e-08 0 	0 	-493.852588965 	
-7.29358717435e-08 0 	0 	-465.077033251 	
-7.23547094188e-08 0 	0 	-436.430519239 	
-7.17735470942e-08 0 	0 	-413.963810752 	
-7.11923847695e-08 0 	0 	-391.497102265 	
-7.06112224449e-08 0 	0 	-369.030393778 	
-7.00300601202e-08 0 	0 	-346.563685291 	
-6.94488977956e-08 0 	0 	-328.159446472 	
-6.88677354709e-08 0 	0 	-310.719705259 	
-6.82865731463e-08 0 	0 	-293.279964047 	
-6.77054108216e-08 0 	0 	-275.840222835 	
-6.7124248497e-08 0 	0 	-260.378404751 	
-6.65430861723e-08 0 	0 	-246.920821241 	
-6.59619238477e-08 0 	0 	-233.46323773 	
-6.5380761523e-08 0 	0 	-220.005654219 	
-6.47995991984e-08 0 	0 	-206.810853798 	
-6.42184368737e-08 0 	0 	-196.488926706 	
-6.36372745491e-08 0 	0 	-186.166999614 	
-6.30561122244e-08 0 	0 	-175.845072522 	
-6.24749498998e-08 0 	0 	-165.523145431 	
-6.18937875752e-08 0 	0 	-156.592821336 	
-6.13126252505e-08 0 	0 	-148.724902671 	
-6.07314629259e-08 0 	0 	-140.856984005 	
-6.01503006012e-08 0 	0 	-132.989065339 	
-5.95691382766e-08 0 	0 	-125.121146674 	
-5.89879759519e-08 0 	0 	-119.054994578 	
-5.84068136273e-08 0 	0 	-113.095608135 	
-5.78256513026e-08 0 	0 	-107.136221692 	
-5.7244488978e-08 0 	0 	-101.176835249 	
-5.66633266533e-08 0 	0 	-95.5304919921 	
-5.60821643287e-08 0 	0 	-91.045916814 	
-5.5501002004e-08 0 	0 	-86.5613416359 	
-5.49198396794e-08 0 	0 	-82.0767664578 	
-5.43386773547e-08 0 	0 	-77.5921912797 	
-5.37575150301e-08 0 	0 	-73.5255303152 	
-5.31763527054e-08 0 	0 	-70.1731555167 	
-5.25951903808e-08 0 	0 	-66.8207807182 	
-5.20140280561e-08 0 	0 	-63.4684059197 	
-5.14328657315e-08 0 	0 	-60.1160311212 	
-5.08517034068e-08 0 	0 	-57.1193721124 	
-5.02705410822e-08 0 	0 	-54.6303647732 	
-4.96893787575e-08 0 	0 	-52.141357434 	
-4.91082164329e-08 0 	0 	-49.6523500948 	
-4.85270541082e-08 0 	0 	-47.1633427556 	
-4.79458917836e-08 0 	0 	-44.895510085 	
-4.73647294589e-08 0 	0 	-43.0603688366 	
-4.67835671343e-08 0 	0 	-41.2252275882 	
-4.62024048096e-08 0 	0 	-39.3900863398 	
-4.5621242485e-08 0 	0 	-37.5549450914 	
-4.50400801603e-08 0 	0 	-35.7911624262 	
-4.44589178357e-08 0 	0 	-34.4477649764 	
-4.3877755511e-08 0 	0 	-33.1043675266 	
-4.32965931864e-08 0 	0 	-31.7609700767 	
-4.27154308617e-08 0 	0 	-30.4175726269 	
-4.21342685371e-08 0 	0 	-29.0741751771 	
-4.15531062124e-08 0 	0 	-28.0354579889 	
-4.09719438878e-08 0 	0 	-27.0592469981 	
-4.03907815631e-08 0 	0 	-26.0830360074 	
-3.98096192385e-08 0 	0 	-25.1068250166 	
-3.92284569138e-08 0 	0 	-24.1306140259 	
-3.86472945892e-08 0 	0 	-23.2603824957 	
-3.80661322645e-08 0 	0 	-22.5563667094 	
-3.74849699399e-08 0 	0 	-21.8523509231 	
-3.69038076152e-08 0 	0 	-21.1483351369 	
-3.63226452906e-08 0 	0 	-20.4443193506 	
-3.57414829659e-08 0 	0 	-19.7403035643 	
-3.51603206413e-08 0 	0 	-19.200720927 	
-3.45791583166e-08 0 	0 	-18.69701025 	
-3.3997995992e-08 0 	0 	-18.1932995731 	
-3.34168336673e-08 0 	0 	-17.6895888961 	
-3.28356713427e-08 0 	0 	-17.1858782191 	
-3.2254509018e-08 0 	0 	-16.6999386541 	
-3.16733466934e-08 0 	0 	-16.3425587136 	
-3.10921843687e-08 0 	0 	-15.985178773 	
-3.05110220441e-08 0 	0 	-15.6277988325 	
-2.99298597194e-08 0 	0 	-15.2704188919 	
-2.93486973948e-08 0 	0 	-14.9130389514 	
-2.87675350701e-08 0 	0 	-14.5862157692 	
-2.81863727455e-08 0 	0 	-14.3349865679 	
-2.76052104208e-08 0 	0 	-14.0837573667 	
-2.70240480962e-08 0 	0 	-13.8325281654 	
-2.64428857715e-08 0 	0 	-13.5812989642 	
-2.58617234469e-08 0 	0 	-13.3300697629 	
-2.52805611222e-08 0 	0 	-13.1030981786 	
-2.46993987976e-08 0 	0 	-12.928389282 	
-2.41182364729e-08 0 	0 	-12.7536803855 	
-2.35370741483e-08 0 	0 	-12.578971489 	
-2.29559118236e-08 0 	0 	-12.4042625925 	
-2.2374749499e-08 0 	0 	-12.229553696 	
-2.17935871743e-08 0 	0 	-12.0661379002 	
-2.12124248497e-08 0 	0 	-11.946341697 	
-2.0631262525e-08 0 	0 	-11.8265454937 	
-2.00501002004e-08 0 	0 	-11.7067492905 	
-1.94689378758e-08 0 	0 	-11.5869530873 	
-1.88877755511e-08 0 	0 	-11.467156884 	
-1.83066132265e-08 0 	0 	-11.3473606808 	
-1.77254509018e-08 0 	0 	-11.2650046662 	
-1.71442885772e-08 0 	0 	-11.1845986285 	
-1.65631262525e-08 0 	0 	-11.1041925909 	
-1.59819639279e-08 0 	0 	-11.0237865532 	
-1.54008016032e-08 0 	0 	-10.9433805156 	
-1.48196392786e-08 0 	0 	-10.862974478 	
-1.42384769539e-08 0 	0 	-10.7981874586 	
-1.36573146293e-08 0 	0 	-10.7462756968 	
-1.30761523046e-08 0 	0 	-10.6943639351 	
-1.249498998e-08 0 	0 	-10.6424521733 	
-1.19138276553e-08 0 	0 	-10.5905404115 	
-1.13326653307e-08 0 	0 	-10.5386286497 	
-1.0751503006e-08 0 	0 	-10.4867168879 	
-1.01703406814e-08 0 	0 	-10.4558734138 	
-9.58917835671e-09 0 	0 	-10.4251327899 	
-9.00801603206e-09 0 	0 	-10.3943921659 	
-8.42685370741e-09 0 	0 	-10.3636515419 	
-7.84569138277e-09 0 	0 	-10.3329109179 	
-7.26452905812e-09 0 	0 	-10.302170294 	
-6.68336673347e-09 0 	0 	-10.2762431317 	
-6.10220440882e-09 0 	0 	-10.2622194439 	
-5.52104208417e-09 0 	0 	-10.248195756 	
-4.93987975952e-09 0 	0 	-10.2341720681 	
-4.35871743487e-09 0 	0 	-10.2201483803 	
-3.77755511022e-09 0 	0 	-10.2061246924 	
-3.19639278557e-09 0 	0 	-10.1921010046 	
-2.61523046092e-09 0 	0 	-10.1843177163 	
-2.03406813627e-09 0 	0 	-10.1850499148 	
-1.45290581162e-09 0 	0 	-10.1857821133 	
-8.71743486974e-10 0 	0 	-10.1865143119 	
-2.90581162324e-10 0 	0 	-10.1872465104 	
2.90581162325e-10 0 	0 	-10.187978709 	
8.71743486974e-10 0 	0 	-10.1887109075 	
1.45290581162e-09 0 	0 	-10.1954920513 	
2.03406813627e-09 0 	0 	-10.2114863406 	
2.61523046092e-09 0 	0 	-10.2274806298 	
3.19639278557e-09 0 	0 	-10.2434749191 	
3.77755511022e-09 0 	0 	-10.2594692083 	
4.35871743487e-09 0 	0 	-10.2754634976 	
4.93987975952e-09 0 	0 	-10.2914577868 	
5.52104208417e-09 0 	0 	-10.3112621868 	
6.10220440882e-09 0 	0 	-10.3458947259 	
6.68336673347e-09 0 	0 	-10.3805272649 	
7.26452905812e-09 0 	0 	-10.4151598039 	
7.84569138277e-09 0 	0 	-10.449792343 	
8.42685370742e-09 0 	0 	-10.484424882 	
9.00801603206e-09 0 	0 	-10.5190574211 	
9.58917835671e-09 0 	0 	-10.5536899601 	
1.01703406814e-08 0 	0 	-10.6101541586 	
1.0751503006e-08 0 	0 	-10.6706757532 	
1.13326653307e-08 0 	0 	-10.7311973478 	
1.19138276553e-08 0 	0 	-10.7917189425 	
1.249498998e-08 0 	0 	-10.8522405371 	
1.30761523046e-08 0 	0 	-10.9127621317 	
1.36573146293e-08 0 	0 	-10.9732837263 	
1.42384769539e-08 0 	0 	-11.0458385452 	
1.48196392786e-08 0 	0 	-11.1453132617 	
1.54008016032e-08 0 	0 	-11.2447879783 	
1.59819639279e-08 0 	0 	-11.3442626948 	
1.65631262525e-08 0 	0 	-11.4437374114 	
1.71442885772e-08 0 	0 	-11.5432121279 	
1.77254509018e-08 0 	0 	-11.6426868444 	
1.83066132265e-08 0 	0 	-11.742161561 	
1.88877755511e-08 0 	0 	-11.8782505392 	
1.94689378758e-08 0 	0 	-12.0390287462 	
2.00501002004e-08 0 	0 	-12.1998069533 	
2.06312625251e-08 0 	0 	-12.3605851604 	
2.12124248497e-08 0 	0 	-12.5213633675 	
2.17935871743e-08 0 	0 	-12.6821415745 	
2.2374749499e-08 0 	0 	-12.8429197816 	
2.29559118236e-08 0 	0 	-13.0036979887 	
2.35370741483e-08 0 	0 	-13.2342051144 	
2.41182364729e-08 0 	0 	-13.4940095556 	
2.46993987976e-08 0 	0 	-13.7538139967 	
2.52805611222e-08 0 	0 	-14.0136184379 	
2.58617234469e-08 0 	0 	-14.273422879 	
2.64428857715e-08 0 	0 	-14.5332273201 	
2.70240480962e-08 0 	0 	-14.7930317613 	
2.76052104208e-08 0 	0 	-15.0528362024 	
2.81863727455e-08 0 	0 	-15.4144154863 	
2.87675350701e-08 0 	0 	-15.8369824663 	
2.93486973948e-08 0 	0 	-16.2595494462 	
2.99298597194e-08 0 	0 	-16.6821164262 	
3.05110220441e-08 0 	0 	-17.1046834062 	
3.10921843687e-08 0 	0 	-17.5272503862 	
3.16733466934e-08 0 	0 	-17.9498173662 	
3.2254509018e-08 0 	0 	-18.3723843462 	
3.28356713427e-08 0 	0 	-18.8915958765 	
3.34168336673e-08 0 	0 	-19.5853746553 	
3.3997995992e-08 0 	0 	-20.2791534341 	
3.45791583166e-08 0 	0 	-20.9729322129 	
3.51603206413e-08 0 	0 	-21.6667109917 	
3.57414829659e-08 0 	0 	-22.3604897706 	
3.63226452906e-08 0 	0 	-23.0542685494 	
3.69038076152e-08 0 	0 	-23.7480473282 	
3.74849699399e-08 0 	0 	-24.441826107 	
3.80661322645e-08 0 	0 	-25.5440916703 	
3.86472945892e-08 0 	0 	-26.6953980008 	
3.92284569138e-08 0 	0 	-27.8467043312 	
3.98096192385e-08 0 	0 	-28.9980106617 	
4.03907815631e-08 0 	0 	-30.1493169921 	
4.09719438878e-08 0 	0 	-31.3006233226 	
4.15531062124e-08 0 	0 	-32.451929653 	
4.21342685371e-08 0 	0 	-33.6032359835 	
4.27154308617e-08 0 	0 	-34.934295543 	
4.32965931864e-08 0 	0 	-36.8667026934 	
4.3877755511e-08 0 	0 	-38.7991098438 	
4.44589178357e-08 0 	0 	-40.7315169942 	
4.50400801603e-08 0 	0 	-42.6639241446 	
4.5621242485e-08 0 	0 	-44.596331295 	
4.62024048096e-08 0 	0 	-46.5287384454 	
4.67835671343e-08 0 	0 	-48.4611455958 	
4.73647294589e-08 0 	0 	-50.3935527462 	
4.79458917836e-08 0 	0 	-52.8166459603 	
4.85270541082e-08 0 	0 	-56.0985718053 	
4.91082164329e-08 0 	0 	-59.3804976502 	
4.96893787575e-08 0 	0 	-62.6624234951 	
5.02705410822e-08 0 	0 	-65.94434934 	
5.08517034068e-08 0 	0 	-69.2262751849 	
5.14328657315e-08 0 	0 	-72.5082010299 	
5.20140280561e-08 0 	0 	-75.7901268748 	
5.25951903808e-08 0 	0 	-79.0720527197 	
5.31763527054e-08 0 	0 	-83.0346734605 	
5.37575150301e-08 0 	0 	-88.6765582665 	
5.43386773547e-08 0 	0 	-94.3184430724 	
5.49198396794e-08 0 	0 	-99.9603278783 	
5.5501002004e-08 0 	0 	-105.602212684 	
5.60821643287e-08 0 	0 	-111.24409749 	
5.66633266533e-08 0 	0 	-116.885982296 	
5.7244488978e-08 0 	0 	-122.527867102 	
5.78256513026e-08 0 	0 	-128.169751908 	
5.84068136273e-08 0 	0 	-133.811636714 	
5.89879759519e-08 0 	0 	-143.630507897 	
5.95691382766e-08 0 	0 	-153.450543116 	
6.01503006012e-08 0 	0 	-163.270578336 	
6.07314629259e-08 0 	0 	-173.090613556 	
6.13126252505e-08 0 	0 	-182.910648776 	
6.18937875752e-08 0 	0 	-192.730683996 	
6.24749498998e-08 0 	0 	-202.550719216 	
6.30561122244e-08 0 	0 	-212.370754436 	
6.36372745491e-08 0 	0 	-222.190789656 	
6.42184368737e-08 0 	0 	-235.69957175 	
6.47995991984e-08 0 	0 	-253.010439759 	
6.5380761523e-08 0 	0 	-270.321307768 	
6.59619238477e-08 0 	0 	-287.632175777 	
6.65430861723e-08 0 	0 	-304.943043787 	
6.7124248497e-08 0 	0 	-322.253911796 	
6.77054108216e-08 0 	0 	-339.564779805 	
6.82865731463e-08 0 	0 	-356.875647814 	
6.88677354709e-08 0 	0 	-374.186515824 	
6.94488977956e-08 0 	0 	-391.497383833 	
7.00300601202e-08 0 	0 	-419.166627937 	
7.06112224449e-08 0 	0 	-450.081304547 	
7.11923847695e-08 0 	0 	-480.995981157 	
7.17735470942e-08 0 	0 	-511.910657768 	
7.23547094188e-08 0 	0 	-542.825334378 	
7.29358717435e-08 0 	0 	-573.740010989 	
7.35170340681e-08 0 	0 	-604.654687599 	
7.40981963928e-08 0 	0 	-635.569364209 	
7.46793587174e-08 0 	0 	-666.48404082 	
7.52605210421e-08 0 	0 	-697.39871743 	
7.58416833667e-08 0 	0 	-748.375312556 	
7.64228456914e-08 0 	0 	-804.322051836 	
7.7004008016e-08 0 	0 	-860.268791116 	
7.75851703407e-08 0 	0 	-916.215530396 	
7.81663326653e-08 0 	0 	-972.162269676 	
7.874749499e-08 0 	0 	-1028.10900896 	
7.93286573146e-08 0 	0 	-1084.05574824 	
7.99098196393e-08 0 	0 	-1140.00248752 	
8.04909819639e-08 0 	0 	-1195.9492268 	
8.10721442886e-08 0 	0 	-1251.89596608 	
8.16533066132e-08 0 	0 	-1336.18405289 	
8.22344689379e-08 0 	0 	-1438.8141766 	
8.28156312625e-08 0 	0 	-1541.4443003 	
8.33967935872e-08 0 	0 	-1644.07442401 	
8.39779559118e-08 0 	0 	-1746.70454772 	
8.45591182365e-08 0 	0 	-1849.33467142 	
8.51402805611e-08 0 	0 	-1951.96479513 	
8.57214428858e-08 0 	0 	-2054.59491884 	
8.63026052104e-08 0 	0 	-2157.22504255 	
8.68837675351e-08 0 	0 	-2259.85516625 	
8.74649298597e-08 0 	0 	-2377.74277144 	
8.80460921844e-08 0 	0 	-2568.6369297 	
8.8627254509e-08 0 	0 	-2759.53108796 	
8.92084168337e-08 0 	0 	-2950.42524622 	
8.97895791583e-08 0 	0 	-3141.31940448 	
9.0370741483e-08 0 	0 	-3332.21356274 	
9.09519038076e-08 0 	0 	-3523.107721 	
9.15330661323e-08 0 	0 	-3714.00187926 	
9.21142284569e-08 0 	0 	-3904.89603752 	
9.26953907816e-08 0 	0 	-4095.79019578 	
9.32765531062e-08 0 	0 	-4286.68435404 	
9.38577154309e-08 0 	0 	-4561.02788558 	
9.44388777555e-08 0 	0 	-4921.15680131 	
9.50200400802e-08 0 	0 	-5281.28571703 	
9.56012024048e-08 0 	0 	-5641.41463276 	
9.61823647295e-08 0 	0 	-6001.54354849 	
9.67635270541e-08 0 	0 	-6361.67246422 	
9.73446893788e-08 0 	0 	-6721.80137994 	
9.79258517034e-08 0 	0 	-7081.93029567 	
9.85070140281e-08 0 	0 	-7442.0592114 	
9.90881763527e-08 0 	0 	-7802.18812713 	
9.96693386774e-08 0 	0 	-8162.31704286 	
1.00250501002e-07 0 	0 	-8707.44533863 	
1.00831663327e-07 0 	0 	-9396.73762678 	
1.01412825651e-07 0 	0 	-10086.0299149 	
1.01993987976e-07 0 	0 	-10775.3222031 	
1.02575150301e-07 0 	0 	-11464.6144913 	
1.03156312625e-07 0 	0 	-12153.9067794 	
1.0373747495e-07 0 	0 	-12843.1990676 	
1.04318637275e-07 0 	0 	-13532.4913557 	
1.04899799599e-07 0 	0 	-14221.7836439 	
1.05480961924e-07 0 	0 	-14911.075932 	
1.06062124248e-07 0 	0 	-15600.3682202 	
1.06643286573e-07 0 	0 	-16532.4657013 	
1.07224448898e-07 0 	0 	-17871.4203773 	
1.07805611222e-07 0 	0 	-19210.3750533 	
1.08386773547e-07 0 	0 	-20549.3297293 	
1.08967935872e-07 0 	0 	-21888.2844052 	
1.09549098196e-07 0 	0 	-23227.2390812 	
1.10130260521e-07 0 	0 	-24566.1937572 	
1.10711422846e-07 0 	0 	-25905.1484331 	
1.1129258517e-07 0 	0 	-27244.1031091 	
1.11873747495e-07 0 	0 	-28583.0577851 	
1.1245490982e-07 0 	0 	-29922.0124611 	
1.13036072144e-07 0 	0 	-31260.967137 	
1.13617234469e-07 0 	0 	-33800.2258733 	
1.14198396794e-07 0 	0 	-36440.7743445 	
1.14779559118e-07 0 	0 	-39081.3228157 	
1.15360721443e-07 0 	0 	-41721.8712868 	
1.15941883768e-07 0 	0 	-44362.419758 	
1.16523046092e-07 0 	0 	-47002.9682292 	
1.17104208417e-07 0 	0 	-49643.5167003 	
1.17685370741e-07 0 	0 	-52284.0651715 	
1.18266533066e-07 0 	0 	-54924.6136427 	
1.18847695391e-07 0 	0 	-57565.1621139 	
1.19428857715e-07 0 	0 	-60205.710585 	
1.2001002004e-07 0 	0 	-63379.0190266 	
1.20591182365e-07 0 	0 	-68668.0990554 	
1.21172344689e-07 0 	0 	-73957.1790842 	
1.21753507014e-07 0 	0 	-79246.259113 	
1.22334669339e-07 0 	0 	-84535.3391418 	
1.22915831663e-07 0 	0 	-89824.4191706 	
1.23496993988e-07 0 	0 	-95113.4991994 	
1.24078156313e-07 0 	0 	-100402.579228 	
1.24659318637e-07 0 	0 	-105691.659257 	
1.25240480962e-07 0 	0 	-110980.739286 	
1.25821643287e-07 0 	0 	-116269.819315 	
1.26402805611e-07 0 	0 	-121558.899343 	
1.26983967936e-07 0 	0 	-127967.733107 	
1.27565130261e-07 0 	0 	-138737.2603 	
1.28146292585e-07 0 	0 	-149506.787492 	
1.2872745491e-07 0 	0 	-160276.314685 	
1.29308617234e-07 0 	0 	-171045.841878 	
1.29889779559e-07 0 	0 	-181815.36907 	
1.30470941884e-07 0 	0 	-192584.896263 	
1.31052104208e-07 0 	0 	-203354.423455 	
1.31633266533e-07 0 	0 	-214123.950648 	
1.32214428858e-07 0 	0 	-224893.47784 	
1.32795591182e-07 0 	0 	-235663.005033 	
1.33376753507e-07 0 	0 	-246432.532226 	
1.33957915832e-07 0 	0 	-257202.059418 	
1.34539078156e-07 0 	0 	-278687.886003 	
1.35120240481e-07 0 	0 	-301040.28327 	
1.35701402806e-07 0 	0 	-323392.680536 	
1.3628256513e-07 0 	0 	-345745.077802 	
1.36863727455e-07 0 	0 	-368097.475068 	
1.3744488978e-07 0 	0 	-390449.872334 	
1.38026052104e-07 0 	0 	-412802.269601 	
1.38607214429e-07 0 	0 	-435154.666867 	
1.39188376754e-07 0 	0 	-457507.064133 	
1.39769539078e-07 0 	0 	-479859.461399 	
1.40350701403e-07 0 	0 	-502211.858665 	
1.40931863727e-07 0 	0 	-524564.255932 	
1.41513026052e-07 0 	0 	-549686.683797 	
1.42094188377e-07 0 	0 	-579795.84111 	
1.42675350701e-07 0 	0 	-609904.998422 	
1.43256513026e-07 0 	0 	-640014.155735 	
1.43837675351e-07 0 	0 	-670123.313048 	
1.44418837675e-07 0 	0 	-700232.47036 	
1.45e-07 0 	0 	-730341.627673 	
