-1.45e-07 0 	0 	-539897.550346 	
-1.44418837675e-07 0 	0 	-508225.518443 	
-1.43837675351e-07 0 	0 	-477482.2082 	
-1.43256513026e-07 0 	0 	-448835.947505 	
-1.42675350701e-07 0 	0 	-421827.538926 	
-1.42094188377e-07 0 	0 	-396173.450012 	
-1.41513026052e-07 0 	0 	-371776.842072 	
-1.40931863727e-07 0 	0 	-349231.491196 	
-1.40350701403e-07 0 	0 	-327809.789744 	
-1.39769539078e-07 0 	0 	-307370.690236 	
-1.39188376754e-07 0 	0 	-288327.384981 	
-1.38607214429e-07 0 	0 	-270396.229858 	
-1.38026052104e-07 0 	0 	-253220.61307 	
-1.3744488978e-07 0 	0 	-237261.152928 	
-1.36863727455e-07 0 	0 	-222187.283448 	
-1.3628256513e-07 0 	0 	-207686.179648 	
-1.35701402806e-07 0 	0 	-194421.883945 	
-1.35120240481e-07 0 	0 	-181673.554044 	
-1.34539078156e-07 0 	0 	-169620.423009 	
-1.33957915832e-07 0 	0 	-158427.633875 	
-1.33376753507e-07 0 	0 	-147566.570634 	
-1.32795591182e-07 0 	0 	-137681.792872 	
-1.32214428858e-07 0 	0 	-128109.143259 	
-1.31633266533e-07 0 	0 	-119189.132651 	
-1.31052104208e-07 0 	0 	-110751.649 	
-1.30470941884e-07 0 	0 	-102721.852046 	
-1.29889779559e-07 0 	0 	-95280.9201587 	
-1.29308617234e-07 0 	0 	-88070.5588085 	
-1.2872745491e-07 0 	0 	-81501.4783891 	
-1.28146292585e-07 0 	0 	-75043.5259456 	
-1.27565130261e-07 0 	0 	-69234.7511031 	
-1.26983967936e-07 0 	0 	-63465.8968558 	
-1.26402805611e-07 0 	0 	-58318.242682 	
-1.25821643287e-07 0 	0 	-53178.8449876 	
-1.25240480962e-07 0 	0 	-48604.6673237 	
-1.24659318637e-07 0 	0 	-44038.6951093 	
-1.24078156313e-07 0 	0 	-39961.0514402 	
-1.23496993988e-07 0 	0 	-35916.0143131 	
-1.22915831663e-07 0 	0 	-32267.8141941 	
-1.22334669339e-07 0 	0 	-28694.6814772 	
-1.21753507014e-07 0 	0 	-25417.8352524 	
-1.21172344689e-07 0 	0 	-22270.9445187 	
-1.20591182365e-07 0 	0 	-19315.5190709 	
-1.2001002004e-07 0 	0 	-16552.4748911 	
-1.19428857715e-07 0 	0 	-13875.8649101 	
-1.18847695391e-07 0 	0 	-11457.4286009 	
-1.18266533066e-07 0 	0 	-9038.99229178 	
-1.17685370741e-07 0 	0 	-6913.5227906 	
-1.17104208417e-07 0 	0 	-4803.49412029 	
-1.16523046092e-07 0 	0 	-2857.13638391 	
-1.15941883768e-07 0 	0 	-1022.22827853 	
-1.15360721443e-07 0 	0 	767.557446402 	
-1.14779559118e-07 0 	0 	2357.85012725 	
-1.14198396794e-07 0 	0 	3948.1428081 	
-1.13617234469e-07 0 	0 	5382.95654065 	
-1.13036072144e-07 0 	0 	6756.49299375 	
-1.1245490982e-07 0 	0 	8093.2647131 	
-1.11873747495e-07 0 	0 	9275.39779992 	
-1.1129258517e-07 0 	0 	10457.5308867 	
-1.10711422846e-07 0 	0 	11537.3620798 	
-1.10130260521e-07 0 	0 	12551.080387 	
-1.09549098196e-07 0 	0 	13564.7986941 	
-1.08967935872e-07 0 	0 	14436.4832505 	
-1.08386773547e-07 0 	0 	15302.5544333 	
-1.07805611222e-07 0 	0 	16135.835518 	
-1.07224448898e-07 0 	0 	16872.9498371 	
-1.06643286573e-07 0 	0 	17610.0641562 	
-1.06062124248e-07 0 	0 	18293.0023414 	
-1.05480961924e-07 0 	0 	18917.9152899 	
-1.04899799599e-07 0 	0 	19542.8282384 	
-1.04318637275e-07 0 	0 	20104.9039294 	
-1.0373747495e-07 0 	0 	20632.5769523 	
-1.03156312625e-07 0 	0 	21160.2499751 	
-1.02575150301e-07 0 	0 	21625.5746367 	
-1.01993987976e-07 0 	0 	22069.3130283 	
-1.01412825651e-07 0 	0 	22513.0514198 	
-1.00831663327e-07 0 	0 	22901.1530205 	
-1.00250501002e-07 0 	0 	23272.7401143 	
-9.96693386774e-08 0 	0 	23644.327208 	
-9.90881763527e-08 0 	0 	23970.8616156 	
-9.85070140281e-08 0 	0 	24280.688527 	
-9.79258517034e-08 0 	0 	24590.5154384 	
-9.73446893788e-08 0 	0 	24867.9039536 	
-9.67635270541e-08 0 	0 	25125.094214 	
-9.61823647295e-08 0 	0 	25382.2844744 	
-9.56012024048e-08 0 	0 	25620.2788743 	
-9.50200400802e-08 0 	0 	25832.8073914 	
-9.44388777555e-08 0 	0 	26045.3359085 	
-9.38577154309e-08 0 	0 	26251.5134446 	
-9.32765531062e-08 0 	0 	26426.3193338 	
-9.26953907816e-08 0 	0 	26601.1252229 	
-9.21142284569e-08 0 	0 	26775.9311121 	
-9.15330661323e-08 0 	0 	26924.4098786 	
-9.09519038076e-08 0 	0 	27067.5028145 	
-9.0370741483e-08 0 	0 	27210.5957505 	
-8.97895791583e-08 0 	0 	27342.719168 	
-8.92084168337e-08 0 	0 	27459.2790065 	
-8.8627254509e-08 0 	0 	27575.838845 	
-8.80460921844e-08 0 	0 	27692.3986835 	
-8.74649298597e-08 0 	0 	27788.7174505 	
-8.68837675351e-08 0 	0 	27883.1869627 	
-8.63026052104e-08 0 	0 	27977.656475 	
-8.57214428858e-08 0 	0 	28065.9619407 	
-8.51402805611e-08 0 	0 	28142.1326024 	
-8.45591182365e-08 0 	0 	28218.3032641 	
-8.39779559118e-08 0 	0 	28294.4739258 	
-8.33967935872e-08 0 	0 	28360.4929516 	
-8.28156312625e-08 0 	0 	28421.5838111 	
-8.22344689379e-08 0 	0 	28482.6746706 	
-8.16533066132e-08 0 	0 	28543.7655302 	
-8.10721442886e-08 0 	0 	28593.443056 	
-8.04909819639e-08 0 	0 	28642.172786 	
-7.99098196393e-08 0 	0 	28690.902516 	
-7.93286573146e-08 0 	0 	28738.7734831 	
-7.874749499e-08 0 	0 	28777.4257879 	
-7.81663326653e-08 0 	0 	28816.0780926 	
-7.75851703407e-08 0 	0 	28854.7303974 	
-7.7004008016e-08 0 	0 	28892.1017445 	
-7.64228456914e-08 0 	0 	28922.5843584 	
-7.58416833667e-08 0 	0 	28953.0669724 	
-7.52605210421e-08 0 	0 	28983.5495863 	
-7.46793587174e-08 0 	0 	29013.1370844 	
-7.40981963928e-08 0 	0 	29037.034647 	
-7.35170340681e-08 0 	0 	29060.9322097 	
-7.29358717435e-08 0 	0 	29084.8297723 	
-7.23547094188e-08 0 	0 	29108.6194105 	
-7.17735470942e-08 0 	0 	29127.2405448 	
-7.11923847695e-08 0 	0 	29145.8616791 	
-7.06112224449e-08 0 	0 	29164.4828135 	
-7.00300601202e-08 0 	0 	29183.1039478 	
-6.94488977956e-08 0 	0 	29198.3291522 	
-6.88677354709e-08 0 	0 	29212.7481066 	
-6.82865731463e-08 0 	0 	29227.1670611 	
-6.77054108216e-08 0 	0 	29241.5860155 	
-6.7124248497e-08 0 	0 	29254.3530972 	
-6.65430861723e-08 0 	0 	29265.4463322 	
-6.59619238477e-08 0 	0 	29276.5395671 	
-6.5380761523e-08 0 	0 	29287.6328021 	
-6.47995991984e-08 0 	0 	29298.5068775 	
-6.42184368737e-08 0 	0 	29306.9849931 	
-6.36372745491e-08 0 	0 	29315.4631088 	
-6.30561122244e-08 0 	0 	29323.9412245 	
-6.24749498998e-08 0 	0 	29332.4193401 	
-6.18937875752e-08 0 	0 	29339.7390901 	
-6.13126252505e-08 0 	0 	29346.1744973 	
-6.07314629259e-08 0 	0 	29352.6099045 	
-6.01503006012e-08 0 	0 	29359.0453117 	
-5.95691382766e-08 0 	0 	29365.4807189 	
-5.89879759519e-08 0 	0 	29370.4201014 	
-5.84068136273e-08 0 	0 	29375.2708354 	
-5.78256513026e-08 0 	0 	29380.1215694 	
-5.7244488978e-08 0 	0 	29384.9723034 	
-5.66633266533e-08 0 	0 	29389.5639394 	
-5.60821643287e-08 0 	0 	29393.194009 	
-5.5501002004e-08 0 	0 	29396.8240787 	
-5.49198396794e-08 0 	0 	29400.4541483 	
-5.43386773547e-08 0 	0 	29404.0842179 	
-5.37575150301e-08 0 	0 	29407.3697471 	
-5.31763527054e-08 0 	0 	29410.066398 	
-5.25951903808e-08 0 	0 	29412.763049 	
-5.20140280561e-08 0 	0 	29415.4597 	
-5.14328657315e-08 0 	0 	29418.156351 	
-5.08517034068e-08 0 	0 	29420.5611348 	
-5.02705410822e-08 0 	0 	29422.5493872 	
-4.96893787575e-08 0 	0 	29424.5376395 	
-4.91082164329e-08 0 	0 	29426.5258919 	
-4.85270541082e-08 0 	0 	29428.5141443 	
-4.79458917836e-08 0 	0 	29430.3219525 	
-4.73647294589e-08 0 	0 	29431.776752 	
-4.67835671343e-08 0 	0 	29433.2315514 	
-4.62024048096e-08 0 	0 	29434.6863508 	
-4.5621242485e-08 0 	0 	29436.1411503 	
-4.50400801603e-08 0 	0 	29437.5381216 	
-4.44589178357e-08 0 	0 	29438.5944177 	
-4.3877755511e-08 0 	0 	29439.6507138 	
-4.32965931864e-08 0 	0 	29440.7070099 	
-4.27154308617e-08 0 	0 	29441.7633061 	
-4.21342685371e-08 0 	0 	29442.8196022 	
-4.15531062124e-08 0 	0 	29443.6309049 	
-4.09719438878e-08 0 	0 	29444.3919465 	
-4.03907815631e-08 0 	0 	29445.152988 	
-3.98096192385e-08 0 	0 	29445.9140296 	
-3.92284569138e-08 0 	0 	29446.6750711 	
-3.86472945892e-08 0 	0 	29447.3516491 	
-3.80661322645e-08 0 	0 	29447.8957565 	
-3.74849699399e-08 0 	0 	29448.4398638 	
-3.69038076152e-08 0 	0 	29448.9839712 	
-3.63226452906e-08 0 	0 	29449.5280785 	
-3.57414829659e-08 0 	0 	29450.0721859 	
-3.51603206413e-08 0 	0 	29450.4865413 	
-3.45791583166e-08 0 	0 	29450.8725907 	
-3.3997995992e-08 0 	0 	29451.2586401 	
-3.34168336673e-08 0 	0 	29451.6446895 	
-3.28356713427e-08 0 	0 	29452.0307389 	
-3.2254509018e-08 0 	0 	29452.4029167 	
-3.16733466934e-08 0 	0 	29452.6747443 	
-3.10921843687e-08 0 	0 	29452.946572 	
-3.05110220441e-08 0 	0 	29453.2183997 	
-2.99298597194e-08 0 	0 	29453.4902273 	
-2.93486973948e-08 0 	0 	29453.762055 	
-2.87675350701e-08 0 	0 	29454.0103006 	
-2.81863727455e-08 0 	0 	29454.2002067 	
-2.76052104208e-08 0 	0 	29454.3901129 	
-2.70240480962e-08 0 	0 	29454.5800191 	
-2.64428857715e-08 0 	0 	29454.7699252 	
-2.58617234469e-08 0 	0 	29454.9598314 	
-2.52805611222e-08 0 	0 	29455.1312261 	
-2.46993987976e-08 0 	0 	29455.2627384 	
-2.41182364729e-08 0 	0 	29455.3942506 	
-2.35370741483e-08 0 	0 	29455.5257628 	
-2.29559118236e-08 0 	0 	29455.657275 	
-2.2374749499e-08 0 	0 	29455.7887872 	
-2.17935871743e-08 0 	0 	29455.9117675 	
-2.12124248497e-08 0 	0 	29456.0017934 	
-2.0631262525e-08 0 	0 	29456.0918192 	
-2.00501002004e-08 0 	0 	29456.1818451 	
-1.94689378758e-08 0 	0 	29456.2718709 	
-1.88877755511e-08 0 	0 	29456.3618968 	
-1.83066132265e-08 0 	0 	29456.4519226 	
-1.77254509018e-08 0 	0 	29456.5138673 	
-1.71442885772e-08 0 	0 	29456.5743493 	
-1.65631262525e-08 0 	0 	29456.6348314 	
-1.59819639279e-08 0 	0 	29456.6953135 	
-1.54008016032e-08 0 	0 	29456.7557955 	
-1.48196392786e-08 0 	0 	29456.8162776 	
-1.42384769539e-08 0 	0 	29456.865074 	
-1.36573146293e-08 0 	0 	29456.9042375 	
-1.30761523046e-08 0 	0 	29456.9434011 	
-1.249498998e-08 0 	0 	29456.9825646 	
-1.19138276553e-08 0 	0 	29457.0217281 	
-1.13326653307e-08 0 	0 	29457.0608916 	
-1.0751503006e-08 0 	0 	29457.1000551 	
-1.01703406814e-08 0 	0 	29457.1233932 	
-9.58917835671e-09 0 	0 	29457.1466541 	
-9.00801603206e-09 0 	0 	29457.1699149 	
-8.42685370741e-09 0 	0 	29457.1931758 	
-7.84569138277e-09 0 	0 	29457.2164366 	
-7.26452905812e-09 0 	0 	29457.2396975 	
-6.68336673347e-09 0 	0 	29457.2593066 	
-6.10220440882e-09 0 	0 	29457.2698853 	
-5.52104208417e-09 0 	0 	29457.280464 	
-4.93987975952e-09 0 	0 	29457.2910427 	
-4.35871743487e-09 0 	0 	29457.3016214 	
-3.77755511022e-09 0 	0 	29457.3122001 	
-3.19639278557e-09 0 	0 	29457.3227787 	
-2.61523046092e-09 0 	0 	29457.3285715 	
-2.03406813627e-09 0 	0 	29457.3278336 	
-1.45290581162e-09 0 	0 	29457.3270957 	
-8.71743486974e-10 0 	0 	29457.3263578 	
-2.90581162324e-10 0 	0 	29457.3256199 	
2.90581162325e-10 0 	0 	29457.324882 	
8.71743486974e-10 0 	0 	29457.3241441 	
1.45290581162e-09 0 	0 	29457.3187476 	
2.03406813627e-09 0 	0 	29457.3062559 	
2.61523046092e-09 0 	0 	29457.2937641 	
3.19639278557e-09 0 	0 	29457.2812723 	
3.77755511022e-09 0 	0 	29457.2687805 	
4.35871743487e-09 0 	0 	29457.2562887 	
4.93987975952e-09 0 	0 	29457.243797 	
5.52104208417e-09 0 	0 	29457.228383 	
6.10220440882e-09 0 	0 	29457.2015964 	
6.68336673347e-09 0 	0 	29457.1748098 	
7.26452905812e-09 0 	0 	29457.1480232 	
7.84569138277e-09 0 	0 	29457.1212366 	
8.42685370742e-09 0 	0 	29457.09445 	
9.00801603206e-09 0 	0 	29457.0676634 	
9.58917835671e-09 0 	0 	29457.0408769 	
1.01703406814e-08 0 	0 	29456.9974463 	
1.0751503006e-08 0 	0 	29456.9509224 	
1.13326653307e-08 0 	0 	29456.9043986 	
1.19138276553e-08 0 	0 	29456.8578747 	
1.249498998e-08 0 	0 	29456.8113509 	
1.30761523046e-08 0 	0 	29456.7648271 	
1.36573146293e-08 0 	0 	29456.7183032 	
1.42384769539e-08 0 	0 	29456.6626189 	
1.48196392786e-08 0 	0 	29456.5864414 	
1.54008016032e-08 0 	0 	29456.510264 	
1.59819639279e-08 0 	0 	29456.4340865 	
1.65631262525e-08 0 	0 	29456.3579091 	
1.71442885772e-08 0 	0 	29456.2817316 	
1.77254509018e-08 0 	0 	29456.2055542 	
1.83066132265e-08 0 	0 	29456.1293767 	
1.88877755511e-08 0 	0 	29456.0251905 	
1.94689378758e-08 0 	0 	29455.9021179 	
2.00501002004e-08 0 	0 	29455.7790452 	
2.06312625251e-08 0 	0 	29455.6559725 	
2.12124248497e-08 0 	0 	29455.5328999 	
2.17935871743e-08 0 	0 	29455.4098272 	
2.2374749499e-08 0 	0 	29455.2867545 	
2.29559118236e-08 0 	0 	29455.1636819 	
2.35370741483e-08 0 	0 	29454.9867402 	
2.41182364729e-08 0 	0 	29454.7871649 	
2.46993987976e-08 0 	0 	29454.5875896 	
2.52805611222e-08 0 	0 	29454.3880143 	
2.58617234469e-08 0 	0 	29454.188439 	
2.64428857715e-08 0 	0 	29453.9888637 	
2.70240480962e-08 0 	0 	29453.7892885 	
2.76052104208e-08 0 	0 	29453.5897132 	
2.81863727455e-08 0 	0 	29453.3105106 	
2.87675350701e-08 0 	0 	29452.983592 	
2.93486973948e-08 0 	0 	29452.6566735 	
2.99298597194e-08 0 	0 	29452.3297549 	
3.05110220441e-08 0 	0 	29452.0028363 	
3.10921843687e-08 0 	0 	29451.6759178 	
3.16733466934e-08 0 	0 	29451.3489992 	
3.2254509018e-08 0 	0 	29451.0220807 	
3.28356713427e-08 0 	0 	29450.6185224 	
3.34168336673e-08 0 	0 	29450.0765314 	
3.3997995992e-08 0 	0 	29449.5345403 	
3.45791583166e-08 0 	0 	29448.9925493 	
3.51603206413e-08 0 	0 	29448.4505582 	
3.57414829659e-08 0 	0 	29447.9085672 	
3.63226452906e-08 0 	0 	29447.3665761 	
3.69038076152e-08 0 	0 	29446.8245851 	
3.74849699399e-08 0 	0 	29446.282594 	
3.80661322645e-08 0 	0 	29445.4124695 	
3.86472945892e-08 0 	0 	29444.502951 	
3.92284569138e-08 0 	0 	29443.5934326 	
3.98096192385e-08 0 	0 	29442.6839141 	
4.03907815631e-08 0 	0 	29441.7743956 	
4.09719438878e-08 0 	0 	29440.8648772 	
4.15531062124e-08 0 	0 	29439.9553587 	
4.21342685371e-08 0 	0 	29439.0458402 	
4.27154308617e-08 0 	0 	29437.9902702 	
4.32965931864e-08 0 	0 	29436.4460981 	
4.3877755511e-08 0 	0 	29434.9019261 	
4.44589178357e-08 0 	0 	29433.357754 	
4.50400801603e-08 0 	0 	29431.813582 	
4.5621242485e-08 0 	0 	29430.2694099 	
4.62024048096e-08 0 	0 	29428.7252379 	
4.67835671343e-08 0 	0 	29427.1810658 	
4.73647294589e-08 0 	0 	29425.6368938 	
4.79458917836e-08 0 	0 	29423.6902335 	
4.85270541082e-08 0 	0 	29421.0391105 	
4.91082164329e-08 0 	0 	29418.3879875 	
4.96893787575e-08 0 	0 	29415.7368645 	
5.02705410822e-08 0 	0 	29413.0857415 	
5.08517034068e-08 0 	0 	29410.4346185 	
5.14328657315e-08 0 	0 	29407.7834956 	
5.20140280561e-08 0 	0 	29405.1323726 	
5.25951903808e-08 0 	0 	29402.4812496 	
5.31763527054e-08 0 	0 	29399.2676468 	
5.37575150301e-08 0 	0 	29394.6664148 	
5.43386773547e-08 0 	0 	29390.0651828 	
5.49198396794e-08 0 	0 	29385.4639508 	
5.5501002004e-08 0 	0 	29380.8627188 	
5.60821643287e-08 0 	0 	29376.2614867 	
5.66633266533e-08 0 	0 	29371.6602547 	
5.7244488978e-08 0 	0 	29367.0590227 	
5.78256513026e-08 0 	0 	29362.4577907 	
5.84068136273e-08 0 	0 	29357.8565587 	
5.89879759519e-08 0 	0 	29349.7855425 	
5.95691382766e-08 0 	0 	29341.7135593 	
6.01503006012e-08 0 	0 	29333.6415761 	
6.07314629259e-08 0 	0 	29325.5695929 	
6.13126252505e-08 0 	0 	29317.4976098 	
6.18937875752e-08 0 	0 	29309.4256266 	
6.24749498998e-08 0 	0 	29301.3536434 	
6.30561122244e-08 0 	0 	29293.2816602 	
6.36372745491e-08 0 	0 	29285.209677 	
6.42184368737e-08 0 	0 	29274.0636225 	
6.47995991984e-08 0 	0 	29259.749044 	
6.5380761523e-08 0 	0 	29245.4344654 	
6.59619238477e-08 0 	0 	29231.1198869 	
6.65430861723e-08 0 	0 	29216.8053084 	
6.7124248497e-08 0 	0 	29202.4907298 	
6.77054108216e-08 0 	0 	29188.1761513 	
6.82865731463e-08 0 	0 	29173.8615727 	
6.88677354709e-08 0 	0 	29159.5469942 	
6.94488977956e-08 0 	0 	29145.2324156 	
7.00300601202e-08 0 	0 	29122.2746275 	
7.06112224449e-08 0 	0 	29096.6087939 	
7.11923847695e-08 0 	0 	29070.9429603 	
7.17735470942e-08 0 	0 	29045.2771266 	
7.23547094188e-08 0 	0 	29019.611293 	
7.29358717435e-08 0 	0 	28993.9454594 	
7.35170340681e-08 0 	0 	28968.2796258 	
7.40981963928e-08 0 	0 	28942.6137922 	
7.46793587174e-08 0 	0 	28916.9479586 	
7.52605210421e-08 0 	0 	28891.282125 	
7.58416833667e-08 0 	0 	28848.8863279 	
7.64228456914e-08 0 	0 	28802.345846 	
7.7004008016e-08 0 	0 	28755.8053641 	
7.75851703407e-08 0 	0 	28709.2648822 	
7.81663326653e-08 0 	0 	28662.7244003 	
7.874749499e-08 0 	0 	28616.1839184 	
7.93286573146e-08 0 	0 	28569.6434365 	
7.99098196393e-08 0 	0 	28523.1029546 	
8.04909819639e-08 0 	0 	28476.5624727 	
8.10721442886e-08 0 	0 	28430.0219908 	
8.16533066132e-08 0 	0 	28359.9039062 	
8.22344689379e-08 0 	0 	28274.5267991 	
8.28156312625e-08 0 	0 	28189.149692 	
8.33967935872e-08 0 	0 	28103.772585 	
8.39779559118e-08 0 	0 	28018.3954779 	
8.45591182365e-08 0 	0 	27933.0183708 	
8.51402805611e-08 0 	0 	27847.6412637 	
8.57214428858e-08 0 	0 	27762.2641567 	
8.63026052104e-08 0 	0 	27676.8870496 	
8.68837675351e-08 0 	0 	27591.5099425 	
8.74649298597e-08 0 	0 	27493.4928191 	
8.80460921844e-08 0 	0 	27334.9936281 	
8.8627254509e-08 0 	0 	27176.4944371 	
8.92084168337e-08 0 	0 	27017.995246 	
8.97895791583e-08 0 	0 	26859.496055 	
9.0370741483e-08 0 	0 	26700.996864 	
9.09519038076e-08 0 	0 	26542.497673 	
9.15330661323e-08 0 	0 	26383.998482 	
9.21142284569e-08 0 	0 	26225.499291 	
9.26953907816e-08 0 	0 	26067.0001 	
9.32765531062e-08 0 	0 	25908.5009089 	
9.38577154309e-08 0 	0 	25681.2792727 	
9.44388777555e-08 0 	0 	25383.4114334 	
9.50200400802e-08 0 	0 	25085.5435941 	
9.56012024048e-08 0 	0 	24787.6757548 	
9.61823647295e-08 0 	0 	24489.8079155 	
9.67635270541e-08 0 	0 	24191.9400762 	
9.73446893788e-08 0 	0 	23894.0722369 	
9.79258517034e-08 0 	0 	23596.2043976 	
9.85070140281e-08 0 	0 	23298.3365583 	
9.90881763527e-08 0 	0 	23000.468719 	
9.96693386774e-08 0 	0 	22702.6008798 	
1.00250501002e-07 0 	0 	22253.5639251 	
1.00831663327e-07 0 	0 	21686.7258017 	
1.01412825651e-07 0 	0 	21119.8876783 	
1.01993987976e-07 0 	0 	20553.0495548 	
1.02575150301e-07 0 	0 	19986.2114314 	
1.03156312625e-07 0 	0 	19419.373308 	
1.0373747495e-07 0 	0 	18852.5351846 	
1.04318637275e-07 0 	0 	18285.6970611 	
1.04899799599e-07 0 	0 	17718.8589377 	
1.05480961924e-07 0 	0 	17152.0208143 	
1.06062124248e-07 0 	0 	16585.1826909 	
1.06643286573e-07 0 	0 	15821.8541166 	
1.07224448898e-07 0 	0 	14729.2757736 	
1.07805611222e-07 0 	0 	13636.6974306 	
1.08386773547e-07 0 	0 	12544.1190877 	
1.08967935872e-07 0 	0 	11451.5407447 	
1.09549098196e-07 0 	0 	10358.9624017 	
1.10130260521e-07 0 	0 	9266.38405876 	
1.10711422846e-07 0 	0 	8173.80571578 	
1.1129258517e-07 0 	0 	7081.22737281 	
1.11873747495e-07 0 	0 	5988.64902984 	
1.1245490982e-07 0 	0 	4896.07068687 	
1.13036072144e-07 0 	0 	3803.49234389 	
1.13617234469e-07 0 	0 	1750.88105312 	
1.14198396794e-07 0 	0 	-382.744278976 	
1.14779559118e-07 0 	0 	-2516.36961107 	
1.15360721443e-07 0 	0 	-4649.99494317 	
1.15941883768e-07 0 	0 	-6783.62027527 	
1.16523046092e-07 0 	0 	-8917.24560737 	
1.17104208417e-07 0 	0 	-11050.8709395 	
1.17685370741e-07 0 	0 	-13184.4962716 	
1.18266533066e-07 0 	0 	-15318.1216037 	
1.18847695391e-07 0 	0 	-17451.7469358 	
1.19428857715e-07 0 	0 	-19585.3722679 	
1.2001002004e-07 0 	0 	-22139.2027435 	
1.20591182365e-07 0 	0 	-26361.8111925 	
1.21172344689e-07 0 	0 	-30584.4196414 	
1.21753507014e-07 0 	0 	-34807.0280903 	
1.22334669339e-07 0 	0 	-39029.6365392 	
1.22915831663e-07 0 	0 	-43252.2449881 	
1.23496993988e-07 0 	0 	-47474.8534371 	
1.24078156313e-07 0 	0 	-51697.461886 	
1.24659318637e-07 0 	0 	-55920.0703349 	
1.25240480962e-07 0 	0 	-60142.6787838 	
1.25821643287e-07 0 	0 	-64365.2872327 	
1.26402805611e-07 0 	0 	-68587.8956816 	
1.26983967936e-07 0 	0 	-73678.9926409 	
1.27565130261e-07 0 	0 	-82152.2726831 	
1.28146292585e-07 0 	0 	-90625.5527253 	
1.2872745491e-07 0 	0 	-99098.8327674 	
1.29308617234e-07 0 	0 	-107572.11281 	
1.29889779559e-07 0 	0 	-116045.392852 	
1.30470941884e-07 0 	0 	-124518.672894 	
1.31052104208e-07 0 	0 	-132991.952936 	
1.31633266533e-07 0 	0 	-141465.232978 	
1.32214428858e-07 0 	0 	-149938.513021 	
1.32795591182e-07 0 	0 	-158411.793063 	
1.33376753507e-07 0 	0 	-166885.073105 	
1.33957915832e-07 0 	0 	-175358.353147 	
1.34539078156e-07 0 	0 	-191965.948548 	
1.35120240481e-07 0 	0 	-209231.323182 	
1.35701402806e-07 0 	0 	-226496.697815 	
1.3628256513e-07 0 	0 	-243762.072449 	
1.36863727455e-07 0 	0 	-261027.447083 	
1.3744488978e-07 0 	0 	-278292.821717 	
1.38026052104e-07 0 	0 	-295558.196351 	
1.38607214429e-07 0 	0 	-312823.570985 	
1.39188376754e-07 0 	0 	-330088.945619 	
1.39769539078e-07 0 	0 	-347354.320253 	
1.40350701403e-07 0 	0 	-364619.694887 	
1.40931863727e-07 0 	0 	-381885.069521 	
1.41513026052e-07 0 	0 	-401237.624067 	
1.42094188377e-07 0 	0 	-424347.610581 	
1.42675350701e-07 0 	0 	-447457.597096 	
1.43256513026e-07 0 	0 	-470567.583611 	
1.43837675351e-07 0 	0 	-493677.570126 	
1.44418837675e-07 0 	0 	-516787.556641 	
1.45e-07 0 	0 	-539897.543156 	
