-2e-06 0.000153897770593 5.85127716564e-05
-1.9595959596e-06 0.000152934285755 5.94762564937e-05
-1.91919191919e-06 0.000151970800918 6.04397413309e-05
-1.87878787879e-06 0.00015100731608 6.14032261682e-05
-1.83838383838e-06 0.000150043831243 6.23667110055e-05
-1.79797979798e-06 0.000149080346405 6.33301958427e-05
-1.75757575758e-06 0.000148116861568 6.429368068e-05
-1.71717171717e-06 0.00014715337673 6.52571655173e-05
-1.67676767677e-06 0.000146189891893 6.62206503545e-05
-1.63636363636e-06 0.000145226407055 6.71841351918e-05
-1.59595959596e-06 0.000144262922217 6.81476200291e-05
-1.55555555556e-06 0.00014329943738 6.91111048664e-05
-1.51515151515e-06 0.000142335952542 7.00745897036e-05
-1.47474747475e-06 0.000141372467705 7.10380745409e-05
-1.43434343434e-06 0.000140408982867 7.20015593782e-05
-1.39393939394e-06 0.00013944549803 7.29650442154e-05
-1.35353535354e-06 0.000138482013192 7.39285290527e-05
-1.31313131313e-06 0.000137518528354 7.489201389e-05
-1.27272727273e-06 0.000136555043517 7.58554987272e-05
-1.23232323232e-06 0.000135591558679 7.68189835645e-05
-1.19191919192e-06 0.000134628073842 7.77824684018e-05
-1.15151515152e-06 0.000133664589004 7.8745953239e-05
-1.11111111111e-06 0.000132701104167 7.97094380763e-05
-1.07070707071e-06 0.000131737619329 8.06729229136e-05
-1.0303030303e-06 0.000130774134492 8.16364077508e-05
-9.89898989899e-07 0.000129810649654 8.25998925881e-05
-9.49494949495e-07 0.000128847164816 8.35633774254e-05
-9.09090909091e-07 0.000127883679979 8.45268622627e-05
-8.68686868687e-07 0.000126920195141 8.54903470999e-05
-8.28282828283e-07 0.000125956710304 8.64538319372e-05
-7.87878787879e-07 0.000124993225466 8.74173167745e-05
-7.47474747475e-07 0.000124029740629 8.83808016117e-05
-7.07070707071e-07 0.000123066255791 8.9344286449e-05
-6.66666666667e-07 0.000122102770954 9.03077712863e-05
-6.26262626263e-07 0.000121139286116 9.12712561235e-05
-5.85858585859e-07 0.000120175801278 9.22347409608e-05
-5.45454545455e-07 0.000119212316441 9.31982257981e-05
-5.05050505051e-07 0.000118248831603 9.41617106353e-05
-4.64646464646e-07 0.000117285346766 9.51251954726e-05
-4.24242424242e-07 0.000116321861928 9.60886803099e-05
-3.83838383838e-07 0.000115358377091 9.70521651471e-05
-3.43434343434e-07 0.000114394892253 9.80156499844e-05
-3.0303030303e-07 0.000113431407415 9.89791348217e-05
-2.62626262626e-07 0.000112467922578 9.9942619659e-05
-2.22222222222e-07 0.00011150443774 0.000100906104496
-1.81818181818e-07 0.000110540952903 0.000101869589333
-1.41414141414e-07 0.000109577468065 0.000102833074171
-1.0101010101e-07 0.000108613983228 0.000103796559008
-6.06060606061e-08 0.00010765049839 0.000104760043845
-2.0202020202e-08 0.000106687013553 0.000105723528683
2.0202020202e-08 0.000105723528715 0.00010668701352
6.06060606061e-08 0.000104760043877 0.000107650498357
1.0101010101e-07 0.00010379655904 0.000108613983194
1.41414141414e-07 0.000102833074202 0.000109577468032
1.81818181818e-07 0.000101869589365 0.000110540952869
2.22222222222e-07 0.000100906104527 0.000111504437706
2.62626262626e-07 9.99426196897e-05 0.000112467922543
3.0303030303e-07 9.89791348521e-05 0.000113431407381
3.43434343434e-07 9.80156500145e-05 0.000114394892218
3.83838383838e-07 9.7052165177e-05 0.000115358377055
4.24242424242e-07 9.60886803394e-05 0.000116321861893
4.64646464646e-07 9.51251955019e-05 0.00011728534673
5.05050505051e-07 9.41617106643e-05 0.000118248831567
5.45454545455e-07 9.31982258267e-05 0.000119212316404
5.85858585859e-07 9.22347409892e-05 0.000120175801242
6.26262626263e-07 9.12712561516e-05 0.000121139286079
6.66666666667e-07 9.03077713141e-05 0.000122102770916
7.07070707071e-07 8.93442864765e-05 0.000123066255753
7.47474747475e-07 8.83808016389e-05 0.000124029740591
7.87878787879e-07 8.74173168014e-05 0.000124993225428
8.28282828283e-07 8.64538319638e-05 0.000125956710265
8.68686868687e-07 8.54903471263e-05 0.000126920195102
9.09090909091e-07 8.45268622887e-05 0.00012788367994
9.49494949495e-07 8.35633774511e-05 0.000128847164777
9.89898989899e-07 8.25998926136e-05 0.000129810649614
1.0303030303e-06 8.1636407776e-05 0.000130774134452
1.07070707071e-06 8.06729229385e-05 0.000131737619289
1.11111111111e-06 7.97094381009e-05 0.000132701104126
1.15151515152e-06 7.87459532634e-05 0.000133664588963
1.19191919192e-06 7.77824684258e-05 0.000134628073801
1.23232323232e-06 7.68189835882e-05 0.000135591558638
1.27272727273e-06 7.58554987507e-05 0.000136555043475
1.31313131313e-06 7.48920139131e-05 0.000137518528312
1.35353535354e-06 7.39285290756e-05 0.00013848201315
1.39393939394e-06 7.2965044238e-05 0.000139445497987
1.43434343434e-06 7.20015594004e-05 0.000140408982824
1.47474747475e-06 7.10380745629e-05 0.000141372467662
1.51515151515e-06 7.00745897253e-05 0.000142335952499
1.55555555556e-06 6.91111048878e-05 0.000143299437336
1.59595959596e-06 6.81476200502e-05 0.000144262922173
1.63636363636e-06 6.71841352126e-05 0.000145226407011
1.67676767677e-06 6.62206503751e-05 0.000146189891848
1.71717171717e-06 6.52571655375e-05 0.000147153376685
1.75757575758e-06 6.42936807e-05 0.000148116861522
1.79797979798e-06 6.33301958624e-05 0.00014908034636
1.83838383838e-06 6.23667110248e-05 0.000150043831197
1.87878787879e-06 6.14032261873e-05 0.000151007316034
1.91919191919e-06 6.04397413497e-05 0.000151970800871
1.9595959596e-06 5.94762565122e-05 0.000152934285709
2e-06 5.85127716746e-05 0.000153897770546
