-1.45e-07 0 	0 	-2063.18741711 	
-1.44418837675e-07 4.60803917312e-17 	-4.60803917312e-17 	-1933.35505617 	
-1.43837675351e-07 1.82299811443e-16 	-1.82299811443e-16 	-1807.48101161 	
-1.43256513026e-07 0 	0 	-1690.8034212 	
-1.42675350701e-07 2.99094701519e-17 	-2.99094701519e-17 	-1580.90826934 	
-1.42094188377e-07 1.07805314692e-15 	-1.07805314692e-15 	-1476.39160563 	
-1.41513026052e-07 0 	0 	-1378.39940442 	
-1.40931863727e-07 0 	0 	-1287.35469953 	
-1.40350701403e-07 0 	0 	-1200.02100537 	
-1.39769539078e-07 0 	0 	-1119.10208902 	
-1.39188376754e-07 0 	0 	-1042.83273441 	
-1.38607214429e-07 0 	0 	-969.800930895 	
-1.38026052104e-07 0 	0 	-903.243230526 	
-1.3744488978e-07 0 	0 	-838.12918007 	
-1.36863727455e-07 7.98596114797e-17 	-7.98596114797e-17 	-779.50935882 	
-1.3628256513e-07 4.59010790491e-16 	-4.59010790491e-16 	-722.066357002 	
-1.35701402806e-07 0 	0 	-669.956385624 	
-1.35120240481e-07 0 	0 	-619.064790897 	
-1.34539078156e-07 0 	0 	-572.996607804 	
-1.33957915832e-07 0 	0 	-527.638282793 	
-1.33376753507e-07 0 	0 	-487.145492002 	
-1.32795591182e-07 0 	0 	-446.652701211 	
-1.32214428858e-07 0 	0 	-411.03481557 	
-1.31633266533e-07 0 	0 	-375.65639238 	
-1.31052104208e-07 0 	0 	-343.422397047 	
-1.30470941884e-07 0 	0 	-312.706306236 	
-1.29889779559e-07 0 	0 	-283.198125699 	
-1.29308617234e-07 5.29507490501e-17 	-5.29507490501e-17 	-256.704779343 	
-1.2872745491e-07 8.82854598451e-16 	-8.82854598451e-16 	-230.211432986 	
-1.28146292585e-07 4.23072200373e-16 	-4.23072200373e-16 	-206.691630006 	
-1.27565130261e-07 5.87977328028e-16 	-5.87977328028e-16 	-183.997114373 	
-1.26983967936e-07 1.41127617819e-15 	-1.41127617819e-15 	-161.842217478 	
-1.26402805611e-07 2.18989768408e-16 	-2.18989768408e-16 	-142.541221432 	
-1.25821643287e-07 0 	0 	-123.240225387 	
-1.25240480962e-07 0 	0 	-105.170187248 	
-1.24659318637e-07 4.64460750417e-18 	-4.64460750417e-18 	-88.8785707457 	
-1.24078156313e-07 2.65419476996e-15 	-2.65419476996e-15 	-72.5869542432 	
-1.23496993988e-07 2.53061955484e-15 	-2.53061955484e-15 	-57.6904874259 	
-1.22915831663e-07 0 	0 	-44.0474374573 	
-1.22334669339e-07 0 	0 	-30.4043874888 	
-1.21753507014e-07 0 	0 	-17.9311355872 	
-1.21172344689e-07 0 	0 	-6.60086785557 	
-1.20591182365e-07 0 	0 	4.72939987608 	
-1.2001002004e-07 0 	0 	15.3795868045 	
-1.19428857715e-07 0 	0 	24.7066086481 	
-1.18847695391e-07 0 	0 	34.0336304918 	
-1.18266533066e-07 0 	0 	43.3247916595 	
-1.17685370741e-07 0 	0 	50.9311335377 	
-1.17104208417e-07 2.92897834499e-16 	-2.92897834499e-16 	58.5374754159 	
-1.16523046092e-07 1.20100440746e-15 	-1.20100440746e-15 	66.1438172942 	
-1.15941883768e-07 1.11312806025e-15 	-1.11312806025e-15 	72.9551951419 	
-1.15360721443e-07 2.13625475834e-16 	-2.13625475834e-16 	79.0962248942 	
-1.14779559118e-07 6.24352681927e-16 	-6.24352681927e-16 	85.2372546466 	
-1.14198396794e-07 1.44316824517e-15 	-1.44316824517e-15 	91.378284399 	
-1.13617234469e-07 7.82779394346e-16 	-7.82779394346e-16 	96.4100067384 	
-1.13036072144e-07 3.44141087387e-17 	-3.44141087387e-17 	101.314143755 	
-1.1245490982e-07 1.13767220148e-15 	-1.13767220148e-15 	106.218280772 	
-1.11873747495e-07 2.03868795197e-15 	-2.03868795197e-15 	111.044012783 	
-1.1129258517e-07 9.5407522878e-16 	-9.5407522878e-16 	114.913422411 	
-1.10711422846e-07 0 	0 	118.782832038 	
-1.10130260521e-07 0 	0 	122.652241666 	
-1.09549098196e-07 0 	0 	126.460878928 	
-1.08967935872e-07 0 	0 	129.472564812 	
-1.08386773547e-07 0 	0 	132.484250696 	
-1.07805611222e-07 0 	0 	135.49593658 	
-1.07224448898e-07 0 	0 	138.507622464 	
-1.06643286573e-07 0 	0 	140.904152278 	
-1.06062124248e-07 0 	0 	143.211388349 	
-1.05480961924e-07 0 	0 	145.518624421 	
-1.04899799599e-07 0 	0 	147.825860492 	
-1.04318637275e-07 0 	0 	149.861586426 	
-1.0373747495e-07 0 	0 	151.595621268 	
-1.03156312625e-07 1.02516980662e-16 	-1.02516980662e-16 	153.329656111 	
-1.02575150301e-07 5.63864128836e-16 	-5.63864128836e-16 	155.063690953 	
-1.01993987976e-07 1.02521127701e-15 	-1.02521127701e-15 	156.797725796 	
-1.01412825651e-07 6.68961713236e-16 	-6.68961713236e-16 	158.133255648 	
-1.00831663327e-07 2.22200839628e-16 	-2.22200839628e-16 	159.405216227 	
-1.00250501002e-07 0 	0 	160.677176805 	
-9.96693386774e-08 0 	0 	161.949137384 	
-9.90881763527e-08 0 	0 	163.210278541 	
-9.85070140281e-08 0 	0 	164.113198319 	
-9.79258517034e-08 0 	0 	165.016118097 	
-9.73446893788e-08 3.97028010954e-16 	-3.97028010954e-16 	165.919037875 	
-9.67635270541e-08 1.11111354533e-15 	-1.11111354533e-15 	166.821957653 	
-9.61823647295e-08 1.82519907971e-15 	-1.82519907971e-15 	167.724877431 	
-9.56012024048e-08 1.1168035671e-15 	-1.1168035671e-15 	168.346383793 	
-9.50200400802e-08 4.31079599263e-16 	-4.31079599263e-16 	168.957281907 	
-9.44388777555e-08 4.65525176554e-16 	-4.65525176554e-16 	169.568180021 	
-9.38577154309e-08 1.71912356941e-15 	-1.71912356941e-15 	170.179078134 	
-9.32765531062e-08 2.97272196226e-15 	-2.97272196226e-15 	170.789976248 	
-9.26953907816e-08 2.47159659283e-15 	-2.47159659283e-15 	171.251068228 	
-9.21142284569e-08 1.27338746305e-15 	-1.27338746305e-15 	171.633011554 	
-9.15330661323e-08 7.51783332691e-17 	-7.51783332691e-17 	172.01495488 	
-9.09519038076e-08 5.09037662112e-16 	-5.09037662112e-16 	172.396898206 	
-9.0370741483e-08 1.05215150729e-15 	-1.05215150729e-15 	172.778841532 	
-8.97895791583e-08 1.42458447275e-15 	-1.42458447275e-15 	173.144869415 	
-8.92084168337e-08 9.08110105843e-16 	-9.08110105843e-16 	173.348957611 	
-8.8627254509e-08 3.91635738936e-16 	-3.91635738936e-16 	173.553045807 	
-8.80460921844e-08 3.4195546056e-16 	-3.4195546056e-16 	173.757134003 	
-8.74649298597e-08 1.75667166558e-15 	-1.75667166558e-15 	173.9612222 	
-8.68837675351e-08 3.17138787059e-15 	-3.17138787059e-15 	174.165310396 	
-8.63026052104e-08 3.64909833431e-15 	-3.64909833431e-15 	174.334234723 	
-8.57214428858e-08 2.31138466004e-15 	-2.31138466004e-15 	174.401458877 	
-8.51402805611e-08 9.73670985776e-16 	-9.73670985776e-16 	174.468683032 	
-8.45591182365e-08 0 	0 	174.535907186 	
-8.39779559118e-08 0 	0 	174.60313134 	
-8.33967935872e-08 0 	0 	174.670355494 	
-8.28156312625e-08 0 	0 	174.722589224 	
-8.22344689379e-08 0 	0 	174.685527028 	
-8.16533066132e-08 0 	0 	174.648464832 	
-8.10721442886e-08 0 	0 	174.611402637 	
-8.04909819639e-08 0 	0 	174.574340441 	
-7.99098196393e-08 0 	0 	174.537278245 	
-7.93286573146e-08 0 	0 	174.50021605 	
-7.874749499e-08 0 	0 	174.40525928 	
-7.81663326653e-08 0 	0 	174.28958254 	
-7.75851703407e-08 0 	0 	174.1739058 	
-7.7004008016e-08 6.72174737088e-17 	-6.72174737088e-17 	174.058229059 	
-7.64228456914e-08 2.14133216154e-16 	-2.14133216154e-16 	173.942552319 	
-7.58416833667e-08 3.61048958599e-16 	-3.61048958599e-16 	173.826875579 	
-7.52605210421e-08 4.64014878189e-16 	-4.64014878189e-16 	173.70997808 	
-7.46793587174e-08 3.28171878976e-16 	-3.28171878976e-16 	173.535761005 	
-7.40981963928e-08 1.92328879763e-16 	-1.92328879763e-16 	173.36154393 	
-7.35170340681e-08 5.64858805492e-17 	-5.64858805492e-17 	173.187326855 	
-7.29358717435e-08 7.38255796734e-17 	-7.38255796734e-17 	173.01310978 	
-7.23547094188e-08 2.00199726446e-16 	-2.00199726446e-16 	172.838892705 	
-7.17735470942e-08 3.26573873218e-16 	-3.26573873218e-16 	172.66467563 	
-7.11923847695e-08 4.52948019991e-16 	-4.52948019991e-16 	172.490458555 	
-7.06112224449e-08 3.02997256628e-16 	-3.02997256628e-16 	172.274053029 	
-7.00300601202e-08 1.87343124502e-16 	-1.87343124502e-16 	172.056881318 	
-6.94488977956e-08 7.16889923763e-17 	-7.16889923763e-17 	171.839709607 	
-6.88677354709e-08 0 	0 	171.622537896 	
-6.82865731463e-08 0 	0 	171.405366185 	
-6.77054108216e-08 0 	0 	171.188194475 	
-6.7124248497e-08 0 	0 	170.971022764 	
-6.65430861723e-08 0 	0 	170.735139303 	
-6.59619238477e-08 0 	0 	170.487029832 	
-6.5380761523e-08 0 	0 	170.238920361 	
-6.47995991984e-08 0 	0 	169.99081089 	
-6.42184368737e-08 1.42296628798e-16 	-1.42296628798e-16 	169.742701419 	
-6.36372745491e-08 3.13842722976e-16 	-3.13842722976e-16 	169.494591948 	
-6.30561122244e-08 4.85388817154e-16 	-4.85388817154e-16 	169.246482477 	
-6.24749498998e-08 6.56934911332e-16 	-6.56934911332e-16 	168.998373005 	
-6.18937875752e-08 4.70727720831e-16 	-4.70727720831e-16 	168.73129288 	
-6.13126252505e-08 3.18113977713e-16 	-3.18113977713e-16 	168.461441241 	
-6.07314629259e-08 1.65500234594e-16 	-1.65500234594e-16 	168.191589602 	
-6.01503006012e-08 1.28864914757e-17 	-1.28864914757e-17 	167.921737963 	
-5.95691382766e-08 0 	0 	167.651886324 	
-5.89879759519e-08 0 	0 	167.382034685 	
-5.84068136273e-08 0 	0 	167.112183046 	
-5.78256513026e-08 0 	0 	166.842331407 	
-5.7244488978e-08 0 	0 	166.561133054 	
-5.66633266533e-08 0 	0 	166.276511136 	
-5.60821643287e-08 0 	0 	165.991889218 	
-5.5501002004e-08 0 	0 	165.7072673 	
-5.49198396794e-08 0 	0 	165.422645381 	
-5.43386773547e-08 0 	0 	165.138023463 	
-5.37575150301e-08 0 	0 	164.853401545 	
-5.31763527054e-08 0 	0 	164.568779627 	
-5.25951903808e-08 0 	0 	164.281541286 	
-5.20140280561e-08 0 	0 	163.987369434 	
-5.14328657315e-08 0 	0 	163.693197582 	
-5.08517034068e-08 0 	0 	163.39902573 	
-5.02705410822e-08 0 	0 	163.104853877 	
-4.96893787575e-08 7.79397130141e-17 	-7.79397130141e-17 	162.810682025 	
-4.91082164329e-08 1.62009639889e-16 	-1.62009639889e-16 	162.516510173 	
-4.85270541082e-08 2.46079566764e-16 	-2.46079566764e-16 	162.222338321 	
-4.79458917836e-08 3.30149493639e-16 	-3.30149493639e-16 	161.928166469 	
-4.73647294589e-08 2.86748611042e-16 	-2.86748611042e-16 	161.631875993 	
-4.67835671343e-08 2.1823017534e-16 	-2.1823017534e-16 	161.331994314 	
-4.62024048096e-08 1.49711739637e-16 	-1.49711739637e-16 	161.032112634 	
-4.5621242485e-08 8.11933039345e-17 	-8.11933039345e-17 	160.732230955 	
-4.50400801603e-08 1.2674868232e-17 	-1.2674868232e-17 	160.432349276 	
-4.44589178357e-08 0 	0 	160.132467596 	
-4.3877755511e-08 0 	0 	159.832585917 	
-4.32965931864e-08 0 	0 	159.532704238 	
-4.27154308617e-08 0 	0 	159.232822558 	
-4.21342685371e-08 0 	0 	158.932823265 	
-4.15531062124e-08 0 	0 	158.629984731 	
-4.09719438878e-08 0 	0 	158.327146197 	
-4.03907815631e-08 0 	0 	158.024307663 	
-3.98096192385e-08 0 	0 	157.721469129 	
-3.92284569138e-08 0 	0 	157.418630595 	
-3.86472945892e-08 0 	0 	157.115792061 	
-3.80661322645e-08 0 	0 	156.812953527 	
-3.74849699399e-08 0 	0 	156.510114993 	
-3.69038076152e-08 0 	0 	156.207276458 	
-3.63226452906e-08 0 	0 	155.904163644 	
-3.57414829659e-08 0 	0 	155.60026835 	
-3.51603206413e-08 0 	0 	155.296373056 	
-3.45791583166e-08 0 	0 	154.992477762 	
-3.3997995992e-08 0 	0 	154.688582468 	
-3.34168336673e-08 3.45878563622e-18 	-3.45878563622e-18 	154.384687174 	
-3.28356713427e-08 1.70461941118e-17 	-1.70461941118e-17 	154.08079188 	
-3.2254509018e-08 3.06336025874e-17 	-3.06336025874e-17 	153.776896586 	
-3.16733466934e-08 4.4221011063e-17 	-4.4221011063e-17 	153.473001292 	
-3.10921843687e-08 5.78084195385e-17 	-5.78084195385e-17 	153.169105998 	
-3.05110220441e-08 3.77326791186e-17 	-3.77326791186e-17 	152.865212291 	
-2.99298597194e-08 3.05277073474e-17 	-3.05277073474e-17 	152.561498097 	
-2.93486973948e-08 2.33227355761e-17 	-2.33227355761e-17 	152.257783903 	
-2.87675350701e-08 1.61177638048e-17 	-1.61177638048e-17 	151.95406971 	
-2.81863727455e-08 8.91279203354e-18 	-8.91279203354e-18 	151.650355516 	
-2.76052104208e-08 1.70782026227e-18 	-1.70782026227e-18 	151.346641322 	
-2.70240480962e-08 2.00161880109e-17 	-2.00161880109e-17 	151.042927128 	
-2.64428857715e-08 4.6250878714e-17 	-4.6250878714e-17 	150.739212934 	
-2.58617234469e-08 7.24855694172e-17 	-7.24855694172e-17 	150.43549874 	
-2.52805611222e-08 9.87202601203e-17 	-9.87202601203e-17 	150.131784547 	
-2.46993987976e-08 1.24954950823e-16 	-1.24954950823e-16 	149.828070353 	
-2.41182364729e-08 1.25456628235e-17 	-1.25456628235e-17 	149.524598324 	
-2.35370741483e-08 1.01484369247e-17 	-1.01484369247e-17 	149.221798724 	
-2.29559118236e-08 7.75121102593e-18 	-7.75121102593e-18 	148.918999125 	
-2.2374749499e-08 5.35398512714e-18 	-5.35398512714e-18 	148.616199525 	
-2.17935871743e-08 2.95675922834e-18 	-2.95675922834e-18 	148.313399925 	
-2.12124248497e-08 5.59533329552e-19 	-5.59533329552e-19 	148.010600325 	
-2.0631262525e-08 0 	0 	147.707800726 	
-2.00501002004e-08 0 	0 	147.405001126 	
-1.94689378758e-08 0 	0 	147.102201526 	
-1.88877755511e-08 0 	0 	146.799401926 	
-1.83066132265e-08 0 	0 	146.496602327 	
-1.77254509018e-08 0 	0 	146.193807661 	
-1.71442885772e-08 0 	0 	145.892283466 	
-1.65631262525e-08 0 	0 	145.590759271 	
-1.59819639279e-08 0 	0 	145.289235075 	
-1.54008016032e-08 0 	0 	144.98771088 	
-1.48196392786e-08 0 	0 	144.686186685 	
-1.42384769539e-08 -2.19978668214e-18 	2.19978668214e-18 	144.38466249 	
-1.36573146293e-08 -1.13220001179e-17 	1.13220001179e-17 	144.083138294 	
-1.30761523046e-08 -2.04442135537e-17 	2.04442135537e-17 	143.781614099 	
-1.249498998e-08 -2.95664269895e-17 	2.95664269895e-17 	143.480089904 	
-1.19138276553e-08 -3.86886404253e-17 	3.86886404253e-17 	143.178565708 	
-1.13326653307e-08 -4.78108538611e-17 	4.78108538611e-17 	142.877041513 	
-1.0751503006e-08 -1.13658800525e-16 	1.13658800525e-16 	142.575793248 	
-1.01703406814e-08 -9.41927582851e-17 	9.41927582851e-17 	142.275640743 	
-9.58917835671e-09 -7.47267160453e-17 	7.47267160453e-17 	141.975488237 	
-9.00801603206e-09 -5.52606738054e-17 	5.52606738054e-17 	141.675335731 	
-8.42685370741e-09 -3.57946315656e-17 	3.57946315656e-17 	141.375183225 	
-7.84569138277e-09 -1.63285893258e-17 	1.63285893258e-17 	141.075030719 	
-7.26452905812e-09 -2.85601767119e-18 	2.85601767119e-18 	140.774878214 	
-6.68336673347e-09 -2.05759204548e-17 	2.05759204548e-17 	140.474725708 	
-6.10220440882e-09 -3.82958232383e-17 	3.82958232383e-17 	140.174573202 	
-5.52104208417e-09 -5.60157260219e-17 	5.60157260219e-17 	139.874420696 	
-4.93987975952e-09 -7.37356288054e-17 	7.37356288054e-17 	139.57426819 	
-4.35871743487e-09 -9.1455531589e-17 	9.1455531589e-17 	139.274115685 	
-3.77755511022e-09 -1.09175434373e-16 	1.09175434373e-16 	138.973963179 	
-3.19639278557e-09 -1.49701304246e-16 	1.49701304246e-16 	138.674855976 	
-2.61523046092e-09 -1.22482885292e-16 	1.22482885292e-16 	138.37596198 	
-2.03406813627e-09 -9.52644663381e-17 	9.52644663381e-17 	138.077067984 	
-1.45290581162e-09 -6.80460473844e-17 	6.80460473844e-17 	137.778173988 	
-8.71743486974e-10 -4.08276284306e-17 	4.08276284306e-17 	137.479279992 	
-2.90581162324e-10 -1.36092094769e-17 	1.36092094769e-17 	137.180385996 	
2.90581162325e-10 0 	0 	136.881491999 	
8.71743486974e-10 0 	0 	136.582598003 	
1.45290581162e-09 0 	0 	136.283704007 	
2.03406813627e-09 0 	0 	135.984810011 	
2.61523046092e-09 0 	0 	135.685916015 	
3.19639278557e-09 0 	0 	135.387022019 	
3.77755511022e-09 0 	0 	135.088300527 	
4.35871743487e-09 0 	0 	134.790424781 	
4.93987975952e-09 0 	0 	134.492549035 	
5.52104208417e-09 0 	0 	134.194673289 	
6.10220440882e-09 0 	0 	133.896797542 	
6.68336673347e-09 0 	0 	133.598921796 	
7.26452905812e-09 0 	0 	133.30104605 	
7.84569138277e-09 -1.68610419774e-16 	1.68610419774e-16 	133.003170304 	
8.42685370742e-09 -3.69618448571e-16 	3.69618448571e-16 	132.705294558 	
9.00801603206e-09 -5.70626477368e-16 	5.70626477368e-16 	132.407418812 	
9.58917835671e-09 -7.71634506164e-16 	7.71634506164e-16 	132.109543066 	
1.01703406814e-08 -9.72642534961e-16 	9.72642534961e-16 	131.81166732 	
1.0751503006e-08 -1.17365056376e-15 	1.17365056376e-15 	131.513791574 	
1.13326653307e-08 -1.30440412035e-15 	1.30440412035e-15 	131.216479129 	
1.19138276553e-08 -1.05552647372e-15 	1.05552647372e-15 	130.919308533 	
1.249498998e-08 -8.06648827086e-16 	8.06648827086e-16 	130.622137937 	
1.30761523046e-08 -5.57771180456e-16 	5.57771180456e-16 	130.324967342 	
1.36573146293e-08 -3.08893533826e-16 	3.08893533826e-16 	130.027796746 	
1.42384769539e-08 -6.00158871957e-17 	6.00158871957e-17 	129.73062615 	
1.48196392786e-08 0 	0 	129.433455554 	
1.54008016032e-08 0 	0 	129.136284958 	
1.59819639279e-08 0 	0 	128.839114362 	
1.65631262525e-08 0 	0 	128.541943767 	
1.71442885772e-08 0 	0 	128.244773171 	
1.77254509018e-08 0 	0 	127.947602575 	
1.83066132265e-08 0 	0 	127.650773041 	
1.88877755511e-08 0 	0 	127.353944831 	
1.94689378758e-08 0 	0 	127.057116622 	
2.00501002004e-08 0 	0 	126.760288412 	
2.06312625251e-08 0 	0 	126.463460202 	
2.12124248497e-08 0 	0 	126.166631993 	
2.17935871743e-08 0 	0 	125.869803783 	
2.2374749499e-08 0 	0 	125.572975574 	
2.29559118236e-08 0 	0 	125.276147364 	
2.35370741483e-08 0 	0 	124.979319155 	
2.41182364729e-08 0 	0 	124.682490945 	
2.46993987976e-08 0 	0 	124.385609617 	
2.52805611222e-08 0 	0 	124.08870916 	
2.58617234469e-08 0 	0 	123.791808702 	
2.64428857715e-08 0 	0 	123.494908245 	
2.70240480962e-08 0 	0 	123.198007788 	
2.76052104208e-08 -1.04769260461e-17 	1.04769260461e-17 	122.90110733 	
2.81863727455e-08 -5.46771021883e-17 	5.46771021883e-17 	122.604206873 	
2.87675350701e-08 -9.88772783306e-17 	9.88772783306e-17 	122.307306415 	
2.93486973948e-08 -1.43077454473e-16 	1.43077454473e-16 	122.010405958 	
2.99298597194e-08 -1.87277630615e-16 	1.87277630615e-16 	121.7135055 	
3.05110220441e-08 -2.31477806757e-16 	2.31477806757e-16 	121.416605043 	
3.10921843687e-08 -2.09631156313e-16 	2.09631156313e-16 	121.11912038 	
3.16733466934e-08 -1.60359023071e-16 	1.60359023071e-16 	120.821630552 	
3.2254509018e-08 -1.11086889828e-16 	1.11086889828e-16 	120.524140725 	
3.28356713427e-08 -6.1814756586e-17 	6.1814756586e-17 	120.226650897 	
3.34168336673e-08 -1.25426233436e-17 	1.25426233436e-17 	119.92916107 	
3.3997995992e-08 0 	0 	119.631671242 	
3.45791583166e-08 0 	0 	119.334181415 	
3.51603206413e-08 0 	0 	119.036691587 	
3.57414829659e-08 0 	0 	118.73920176 	
3.63226452906e-08 0 	0 	118.441711932 	
3.69038076152e-08 0 	0 	118.143276142 	
3.74849699399e-08 0 	0 	117.844508766 	
3.80661322645e-08 0 	0 	117.545741391 	
3.86472945892e-08 0 	0 	117.246974015 	
3.92284569138e-08 0 	0 	116.94820664 	
3.98096192385e-08 0 	0 	116.649439264 	
4.03907815631e-08 0 	0 	116.350671888 	
4.09719438878e-08 0 	0 	116.051904513 	
4.15531062124e-08 0 	0 	115.753137137 	
4.21342685371e-08 0 	0 	115.454369762 	
4.27154308617e-08 0 	0 	115.153463069 	
4.32965931864e-08 0 	0 	114.852467756 	
4.3877755511e-08 0 	0 	114.551472443 	
4.44589178357e-08 0 	0 	114.25047713 	
4.50400801603e-08 -1.43963610219e-16 	1.43963610219e-16 	113.949481818 	
4.5621242485e-08 -9.22209284238e-16 	9.22209284238e-16 	113.648486505 	
4.62024048096e-08 -1.70045495826e-15 	1.70045495826e-15 	113.347491192 	
4.67835671343e-08 -2.47870063227e-15 	2.47870063227e-15 	113.046495879 	
4.73647294589e-08 -3.25694630629e-15 	3.25694630629e-15 	112.745500566 	
4.79458917836e-08 -3.27016446217e-15 	3.27016446217e-15 	112.44226397 	
4.85270541082e-08 -2.43744324799e-15 	2.43744324799e-15 	112.137705134 	
4.91082164329e-08 -1.60472203381e-15 	1.60472203381e-15 	111.833146298 	
4.96893787575e-08 -7.72000819633e-16 	7.72000819633e-16 	111.528587462 	
5.02705410822e-08 -6.63352088836e-18 	6.63352088836e-18 	111.224028626 	
5.08517034068e-08 -9.76058146222e-17 	9.76058146222e-17 	110.919469789 	
5.14328657315e-08 -1.88578108356e-16 	1.88578108356e-16 	110.614910953 	
5.20140280561e-08 -2.7955040209e-16 	2.7955040209e-16 	110.310352117 	
5.25951903808e-08 -3.70522695824e-16 	3.70522695824e-16 	110.005793281 	
5.31763527054e-08 -3.49462914297e-16 	3.49462914297e-16 	109.697276141 	
5.37575150301e-08 -2.52949223181e-16 	2.52949223181e-16 	109.387265299 	
5.43386773547e-08 -1.56435532066e-16 	1.56435532066e-16 	109.077254458 	
5.49198396794e-08 -5.99218409497e-17 	5.99218409497e-17 	108.767243617 	
5.5501002004e-08 0 	0 	108.457232776 	
5.60821643287e-08 0 	0 	108.147221934 	
5.66633266533e-08 0 	0 	107.837211093 	
5.7244488978e-08 0 	0 	107.527200252 	
5.78256513026e-08 0 	0 	107.215306893 	
5.84068136273e-08 0 	0 	106.897174312 	
5.89879759519e-08 0 	0 	106.57904173 	
5.95691382766e-08 0 	0 	106.260909149 	
6.01503006012e-08 0 	0 	105.942776567 	
6.07314629259e-08 0 	0 	105.624643986 	
6.13126252505e-08 0 	0 	105.306511405 	
6.18937875752e-08 0 	0 	104.988378823 	
6.24749498998e-08 0 	0 	104.668731858 	
6.30561122244e-08 0 	0 	104.338719128 	
6.36372745491e-08 0 	0 	104.008706398 	
6.42184368737e-08 0 	0 	103.678693668 	
6.47995991984e-08 0 	0 	103.348680938 	
6.5380761523e-08 0 	0 	103.018668208 	
6.59619238477e-08 0 	0 	102.688655478 	
6.65430861723e-08 0 	0 	102.358642748 	
6.7124248497e-08 0 	0 	102.021859128 	
6.77054108216e-08 0 	0 	101.674712749 	
6.82865731463e-08 0 	0 	101.327566371 	
6.88677354709e-08 0 	0 	100.980419992 	
6.94488977956e-08 0 	0 	100.633273614 	
7.00300601202e-08 0 	0 	100.286127235 	
7.06112224449e-08 0 	0 	99.9389808566 	
7.11923847695e-08 0 	0 	99.5913991102 	
7.17735470942e-08 0 	0 	99.2198446777 	
7.23547094188e-08 0 	0 	98.8482902452 	
7.29358717435e-08 0 	0 	98.4767358128 	
7.35170340681e-08 0 	0 	98.1051813803 	
7.40981963928e-08 0 	0 	97.7336269479 	
7.46793587174e-08 0 	0 	97.3620725154 	
7.52605210421e-08 0 	0 	96.9905180829 	
7.58416833667e-08 0 	0 	96.5853125308 	
7.64228456914e-08 0 	0 	96.1793902968 	
7.7004008016e-08 0 	0 	95.7734680628 	
7.75851703407e-08 -2.29137912491e-16 	2.29137912491e-16 	95.3675458288 	
7.81663326653e-08 -6.51530607711e-16 	6.51530607711e-16 	94.9616235948 	
7.874749499e-08 -1.07392330293e-15 	1.07392330293e-15 	94.5557013608 	
7.93286573146e-08 -1.31203265218e-15 	1.31203265218e-15 	94.1371722527 	
7.99098196393e-08 -8.76914479436e-16 	8.76914479436e-16 	93.683417727 	
8.04909819639e-08 -4.41796306689e-16 	4.41796306689e-16 	93.2296632014 	
8.10721442886e-08 -6.67813394181e-18 	6.67813394181e-18 	92.7759086757 	
8.16533066132e-08 0 	0 	92.32215415 	
8.22344689379e-08 0 	0 	91.8683996244 	
8.28156312625e-08 0 	0 	91.4146450987 	
8.33967935872e-08 0 	0 	90.9045595472 	
8.39779559118e-08 0 	0 	90.3850175062 	
8.45591182365e-08 0 	0 	89.8654754652 	
8.51402805611e-08 0 	0 	89.3459334242 	
8.57214428858e-08 0 	0 	88.8263913832 	
8.63026052104e-08 0 	0 	88.3068493422 	
8.68837675351e-08 0 	0 	87.7208831542 	
8.74649298597e-08 0 	0 	87.1119501423 	
8.80460921844e-08 0 	0 	86.5030171304 	
8.8627254509e-08 -2.27789809527e-16 	2.27789809527e-16 	85.8940841185 	
8.92084168337e-08 -5.28190375582e-16 	5.28190375582e-16 	85.2851511066 	
8.97895791583e-08 -8.28590941637e-16 	8.28590941637e-16 	84.6762180947 	
9.0370741483e-08 -5.94571035018e-16 	5.94571035018e-16 	83.9580521334 	
9.09519038076e-08 -2.8765728845e-16 	2.8765728845e-16 	83.2291507503 	
9.15330661323e-08 0 	0 	82.5002493673 	
9.21142284569e-08 0 	0 	81.7713479842 	
9.26953907816e-08 0 	0 	81.0424466012 	
9.32765531062e-08 0 	0 	80.2585793706 	
9.38577154309e-08 0 	0 	79.370677254 	
9.44388777555e-08 0 	0 	78.4827751375 	
9.50200400802e-08 -3.55992999246e-16 	3.55992999246e-16 	77.594873021 	
9.56012024048e-08 -9.22275728428e-16 	9.22275728428e-16 	76.7069709044 	
9.61823647295e-08 -1.47201140567e-15 	1.47201140567e-15 	75.8115091077 	
9.67635270541e-08 -8.96105980936e-16 	8.96105980936e-16 	74.715505663 	
9.73446893788e-08 -3.20200556198e-16 	3.20200556198e-16 	73.6195022183 	
9.79258517034e-08 0 	0 	72.5234987736 	
9.85070140281e-08 0 	0 	71.4274953289 	
9.90881763527e-08 0 	0 	70.3314918842 	
9.96693386774e-08 0 	0 	68.9743921319 	
1.00250501002e-07 0 	0 	67.6094064433 	
1.00831663327e-07 -2.33848311859e-16 	2.33848311859e-16 	66.2444207548 	
1.01412825651e-07 -7.04027795755e-16 	7.04027795755e-16 	64.8794350663 	
1.01993987976e-07 -1.0579978536e-15 	1.0579978536e-15 	63.4672050032 	
1.02575150301e-07 -5.81896679646e-16 	5.81896679646e-16 	61.7588079736 	
1.03156312625e-07 -1.05795505697e-16 	1.05795505697e-16 	60.050410944 	
1.0373747495e-07 -2.03398005954e-16 	2.03398005954e-16 	58.3420139145 	
1.04318637275e-07 -4.64906369763e-16 	4.64906369763e-16 	56.6336168849 	
1.04899799599e-07 -4.55830890973e-16 	4.55830890973e-16 	54.6972356316 	
1.05480961924e-07 -1.91601691426e-16 	1.91601691426e-16 	52.5556775276 	
1.06062124248e-07 -1.59568611299e-16 	1.59568611299e-16 	50.4141194236 	
1.06643286573e-07 -7.40101904087e-16 	7.40101904087e-16 	48.2725613196 	
1.07224448898e-07 -1.18305274635e-15 	1.18305274635e-15 	46.0625608177 	
1.07805611222e-07 -5.97774840854e-16 	5.97774840854e-16 	43.3810518381 	
1.08386773547e-07 -1.24969353613e-17 	1.24969353613e-17 	40.6995428585 	
1.08967935872e-07 -6.2135848119e-16 	6.2135848119e-16 	38.018033879 	
1.09549098196e-07 -1.25627376189e-15 	1.25627376189e-15 	35.3365248994 	
1.10130260521e-07 -7.15503283395e-16 	7.15503283395e-16 	32.0367746007 	
1.10711422846e-07 -7.68629297861e-17 	7.68629297861e-17 	28.6898796596 	
1.1129258517e-07 -9.37420710733e-16 	9.37420710733e-16 	25.3429847185 	
1.11873747495e-07 -2.00310022863e-15 	2.00310022863e-15 	21.9960897774 	
1.1245490982e-07 -1.10271887501e-15 	1.10271887501e-15 	17.8997440627 	
1.13036072144e-07 -3.3356785217e-17 	3.3356785217e-17 	13.7419539083 	
1.13617234469e-07 -3.79364817034e-16 	3.79364817034e-16 	9.58416375385 	
1.14198396794e-07 -6.90788323111e-16 	6.90788323111e-16 	5.32552694324 	
1.14779559118e-07 -2.98853265113e-16 	2.98853265113e-16 	0.190065579877 	
1.15360721443e-07 -1.02254179108e-16 	1.02254179108e-16 	-4.94539578348 	
1.15941883768e-07 -5.32810965538e-16 	5.32810965538e-16 	-10.0808571468 	
1.16523046092e-07 -5.68399369015e-16 	5.68399369015e-16 	-15.7500193009 	
1.17104208417e-07 -1.38619761328e-16 	1.38619761328e-16 	-22.052095809 	
1.17685370741e-07 0 	0 	-28.3541723171 	
1.18266533066e-07 0 	0 	-34.6562488251 	
1.18847695391e-07 0 	0 	-42.3078900349 	
1.19428857715e-07 0 	0 	-49.9882561665 	
1.2001002004e-07 0 	0 	-57.6686222981 	
1.20591182365e-07 0 	0 	-66.4143135386 	
1.21172344689e-07 -4.51971142339e-17 	4.51971142339e-17 	-75.7075609111 	
1.21753507014e-07 -1.17044751129e-15 	1.17044751129e-15 	-85.0008082836 	
1.22334669339e-07 -1.17017928986e-15 	1.17017928986e-15 	-95.2183018109 	
1.22915831663e-07 -5.75877982998e-17 	5.75877982998e-17 	-106.381723894 	
1.23496993988e-07 0 	0 	-117.545145977 	
1.24078156313e-07 0 	0 	-129.725823808 	
1.24659318637e-07 0 	0 	-143.038785792 	
1.25240480962e-07 -3.9721699709e-15 	3.9721699709e-15 	-156.351747777 	
1.25821643287e-07 -3.18661103829e-15 	3.18661103829e-15 	-171.112520308 	
1.26402805611e-07 0 	0 	-186.875413937 	
1.26983967936e-07 0 	0 	-202.638307565 	
1.27565130261e-07 0 	0 	-220.730649169 	
1.28146292585e-07 -3.8098005534e-16 	3.8098005534e-16 	-239.263445378 	
1.2872745491e-07 -7.90314577441e-16 	7.90314577441e-16 	-258.471366694 	
1.29308617234e-07 -4.74004993956e-17 	4.74004993956e-17 	-280.111790814 	
1.29889779559e-07 0 	0 	-301.752214934 	
1.30470941884e-07 0 	0 	-325.863582614 	
1.31052104208e-07 0 	0 	-350.964947732 	
1.31633266533e-07 0 	0 	-377.312383168 	
1.32214428858e-07 0 	0 	-406.241126037 	
1.32795591182e-07 0 	0 	-435.366717256 	
1.33376753507e-07 0 	0 	-468.499688462 	
1.33957915832e-07 0 	0 	-501.632659667 	
1.34539078156e-07 0 	0 	-538.770005448 	
1.35120240481e-07 -8.06317345828e-16 	8.06317345828e-16 	-576.491570252 	
1.35701402806e-07 -1.99660378651e-16 	1.99660378651e-16 	-618.186836517 	
1.3628256513e-07 0 	0 	-660.885845662 	
1.36863727455e-07 0 	0 	-707.982192611 	
1.3744488978e-07 0 	0 	-756.048883277 	
1.38026052104e-07 0 	0 	-809.474351371 	
1.38607214429e-07 0 	0 	-864.091569199 	
1.39188376754e-07 0 	0 	-924.054374147 	
1.39769539078e-07 0 	0 	-986.69186054 	
1.40350701403e-07 -1.42492473641e-15 	1.42492473641e-15 	-1053.17055167 	
1.40931863727e-07 -6.43164326491e-17 	6.43164326491e-17 	-1124.95129764 	
1.41513026052e-07 0 	0 	-1199.79994814 	
1.42094188377e-07 -1.84936509571e-16 	1.84936509571e-16 	-1280.39333765 	
1.42675350701e-07 -5.12064244608e-18 	5.12064244608e-18 	-1366.38360117 	
1.43256513026e-07 -4.89676941973e-16 	4.89676941973e-16 	-1456.82352528 	
1.43837675351e-07 0 	0 	-1552.87546056 	
1.44418837675e-07 -3.94474402846e-17 	3.94474402846e-17 	-1656.53880935 	
1.45e-07 0 	0 	-1763.47855405 	
