-1.45e-07 1.1470211967e-13 0.999157977092 1.00084697464
-1.44418837675e-07 1.16348117211e-06 0.999203083301 1.00080179418
-1.43837675351e-07 2.25900158554e-06 0.999245826506 1.00075898211
-1.43256513026e-07 3.26730183823e-06 0.999285537212 1.00071921143
-1.42675350701e-07 4.21123668964e-06 0.999323008992 1.00068168569
-1.42094188377e-07 5.10411324768e-06 0.999358704287 1.00064594098
-1.41513026052e-07 5.93503188544e-06 0.999392243299 1.00061235782
-1.40931863727e-07 6.6999285996e-06 0.999423483309 1.00058107875
-1.40350701403e-07 7.42954577568e-06 0.999453494431 1.00055103113
-1.39769539078e-07 8.09815685928e-06 0.9994813799 1.00052311339
-1.39188376754e-07 8.72251307493e-06 0.999507722326 1.00049674141
-1.38607214429e-07 9.31605404318e-06 0.999532990311 1.00047144578
-1.38026052104e-07 9.84791940485e-06 0.999556106192 1.00044830562
-1.3744488978e-07 1.03660274499e-05 0.999578741887 1.00042564637
-1.36863727455e-07 1.08222092093e-05 0.999599214861 1.0004051528
-1.3628256513e-07 1.12671578373e-05 0.999619295142 1.00038505239
-1.35701402806e-07 1.16612009229e-05 0.999637595845 1.00036673365
-1.35120240481e-07 1.20436014947e-05 0.999655489087 1.00034882279
-1.34539078156e-07 1.23799107067e-05 0.999671769235 1.00033252663
-1.33957915832e-07 1.27094288011e-05 0.999687811402 1.00031646866
-1.33376753507e-07 1.29923989774e-05 0.999702222388 1.00030204322
-1.32795591182e-07 1.32753691537e-05 0.999716633373 1.00028761779
-1.32214428858e-07 1.35116444515e-05 0.999729405566 1.00027483225
-1.31633266533e-07 1.37456260288e-05 0.999742097259 1.00026212725
-1.31052104208e-07 1.39494495493e-05 0.999753728671 1.00025048309
-1.30470941884e-07 1.41387149205e-05 0.999764848255 1.00023935103
-1.29889779559e-07 1.43163798651e-05 0.999775559154 1.00022862779
-1.29308617234e-07 1.44650912004e-05 0.999785250009 1.00021892497
-1.2872745491e-07 1.46138025356e-05 0.999794940864 1.00020922215
-1.28146292585e-07 1.47339182509e-05 0.999803621813 1.00020052945
-1.27565130261e-07 1.48460974406e-05 0.99981202247 1.00019211711
-1.26983967936e-07 1.49530803796e-05 0.999820239073 1.00018388883
-1.26402805611e-07 1.50325817231e-05 0.999827482265 1.00017663404
-1.25821643287e-07 1.51120830666e-05 0.999834725457 1.00016937924
-1.25240480962e-07 1.51797160464e-05 0.999841546781 1.00016254628
-1.24659318637e-07 1.52302022538e-05 0.999847758611 1.00015632277
-1.24078156313e-07 1.52806884612e-05 0.999853970442 1.00015009926
-1.23496993988e-07 1.53177085507e-05 0.999859701558 1.00014435635
-1.22915831663e-07 1.5342630541e-05 0.999865000796 1.00013904522
-1.22334669339e-07 1.53675525314e-05 0.999870300033 1.00013373409
-1.21753507014e-07 1.53811744561e-05 0.999875193767 1.00012882831
-1.21172344689e-07 1.53837553333e-05 0.99987969129 1.00012431858
-1.20591182365e-07 1.53863362104e-05 0.999884188814 1.00011980886
-1.2001002004e-07 1.53823454504e-05 0.99988844899 1.00011553635
-1.19428857715e-07 1.53655689147e-05 0.999892247382 1.00011172537
-1.18847695391e-07 1.53487923789e-05 0.999896045774 1.00010791439
-1.18266533066e-07 1.53316694629e-05 0.999899831556 1.00010411601
-1.17685370741e-07 1.52982727814e-05 0.999903024856 1.00010090966
-1.17104208417e-07 1.52648760999e-05 0.999906218157 1.00009770332
-1.16523046092e-07 1.52314794183e-05 0.999909411457 1.00009449697
-1.15941883768e-07 1.51904159209e-05 0.999912322818 1.0000915723
-1.15360721443e-07 1.51428874323e-05 0.999914996435 1.00008888514
-1.14779559118e-07 1.50953589437e-05 0.999917670052 1.00008619799
-1.14198396794e-07 1.5047830455e-05 0.999920343669 1.00008351083
-1.13617234469e-07 1.49896379471e-05 0.999922620117 1.00008122036
-1.13036072144e-07 1.49302189329e-05 0.999924850886 1.00007897551
-1.1245490982e-07 1.48707999188e-05 0.999927081655 1.00007673067
-1.11873747495e-07 1.48106314757e-05 0.999929284056 1.00007451415
-1.1129258517e-07 1.47413220891e-05 0.999931140443 1.00007264312
-1.10711422846e-07 1.46720127025e-05 0.999932996829 1.00007077209
-1.10130260521e-07 1.46027033158e-05 0.999934853216 1.00006890107
-1.09549098196e-07 1.45328184748e-05 0.999936687357 1.00006705225
-1.08967935872e-07 1.44553872899e-05 0.999938229781 1.0000654946
-1.08386773547e-07 1.4377956105e-05 0.999939772205 1.00006393696
-1.07805611222e-07 1.43005249201e-05 0.999941314629 1.00006237932
-1.07224448898e-07 1.42230937352e-05 0.999942857052 1.00006082167
-1.06643286573e-07 1.41399234443e-05 0.999944171422 1.00005949156
-1.06062124248e-07 1.40559200865e-05 0.999945452689 1.00005819448
-1.05480961924e-07 1.39719167286e-05 0.999946733955 1.00005689739
-1.04899799599e-07 1.38879133708e-05 0.999948015221 1.00005560031
-1.04318637275e-07 1.38014344037e-05 0.999949194435 1.00005440499
-1.0373747495e-07 1.37122046397e-05 0.999950260251 1.00005332276
-1.03156312625e-07 1.36229748757e-05 0.999951326067 1.00005224052
-1.02575150301e-07 1.35337451117e-05 0.999952391883 1.00005115828
-1.01993987976e-07 1.34445153477e-05 0.9999534577 1.00005007605
-1.01412825651e-07 1.33517775655e-05 0.9999543715 1.0000491453
-1.00831663327e-07 1.32584801865e-05 0.999955261052 1.00004823872
-1.00250501002e-07 1.31651828075e-05 0.999956150603 1.00004733214
-9.96693386774e-08 1.30718854284e-05 0.999957040154 1.00004642556
-9.90881763527e-08 1.29784978153e-05 0.999957925514 1.00004552316
-9.85070140281e-08 1.28821226331e-05 0.999958672078 1.00004475895
-9.79258517034e-08 1.27857474509e-05 0.999959418642 1.00004399475
-9.73446893788e-08 1.26893722686e-05 0.999960165207 1.00004323054
-9.67635270541e-08 1.25929970864e-05 0.999960911771 1.00004246634
-9.61823647295e-08 1.24966219042e-05 0.999961658336 1.00004170213
-9.56012024048e-08 1.2398089521e-05 0.999962294091 1.00004104815
-9.50200400802e-08 1.22994758193e-05 0.999962925669 1.00004039833
-9.44388777555e-08 1.22008621176e-05 0.999963557246 1.0000397485
-9.38577154309e-08 1.21022484159e-05 0.999964188824 1.00003909868
-9.32765531062e-08 1.20036347142e-05 0.999964820402 1.00003844885
-9.26953907816e-08 1.19040189707e-05 0.99996539202 1.00003785859
-9.21142284569e-08 1.18038738079e-05 0.999965931958 1.00003729981
-9.15330661323e-08 1.17037286451e-05 0.999966471896 1.00003674102
-9.09519038076e-08 1.16035834823e-05 0.999967011834 1.00003618223
-9.0370741483e-08 1.15034383195e-05 0.999967551772 1.00003562344
-8.97895791583e-08 1.14032091301e-05 0.999968085237 1.00003507108
-8.92084168337e-08 1.13021249708e-05 0.999968552827 1.00003458405
-8.8627254509e-08 1.12010408114e-05 0.999969020417 1.00003409702
-8.80460921844e-08 1.1099956652e-05 0.999969488008 1.00003360999
-8.74649298597e-08 1.09988724927e-05 0.999969955598 1.00003312297
-8.68837675351e-08 1.08977883333e-05 0.999970423189 1.00003263594
-8.63026052104e-08 1.07965899489e-05 0.99997087625 1.00003216329
-8.57214428858e-08 1.06950612052e-05 0.999971287293 1.00003173223
-8.51402805611e-08 1.05935324616e-05 0.999971698336 1.00003130117
-8.45591182365e-08 1.04920037179e-05 0.999972109379 1.00003087011
-8.39779559118e-08 1.03904749742e-05 0.999972520422 1.00003043905
-8.33967935872e-08 1.02889462306e-05 0.999972931466 1.00003000799
-8.28156312625e-08 1.01874127323e-05 0.999973336223 1.00002958313
-8.22344689379e-08 1.00858509115e-05 0.99997370354 1.00002919524
-8.16533066132e-08 9.98428909075e-06 0.999974070858 1.00002880735
-8.10721442886e-08 9.88272726996e-06 0.999974438175 1.00002841946
-8.04909819639e-08 9.78116544918e-06 0.999974805492 1.00002803157
-7.99098196393e-08 9.6796036284e-06 0.999975172809 1.00002764368
-7.93286573146e-08 9.57804180761e-06 0.999975540126 1.00002725578
-7.874749499e-08 9.47670761404e-06 0.99997588283 1.00002689211
-7.81663326653e-08 9.3754548863e-06 0.999976216724 1.0000265371
-7.75851703407e-08 9.27420215855e-06 0.999976550618 1.0000261821
-7.7004008016e-08 9.17294943081e-06 0.999976884512 1.00002582709
-7.64228456914e-08 9.07169670306e-06 0.999977218406 1.00002547208
-7.58416833667e-08 8.97044397532e-06 0.999977552301 1.00002511707
-7.52605210421e-08 8.86920363117e-06 0.999977885669 1.00002476258
-7.46793587174e-08 8.76854474683e-06 0.999978194326 1.0000244323
-7.40981963928e-08 8.6678858625e-06 0.999978502983 1.00002410203
-7.35170340681e-08 8.56722697817e-06 0.999978811641 1.00002377175
-7.29358717435e-08 8.46656809384e-06 0.999979120298 1.00002344147
-7.23547094188e-08 8.3659092095e-06 0.999979428956 1.00002311119
-7.17735470942e-08 8.26525032517e-06 0.999979737613 1.00002278091
-7.11923847695e-08 8.16459144084e-06 0.99998004627 1.00002245063
-7.06112224449e-08 8.06474919441e-06 0.999980336445 1.00002213837
-7.00300601202e-08 7.96492177894e-06 0.999980626283 1.00002182643
-6.94488977956e-08 7.86509436348e-06 0.999980916122 1.0000215145
-6.88677354709e-08 7.76526694801e-06 0.999981205961 1.00002120256
-6.82865731463e-08 7.66543953254e-06 0.999981495799 1.00002089062
-6.77054108216e-08 7.56561211707e-06 0.999981785638 1.00002057869
-6.7124248497e-08 7.4657847016e-06 0.999982075476 1.00002026675
-6.65430861723e-08 7.36658070347e-06 0.999982356924 1.00001996294
-6.59619238477e-08 7.26778403801e-06 0.99998263289 1.00001966444
-6.5380761523e-08 7.16898737255e-06 0.999982908855 1.00001936593
-6.47995991984e-08 7.07019070709e-06 0.999983184821 1.00001906743
-6.42184368737e-08 6.97139404163e-06 0.999983460786 1.00001876893
-6.36372745491e-08 6.87259737617e-06 0.999983736752 1.00001847043
-6.30561122244e-08 6.77380071071e-06 0.999984012718 1.00001817192
-6.24749498998e-08 6.67500404525e-06 0.999984288683 1.00001787342
-6.18937875752e-08 6.57725364326e-06 0.999984555794 1.00001758343
-6.13126252505e-08 6.47965609488e-06 0.999984821612 1.00001729468
-6.07314629259e-08 6.3820585465e-06 0.999985087429 1.00001700594
-6.01503006012e-08 6.28446099812e-06 0.999985353246 1.00001671719
-5.95691382766e-08 6.18686344974e-06 0.999985619064 1.00001642845
-5.89879759519e-08 6.08926590135e-06 0.999985884881 1.0000161397
-5.84068136273e-08 5.99166835297e-06 0.999986150698 1.00001585095
-5.78256513026e-08 5.89407080459e-06 0.999986416516 1.00001556221
-5.7244488978e-08 5.7975048456e-06 0.999986676624 1.00001527891
-5.66633266533e-08 5.701250141e-06 0.999986935009 1.00001499725
-5.60821643287e-08 5.60499543639e-06 0.999987193394 1.00001471559
-5.5501002004e-08 5.50874073178e-06 0.999987451779 1.00001443394
-5.49198396794e-08 5.41248602718e-06 0.999987710164 1.00001415228
-5.43386773547e-08 5.31623132257e-06 0.999987968549 1.00001387062
-5.37575150301e-08 5.21997661797e-06 0.999988226934 1.00001358897
-5.31763527054e-08 5.12372191336e-06 0.999988485319 1.00001330731
-5.25951903808e-08 5.02786919444e-06 0.999988742186 1.0000130271
-5.20140280561e-08 4.93308173653e-06 0.999988995027 1.0000127507
-5.14328657315e-08 4.83829427862e-06 0.999989247868 1.00001247431
-5.08517034068e-08 4.74350682071e-06 0.999989500709 1.00001219791
-5.02705410822e-08 4.6487193628e-06 0.99998975355 1.00001192152
-4.96893787575e-08 4.55393190489e-06 0.999990006391 1.00001164512
-4.91082164329e-08 4.45914444698e-06 0.999990259232 1.00001136873
-4.85270541082e-08 4.36435698907e-06 0.999990512073 1.00001109233
-4.79458917836e-08 4.26956953116e-06 0.999990764914 1.00001081594
-4.73647294589e-08 4.17536716849e-06 0.999991016149 1.00001054107
-4.67835671343e-08 4.08215658017e-06 0.999991264662 1.00001026879
-4.62024048096e-08 3.98894599186e-06 0.999991513175 1.0000099965
-4.5621242485e-08 3.89573540354e-06 0.999991761688 1.00000972422
-4.50400801603e-08 3.80252481522e-06 0.9999920102 1.00000945194
-4.44589178357e-08 3.70931422691e-06 0.999992258713 1.00000917965
-4.3877755511e-08 3.61610363859e-06 0.999992507226 1.00000890737
-4.32965931864e-08 3.52289305028e-06 0.999992755739 1.00000863509
-4.27154308617e-08 3.42968246196e-06 0.999993004251 1.0000083628
-4.21342685371e-08 3.33653852512e-06 0.999993252619 1.00000809066
-4.15531062124e-08 3.24500357407e-06 0.999993497481 1.00000782189
-4.09719438878e-08 3.15346862303e-06 0.999993742343 1.00000755311
-4.03907815631e-08 3.06193367198e-06 0.999993987205 1.00000728434
-3.98096192385e-08 2.97039872093e-06 0.999994232067 1.00000701557
-3.92284569138e-08 2.87886376989e-06 0.999994476929 1.00000674679
-3.86472945892e-08 2.78732881884e-06 0.999994721791 1.00000647802
-3.80661322645e-08 2.6957938678e-06 0.999994966653 1.00000620925
-3.74849699399e-08 2.60425891675e-06 0.999995211515 1.00000594048
-3.69038076152e-08 2.5127239657e-06 0.999995456377 1.0000056717
-3.63226452906e-08 2.42164762887e-06 0.999995700359 1.0000054038
-3.57414829659e-08 2.33187964865e-06 0.999995941828 1.00000513836
-3.51603206413e-08 2.24211166843e-06 0.999996183298 1.00000487292
-3.45791583166e-08 2.15234368821e-06 0.999996424767 1.00000460748
-3.3997995992e-08 2.06257570799e-06 0.999996666237 1.00000434205
-3.34168336673e-08 1.97280772777e-06 0.999996907706 1.00000407661
-3.28356713427e-08 1.88303974755e-06 0.999997149176 1.00000381117
-3.2254509018e-08 1.79327176733e-06 0.999997390645 1.00000354574
-3.16733466934e-08 1.70350378712e-06 0.999997632115 1.0000032803
-3.10921843687e-08 1.6137358069e-06 0.999997873584 1.00000301486
-3.05110220441e-08 1.52398407076e-06 0.999998115024 1.00000274945
-2.99298597194e-08 1.43606995349e-06 0.999998353043 1.0000024875
-2.93486973948e-08 1.34815583623e-06 0.999998591062 1.00000222555
-2.87675350701e-08 1.26024171897e-06 0.999998829081 1.0000019636
-2.81863727455e-08 1.17232760171e-06 0.9999990671 1.00000170165
-2.76052104208e-08 1.08441348445e-06 0.999999305119 1.0000014397
-2.70240480962e-08 9.96499367187e-07 0.999999543137 1.00000117775
-2.64428857715e-08 9.08585249926e-07 0.999999781156 1.0000009158
-2.58617234469e-08 8.20671132664e-07 1.00000001918 1.00000065384
-2.52805611222e-08 7.32757015403e-07 1.00000025719 1.00000039189
-2.46993987976e-08 6.44842898141e-07 1.00000049521 1.00000012994
-2.41182364729e-08 5.57442165638e-07 1.00000073224 0.999999869016
-2.35370741483e-08 4.71466967287e-07 1.00000096653 0.999999610939
-2.29559118236e-08 3.85491768936e-07 1.00000120081 0.999999352861
-2.2374749499e-08 2.99516570586e-07 1.00000143509 0.999999094784
-2.17935871743e-08 2.13541372235e-07 1.00000166938 0.999998836707
-2.12124248497e-08 1.27566173884e-07 1.00000190366 0.99999857863
-2.0631262525e-08 4.1590975533e-08 1.00000213794 0.999998320553
-2.00501002004e-08 -4.43842228178e-08 1.00000237222 0.999998062476
-1.94689378758e-08 -1.30359421169e-07 1.00000260651 0.999997804399
-1.88877755511e-08 -2.16334619519e-07 1.00000284079 0.999997546322
-1.83066132265e-08 -3.0230981787e-07 1.00000307507 0.999997288245
-1.77254509018e-08 -3.88277184447e-07 1.00000330934 0.999997030185
-1.71442885772e-08 -4.72228008188e-07 1.00000353945 0.999996776529
-1.65631262525e-08 -5.56178831929e-07 1.00000376957 0.999996522873
-1.59819639279e-08 -6.4012965567e-07 1.00000399968 0.999996269217
-1.54008016032e-08 -7.24080479411e-07 1.00000422979 0.999996015561
-1.48196392786e-08 -8.08031303151e-07 1.00000445991 0.999995761905
-1.42384769539e-08 -8.91982126892e-07 1.00000469002 0.99999550825
-1.36573146293e-08 -9.75932950633e-07 1.00000492013 0.999995254594
-1.30761523046e-08 -1.05988377437e-06 1.00000515025 0.999995000938
-1.249498998e-08 -1.14383459811e-06 1.00000538036 0.999994747282
-1.19138276553e-08 -1.22778542186e-06 1.00000561047 0.999994493626
-1.13326653307e-08 -1.3117362456e-06 1.00000584059 0.99999423997
-1.0751503006e-08 -1.39526219561e-06 1.00000606976 0.999993987333
-1.01703406814e-08 -1.4771009107e-06 1.00000629518 0.999993738744
-9.58917835671e-09 -1.5589396258e-06 1.0000065206 0.999993490154
-9.00801603206e-09 -1.64077834089e-06 1.00000674602 0.999993241564
-8.42685370741e-09 -1.72261705598e-06 1.00000697144 0.999992992974
-7.84569138277e-09 -1.80445577108e-06 1.00000719686 0.999992744385
-7.26452905812e-09 -1.88629448617e-06 1.00000742228 0.999992495795
-6.68336673347e-09 -1.96813320127e-06 1.0000076477 0.999992247205
-6.10220440882e-09 -2.04997191636e-06 1.00000787313 0.999991998615
-5.52104208417e-09 -2.13181063145e-06 1.00000809855 0.999991750025
-4.93987975952e-09 -2.21364934655e-06 1.00000832397 0.999991501436
-4.35871743487e-09 -2.29548806164e-06 1.00000854939 0.999991252846
-3.77755511022e-09 -2.37732677674e-06 1.00000877481 0.999991004256
-3.19639278557e-09 -2.45733514966e-06 1.00000899587 0.999990760449
-2.61523046092e-09 -2.53697019397e-06 1.00000921604 0.999990517617
-2.03406813627e-09 -2.61660523828e-06 1.00000943621 0.999990274785
-1.45290581162e-09 -2.6962402826e-06 1.00000965638 0.999990031953
-8.71743486974e-10 -2.77587532691e-06 1.00000987655 0.999989789121
-2.90581162324e-10 -2.85551037122e-06 1.00001009672 0.999989546289
2.90581162325e-10 -2.93514541554e-06 1.00001031689 0.999989303458
8.71743486974e-10 -3.01478045985e-06 1.00001053706 0.999989060626
1.45290581162e-09 -3.09441550416e-06 1.00001075723 0.999988817794
2.03406813627e-09 -3.17405054848e-06 1.0000109774 0.999988574962
2.61523046092e-09 -3.25368559279e-06 1.00001119757 0.99998833213
3.19639278557e-09 -3.3333206371e-06 1.00001141774 0.999988089298
3.77755511022e-09 -3.41258382652e-06 1.00001163697 0.999987847508
4.35871743487e-09 -3.49002389903e-06 1.00001185161 0.999987610827
4.93987975952e-09 -3.56746397153e-06 1.00001206625 0.999987374146
5.52104208417e-09 -3.64490404404e-06 1.00001228088 0.999987137465
6.10220440882e-09 -3.72234411654e-06 1.00001249552 0.999986900784
6.68336673347e-09 -3.79978418905e-06 1.00001271016 0.999986664103
7.26452905812e-09 -3.87722426156e-06 1.0000129248 0.999986427422
7.84569138277e-09 -3.95466433406e-06 1.00001313944 0.999986190741
8.42685370742e-09 -4.03210440657e-06 1.00001335407 0.999985954059
9.00801603206e-09 -4.10954447908e-06 1.00001356871 0.999985717378
9.58917835671e-09 -4.18698455158e-06 1.00001378335 0.999985480697
1.01703406814e-08 -4.26442462409e-06 1.00001399799 0.999985244016
1.0751503006e-08 -4.34186469659e-06 1.00001421262 0.999985007335
1.13326653307e-08 -4.41763673643e-06 1.00001442289 0.999984775571
1.19138276553e-08 -4.49298873799e-06 1.00001463206 0.999984545045
1.249498998e-08 -4.56834073954e-06 1.00001484123 0.999984314519
1.30761523046e-08 -4.64369274109e-06 1.0000150504 0.999984083993
1.36573146293e-08 -4.71904474265e-06 1.00001525957 0.999983853467
1.42384769539e-08 -4.7943967442e-06 1.00001546874 0.999983622941
1.48196392786e-08 -4.86974874575e-06 1.00001567791 0.999983392415
1.54008016032e-08 -4.94510074731e-06 1.00001588707 0.999983161889
1.59819639279e-08 -5.02045274886e-06 1.00001609624 0.999982931363
1.65631262525e-08 -5.09580475041e-06 1.00001630541 0.999982700837
1.71442885772e-08 -5.17115675197e-06 1.00001651458 0.999982470311
1.77254509018e-08 -5.24650875352e-06 1.00001672375 0.999982239785
1.83066132265e-08 -5.31987976167e-06 1.00001692763 0.999982015287
1.88877755511e-08 -5.39324307611e-06 1.00001713148 0.999981790812
1.94689378758e-08 -5.46660639056e-06 1.00001733534 0.999981566338
2.00501002004e-08 -5.539969705e-06 1.00001753919 0.999981341863
2.06312625251e-08 -5.61333301944e-06 1.00001774305 0.999981117389
2.12124248497e-08 -5.68669633388e-06 1.0000179469 0.999980892915
2.17935871743e-08 -5.76005964832e-06 1.00001815075 0.99998066844
2.2374749499e-08 -5.83342296277e-06 1.00001835461 0.999980443966
2.29559118236e-08 -5.90678627721e-06 1.00001855846 0.999980219491
2.35370741483e-08 -5.98014959165e-06 1.00001876232 0.999979995017
2.41182364729e-08 -6.05351290609e-06 1.00001896617 0.999979770542
2.46993987976e-08 -6.12548191198e-06 1.0000191663 0.999979550366
2.52805611222e-08 -6.19694877855e-06 1.00001936508 0.999979331739
2.58617234469e-08 -6.26841564511e-06 1.00001956386 0.999979113111
2.64428857715e-08 -6.33988251167e-06 1.00001976264 0.999978894484
2.70240480962e-08 -6.41134937824e-06 1.00001996143 0.999978675856
2.76052104208e-08 -6.4828162448e-06 1.00002016021 0.999978457229
2.81863727455e-08 -6.55428311136e-06 1.00002035899 0.999978238601
2.87675350701e-08 -6.62574997793e-06 1.00002055777 0.999978019973
2.93486973948e-08 -6.69721684449e-06 1.00002075655 0.999977801346
2.99298597194e-08 -6.76868371105e-06 1.00002095534 0.999977582718
3.05110220441e-08 -6.84015057762e-06 1.00002115412 0.999977364091
3.10921843687e-08 -6.90982207075e-06 1.0000213482 0.999977150954
3.16733466934e-08 -6.97947769324e-06 1.00002154224 0.999976937866
3.2254509018e-08 -7.04913331574e-06 1.00002173628 0.999976724778
3.28356713427e-08 -7.11878893823e-06 1.00002193032 0.99997651169
3.34168336673e-08 -7.18844456073e-06 1.00002212436 0.999976298601
3.3997995992e-08 -7.25810018322e-06 1.0000223184 0.999976085513
3.45791583166e-08 -7.32775580571e-06 1.00002251244 0.999975872425
3.51603206413e-08 -7.39741142821e-06 1.00002270648 0.999975659337
3.57414829659e-08 -7.4670670507e-06 1.00002290052 0.999975446249
3.63226452906e-08 -7.53672267319e-06 1.00002309456 0.999975233161
3.69038076152e-08 -7.60509489273e-06 1.00002328541 0.99997502386
3.74849699399e-08 -7.67301724498e-06 1.00002347515 0.999974815886
3.80661322645e-08 -7.74093959723e-06 1.00002366489 0.999974607913
3.86472945892e-08 -7.80886194949e-06 1.00002385463 0.99997439994
3.92284569138e-08 -7.87678430174e-06 1.00002404436 0.999974191966
3.98096192385e-08 -7.944706654e-06 1.0000242341 0.999973983993
4.03907815631e-08 -8.01262900625e-06 1.00002442384 0.99997377602
4.09719438878e-08 -8.0805513585e-06 1.00002461358 0.999973568046
4.15531062124e-08 -8.14847371076e-06 1.00002480331 0.999973360073
4.21342685371e-08 -8.21639606301e-06 1.00002499305 0.9999731521
4.27154308617e-08 -8.28272150863e-06 1.00002517921 0.999972948493
4.32965931864e-08 -8.34898080314e-06 1.00002536522 0.999972745066
4.3877755511e-08 -8.41524009766e-06 1.00002555123 0.99997254164
4.44589178357e-08 -8.48149939217e-06 1.00002573724 0.999972338214
4.50400801603e-08 -8.54775868669e-06 1.00002592325 0.999972134788
4.5621242485e-08 -8.6140179812e-06 1.00002610925 0.999971931362
4.62024048096e-08 -8.68027727572e-06 1.00002629526 0.999971727936
4.67835671343e-08 -8.74653657023e-06 1.00002648127 0.99997152451
4.73647294589e-08 -8.81279586475e-06 1.00002666728 0.999971321084
4.79458917836e-08 -8.87804787625e-06 1.00002685142 0.999971120045
4.85270541082e-08 -8.9427056432e-06 1.00002703444 0.999970920415
4.91082164329e-08 -9.00736341016e-06 1.00002721747 0.999970720785
4.96893787575e-08 -9.07202117712e-06 1.0000274005 0.999970521155
5.02705410822e-08 -9.13667894407e-06 1.00002758353 0.999970321524
5.08517034068e-08 -9.20133671103e-06 1.00002776656 0.999970121894
5.14328657315e-08 -9.26599447799e-06 1.00002794959 0.999969922264
5.20140280561e-08 -9.33065224494e-06 1.00002813262 0.999969722634
5.25951903808e-08 -9.3953100119e-06 1.00002831565 0.999969523003
5.31763527054e-08 -9.45884238285e-06 1.00002849723 0.999969325408
5.37575150301e-08 -9.52195007565e-06 1.00002867826 0.99996912858
5.43386773547e-08 -9.58505776845e-06 1.0000288593 0.999968931752
5.49198396794e-08 -9.64816546125e-06 1.00002904033 0.999968734924
5.5501002004e-08 -9.71127315404e-06 1.00002922137 0.999968538097
5.60821643287e-08 -9.77438084684e-06 1.0000294024 0.999968341269
5.66633266533e-08 -9.83748853964e-06 1.00002958344 0.999968144441
5.7244488978e-08 -9.90059623244e-06 1.00002976448 0.999967947614
5.78256513026e-08 -9.96335376787e-06 1.00002994535 0.999967751131
5.84068136273e-08 -1.00249507779e-05 1.0000301257 0.999967555791
5.89879759519e-08 -1.00865477879e-05 1.00003030605 0.999967360451
5.95691382766e-08 -1.01481447979e-05 1.00003048639 0.999967165112
6.01503006012e-08 -1.02097418079e-05 1.00003066674 0.999966969772
6.07314629259e-08 -1.0271338818e-05 1.00003084709 0.999966774433
6.13126252505e-08 -1.0332935828e-05 1.00003102743 0.999966579093
6.18937875752e-08 -1.0394532838e-05 1.00003120778 0.999966383753
6.24749498998e-08 -1.04559404151e-05 1.00003138826 0.999966188381
6.30561122244e-08 -1.0516051348e-05 1.00003156965 0.999965992787
6.36372745491e-08 -1.05761622809e-05 1.00003175103 0.999965797192
6.42184368737e-08 -1.06362732138e-05 1.00003193242 0.999965601598
6.47995991984e-08 -1.06963841467e-05 1.0000321138 0.999965406004
6.5380761523e-08 -1.07564950796e-05 1.00003229519 0.999965210409
6.59619238477e-08 -1.08166060126e-05 1.00003247657 0.999965014815
6.65430861723e-08 -1.08767169455e-05 1.00003265796 0.99996481922
6.7124248497e-08 -1.09362430542e-05 1.00003284066 0.999964622612
6.77054108216e-08 -1.09948740971e-05 1.00003302537 0.999964424451
6.82865731463e-08 -1.105350514e-05 1.00003321009 0.99996422629
6.88677354709e-08 -1.1112136183e-05 1.0000333948 0.999964028129
6.94488977956e-08 -1.11707672259e-05 1.00003357952 0.999963829969
7.00300601202e-08 -1.12293982688e-05 1.00003376423 0.999963631808
7.06112224449e-08 -1.12880293118e-05 1.00003394895 0.999963433647
7.11923847695e-08 -1.13466336554e-05 1.00003413378 0.999963235386
7.17735470942e-08 -1.14037678538e-05 1.00003432487 0.999963031598
7.23547094188e-08 -1.14609020521e-05 1.00003451596 0.999962827809
7.29358717435e-08 -1.15180362504e-05 1.00003470705 0.999962624021
7.35170340681e-08 -1.15751704488e-05 1.00003489814 0.999962420233
7.40981963928e-08 -1.16323046471e-05 1.00003508923 0.999962216444
7.46793587174e-08 -1.16894388455e-05 1.00003528032 0.999962012656
7.52605210421e-08 -1.17465730438e-05 1.00003547141 0.999961808868
7.58416833667e-08 -1.18021964848e-05 1.00003567267 0.999961595615
7.64228456914e-08 -1.18577877505e-05 1.00003587415 0.999961382161
7.7004008016e-08 -1.19133790162e-05 1.00003607563 0.999961168707
7.75851703407e-08 -1.19689702819e-05 1.00003627711 0.999960955253
7.81663326653e-08 -1.20245615477e-05 1.00003647858 0.999960741798
7.874749499e-08 -1.20801528134e-05 1.00003668006 0.999960528344
7.93286573146e-08 -1.21353156374e-05 1.00003688567 0.999960310947
7.99098196393e-08 -1.21892813338e-05 1.00003710281 0.999960082531
8.04909819639e-08 -1.22432470301e-05 1.00003731996 0.999959854115
8.10721442886e-08 -1.22972127265e-05 1.0000375371 0.999959625699
8.16533066132e-08 -1.23511784228e-05 1.00003775424 0.999959397283
8.22344689379e-08 -1.24051441192e-05 1.00003797138 0.999959168867
8.28156312625e-08 -1.24591098155e-05 1.00003818853 0.999958940451
8.33967935872e-08 -1.25115738862e-05 1.00003842496 0.999958693324
8.39779559118e-08 -1.25637858737e-05 1.00003866463 0.999958443055
8.45591182365e-08 -1.26159978612e-05 1.00003890431 0.999958192787
8.51402805611e-08 -1.26682098487e-05 1.00003914398 0.999957942518
8.57214428858e-08 -1.27204218362e-05 1.00003938365 0.99995769225
8.63026052104e-08 -1.27726338237e-05 1.00003962332 0.999957441981
8.68837675351e-08 -1.28234058082e-05 1.00003988632 0.999957168874
8.74649298597e-08 -1.28736798971e-05 1.00004015738 0.999956887871
8.80460921844e-08 -1.2923953986e-05 1.00004042845 0.999956606867
8.8627254509e-08 -1.29742280749e-05 1.00004069951 0.999956325864
8.92084168337e-08 -1.30245021638e-05 1.00004097057 0.99995604486
8.97895791583e-08 -1.30747762527e-05 1.00004124163 0.999955763857
9.0370741483e-08 -1.31230560797e-05 1.00004155157 0.999955444553
9.09519038076e-08 -1.31711399105e-05 1.00004186533 0.999955121485
9.15330661323e-08 -1.32192237413e-05 1.00004217908 0.999954798417
9.21142284569e-08 -1.32673075721e-05 1.00004249284 0.99995447535
9.26953907816e-08 -1.33153914029e-05 1.0000428066 0.999954152282
9.32765531062e-08 -1.33626025709e-05 1.00004314004 0.999953809734
9.38577154309e-08 -1.34081620336e-05 1.00004351076 0.999953430317
9.44388777555e-08 -1.34537214962e-05 1.00004388147 0.9999530509
9.50200400802e-08 -1.34992809589e-05 1.00004425219 0.999952671483
9.56012024048e-08 -1.35448404216e-05 1.0000446229 0.999952292066
9.61823647295e-08 -1.3590292536e-05 1.00004499633 0.999951909955
9.67635270541e-08 -1.36328969363e-05 1.00004544178 0.999951456393
9.73446893788e-08 -1.36755013367e-05 1.00004588722 0.999951002831
9.79258517034e-08 -1.3718105737e-05 1.00004633266 0.999950549268
9.85070140281e-08 -1.37607101374e-05 1.00004677811 0.999950095706
9.90881763527e-08 -1.38033145377e-05 1.00004722355 0.999949642143
9.96693386774e-08 -1.38425233727e-05 1.00004776277 0.999949095352
1.00250501002e-07 -1.38816296508e-05 1.00004830482 0.999948545746
1.00831663327e-07 -1.3920735929e-05 1.00004884686 0.999947996139
1.01412825651e-07 -1.39598422072e-05 1.00004938891 0.999947446532
1.01993987976e-07 -1.39983748197e-05 1.00004994791 0.999946880051
1.02575150301e-07 -1.40333112202e-05 1.00005061316 0.999946207788
1.03156312625e-07 -1.40682476206e-05 1.00005127841 0.999945535525
1.0373747495e-07 -1.4103184021e-05 1.00005194365 0.999944863261
1.04318637275e-07 -1.41381204214e-05 1.0000526089 0.999944190998
1.04899799599e-07 -1.41704321724e-05 1.00005335579 0.999943437367
1.05480961924e-07 -1.42003818421e-05 1.00005417616 0.999942610508
1.06062124248e-07 -1.42303315118e-05 1.00005499652 0.999941783648
1.06643286573e-07 -1.42602811814e-05 1.00005581689 0.999940956789
1.07224448898e-07 -1.42894747959e-05 1.00005666172 0.999940105535
1.07805611222e-07 -1.43134598494e-05 1.00005767505 0.999939086216
1.08386773547e-07 -1.43374449029e-05 1.00005868838 0.999938066898
1.08967935872e-07 -1.43614299564e-05 1.00005970171 0.99993704758
1.09549098196e-07 -1.43854150099e-05 1.00006071504 0.999936028262
1.10130260521e-07 -1.4402785999e-05 1.00006194885 0.999934788919
1.10711422846e-07 -1.44196526257e-05 1.00006319948 0.999933532797
1.1129258517e-07 -1.44365192524e-05 1.0000644501 0.999932276675
1.11873747495e-07 -1.44533858791e-05 1.00006570073 0.999931020554
1.1245490982e-07 -1.44624322298e-05 1.00006721809 0.99992949814
1.13036072144e-07 -1.44708374276e-05 1.00006875732 0.999927953895
1.13617234469e-07 -1.44792426255e-05 1.00007029656 0.999926409649
1.14198396794e-07 -1.44866158403e-05 1.00007187162 0.999924829627
1.14779559118e-07 -1.44850163428e-05 1.00007375816 0.999922938543
1.15360721443e-07 -1.44834168453e-05 1.00007564471 0.999921047459
1.15941883768e-07 -1.44818173478e-05 1.00007753126 0.999919156375
1.16523046092e-07 -1.44748394701e-05 1.00007960708 0.999917076235
1.17104208417e-07 -1.44614833854e-05 1.00008190736 0.999914771894
1.17685370741e-07 -1.44481273007e-05 1.00008420765 0.999912467553
1.18266533066e-07 -1.44347712159e-05 1.00008650793 0.999910163212
1.18847695391e-07 -1.44079788133e-05 1.00008928611 0.999907381455
1.19428857715e-07 -1.43809004243e-05 1.00009207446 0.999904589536
1.2001002004e-07 -1.43538220352e-05 1.00009486281 0.999901797617
1.20591182365e-07 -1.43162391952e-05 1.0000980279 0.999898629297
1.21172344689e-07 -1.42732572741e-05 1.00010138663 0.999895267514
1.21753507014e-07 -1.42302753531e-05 1.00010474535 0.999891905731
1.22334669339e-07 -1.41782504074e-05 1.00010843053 0.999888217755
1.22915831663e-07 -1.41169702919e-05 1.00011244984 0.999884195932
1.23496993988e-07 -1.40556901763e-05 1.00011646914 0.999880174109
1.24078156313e-07 -1.3984519116e-05 1.00012084739 0.999875793623
1.24659318637e-07 -1.39023386709e-05 1.00012562517 0.999871013916
1.25240480962e-07 -1.38201582258e-05 1.00013040295 0.999866234208
1.25821643287e-07 -1.37239719886e-05 1.00013569114 0.999860944484
1.26402805611e-07 -1.36180914582e-05 1.00014133262 0.999855301744
1.26983967936e-07 -1.35122109279e-05 1.00014697409 0.999849659004
1.27565130261e-07 -1.33838896755e-05 1.00015343614 0.999843196323
1.28146292585e-07 -1.32513253065e-05 1.00016005335 0.999836578607
1.2872745491e-07 -1.31122794759e-05 1.00016690821 0.999829723421
1.29308617234e-07 -1.29498806794e-05 1.00017461936 0.999822012627
1.29889779559e-07 -1.2787481883e-05 1.00018233051 0.999814301833
1.30470941884e-07 -1.26014288193e-05 1.00019091096 0.999805722462
1.31052104208e-07 -1.24058985404e-05 1.00019983971 0.99979679509
1.31633266533e-07 -1.2198468163e-05 1.00020920661 0.999787429954
1.32214428858e-07 -1.19663860371e-05 1.00021948117 0.999777157967
1.32795591182e-07 -1.17324277702e-05 1.00022982492 0.999766816859
1.33376753507e-07 -1.14602755852e-05 1.00024157715 0.999755068631
1.33957915832e-07 -1.11881234003e-05 1.00025332938 0.999743320403
1.34539078156e-07 -1.08778709735e-05 1.00026648848 0.999730166775
1.35120240481e-07 -1.05620599044e-05 1.00027985284 0.999716808107
1.35701402806e-07 -1.02084953578e-05 1.00029461282 0.999702055411
1.3628256513e-07 -9.84539441687e-06 1.00030972534 0.999686950588
1.36863727455e-07 -9.44056714546e-06 1.00032638183 0.999670303739
1.3744488978e-07 -9.02653228429e-06 1.00034337902 0.999653316617
1.38026052104e-07 -8.56170263615e-06 1.00036225727 0.999634451018
1.38607214429e-07 -8.08558364766e-06 1.00038155379 0.999615167757
1.39188376754e-07 -7.55884213396e-06 1.00040272635 0.999594011296
1.39769539078e-07 -7.00679207347e-06 1.00042483741 0.999571917879
1.40350701403e-07 -6.4183955128e-06 1.00044829629 0.999548478869
1.40931863727e-07 -5.77986526575e-06 1.0004736153 0.999523183097
1.41513026052e-07 -5.1123352291e-06 1.00050001055 0.999496813108
1.42094188377e-07 -4.39051982375e-06 1.00052842095 0.999468431924
1.42675350701e-07 -3.61773460064e-06 1.00055872429 0.999438161862
1.43256513026e-07 -2.80293599173e-06 1.00059058825 0.999406334657
1.43837675351e-07 -1.93516197609e-06 1.00062442041 0.999372543809
1.44418837675e-07 -9.95570684874e-07 1.00066092182 0.999336090421
1.45e-07 0 1.00069950382 0.999297560774
