-1.45e-07 -0.0245571812566 0.849795181836 1.17407958463
-1.44418837675e-07 -0.0242979550193 0.858342717556 1.16242112337
-1.43837675351e-07 -0.0240516314272 0.866462684717 1.15149599159
-1.43256513026e-07 -0.0238211190368 0.874068938967 1.14148319598
-1.42675350701e-07 -0.02360288497 0.881266235683 1.13216522404
-1.42094188377e-07 -0.023394764634 0.888121740823 1.12341314559
-1.41513026052e-07 -0.0231960094415 0.894657577314 1.11518094907
-1.40931863727e-07 -0.0230109545819 0.900715932239 1.10769697555
-1.40350701403e-07 -0.022834156375 0.906480524767 1.10065671555
-1.39769539078e-07 -0.022664561767 0.911987291016 1.09400181413
-1.39188376754e-07 -0.0225051464786 0.917124794961 1.08788577532
-1.38607214429e-07 -0.0223537776771 0.921965040218 1.08218976127
-1.38026052104e-07 -0.0222078586788 0.926602695892 1.07677689129
-1.3744488978e-07 -0.0220706654639 0.930912435285 1.07181361094
-1.36863727455e-07 -0.0219397709444 0.934981634459 1.06717097533
-1.3628256513e-07 -0.0218129460382 0.938895157369 1.06273525511
-1.35701402806e-07 -0.0216948379211 0.942470732151 1.05873836185
-1.35120240481e-07 -0.0215803318404 0.945904660587 1.0549209552
-1.34539078156e-07 -0.0214706790498 0.94914773843 1.05134538413
-1.33957915832e-07 -0.0213669734125 0.952153806256 1.04806337893
-1.33376753507e-07 -0.0212655561362 0.955068445975 1.04489413916
-1.32795591182e-07 -0.021170818673 0.957713505601 1.04205180261
-1.32214428858e-07 -0.021078194252 0.960272268907 1.03931206604
-1.31633266533e-07 -0.0209899880608 0.962650592402 1.03678685918
-1.31052104208e-07 -0.0209050127588 0.964895474631 1.03441741032
-1.30470941884e-07 -0.0208227672327 0.967027612425 1.03217956131
-1.29889779559e-07 -0.020744420023 0.968997014993 1.03012842687
-1.29308617234e-07 -0.0206675992018 0.970902698467 1.02815040066
-1.2872745491e-07 -0.0205949740715 0.972631442121 1.02637214845
-1.28146292585e-07 -0.0205230760151 0.974329523761 1.02462851521
-1.27565130261e-07 -0.0204553740241 0.975848918734 1.02308360637
-1.26983967936e-07 -0.0203879300663 0.977357325531 1.02155091792
-1.26402805611e-07 -0.0203244512566 0.978695290427 1.0202051073
-1.25821643287e-07 -0.0202610251482 0.98003098995 1.01886178052
-1.25240480962e-07 -0.0202011603956 0.981212210998 1.0176855612
-1.24659318637e-07 -0.0201413473442 0.982391189441 1.01651176782
-1.24078156313e-07 -0.020084570245 0.983437311827 1.01547985606
-1.23496993988e-07 -0.0200279958617 0.984474563184 1.01445741797
-1.22915831663e-07 -0.0199738547396 0.985404406441 1.01354827591
-1.22334669339e-07 -0.0199201739036 0.986313931918 1.01266056542
-1.21753507014e-07 -0.0198682840186 0.987143721782 1.01185595924
-1.21172344689e-07 -0.0198171796703 0.987938538466 1.0110878038
-1.20591182365e-07 -0.0197672157047 0.988682148187 1.01037239539
-1.2001002004e-07 -0.0197183975775 0.989374305968 1.00970998638
-1.19428857715e-07 -0.0196700864638 0.990043500752 1.00907095724
-1.18847695391e-07 -0.0196232897686 0.990644106464 1.00850176235
-1.18266533066e-07 -0.0195764930734 0.991244712177 1.00793256746
-1.17685370741e-07 -0.0195313879894 0.991768033235 1.00744114741
-1.17104208417e-07 -0.0194863720618 0.992287281 1.00695382648
-1.16523046092e-07 -0.0194422858834 0.992763671122 1.00650912755
-1.15941883768e-07 -0.0193988328058 0.993210877879 1.00609345154
-1.15360721443e-07 -0.0193556317572 0.993646359918 1.00568929502
-1.14779559118e-07 -0.0193135449677 0.994030005165 1.00533606798
-1.14198396794e-07 -0.0192714581782 0.994413650412 1.00498284094
-1.13617234469e-07 -0.0192302247502 0.994757215577 1.00466849947
-1.13036072144e-07 -0.0191893276487 0.995084984402 1.00436948355
-1.1245490982e-07 -0.0191486287092 0.995403352779 1.00407946833
-1.11873747495e-07 -0.0191087632722 0.995682181296 1.00382731154
-1.1129258517e-07 -0.0190688978353 0.995961009813 1.00357515476
-1.10711422846e-07 -0.0190295735367 0.996213896906 1.0033474922
-1.10130260521e-07 -0.0189905989503 0.996450019282 1.00313565912
-1.09549098196e-07 -0.0189516243639 0.996686141657 1.00292382603
-1.08967935872e-07 -0.018913386565 0.996886549485 1.00274521821
-1.08386773547e-07 -0.0188751778849 0.997085545824 1.00256792349
-1.07805611222e-07 -0.0188371358872 0.99727636683 1.00239811444
-1.07224448898e-07 -0.0187995827356 0.997443211228 1.00225025932
-1.06643286573e-07 -0.018762029584 0.997610055626 1.0021024042
-1.06062124248e-07 -0.0187247460818 0.997763507671 1.00196660422
-1.05480961924e-07 -0.018687751387 0.997902615862 1.00184371588
-1.04899799599e-07 -0.0186507566921 0.998041724053 1.00172082754
-1.04318637275e-07 -0.0186140679648 0.998165431713 1.00161154986
-1.0373747495e-07 -0.0185775467512 0.998280707763 1.00150972386
-1.03156312625e-07 -0.0185410255376 0.998395983812 1.00140789786
-1.02575150301e-07 -0.0185048010419 0.998496110465 1.00131919878
-1.01993987976e-07 -0.0184686792759 0.998590992088 1.00123504451
-1.01412825651e-07 -0.0184325575099 0.998685873711 1.00115089023
-1.00831663327e-07 -0.0183966942686 0.998767353773 1.00107810486
-1.00250501002e-07 -0.0183609077644 0.998844855889 1.00100869408
-9.96693386774e-08 -0.0183251212602 0.998922358004 1.0009392833
-9.90881763527e-08 -0.0182895389319 0.998989103318 1.00087879356
-9.85070140281e-08 -0.0182540323209 0.999051859541 1.00082161212
-9.79258517034e-08 -0.01821852571 0.999114615764 1.00076443068
-9.73446893788e-08 -0.0181831623065 0.999169696724 1.00071346377
-9.67635270541e-08 -0.0181478880732 0.999219998565 1.00066636642
-9.61823647295e-08 -0.01811261384 0.999270300407 1.00061926906
-9.56012024048e-08 -0.0180774220516 0.999316102939 1.00057572435
-9.50200400802e-08 -0.0180423396373 0.999355936533 1.0005368927
-9.44388777555e-08 -0.018007257223 0.999395770128 1.00049806105
-9.38577154309e-08 -0.0179722013066 0.999434130011 1.00046036335
-9.32765531062e-08 -0.0179372762808 0.999465210268 1.00042826698
-9.26953907816e-08 -0.017902351255 0.999496290525 1.00039617061
-9.21142284569e-08 -0.0178674262292 0.999527370783 1.00036407425
-9.15330661323e-08 -0.017832607736 0.999552408945 1.00033650813
-9.09519038076e-08 -0.0177978110366 0.999576211056 1.00030986878
-9.0370741483e-08 -0.0177630143373 0.999600013167 1.00028322943
-8.97895791583e-08 -0.0177282606095 0.999621328998 1.00025840838
-8.92084168337e-08 -0.0176935678499 0.999639117288 1.00023616713
-8.8627254509e-08 -0.0176588750904 0.999656905578 1.00021392587
-8.80460921844e-08 -0.0176241823308 0.999674693868 1.00019168462
-8.74649298597e-08 -0.0175895661735 0.999687961081 1.00017267662
-8.68837675351e-08 -0.0175549570148 0.999700815242 1.00015396402
-8.63026052104e-08 -0.017520347856 0.999713669403 1.00013525142
-8.57214428858e-08 -0.0174857611805 0.99972517096 1.00011748931
-8.51402805611e-08 -0.0174512187663 0.99973400972 1.00010159835
-8.45591182365e-08 -0.0174166763522 0.999742848481 1.0000857074
-8.39779559118e-08 -0.0173821339381 0.999751687242 1.00006981645
-8.33967935872e-08 -0.0173476271135 0.999758347262 1.00005544208
-8.28156312625e-08 -0.017313137566 0.999763949599 1.00004180392
-8.22344689379e-08 -0.0172786480186 0.999769551937 1.00002816577
-8.16533066132e-08 -0.0172441584711 0.999775154275 1.00001452762
-8.10721442886e-08 -0.0172097072591 0.999778375983 1.00000255178
-8.04909819639e-08 -0.0171752592305 0.999781399997 0.999990713986
-7.99098196393e-08 -0.0171408112019 0.999784424011 0.999978876189
-7.93286573146e-08 -0.0171063659264 0.99978727551 0.999967161534
-7.874749499e-08 -0.0170719502044 0.999788275098 0.999956768786
-7.81663326653e-08 -0.0170375344824 0.999789274685 0.999946376039
-7.75851703407e-08 -0.0170031187604 0.999790274272 0.999935983291
-7.7004008016e-08 -0.0169687069401 0.999791029246 0.999925773975
-7.64228456914e-08 -0.0169343161023 0.99979046874 0.999916551122
-7.58416833667e-08 -0.0168999252645 0.999789908234 0.999907328268
-7.52605210421e-08 -0.0168655344267 0.999789347728 0.999898105415
-7.46793587174e-08 -0.0168311461651 0.999788627834 0.999889013062
-7.40981963928e-08 -0.0167967742792 0.999786894769 0.999880750249
-7.35170340681e-08 -0.0167624023932 0.999785161704 0.999872487436
-7.29358717435e-08 -0.0167280305073 0.99978342864 0.999864224623
-7.23547094188e-08 -0.0166936589128 0.999781678173 0.999855978227
-7.17735470942e-08 -0.0166593012774 0.999779094352 0.999848518024
-7.11923847695e-08 -0.0166249436419 0.999776510531 0.999841057822
-7.06112224449e-08 -0.0165905860065 0.999773926709 0.999833597619
-7.00300601202e-08 -0.0165562283711 0.999771342888 0.999826137416
-6.94488977956e-08 -0.0165218792686 0.999768286187 0.999819232027
-6.88677354709e-08 -0.016487532192 0.999765117217 0.999812458361
-6.82865731463e-08 -0.0164531851155 0.999761948246 0.999805684695
-6.77054108216e-08 -0.0164188380389 0.999758779275 0.999798911029
-6.7124248497e-08 -0.0163844947813 0.999755427744 0.999792436577
-6.65430861723e-08 -0.0163501553935 0.999751891224 0.999786265321
-6.59619238477e-08 -0.0163158160058 0.999748354703 0.999780094064
-6.5380761523e-08 -0.016281476618 0.999744818183 0.999773922807
-6.47995991984e-08 -0.0162471376896 0.999741265659 0.999767796998
-6.42184368737e-08 -0.0162128037836 0.999737538176 0.999762168052
-6.36372745491e-08 -0.0161784698776 0.999733810692 0.999756539105
-6.30561122244e-08 -0.0161441359717 0.999730083209 0.999750910159
-6.24749498998e-08 -0.0161098020657 0.999726355726 0.999745281212
-6.18937875752e-08 -0.0160754703176 0.999722600217 0.999739935614
-6.13126252505e-08 -0.016041140217 0.999718823312 0.999734806334
-6.07314629259e-08 -0.0160068101163 0.999715046407 0.999729677055
-6.01503006012e-08 -0.0159724800157 0.999711269502 0.999724547775
-5.95691382766e-08 -0.0159381499151 0.999707492598 0.999719418495
-5.89879759519e-08 -0.0159038222215 0.999703774377 0.999714732082
-5.84068136273e-08 -0.0158694946706 0.999700059633 0.999710071912
-5.78256513026e-08 -0.0158351671197 0.99969634489 0.999705411741
-5.7244488978e-08 -0.0158008395688 0.999692630147 0.999700751571
-5.66633266533e-08 -0.0157665123627 0.999688946844 0.999696186138
-5.60821643287e-08 -0.0157321864362 0.999685380226 0.999691972295
-5.5501002004e-08 -0.0156978605098 0.999681813607 0.999687758452
-5.49198396794e-08 -0.0156635345834 0.999678246989 0.99968354461
-5.43386773547e-08 -0.015629208657 0.999674680371 0.999679330767
-5.37575150301e-08 -0.0155948830836 0.999671192076 0.99967527489
-5.31763527054e-08 -0.0155605581134 0.99966783765 0.999671489002
-5.25951903808e-08 -0.0155262331432 0.999664483224 0.999667703114
-5.20140280561e-08 -0.015491908173 0.999661128799 0.999663917226
-5.14328657315e-08 -0.0154575832028 0.999657774373 0.999660131337
-5.08517034068e-08 -0.0154232584325 0.999654526069 0.999656514965
-5.02705410822e-08 -0.0153889339475 0.999651429216 0.999653140511
-4.96893787575e-08 -0.0153546094626 0.999648332362 0.999649766058
-4.91082164329e-08 -0.0153202849776 0.999645235509 0.999646391605
-4.85270541082e-08 -0.0152859604926 0.999642138656 0.999643017152
-4.79458917836e-08 -0.0152516360632 0.999639138903 0.999639776285
-4.73647294589e-08 -0.0152173117423 0.999636329113 0.999636796757
-4.67835671343e-08 -0.0151829874214 0.999633519323 0.999633817229
-4.62024048096e-08 -0.0151486631005 0.999630709533 0.999630837701
-4.5621242485e-08 -0.0151143387796 0.999627899743 0.999627858173
-4.50400801603e-08 -0.0150800144521 0.999625133941 0.99962493338
-4.44589178357e-08 -0.0150456900861 0.999622627283 0.99962233104
-4.3877755511e-08 -0.0150113657201 0.999620120625 0.999619728699
-4.32965931864e-08 -0.0149770413541 0.999617613966 0.999617126359
-4.27154308617e-08 -0.0149427169881 0.999615107308 0.999614524019
-4.21342685371e-08 -0.0149083926221 0.99961260065 0.999611921679
-4.15531062124e-08 -0.0148740681134 0.999610349548 0.999609615984
-4.09719438878e-08 -0.0148397435753 0.999608150874 0.999607371147
-4.03907815631e-08 -0.0148054190373 0.999605952201 0.999605126311
-3.98096192385e-08 -0.0147710944993 0.999603753527 0.999602881474
-3.92284569138e-08 -0.0147367699613 0.999601554854 0.999600636637
-3.86472945892e-08 -0.01470244533 0.999599474398 0.999598522461
-3.80661322645e-08 -0.0146681205524 0.999597579351 0.99959661321
-3.74849699399e-08 -0.0146337957747 0.999595684304 0.999594703959
-3.69038076152e-08 -0.0145994709971 0.999593789258 0.999592794708
-3.63226452906e-08 -0.0145651462195 0.999591894211 0.999590885457
-3.57414829659e-08 -0.0145308214418 0.999589999164 0.999588976206
-3.51603206413e-08 -0.014496496446 0.999588343748 0.999587322678
-3.45791583166e-08 -0.0144621714026 0.999586740609 0.999585724937
-3.3997995992e-08 -0.0144278463592 0.999585137469 0.999584127196
-3.34168336673e-08 -0.0143935213158 0.99958353433 0.999582529455
-3.28356713427e-08 -0.0143591962724 0.99958193119 0.999580931715
-3.2254509018e-08 -0.0143248711969 0.999580361394 0.999579368664
-3.16733466934e-08 -0.0142905458897 0.99957903281 0.999578056568
-3.10921843687e-08 -0.0142562205824 0.999577704226 0.999576744473
-3.05110220441e-08 -0.0142218952751 0.999576375642 0.999575432378
-2.99298597194e-08 -0.0141875699678 0.999575047058 0.999574120282
-2.93486973948e-08 -0.0141532446605 0.999573718473 0.999572808187
-2.87675350701e-08 -0.014118919283 0.999572462779 0.999571570533
-2.81863727455e-08 -0.0140845937318 0.999571387404 0.999570517038
-2.76052104208e-08 -0.0140502681806 0.999570312029 0.999569463543
-2.70240480962e-08 -0.0140159426293 0.999569236655 0.999568410048
-2.64428857715e-08 -0.0139816170781 0.99956816128 0.999567356553
-2.58617234469e-08 -0.0139472915268 0.999567085905 0.999566303058
-2.52805611222e-08 -0.013912965908 0.999566083265 0.999565322845
-2.46993987976e-08 -0.0138786401433 0.999565237328 0.99956450052
-2.41182364729e-08 -0.0138443143787 0.999564391392 0.999563678194
-2.35370741483e-08 -0.0138099886141 0.999563545456 0.999562855868
-2.29559118236e-08 -0.0137756628495 0.999562699519 0.999562033543
-2.2374749499e-08 -0.0137413370849 0.999561853583 0.999561211217
-2.17935871743e-08 -0.0137070112838 0.999561049755 0.999560430905
-2.12124248497e-08 -0.0136726853418 0.999560408574 0.99955981287
-2.0631262525e-08 -0.0136383593998 0.999559767392 0.999559194835
-2.00501002004e-08 -0.0136040334578 0.99955912621 0.999558576801
-1.94689378758e-08 -0.0135697075158 0.999558485029 0.999557958766
-1.88877755511e-08 -0.0135353815738 0.999557843847 0.999557340731
-1.83066132265e-08 -0.0135010556318 0.999557202665 0.999556722696
-1.77254509018e-08 -0.0134667295573 0.999556733167 0.999556274811
-1.71442885772e-08 -0.0134324034759 0.99955627261 0.999555835788
-1.65631262525e-08 -0.0133980773945 0.999555812054 0.999555396765
-1.59819639279e-08 -0.0133637513131 0.999555351497 0.999554957741
-1.54008016032e-08 -0.0133294252317 0.999554890941 0.999554518718
-1.48196392786e-08 -0.0132950991503 0.999554430384 0.999554079695
-1.42384769539e-08 -0.0132607730132 0.999554056697 0.999553726429
-1.36573146293e-08 -0.0132264468302 0.999553754618 0.999553443855
-1.30761523046e-08 -0.0131921206472 0.99955345254 0.999553161282
-1.249498998e-08 -0.0131577944642 0.999553150461 0.999552878709
-1.19138276553e-08 -0.0131234682812 0.999552848383 0.999552596135
-1.13326653307e-08 -0.0130891420983 0.999552546304 0.999552313562
-1.0751503006e-08 -0.0130548159153 0.999552244226 0.999552030989
-1.01703406814e-08 -0.0130204896676 0.99955208117 0.999551885519
-9.58917835671e-09 -0.0129861634196 0.999551918793 0.999551740719
-9.00801603206e-09 -0.0129518371716 0.999551756416 0.999551595919
-8.42685370741e-09 -0.0129175109236 0.99955159404 0.999551451118
-7.84569138277e-09 -0.0128831846756 0.999551431663 0.999551306318
-7.26452905812e-09 -0.0128488584276 0.999551269286 0.999551161518
-6.68336673347e-09 -0.012814532171 0.999551143088 0.999551052468
-6.10220440882e-09 -0.0127802058933 0.999551106357 0.999551031828
-5.52104208417e-09 -0.0127458796155 0.999551069626 0.999551011188
-4.93987975952e-09 -0.0127115533378 0.999551032895 0.999550990548
-4.35871743487e-09 -0.0126772270601 0.999550996165 0.999550969908
-3.77755511022e-09 -0.0126429007823 0.999550959434 0.999550949268
-3.19639278557e-09 -0.0126085745046 0.999550922703 0.999550928628
-2.61523046092e-09 -0.0125742482289 0.99955093571 0.999550957375
-2.03406813627e-09 -0.012539921956 0.999551016587 0.999551053515
-1.45290581162e-09 -0.0125055956832 0.999551097465 0.999551149654
-8.71743486974e-10 -0.0124712694103 0.999551178343 0.999551245794
-2.90581162324e-10 -0.0124369431374 0.99955125922 0.999551341933
2.90581162325e-10 -0.0124026168646 0.999551340098 0.999551438073
8.71743486974e-10 -0.0123682905917 0.999551420975 0.999551534212
1.45290581162e-09 -0.0123339643347 0.999551548153 0.999551676619
2.03406813627e-09 -0.0122996381018 0.999551745851 0.999551889495
2.61523046092e-09 -0.012265311869 0.999551943549 0.999552102372
3.19639278557e-09 -0.0122309856362 0.999552141247 0.999552315248
3.77755511022e-09 -0.0121966594033 0.999552338945 0.999552528124
4.35871743487e-09 -0.0121623331705 0.999552536643 0.999552741
4.93987975952e-09 -0.0121280069376 0.999552734341 0.999552953877
5.52104208417e-09 -0.0120936807207 0.999552957472 0.999553192311
6.10220440882e-09 -0.0120593545654 0.999553279584 0.999553530212
6.68336673347e-09 -0.0120250284101 0.999553601695 0.999553868114
7.26452905812e-09 -0.0119907022548 0.999553923807 0.999554206015
7.84569138277e-09 -0.0119563760995 0.999554245918 0.999554543916
8.42685370742e-09 -0.0119220499442 0.99955456803 0.999554881817
9.00801603206e-09 -0.0118877237889 0.999554890141 0.999555219718
9.58917835671e-09 -0.0118533976336 0.999555212253 0.999555557619
1.01703406814e-08 -0.0118190715788 0.999555653581 0.999556015624
1.0751503006e-08 -0.0117847455426 0.999556117066 0.99955649595
1.13326653307e-08 -0.0117504195065 0.99955658055 0.999556976276
1.19138276553e-08 -0.0117160934704 0.999557044035 0.999557456602
1.249498998e-08 -0.0116817674342 0.99955750752 0.999557936928
1.30761523046e-08 -0.0116474413981 0.999557971004 0.999558417253
1.36573146293e-08 -0.0116131153619 0.999558434489 0.999558897579
1.42384769539e-08 -0.0115787893772 0.999558950015 0.999559430226
1.48196392786e-08 -0.0115444635076 0.999559581966 0.99956007992
1.54008016032e-08 -0.0115101376379 0.999560213917 0.999560729615
1.59819639279e-08 -0.0114758117682 0.999560845868 0.999561379309
1.65631262525e-08 -0.0114414858986 0.999561477819 0.999562029003
1.71442885772e-08 -0.0114071600289 0.99956210977 0.999562678698
1.77254509018e-08 -0.0113728341593 0.999562741721 0.999563328392
1.83066132265e-08 -0.0113385082896 0.999563373672 0.999563978087
1.88877755511e-08 -0.011304182551 0.999564128746 0.999564750646
1.94689378758e-08 -0.0112698569008 0.999564966844 0.999565606054
2.00501002004e-08 -0.0112355312507 0.999565804941 0.999566461462
2.06312625251e-08 -0.0112012056005 0.999566643039 0.99956731687
2.12124248497e-08 -0.0111668799503 0.999567481137 0.999568172278
2.17935871743e-08 -0.0111325543001 0.999568319234 0.999569027686
2.2374749499e-08 -0.0110982286499 0.999569157332 0.999569883094
2.29559118236e-08 -0.0110639029998 0.999569995429 0.999570738502
2.35370741483e-08 -0.0110295775431 0.999571012691 0.999571770224
2.41182364729e-08 -0.0109952521678 0.999572105231 0.999572876026
2.46993987976e-08 -0.0109609267925 0.999573197771 0.999573981827
2.52805611222e-08 -0.0109266014172 0.99957429031 0.999575087629
2.58617234469e-08 -0.0108922760419 0.99957538285 0.999576193431
2.64428857715e-08 -0.0108579506666 0.999576475389 0.999577299233
2.70240480962e-08 -0.0108236252913 0.999577567929 0.999578405034
2.76052104208e-08 -0.0107892999159 0.999578660469 0.999579510836
2.81863727455e-08 -0.0107549747417 0.999579948629 0.999580804768
2.87675350701e-08 -0.010720649688 0.999581354015 0.999582211436
2.93486973948e-08 -0.0106863246343 0.9995827594 0.999583618103
2.99298597194e-08 -0.0106519995806 0.999584164785 0.999585024771
3.05110220441e-08 -0.0106176745269 0.99958557017 0.999586431439
3.10921843687e-08 -0.0105833494732 0.999586975555 0.999587838106
3.16733466934e-08 -0.0105490244195 0.99958838094 0.999589244774
3.2254509018e-08 -0.0105146993658 0.999589786326 0.999590651441
3.28356713427e-08 -0.0104803744308 0.999591327225 0.999592183623
3.34168336673e-08 -0.0104460497103 0.999593112902 0.99959394252
3.3997995992e-08 -0.0104117249899 0.999594898579 0.999595701416
3.45791583166e-08 -0.0103774002694 0.999596684256 0.999597460313
3.51603206413e-08 -0.010343075549 0.999598469933 0.99959921921
3.57414829659e-08 -0.0103087508285 0.99960025561 0.999600978106
3.63226452906e-08 -0.010274426108 0.999602041287 0.999602737003
3.69038076152e-08 -0.0102401013876 0.999603826964 0.999604495899
3.74849699399e-08 -0.0102057766671 0.999605612641 0.999606254796
3.80661322645e-08 -0.0101714521715 0.999607804883 0.999608367061
3.86472945892e-08 -0.0101371277028 0.999610045935 0.999610521748
3.92284569138e-08 -0.0101028032342 0.999612286988 0.999612676436
3.98096192385e-08 -0.0100684787656 0.99961452804 0.999614831124
4.03907815631e-08 -0.0100341542969 0.999616769092 0.999616985812
4.09719438878e-08 -0.0099998298283 0.999619010145 0.9996191405
4.15531062124e-08 -0.00996550535966 0.999621251197 0.999621295188
4.21342685371e-08 -0.00993118089102 0.99962349225 0.999623449876
4.27154308617e-08 -0.00989685641228 0.999625856923 0.999625700452
4.32965931864e-08 -0.00986253189975 0.999628635161 0.999628271812
4.3877755511e-08 -0.00982820738722 0.999631413398 0.999630843172
4.44589178357e-08 -0.0097938828747 0.999634191635 0.999633414532
4.50400801603e-08 -0.00975955836217 0.999636969872 0.999635985892
4.5621242485e-08 -0.00972523384964 0.999639748109 0.999638557252
4.62024048096e-08 -0.00969090933711 0.999642526347 0.999641128612
4.67835671343e-08 -0.00965658482458 0.999645304584 0.999643699972
4.73647294589e-08 -0.00962226031205 0.999648082821 0.999646271332
4.79458917836e-08 -0.00958793550797 0.999651089226 0.99964898437
4.85270541082e-08 -0.00955361019358 0.999654494987 0.999651945383
4.91082164329e-08 -0.00951928487919 0.999657900748 0.999654906397
4.96893787575e-08 -0.0094849595648 0.999661306509 0.999657867411
5.02705410822e-08 -0.00945063425042 0.99966471227 0.999660828424
5.08517034068e-08 -0.00941630893603 0.99966811803 0.999663789438
5.14328657315e-08 -0.00938198362164 0.999671523791 0.999666750451
5.20140280561e-08 -0.00934765830725 0.999674929552 0.999669711465
5.25951903808e-08 -0.00931333299287 0.999678335313 0.999672672479
5.31763527054e-08 -0.00927900695004 0.999681953403 0.999675711869
5.37575150301e-08 -0.00924467911018 0.999686095307 0.999678944616
5.43386773547e-08 -0.00921035127031 0.999690237211 0.999682177362
5.49198396794e-08 -0.00917602343045 0.999694379116 0.999685410108
5.5501002004e-08 -0.00914169559058 0.99969852102 0.999688642854
5.60821643287e-08 -0.00910736775072 0.999702662924 0.9996918756
5.66633266533e-08 -0.00907303991085 0.999706804828 0.999695108347
5.7244488978e-08 -0.00903871207098 0.999710946732 0.999698341093
5.78256513026e-08 -0.00900438423112 0.999715088636 0.999701573839
5.84068136273e-08 -0.00897005639125 0.99971923054 0.999704806585
5.89879759519e-08 -0.00893572231741 0.999724264539 0.999708027568
5.95691382766e-08 -0.00890138824183 0.999729298787 0.999711248547
6.01503006012e-08 -0.00886705416625 0.999734333035 0.999714469526
6.07314629259e-08 -0.00883272009067 0.999739367283 0.999717690505
6.13126252505e-08 -0.00879838601509 0.999744401531 0.999720911484
6.18937875752e-08 -0.00876405193951 0.999749435779 0.999724132463
6.24749498998e-08 -0.00872971786393 0.999754470026 0.999727353442
6.30561122244e-08 -0.00869538378835 0.999759504274 0.999730574421
6.36372745491e-08 -0.00866104971277 0.999764538522 0.9997337954
6.42184368737e-08 -0.00862670873793 0.999770148886 0.999736723893
6.47995991984e-08 -0.00859236065185 0.999776353068 0.999739350911
6.5380761523e-08 -0.00855801256577 0.99978255725 0.99974197793
6.59619238477e-08 -0.00852366447968 0.999788761432 0.999744604949
6.65430861723e-08 -0.0084893163936 0.999794965614 0.999747231968
6.7124248497e-08 -0.00845496830751 0.999801169796 0.999749858987
6.77054108216e-08 -0.00842062022143 0.999807373978 0.999752486006
6.82865731463e-08 -0.00838627213535 0.99981357816 0.999755113025
6.88677354709e-08 -0.00835192404926 0.999819782342 0.999757740044
6.94488977956e-08 -0.00831757596318 0.999825986524 0.999760367063
7.00300601202e-08 -0.00828320495408 0.999833515716 0.999761684787
7.06112224449e-08 -0.00824882676286 0.999841460053 0.99976259229
7.11923847695e-08 -0.00821444857164 0.99984940439 0.999763499794
7.17735470942e-08 -0.00818007038042 0.999857348727 0.999764407297
7.23547094188e-08 -0.00814569218921 0.999865293064 0.9997653148
7.29358717435e-08 -0.00811131399799 0.999873237401 0.999766222304
7.35170340681e-08 -0.00807693580677 0.999881181738 0.999767129807
7.40981963928e-08 -0.00804255761555 0.999889126075 0.999768037311
7.46793587174e-08 -0.00800817942433 0.999897070412 0.999768944814
7.52605210421e-08 -0.00797380123311 0.999905014749 0.999769852317
7.58416833667e-08 -0.00793937230834 0.99991535011 0.999767672163
7.64228456914e-08 -0.00790493081482 0.999926277825 0.999764727071
7.7004008016e-08 -0.0078704893213 0.999937205539 0.999761781979
7.75851703407e-08 -0.00783604782779 0.999948133253 0.999758836887
7.81663326653e-08 -0.00780160633427 0.999959060968 0.999755891796
7.874749499e-08 -0.00776716484075 0.999969988682 0.999752946704
7.93286573146e-08 -0.00773272334724 0.999980916396 0.999750001612
7.99098196393e-08 -0.00769828185372 0.999991844111 0.999747056521
8.04909819639e-08 -0.0076638403602 1.00000277183 0.999744111429
8.10721442886e-08 -0.00762939886668 1.00001369954 0.999741166337
8.16533066132e-08 -0.00759487730203 1.00002810304 0.999733424897
8.22344689379e-08 -0.0075603039167 1.00004475602 0.999722579341
8.28156312625e-08 -0.00752573053137 1.00006140899 0.999711733785
8.33967935872e-08 -0.00749115714604 1.00007806197 0.999700888229
8.39779559118e-08 -0.00745658376071 1.00009471494 0.999690042674
8.45591182365e-08 -0.00742201037538 1.00011136792 0.999679197118
8.51402805611e-08 -0.00738743699005 1.00012802089 0.999668351562
8.57214428858e-08 -0.00735286360472 1.00014467387 0.999657506007
8.63026052104e-08 -0.00731829021939 1.00016132684 0.999646660451
8.68837675351e-08 -0.00728371683406 1.00017797982 0.999635814895
8.74649298597e-08 -0.00724909602697 1.00019666207 0.999622258179
8.80460921844e-08 -0.00721424830835 1.00022505432 0.999595728649
8.8627254509e-08 -0.00717940058972 1.00025344657 0.99956919912
8.92084168337e-08 -0.00714455287109 1.00028183882 0.99954266959
8.97895791583e-08 -0.00710970515247 1.00031023108 0.99951614006
9.0370741483e-08 -0.00707485743384 1.00033862333 0.99948961053
9.09519038076e-08 -0.00704000971521 1.00036701558 0.999463081001
9.15330661323e-08 -0.00700516199659 1.00039540783 0.999436551471
9.21142284569e-08 -0.00697031427796 1.00042380008 0.999410021941
9.26953907816e-08 -0.00693546655933 1.00045219234 0.999383492411
9.32765531062e-08 -0.00690061884071 1.00048058459 0.999356962881
9.38577154309e-08 -0.00686548890503 1.00052121899 0.999315177065
9.44388777555e-08 -0.00683006885214 1.00057443823 0.999257707891
9.50200400802e-08 -0.00679464879926 1.00062765747 0.999200238717
9.56012024048e-08 -0.00675922874638 1.00068087671 0.999142769543
9.61823647295e-08 -0.0067238086935 1.00073409595 0.999085300369
9.67635270541e-08 -0.00668838864062 1.00078731519 0.999027831195
9.73446893788e-08 -0.00665296858774 1.00084053443 0.998970362021
9.79258517034e-08 -0.00661754853486 1.00089375367 0.998912892847
9.85070140281e-08 -0.00658212848198 1.00094697291 0.998855423673
9.90881763527e-08 -0.0065467084291 1.00100019215 0.998797954498
9.96693386774e-08 -0.00651128837622 1.00105341139 0.998740485324
1.00250501002e-07 -0.00647519312649 1.00113651564 0.998648466764
1.00831663327e-07 -0.00643857171785 1.00124290832 0.998529524991
1.01412825651e-07 -0.00640195030921 1.00134930099 0.998410583219
1.01993987976e-07 -0.00636532890057 1.00145569367 0.998291641446
1.02575150301e-07 -0.00632870749192 1.00156208634 0.998172699674
1.03156312625e-07 -0.00629208608328 1.00166847901 0.998053757901
1.0373747495e-07 -0.00625546467464 1.00177487169 0.997934816129
1.04318637275e-07 -0.006218843266 1.00188126436 0.997815874357
1.04899799599e-07 -0.00618222185736 1.00198765704 0.997696932584
1.05480961924e-07 -0.00614560044872 1.00209404971 0.997577990812
1.06062124248e-07 -0.00610897904008 1.00220044238 0.997459049039
1.06643286573e-07 -0.0060714074298 1.00234966017 0.997293839213
1.07224448898e-07 -0.00603224361152 1.00257063796 0.997051100194
1.07805611222e-07 -0.00599307979323 1.00279161576 0.996808361176
1.08386773547e-07 -0.00595391597495 1.00301259355 0.996565622157
1.08967935872e-07 -0.00591475215667 1.00323357135 0.996322883138
1.09549098196e-07 -0.00587558833838 1.00345454915 0.99608014412
1.10130260521e-07 -0.0058364245201 1.00367552694 0.995837405101
1.10711422846e-07 -0.00579726070182 1.00389650474 0.995594666082
1.1129258517e-07 -0.00575809688353 1.00411748253 0.995351927064
1.11873747495e-07 -0.00571893306525 1.00433846033 0.995109188045
1.1245490982e-07 -0.00567976924697 1.00455943812 0.994866449026
1.13036072144e-07 -0.00564060542868 1.00478041592 0.994623710008
1.13617234469e-07 -0.00559643190405 1.00523054581 0.994147598056
1.14198396794e-07 -0.00555183562667 1.0057000131 0.993651792526
1.14779559118e-07 -0.0055072393493 1.0061694804 0.993155986996
1.15360721443e-07 -0.00546264307192 1.00663894769 0.992660181466
1.15941883768e-07 -0.00541804679455 1.00710841498 0.992164375936
1.16523046092e-07 -0.00537345051718 1.00757788227 0.991668570405
1.17104208417e-07 -0.0053288542398 1.00804734956 0.991172764875
1.17685370741e-07 -0.00528425796243 1.00851681685 0.990676959345
1.18266533066e-07 -0.00523966168505 1.00898628414 0.990181153815
1.18847695391e-07 -0.00519506540768 1.00945575143 0.989685348285
1.19428857715e-07 -0.0051504691303 1.00992521873 0.989189542755
1.2001002004e-07 -0.00510351288471 1.01050427223 0.988588403417
1.20591182365e-07 -0.00504718440022 1.01151852996 0.987568947596
1.21172344689e-07 -0.00499085591574 1.01253278769 0.986549491775
1.21753507014e-07 -0.00493452743125 1.01354704542 0.985530035953
1.22334669339e-07 -0.00487819894677 1.01456130316 0.984510580132
1.22915831663e-07 -0.00482187046228 1.01557556089 0.983491124311
1.23496993988e-07 -0.0047655419778 1.01658981862 0.98247166849
1.24078156313e-07 -0.00470921349331 1.01760407635 0.981452212668
1.24659318637e-07 -0.00465288500883 1.01861833408 0.980432756847
1.25240480962e-07 -0.00459655652434 1.01963259182 0.979413301026
1.25821643287e-07 -0.00454022803986 1.02064684955 0.978393845205
1.26402805611e-07 -0.00448389955537 1.02166110728 0.977374389384
1.26983967936e-07 -0.00442233421104 1.02292448578 0.976132666922
1.27565130261e-07 -0.0043403747929 1.02515802339 0.974025364244
1.28146292585e-07 -0.00425841537475 1.027391561 0.971918061566
1.2872745491e-07 -0.00417645595661 1.02962509862 0.969810758889
1.29308617234e-07 -0.00409449653847 1.03185863623 0.967703456211
1.29889779559e-07 -0.00401253712032 1.03409217384 0.965596153533
1.30470941884e-07 -0.00393057770218 1.03632571145 0.963488850856
1.31052104208e-07 -0.00384861828404 1.03855924907 0.961381548178
1.31633266533e-07 -0.00376665886589 1.04079278668 0.9592742455
1.32214428858e-07 -0.00368469944775 1.04302632429 0.957166942823
1.32795591182e-07 -0.00360274002961 1.0452598619 0.955059640145
1.33376753507e-07 -0.00352078061146 1.04749339952 0.952952337467
1.33957915832e-07 -0.00343882119332 1.04972693713 0.95084503479
1.34539078156e-07 -0.0033044081134 1.05458839028 0.946676655301
1.35120240481e-07 -0.00316575338216 1.05966234912 0.942341607388
1.35701402806e-07 -0.00302709865092 1.06473630795 0.938006559475
1.3628256513e-07 -0.00288844391968 1.06981026679 0.933671511561
1.36863727455e-07 -0.00274978918844 1.07488422563 0.929336463648
1.3744488978e-07 -0.0026111344572 1.07995818446 0.925001415735
1.38026052104e-07 -0.00247247972596 1.0850321433 0.920666367822
1.38607214429e-07 -0.00233382499472 1.09010610214 0.916331319909
1.39188376754e-07 -0.00219517026348 1.09518006097 0.911996271996
1.39769539078e-07 -0.00205651553224 1.10025401981 0.907661224082
1.40350701403e-07 -0.001917860801 1.10532797865 0.903326176169
1.40931863727e-07 -0.00177920606976 1.11040193748 0.898991128256
1.41513026052e-07 -0.00159512681049 1.11789043282 0.893018200863
1.42094188377e-07 -0.00132927234207 1.12972568169 0.884096691663
1.42675350701e-07 -0.00106341787366 1.14156093055 0.875175182463
1.43256513026e-07 -0.000797563405244 1.15339617942 0.866253673263
1.43837675351e-07 -0.00053170893683 1.16523142828 0.857332164062
1.44418837675e-07 -0.000265854468415 1.17706667715 0.848410654862
1.45e-07 0 1.18890192601 0.839489145662
