-1.45e-07 0 	0 	-507177.09127 	
-1.44418837675e-07 0 	0 	-479863.723967 	
-1.43837675351e-07 0 	0 	-453412.703409 	
-1.43256513026e-07 0 	0 	-428904.579047 	
-1.42675350701e-07 0 	0 	-405905.380452 	
-1.42094188377e-07 0 	0 	-384149.372679 	
-1.41513026052e-07 0 	0 	-363544.733709 	
-1.40931863727e-07 0 	0 	-344625.404271 	
-1.40350701403e-07 0 	0 	-326722.585405 	
-1.39769539078e-07 0 	0 	-309706.911441 	
-1.39188376754e-07 0 	0 	-293945.753949 	
-1.38607214429e-07 0 	0 	-279177.479376 	
-1.38026052104e-07 0 	0 	-265082.018717 	
-1.3744488978e-07 0 	0 	-252064.783184 	
-1.36863727455e-07 0 	0 	-239827.096716 	
-1.3628256513e-07 0 	0 	-228093.177793 	
-1.35701402806e-07 0 	0 	-217439.965442 	
-1.35120240481e-07 0 	0 	-207234.183166 	
-1.34539078156e-07 0 	0 	-197631.256506 	
-1.33957915832e-07 0 	0 	-188768.576745 	
-1.33376753507e-07 0 	0 	-180190.856111 	
-1.32795591182e-07 0 	0 	-172446.403403 	
-1.32214428858e-07 0 	0 	-164966.156616 	
-1.31633266533e-07 0 	0 	-158038.34667 	
-1.31052104208e-07 0 	0 	-151515.513696 	
-1.30470941884e-07 0 	0 	-145334.84549 	
-1.29889779559e-07 0 	0 	-139644.090158 	
-1.29308617234e-07 0 	0 	-134145.16056 	
-1.2872745491e-07 0 	0 	-129174.966241 	
-1.28146292585e-07 0 	0 	-124296.396792 	
-1.27565130261e-07 0 	0 	-119948.137671 	
-1.26983967936e-07 0 	0 	-115632.489508 	
-1.26402805611e-07 0 	0 	-111819.486328 	
-1.25821643287e-07 0 	0 	-108013.163891 	
-1.25240480962e-07 0 	0 	-104659.73269 	
-1.24659318637e-07 0 	0 	-101312.876231 	
-1.24078156313e-07 0 	0 	-98353.3795201 	
-1.23496993988e-07 0 	0 	-95419.7474897 	
-1.22915831663e-07 0 	0 	-92797.6570914 	
-1.22334669339e-07 0 	0 	-90234.4992536 	
-1.21753507014e-07 0 	0 	-87901.4795995 	
-1.21172344689e-07 0 	0 	-85669.4018426 	
-1.20591182365e-07 0 	0 	-83584.4219649 	
-1.2001002004e-07 0 	0 	-81647.2436918 	
-1.19428857715e-07 0 	0 	-79775.7257981 	
-1.18847695391e-07 0 	0 	-78100.3314462 	
-1.18266533066e-07 0 	0 	-76424.9370944 	
-1.17685370741e-07 0 	0 	-74969.5283818 	
-1.17104208417e-07 0 	0 	-73525.7140238 	
-1.16523046092e-07 0 	0 	-72203.3382659 	
-1.15941883768e-07 0 	0 	-70963.6545708 	
-1.15360721443e-07 0 	0 	-69757.0406993 	
-1.14779559118e-07 0 	0 	-68696.6336483 	
-1.14198396794e-07 0 	0 	-67636.2265973 	
-1.13617234469e-07 0 	0 	-66688.3332483 	
-1.13036072144e-07 0 	0 	-65784.7837391 	
-1.1245490982e-07 0 	0 	-64907.4940546 	
-1.11873747495e-07 0 	0 	-64140.6575942 	
-1.1129258517e-07 0 	0 	-63373.8211338 	
-1.10711422846e-07 0 	0 	-62679.0781932 	
-1.10130260521e-07 0 	0 	-62030.9258922 	
-1.09549098196e-07 0 	0 	-61382.7735913 	
-1.08967935872e-07 0 	0 	-60833.3344056 	
-1.08386773547e-07 0 	0 	-60287.7965012 	
-1.07805611222e-07 0 	0 	-59764.7236338 	
-1.07224448898e-07 0 	0 	-59307.5362041 	
-1.06643286573e-07 0 	0 	-58850.3487743 	
-1.06062124248e-07 0 	0 	-58429.7339133 	
-1.05480961924e-07 0 	0 	-58048.2900268 	
-1.04899799599e-07 0 	0 	-57666.8461403 	
-1.04318637275e-07 0 	0 	-57327.179591 	
-1.0373747495e-07 0 	0 	-57010.3856483 	
-1.03156312625e-07 0 	0 	-56693.5917055 	
-1.02575150301e-07 0 	0 	-56417.6022549 	
-1.01993987976e-07 0 	0 	-56155.740149 	
-1.01412825651e-07 0 	0 	-55893.878043 	
-1.00831663327e-07 0 	0 	-55667.84019 	
-1.00250501002e-07 0 	0 	-55452.4359458 	
-9.96693386774e-08 0 	0 	-55237.0317017 	
-9.90881763527e-08 0 	0 	-55050.1526958 	
-9.85070140281e-08 0 	0 	-54873.8520894 	
-9.79258517034e-08 0 	0 	-54697.5514829 	
-9.73446893788e-08 0 	0 	-54541.435009 	
-9.67635270541e-08 0 	0 	-54397.8864886 	
-9.61823647295e-08 0 	0 	-54254.3379682 	
-9.56012024048e-08 0 	0 	-54122.5204408 	
-9.50200400802e-08 0 	0 	-54006.2656485 	
-9.44388777555e-08 0 	0 	-53890.0108563 	
-9.38577154309e-08 0 	0 	-53777.5655328 	
-9.32765531062e-08 0 	0 	-53683.937666 	
-9.26953907816e-08 0 	0 	-53590.3097993 	
-9.21142284569e-08 0 	0 	-53496.6819325 	
-9.15330661323e-08 0 	0 	-53418.5431253 	
-9.09519038076e-08 0 	0 	-53343.5729686 	
-9.0370741483e-08 0 	0 	-53268.602812 	
-8.97895791583e-08 0 	0 	-53199.9580677 	
-8.92084168337e-08 0 	0 	-53140.2878338 	
-8.8627254509e-08 0 	0 	-53080.6175999 	
-8.80460921844e-08 0 	0 	-53020.947366 	
-8.74649298597e-08 0 	0 	-52972.7078651 	
-8.68837675351e-08 0 	0 	-52925.5126932 	
-8.63026052104e-08 0 	0 	-52878.3175213 	
-8.57214428858e-08 0 	0 	-52834.5286089 	
-8.51402805611e-08 0 	0 	-52797.4454037 	
-8.45591182365e-08 0 	0 	-52760.3621986 	
-8.39779559118e-08 0 	0 	-52723.2789935 	
-8.33967935872e-08 0 	0 	-52691.6800658 	
-8.28156312625e-08 0 	0 	-52662.7435101 	
-8.22344689379e-08 0 	0 	-52633.8069544 	
-8.16533066132e-08 0 	0 	-52604.8703987 	
-8.10721442886e-08 0 	0 	-52581.9556939 	
-8.04909819639e-08 0 	0 	-52559.5410607 	
-7.99098196393e-08 0 	0 	-52537.1264276 	
-7.93286573146e-08 0 	0 	-52515.1538138 	
-7.874749499e-08 0 	0 	-52497.9261964 	
-7.81663326653e-08 0 	0 	-52480.698579 	
-7.75851703407e-08 0 	0 	-52463.4709616 	
-7.7004008016e-08 0 	0 	-52446.8857562 	
-7.64228456914e-08 0 	0 	-52433.755314 	
-7.58416833667e-08 0 	0 	-52420.6248718 	
-7.52605210421e-08 0 	0 	-52407.4944296 	
-7.46793587174e-08 0 	0 	-52394.8007598 	
-7.40981963928e-08 0 	0 	-52384.8834984 	
-7.35170340681e-08 0 	0 	-52374.966237 	
-7.29358717435e-08 0 	0 	-52365.0489757 	
-7.23547094188e-08 0 	0 	-52355.1828692 	
-7.17735470942e-08 0 	0 	-52347.7665724 	
-7.11923847695e-08 0 	0 	-52340.3502756 	
-7.06112224449e-08 0 	0 	-52332.9339787 	
-7.00300601202e-08 0 	0 	-52325.5176819 	
-6.94488977956e-08 0 	0 	-52319.662019 	
-6.88677354709e-08 0 	0 	-52314.1768765 	
-6.82865731463e-08 0 	0 	-52308.6917339 	
-6.77054108216e-08 0 	0 	-52303.2065914 	
-6.7124248497e-08 0 	0 	-52298.4558258 	
-6.65430861723e-08 0 	0 	-52294.4492063 	
-6.59619238477e-08 0 	0 	-52290.4425867 	
-6.5380761523e-08 0 	0 	-52286.4359672 	
-6.47995991984e-08 0 	0 	-52282.5233475 	
-6.42184368737e-08 0 	0 	-52279.6383795 	
-6.36372745491e-08 0 	0 	-52276.7534114 	
-6.30561122244e-08 0 	0 	-52273.8684434 	
-6.24749498998e-08 0 	0 	-52270.9834754 	
-6.18937875752e-08 0 	0 	-52268.5762478 	
-6.13126252505e-08 0 	0 	-52266.5337464 	
-6.07314629259e-08 0 	0 	-52264.4912449 	
-6.01503006012e-08 0 	0 	-52262.4487435 	
-5.95691382766e-08 0 	0 	-52260.4062421 	
-5.89879759519e-08 0 	0 	-52258.9545545 	
-5.84068136273e-08 0 	0 	-52257.5378762 	
-5.78256513026e-08 0 	0 	-52256.1211979 	
-5.7244488978e-08 0 	0 	-52254.7045196 	
-5.66633266533e-08 0 	0 	-52253.3853015 	
-5.60821643287e-08 0 	0 	-52252.4277781 	
-5.5501002004e-08 0 	0 	-52251.4702548 	
-5.49198396794e-08 0 	0 	-52250.5127314 	
-5.43386773547e-08 0 	0 	-52249.5552081 	
-5.37575150301e-08 0 	0 	-52248.7202658 	
-5.31763527054e-08 0 	0 	-52248.0948355 	
-5.25951903808e-08 0 	0 	-52247.4694052 	
-5.20140280561e-08 0 	0 	-52246.8439749 	
-5.14328657315e-08 0 	0 	-52246.2185446 	
-5.08517034068e-08 0 	0 	-52245.6904194 	
-5.02705410822e-08 0 	0 	-52245.3011608 	
-4.96893787575e-08 0 	0 	-52244.9119022 	
-4.91082164329e-08 0 	0 	-52244.5226437 	
-4.85270541082e-08 0 	0 	-52244.1333851 	
-4.79458917836e-08 0 	0 	-52243.7997791 	
-4.73647294589e-08 0 	0 	-52243.5750479 	
-4.67835671343e-08 0 	0 	-52243.3503168 	
-4.62024048096e-08 0 	0 	-52243.1255857 	
-4.5621242485e-08 0 	0 	-52242.9008545 	
-4.50400801603e-08 0 	0 	-52242.6923248 	
-4.44589178357e-08 0 	0 	-52242.5792401 	
-4.3877755511e-08 0 	0 	-52242.4661554 	
-4.32965931864e-08 0 	0 	-52242.3530707 	
-4.27154308617e-08 0 	0 	-52242.239986 	
-4.21342685371e-08 0 	0 	-52242.1269013 	
-4.15531062124e-08 0 	0 	-52242.0744968 	
-4.09719438878e-08 0 	0 	-52242.0345411 	
-4.03907815631e-08 0 	0 	-52241.9945853 	
-3.98096192385e-08 0 	0 	-52241.9546296 	
-3.92284569138e-08 0 	0 	-52241.9146738 	
-3.86472945892e-08 0 	0 	-52241.8924415 	
-3.80661322645e-08 0 	0 	-52241.8980063 	
-3.74849699399e-08 0 	0 	-52241.903571 	
-3.69038076152e-08 0 	0 	-52241.9091357 	
-3.63226452906e-08 0 	0 	-52241.9147004 	
-3.57414829659e-08 0 	0 	-52241.9202651 	
-3.51603206413e-08 0 	0 	-52241.9472422 	
-3.45791583166e-08 0 	0 	-52241.9788905 	
-3.3997995992e-08 0 	0 	-52242.0105388 	
-3.34168336673e-08 0 	0 	-52242.0421871 	
-3.28356713427e-08 0 	0 	-52242.0738353 	
-3.2254509018e-08 0 	0 	-52242.1070268 	
-3.16733466934e-08 0 	0 	-52242.1513823 	
-3.10921843687e-08 0 	0 	-52242.1957379 	
-3.05110220441e-08 0 	0 	-52242.2400934 	
-2.99298597194e-08 0 	0 	-52242.2844489 	
-2.93486973948e-08 0 	0 	-52242.3288044 	
-2.87675350701e-08 0 	0 	-52242.3742455 	
-2.81863727455e-08 0 	0 	-52242.4223722 	
-2.76052104208e-08 0 	0 	-52242.4704989 	
-2.70240480962e-08 0 	0 	-52242.5186256 	
-2.64428857715e-08 0 	0 	-52242.5667524 	
-2.58617234469e-08 0 	0 	-52242.6148791 	
-2.52805611222e-08 0 	0 	-52242.6623786 	
-2.46993987976e-08 0 	0 	-52242.708527 	
-2.41182364729e-08 0 	0 	-52242.7546753 	
-2.35370741483e-08 0 	0 	-52242.8008236 	
-2.29559118236e-08 0 	0 	-52242.846972 	
-2.2374749499e-08 0 	0 	-52242.8931203 	
-2.17935871743e-08 0 	0 	-52242.9381397 	
-2.12124248497e-08 0 	0 	-52242.9787987 	
-2.0631262525e-08 0 	0 	-52243.0194577 	
-2.00501002004e-08 0 	0 	-52243.0601167 	
-1.94689378758e-08 0 	0 	-52243.1007757 	
-1.88877755511e-08 0 	0 	-52243.1414347 	
-1.83066132265e-08 0 	0 	-52243.1820937 	
-1.77254509018e-08 0 	0 	-52243.2156474 	
-1.71442885772e-08 0 	0 	-52243.2488311 	
-1.65631262525e-08 0 	0 	-52243.2820148 	
-1.59819639279e-08 0 	0 	-52243.3151985 	
-1.54008016032e-08 0 	0 	-52243.3483821 	
-1.48196392786e-08 0 	0 	-52243.3815658 	
-1.42384769539e-08 0 	0 	-52243.4101089 	
-1.36573146293e-08 0 	0 	-52243.4348266 	
-1.30761523046e-08 0 	0 	-52243.4595442 	
-1.249498998e-08 0 	0 	-52243.4842619 	
-1.19138276553e-08 0 	0 	-52243.5089796 	
-1.13326653307e-08 0 	0 	-52243.5336972 	
-1.0751503006e-08 0 	0 	-52243.5584149 	
-1.01703406814e-08 0 	0 	-52243.5742986 	
-9.58917835671e-09 0 	0 	-52243.5901392 	
-9.00801603206e-09 0 	0 	-52243.6059797 	
-8.42685370741e-09 0 	0 	-52243.6218203 	
-7.84569138277e-09 0 	0 	-52243.6376609 	
-7.26452905812e-09 0 	0 	-52243.6535015 	
-6.68336673347e-09 0 	0 	-52243.6667581 	
-6.10220440882e-09 0 	0 	-52243.6736247 	
-5.52104208417e-09 0 	0 	-52243.6804914 	
-4.93987975952e-09 0 	0 	-52243.687358 	
-4.35871743487e-09 0 	0 	-52243.6942246 	
-3.77755511022e-09 0 	0 	-52243.7010913 	
-3.19639278557e-09 0 	0 	-52243.7079579 	
-2.61523046092e-09 0 	0 	-52243.7110387 	
-2.03406813627e-09 0 	0 	-52243.7089535 	
-1.45290581162e-09 0 	0 	-52243.7068683 	
-8.71743486974e-10 0 	0 	-52243.7047831 	
-2.90581162324e-10 0 	0 	-52243.7026979 	
2.90581162325e-10 0 	0 	-52243.7006127 	
8.71743486974e-10 0 	0 	-52243.6985275 	
1.45290581162e-09 0 	0 	-52243.6929106 	
2.03406813627e-09 0 	0 	-52243.6819146 	
2.61523046092e-09 0 	0 	-52243.6709187 	
3.19639278557e-09 0 	0 	-52243.6599227 	
3.77755511022e-09 0 	0 	-52243.6489268 	
4.35871743487e-09 0 	0 	-52243.6379309 	
4.93987975952e-09 0 	0 	-52243.6269349 	
5.52104208417e-09 0 	0 	-52243.6141377 	
6.10220440882e-09 0 	0 	-52243.5943305 	
6.68336673347e-09 0 	0 	-52243.5745234 	
7.26452905812e-09 0 	0 	-52243.5547162 	
7.84569138277e-09 0 	0 	-52243.534909 	
8.42685370742e-09 0 	0 	-52243.5151018 	
9.00801603206e-09 0 	0 	-52243.4952946 	
9.58917835671e-09 0 	0 	-52243.4754874 	
1.01703406814e-08 0 	0 	-52243.4485327 	
1.0751503006e-08 0 	0 	-52243.4202497 	
1.13326653307e-08 0 	0 	-52243.3919667 	
1.19138276553e-08 0 	0 	-52243.3636836 	
1.249498998e-08 0 	0 	-52243.3354006 	
1.30761523046e-08 0 	0 	-52243.3071175 	
1.36573146293e-08 0 	0 	-52243.2788345 	
1.42384769539e-08 0 	0 	-52243.2482534 	
1.48196392786e-08 0 	0 	-52243.2125311 	
1.54008016032e-08 0 	0 	-52243.1768089 	
1.59819639279e-08 0 	0 	-52243.1410867 	
1.65631262525e-08 0 	0 	-52243.1053645 	
1.71442885772e-08 0 	0 	-52243.0696423 	
1.77254509018e-08 0 	0 	-52243.0339201 	
1.83066132265e-08 0 	0 	-52242.9981979 	
1.88877755511e-08 0 	0 	-52242.9596343 	
1.94689378758e-08 0 	0 	-52242.9191546 	
2.00501002004e-08 0 	0 	-52242.878675 	
2.06312625251e-08 0 	0 	-52242.8381954 	
2.12124248497e-08 0 	0 	-52242.7977158 	
2.17935871743e-08 0 	0 	-52242.7572362 	
2.2374749499e-08 0 	0 	-52242.7167566 	
2.29559118236e-08 0 	0 	-52242.676277 	
2.35370741483e-08 0 	0 	-52242.6367621 	
2.41182364729e-08 0 	0 	-52242.5976525 	
2.46993987976e-08 0 	0 	-52242.5585429 	
2.52805611222e-08 0 	0 	-52242.5194334 	
2.58617234469e-08 0 	0 	-52242.4803238 	
2.64428857715e-08 0 	0 	-52242.4412142 	
2.70240480962e-08 0 	0 	-52242.4021047 	
2.76052104208e-08 0 	0 	-52242.3629951 	
2.81863727455e-08 0 	0 	-52242.3328459 	
2.87675350701e-08 0 	0 	-52242.308066 	
2.93486973948e-08 0 	0 	-52242.2832862 	
2.99298597194e-08 0 	0 	-52242.2585064 	
3.05110220441e-08 0 	0 	-52242.2337266 	
3.10921843687e-08 0 	0 	-52242.2089467 	
3.16733466934e-08 0 	0 	-52242.1841669 	
3.2254509018e-08 0 	0 	-52242.1593871 	
3.28356713427e-08 0 	0 	-52242.1490347 	
3.34168336673e-08 0 	0 	-52242.1647422 	
3.3997995992e-08 0 	0 	-52242.1804497 	
3.45791583166e-08 0 	0 	-52242.1961573 	
3.51603206413e-08 0 	0 	-52242.2118648 	
3.57414829659e-08 0 	0 	-52242.2275724 	
3.63226452906e-08 0 	0 	-52242.2432799 	
3.69038076152e-08 0 	0 	-52242.2589874 	
3.74849699399e-08 0 	0 	-52242.274695 	
3.80661322645e-08 0 	0 	-52242.3723854 	
3.86472945892e-08 0 	0 	-52242.4799182 	
3.92284569138e-08 0 	0 	-52242.5874511 	
3.98096192385e-08 0 	0 	-52242.6949839 	
4.03907815631e-08 0 	0 	-52242.8025168 	
4.09719438878e-08 0 	0 	-52242.9100496 	
4.15531062124e-08 0 	0 	-52243.0175824 	
4.21342685371e-08 0 	0 	-52243.1251153 	
4.27154308617e-08 0 	0 	-52243.2766193 	
4.32965931864e-08 0 	0 	-52243.575225 	
4.3877755511e-08 0 	0 	-52243.8738307 	
4.44589178357e-08 0 	0 	-52244.1724364 	
4.50400801603e-08 0 	0 	-52244.471042 	
4.5621242485e-08 0 	0 	-52244.7696477 	
4.62024048096e-08 0 	0 	-52245.0682534 	
4.67835671343e-08 0 	0 	-52245.366859 	
4.73647294589e-08 0 	0 	-52245.6654647 	
4.79458917836e-08 0 	0 	-52246.1028773 	
4.85270541082e-08 0 	0 	-52246.7832393 	
4.91082164329e-08 0 	0 	-52247.4636013 	
4.96893787575e-08 0 	0 	-52248.1439633 	
5.02705410822e-08 0 	0 	-52248.8243253 	
5.08517034068e-08 0 	0 	-52249.5046873 	
5.14328657315e-08 0 	0 	-52250.1850493 	
5.20140280561e-08 0 	0 	-52250.8654113 	
5.25951903808e-08 0 	0 	-52251.5457733 	
5.31763527054e-08 0 	0 	-52252.4418908 	
5.37575150301e-08 0 	0 	-52253.8702739 	
5.43386773547e-08 0 	0 	-52255.298657 	
5.49198396794e-08 0 	0 	-52256.7270401 	
5.5501002004e-08 0 	0 	-52258.1554232 	
5.60821643287e-08 0 	0 	-52259.5838064 	
5.66633266533e-08 0 	0 	-52261.0121895 	
5.7244488978e-08 0 	0 	-52262.4405726 	
5.78256513026e-08 0 	0 	-52263.8689557 	
5.84068136273e-08 0 	0 	-52265.2973389 	
5.89879759519e-08 0 	0 	-52268.1795762 	
5.95691382766e-08 0 	0 	-52271.0622187 	
6.01503006012e-08 0 	0 	-52273.9448612 	
6.07314629259e-08 0 	0 	-52276.8275038 	
6.13126252505e-08 0 	0 	-52279.7101463 	
6.18937875752e-08 0 	0 	-52282.5927888 	
6.24749498998e-08 0 	0 	-52285.4754313 	
6.30561122244e-08 0 	0 	-52288.3580738 	
6.36372745491e-08 0 	0 	-52291.2407163 	
6.42184368737e-08 0 	0 	-52295.5145304 	
6.47995991984e-08 0 	0 	-52301.2222606 	
6.5380761523e-08 0 	0 	-52306.9299908 	
6.59619238477e-08 0 	0 	-52312.6377211 	
6.65430861723e-08 0 	0 	-52318.3454513 	
6.7124248497e-08 0 	0 	-52324.0531815 	
6.77054108216e-08 0 	0 	-52329.7609117 	
6.82865731463e-08 0 	0 	-52335.4686419 	
6.88677354709e-08 0 	0 	-52341.1763722 	
6.94488977956e-08 0 	0 	-52346.8841024 	
7.00300601202e-08 0 	0 	-52356.786219 	
7.06112224449e-08 0 	0 	-52368.002499 	
7.11923847695e-08 0 	0 	-52379.218779 	
7.17735470942e-08 0 	0 	-52390.435059 	
7.23547094188e-08 0 	0 	-52401.6513389 	
7.29358717435e-08 0 	0 	-52412.8676189 	
7.35170340681e-08 0 	0 	-52424.0838989 	
7.40981963928e-08 0 	0 	-52435.3001789 	
7.46793587174e-08 0 	0 	-52446.5164588 	
7.52605210421e-08 0 	0 	-52457.7327388 	
7.58416833667e-08 0 	0 	-52477.6149233 	
7.64228456914e-08 0 	0 	-52499.644001 	
7.7004008016e-08 0 	0 	-52521.6730786 	
7.75851703407e-08 0 	0 	-52543.7021563 	
7.81663326653e-08 0 	0 	-52565.7312339 	
7.874749499e-08 0 	0 	-52587.7603115 	
7.93286573146e-08 0 	0 	-52609.7893892 	
7.99098196393e-08 0 	0 	-52631.8184668 	
8.04909819639e-08 0 	0 	-52653.8475445 	
8.10721442886e-08 0 	0 	-52675.8766221 	
8.16533066132e-08 0 	0 	-52710.9027063 	
8.22344689379e-08 0 	0 	-52754.3402315 	
8.28156312625e-08 0 	0 	-52797.7777567 	
8.33967935872e-08 0 	0 	-52841.2152819 	
8.39779559118e-08 0 	0 	-52884.6528071 	
8.45591182365e-08 0 	0 	-52928.0903323 	
8.51402805611e-08 0 	0 	-52971.5278575 	
8.57214428858e-08 0 	0 	-53014.9653828 	
8.63026052104e-08 0 	0 	-53058.402908 	
8.68837675351e-08 0 	0 	-53101.8404332 	
8.74649298597e-08 0 	0 	-53152.6782668 	
8.80460921844e-08 0 	0 	-53238.9263358 	
8.8627254509e-08 0 	0 	-53325.1744048 	
8.92084168337e-08 0 	0 	-53411.4224739 	
8.97895791583e-08 0 	0 	-53497.6705429 	
9.0370741483e-08 0 	0 	-53583.9186119 	
9.09519038076e-08 0 	0 	-53670.1666809 	
9.15330661323e-08 0 	0 	-53756.4147499 	
9.21142284569e-08 0 	0 	-53842.6628189 	
9.26953907816e-08 0 	0 	-53928.9108879 	
9.32765531062e-08 0 	0 	-54015.1589569 	
9.38577154309e-08 0 	0 	-54144.0807528 	
9.44388777555e-08 0 	0 	-54316.8708474 	
9.50200400802e-08 0 	0 	-54489.6609421 	
9.56012024048e-08 0 	0 	-54662.4510368 	
9.61823647295e-08 0 	0 	-54835.2411315 	
9.67635270541e-08 0 	0 	-55008.0312261 	
9.73446893788e-08 0 	0 	-55180.8213208 	
9.79258517034e-08 0 	0 	-55353.6114155 	
9.85070140281e-08 0 	0 	-55526.4015102 	
9.90881763527e-08 0 	0 	-55699.1916048 	
9.96693386774e-08 0 	0 	-55871.9816995 	
1.00250501002e-07 0 	0 	-56144.2326324 	
1.00831663327e-07 0 	0 	-56493.9901575 	
1.01412825651e-07 0 	0 	-56843.7476827 	
1.01993987976e-07 0 	0 	-57193.5052078 	
1.02575150301e-07 0 	0 	-57543.262733 	
1.03156312625e-07 0 	0 	-57893.0202581 	
1.0373747495e-07 0 	0 	-58242.7777833 	
1.04318637275e-07 0 	0 	-58592.5353084 	
1.04899799599e-07 0 	0 	-58942.2928336 	
1.05480961924e-07 0 	0 	-59292.0503587 	
1.06062124248e-07 0 	0 	-59641.8078839 	
1.06643286573e-07 0 	0 	-60128.4431012 	
1.07224448898e-07 0 	0 	-60844.4378029 	
1.07805611222e-07 0 	0 	-61560.4325046 	
1.08386773547e-07 0 	0 	-62276.4272063 	
1.08967935872e-07 0 	0 	-62992.421908 	
1.09549098196e-07 0 	0 	-63708.4166096 	
1.10130260521e-07 0 	0 	-64424.4113113 	
1.10711422846e-07 0 	0 	-65140.406013 	
1.1129258517e-07 0 	0 	-65856.4007147 	
1.11873747495e-07 0 	0 	-66572.3954164 	
1.1245490982e-07 0 	0 	-67288.3901181 	
1.13036072144e-07 0 	0 	-68004.3848198 	
1.13617234469e-07 0 	0 	-69428.0538925 	
1.14198396794e-07 0 	0 	-70911.4412913 	
1.14779559118e-07 0 	0 	-72394.8286902 	
1.15360721443e-07 0 	0 	-73878.216089 	
1.15941883768e-07 0 	0 	-75361.6034879 	
1.16523046092e-07 0 	0 	-76844.9908868 	
1.17104208417e-07 0 	0 	-78328.3782856 	
1.17685370741e-07 0 	0 	-79811.7656845 	
1.18266533066e-07 0 	0 	-81295.1530834 	
1.18847695391e-07 0 	0 	-82778.5404822 	
1.19428857715e-07 0 	0 	-84261.9278811 	
1.2001002004e-07 0 	0 	-86072.9472025 	
1.20591182365e-07 0 	0 	-89185.104656 	
1.21172344689e-07 0 	0 	-92297.2621096 	
1.21753507014e-07 0 	0 	-95409.4195631 	
1.22334669339e-07 0 	0 	-98521.5770167 	
1.22915831663e-07 0 	0 	-101633.73447 	
1.23496993988e-07 0 	0 	-104745.891924 	
1.24078156313e-07 0 	0 	-107858.049377 	
1.24659318637e-07 0 	0 	-110970.206831 	
1.25240480962e-07 0 	0 	-114082.364284 	
1.25821643287e-07 0 	0 	-117194.521738 	
1.26402805611e-07 0 	0 	-120306.679192 	
1.26983967936e-07 0 	0 	-124134.873758 	
1.27565130261e-07 0 	0 	-130751.55497 	
1.28146292585e-07 0 	0 	-137368.236181 	
1.2872745491e-07 0 	0 	-143984.917392 	
1.29308617234e-07 0 	0 	-150601.598603 	
1.29889779559e-07 0 	0 	-157218.279814 	
1.30470941884e-07 0 	0 	-163834.961025 	
1.31052104208e-07 0 	0 	-170451.642236 	
1.31633266533e-07 0 	0 	-177068.323447 	
1.32214428858e-07 0 	0 	-183685.004658 	
1.32795591182e-07 0 	0 	-190301.685869 	
1.33376753507e-07 0 	0 	-196918.36708 	
1.33957915832e-07 0 	0 	-203535.048291 	
1.34539078156e-07 0 	0 	-217239.647484 	
1.35120240481e-07 0 	0 	-231517.409267 	
1.35701402806e-07 0 	0 	-245795.17105 	
1.3628256513e-07 0 	0 	-260072.932832 	
1.36863727455e-07 0 	0 	-274350.694615 	
1.3744488978e-07 0 	0 	-288628.456398 	
1.38026052104e-07 0 	0 	-302906.21818 	
1.38607214429e-07 0 	0 	-317183.979963 	
1.39188376754e-07 0 	0 	-331461.741746 	
1.39769539078e-07 0 	0 	-345739.503529 	
1.40350701403e-07 0 	0 	-360017.265311 	
1.40931863727e-07 0 	0 	-374295.027094 	
1.41513026052e-07 0 	0 	-390423.070853 	
1.42094188377e-07 0 	0 	-409882.072622 	
1.42675350701e-07 0 	0 	-429341.074392 	
1.43256513026e-07 0 	0 	-448800.076161 	
1.43837675351e-07 0 	0 	-468259.077931 	
1.44418837675e-07 0 	0 	-487718.0797 	
1.45e-07 0 	0 	-507177.08147 	
