-1.45e-07 -0.0237760950511 0.499984862462 1.98401717989
-1.44418837675e-07 -0.0226646190823 0.522095985691 1.90103601647
-1.43837675351e-07 -0.0216163920416 0.543571826972 1.8250326791
-1.43256513026e-07 -0.0206484739605 0.564385812563 1.7581865344
-1.42675350701e-07 -0.0197391949035 0.584630710517 1.69750872279
-1.42094188377e-07 -0.0188762171707 0.604391609939 1.64152250828
-1.41513026052e-07 -0.0180691524953 0.623523829007 1.59097354003
-1.40931863727e-07 -0.0173211678733 0.641897056492 1.54574811497
-1.40350701403e-07 -0.0166046319904 0.65983957843 1.50325318134
-1.39769539078e-07 -0.0159422803497 0.676996399348 1.46529392732
-1.39188376754e-07 -0.0153189744277 0.693521058456 1.43037955173
-1.38607214429e-07 -0.014722856554 0.70960553497 1.39758536511
-1.38026052104e-07 -0.0141808336876 0.724721700283 1.36873298685
-1.3744488978e-07 -0.0136508559633 0.739615389898 1.34074005267
-1.36863727455e-07 -0.0131749065585 0.753449390319 1.31643779137
-1.3628256513e-07 -0.0127087109446 0.767075502956 1.29276226956
-1.35701402806e-07 -0.0122867168985 0.779759523844 1.27192696317
-1.35120240481e-07 -0.0118747880311 0.792212213627 1.25170220008
-1.34539078156e-07 -0.0115027060366 0.803749090444 1.23389450703
-1.33957915832e-07 -0.0111364712327 0.815142086226 1.21642288425
-1.33376753507e-07 -0.0108103144479 0.825548887561 1.20125476623
-1.32795591182e-07 -0.0104841576631 0.835955688896 1.1860866482
-1.32214428858e-07 -0.0101980497286 0.845314438005 1.17310783787
-1.31633266533e-07 -0.00991390905216 0.85462170526 1.16023656952
-1.31052104208e-07 -0.00965553625472 0.863216297871 1.14871022725
-1.30470941884e-07 -0.00940960234341 0.871466862216 1.13783311894
-1.29889779559e-07 -0.00917354263203 0.8794304827 1.12744997948
-1.29308617234e-07 -0.00896212802556 0.886677917409 1.11829974136
-1.2872745491e-07 -0.00875071341908 0.893925352117 1.10914950324
-1.28146292585e-07 -0.00856354478772 0.900436492482 1.10116628503
-1.27565130261e-07 -0.0083831054668 0.90674327921 1.09350696548
-1.26983967936e-07 -0.008207054153 0.912911519059 1.08605162262
-1.26402805611e-07 -0.00805420984884 0.918347021094 1.07967505846
-1.25821643287e-07 -0.00790136554468 0.923782523128 1.07329849429
-1.25240480962e-07 -0.00775850055971 0.928891954834 1.06737158156
-1.24659318637e-07 -0.00763005315725 0.933530297704 1.06209430097
-1.24078156313e-07 -0.00750160575479 0.938168640574 1.05681702038
-1.23496993988e-07 -0.00738442927568 0.94242751688 1.05203373387
-1.22915831663e-07 -0.00727737871022 0.946345476515 1.04769425672
-1.22334669339e-07 -0.00717032814476 0.950263436151 1.04335477957
-1.21753507014e-07 -0.00707268929583 0.95385618443 1.03941789667
-1.21172344689e-07 -0.00698424642978 0.957131175789 1.03587437983
-1.20591182365e-07 -0.00689580356373 0.960406167148 1.03233086299
-1.2001002004e-07 -0.00681280575021 0.963488754375 1.02901537967
-1.19428857715e-07 -0.00674040182988 0.966197000158 1.02614355831
-1.18847695391e-07 -0.00666799790955 0.96890524594 1.02327173695
-1.18266533066e-07 -0.00659587943464 0.971603210771 1.02041165326
-1.17685370741e-07 -0.00653717185986 0.973818152209 1.01810303257
-1.17104208417e-07 -0.00647846428508 0.976033093648 1.01579441189
-1.16523046092e-07 -0.00641975671029 0.978248035086 1.01348579121
-1.15941883768e-07 -0.00636733254873 0.980232974456 1.01143154622
-1.15360721443e-07 -0.00632020683329 0.982023966123 1.00959180182
-1.14779559118e-07 -0.00627308111786 0.983814957789 1.00775205743
-1.14198396794e-07 -0.00622595540242 0.985605949455 1.00591231303
-1.13617234469e-07 -0.00618752345272 0.987074360562 1.00441991327
-1.13036072144e-07 -0.00615009140339 0.988505670551 1.00296746282
-1.1245490982e-07 -0.00611265935407 0.98993698054 1.00151501237
-1.11873747495e-07 -0.00607583548908 0.991345468096 1.00008659458
-1.1129258517e-07 -0.00604642977642 0.992475585627 0.998951308043
-1.10711422846e-07 -0.00601702406376 0.993605703158 0.99781602151
-1.10130260521e-07 -0.0059876183511 0.99473582069 0.996680734977
-1.09549098196e-07 -0.00595867822399 0.995848304179 0.99556367949
-1.08967935872e-07 -0.00593584365223 0.996729539898 0.994685700699
-1.08386773547e-07 -0.00591300908046 0.997610775616 0.993807721908
-1.07805611222e-07 -0.0058901745087 0.998492011335 0.992929743118
-1.07224448898e-07 -0.00586733993693 0.999373247054 0.992051764327
-1.06643286573e-07 -0.00584914793675 1.00007731505 0.991354229509
-1.06062124248e-07 -0.0058316298348 1.00075566604 0.99068288726
-1.05480961924e-07 -0.00581411173286 1.00143401703 0.990011545011
-1.04899799599e-07 -0.00579659363092 1.00211236802 0.989340202761
-1.04318637275e-07 -0.00578108785799 1.00271345869 0.988746606806
-1.0373747495e-07 -0.00576781810375 1.00322870083 0.98823939939
-1.03156312625e-07 -0.00575454834951 1.00374394297 0.987732191974
-1.02575150301e-07 -0.00574127859527 1.00425918511 0.987224984558
-1.01993987976e-07 -0.00572800884103 1.00477442725 0.986717777142
-1.01412825651e-07 -0.00571762908181 1.00517817726 0.98632169323
-1.00831663327e-07 -0.00570771033283 1.00556414212 0.985943335671
-1.00250501002e-07 -0.00569779158386 1.00595010697 0.985564978112
-9.96693386774e-08 -0.00568787283488 1.00633607182 0.985186620554
-9.90881763527e-08 -0.00567803053126 1.00671907637 0.984811191413
-9.85070140281e-08 -0.00567071926485 1.00700406786 0.98453271958
-9.79258517034e-08 -0.00566340799844 1.00728905934 0.984254247747
-9.73446893788e-08 -0.00565609673204 1.00757405083 0.983975775914
-9.67635270541e-08 -0.00564878546563 1.00785904231 0.983697304082
-9.61823647295e-08 -0.00564147419922 1.0081440338 0.983418832249
-9.56012024048e-08 -0.00563609050059 1.00835416311 0.983213986637
-9.50200400802e-08 -0.00563077946416 1.00856147039 0.983011916463
-9.44388777555e-08 -0.00562546842772 1.00876877767 0.982809846288
-9.38577154309e-08 -0.00562015739128 1.00897608495 0.982607776114
-9.32765531062e-08 -0.00561484635484 1.00918339223 0.982405705939
-9.26953907816e-08 -0.00561052441567 1.00935219971 0.982241332355
-9.21142284569e-08 -0.00560672505668 1.00950066617 0.982096875409
-9.15330661323e-08 -0.00560292569769 1.00964913263 0.981952418462
-9.09519038076e-08 -0.0055991263387 1.00979759909 0.981807961516
-9.0370741483e-08 -0.00559532697971 1.00994606555 0.981663504569
-8.97895791583e-08 -0.0055916282691 1.0100906078 0.981522877196
-8.92084168337e-08 -0.00558895365601 1.01019522109 0.981421215747
-8.8627254509e-08 -0.00558627904291 1.01029983439 0.981319554298
-8.80460921844e-08 -0.00558360442982 1.01040444768 0.981217892848
-8.74649298597e-08 -0.00558092981673 1.01050906098 0.981116231399
-8.68837675351e-08 -0.00557825520364 1.01061367427 0.98101456995
-8.63026052104e-08 -0.00557579211218 1.01071003023 0.980920946899
-8.57214428858e-08 -0.00557394077898 1.0107825045 0.980850572326
-8.51402805611e-08 -0.00557208944579 1.01085497876 0.980780197754
-8.45591182365e-08 -0.00557023811259 1.01092745303 0.980709823181
-8.39779559118e-08 -0.0055683867794 1.01099992729 0.980639448609
-8.33967935872e-08 -0.0055665354462 1.01107240156 0.980569074036
-8.28156312625e-08 -0.0055647692645 1.01114154868 0.980501932625
-8.22344689379e-08 -0.00556351031874 1.01119087648 0.980454050716
-8.16533066132e-08 -0.00556225137298 1.01124020427 0.980406168808
-8.10721442886e-08 -0.00556099242722 1.01128953206 0.9803582869
-8.04909819639e-08 -0.00555973348146 1.01133885986 0.980310404991
-7.99098196393e-08 -0.00555847453571 1.01138818765 0.980262523083
-7.93286573146e-08 -0.00555721558995 1.01143751545 0.980214641174
-7.874749499e-08 -0.0055562649749 1.01147478789 0.980178459346
-7.81663326653e-08 -0.00555542470877 1.01150774582 0.980146464876
-7.75851703407e-08 -0.00555458444264 1.01154070375 0.980114470406
-7.7004008016e-08 -0.00555374417651 1.01157366169 0.980082475936
-7.64228456914e-08 -0.00555290391038 1.01160661962 0.980050481466
-7.58416833667e-08 -0.00555206364425 1.01163957756 0.980018486996
-7.52605210421e-08 -0.00555122943413 1.0116722986 0.97998672224
-7.46793587174e-08 -0.0055506795783 1.0116938965 0.979965743497
-7.40981963928e-08 -0.00555012972247 1.01171549441 0.979944764754
-7.35170340681e-08 -0.00554957986664 1.01173709232 0.979923786011
-7.29358717435e-08 -0.00554903001081 1.01175869023 0.979902807268
-7.23547094188e-08 -0.00554848015498 1.01178028813 0.979881828524
-7.17735470942e-08 -0.00554793029915 1.01180188604 0.979860849781
-7.11923847695e-08 -0.00554738044332 1.01182348395 0.979839871038
-7.06112224449e-08 -0.00554702458649 1.01183749057 0.979826249379
-7.00300601202e-08 -0.00554667225287 1.01185135934 0.979812761332
-6.94488977956e-08 -0.00554631991925 1.0118652281 0.979799273284
-6.88677354709e-08 -0.00554596758564 1.01187909686 0.979785785237
-6.82865731463e-08 -0.00554561525202 1.01189296563 0.97977229719
-6.77054108216e-08 -0.0055452629184 1.01190683439 0.979758809142
-6.7124248497e-08 -0.00554491058478 1.01192070315 0.979745321095
-6.65430861723e-08 -0.00554463785242 1.01193145627 0.979734851613
-6.59619238477e-08 -0.00554441713048 1.01194017367 0.97972635442
-6.5380761523e-08 -0.00554419640853 1.01194889107 0.979717857228
-6.47995991984e-08 -0.00554397568658 1.01195760847 0.979709360036
-6.42184368737e-08 -0.00554375496463 1.01196632587 0.979700862844
-6.36372745491e-08 -0.00554353424269 1.01197504327 0.979692365652
-6.30561122244e-08 -0.00554331352074 1.01198376067 0.97968386846
-6.24749498998e-08 -0.00554309279879 1.01199247807 0.979675371267
-6.18937875752e-08 -0.00554294696381 1.0119982637 0.97966971419
-6.13126252505e-08 -0.00554281206942 1.01200362101 0.979664472038
-6.07314629259e-08 -0.00554267717502 1.01200897833 0.979659229886
-6.01503006012e-08 -0.00554254228063 1.01201433564 0.979653987735
-5.95691382766e-08 -0.00554240738624 1.01201969296 0.979648745583
-5.89879759519e-08 -0.00554227249185 1.01202505027 0.979643503431
-5.84068136273e-08 -0.00554213759745 1.01203040759 0.97963826128
-5.78256513026e-08 -0.00554200270306 1.0120357649 0.979633019128
-5.7244488978e-08 -0.00554190984718 1.01203947606 0.979629371844
-5.66633266533e-08 -0.0055418296753 1.01204269054 0.979626205767
-5.60821643287e-08 -0.00554174950341 1.01204590502 0.979623039691
-5.5501002004e-08 -0.00554166933152 1.01204911949 0.979619873615
-5.49198396794e-08 -0.00554158915963 1.01205233397 0.979616707538
-5.43386773547e-08 -0.00554150898775 1.01205554845 0.979613541462
-5.37575150301e-08 -0.00554142881586 1.01205876292 0.979610375386
-5.31763527054e-08 -0.00554134864397 1.0120619774 0.97960720931
-5.25951903808e-08 -0.00554127780757 1.01206482621 0.979604397651
-5.20140280561e-08 -0.0055412317102 1.01206670599 0.979602525197
-5.14328657315e-08 -0.00554118561283 1.01206858577 0.979600652743
-5.08517034068e-08 -0.00554113951546 1.01207046556 0.97959878029
-5.02705410822e-08 -0.00554109341809 1.01207234534 0.979596907836
-4.96893787575e-08 -0.00554104732072 1.01207422512 0.979595035382
-4.91082164329e-08 -0.00554100122335 1.0120761049 0.979593162929
-4.85270541082e-08 -0.00554095512598 1.01207798469 0.979591290475
-4.79458917836e-08 -0.00554090902861 1.01207986447 0.979589418021
-4.73647294589e-08 -0.00554087061038 1.01208144332 0.979587837483
-4.67835671343e-08 -0.0055408452088 1.01208251207 0.97958675176
-4.62024048096e-08 -0.00554081980722 1.01208358082 0.979585666037
-4.5621242485e-08 -0.00554079440564 1.01208464957 0.979584580313
-4.50400801603e-08 -0.00554076900406 1.01208571832 0.97958349459
-4.44589178357e-08 -0.00554074360248 1.01208678707 0.979582408867
-4.3877755511e-08 -0.0055407182009 1.01208785582 0.979581323144
-4.32965931864e-08 -0.00554069279932 1.01208892457 0.979580237421
-4.27154308617e-08 -0.00554066739774 1.01208999332 0.979579151698
-4.21342685371e-08 -0.00554064248315 1.01209104297 0.979578084532
-4.15531062124e-08 -0.00554062932479 1.01209163154 0.979577465356
-4.09719438878e-08 -0.00554061616642 1.01209222011 0.97957684618
-4.03907815631e-08 -0.00554060300806 1.01209280868 0.979576227003
-3.98096192385e-08 -0.00554058984969 1.01209339725 0.979575607827
-3.92284569138e-08 -0.00554057669133 1.01209398582 0.979574988651
-3.86472945892e-08 -0.00554056353296 1.01209457439 0.979574369475
-3.80661322645e-08 -0.0055405503746 1.01209516296 0.979573750299
-3.74849699399e-08 -0.00554053721623 1.01209575153 0.979573131122
-3.69038076152e-08 -0.00554052405786 1.0120963401 0.979572511946
-3.63226452906e-08 -0.00554051272711 1.01209685689 0.979571962735
-3.57414829659e-08 -0.00554050661026 1.01209716887 0.979571613124
-3.51603206413e-08 -0.00554050049341 1.01209748085 0.979571263514
-3.45791583166e-08 -0.00554049437656 1.01209779284 0.979570913903
-3.3997995992e-08 -0.0055404882597 1.01209810482 0.979570564292
-3.34168336673e-08 -0.00554048214285 1.01209841681 0.979570214681
-3.28356713427e-08 -0.005540476026 1.01209872879 0.979569865071
-3.2254509018e-08 -0.00554046990915 1.01209904078 0.97956951546
-3.16733466934e-08 -0.0055404637923 1.01209935276 0.979569165849
-3.10921843687e-08 -0.00554045767544 1.01209966475 0.979568816238
-3.05110220441e-08 -0.005540451593 1.01209997538 0.979568467957
-2.99298597194e-08 -0.00554044940265 1.01210013268 0.979568270009
-2.93486973948e-08 -0.00554044721231 1.01210028999 0.979568072061
-2.87675350701e-08 -0.00554044502196 1.01210044729 0.979567874114
-2.81863727455e-08 -0.00554044283161 1.01210060459 0.979567676166
-2.76052104208e-08 -0.00554044064127 1.0121007619 0.979567478218
-2.70240480962e-08 -0.00554043845092 1.0121009192 0.979567280271
-2.64428857715e-08 -0.00554043626058 1.01210107651 0.979567082323
-2.58617234469e-08 -0.00554043407023 1.01210123381 0.979566884376
-2.52805611222e-08 -0.00554043187988 1.01210139111 0.979566686428
-2.46993987976e-08 -0.00554042968954 1.01210154842 0.97956648848
-2.41182364729e-08 -0.00554042805852 1.01210168356 0.979566312526
-2.35370741483e-08 -0.0055404279806 1.01210175715 0.979566197642
-2.29559118236e-08 -0.00554042790268 1.01210183075 0.979566082757
-2.2374749499e-08 -0.00554042782476 1.01210190435 0.979565967873
-2.17935871743e-08 -0.00554042774684 1.01210197794 0.979565852989
-2.12124248497e-08 -0.00554042766892 1.01210205154 0.979565738104
-2.0631262525e-08 -0.005540427591 1.01210212513 0.97956562322
-2.00501002004e-08 -0.00554042751308 1.01210219873 0.979565508336
-1.94689378758e-08 -0.00554042743517 1.01210227233 0.979565393452
-1.88877755511e-08 -0.00554042735725 1.01210234592 0.979565278567
-1.83066132265e-08 -0.00554042727933 1.01210241952 0.979565163683
-1.77254509018e-08 -0.0055404272056 1.01210249295 0.97956504897
-1.71442885772e-08 -0.00554042821189 1.01210252304 0.979564978333
-1.65631262525e-08 -0.00554042921818 1.01210255314 0.979564907696
-1.59819639279e-08 -0.00554043022447 1.01210258323 0.979564837059
-1.54008016032e-08 -0.00554043123076 1.01210261333 0.979564766423
-1.48196392786e-08 -0.00554043223705 1.01210264342 0.979564695786
-1.42384769539e-08 -0.00554043324334 1.01210267352 0.979564625149
-1.36573146293e-08 -0.00554043424963 1.01210270361 0.979564554512
-1.30761523046e-08 -0.00554043525593 1.0121027337 0.979564483876
-1.249498998e-08 -0.00554043626222 1.0121027638 0.979564413239
-1.19138276553e-08 -0.00554043726851 1.01210279389 0.979564342602
-1.13326653307e-08 -0.0055404382748 1.01210282399 0.979564271965
-1.0751503006e-08 -0.0055404393843 1.01210284982 0.979564205907
-1.01703406814e-08 -0.00554044090369 1.01210285872 0.97956415803
-9.58917835671e-09 -0.00554044242308 1.01210286762 0.979564110152
-9.00801603206e-09 -0.00554044394248 1.01210287653 0.979564062275
-8.42685370741e-09 -0.00554044546187 1.01210288543 0.979564014398
-7.84569138277e-09 -0.00554044698126 1.01210289433 0.97956396652
-7.26452905812e-09 -0.00554044850065 1.01210290323 0.979563918643
-6.68336673347e-09 -0.00554045002004 1.01210291213 0.979563870766
-6.10220440882e-09 -0.00554045153943 1.01210292103 0.979563822888
-5.52104208417e-09 -0.00554045305882 1.01210292994 0.979563775011
-4.93987975952e-09 -0.00554045457821 1.01210293884 0.979563727134
-4.35871743487e-09 -0.00554045609761 1.01210294774 0.979563679256
-3.77755511022e-09 -0.005540457617 1.01210295664 0.979563631379
-3.19639278557e-09 -0.00554045929585 1.01210295834 0.979563592432
-2.61523046092e-09 -0.00554046100724 1.01210295856 0.979563555306
-2.03406813627e-09 -0.00554046271862 1.01210295879 0.97956351818
-1.45290581162e-09 -0.00554046443001 1.01210295902 0.979563481055
-8.71743486974e-10 -0.00554046614139 1.01210295924 0.979563443929
-2.90581162324e-10 -0.00554046785277 1.01210295947 0.979563406803
2.90581162325e-10 -0.00554046956416 1.01210295969 0.979563369678
8.71743486974e-10 -0.00554047127554 1.01210295992 0.979563332552
1.45290581162e-09 -0.00554047298692 1.01210296014 0.979563295426
2.03406813627e-09 -0.00554047469831 1.01210296037 0.979563258301
2.61523046092e-09 -0.00554047640969 1.0121029606 0.979563221175
3.19639278557e-09 -0.00554047812108 1.01210296082 0.979563184049
3.77755511022e-09 -0.00554047983076 1.01210296092 0.979563147448
4.35871743487e-09 -0.00554048153213 1.01210296038 0.979563113419
4.93987975952e-09 -0.0055404832335 1.01210295984 0.979563079391
5.52104208417e-09 -0.00554048493487 1.01210295929 0.979563045362
6.10220440882e-09 -0.00554048663624 1.01210295875 0.979563011333
6.68336673347e-09 -0.00554048833761 1.01210295821 0.979562977304
7.26452905812e-09 -0.00554049003898 1.01210295767 0.979562943276
7.84569138277e-09 -0.00554049174035 1.01210295713 0.979562909247
8.42685370742e-09 -0.00554049344172 1.01210295659 0.979562875218
9.00801603206e-09 -0.00554049514309 1.01210295604 0.979562841189
9.58917835671e-09 -0.00554049684446 1.0121029555 0.979562807161
1.01703406814e-08 -0.00554049854583 1.01210295496 0.979562773132
1.0751503006e-08 -0.0055405002472 1.01210295442 0.979562739103
1.13326653307e-08 -0.00554050181154 1.01210295836 0.979562702531
1.19138276553e-08 -0.00554050334136 1.01210296343 0.979562665319
1.249498998e-08 -0.00554050487119 1.0121029685 0.979562628107
1.30761523046e-08 -0.00554050640102 1.01210297356 0.979562590895
1.36573146293e-08 -0.00554050793084 1.01210297863 0.979562553683
1.42384769539e-08 -0.00554050946067 1.0121029837 0.979562516471
1.48196392786e-08 -0.0055405109905 1.01210298877 0.979562479259
1.54008016032e-08 -0.00554051252032 1.01210299384 0.979562442047
1.59819639279e-08 -0.00554051405015 1.01210299891 0.979562404834
1.65631262525e-08 -0.00554051557998 1.01210300397 0.979562367622
1.71442885772e-08 -0.0055405171098 1.01210300904 0.97956233041
1.77254509018e-08 -0.00554051863963 1.01210301411 0.979562293198
1.83066132265e-08 -0.00554051979849 1.01210303265 0.979562245081
1.88877755511e-08 -0.00554052095591 1.01210305124 0.979562196922
1.94689378758e-08 -0.00554052211333 1.01210306984 0.979562148763
2.00501002004e-08 -0.00554052327074 1.01210308843 0.979562100604
2.06312625251e-08 -0.00554052442816 1.01210310702 0.979562052445
2.12124248497e-08 -0.00554052558558 1.01210312561 0.979562004285
2.17935871743e-08 -0.005540526743 1.01210314421 0.979561956126
2.2374749499e-08 -0.00554052790042 1.0121031628 0.979561907967
2.29559118236e-08 -0.00554052905783 1.01210318139 0.979561859808
2.35370741483e-08 -0.00554053021525 1.01210319998 0.979561811649
2.41182364729e-08 -0.00554053137267 1.01210321858 0.97956176349
2.46993987976e-08 -0.00554053201748 1.0121032565 0.979561698126
2.52805611222e-08 -0.00554053247769 1.01210330138 0.979561626567
2.58617234469e-08 -0.00554053293789 1.01210334626 0.979561555008
2.64428857715e-08 -0.0055405333981 1.01210339114 0.97956148345
2.70240480962e-08 -0.0055405338583 1.01210343602 0.979561411891
2.76052104208e-08 -0.0055405343185 1.0121034809 0.979561340332
2.81863727455e-08 -0.00554053477871 1.01210352578 0.979561268773
2.87675350701e-08 -0.00554053523891 1.01210357066 0.979561197214
2.93486973948e-08 -0.00554053569912 1.01210361554 0.979561125655
2.99298597194e-08 -0.00554053615932 1.01210366042 0.979561054096
3.05110220441e-08 -0.00554053661953 1.0121037053 0.979560982537
3.10921843687e-08 -0.00554053583534 1.01210379794 0.979560866681
3.16733466934e-08 -0.00554053504015 1.01210389101 0.979560750434
3.2254509018e-08 -0.00554053424497 1.01210398408 0.979560634187
3.28356713427e-08 -0.00554053344978 1.01210407715 0.97956051794
3.34168336673e-08 -0.00554053265459 1.01210417022 0.979560401693
3.3997995992e-08 -0.00554053185941 1.01210426329 0.979560285445
3.45791583166e-08 -0.00554053106422 1.01210435636 0.979560169198
3.51603206413e-08 -0.00554053026903 1.01210444943 0.979560052951
3.57414829659e-08 -0.00554052947385 1.0121045425 0.979559936704
3.63226452906e-08 -0.00554052867866 1.01210463556 0.979559820457
3.69038076152e-08 -0.00554052624834 1.01210479197 0.979559644287
3.74849699399e-08 -0.00554052324485 1.01210497057 0.979559447113
3.80661322645e-08 -0.00554052024137 1.01210514918 0.979559249939
3.86472945892e-08 -0.00554051723789 1.01210532778 0.979559052765
3.92284569138e-08 -0.0055405142344 1.01210550639 0.979558855591
3.98096192385e-08 -0.00554051123092 1.01210568499 0.979558658416
4.03907815631e-08 -0.00554050822744 1.0121058636 0.979558461242
4.09719438878e-08 -0.00554050522395 1.01210604221 0.979558264068
4.15531062124e-08 -0.00554050222047 1.01210622081 0.979558066894
4.21342685371e-08 -0.00554049921699 1.01210639942 0.97955786972
4.27154308617e-08 -0.00554049256665 1.01210671996 0.979557536881
4.32965931864e-08 -0.00554048576525 1.01210704638 0.979557198422
4.3877755511e-08 -0.00554047896385 1.01210737279 0.979556859962
4.44589178357e-08 -0.00554047216245 1.01210769921 0.979556521503
4.50400801603e-08 -0.00554046536104 1.01210802563 0.979556183044
4.5621242485e-08 -0.00554045855964 1.01210835205 0.979555844585
4.62024048096e-08 -0.00554045175824 1.01210867847 0.979555506126
4.67835671343e-08 -0.00554044495683 1.01210900489 0.979555167667
4.73647294589e-08 -0.00554043815543 1.01210933131 0.979554829208
4.79458917836e-08 -0.00554042734066 1.01210981433 0.979554340253
4.85270541082e-08 -0.00554041415821 1.01211038974 0.979553762513
4.91082164329e-08 -0.00554040097576 1.01211096514 0.979553184774
4.96893787575e-08 -0.00554038779331 1.01211154054 0.979552607034
5.02705410822e-08 -0.00554037461087 1.01211211595 0.979552029295
5.08517034068e-08 -0.00554036142842 1.01211269135 0.979551451555
5.14328657315e-08 -0.00554034824597 1.01211326676 0.979550873816
5.20140280561e-08 -0.00554033506352 1.01211384216 0.979550296076
5.25951903808e-08 -0.00554032188107 1.01211441756 0.979549718337
5.31763527054e-08 -0.00554030109688 1.01211529 0.979548854299
5.37575150301e-08 -0.00554027744409 1.01211627453 0.979547882223
5.43386773547e-08 -0.00554025379131 1.01211725906 0.979546910147
5.49198396794e-08 -0.00554023013852 1.01211824359 0.979545938072
5.5501002004e-08 -0.00554020648574 1.01211922812 0.979544965996
5.60821643287e-08 -0.00554018283295 1.01212021265 0.97954399392
5.66633266533e-08 -0.00554015918017 1.01212119717 0.979543021844
5.7244488978e-08 -0.00554013552738 1.0121221817 0.979542049769
5.78256513026e-08 -0.00554010798463 1.01212331835 0.979540930832
5.84068136273e-08 -0.00554006754936 1.01212495918 0.979539325154
5.89879759519e-08 -0.00554002711409 1.01212660001 0.979537719476
5.95691382766e-08 -0.00553998667882 1.01212824083 0.979536113798
6.01503006012e-08 -0.00553994624355 1.01212988166 0.97953450812
6.07314629259e-08 -0.00553990580828 1.01213152249 0.979532902442
6.13126252505e-08 -0.00553986537301 1.01213316332 0.979531296764
6.18937875752e-08 -0.00553982493774 1.01213480414 0.979529691086
6.24749498998e-08 -0.00553978115093 1.0121365761 0.979527958701
6.30561122244e-08 -0.00553971442325 1.01213924561 0.979525359018
6.36372745491e-08 -0.00553964769557 1.01214191513 0.979522759336
6.42184368737e-08 -0.00553958096789 1.01214458464 0.979520159653
6.47995991984e-08 -0.00553951424022 1.01214725416 0.97951755997
6.5380761523e-08 -0.00553944751254 1.01214992368 0.979514960288
6.59619238477e-08 -0.00553938078486 1.01215259319 0.979512360605
6.65430861723e-08 -0.00553931405718 1.01215526271 0.979509760923
6.7124248497e-08 -0.00553923140717 1.01215855537 0.979506558814
6.77054108216e-08 -0.00553912438824 1.01216280177 0.979502434699
6.82865731463e-08 -0.0055390173693 1.01216704816 0.979498310583
6.88677354709e-08 -0.00553891035037 1.01217129456 0.979494186468
6.94488977956e-08 -0.00553880333144 1.01217554095 0.979490062353
7.00300601202e-08 -0.00553869631251 1.01217978734 0.979485938238
7.06112224449e-08 -0.00553858929358 1.01218403374 0.979481814123
7.11923847695e-08 -0.00553848119649 1.01218832234 0.979477649198
7.17735470942e-08 -0.00553831373269 1.01219493489 0.979471237148
7.23547094188e-08 -0.00553814626889 1.01220154745 0.979464825098
7.29358717435e-08 -0.00553797880509 1.01220816 0.979458413048
7.35170340681e-08 -0.00553781134128 1.01221477255 0.979452000998
7.40981963928e-08 -0.00553764387748 1.01222138511 0.979445588948
7.46793587174e-08 -0.00553747641368 1.01222799766 0.979439176897
7.52605210421e-08 -0.00553730894988 1.01223461022 0.979432764847
7.58416833667e-08 -0.00553705449045 1.01224462894 0.979423059189
7.64228456914e-08 -0.00553679817824 1.0122547202 0.979413283386
7.7004008016e-08 -0.00553654186603 1.01226481146 0.979403507582
7.75851703407e-08 -0.00553628555381 1.01227490273 0.979393731779
7.81663326653e-08 -0.0055360292416 1.01228499399 0.979383955975
7.874749499e-08 -0.00553577292939 1.01229508525 0.979374180172
7.93286573146e-08 -0.00553548286203 1.0123064984 0.979363126351
7.99098196393e-08 -0.00553509847795 1.01232160511 0.979348501566
8.04909819639e-08 -0.00553471409387 1.01233671181 0.97933387678
8.10721442886e-08 -0.00553432970979 1.01235181852 0.979319251995
8.16533066132e-08 -0.0055339453257 1.01236692522 0.97930462721
8.22344689379e-08 -0.00553356094162 1.01238203192 0.979290002425
8.28156312625e-08 -0.00553317655754 1.01239713863 0.979275377639
8.33967935872e-08 -0.00553263702735 1.01241832246 0.979254879249
8.39779559118e-08 -0.00553207145224 1.01244052647 0.979233394837
8.45591182365e-08 -0.00553150587713 1.01246273049 0.979211910424
8.51402805611e-08 -0.00553094030201 1.01248493451 0.979190426011
8.57214428858e-08 -0.0055303747269 1.01250713852 0.979168941598
8.63026052104e-08 -0.00552980915178 1.01252934254 0.979147457185
8.68837675351e-08 -0.00552905647175 1.01255887772 0.979118890645
8.74649298597e-08 -0.00552823909828 1.01259094773 0.979087875386
8.80460921844e-08 -0.00552742172482 1.01262301774 0.979056860128
8.8627254509e-08 -0.00552660435135 1.01265508775 0.979025844869
8.92084168337e-08 -0.00552578697788 1.01268715775 0.97899482961
8.97895791583e-08 -0.00552496960442 1.01271922776 0.978963814352
9.0370741483e-08 -0.00552383902395 1.01276357472 0.978920947726
9.09519038076e-08 -0.00552267766147 1.01280912825 0.978876916347
9.15330661323e-08 -0.005521516299 1.01285468179 0.978832884967
9.21142284569e-08 -0.00552035493652 1.01290023532 0.978788853588
9.26953907816e-08 -0.00551919357404 1.01294578886 0.978744822209
9.32765531062e-08 -0.00551787239016 1.01299761027 0.978694746261
9.38577154309e-08 -0.00551624870931 1.013061295 0.978633229643
9.44388777555e-08 -0.00551462502846 1.01312497974 0.978571713026
9.50200400802e-08 -0.00551300134761 1.01318866447 0.978510196408
9.56012024048e-08 -0.00551137766676 1.01325234921 0.978448679791
9.61823647295e-08 -0.00550973176368 1.01331690605 0.978386323263
9.67635270541e-08 -0.00550749635386 1.01340459804 0.978301685748
9.73446893788e-08 -0.00550526094405 1.01349229004 0.978217048234
9.79258517034e-08 -0.00550302553423 1.01357998203 0.97813241072
9.85070140281e-08 -0.00550079012441 1.01366767402 0.978047773205
9.90881763527e-08 -0.0054985547146 1.01375536601 0.977963135691
9.96693386774e-08 -0.00549554523724 1.01387346342 0.977849267098
1.00250501002e-07 -0.0054925123806 1.01399247918 0.977734515633
1.00831663327e-07 -0.00548947952395 1.01411149493 0.977619764169
1.01412825651e-07 -0.00548644666731 1.01423051068 0.977505012704
1.01993987976e-07 -0.00548327281831 1.014355071 0.977384943015
1.02575150301e-07 -0.00547921511217 1.01451438933 0.977231534275
1.03156312625e-07 -0.00547515740604 1.01467370765 0.977078125536
1.0373747495e-07 -0.0054710996999 1.01483302597 0.976924716797
1.04318637275e-07 -0.00546704199377 1.01499234429 0.976771308058
1.04899799599e-07 -0.00546230042634 1.01517859516 0.976592141709
1.05480961924e-07 -0.0054569434106 1.01538908428 0.976389794522
1.06062124248e-07 -0.00545158639486 1.0155995734 0.976187447335
1.06643286573e-07 -0.00544622937912 1.01581006251 0.975985100148
1.07224448898e-07 -0.00544066625434 1.0160286838 0.975775004143
1.07805611222e-07 -0.0054336832179 1.01630332866 0.975511525538
1.08386773547e-07 -0.00542670018147 1.01657797353 0.975248046933
1.08967935872e-07 -0.00541971714503 1.01685261839 0.974984568329
1.09549098196e-07 -0.00541273410859 1.01712726326 0.974721089724
1.10130260521e-07 -0.00540388366121 1.01747575669 0.974387565023
1.10711422846e-07 -0.00539489081244 1.01782988152 0.974048698884
1.1129258517e-07 -0.00538589796367 1.01818400636 0.973709832745
1.11873747495e-07 -0.0053769051149 1.01853813119 0.973370966606
1.1245490982e-07 -0.00536564332389 1.01898223538 0.972947232175
1.13036072144e-07 -0.00535419551148 1.01943371662 0.972516539737
1.13617234469e-07 -0.00534274769907 1.01988519785 0.972085847298
1.14198396794e-07 -0.00533099404482 1.02034884913 0.97164375408
1.14779559118e-07 -0.00531658120835 1.02091831438 0.971102535287
1.15360721443e-07 -0.00530216837188 1.02148777963 0.970561316494
1.15941883768e-07 -0.00528775553541 1.02205724489 0.9700200977
1.16523046092e-07 -0.00527172201432 1.02269146352 0.969418712699
1.17104208417e-07 -0.00525376652765 1.02340247302 0.968745976749
1.17685370741e-07 -0.00523581104098 1.02411348251 0.9680732408
1.18266533066e-07 -0.00521785555431 1.02482449201 0.967400504851
1.18847695391e-07 -0.00519579791353 1.02570019422 0.966576222595
1.19428857715e-07 -0.00517365296011 1.02657940184 0.965748714739
1.2001002004e-07 -0.00515150800669 1.02745860947 0.964921206883
1.20591182365e-07 -0.005126122616 1.02846865398 0.963974673567
1.21172344689e-07 -0.00509907170435 1.02954594607 0.962966963508
1.21753507014e-07 -0.0050720207927 1.03062323817 0.96195925345
1.22334669339e-07 -0.00504215717524 1.03181484876 0.960848919722
1.22915831663e-07 -0.00500941486713 1.03312345973 0.959633554821
1.23496993988e-07 -0.00497667255902 1.03443207069 0.95841818992
1.24078156313e-07 -0.00494083343693 1.03586750782 0.957090708362
1.24659318637e-07 -0.00490154732187 1.03744411227 0.955638432315
1.25240480962e-07 -0.00486226120682 1.03902071672 0.954186156267
1.25821643287e-07 -0.00481856654803 1.0407794417 0.952575686852
1.26402805611e-07 -0.00477182045775 1.0426642238 0.950855721818
1.26983967936e-07 -0.00472507436748 1.04454900589 0.949135756783
1.27565130261e-07 -0.00467123415047 1.04672974654 0.947163792439
1.28146292585e-07 -0.00461605256812 1.04896644736 0.945144179786
1.2872745491e-07 -0.00455881477181 1.05128988293 0.94305235503
1.29308617234e-07 -0.00449416835421 1.05392582726 0.940700347175
1.29889779559e-07 -0.00442952193661 1.05656177159 0.938348339319
1.30470941884e-07 -0.00435734941283 1.05951910793 0.935735383135
1.31052104208e-07 -0.00428216151226 1.06260521179 0.933017876534
1.31633266533e-07 -0.00420317812656 1.06585561543 0.930170632507
1.32214428858e-07 -0.00411633217179 1.06944637566 0.927054629826
1.32795591182e-07 -0.00402888659872 1.07306348267 0.923918451317
1.33376753507e-07 -0.00392923417506 1.07721694961 0.920371539335
1.33957915832e-07 -0.00382958175141 1.08137041655 0.916824627353
1.34539078156e-07 -0.00371773089808 1.08606866896 0.912874311101
1.35120240481e-07 -0.00360410035244 1.09084640295 0.908865140102
1.35701402806e-07 -0.00347836370199 1.09617441632 0.904463122099
1.3628256513e-07 -0.00334956909245 1.10164142831 0.899961872338
1.36863727455e-07 -0.00320737591286 1.10772913763 0.895034683994
1.3744488978e-07 -0.00306222612205 1.11395381385 0.890013505412
1.38026052104e-07 -0.0029007451147 1.12095056537 0.884484573927
1.38607214429e-07 -0.00273563153845 1.12812155061 0.878844481486
1.39188376754e-07 -0.00255422266766 1.13607973864 0.872709725273
1.39769539078e-07 -0.00236465760536 1.14444105227 0.866333637099
1.40350701403e-07 -0.00216337914763 1.15338130888 0.85961096355
1.40931863727e-07 -0.0019459255816 1.16314050375 0.852422574758
1.41513026052e-07 -0.001719110268 1.17337955201 0.844968377994
1.42094188377e-07 -0.00147476001479 1.18452904742 0.837023731874
1.42675350701e-07 -0.00121392606523 1.19655719431 0.82863194937
1.43256513026e-07 -0.000939496221549 1.20932031476 0.81987735886
1.43837675351e-07 -0.000647912581372 1.22302308361 0.81067223037
1.44418837675e-07 -0.000333043158293 1.23803785482 0.800875877432
1.45e-07 0 1.25405943552 0.790604936085
