-1.45e-07 -0.023813366389 0.638813633959 1.55548112332
-1.44418837675e-07 -0.0231419733902 0.65568827448 1.51575545258
-1.43837675351e-07 -0.0225070679405 0.671937088116 1.47885936473
-1.43256513026e-07 -0.0219169189017 0.687479285029 1.44553585582
-1.42675350701e-07 -0.0213615877954 0.702428042984 1.41485292787
-1.42094188377e-07 -0.0208349795849 0.716865048784 1.38628395544
-1.41513026052e-07 -0.0203349970526 0.730813340325 1.35963343016
-1.40931863727e-07 -0.0198740774937 0.743999031499 1.33567589473
-1.40350701403e-07 -0.0194367845212 0.75669488014 1.31327670382
-1.39769539078e-07 -0.0190201308238 0.768955350737 1.29222172906
-1.39188376754e-07 -0.0186327260943 0.780574783962 1.27301670239
-1.38607214429e-07 -0.0182685493904 0.791658365906 1.25522365915
-1.38026052104e-07 -0.0179201340485 0.802371944191 1.23837590929
-1.3744488978e-07 -0.0175970369131 0.812473173363 1.22301062983
-1.36863727455e-07 -0.0172923178743 0.822110105007 1.20868416935
-1.3628256513e-07 -0.0169994809468 0.831445480054 1.19502690343
-1.35701402806e-07 -0.016732230987 0.840107956196 1.18276882288
-1.35120240481e-07 -0.0164756226359 0.848480043445 1.17107488573
-1.34539078156e-07 -0.0162333525107 0.856460868269 1.16014106067
-1.33957915832e-07 -0.0160087730715 0.863942280875 1.15011827441
-1.33376753507e-07 -0.0157910106076 0.871230024954 1.14044466983
-1.32795591182e-07 -0.0155932629794 0.877934867366 1.13177432108
-1.32214428858e-07 -0.0154018953641 0.88444852123 1.12341584511
-1.31633266533e-07 -0.0152238679276 0.890562412678 1.1157094742
-1.31052104208e-07 -0.0150556745624 0.896373811229 1.10847276354
-1.30470941884e-07 -0.0148957899973 0.901929633738 1.10163286849
-1.29889779559e-07 -0.0147478716999 0.907108493644 1.09535230583
-1.29308617234e-07 -0.0146046388033 0.912139753574 1.08929075016
-1.2872745491e-07 -0.0144743994939 0.916752691972 1.08382462904
-1.28146292585e-07 -0.0143464118515 0.92129313917 1.07846169115
-1.27565130261e-07 -0.014231539796 0.925402902767 1.07368893395
-1.26983967936e-07 -0.0141174742718 0.929486181862 1.06895246939
-1.26402805611e-07 -0.0140159229773 0.933151079347 1.06476981014
-1.25821643287e-07 -0.0139145380116 0.936810416049 1.06059451162
-1.25240480962e-07 -0.0138245068954 0.940083941182 1.05691407009
-1.24659318637e-07 -0.0137346406061 0.943351865386 1.05324081254
-1.24078156313e-07 -0.0136545555827 0.946282493747 1.04998799802
-1.23496993988e-07 -0.0135751236714 0.949190600281 1.04676325721
-1.22915831663e-07 -0.0135036178136 0.951821739559 1.04387495107
-1.22334669339e-07 -0.0134336112824 0.954400486514 1.04105028637
-1.21753507014e-07 -0.0133695057218 0.95677055825 1.03847326084
-1.21172344689e-07 -0.0133079884113 0.959049102051 1.03600485339
-1.20591182365e-07 -0.0132502736412 0.961191731922 1.03369439143
-1.2001002004e-07 -0.0131963796031 0.963197797643 1.03154263059
-1.19428857715e-07 -0.0131441973445 0.965142091455 1.02946131792
-1.18847695391e-07 -0.0130971280669 0.966901876353 1.02759042963
-1.18266533066e-07 -0.0130500587893 0.96866166125 1.02571954134
-1.17685370741e-07 -0.0130087753499 0.970210867615 1.02408480634
-1.17104208417e-07 -0.0129677968534 0.971748975428 1.0224625178
-1.16523046092e-07 -0.0129300417516 0.973168872676 1.02097082587
-1.15941883768e-07 -0.0128944815793 0.974508275951 1.01956806202
-1.15360721443e-07 -0.0128598076192 0.975814960041 1.01820096794
-1.14779559118e-07 -0.0128290517414 0.976976987541 1.01699157546
-1.14198396794e-07 -0.0127982958636 0.97813901504 1.01578218297
-1.13617234469e-07 -0.0127705853036 0.979187937939 1.01469465093
-1.13036072144e-07 -0.0127440749626 0.980192284113 1.01365514646
-1.1245490982e-07 -0.0127182827809 0.981169817339 1.01264423193
-1.11873747495e-07 -0.012695511298 0.982034570807 1.01175357151
-1.1129258517e-07 -0.012672739815 0.982899324275 1.01086291109
-1.10711422846e-07 -0.0126519613748 0.983689322885 1.01005123466
-1.10130260521e-07 -0.012632470944 0.984431010957 1.00929060186
-1.09549098196e-07 -0.0126129805132 0.98517269903 1.00852996906
-1.08967935872e-07 -0.0125962499312 0.985810453028 1.00787827435
-1.08386773547e-07 -0.0125796284222 0.986444099406 1.00723088503
-1.07805611222e-07 -0.0125636424153 0.987053728937 1.00660849348
-1.07224448898e-07 -0.012549520208 0.987592921885 1.00605941537
-1.06643286573e-07 -0.0125353980007 0.988132114833 1.00551033726
-1.06062124248e-07 -0.0125223231269 0.988631605929 1.00500233199
-1.05480961924e-07 -0.0125103699976 0.989088574436 1.0045383177
-1.04899799599e-07 -0.0124984168683 0.989545542943 1.00407430341
-1.04318637275e-07 -0.0124876755142 0.989956454323 1.00365768621
-1.0373747495e-07 -0.012477597593 0.990342149962 1.00326701837
-1.03156312625e-07 -0.0124675196718 0.9907278456 1.00287635053
-1.02575150301e-07 -0.0124586412112 0.991067847979 1.00253249183
-1.01993987976e-07 -0.0124501780282 0.991392030423 1.00220483941
-1.01412825651e-07 -0.0124417148453 0.991716212866 1.001877187
-1.00831663327e-07 -0.0124343195133 0.991999635796 1.0015911264
-1.00250501002e-07 -0.0124272411484 0.992270960197 1.00131741139
-9.96693386774e-08 -0.0124201627835 0.992542284599 1.00104369637
-9.90881763527e-08 -0.0124139471827 0.992780622199 1.00080352908
-9.85070140281e-08 -0.0124080515324 0.993006726857 1.00057580274
-9.79258517034e-08 -0.0124021558822 0.993232831516 1.00034807641
-9.73446893788e-08 -0.0123968800907 0.993435202583 1.00014441827
-9.67635270541e-08 -0.0123919902636 0.993622795573 0.999955746566
-9.61823647295e-08 -0.0123871004366 0.993810388563 0.999767074859
-9.56012024048e-08 -0.0123825766646 0.993983948688 0.999592599287
-9.50200400802e-08 -0.0123785385139 0.994138892338 0.99943695679
-9.44388777555e-08 -0.0123745003632 0.994293835988 0.999281314293
-9.38577154309e-08 -0.0123705830867 0.994444141096 0.999130354646
-9.32765531062e-08 -0.0123672628867 0.994571533414 0.999002526659
-9.26953907816e-08 -0.0123639426866 0.994698925733 0.998874698671
-9.21142284569e-08 -0.0123606224866 0.994826318051 0.998746870684
-9.15330661323e-08 -0.0123578024401 0.994934500273 0.998638402583
-9.09519038076e-08 -0.0123550847118 0.99503875262 0.998533895
-9.0370741483e-08 -0.0123523669834 0.995143004966 0.998429387418
-8.97895791583e-08 -0.0123498572984 0.995239260837 0.998332926869
-8.92084168337e-08 -0.012347642786 0.995324171291 0.998247883468
-8.8627254509e-08 -0.0123454282735 0.995409081744 0.998162840068
-8.80460921844e-08 -0.012343213761 0.995493992197 0.998077796667
-8.74649298597e-08 -0.0123413825425 0.995564161068 0.998007569807
-8.68837675351e-08 -0.0123395863422 0.995632983126 0.997938696609
-8.63026052104e-08 -0.012337790142 0.995701805184 0.99786982341
-8.57214428858e-08 -0.012336110507 0.995766141793 0.997805453811
-8.51402805611e-08 -0.0123346603473 0.995821648158 0.99774995019
-8.45591182365e-08 -0.0123332101876 0.995877154523 0.997694446568
-8.39779559118e-08 -0.0123317600279 0.995932660888 0.997638942947
-8.33967935872e-08 -0.0123305016135 0.995980785658 0.997590844352
-8.28156312625e-08 -0.0123293362827 0.996025326992 0.997546340567
-8.22344689379e-08 -0.012328170952 0.996069868326 0.997501836782
-8.16533066132e-08 -0.0123270056212 0.996114409661 0.997457332997
-8.10721442886e-08 -0.0123260556558 0.996150657048 0.997421143373
-8.04909819639e-08 -0.012325123575 0.996186215683 0.997385644181
-7.99098196393e-08 -0.0123241914942 0.996221774318 0.997350144988
-7.93286573146e-08 -0.0123232756057 0.99625670917 0.997315270706
-7.874749499e-08 -0.0123225335395 0.996284947838 0.997287104714
-7.81663326653e-08 -0.0123217914733 0.996313186506 0.997258938722
-7.75851703407e-08 -0.0123210494071 0.996341425174 0.99723077273
-7.7004008016e-08 -0.0123203314821 0.996368733595 0.997203538158
-7.64228456914e-08 -0.0123197433832 0.996391039335 0.997181312574
-7.58416833667e-08 -0.0123191552843 0.996413345075 0.997159086989
-7.52605210421e-08 -0.0123185671853 0.996435650815 0.997136861405
-7.46793587174e-08 -0.0123179959524 0.996457306488 0.997115286388
-7.40981963928e-08 -0.0123175319303 0.996474829915 0.997097846803
-7.35170340681e-08 -0.0123170679083 0.996492353342 0.997080407218
-7.29358717435e-08 -0.0123166038862 0.996509876769 0.997062967633
-7.23547094188e-08 -0.0123161418979 0.99652732179 0.997045606478
-7.17735470942e-08 -0.0123157773063 0.99654101198 0.997032001334
-7.11923847695e-08 -0.0123154127147 0.996554702171 0.997018396191
-7.06112224449e-08 -0.0123150481231 0.996568392361 0.997004791047
-7.00300601202e-08 -0.0123146835316 0.996582082551 0.996991185903
-6.94488977956e-08 -0.0123143829637 0.996593303946 0.996980049221
-6.88677354709e-08 -0.0123140975962 0.996603939208 0.996969498593
-6.82865731463e-08 -0.0123138122286 0.99661457447 0.996958947966
-6.77054108216e-08 -0.012313526861 0.996625209733 0.996948397338
-6.7124248497e-08 -0.0123132726635 0.996634642777 0.9969390482
-6.65430861723e-08 -0.0123130500506 0.996642857613 0.996930916535
-6.59619238477e-08 -0.0123128274377 0.996651072448 0.996922784871
-6.5380761523e-08 -0.0123126048248 0.996659287283 0.996914653206
-6.47995991984e-08 -0.0123123863528 0.996667342362 0.996906681117
-6.42184368737e-08 -0.0123122131512 0.996673650918 0.996900453581
-6.36372745491e-08 -0.0123120399497 0.996679959474 0.996894226045
-6.30561122244e-08 -0.0123118667482 0.996686268029 0.996887998509
-6.24749498998e-08 -0.0123116935466 0.996692576585 0.996881770974
-6.18937875752e-08 -0.012311542272 0.996698038942 0.996876388158
-6.13126252505e-08 -0.0123114077373 0.996702855279 0.996871650236
-6.07314629259e-08 -0.0123112732025 0.996707671615 0.996866912313
-6.01503006012e-08 -0.0123111386678 0.996712487952 0.996862174391
-5.95691382766e-08 -0.012311004133 0.996717304288 0.996857436468
-5.89879759519e-08 -0.0123108979852 0.996721024706 0.996853791712
-5.84068136273e-08 -0.0123107935195 0.996724680184 0.996850211733
-5.78256513026e-08 -0.0123106890537 0.996728335662 0.996846631754
-5.7244488978e-08 -0.012310584588 0.99673199114 0.996843051775
-5.66633266533e-08 -0.0123104850536 0.99673545614 0.996839661609
-5.60821643287e-08 -0.0123104038208 0.996738214236 0.996836975879
-5.5501002004e-08 -0.0123103225879 0.996740972332 0.996834290148
-5.49198396794e-08 -0.012310241355 0.996743730428 0.996831604417
-5.43386773547e-08 -0.0123101601221 0.996746488524 0.996828918686
-5.37575150301e-08 -0.0123100854718 0.996748992203 0.996826486155
-5.31763527054e-08 -0.012310022072 0.99675106104 0.996824486385
-5.25951903808e-08 -0.0123099586722 0.996753129877 0.996822486614
-5.20140280561e-08 -0.0123098952724 0.996755198715 0.996820486844
-5.14328657315e-08 -0.0123098318727 0.996757267552 0.996818487074
-5.08517034068e-08 -0.0123097740747 0.996759119688 0.996816702591
-5.02705410822e-08 -0.0123097242712 0.996760662563 0.996815225353
-4.96893787575e-08 -0.0123096744677 0.996762205439 0.996813748114
-4.91082164329e-08 -0.0123096246642 0.996763748315 0.996812270875
-4.85270541082e-08 -0.0123095748607 0.996765291191 0.996810793637
-4.79458917836e-08 -0.0123095285395 0.996766699198 0.996809450068
-4.73647294589e-08 -0.0123094890307 0.996767843359 0.996808368001
-4.67835671343e-08 -0.0123094495219 0.996768987521 0.996807285934
-4.62024048096e-08 -0.0123094100131 0.996770131682 0.996806203868
-4.5621242485e-08 -0.0123093705043 0.996771275843 0.996805121801
-4.50400801603e-08 -0.0123093321187 0.996772376433 0.996804082777
-4.44589178357e-08 -0.0123093003497 0.99677322034 0.996803297319
-4.3877755511e-08 -0.0123092685807 0.996774064247 0.996802511862
-4.32965931864e-08 -0.0123092368117 0.996774908154 0.996801726404
-4.27154308617e-08 -0.0123092050427 0.996775752061 0.996800940947
-4.21342685371e-08 -0.0123091732736 0.996776595968 0.99680015549
-4.15531062124e-08 -0.012309146298 0.996777253497 0.996799553304
-4.09719438878e-08 -0.0123091203058 0.996777872791 0.996798988718
-4.03907815631e-08 -0.0123090943136 0.996778492085 0.996798424132
-3.98096192385e-08 -0.0123090683214 0.996779111379 0.996797859545
-3.92284569138e-08 -0.0123090423292 0.996779730673 0.996797294959
-3.86472945892e-08 -0.0123090180032 0.996780284974 0.996796793872
-3.80661322645e-08 -0.0123089962905 0.996780737341 0.996796392375
-3.74849699399e-08 -0.0123089745777 0.996781189709 0.996795990878
-3.69038076152e-08 -0.012308952865 0.996781642076 0.996795589381
-3.63226452906e-08 -0.0123089311522 0.996782094444 0.996795187884
-3.57414829659e-08 -0.0123089094395 0.996782546811 0.996794786387
-3.51603206413e-08 -0.012308890309 0.996782897994 0.996794482847
-3.45791583166e-08 -0.012308871742 0.996783227104 0.996794200676
-3.3997995992e-08 -0.0123088531749 0.996783556213 0.996793918506
-3.34168336673e-08 -0.0123088346079 0.996783885323 0.996793636336
-3.28356713427e-08 -0.0123088160408 0.996784214432 0.996793354165
-3.2254509018e-08 -0.0123087977523 0.996784532557 0.99679308249
-3.16733466934e-08 -0.0123087814787 0.99678477122 0.99679288674
-3.10921843687e-08 -0.0123087652052 0.996785009882 0.99679269099
-3.05110220441e-08 -0.0123087489317 0.996785248545 0.99679249524
-2.99298597194e-08 -0.0123087326581 0.996785487207 0.99679229949
-2.93486973948e-08 -0.0123087163846 0.996785725869 0.99679210374
-2.87675350701e-08 -0.0123087005882 0.99678594554 0.996791925795
-2.81863727455e-08 -0.0123086859723 0.996786118228 0.996791791896
-2.76052104208e-08 -0.0123086713563 0.996786290915 0.996791657997
-2.70240480962e-08 -0.0123086567403 0.996786463603 0.996791524098
-2.64428857715e-08 -0.0123086421243 0.99678663629 0.996791390199
-2.58617234469e-08 -0.0123086275084 0.996786808978 0.996791256301
-2.52805611222e-08 -0.0123086132684 0.996786966498 0.996791136231
-2.46993987976e-08 -0.0123085998386 0.996787091339 0.996791045958
-2.41182364729e-08 -0.0123085864088 0.99678721618 0.996790955684
-2.35370741483e-08 -0.012308572979 0.99678734102 0.99679086541
-2.29559118236e-08 -0.0123085595492 0.996787465861 0.996790775136
-2.2374749499e-08 -0.0123085461194 0.996787590702 0.996790684862
-2.17935871743e-08 -0.012308532862 0.996787708449 0.996790600794
-2.12124248497e-08 -0.0123085202708 0.996787798796 0.996790540692
-2.0631262525e-08 -0.0123085076795 0.996787889143 0.99679048059
-2.00501002004e-08 -0.0123084950883 0.99678797949 0.996790420487
-1.94689378758e-08 -0.012308482497 0.996788069837 0.996790360385
-1.88877755511e-08 -0.0123084699058 0.996788160184 0.996790300283
-1.83066132265e-08 -0.0123084573145 0.996788250531 0.996790240181
-1.77254509018e-08 -0.0123084452772 0.996788317416 0.996790199337
-1.71442885772e-08 -0.0123084332688 0.996788383078 0.996790159495
-1.65631262525e-08 -0.0123084212604 0.99678844874 0.996790119653
-1.59819639279e-08 -0.0123084092519 0.996788514402 0.996790079812
-1.54008016032e-08 -0.0123083972435 0.996788580064 0.99679003997
-1.48196392786e-08 -0.0123083852351 0.996788645726 0.996790000129
-1.42384769539e-08 -0.0123083734425 0.996788701822 0.99678996737
-1.36573146293e-08 -0.012308361828 0.996788750032 0.996789940451
-1.30761523046e-08 -0.0123083502134 0.996788798242 0.996789913532
-1.249498998e-08 -0.0123083385988 0.996788846452 0.996789886613
-1.19138276553e-08 -0.0123083269843 0.996788894663 0.996789859693
-1.13326653307e-08 -0.0123083153697 0.996788942873 0.996789832774
-1.0751503006e-08 -0.0123083037551 0.996788991083 0.996789805855
-1.01703406814e-08 -0.012308292391 0.99678902733 0.996789786285
-9.58917835671e-09 -0.0123082810281 0.996789063518 0.996789766751
-9.00801603206e-09 -0.0123082696652 0.996789099706 0.996789747217
-8.42685370741e-09 -0.0123082583023 0.996789135895 0.996789727683
-7.84569138277e-09 -0.0123082469395 0.996789172083 0.996789708149
-7.26452905812e-09 -0.0123082355766 0.996789208272 0.996789688615
-6.68336673347e-09 -0.0123082242539 0.996789242227 0.996789669948
-6.10220440882e-09 -0.0123082130306 0.996789270658 0.996789653425
-5.52104208417e-09 -0.0123082018073 0.99678929909 0.996789636902
-4.93987975952e-09 -0.0123081905841 0.996789327521 0.996789620379
-4.35871743487e-09 -0.0123081793608 0.996789355952 0.996789603856
-3.77755511022e-09 -0.0123081681375 0.996789384384 0.996789587333
-3.19639278557e-09 -0.0123081569142 0.996789412815 0.996789570809
-2.61523046092e-09 -0.0123081457092 0.996789439518 0.99678955396
-2.03406813627e-09 -0.0123081345289 0.996789463862 0.996789536667
-1.45290581162e-09 -0.0123081233487 0.996789488206 0.996789519374
-8.71743486974e-10 -0.0123081121684 0.99678951255 0.99678950208
-2.90581162324e-10 -0.0123081009882 0.996789536894 0.996789484787
2.90581162325e-10 -0.0123080898079 0.996789561238 0.996789467494
8.71743486974e-10 -0.0123080786277 0.996789585582 0.9967894502
1.45290581162e-09 -0.0123080674264 0.996789609749 0.996789431112
2.03406813627e-09 -0.0123080561932 0.996789633649 0.99678940929
2.61523046092e-09 -0.01230804496 0.996789657549 0.996789387468
3.19639278557e-09 -0.0123080337268 0.996789681449 0.996789365646
3.77755511022e-09 -0.0123080224935 0.996789705348 0.996789343824
4.35871743487e-09 -0.0123080112603 0.996789729248 0.996789322002
4.93987975952e-09 -0.0123080000271 0.996789753148 0.99678930018
5.52104208417e-09 -0.01230798876 0.996789777833 0.996789276532
6.10220440882e-09 -0.0123079773611 0.996789805576 0.996789245777
6.68336673347e-09 -0.0123079659622 0.99678983332 0.996789215022
7.26452905812e-09 -0.0123079545633 0.996789861063 0.996789184267
7.84569138277e-09 -0.0123079431644 0.996789888806 0.996789153513
8.42685370742e-09 -0.0123079317655 0.996789916549 0.996789122758
9.00801603206e-09 -0.0123079203667 0.996789944292 0.996789092003
9.58917835671e-09 -0.0123079089678 0.996789972035 0.996789061248
1.01703406814e-08 -0.0123078973002 0.996790007942 0.996789017936
1.0751503006e-08 -0.0123078855826 0.996790045367 0.996788972291
1.13326653307e-08 -0.0123078738651 0.996790082792 0.996788926645
1.19138276553e-08 -0.0123078621476 0.996790120216 0.996788881
1.249498998e-08 -0.0123078504301 0.996790157641 0.996788835355
1.30761523046e-08 -0.0123078387125 0.996790195066 0.996788789709
1.36573146293e-08 -0.012307826995 0.99679023249 0.996788744064
1.42384769539e-08 -0.0123078151084 0.996790275611 0.996788691075
1.48196392786e-08 -0.0123078028435 0.996790331475 0.99678862166
1.54008016032e-08 -0.0123077905787 0.996790387339 0.996788552244
1.59819639279e-08 -0.0123077783138 0.996790443202 0.996788482828
1.65631262525e-08 -0.0123077660489 0.996790499066 0.996788413412
1.71442885772e-08 -0.0123077537841 0.99679055493 0.996788343996
1.77254509018e-08 -0.0123077415192 0.996790610794 0.99678827458
1.83066132265e-08 -0.0123077292543 0.996790666658 0.996788205164
1.88877755511e-08 -0.0123077164465 0.996790741826 0.996788113185
1.94689378758e-08 -0.0123077032727 0.996790830011 0.996788005992
2.00501002004e-08 -0.0123076900988 0.996790918197 0.996787898798
2.06312625251e-08 -0.0123076769249 0.996791006382 0.996787791604
2.12124248497e-08 -0.012307663751 0.996791094568 0.996787684411
2.17935871743e-08 -0.0123076505771 0.996791182753 0.996787577217
2.2374749499e-08 -0.0123076374032 0.996791270939 0.996787470023
2.29559118236e-08 -0.0123076242293 0.996791359124 0.99678736283
2.35370741483e-08 -0.0123076099997 0.996791486052 0.996787212962
2.41182364729e-08 -0.0123075953264 0.996791629259 0.996787045163
2.46993987976e-08 -0.0123075806532 0.996791772466 0.996786877365
2.52805611222e-08 -0.0123075659799 0.996791915672 0.996786709567
2.58617234469e-08 -0.0123075513067 0.996792058879 0.996786541769
2.64428857715e-08 -0.0123075366334 0.996792202086 0.996786373971
2.70240480962e-08 -0.0123075219602 0.996792345292 0.996786206173
2.76052104208e-08 -0.0123075072869 0.996792488499 0.996786038375
2.81863727455e-08 -0.0123074910614 0.99679268977 0.99678580894
2.87675350701e-08 -0.0123074739058 0.996792925837 0.996785542569
2.93486973948e-08 -0.0123074567502 0.996793161903 0.996785276199
2.99298597194e-08 -0.0123074395946 0.996793397969 0.996785009828
3.05110220441e-08 -0.0123074224389 0.996793634036 0.996784743458
3.10921843687e-08 -0.0123074052833 0.996793870102 0.996784477088
3.16733466934e-08 -0.0123073881277 0.996794106168 0.996784210717
3.2254509018e-08 -0.012307370972 0.996794342234 0.996783944347
3.28356713427e-08 -0.0123073523399 0.99679463419 0.996783620005
3.34168336673e-08 -0.0123073310408 0.996795027099 0.996783190949
3.3997995992e-08 -0.0123073097417 0.996795420008 0.996782761893
3.45791583166e-08 -0.0123072884426 0.996795812917 0.996782332838
3.51603206413e-08 -0.0123072671435 0.996796205825 0.996781903782
3.57414829659e-08 -0.0123072458444 0.996796598734 0.996781474726
3.63226452906e-08 -0.0123072245454 0.996796991643 0.99678104567
3.69038076152e-08 -0.0123072032463 0.996797384552 0.996780616615
3.74849699399e-08 -0.0123071819472 0.99679777746 0.996780187559
3.80661322645e-08 -0.0123071544109 0.996798408199 0.996779515343
3.86472945892e-08 -0.0123071261258 0.996799067489 0.996778813934
3.92284569138e-08 -0.0123070978407 0.99679972678 0.996778112525
3.98096192385e-08 -0.0123070695556 0.99680038607 0.996777411117
4.03907815631e-08 -0.0123070412706 0.996801045361 0.996776709708
4.09719438878e-08 -0.0123070129855 0.996801704652 0.996776008299
4.15531062124e-08 -0.0123069847004 0.996802363942 0.996775306891
4.21342685371e-08 -0.0123069564153 0.996803023233 0.996774605482
4.27154308617e-08 -0.0123069253896 0.996803787494 0.996773797702
4.32965931864e-08 -0.0123068851957 0.996804902923 0.996772634065
4.3877755511e-08 -0.0123068450017 0.996806018352 0.996771470429
4.44589178357e-08 -0.0123068048078 0.996807133781 0.996770306793
4.50400801603e-08 -0.0123067646138 0.996808249211 0.996769143157
4.5621242485e-08 -0.0123067244199 0.99680936464 0.996767979521
4.62024048096e-08 -0.0123066842259 0.996810480069 0.996766815885
4.67835671343e-08 -0.012306644032 0.996811595498 0.996765652248
4.73647294589e-08 -0.012306603838 0.996812710928 0.996764488612
4.79458917836e-08 -0.0123065561772 0.996814113142 0.996763035947
4.85270541082e-08 -0.0123064954475 0.996816017308 0.996761077404
4.91082164329e-08 -0.0123064347177 0.996817921474 0.99675911886
4.96893787575e-08 -0.0123063739879 0.99681982564 0.996757160316
5.02705410822e-08 -0.0123063132582 0.996821729805 0.996755201773
5.08517034068e-08 -0.0123062525284 0.996823633971 0.996753243229
5.14328657315e-08 -0.0123061917987 0.996825538137 0.996751284686
5.20140280561e-08 -0.0123061310689 0.996827442303 0.996749326142
5.25951903808e-08 -0.0123060703392 0.996829346468 0.996747367599
5.31763527054e-08 -0.0123059992732 0.996831648293 0.996745009626
5.37575150301e-08 -0.012305902708 0.996834931137 0.996741666265
5.43386773547e-08 -0.0123058061427 0.996838213981 0.996738322904
5.49198396794e-08 -0.0123057095775 0.996841496825 0.996734979543
5.5501002004e-08 -0.0123056130123 0.996844779669 0.996731636182
5.60821643287e-08 -0.012305516447 0.996848062513 0.996728292822
5.66633266533e-08 -0.0123054198818 0.996851345357 0.996724949461
5.7244488978e-08 -0.0123053233166 0.996854628201 0.9967216061
5.78256513026e-08 -0.0123052267513 0.996857911045 0.996718262739
5.84068136273e-08 -0.0123051301861 0.996861193889 0.996714919378
5.89879759519e-08 -0.012304970338 0.996866913924 0.996709133078
5.95691382766e-08 -0.0123048104723 0.996872634637 0.996703346096
6.01503006012e-08 -0.0123046506066 0.99687835535 0.996697559115
6.07314629259e-08 -0.0123044907408 0.996884076063 0.996691772133
6.13126252505e-08 -0.0123043308751 0.996889796777 0.996685985152
6.18937875752e-08 -0.0123041710094 0.99689551749 0.996680198171
6.24749498998e-08 -0.0123040111436 0.996901238203 0.996674411189
6.30561122244e-08 -0.0123038512779 0.996906958917 0.996668624208
6.36372745491e-08 -0.0123036914122 0.99691267963 0.996662837226
6.42184368737e-08 -0.0123034757937 0.996920549022 0.996654899488
6.47995991984e-08 -0.0123032027095 0.996930633111 0.99664474491
6.5380761523e-08 -0.0123029296253 0.9969407172 0.996634590332
6.59619238477e-08 -0.012302656541 0.996950801289 0.996624435754
6.65430861723e-08 -0.0123023834568 0.996960885378 0.996614281176
6.7124248497e-08 -0.0123021103726 0.996970969467 0.996604126598
6.77054108216e-08 -0.0123018372883 0.996981053556 0.996593972021
6.82865731463e-08 -0.0123015642041 0.996991137645 0.996583817443
6.88677354709e-08 -0.0123012911199 0.997001221735 0.996573662865
6.94488977956e-08 -0.0123010180356 0.997011305824 0.996563508287
7.00300601202e-08 -0.0123005887814 0.997027411926 0.996547332504
7.06112224449e-08 -0.0123001105969 0.997045404814 0.996529270189
7.11923847695e-08 -0.0122996324123 0.997063397702 0.996511207874
7.17735470942e-08 -0.0122991542277 0.997081390591 0.996493145559
7.23547094188e-08 -0.0122986760431 0.997099383479 0.996475083245
7.29358717435e-08 -0.0122981978586 0.997117376367 0.99645702093
7.35170340681e-08 -0.012297719674 0.997135369255 0.996438958615
7.40981963928e-08 -0.0122972414894 0.997153362143 0.9964208963
7.46793587174e-08 -0.0122967633049 0.997171355032 0.996402833985
7.52605210421e-08 -0.0122962851203 0.99718934792 0.99638477167
7.58416833667e-08 -0.0122955052518 0.997218980759 0.996355084632
7.64228456914e-08 -0.0122946506441 0.997251497283 0.996322517682
7.7004008016e-08 -0.0122937960365 0.997284013806 0.996289950733
7.75851703407e-08 -0.0122929414288 0.997316530329 0.996257383783
7.81663326653e-08 -0.0122920868211 0.997349046853 0.996224816834
7.874749499e-08 -0.0122912322134 0.997381563376 0.996192249884
7.93286573146e-08 -0.0122903776057 0.9974140799 0.996159682934
7.99098196393e-08 -0.012289522998 0.997446596423 0.996127115985
8.04909819639e-08 -0.0122886683903 0.997479112946 0.996094549035
8.10721442886e-08 -0.0122878137826 0.99751162947 0.996061982086
8.16533066132e-08 -0.0122865341358 0.997560559199 0.996013050985
8.22344689379e-08 -0.0122849794108 0.997620111276 0.995953529284
8.28156312625e-08 -0.0122834246858 0.997679663352 0.995894007584
8.33967935872e-08 -0.0122818699608 0.997739215429 0.995834485883
8.39779559118e-08 -0.0122803152359 0.997798767505 0.995774964182
8.45591182365e-08 -0.0122787605109 0.997858319582 0.995715442482
8.51402805611e-08 -0.0122772057859 0.997917871658 0.995655920781
8.57214428858e-08 -0.0122756510609 0.997977423735 0.99559639908
8.63026052104e-08 -0.012274096336 0.998036975811 0.99553687738
8.68837675351e-08 -0.012272541611 0.998096527888 0.995477355679
8.74649298597e-08 -0.0122707587077 0.998164903925 0.995409061681
8.80460921844e-08 -0.0122678839783 0.99827550233 0.995298792524
8.8627254509e-08 -0.0122650092489 0.998386100735 0.995188523367
8.92084168337e-08 -0.0122621345195 0.99849669914 0.995078254209
8.97895791583e-08 -0.0122592597902 0.998607297545 0.994967985052
9.0370741483e-08 -0.0122563850608 0.99871789595 0.994857715895
9.09519038076e-08 -0.0122535103314 0.998828494354 0.994747446738
9.15330661323e-08 -0.0122506356021 0.998939092759 0.994637177581
9.21142284569e-08 -0.0122477608727 0.999049691164 0.994526908423
9.26953907816e-08 -0.0122448861433 0.999160289569 0.994416639266
9.32765531062e-08 -0.012242011414 0.999270887974 0.994306370109
9.38577154309e-08 -0.0122378923105 0.999429736146 0.994148388399
9.44388777555e-08 -0.012232493999 0.99963818475 0.993941358512
9.50200400802e-08 -0.0122270956875 0.999846633353 0.993734328625
9.56012024048e-08 -0.012221697376 1.00005508196 0.993527298737
9.61823647295e-08 -0.0122162990645 1.00026353056 0.99332026885
9.67635270541e-08 -0.012210900753 1.00047197916 0.993113238963
9.73446893788e-08 -0.0122055024415 1.00068042777 0.992906209076
9.79258517034e-08 -0.0122001041301 1.00088887637 0.992699179188
9.85070140281e-08 -0.0121947058186 1.00109732497 0.992492149301
9.90881763527e-08 -0.0121893075071 1.00130577358 0.992285119414
9.96693386774e-08 -0.0121839091956 1.00151422218 0.992078089527
1.00250501002e-07 -0.0121757605485 1.00182985796 0.991766142002
1.00831663327e-07 -0.0121654686546 1.00222902122 0.991372435579
1.01412825651e-07 -0.0121551767607 1.00262818448 0.990978729156
1.01993987976e-07 -0.0121448848667 1.00302734774 0.990585022733
1.02575150301e-07 -0.0121345929728 1.003426511 0.99019131631
1.03156312625e-07 -0.0121243010788 1.00382567426 0.989797609887
1.0373747495e-07 -0.0121140091849 1.00422483752 0.989403903465
1.04318637275e-07 -0.0121037172909 1.00462400078 0.989010197042
1.04899799599e-07 -0.012093425397 1.00502316404 0.988616490619
1.05480961924e-07 -0.012083133503 1.0054223273 0.988222784196
1.06062124248e-07 -0.0120728416091 1.00582149056 0.987829077773
1.06643286573e-07 -0.0120589513267 1.00636229589 0.987299470114
1.07224448898e-07 -0.0120390313948 1.00714044417 0.986542139173
1.07805611222e-07 -0.0120191114628 1.00791859244 0.985784808232
1.08386773547e-07 -0.0119991915309 1.00869674072 0.98502747729
1.08967935872e-07 -0.0119792715989 1.009474889 0.984270146349
1.09549098196e-07 -0.0119593516669 1.01025303727 0.983512815408
1.10130260521e-07 -0.011939431735 1.01103118555 0.982755484466
1.10711422846e-07 -0.011919511803 1.01180933382 0.981998153525
1.1129258517e-07 -0.0118995918711 1.0125874821 0.981240822584
1.11873747495e-07 -0.0118796719391 1.01336563038 0.980483491642
1.1245490982e-07 -0.0118597520072 1.01414377865 0.979726160701
1.13036072144e-07 -0.0118398320752 1.01492192693 0.97896882976
1.13617234469e-07 -0.0118021820828 1.01641192815 0.977555119763
1.14198396794e-07 -0.0117630359086 1.01796200031 0.976086020085
1.14779559118e-07 -0.0117238897344 1.01951207247 0.974616920407
1.15360721443e-07 -0.0116847435602 1.02106214463 0.973147820728
1.15941883768e-07 -0.011645597386 1.02261221679 0.97167872105
1.16523046092e-07 -0.0116064512117 1.02416228896 0.970209621372
1.17104208417e-07 -0.0115673050375 1.02571236112 0.968740521693
1.17685370741e-07 -0.0115281588633 1.02726243328 0.967271422015
1.18266533066e-07 -0.0114890126891 1.02881250544 0.965802322337
1.18847695391e-07 -0.0114498665149 1.0303625776 0.964333222658
1.19428857715e-07 -0.0114107203407 1.03191264977 0.96286412298
1.2001002004e-07 -0.0113637325908 1.03379036377 0.961116255221
1.20591182365e-07 -0.0112856032687 1.03696925528 0.958261304315
1.21172344689e-07 -0.0112074739466 1.0401481468 0.955406353409
1.21753507014e-07 -0.0111293446245 1.04332703831 0.952551402503
1.22334669339e-07 -0.0110512153024 1.04650592982 0.949696451597
1.22915831663e-07 -0.0109730859803 1.04968482134 0.946841500691
1.23496993988e-07 -0.0108949566582 1.05286371285 0.943986549785
1.24078156313e-07 -0.0108168273361 1.05604260437 0.941131598879
1.24659318637e-07 -0.010738698014 1.05922149588 0.938276647973
1.25240480962e-07 -0.0106605686919 1.0624003874 0.935421697067
1.25821643287e-07 -0.0105824393698 1.06557927891 0.932566746161
1.26402805611e-07 -0.0105043100477 1.06875817043 0.929711795255
1.26983967936e-07 -0.0104097704256 1.07268083182 0.926320456248
1.27565130261e-07 -0.0102513236382 1.07949998049 0.920840243599
1.28146292585e-07 -0.0100928768507 1.08631912915 0.915360030949
1.2872745491e-07 -0.00993443006327 1.09313827781 0.9098798183
1.29308617234e-07 -0.00977598327581 1.09995742647 0.90439960565
1.29889779559e-07 -0.00961753648836 1.10677657514 0.898919393001
1.30470941884e-07 -0.0094590897009 1.1135957238 0.893439180351
1.31052104208e-07 -0.00930064291344 1.12041487246 0.887958967702
1.31633266533e-07 -0.00914219612598 1.12723402113 0.882478755052
1.32214428858e-07 -0.00898374933853 1.13405316979 0.876998542403
1.32795591182e-07 -0.00882530255107 1.14087231845 0.871518329753
1.33376753507e-07 -0.00866685576361 1.14769146712 0.866038117104
1.33957915832e-07 -0.00850840897615 1.15451061578 0.860557904454
1.34539078156e-07 -0.00819405386856 1.16968786039 0.85081625206
1.35120240481e-07 -0.00786709127641 1.18554098019 0.840729999482
1.35701402806e-07 -0.00754012868426 1.20139409999 0.830643746904
1.3628256513e-07 -0.00721316609211 1.21724721979 0.820557494326
1.36863727455e-07 -0.00688620349995 1.23310033959 0.810471241748
1.3744488978e-07 -0.0065592409078 1.24895345939 0.800384989171
1.38026052104e-07 -0.00623227831565 1.26480657919 0.790298736593
1.38607214429e-07 -0.0059053157235 1.28065969899 0.780212484015
1.39188376754e-07 -0.00557835313135 1.29651281879 0.770126231437
1.39769539078e-07 -0.00525139053919 1.31236593859 0.760039978859
1.40350701403e-07 -0.00492442794704 1.32821905839 0.749953726281
1.40931863727e-07 -0.00459746535489 1.34407217819 0.739867473703
1.41513026052e-07 -0.00414080962983 1.36833480102 0.726952640596
1.42094188377e-07 -0.00345067469153 1.40773657659 0.708945673916
1.42675350701e-07 -0.00276053975322 1.44713835216 0.690938707235
1.43256513026e-07 -0.00207040481492 1.48654012773 0.672931740554
1.43837675351e-07 -0.00138026987661 1.5259419033 0.654924773873
1.44418837675e-07 -0.000690134938305 1.56534367887 0.636917807193
1.45e-07 0 1.60474545444 0.618910840512
