-1.45e-07 -0.00313333093405 1.19411511544 0.837175723721
-1.44418837675e-07 -0.00338591454934 1.18248724593 0.845433530306
-1.43837675351e-07 -0.00362421734558 1.17152184602 0.85332981722
-1.43256513026e-07 -0.00384487850654 1.16138837315 0.860789311324
-1.42675350701e-07 -0.00405171302269 1.15189322574 0.867896965314
-1.42094188377e-07 -0.00424709146793 1.14292040838 0.87470835949
-1.41513026052e-07 -0.00443181826925 1.13442905525 0.881241251795
-1.40931863727e-07 -0.004600818904 1.12663581002 0.887353369386
-1.40350701403e-07 -0.00476024732763 1.11925991557 0.893203432501
-1.39769539078e-07 -0.00491129829402 1.11224739883 0.898822616775
-1.39188376754e-07 -0.00505042712092 1.10574596904 0.90410830931
-1.38607214429e-07 -0.00518003274406 1.09964635968 0.909122178616
-1.38026052104e-07 -0.00530316318219 1.09381849517 0.913949936961
-1.3744488978e-07 -0.00541585506856 1.08842458874 0.918474055294
-1.36863727455e-07 -0.00552092849832 1.0833430571 0.922772612163
-1.3628256513e-07 -0.00562107340866 1.07846331823 0.926924977254
-1.35701402806e-07 -0.00571055533031 1.07401522167 0.930756389852
-1.35120240481e-07 -0.00579557959961 1.06974545047 0.934451552268
-1.34539078156e-07 -0.00587459774436 1.06571595023 0.937963134744
-1.33957915832e-07 -0.00594616793625 1.06198117836 0.941243796927
-1.33376753507e-07 -0.00601486524374 1.05835986467 0.944435147611
-1.32795591182e-07 -0.00607509416865 1.05507034589 0.947360447405
-1.32214428858e-07 -0.00613261042746 1.05188615548 0.950199476459
-1.31633266533e-07 -0.00618445468356 1.04892219965 0.952858119189
-1.31052104208e-07 -0.00623209737629 1.046120061 0.955381628281
-1.30470941884e-07 -0.00627619017099 1.04345464155 0.957790963056
-1.29889779559e-07 -0.0063151458311 1.04098563629 0.960033358259
-1.29308617234e-07 -0.00635209004249 1.03859353713 0.962210388152
-1.2872745491e-07 -0.00638342942409 1.03641435723 0.964203550775
-1.28146292585e-07 -0.0064137975412 1.03427207424 0.966164850923
-1.27565130261e-07 -0.00643848128551 1.03234451827 0.967938062334
-1.26983967936e-07 -0.00646281547441 1.03043016676 0.969699707397
-1.26402805611e-07 -0.00648170019815 1.02872067165 0.971279623975
-1.25821643287e-07 -0.00650051249208 1.02701389932 0.972857125167
-1.25240480962e-07 -0.00651435721778 1.02549310421 0.974267798787
-1.24659318637e-07 -0.00652812982796 1.02397500898 0.975676050527
-1.24078156313e-07 -0.00653760267353 1.02261734858 0.976938989402
-1.23496993988e-07 -0.00654678841638 1.02127040069 0.978192225484
-1.22915831663e-07 -0.00655247345912 1.02005372575 0.979326489778
-1.22334669339e-07 -0.00655749629431 1.01886169379 0.980438248855
-1.21753507014e-07 -0.00655990052466 1.01776691677 0.981460575299
-1.21172344689e-07 -0.00656115619751 1.01671479715 0.982443675313
-1.20591182365e-07 -0.00656071647973 1.01572556165 0.983368624991
-1.2001002004e-07 -0.00655857326047 1.0147995111 0.984235146139
-1.19428857715e-07 -0.00655566322006 1.01390188372 0.985075269729
-1.18847695391e-07 -0.00655046273169 1.01308915461 0.985836545425
-1.18266533066e-07 -0.00654526224333 1.0122764255 0.986597821121
-1.17685370741e-07 -0.00653745762019 1.01156021647 0.987269175663
-1.17104208417e-07 -0.00652951574599 1.01084909454 0.987935790906
-1.16523046092e-07 -0.00652011619415 1.01019202951 0.988551946962
-1.15941883768e-07 -0.00650972405534 1.00957177385 0.98913374348
-1.15360721443e-07 -0.00649892925927 1.00896646719 0.989701574518
-1.14779559118e-07 -0.00648635425293 1.00842725236 0.990207662001
-1.14198396794e-07 -0.00647377924659 1.00788803752 0.990713749484
-1.13617234469e-07 -0.00645981403899 1.00740052185 0.991171552192
-1.13036072144e-07 -0.00644530092601 1.00693338182 0.991610324929
-1.1245490982e-07 -0.00643045842406 1.00647851839 0.992037646916
-1.11873747495e-07 -0.00641423045685 1.00607529236 0.992416805126
-1.1129258517e-07 -0.00639800248964 1.00567206634 0.992795963337
-1.10711422846e-07 -0.00638085610141 1.00530316432 0.993143180494
-1.10130260521e-07 -0.00636311618101 1.0049564443 0.993469755656
-1.09549098196e-07 -0.00634537626061 1.00460972427 0.993796330817
-1.08967935872e-07 -0.0063263586107 1.00431091095 0.994078470469
-1.08386773547e-07 -0.00630729046312 1.00401399098 0.994358853966
-1.07805611222e-07 -0.00628792672695 1.00372819468 0.994628962576
-1.07224448898e-07 -0.00626769608887 1.00347502187 0.994868937005
-1.06643286573e-07 -0.00624746545079 1.00322184906 0.995108911435
-1.06062124248e-07 -0.00622674541909 1.00298716934 0.99533188871
-1.05480961924e-07 -0.00620550122335 1.00277229659 0.99553666122
-1.04899799599e-07 -0.00618425702761 1.00255742385 0.995741433729
-1.04318637275e-07 -0.00616244400536 1.002364143 0.995926473983
-1.0373747495e-07 -0.00614031955722 1.00218268346 0.996100711057
-1.03156312625e-07 -0.00611819510907 1.00200122392 0.996274948131
-1.02575150301e-07 -0.00609550506549 1.00184133803 0.996429594115
-1.01993987976e-07 -0.00607261920128 1.00168892137 0.996577457265
-1.01412825651e-07 -0.00604973333706 1.00153650472 0.996725320415
-1.00831663327e-07 -0.00602634168805 1.00140347941 0.996855693733
-1.00250501002e-07 -0.00600279990842 1.00127620999 0.996980875595
-9.96693386774e-08 -0.00597925812878 1.00114894057 0.997106057457
-9.90881763527e-08 -0.00595530590873 1.00103749081 0.997217071782
-9.85070140281e-08 -0.00593120147952 1.00093190769 0.997322832167
-9.79258517034e-08 -0.0059070970503 1.00082632456 0.997428592553
-9.73446893788e-08 -0.00588269646867 1.00073221766 0.9975241482
-9.67635270541e-08 -0.00585811148328 1.00064525662 0.997613349714
-9.61823647295e-08 -0.00583352649789 1.00055829557 0.997702551228
-9.56012024048e-08 -0.00580876588677 1.00047817644 0.997785710259
-9.50200400802e-08 -0.00578377228457 1.00040713401 0.997860853124
-9.44388777555e-08 -0.00575877868238 1.00033609158 0.99793599599
-9.38577154309e-08 -0.00573372685098 1.00026732909 0.99800913755
-9.32765531062e-08 -0.00570838738747 1.00020982865 0.998072393352
-9.26953907816e-08 -0.00568304792397 1.00015232822 0.998135649154
-9.21142284569e-08 -0.00565770846046 1.00009482778 0.998198904957
-9.15330661323e-08 -0.00563212710925 1.00004684137 0.998253849344
-9.09519038076e-08 -0.00560649627424 1.00000080126 0.998307093437
-9.0370741483e-08 -0.00558086543923 0.999954761162 0.998360337529
-8.97895791583e-08 -0.00555513361053 0.99991270812 0.998410108118
-8.92084168337e-08 -0.00552925849173 0.99987631193 0.998454950492
-8.8627254509e-08 -0.00550338337293 0.999839915739 0.998499792866
-8.80460921844e-08 -0.00547750825413 0.999803519548 0.99854463524
-8.74649298597e-08 -0.00545144640431 0.999774513267 0.998583038026
-8.68837675351e-08 -0.00542536749447 0.999746182138 0.998620852483
-8.63026052104e-08 -0.00539928858463 0.99971785101 0.998658666939
-8.57214428858e-08 -0.00537315269803 0.999691776201 0.998694506435
-8.51402805611e-08 -0.00534690464454 0.999670143277 0.998726457941
-8.45591182365e-08 -0.00532065659105 0.999648510354 0.998758409446
-8.39779559118e-08 -0.00529440853756 0.999626877431 0.998790360952
-8.33967935872e-08 -0.00526806647265 0.999608960405 0.998819026356
-8.28156312625e-08 -0.00524167876938 0.999592847281 0.998846096504
-8.22344689379e-08 -0.00521529106612 0.999576734158 0.998873166652
-8.16533066132e-08 -0.00518890336286 0.999560621034 0.998900236801
-8.10721442886e-08 -0.00516240977742 0.99954867053 0.998923558604
-8.04909819639e-08 -0.00513590739922 0.999537065702 0.998946569134
-7.99098196393e-08 -0.00510940502102 0.999525460873 0.998969579664
-7.93286573146e-08 -0.00508289466307 0.99951416658 0.998992302488
-7.874749499e-08 -0.00505629864392 0.999506205823 0.999011936846
-7.81663326653e-08 -0.00502970262477 0.999498245065 0.999031571204
-7.75851703407e-08 -0.00500310660562 0.999490284307 0.999051205562
-7.7004008016e-08 -0.00497649866634 0.999482779717 0.99907039911
-7.64228456914e-08 -0.00494982662294 0.999477728304 0.99908722207
-7.58416833667e-08 -0.00492315457954 0.999472676891 0.99910404503
-7.52605210421e-08 -0.00489648253614 0.999467625477 0.99912086799
-7.46793587174e-08 -0.00486980215282 0.999462885088 0.999137371839
-7.40981963928e-08 -0.00484306875559 0.999460121768 0.999151847211
-7.35170340681e-08 -0.00481633535836 0.999457358449 0.999166322583
-7.29358717435e-08 -0.00478960196113 0.999454595129 0.999180797955
-7.23547094188e-08 -0.00476286755738 0.999451867931 0.999195233056
-7.17735470942e-08 -0.00473608495148 0.999450870555 0.99920773955
-7.11923847695e-08 -0.00470930234557 0.999449873179 0.999220246044
-7.06112224449e-08 -0.00468251973967 0.999448875804 0.999232752538
-7.00300601202e-08 -0.00465573713376 0.999447878428 0.999245259032
-6.94488977956e-08 -0.00462892283687 0.999447955923 0.999256423063
-6.88677354709e-08 -0.00460210101601 0.99944828861 0.999267268371
-6.82865731463e-08 -0.00457527919516 0.999448621297 0.999278113679
-6.77054108216e-08 -0.0045484573743 0.999448953984 0.999288958987
-6.7124248497e-08 -0.00452162013455 0.999449767991 0.999299102901
-6.65430861723e-08 -0.00449476727079 0.999451069719 0.99930853609
-6.59619238477e-08 -0.00446791440703 0.999452371447 0.99931796928
-6.5380761523e-08 -0.00444106154327 0.999453673176 0.99932740247
-6.47995991984e-08 -0.00441420663438 0.999455031286 0.999336734183
-6.42184368737e-08 -0.00438732936701 0.999457005791 0.999344956503
-6.36372745491e-08 -0.00436045209965 0.999458980296 0.999353178823
-6.30561122244e-08 -0.00433357483229 0.999460954801 0.999361401143
-6.24749498998e-08 -0.00430669756492 0.999462929305 0.999369623463
-6.18937875752e-08 -0.00427980949727 0.999465148985 0.99937725142
-6.13126252505e-08 -0.00425291318426 0.999467555842 0.999384425617
-6.07314629259e-08 -0.00422601687124 0.999469962698 0.999391599813
-6.01503006012e-08 -0.00419912055823 0.999472369554 0.99939877401
-5.95691382766e-08 -0.00417222424521 0.99947477641 0.999405948207
-5.89879759519e-08 -0.00414531400565 0.99947740976 0.999412257705
-5.84068136273e-08 -0.00411840294086 0.99948005653 0.999418515964
-5.78256513026e-08 -0.00409149187607 0.9994827033 0.999424774224
-5.7244488978e-08 -0.00406458081128 0.999485350071 0.999431032484
-5.66633266533e-08 -0.00403766734041 0.999488015639 0.999437119317
-5.60821643287e-08 -0.0040107449401 0.999490750973 0.999442569951
-5.5501002004e-08 -0.00398382253978 0.999493486307 0.999448020585
-5.49198396794e-08 -0.00395690013946 0.999496221641 0.999453471219
-5.43386773547e-08 -0.00392997773915 0.999498956975 0.999458921854
-5.37575150301e-08 -0.00390305215039 0.999501682062 0.999464107591
-5.31763527054e-08 -0.00387612111204 0.999504389637 0.999468840574
-5.25951903808e-08 -0.00384919007368 0.999507097212 0.999473573557
-5.20140280561e-08 -0.00382225903533 0.999509804787 0.999478306541
-5.14328657315e-08 -0.00379532799698 0.999512512362 0.999483039524
-5.08517034068e-08 -0.00376839427029 0.999515172813 0.9994875082
-5.02705410822e-08 -0.00374145670701 0.999517766011 0.999491599678
-4.96893787575e-08 -0.00371451914373 0.99952035921 0.999495691155
-4.91082164329e-08 -0.00368758158045 0.999522952408 0.999499782632
-4.85270541082e-08 -0.00366064401717 0.999525545607 0.99950387411
-4.79458917836e-08 -0.00363370480206 0.999528079282 0.999507770886
-4.73647294589e-08 -0.00360676235542 0.99953049651 0.999511286761
-4.67835671343e-08 -0.00357981990877 0.999532913738 0.999514802636
-4.62024048096e-08 -0.00355287746213 0.999535330966 0.999518318511
-4.5621242485e-08 -0.00352593501548 0.999537748194 0.999521834386
-4.50400801603e-08 -0.00349899204363 0.99954013398 0.999525275214
-4.44589178357e-08 -0.0034720459777 0.99954233454 0.999528273927
-4.3877755511e-08 -0.00344509991176 0.999544535099 0.99953127264
-4.32965931864e-08 -0.00341815384582 0.999546735658 0.999534271354
-4.27154308617e-08 -0.00339120777989 0.999548936217 0.999537270067
-4.21342685371e-08 -0.00336426171395 0.999551136777 0.99954026878
-4.15531062124e-08 -0.00333731344502 0.999553138089 0.999542882382
-4.09719438878e-08 -0.00331036472414 0.999555098526 0.999545416977
-4.03907815631e-08 -0.00328341600325 0.999557058962 0.999547951572
-3.98096192385e-08 -0.00325646728237 0.999559019399 0.999550486168
-3.92284569138e-08 -0.00322951856148 0.999560979835 0.999553020763
-3.86472945892e-08 -0.00320256909052 0.999562843098 0.999555393772
-3.80661322645e-08 -0.00317561844314 0.999564553954 0.999557513354
-3.74849699399e-08 -0.00314866779576 0.999566264811 0.999559632936
-3.69038076152e-08 -0.00312171714838 0.999567975668 0.999561752518
-3.63226452906e-08 -0.003094766501 0.999569686525 0.9995638721
-3.57414829659e-08 -0.00306781585362 0.999571397381 0.999565991682
-3.51603206413e-08 -0.00304086407176 0.999572904701 0.999567808419
-3.45791583166e-08 -0.00301391204239 0.999574367617 0.999569559088
-3.3997995992e-08 -0.00298696001303 0.999575830534 0.999571309758
-3.34168336673e-08 -0.00296000798367 0.999577293451 0.999573060427
-3.28356713427e-08 -0.0029330559543 0.999578756367 0.999574811096
-3.2254509018e-08 -0.00290610380599 0.999580190402 0.999576522257
-3.16733466934e-08 -0.00287915079716 0.999581415505 0.999577947605
-3.10921843687e-08 -0.00285219778833 0.999582640608 0.999579372952
-3.05110220441e-08 -0.00282524477951 0.999583865711 0.9995807983
-2.99298597194e-08 -0.00279829177068 0.999585090815 0.999582223647
-2.93486973948e-08 -0.00277133876185 0.999586315918 0.999583648995
-2.87675350701e-08 -0.00274438555573 0.999587477241 0.999584992558
-2.81863727455e-08 -0.00271743186155 0.999588480783 0.999586133798
-2.76052104208e-08 -0.00269047816736 0.999589484324 0.999587275037
-2.70240480962e-08 -0.00266352447317 0.999590487865 0.999588416276
-2.64428857715e-08 -0.00263657077898 0.999591491406 0.999589557515
-2.58617234469e-08 -0.00260961708479 0.999592494947 0.999590698755
-2.52805611222e-08 -0.00258266324066 0.999593434662 0.999591762188
-2.46993987976e-08 -0.00255570907346 0.999594236864 0.999592657988
-2.41182364729e-08 -0.00252875490625 0.999595039065 0.999593553789
-2.35370741483e-08 -0.00250180073905 0.999595841267 0.99959444959
-2.29559118236e-08 -0.00247484657185 0.999596643469 0.99959534539
-2.2374749499e-08 -0.00244789240465 0.999597445671 0.999596241191
-2.17935871743e-08 -0.00242093817134 0.999598211034 0.999597093862
-2.12124248497e-08 -0.0023939836827 0.999598834108 0.999597779945
-2.0631262525e-08 -0.00236702919406 0.999599457182 0.999598466028
-2.00501002004e-08 -0.00234007470542 0.999600080256 0.999599152111
-1.94689378758e-08 -0.00231312021677 0.999600703331 0.999599838195
-1.88877755511e-08 -0.00228616572813 0.999601326405 0.999600524278
-1.83066132265e-08 -0.00225921123949 0.999601949479 0.999601210361
-1.77254509018e-08 -0.00223225654719 0.999602423551 0.999601727697
-1.71442885772e-08 -0.00220530184428 0.999602889862 0.999602236244
-1.65631262525e-08 -0.00217834714137 0.999603356173 0.999602744791
-1.59819639279e-08 -0.00215139243846 0.999603822484 0.999603253338
-1.54008016032e-08 -0.00212443773555 0.999604288794 0.999603761886
-1.48196392786e-08 -0.00209748303264 0.999604755105 0.999604270433
-1.42384769539e-08 -0.00207052825369 0.999605146886 0.999604696961
-1.36573146293e-08 -0.00204357341204 0.99960547723 0.999605055879
-1.30761523046e-08 -0.0020166185704 0.999605807573 0.999605414797
-1.249498998e-08 -0.00198966372876 0.999606137916 0.999605773715
-1.19138276553e-08 -0.00196270888711 0.99960646826 0.999606132633
-1.13326653307e-08 -0.00193575404547 0.999606798603 0.999606491551
-1.0751503006e-08 -0.00190879920383 0.999607128946 0.999606850469
-1.01703406814e-08 -0.00188184427771 0.999607341496 0.999607083172
-9.58917835671e-09 -0.00185488935118 0.99960755347 0.999607315258
-9.00801603206e-09 -0.00182793442465 0.999607765445 0.999607547344
-8.42685370741e-09 -0.00180097949812 0.999607977419 0.99960777943
-7.84569138277e-09 -0.00177402457159 0.999608189394 0.999608011516
-7.26452905812e-09 -0.00174706964506 0.999608401368 0.999608243603
-6.68336673347e-09 -0.00172011470563 0.999608582958 0.999608444003
-6.10220440882e-09 -0.00169315973432 0.999608689409 0.999608566046
-5.52104208417e-09 -0.00166620476301 0.999608795859 0.999608688089
-4.93987975952e-09 -0.0016392497917 0.99960890231 0.999608810132
-4.35871743487e-09 -0.0016122948204 0.99960900876 0.999608932175
-3.77755511022e-09 -0.00158533984909 0.999609115211 0.999609054218
-3.19639278557e-09 -0.00155838487778 0.999609221661 0.999609176261
-2.61523046092e-09 -0.00153142990155 0.999609286268 0.999609255936
-2.03406813627e-09 -0.00150447491861 0.999609293776 0.999609277798
-1.45290581162e-09 -0.00147751993567 0.999609301283 0.99960929966
-8.71743486974e-10 -0.00145056495273 0.999609308791 0.999609321521
-2.90581162324e-10 -0.00142360996979 0.999609316299 0.999609343383
2.90581162325e-10 -0.00139665498684 0.999609323806 0.999609365244
8.71743486974e-10 -0.0013697000039 0.999609331314 0.999609387106
1.45290581162e-09 -0.00134274502932 0.999609299147 0.999609370075
2.03406813627e-09 -0.00131579006746 0.999609206553 0.999609293807
2.61523046092e-09 -0.00128883510559 0.999609113959 0.999609217539
3.19639278557e-09 -0.00126188014373 0.999609021364 0.999609141271
3.77755511022e-09 -0.00123492518187 0.99960892877 0.999609065003
4.35871743487e-09 -0.00120797022001 0.999608836175 0.999608988735
4.93987975952e-09 -0.00118101525815 0.999608743581 0.999608912467
5.52104208417e-09 -0.00115406030873 0.999608628405 0.999608814805
6.10220440882e-09 -0.00112710540775 0.999608425345 0.999608633882
6.68336673347e-09 -0.00110015050676 0.999608222284 0.999608452959
7.26452905812e-09 -0.00107319560578 0.999608019224 0.999608272036
7.84569138277e-09 -0.0010462407048 0.999607816164 0.999608091113
8.42685370742e-09 -0.00101928580381 0.999607613104 0.99960791019
9.00801603206e-09 -0.00099233090283 0.999607410044 0.999607729267
9.58917835671e-09 -0.000965376001847 0.999607206984 0.999607548344
1.01703406814e-08 -0.000938421200486 0.999606893031 0.999607265988
1.0751503006e-08 -0.00091146641764 0.999606558468 0.999606964781
1.13326653307e-08 -0.000884511634793 0.999606223905 0.999606663574
1.19138276553e-08 -0.000857556851947 0.999605889342 0.999606362368
1.249498998e-08 -0.000830602069101 0.999605554779 0.999606061161
1.30761523046e-08 -0.000803647286255 0.999605220216 0.999605759954
1.36573146293e-08 -0.000776692503408 0.999604885653 0.999605458747
1.42384769539e-08 -0.000749737785139 0.999604500208 0.999605112717
1.48196392786e-08 -0.000722783211337 0.999604000932 0.999604666409
1.54008016032e-08 -0.000695828637535 0.999603501656 0.999604220101
1.59819639279e-08 -0.000668874063733 0.99960300238 0.999603773793
1.65631262525e-08 -0.000641919489931 0.999602503104 0.999603327485
1.71442885772e-08 -0.000614964916129 0.999602003828 0.999602881177
1.77254509018e-08 -0.000588010342327 0.999601504552 0.999602434869
1.83066132265e-08 -0.000561055768525 0.999601005276 0.999601988561
1.88877755511e-08 -0.000534101410077 0.999600379572 0.999601435689
1.94689378758e-08 -0.000507147196842 0.999599668616 0.999600810959
2.00501002004e-08 -0.000480192983607 0.99959895766 0.999600186229
2.06312625251e-08 -0.000453238770372 0.999598246704 0.9995995615
2.12124248497e-08 -0.000426284557138 0.999597535747 0.99959893677
2.17935871743e-08 -0.000399330343903 0.999596824791 0.99959831204
2.2374749499e-08 -0.000372376130668 0.999596113835 0.99959768731
2.29559118236e-08 -0.000345421917434 0.999595402879 0.999597062581
2.35370741483e-08 -0.000318468140116 0.999594498854 0.999596284166
2.41182364729e-08 -0.000291514545955 0.99959351371 0.99959544118
2.46993987976e-08 -0.000264560951793 0.999592528565 0.999594598194
2.52805611222e-08 -0.000237607357631 0.999591543421 0.999593755207
2.58617234469e-08 -0.000210653763469 0.999590558276 0.999592912221
2.64428857715e-08 -0.000183700169307 0.999589573131 0.999592069234
2.70240480962e-08 -0.000156746575145 0.999588587987 0.999591226248
2.76052104208e-08 -0.000129792980983 0.999587602842 0.999590383261
2.81863727455e-08 -0.000102840053054 0.999586396038 0.999589377421
2.87675350701e-08 -7.58875243583e-05 0.999585056406 0.999588273994
2.93486973948e-08 -4.89349956629e-05 0.999583716774 0.999587170566
2.99298597194e-08 -2.19824669675e-05 0.999582377143 0.999586067138
3.05110220441e-08 4.97006172796e-06 0.999581037511 0.99958496371
3.10921843687e-08 3.19225904234e-05 0.999579697879 0.999583860282
3.16733466934e-08 5.88751191188e-05 0.999578358247 0.999582756854
3.2254509018e-08 8.58276478142e-05 0.999577018616 0.999581653427
3.28356713427e-08 0.000112779520051 0.999575516538 0.999580444097
3.34168336673e-08 0.000139730206539 0.999573721037 0.999579043478
3.3997995992e-08 0.000166680893027 0.999571925536 0.99957764286
3.45791583166e-08 0.000193631579515 0.999570130036 0.999576242241
3.51603206413e-08 0.000220582266003 0.999568334535 0.999574841623
3.57414829659e-08 0.000247532952491 0.999566539034 0.999573441004
3.63226452906e-08 0.000274483638979 0.999564743533 0.999572040385
3.69038076152e-08 0.000301434325467 0.999562948032 0.999570639767
3.74849699399e-08 0.000328385011955 0.999561152531 0.999569239148
3.80661322645e-08 0.000355332839635 0.999558835718 0.999567557558
3.86472945892e-08 0.000382280324101 0.999556456318 0.999565842235
3.92284569138e-08 0.000409227808568 0.999554076919 0.999564126912
3.98096192385e-08 0.000436175293035 0.999551697519 0.999562411589
4.03907815631e-08 0.000463122777501 0.99954931812 0.999560696266
4.09719438878e-08 0.000490070261968 0.99954693872 0.999558980944
4.15531062124e-08 0.000517017746434 0.99954455932 0.999557265621
4.21342685371e-08 0.000543965230901 0.999542179921 0.999555550298
4.27154308617e-08 0.000570911427411 0.999539628171 0.999553768445
4.32965931864e-08 0.000597853315182 0.999536499841 0.99955176402
4.3877755511e-08 0.000624795202953 0.99953337151 0.999549759595
4.44589178357e-08 0.000651737090725 0.99953024318 0.999547755171
4.50400801603e-08 0.000678678978496 0.999527114849 0.999545750746
4.5621242485e-08 0.000705620866267 0.999523986519 0.999543746321
4.62024048096e-08 0.000732562754038 0.999520858188 0.999541741897
4.67835671343e-08 0.000759504641809 0.999517729858 0.999539737472
4.73647294589e-08 0.00078644652958 0.999514601527 0.999537733047
4.79458917836e-08 0.0008133848393 0.999511120073 0.999535663384
4.85270541082e-08 0.000840316886466 0.999507020557 0.999533479537
4.91082164329e-08 0.000867248933631 0.999502921041 0.999531295689
4.96893787575e-08 0.000894180980797 0.999498821526 0.999529111841
5.02705410822e-08 0.000921113027963 0.99949472201 0.999526927993
5.08517034068e-08 0.000948045075129 0.999490622494 0.999524744146
5.14328657315e-08 0.000974977122295 0.999486522978 0.999522560298
5.20140280561e-08 0.00100190916946 0.999482423462 0.99952037645
5.25951903808e-08 0.00102884121663 0.999478323947 0.999518192602
5.31763527054e-08 0.00105576824068 0.999473852118 0.999516033184
5.37575150301e-08 0.00108268287277 0.999468461797 0.999513934032
5.43386773547e-08 0.00110959750487 0.999463071477 0.99951183488
5.49198396794e-08 0.00113651213696 0.999457681156 0.999509735728
5.5501002004e-08 0.00116342676906 0.999452290835 0.999507636576
5.60821643287e-08 0.00119034140115 0.999446900515 0.999505537424
5.66633266533e-08 0.00121725603325 0.999441510194 0.999503438273
5.7244488978e-08 0.00124417066534 0.999436119874 0.999501339121
5.78256513026e-08 0.00127108529744 0.999430729553 0.999499239969
5.84068136273e-08 0.00129799992953 0.999425339233 0.999497140817
5.89879759519e-08 0.00132488352942 0.99941816179 0.999495666676
5.95691382766e-08 0.00135176712065 0.999410983849 0.999494192709
6.01503006012e-08 0.00137865071188 0.999403805909 0.999492718742
6.07314629259e-08 0.00140553430311 0.999396627968 0.999491244775
6.13126252505e-08 0.00143241789435 0.999389450027 0.999489770807
6.18937875752e-08 0.00145930148558 0.999382272087 0.99948829684
6.24749498998e-08 0.00148618507681 0.999375094146 0.999486822873
6.30561122244e-08 0.00151306866804 0.999367916205 0.999485348906
6.36372745491e-08 0.00153995225928 0.999360738265 0.999483874939
6.42184368737e-08 0.00156680838902 0.999352270241 0.999483216567
6.47995991984e-08 0.00159363621349 0.999342472496 0.99948339885
6.5380761523e-08 0.00162046403797 0.99933267475 0.999483581133
6.59619238477e-08 0.00164729186244 0.999322877005 0.999483763416
6.65430861723e-08 0.00167411968692 0.99931307926 0.999483945698
6.7124248497e-08 0.00170094751139 0.999303281514 0.999484127981
6.77054108216e-08 0.00172777533587 0.999293483769 0.999484310264
6.82865731463e-08 0.00175460316034 0.999283686024 0.999484492547
6.88677354709e-08 0.00178143098482 0.999273888278 0.999484674829
6.94488977956e-08 0.00180825880929 0.999264090533 0.999484857112
7.00300601202e-08 0.00183500968186 0.999251171366 0.999487750597
7.06112224449e-08 0.00186173644425 0.999237274211 0.999491493542
7.11923847695e-08 0.00188846320665 0.999223377056 0.999495236487
7.17735470942e-08 0.00191518996904 0.999209479901 0.999498979432
7.23547094188e-08 0.00194191673144 0.999195582746 0.999502722377
7.29358717435e-08 0.00196864349383 0.999181685591 0.999506465322
7.35170340681e-08 0.00199537025623 0.999167788436 0.999510208267
7.40981963928e-08 0.00202209701862 0.999153891281 0.999513951212
7.46793587174e-08 0.00204882378102 0.999139994127 0.999517694157
7.52605210421e-08 0.00207555054341 0.999126096972 0.999521437102
7.58416833667e-08 0.00210212913093 0.999106717711 0.999530818598
7.64228456914e-08 0.00212867100956 0.999085980312 0.99954159699
7.7004008016e-08 0.0021552128882 0.999065242913 0.999552375382
7.75851703407e-08 0.00218175476683 0.999044505515 0.999563153774
7.81663326653e-08 0.00220829664547 0.999023768116 0.999573932166
7.874749499e-08 0.00223483852411 0.999003030717 0.999584710558
7.93286573146e-08 0.00226138040274 0.998982293318 0.99959548895
7.99098196393e-08 0.00228792228138 0.99896155592 0.999606267342
8.04909819639e-08 0.00231446416002 0.998940818521 0.999617045734
8.10721442886e-08 0.00234100603865 0.998920081122 0.999627824126
8.16533066132e-08 0.00236734049058 0.998892029117 0.999646722461
8.22344689379e-08 0.00239354069947 0.998859243223 0.999670875885
8.28156312625e-08 0.00241974090836 0.998826457328 0.999695029309
8.33967935872e-08 0.00244594111725 0.998793671434 0.999719182733
8.39779559118e-08 0.00247214132615 0.99876088554 0.999743336158
8.45591182365e-08 0.00249834153504 0.998728099646 0.999767489582
8.51402805611e-08 0.00252454174393 0.998695313752 0.999791643006
8.57214428858e-08 0.00255074195282 0.998662527858 0.99981579643
8.63026052104e-08 0.00257694216172 0.998629741964 0.999839949854
8.68837675351e-08 0.00260314237061 0.99859695607 0.999864103279
8.74649298597e-08 0.00262923225441 0.998560350526 0.999892583622
8.80460921844e-08 0.00265479423624 0.998505468086 0.999941768136
8.8627254509e-08 0.00268035621806 0.998450585645 0.999990952649
8.92084168337e-08 0.00270591819989 0.998395703204 1.00004013716
8.97895791583e-08 0.00273148018171 0.998340820763 1.00008932168
9.0370741483e-08 0.00275704216354 0.998285938322 1.00013850619
9.09519038076e-08 0.00278260414536 0.998231055881 1.0001876907
9.15330661323e-08 0.00280816612719 0.99817617344 1.00023687522
9.21142284569e-08 0.00283372810901 0.998121291 1.00028605973
9.26953907816e-08 0.00285929009084 0.998066408559 1.00033524424
9.32765531062e-08 0.00288485207266 0.998011526118 1.00038442876
9.38577154309e-08 0.00290981953965 0.997936100895 1.00045666037
9.44388777555e-08 0.00293417584947 0.997839557832 1.00055258425
9.50200400802e-08 0.00295853215929 0.99774301477 1.00064850813
9.56012024048e-08 0.00298288846911 0.997646471708 1.00074443201
9.61823647295e-08 0.00300724477893 0.997549928645 1.0008403559
9.67635270541e-08 0.00303160108875 0.997453385583 1.00093627978
9.73446893788e-08 0.00305595739857 0.997356842521 1.00103220366
9.79258517034e-08 0.00308031370839 0.997260299458 1.00112812754
9.85070140281e-08 0.00310467001821 0.997163756396 1.00122405142
9.90881763527e-08 0.00312902632803 0.997067213333 1.0013199753
9.96693386774e-08 0.00315338263785 0.996970670271 1.00141589918
1.00250501002e-07 0.00317644381997 0.996829176839 1.0015611888
1.00831663327e-07 0.00319849575126 0.996652655046 1.00174494753
1.01412825651e-07 0.00322054768254 0.996476133254 1.00192870626
1.01993987976e-07 0.00324259961383 0.996299611462 1.00211246499
1.02575150301e-07 0.00326465154511 0.99612308967 1.00229622372
1.03156312625e-07 0.0032867034764 0.995946567878 1.00247998245
1.0373747495e-07 0.00330875540768 0.995770046086 1.00266374119
1.04318637275e-07 0.00333080733897 0.995593524294 1.00284749992
1.04899799599e-07 0.00335285927026 0.995417002502 1.00303125865
1.05480961924e-07 0.00337491120154 0.99524048071 1.00321501738
1.06062124248e-07 0.00339696313283 0.995063958917 1.00339877611
1.06643286573e-07 0.00341734908737 0.994829394079 1.00364500078
1.07224448898e-07 0.00343494344336 0.994497569249 1.00399589668
1.07805611222e-07 0.00345253779935 0.99416574442 1.00434679258
1.08386773547e-07 0.00347013215535 0.99383391959 1.00469768848
1.08967935872e-07 0.00348772651134 0.993502094761 1.00504858438
1.09549098196e-07 0.00350532086733 0.993170269931 1.00539948028
1.10130260521e-07 0.00352291522332 0.992838445101 1.00575037618
1.10711422846e-07 0.00354050957931 0.992506620272 1.00610127208
1.1129258517e-07 0.00355810393531 0.992174795442 1.00645216798
1.11873747495e-07 0.0035756982913 0.991842970612 1.00680306388
1.1245490982e-07 0.00359329264729 0.991511145783 1.00715395978
1.13036072144e-07 0.00361088700328 0.991179320953 1.00750485568
1.13617234469e-07 0.00362043132798 0.990567641873 1.00815423123
1.14198396794e-07 0.00362929633686 0.989932346807 1.0088287945
1.14779559118e-07 0.00363816134575 0.989297051742 1.00950335777
1.15360721443e-07 0.00364702635463 0.988661756676 1.01017792104
1.15941883768e-07 0.00365589136351 0.988026461611 1.01085248431
1.16523046092e-07 0.00366475637239 0.987391166545 1.01152704758
1.17104208417e-07 0.00367362138127 0.98675587148 1.01220161085
1.17685370741e-07 0.00368248639015 0.986120576414 1.01287617412
1.18266533066e-07 0.00369135139903 0.985485281349 1.01355073739
1.18847695391e-07 0.00370021640791 0.984849986283 1.01422530066
1.19428857715e-07 0.00370908141679 0.984214691218 1.01489986393
1.2001002004e-07 0.00371446447983 0.983460045635 1.01570349146
1.20591182365e-07 0.00370601954813 0.982231418434 1.0170196772
1.21172344689e-07 0.00369757461642 0.981002791233 1.01833586293
1.21753507014e-07 0.00368912968471 0.979774164033 1.01965204867
1.22334669339e-07 0.003680684753 0.978545536832 1.02096823441
1.22915831663e-07 0.00367223982129 0.977316909631 1.02228442015
1.23496993988e-07 0.00366379488958 0.97608828243 1.02360060588
1.24078156313e-07 0.00365534995787 0.974859655229 1.02491679162
1.24659318637e-07 0.00364690502616 0.973631028028 1.02623297736
1.25240480962e-07 0.00363846009445 0.972402400827 1.02754916309
1.25821643287e-07 0.00363001516274 0.971173773627 1.02886534883
1.26402805611e-07 0.00362157023104 0.969945146426 1.03018153457
1.26983967936e-07 0.0036060224979 0.968481630602 1.03176628267
1.27565130261e-07 0.00356281409391 0.966103380368 1.03439690195
1.28146292585e-07 0.00351960568992 0.963725130133 1.03702752124
1.2872745491e-07 0.00347639728593 0.961346879899 1.03965814052
1.29308617234e-07 0.00343318888194 0.958968629664 1.0422887598
1.29889779559e-07 0.00338998047795 0.95659037943 1.04491937909
1.30470941884e-07 0.00334677207396 0.954212129195 1.04754999837
1.31052104208e-07 0.00330356366997 0.951833878961 1.05018061765
1.31633266533e-07 0.00326035526598 0.949455628726 1.05281123693
1.32214428858e-07 0.00321714686199 0.947077378492 1.05544185622
1.32795591182e-07 0.003173938458 0.944699128257 1.0580724755
1.33376753507e-07 0.00313073005401 0.942320878023 1.06070309478
1.33957915832e-07 0.00308752165002 0.939942627788 1.06333371406
1.34539078156e-07 0.0029788743877 0.935561535241 1.06858727616
1.35120240481e-07 0.00286493542962 0.931018483386 1.07405294183
1.35701402806e-07 0.00275099647154 0.926475431532 1.0795186075
1.3628256513e-07 0.00263705751346 0.921932379677 1.08498427316
1.36863727455e-07 0.00252311855538 0.917389327822 1.09044993883
1.3744488978e-07 0.0024091795973 0.912846275967 1.0959156045
1.38026052104e-07 0.00229524063922 0.908303224113 1.10138127016
1.38607214429e-07 0.00218130168114 0.903760172258 1.10684693583
1.39188376754e-07 0.00206736272306 0.899217120403 1.1123126015
1.39769539078e-07 0.00195342376498 0.894674068549 1.11777826716
1.40350701403e-07 0.0018394848069 0.890131016694 1.12324393283
1.40931863727e-07 0.00172554584882 0.885587964839 1.1287095985
1.41513026052e-07 0.00155947784598 0.87959734651 1.13642122159
1.42094188377e-07 0.00129956487165 0.871000756116 1.14817611484
1.42675350701e-07 0.00103965189732 0.862404165721 1.15993100808
1.43256513026e-07 0.00077973892299 0.853807575327 1.17168590133
1.43837675351e-07 0.00051982594866 0.845210984932 1.18344079458
1.44418837675e-07 0.00025991297433 0.836614394538 1.19519568782
1.45e-07 0 0.828017804143 1.20695058107
