-1.45e-07 -0.000111058390611 1.00015649364 0.999901887866
-1.44418837675e-07 -0.000110549070768 1.00017564984 0.999882736348
-1.43837675351e-07 -0.000110048668377 1.00019341334 0.999864976111
-1.43256513026e-07 -0.000109559478767 1.00020940033 0.999848987747
-1.42675350701e-07 -0.00010907835315 1.0002240874 0.999834295608
-1.42094188377e-07 -0.00010860353347 1.00023774809 0.999820626789
-1.41513026052e-07 -0.000108136250456 1.00025016941 0.99980819349
-1.40931863727e-07 -0.000107676730419 1.0002612843 0.999797062153
-1.40350701403e-07 -0.000107221276303 1.0002717055 0.999786622022
-1.39769539078e-07 -0.000106772719052 1.0002809343 0.999777369791
-1.39188376754e-07 -0.000106328941016 1.00028931017 0.999768966918
-1.38607214429e-07 -0.000105888490812 1.00029709215 0.999761155465
-1.38026052104e-07 -0.000105454352349 1.0003037044 0.999754508287
-1.3744488978e-07 -0.000105021592724 1.00031005733 0.999748119178
-1.36863727455e-07 -0.000104594778728 1.00031525726 0.999742877042
-1.3628256513e-07 -0.000104168963701 1.00032025245 0.999737838437
-1.35701402806e-07 -0.000103747675731 1.0003243198 0.999733722181
-1.35120240481e-07 -0.000103327330841 1.00032818012 0.999729811556
-1.34539078156e-07 -0.000102910719495 1.00033122086 0.999726715002
-1.33957915832e-07 -0.000102494597979 1.00033414427 0.999723734869
-1.33376753507e-07 -0.000102081833882 1.00033626347 0.999721552714
-1.32795591182e-07 -0.000101669069785 1.00033838268 0.999719370559
-1.32214428858e-07 -0.000101259209977 1.00033972196 0.999717961314
-1.31633266533e-07 -0.000100849492831 1.00034102293 0.999716590035
-1.31052104208e-07 -0.000100441316609 1.00034183993 0.999715697621
-1.30470941884e-07 -0.000100033884234 1.0003424233 0.999715036369
-1.29889779559e-07 -9.9626900838e-05 1.00034282918 0.999714550382
-1.29308617234e-07 -9.92210380495e-05 1.00034279203 0.999714501843
-1.2872745491e-07 -9.8815175261e-05 1.00034275489 0.999714453304
-1.28146292585e-07 -9.84100247201e-05 1.00034230463 0.9997148116
-1.27565130261e-07 -9.80050718589e-05 1.00034173972 0.999715282809
-1.26983967936e-07 -9.76001688962e-05 1.00034110482 0.999715822695
-1.26402805611e-07 -9.71955298333e-05 1.00034009977 0.999716725791
-1.25821643287e-07 -9.67908907705e-05 1.00033909472 0.999717628887
-1.25240480962e-07 -9.638616519e-05 1.00033794313 0.999718675063
-1.24659318637e-07 -9.59813146134e-05 1.00033657982 0.999719927952
-1.24078156313e-07 -9.55764640369e-05 1.00033521652 0.999721180842
-1.23496993988e-07 -9.5171266e-05 1.00033370428 0.999722578087
-1.22915831663e-07 -9.47657558011e-05 1.00033205824 0.999724105021
-1.22334669339e-07 -9.43602456022e-05 1.00033041221 0.999725631956
-1.21753507014e-07 -9.39542168509e-05 1.00032865793 0.99972726263
-1.21172344689e-07 -9.35476814334e-05 1.00032679789 0.999728994666
-1.20591182365e-07 -9.31411460159e-05 1.00032493785 0.999730726701
-1.2001002004e-07 -9.27341678249e-05 1.00032302606 0.999732507387
-1.19428857715e-07 -9.23263281739e-05 1.00032101362 0.999734382729
-1.18847695391e-07 -9.19184885229e-05 1.00031900117 0.99973625807
-1.18266533066e-07 -9.15106177359e-05 1.00031698667 0.999738135263
-1.17685370741e-07 -9.11012841034e-05 1.00031487604 0.999740099475
-1.17104208417e-07 -9.0691950471e-05 1.00031276541 0.999742063687
-1.16523046092e-07 -9.02826168386e-05 1.00031065479 0.999744027899
-1.15941883768e-07 -8.98724188189e-05 1.00030851629 0.999746014831
-1.15360721443e-07 -8.94614919104e-05 1.00030635429 0.99974802092
-1.14779559118e-07 -8.9050565002e-05 1.00030419229 0.99975002701
-1.14198396794e-07 -8.86396380936e-05 1.00030203029 0.999752033099
-1.13617234469e-07 -8.82272739703e-05 1.00029985758 0.999754041225
-1.13036072144e-07 -8.78147445479e-05 1.00029768364 0.999756049584
-1.1245490982e-07 -8.74022151255e-05 1.0002955097 0.999758057944
-1.11873747495e-07 -8.69895702454e-05 1.0002933373 0.99976006402
-1.1129258517e-07 -8.65755171026e-05 1.00029118367 0.999762042244
-1.10711422846e-07 -8.61614639598e-05 1.00028903003 0.999764020467
-1.10130260521e-07 -8.5747410817e-05 1.00028687639 0.999765998691
-1.09549098196e-07 -8.5333261275e-05 1.000284726 0.999767972971
-1.08967935872e-07 -8.49178475816e-05 1.00028261805 0.999769895542
-1.08386773547e-07 -8.45024338882e-05 1.0002805101 0.999771818112
-1.07805611222e-07 -8.40870201948e-05 1.00027840215 0.999773740683
-1.07224448898e-07 -8.36716065014e-05 1.00027629421 0.999775663253
-1.06643286573e-07 -8.32552163093e-05 1.00027424269 0.999777520588
-1.06062124248e-07 -8.28386843724e-05 1.00027219936 0.999779368453
-1.05480961924e-07 -8.24221524355e-05 1.00027015603 0.999781216317
-1.04899799599e-07 -8.20056204986e-05 1.0002681127 0.999783064182
-1.04318637275e-07 -8.15887079541e-05 1.00026610615 0.999784870448
-1.0373747495e-07 -8.11713724937e-05 1.00026414047 0.999786630491
-1.03156312625e-07 -8.07540370333e-05 1.0002621748 0.999788390533
-1.02575150301e-07 -8.03367015729e-05 1.00026020912 0.999790150576
-1.01993987976e-07 -7.99193661125e-05 1.00025824345 0.999791910618
-1.01412825651e-07 -7.9501664595e-05 1.0002563514 0.999793588202
-1.00831663327e-07 -7.90839046842e-05 1.00025447111 0.999795252631
-1.00250501002e-07 -7.86661447735e-05 1.00025259081 0.999796917061
-9.96693386774e-08 -7.82483848628e-05 1.00025071051 0.999798581491
-9.90881763527e-08 -7.7830625239e-05 1.00024883281 0.999800243025
-9.85070140281e-08 -7.74128751146e-05 1.00024704102 0.999801808699
-9.79258517034e-08 -7.69951249901e-05 1.00024524923 0.999803374373
-9.73446893788e-08 -7.65773748657e-05 1.00024345743 0.999804940046
-9.67635270541e-08 -7.61596247412e-05 1.00024166564 0.99980650572
-9.61823647295e-08 -7.57418746168e-05 1.00023987385 0.999808071394
-9.56012024048e-08 -7.53245958451e-05 1.00023816661 0.999809542654
-9.50200400802e-08 -7.49073348417e-05 1.00023646256 0.999811010355
-9.44388777555e-08 -7.44900738383e-05 1.00023475851 0.999812478057
-9.38577154309e-08 -7.40728128349e-05 1.00023305446 0.999813945758
-9.32765531062e-08 -7.36555518315e-05 1.00023135041 0.999815413459
-9.26953907816e-08 -7.32389470401e-05 1.00022970122 0.999816819651
-9.21142284569e-08 -7.28226889522e-05 1.00022808101 0.999818193346
-9.15330661323e-08 -7.24064308643e-05 1.0002264608 0.99981956704
-9.09519038076e-08 -7.19901727764e-05 1.00022484059 0.999820940735
-9.0370741483e-08 -7.15739146885e-05 1.00022322038 0.999822314429
-8.97895791583e-08 -7.11577944349e-05 1.0002216071 0.999823680284
-8.92084168337e-08 -7.07430766456e-05 1.00022006445 0.999824966374
-8.8627254509e-08 -7.03283588563e-05 1.00021852179 0.999826252464
-8.80460921844e-08 -6.9913641067e-05 1.00021697914 0.999827538554
-8.74649298597e-08 -6.94989232777e-05 1.00021543648 0.999828824644
-8.68837675351e-08 -6.90842054884e-05 1.00021389383 0.999830110734
-8.63026052104e-08 -6.86700248111e-05 1.00021236906 0.999831376402
-8.57214428858e-08 -6.82573975573e-05 1.00021089601 0.999832583005
-8.51402805611e-08 -6.78447703036e-05 1.00020942297 0.999833789608
-8.45591182365e-08 -6.74321430499e-05 1.00020794993 0.999834996211
-8.39779559118e-08 -6.70195157961e-05 1.00020647689 0.999836202814
-8.33967935872e-08 -6.66068885424e-05 1.00020500384 0.999837409417
-8.28156312625e-08 -6.61946412603e-05 1.00020353953 0.999838605909
-8.22344689379e-08 -6.57846574174e-05 1.00020212718 0.999839742176
-8.16533066132e-08 -6.53746735746e-05 1.00020071483 0.999840878443
-8.10721442886e-08 -6.49646897317e-05 1.00019930249 0.99984201471
-8.04909819639e-08 -6.45547058889e-05 1.00019789014 0.999843150977
-7.99098196393e-08 -6.4144722046e-05 1.0001964778 0.999844287244
-7.93286573146e-08 -6.37347382032e-05 1.00019506545 0.999845423511
-7.874749499e-08 -6.33271033028e-05 1.00019369099 0.999846515026
-7.81663326653e-08 -6.29203090686e-05 1.00019233008 0.999847590525
-7.75851703407e-08 -6.25135148345e-05 1.00019096917 0.999848666024
-7.7004008016e-08 -6.21067206003e-05 1.00018960826 0.999849741523
-7.64228456914e-08 -6.16999263662e-05 1.00018824736 0.999850817022
-7.58416833667e-08 -6.1293132132e-05 1.00018688645 0.999851892521
-7.52605210421e-08 -6.08864154944e-05 1.00018552642 0.999852966949
-7.46793587174e-08 -6.04833423305e-05 1.00018420789 0.999853991123
-7.40981963928e-08 -6.00802691666e-05 1.00018288936 0.999855015297
-7.35170340681e-08 -5.96771960027e-05 1.00018157083 0.99985603947
-7.29358717435e-08 -5.92741228388e-05 1.0001802523 0.999857063644
-7.23547094188e-08 -5.8871049675e-05 1.00017893377 0.999858087818
-7.17735470942e-08 -5.84679765111e-05 1.00017761524 0.999859111991
-7.11923847695e-08 -5.80649033472e-05 1.00017629671 0.999860136165
-7.06112224449e-08 -5.76659860164e-05 1.00017501155 0.99986111864
-7.00300601202e-08 -5.72671441597e-05 1.00017372699 0.999862100358
-6.94488977956e-08 -5.6868302303e-05 1.00017244243 0.999863082076
-6.88677354709e-08 -5.64694604463e-05 1.00017115787 0.999864063793
-6.82865731463e-08 -5.60706185896e-05 1.00016987332 0.999865045511
-6.77054108216e-08 -5.56717767329e-05 1.00016858876 0.999866027229
-6.7124248497e-08 -5.52729348762e-05 1.0001673042 0.999867008947
-6.65430861723e-08 -5.48769451342e-05 1.00016603572 0.999867969792
-6.59619238477e-08 -5.44828189263e-05 1.00016477775 0.999868916999
-6.5380761523e-08 -5.40886927184e-05 1.00016351978 0.999869864206
-6.47995991984e-08 -5.36945665106e-05 1.00016226181 0.999870811413
-6.42184368737e-08 -5.33004403027e-05 1.00016100384 0.99987175862
-6.36372745491e-08 -5.29063140949e-05 1.00015974587 0.999872705827
-6.30561122244e-08 -5.2512187887e-05 1.0001584879 0.999873653034
-6.24749498998e-08 -5.21180616792e-05 1.00015722993 0.999874600241
-6.18937875752e-08 -5.17284476659e-05 1.00015598981 0.999875523248
-6.13126252505e-08 -5.13394928605e-05 1.0001547523 0.999876442719
-6.07314629259e-08 -5.09505380551e-05 1.0001535148 0.99987736219
-6.01503006012e-08 -5.05615832498e-05 1.00015227729 0.999878281662
-5.95691382766e-08 -5.01726284444e-05 1.00015103978 0.999879201133
-5.89879759519e-08 -4.97836736391e-05 1.00014980227 0.999880120604
-5.84068136273e-08 -4.93947188337e-05 1.00014856477 0.999881040076
-5.78256513026e-08 -4.90057640284e-05 1.00014732726 0.999881959547
-5.7244488978e-08 -4.86211096076e-05 1.00014610186 0.999882861907
-5.66633266533e-08 -4.82377527124e-05 1.00014488011 0.999883759105
-5.60821643287e-08 -4.78543958171e-05 1.00014365837 0.999884656302
-5.5501002004e-08 -4.74710389218e-05 1.00014243662 0.9998855535
-5.49198396794e-08 -4.70876820266e-05 1.00014121488 0.999886450698
-5.43386773547e-08 -4.67043251313e-05 1.00013999313 0.999887347895
-5.37575150301e-08 -4.63209682361e-05 1.00013877139 0.999888245093
-5.31763527054e-08 -4.59376113408e-05 1.00013754964 0.99988914229
-5.25951903808e-08 -4.55558973207e-05 1.00013633133 0.99989003451
-5.20140280561e-08 -4.51785369155e-05 1.00013512211 0.999890913537
-5.14328657315e-08 -4.48011765103e-05 1.00013391289 0.999891792565
-5.08517034068e-08 -4.4423816105e-05 1.00013270368 0.999892671592
-5.02705410822e-08 -4.40464556998e-05 1.00013149446 0.99989355062
-4.96893787575e-08 -4.36690952946e-05 1.00013028524 0.999894429647
-4.91082164329e-08 -4.32917348894e-05 1.00012907602 0.999895308674
-4.85270541082e-08 -4.29143744841e-05 1.00012786681 0.999896187702
-4.79458917836e-08 -4.25370140789e-05 1.00012665759 0.999897066729
-4.73647294589e-08 -4.21620173501e-05 1.00012545236 0.999897940049
-4.67835671343e-08 -4.17910272059e-05 1.00012425387 0.999898803693
-4.62024048096e-08 -4.14200370618e-05 1.00012305539 0.999899667337
-4.5621242485e-08 -4.10490469176e-05 1.00012185691 0.999900530982
-4.50400801603e-08 -4.06780567734e-05 1.00012065843 0.999901394626
-4.44589178357e-08 -4.03070666293e-05 1.00011945995 0.99990225827
-4.3877755511e-08 -3.99360764851e-05 1.00011826147 0.999903121914
-4.32965931864e-08 -3.9565086341e-05 1.00011706299 0.999903985559
-4.27154308617e-08 -3.91940961968e-05 1.00011586451 0.999904849203
-4.21342685371e-08 -3.88233735061e-05 1.00011466644 0.999905712298
-4.15531062124e-08 -3.84591072182e-05 1.00011347823 0.999906562144
-4.09719438878e-08 -3.80948409302e-05 1.00011229001 0.99990741199
-4.03907815631e-08 -3.77305746422e-05 1.0001111018 0.999908261836
-3.98096192385e-08 -3.73663083543e-05 1.00010991359 0.999909111682
-3.92284569138e-08 -3.70020420663e-05 1.00010872538 0.999909961528
-3.86472945892e-08 -3.66377757784e-05 1.00010753717 0.999910811373
-3.80661322645e-08 -3.62735094904e-05 1.00010634896 0.999911661219
-3.74849699399e-08 -3.59092432025e-05 1.00010516074 0.999912511065
-3.69038076152e-08 -3.55449769145e-05 1.00010397253 0.999913360911
-3.63226452906e-08 -3.51825438274e-05 1.00010278717 0.999914207319
-3.57414829659e-08 -3.48253405834e-05 1.00010160993 0.999915043918
-3.51603206413e-08 -3.44681373395e-05 1.0001004327 0.999915880518
-3.45791583166e-08 -3.41109340956e-05 1.00009925546 0.999916717117
-3.3997995992e-08 -3.37537308517e-05 1.00009807822 0.999917553717
-3.34168336673e-08 -3.33965276078e-05 1.00009690099 0.999918390316
-3.28356713427e-08 -3.30393243638e-05 1.00009572375 0.999919226916
-3.2254509018e-08 -3.26821211199e-05 1.00009454651 0.999920063515
-3.16733466934e-08 -3.2324917876e-05 1.00009336928 0.999920900115
-3.10921843687e-08 -3.19677146321e-05 1.00009219204 0.999921736714
-3.05110220441e-08 -3.1610576179e-05 1.00009101492 0.999922573195
-2.99298597194e-08 -3.12607672236e-05 1.00008985033 0.99992339627
-2.93486973948e-08 -3.09109582682e-05 1.00008868574 0.999924219345
-2.87675350701e-08 -3.05611493127e-05 1.00008752115 0.999925042421
-2.81863727455e-08 -3.02113403573e-05 1.00008635657 0.999925865496
-2.76052104208e-08 -2.98615314018e-05 1.00008519198 0.999926688571
-2.70240480962e-08 -2.95117224464e-05 1.00008402739 0.999927511646
-2.64428857715e-08 -2.91619134909e-05 1.0000828628 0.999928334721
-2.58617234469e-08 -2.88121045355e-05 1.00008169821 0.999929157796
-2.52805611222e-08 -2.84622955801e-05 1.00008053363 0.999929980872
-2.46993987976e-08 -2.81124866246e-05 1.00007936904 0.999930803947
-2.41182364729e-08 -2.7764722897e-05 1.00007820845 0.999931623205
-2.35370741483e-08 -2.74226382278e-05 1.00007705894 0.999932431867
-2.29559118236e-08 -2.70805535587e-05 1.00007590944 0.999933240528
-2.2374749499e-08 -2.67384688896e-05 1.00007475993 0.99993404919
-2.17935871743e-08 -2.63963842204e-05 1.00007361043 0.999934857851
-2.12124248497e-08 -2.60542995513e-05 1.00007246093 0.999935666512
-2.0631262525e-08 -2.57122148822e-05 1.00007131142 0.999936475174
-2.00501002004e-08 -2.53701302131e-05 1.00007016192 0.999937283835
-1.94689378758e-08 -2.50280455439e-05 1.00006901241 0.999938092496
-1.88877755511e-08 -2.46859608748e-05 1.00006786291 0.999938901158
-1.83066132265e-08 -2.43438762057e-05 1.00006671341 0.999939709819
-1.77254509018e-08 -2.40018227167e-05 1.00006556397 0.99994051842
-1.71442885772e-08 -2.366779758e-05 1.00006443254 0.999941311378
-1.65631262525e-08 -2.33337724432e-05 1.00006330111 0.999942104337
-1.59819639279e-08 -2.29997473064e-05 1.00006216967 0.999942897295
-1.54008016032e-08 -2.26657221697e-05 1.00006103824 0.999943690254
-1.48196392786e-08 -2.23316970329e-05 1.00005990681 0.999944483212
-1.42384769539e-08 -2.19976718961e-05 1.00005877538 0.999945276171
-1.36573146293e-08 -2.16636467594e-05 1.00005764394 0.99994606913
-1.30761523046e-08 -2.13296216226e-05 1.00005651251 0.999946862088
-1.249498998e-08 -2.09955964858e-05 1.00005538108 0.999947655047
-1.19138276553e-08 -2.06615713491e-05 1.00005424965 0.999948448005
-1.13326653307e-08 -2.03275462123e-05 1.00005311821 0.999949240964
-1.0751503006e-08 -1.99952120284e-05 1.00005199109 0.999950030463
-1.01703406814e-08 -1.96695928628e-05 1.00005088108 0.999950806223
-9.58917835671e-09 -1.93439736971e-05 1.00004977107 0.999951581982
-9.00801603206e-09 -1.90183545315e-05 1.00004866105 0.999952357742
-8.42685370741e-09 -1.86927353658e-05 1.00004755104 0.999953133502
-7.84569138277e-09 -1.83671162002e-05 1.00004644103 0.999953909262
-7.26452905812e-09 -1.80414970345e-05 1.00004533102 0.999954685022
-6.68336673347e-09 -1.77158778689e-05 1.00004422101 0.999955460782
-6.10220440882e-09 -1.73902587032e-05 1.000043111 0.999956236542
-5.52104208417e-09 -1.70646395376e-05 1.00004200098 0.999957012302
-4.93987975952e-09 -1.67390203719e-05 1.00004089097 0.999957788062
-4.35871743487e-09 -1.64134012063e-05 1.00003978096 0.999958563822
-3.77755511022e-09 -1.60877820406e-05 1.00003867095 0.999959339582
-3.19639278557e-09 -1.57694461396e-05 1.00003758168 0.999960099778
-2.61523046092e-09 -1.54525957811e-05 1.00003649664 0.9999608568
-2.03406813627e-09 -1.51357454226e-05 1.0000354116 0.999961613823
-1.45290581162e-09 -1.4818895064e-05 1.00003432656 0.999962370845
-8.71743486974e-10 -1.45020447055e-05 1.00003324152 0.999963127867
-2.90581162324e-10 -1.4185194347e-05 1.00003215648 0.999963884889
2.90581162325e-10 -1.38683439884e-05 1.00003107145 0.999964641911
8.71743486974e-10 -1.35514936299e-05 1.00002998641 0.999965398933
1.45290581162e-09 -1.32346432714e-05 1.00002890137 0.999966155955
2.03406813627e-09 -1.29177929128e-05 1.00002781633 0.999966912977
2.61523046092e-09 -1.26009425543e-05 1.00002673129 0.99996767
3.19639278557e-09 -1.22840921958e-05 1.00002564625 0.999968427022
3.77755511022e-09 -1.19687213619e-05 1.00002456582 0.999969180783
4.35871743487e-09 -1.16606042888e-05 1.00002350801 0.99996991856
4.93987975952e-09 -1.13524872157e-05 1.00002245019 0.999970656336
5.52104208417e-09 -1.10443701426e-05 1.00002139237 0.999971394112
6.10220440882e-09 -1.07362530695e-05 1.00002033455 0.999972131889
6.68336673347e-09 -1.04281359964e-05 1.00001927673 0.999972869665
7.26452905812e-09 -1.01200189233e-05 1.00001821892 0.999973607441
7.84569138277e-09 -9.81190185024e-06 1.0000171611 0.999974345218
8.42685370742e-09 -9.50378477714e-06 1.00001610328 0.999975082994
9.00801603206e-09 -9.19566770404e-06 1.00001504546 0.99997582077
9.58917835671e-09 -8.88755063094e-06 1.00001398765 0.999976558547
1.01703406814e-08 -8.57943355784e-06 1.00001292983 0.999977296323
1.0751503006e-08 -8.27131648474e-06 1.00001187201 0.999978034099
1.13326653307e-08 -7.96983555346e-06 1.00001083633 0.999978757034
1.19138276553e-08 -7.67002571273e-06 1.00000980622 0.999979476231
1.249498998e-08 -7.37021587201e-06 1.00000877611 0.999980195428
1.30761523046e-08 -7.07040603128e-06 1.000007746 0.999980914626
1.36573146293e-08 -6.77059619055e-06 1.00000671589 0.999981633823
1.42384769539e-08 -6.47078634982e-06 1.00000568578 0.99998235302
1.48196392786e-08 -6.1709765091e-06 1.00000465568 0.999983072217
1.54008016032e-08 -5.87116666837e-06 1.00000362557 0.999983791415
1.59819639279e-08 -5.57135682764e-06 1.00000259546 0.999984510612
1.65631262525e-08 -5.27154698691e-06 1.00000156535 0.999985229809
1.71442885772e-08 -4.97173714618e-06 1.00000053524 0.999985949006
1.77254509018e-08 -4.67192730546e-06 0.999999505131 0.999986668204
1.83066132265e-08 -4.37999777189e-06 0.999998502584 0.999987369807
1.88877755511e-08 -4.08809884356e-06 0.999997500143 0.999988071341
1.94689378758e-08 -3.79619991524e-06 0.999996497702 0.999988772876
2.00501002004e-08 -3.50430098692e-06 0.999995495262 0.999989474411
2.06312625251e-08 -3.21240205859e-06 0.999994492821 0.999990175945
2.12124248497e-08 -2.92050313027e-06 0.99999349038 0.99999087748
2.17935871743e-08 -2.62860420194e-06 0.99999248794 0.999991579015
2.2374749499e-08 -2.33670527362e-06 0.999991485499 0.999992280549
2.29559118236e-08 -2.04480634529e-06 0.999990483058 0.999992982084
2.35370741483e-08 -1.75290741697e-06 0.999989480618 0.999993683619
2.41182364729e-08 -1.46100848864e-06 0.999988478177 0.999994385153
2.46993987976e-08 -1.174654934e-06 0.999987495706 0.999995074547
2.52805611222e-08 -8.90298462578e-07 0.999986520426 0.999995759568
2.58617234469e-08 -6.05941991152e-07 0.999985545146 0.999996444589
2.64428857715e-08 -3.21585519725e-07 0.999984569867 0.99999712961
2.70240480962e-08 -3.72290482994e-08 0.999983594587 0.999997814631
2.76052104208e-08 2.47127423127e-07 0.999982619307 0.999998499652
2.81863727455e-08 5.31483894553e-07 0.999981644028 0.999999184673
2.87675350701e-08 8.15840365979e-07 0.999980668748 0.999999869694
2.93486973948e-08 1.1001968374e-06 0.999979693468 1.00000055472
2.99298597194e-08 1.38455330883e-06 0.999978718188 1.00000123974
3.05110220441e-08 1.66890978026e-06 0.999977742909 1.00000192476
3.10921843687e-08 1.94612841593e-06 0.99997679361 1.0000025948
3.16733466934e-08 2.22328395497e-06 0.999975844541 1.0000032647
3.2254509018e-08 2.500439494e-06 0.999974895473 1.00000393461
3.28356713427e-08 2.77759503304e-06 0.999973946404 1.00000460451
3.34168336673e-08 3.05475057208e-06 0.999972997335 1.00000527442
3.3997995992e-08 3.33190611111e-06 0.999972048266 1.00000594432
3.45791583166e-08 3.60906165015e-06 0.999971099198 1.00000661423
3.51603206413e-08 3.88621718919e-06 0.999970150129 1.00000728414
3.57414829659e-08 4.16337272822e-06 0.99996920106 1.00000795404
3.63226452906e-08 4.44052826726e-06 0.999968251991 1.00000862395
3.69038076152e-08 4.71258477623e-06 0.999967321288 1.00000928391
3.74849699399e-08 4.98285393791e-06 0.999966397023 1.00000994039
3.80661322645e-08 5.2531230996e-06 0.999965472758 1.00001059687
3.86472945892e-08 5.52339226128e-06 0.999964548493 1.00001125335
3.92284569138e-08 5.79366142297e-06 0.999963624228 1.00001190983
3.98096192385e-08 6.06393058465e-06 0.999962699963 1.00001256631
4.03907815631e-08 6.33419974634e-06 0.999961775698 1.00001322279
4.09719438878e-08 6.60446890802e-06 0.999960851433 1.00001387927
4.15531062124e-08 6.87473806971e-06 0.999959927167 1.00001453575
4.21342685371e-08 7.14500723139e-06 0.999959002902 1.00001519223
4.27154308617e-08 7.40893911032e-06 0.999958100615 1.0000158378
4.32965931864e-08 7.67260847031e-06 0.999957199239 1.00001648292
4.3877755511e-08 7.9362778303e-06 0.999956297863 1.00001712804
4.44589178357e-08 8.19994719029e-06 0.999955396486 1.00001777316
4.50400801603e-08 8.46361655028e-06 0.99995449511 1.00001841828
4.5621242485e-08 8.72728591027e-06 0.999953593734 1.0000190634
4.62024048096e-08 8.99095527026e-06 0.999952692357 1.00001970852
4.67835671343e-08 9.25462463025e-06 0.999951790981 1.00002035364
4.73647294589e-08 9.51829399024e-06 0.999950889604 1.00002099876
4.79458917836e-08 9.77797376046e-06 0.999950001043 1.00002163834
4.85270541082e-08 1.00352998804e-05 0.999949120043 1.00002227465
4.91082164329e-08 1.02926260004e-05 0.999948239042 1.00002291096
4.96893787575e-08 1.05499521203e-05 0.999947358041 1.00002354727
5.02705410822e-08 1.08072782403e-05 0.99994647704 1.00002418358
5.08517034068e-08 1.10646043602e-05 0.99994559604 1.00002481989
5.14328657315e-08 1.13219304802e-05 0.999944715039 1.00002545621
5.20140280561e-08 1.15792566001e-05 0.999943834038 1.00002609252
5.25951903808e-08 1.18365827201e-05 0.999942953037 1.00002672883
5.31763527054e-08 1.20894656291e-05 0.999942084475 1.00002736106
5.37575150301e-08 1.2340671853e-05 0.999941220607 1.00002799175
5.43386773547e-08 1.2591878077e-05 0.999940356739 1.00002862244
5.49198396794e-08 1.2843084301e-05 0.999939492871 1.00002925314
5.5501002004e-08 1.30942905249e-05 0.999938629003 1.00002988383
5.60821643287e-08 1.33454967489e-05 0.999937765135 1.00003051452
5.66633266533e-08 1.35967029729e-05 0.999936901267 1.00003114521
5.7244488978e-08 1.38479091968e-05 0.999936037399 1.0000317759
5.78256513026e-08 1.40977399042e-05 0.999935176539 1.00003240623
5.84068136273e-08 1.43430117414e-05 0.999934325647 1.00003303533
5.89879759519e-08 1.45882835786e-05 0.999933474755 1.00003366444
5.95691382766e-08 1.48335554158e-05 0.999932623863 1.00003429354
6.01503006012e-08 1.50788272531e-05 0.999931772971 1.00003492265
6.07314629259e-08 1.53240990903e-05 0.999930922079 1.00003555175
6.13126252505e-08 1.55693709275e-05 0.999930071187 1.00003618085
6.18937875752e-08 1.58146427647e-05 0.999929220295 1.00003680996
6.24749498998e-08 1.60591761475e-05 0.99992837038 1.00003743952
6.30561122244e-08 1.62986549045e-05 0.999927527146 1.00003807217
6.36372745491e-08 1.65381336614e-05 0.999926683912 1.00003870482
6.42184368737e-08 1.67776124183e-05 0.999925840679 1.00003933747
6.47995991984e-08 1.70170911752e-05 0.999924997445 1.00003997012
6.5380761523e-08 1.72565699321e-05 0.999924154212 1.00004060277
6.59619238477e-08 1.7496048689e-05 0.999923310978 1.00004123542
6.65430861723e-08 1.77355274459e-05 0.999922467745 1.00004186807
6.7124248497e-08 1.79727518916e-05 0.999921624849 1.00004250472
6.77054108216e-08 1.82065261433e-05 0.999920782471 1.00004314749
6.82865731463e-08 1.84403003951e-05 0.999919940092 1.00004379025
6.88677354709e-08 1.86740746469e-05 0.999919097714 1.00004443302
6.94488977956e-08 1.89078488986e-05 0.999918255335 1.00004507579
7.00300601202e-08 1.91416231504e-05 0.999917412956 1.00004571855
7.06112224449e-08 1.93753974021e-05 0.999916570578 1.00004636132
7.11923847695e-08 1.96090703429e-05 0.999915728059 1.00004700442
7.17735470942e-08 1.98371647934e-05 0.999914877828 1.00004766574
7.23547094188e-08 2.00652592439e-05 0.999914027596 1.00004832707
7.29358717435e-08 2.02933536943e-05 0.999913177364 1.00004898839
7.35170340681e-08 2.05214481448e-05 0.999912327132 1.00004964972
7.40981963928e-08 2.07495425953e-05 0.999911476901 1.00005031104
7.46793587174e-08 2.09776370457e-05 0.999910626669 1.00005097236
7.52605210421e-08 2.12057314962e-05 0.999909776437 1.00005163369
7.58416833667e-08 2.14282123302e-05 0.999908907605 1.0000523238
7.64228456914e-08 2.16505736088e-05 0.999908038377 1.00005301453
7.7004008016e-08 2.18729348873e-05 0.999907169149 1.00005370526
7.75851703407e-08 2.20952961658e-05 0.99990629992 1.00005439599
7.81663326653e-08 2.23176574444e-05 0.999905430692 1.00005508672
7.874749499e-08 2.25400187229e-05 0.999904561464 1.00005577744
7.93286573146e-08 2.27608296412e-05 0.999903683478 1.00005647959
7.99098196393e-08 2.29773086303e-05 0.99990278102 1.00005721364
8.04909819639e-08 2.31937876193e-05 0.999901878562 1.00005794769
8.10721442886e-08 2.34102666084e-05 0.999900976104 1.00005868174
8.16533066132e-08 2.36267455974e-05 0.999900073646 1.00005941579
8.22344689379e-08 2.38432245865e-05 0.999899171188 1.00006014984
8.28156312625e-08 2.40597035755e-05 0.99989826873 1.0000608839
8.33967935872e-08 2.42709177779e-05 0.999897322307 1.00006167027
8.39779559118e-08 2.44812481619e-05 0.999896368504 1.00006246543
8.45591182365e-08 2.46915785459e-05 0.999895414701 1.00006326059
8.51402805611e-08 2.49019089299e-05 0.999894460898 1.00006405575
8.57214428858e-08 2.51122393139e-05 0.999893507095 1.0000648509
8.63026052104e-08 2.53225696978e-05 0.999892553292 1.00006564606
8.68837675351e-08 2.55280273619e-05 0.999891544295 1.00006650342
8.74649298597e-08 2.57318002335e-05 0.999890516215 1.00006738228
8.80460921844e-08 2.59355731052e-05 0.999889488134 1.00006826114
8.8627254509e-08 2.61393459768e-05 0.999888460053 1.00006914
8.92084168337e-08 2.63431188484e-05 0.999887431972 1.00007001886
8.97895791583e-08 2.65468917201e-05 0.999886403891 1.00007089771
9.0370741483e-08 2.67441650457e-05 0.999885281933 1.00007187872
9.09519038076e-08 2.69407995956e-05 0.999884150748 1.00007286976
9.15330661323e-08 2.71374341454e-05 0.999883019563 1.00007386081
9.21142284569e-08 2.73340686952e-05 0.999881888378 1.00007485185
9.26953907816e-08 2.75307032451e-05 0.999880757193 1.0000758429
9.32765531062e-08 2.77245984994e-05 0.999879577945 1.00007688502
9.38577154309e-08 2.79133090381e-05 0.999878307725 1.00007802384
9.44388777555e-08 2.81020195767e-05 0.999877037505 1.00007916266
9.50200400802e-08 2.82907301154e-05 0.999875767285 1.00008030148
9.56012024048e-08 2.8479440654e-05 0.999874497065 1.00008144029
9.61823647295e-08 2.86678260402e-05 0.999873220183 1.00008258608
9.67635270541e-08 2.88475858471e-05 0.999871766567 1.00008391669
9.73446893788e-08 2.90273456539e-05 0.999870312952 1.00008524729
9.79258517034e-08 2.92071054608e-05 0.999868859337 1.0000865779
9.85070140281e-08 2.93868652677e-05 0.999867405722 1.00008790851
9.90881763527e-08 2.95666250745e-05 0.999865952107 1.00008923912
9.96693386774e-08 2.97364285277e-05 0.999864267859 1.00009080819
1.00250501002e-07 2.99059312675e-05 0.999862576645 1.00009238446
1.00831663327e-07 3.00754340072e-05 0.999860885432 1.00009396072
1.01412825651e-07 3.02449367469e-05 0.999859194218 1.00009553699
1.01993987976e-07 3.04128046903e-05 0.999857461304 1.00009715603
1.02575150301e-07 3.05704243728e-05 0.99985546698 1.00009904315
1.03156312625e-07 3.07280440553e-05 0.999853472656 1.00010093027
1.0373747495e-07 3.08856637378e-05 0.999851478332 1.00010281738
1.04318637275e-07 3.10432834203e-05 0.999849484008 1.0001047045
1.04899799599e-07 3.11936034677e-05 0.999847288939 1.00010679628
1.05480961924e-07 3.13373541299e-05 0.999844913206 1.00010907223
1.06062124248e-07 3.14811047922e-05 0.999842537473 1.00011134819
1.06643286573e-07 3.16248554544e-05 0.999840161741 1.00011362415
1.07224448898e-07 3.17665457853e-05 0.999837725934 1.00011596108
1.07805611222e-07 3.18940422284e-05 0.999834876271 1.0001187181
1.08386773547e-07 3.20215386716e-05 0.999832026609 1.00012147512
1.08967935872e-07 3.21490351147e-05 0.999829176946 1.00012423215
1.09549098196e-07 3.22765315579e-05 0.999826327283 1.00012698917
1.10130260521e-07 3.23863041224e-05 0.999822936838 1.00013029335
1.10711422846e-07 3.2494725134e-05 0.999819505154 1.00013363926
1.1129258517e-07 3.26031461456e-05 0.99981607347 1.00013698516
1.11873747495e-07 3.27115671571e-05 0.999812641786 1.00014033107
1.1245490982e-07 3.27993173896e-05 0.99980855678 1.00014433642
1.13036072144e-07 3.28853729085e-05 0.99980441821 1.00014839583
1.13617234469e-07 3.29714284274e-05 0.999800279641 1.00015245524
1.14198396794e-07 3.30547863832e-05 0.999796053442 1.00015660295
1.14779559118e-07 3.31146900219e-05 0.999791065342 1.00016151831
1.15360721443e-07 3.31745936606e-05 0.999786077243 1.00016643366
1.15941883768e-07 3.32344972993e-05 0.999781089143 1.00017134902
1.16523046092e-07 3.32804682557e-05 0.999775638661 1.00017672962
1.17104208417e-07 3.3309916481e-05 0.999769639841 1.00018266195
1.17685370741e-07 3.33393647064e-05 0.99976364102 1.00018859428
1.18266533066e-07 3.33688129317e-05 0.9997576422 1.0001945266
1.18847695391e-07 3.33637074889e-05 0.999750477266 1.00020163106
1.19428857715e-07 3.33578665856e-05 0.999743287511 1.00020876047
1.2001002004e-07 3.33520256824e-05 0.999736097757 1.00021588988
1.20591182365e-07 3.33193301465e-05 0.99972798967 1.00022394166
1.21172344689e-07 3.32728318582e-05 0.999719409578 1.00023246751
1.21753507014e-07 3.32263335699e-05 0.999710829486 1.00024099336
1.22334669339e-07 3.31568275359e-05 0.999701454343 1.0002503173
1.22915831663e-07 3.30637740049e-05 0.999691265499 1.00026045806
1.23496993988e-07 3.29707204739e-05 0.999681076654 1.00027059882
1.24078156313e-07 3.28526001179e-05 0.999670014367 1.000281616
1.24659318637e-07 3.27065784512e-05 0.999657979871 1.00029360871
1.25240480962e-07 3.25605567846e-05 0.999645945375 1.00030560143
1.25821643287e-07 3.23791532729e-05 0.999632669773 1.00031883913
1.26402805611e-07 3.21732597524e-05 0.999618535122 1.00033293857
1.26983967936e-07 3.19673662318e-05 0.999604400471 1.00034703801
1.27565130261e-07 3.17049308773e-05 0.99958827181 1.00036313733
1.28146292585e-07 3.143180453e-05 0.999571766119 1.0003796148
1.2872745491e-07 3.11423827154e-05 0.999554683252 1.00039667108
1.29308617234e-07 3.07942476791e-05 0.999535520796 1.00041581288
1.29889779559e-07 3.04461126428e-05 0.999516358339 1.00043495468
1.30470941884e-07 3.00386131925e-05 0.999495085803 1.00045621252
1.31052104208e-07 2.96073290556e-05 0.99947296785 1.00047831817
1.31633266533e-07 2.91462239725e-05 0.999449786872 1.00050148988
1.32214428858e-07 2.86233430577e-05 0.999424403776 1.00052687001
1.32795591182e-07 2.80957664741e-05 0.999398852898 1.00055241841
1.33376753507e-07 2.74725968668e-05 0.999369886386 1.00058139254
1.33957915832e-07 2.68494272595e-05 0.999340919875 1.00061036667
1.34539078156e-07 2.6130998167e-05 0.999308543061 1.00064276165
1.35120240481e-07 2.53986711729e-05 0.9992756687 1.00067565571
1.35701402806e-07 2.45720341915e-05 0.99923941266 1.00071194254
1.3628256513e-07 2.37215748422e-05 0.999202302419 1.00074908638
1.36863727455e-07 2.2766958067e-05 0.999161452515 1.00078998297
1.3744488978e-07 2.1789357271e-05 0.999119777394 1.00083170768
1.38026052104e-07 2.06850416595e-05 0.999073547826 1.00087800398
1.38607214429e-07 1.95525731705e-05 0.999026305781 1.00092531678
1.39188376754e-07 1.82938868045e-05 0.998974523158 1.0009771886
1.39769539078e-07 1.69721269361e-05 0.998920469896 1.00103134103
1.40350701403e-07 1.55597849775e-05 0.998863155687 1.00108876874
1.40931863727e-07 1.40225493592e-05 0.998801342711 1.00115071659
1.41513026052e-07 1.24130808196e-05 0.998736927263 1.00121527978
1.42094188377e-07 1.06684210983e-05 0.998667639864 1.00128473997
1.42675350701e-07 8.79686373684e-06 0.998593777722 1.00135880031
1.43256513026e-07 6.82072054659e-06 0.998516144652 1.00143665337
1.43837675351e-07 4.71271930978e-06 0.998433756679 1.00151928984
1.44418837675e-07 2.42600038011e-06 0.998344922669 1.00160841396
1.45e-07 0 0.998251059535 1.00170259217
