-1.45e-07 0 	0 	528268.779206 	
-1.44418837675e-07 0 	0 	496924.065298 	
-1.43837675351e-07 0 	0 	466491.363853 	
-1.43256513026e-07 0 	0 	438118.207978 	
-1.42675350701e-07 0 	0 	411354.14128 	
-1.42094188377e-07 0 	0 	385920.95614 	
-1.41513026052e-07 0 	0 	361723.716635 	
-1.40931863727e-07 0 	0 	339346.852023 	
-1.40350701403e-07 0 	0 	318075.465034 	
-1.39769539078e-07 0 	0 	297770.952784 	
-1.39188376754e-07 0 	0 	278840.419968 	
-1.38607214429e-07 0 	0 	261005.29389 	
-1.38026052104e-07 0 	0 	243914.498018 	
-1.3744488978e-07 0 	0 	228022.284958 	
-1.36863727455e-07 0 	0 	213003.429278 	
-1.3628256513e-07 0 	0 	198549.470211 	
-1.35701402806e-07 0 	0 	185316.06364 	
-1.35120240481e-07 0 	0 	172592.20613 	
-1.34539078156e-07 0 	0 	160554.901739 	
-1.33957915832e-07 0 	0 	149367.881351 	
-1.33376753507e-07 0 	0 	138508.761418 	
-1.32795591182e-07 0 	0 	128615.282519 	
-1.32214428858e-07 0 	0 	119030.788439 	
-1.31633266533e-07 0 	0 	110092.360871 	
-1.31052104208e-07 0 	0 	101632.025658 	
-1.30470941884e-07 0 	0 	93575.6303494 	
-1.29889779559e-07 0 	0 	86103.2367251 	
-1.29308617234e-07 0 	0 	78859.5093766 	
-1.2872745491e-07 0 	0 	72252.3990479 	
-1.28146292585e-07 0 	0 	65755.6084829 	
-1.27565130261e-07 0 	0 	59903.9521666 	
-1.26983967936e-07 0 	0 	54091.9678031 	
-1.26402805611e-07 0 	0 	48898.0017701 	
-1.25821643287e-07 0 	0 	43712.2499274 	
-1.25240480962e-07 0 	0 	39089.4859102 	
-1.24659318637e-07 0 	0 	34474.8949369 	
-1.24078156313e-07 0 	0 	30347.3110293 	
-1.23496993988e-07 0 	0 	26252.2454264 	
-1.22915831663e-07 0 	0 	22553.4660399 	
-1.22334669339e-07 0 	0 	18929.6498653 	
-1.21753507014e-07 0 	0 	15602.1231895 	
-1.21172344689e-07 0 	0 	12404.5533234 	
-1.20591182365e-07 0 	0 	9398.73466882 	
-1.2001002004e-07 0 	0 	6585.58457547 	
-1.19428857715e-07 0 	0 	3859.13378898 	
-1.18847695391e-07 0 	0 	1391.64853588 	
-1.18266533066e-07 0 	0 	-1075.83671723 	
-1.17685370741e-07 0 	0 	-3248.96721961 	
-1.17104208417e-07 0 	0 	-5406.58373952 	
-1.16523046092e-07 0 	0 	-7399.46369588 	
-1.15941883768e-07 0 	0 	-9280.16839438 	
-1.15360721443e-07 0 	0 	-11115.3719667 	
-1.14779559118e-07 0 	0 	-12749.408001 	
-1.14198396794e-07 0 	0 	-14383.4440354 	
-1.13617234469e-07 0 	0 	-15860.3851217 	
-1.13036072144e-07 0 	0 	-17275.4120315 	
-1.1245490982e-07 0 	0 	-18653.2139686 	
-1.11873747495e-07 0 	0 	-19874.4414311 	
-1.1129258517e-07 0 	0 	-21095.6688936 	
-1.10711422846e-07 0 	0 	-22213.0827823 	
-1.10130260521e-07 0 	0 	-23263.4068576 	
-1.09549098196e-07 0 	0 	-24313.7309328 	
-1.08967935872e-07 0 	0 	-25219.5814923 	
-1.08386773547e-07 0 	0 	-26119.7222552 	
-1.07805611222e-07 0 	0 	-26986.4259498 	
-1.07224448898e-07 0 	0 	-27755.065445 	
-1.06643286573e-07 0 	0 	-28523.7049402 	
-1.06062124248e-07 0 	0 	-29236.9521864 	
-1.05480961924e-07 0 	0 	-29890.8716781 	
-1.04899799599e-07 0 	0 	-30544.7911699 	
-1.04318637275e-07 0 	0 	-31134.2811361 	
-1.0373747495e-07 0 	0 	-31688.496686 	
-1.03156312625e-07 0 	0 	-32242.712236 	
-1.02575150301e-07 0 	0 	-32732.8074721 	
-1.01993987976e-07 0 	0 	-33200.7029521 	
-1.01412825651e-07 0 	0 	-33668.5984322 	
-1.00831663327e-07 0 	0 	-34079.0932263 	
-1.00250501002e-07 0 	0 	-34472.5499416 	
-9.96693386774e-08 0 	0 	-34866.0066569 	
-9.90881763527e-08 0 	0 	-35212.8245477 	
-9.85070140281e-08 0 	0 	-35542.3467331 	
-9.79258517034e-08 0 	0 	-35871.8689186 	
-9.73446893788e-08 0 	0 	-36167.689371 	
-9.67635270541e-08 0 	0 	-36442.5249326 	
-9.61823647295e-08 0 	0 	-36717.3604942 	
-9.56012024048e-08 0 	0 	-36972.1758849 	
-9.50200400802e-08 0 	0 	-37200.4318344 	
-9.44388777555e-08 0 	0 	-37428.6877839 	
-9.38577154309e-08 0 	0 	-37650.292872 	
-9.32765531062e-08 0 	0 	-37839.045008 	
-9.26953907816e-08 0 	0 	-38027.797144 	
-9.21142284569e-08 0 	0 	-38216.54928 	
-9.15330661323e-08 0 	0 	-38377.6105786 	
-9.09519038076e-08 0 	0 	-38533.0070668 	
-9.0370741483e-08 0 	0 	-38688.403555 	
-8.97895791583e-08 0 	0 	-38832.2083975 	
-8.92084168337e-08 0 	0 	-38959.5669853 	
-8.8627254509e-08 0 	0 	-39086.925573 	
-8.80460921844e-08 0 	0 	-39214.2841607 	
-8.74649298597e-08 0 	0 	-39320.1467874 	
-8.68837675351e-08 0 	0 	-39424.0455107 	
-8.63026052104e-08 0 	0 	-39527.944234 	
-8.57214428858e-08 0 	0 	-39625.2616891 	
-8.51402805611e-08 0 	0 	-39709.6229799 	
-8.45591182365e-08 0 	0 	-39793.9842707 	
-8.39779559118e-08 0 	0 	-39878.3455614 	
-8.33967935872e-08 0 	0 	-39951.8057598 	
-8.28156312625e-08 0 	0 	-40019.9739642 	
-8.22344689379e-08 0 	0 	-40088.1421685 	
-8.16533066132e-08 0 	0 	-40156.3103729 	
-8.10721442886e-08 0 	0 	-40212.1468315 	
-8.04909819639e-08 0 	0 	-40266.9592267 	
-7.99098196393e-08 0 	0 	-40321.7716219 	
-7.93286573146e-08 0 	0 	-40375.6499641 	
-7.874749499e-08 0 	0 	-40419.5014191 	
-7.81663326653e-08 0 	0 	-40463.352874 	
-7.75851703407e-08 0 	0 	-40507.2043289 	
-7.7004008016e-08 0 	0 	-40549.6524829 	
-7.64228456914e-08 0 	0 	-40584.5539656 	
-7.58416833667e-08 0 	0 	-40619.4554484 	
-7.52605210421e-08 0 	0 	-40654.3569312 	
-7.46793587174e-08 0 	0 	-40688.2701523 	
-7.40981963928e-08 0 	0 	-40715.9013429 	
-7.35170340681e-08 0 	0 	-40743.5325335 	
-7.29358717435e-08 0 	0 	-40771.1637241 	
-7.23547094188e-08 0 	0 	-40798.6747494 	
-7.17735470942e-08 0 	0 	-40820.4310629 	
-7.11923847695e-08 0 	0 	-40842.1873764 	
-7.06112224449e-08 0 	0 	-40863.94369 	
-7.00300601202e-08 0 	0 	-40885.7000035 	
-6.94488977956e-08 0 	0 	-40903.6403198 	
-6.88677354709e-08 0 	0 	-40920.6746552 	
-6.82865731463e-08 0 	0 	-40937.7089906 	
-6.77054108216e-08 0 	0 	-40954.743326 	
-6.7124248497e-08 0 	0 	-40969.902751 	
-6.65430861723e-08 0 	0 	-40983.1623246 	
-6.59619238477e-08 0 	0 	-40996.4218981 	
-6.5380761523e-08 0 	0 	-41009.6814716 	
-6.47995991984e-08 0 	0 	-41022.6895518 	
-6.42184368737e-08 0 	0 	-41032.9481832 	
-6.36372745491e-08 0 	0 	-41043.2068146 	
-6.30561122244e-08 0 	0 	-41053.465446 	
-6.24749498998e-08 0 	0 	-41063.7240774 	
-6.18937875752e-08 0 	0 	-41072.6373808 	
-6.13126252505e-08 0 	0 	-41080.523607 	
-6.07314629259e-08 0 	0 	-41088.4098332 	
-6.01503006012e-08 0 	0 	-41096.2960594 	
-5.95691382766e-08 0 	0 	-41104.1822856 	
-5.89879759519e-08 0 	0 	-41110.3079963 	
-5.84068136273e-08 0 	0 	-41116.3293857 	
-5.78256513026e-08 0 	0 	-41122.3507751 	
-5.7244488978e-08 0 	0 	-41128.3721646 	
-5.66633266533e-08 0 	0 	-41134.084216 	
-5.60821643287e-08 0 	0 	-41138.6482503 	
-5.5501002004e-08 0 	0 	-41143.2122845 	
-5.49198396794e-08 0 	0 	-41147.7763188 	
-5.43386773547e-08 0 	0 	-41152.340353 	
-5.37575150301e-08 0 	0 	-41156.4864942 	
-5.31763527054e-08 0 	0 	-41159.9183855 	
-5.25951903808e-08 0 	0 	-41163.3502767 	
-5.20140280561e-08 0 	0 	-41166.782168 	
-5.14328657315e-08 0 	0 	-41170.2140592 	
-5.08517034068e-08 0 	0 	-41173.2858079 	
-5.02705410822e-08 0 	0 	-41175.8435874 	
-4.96893787575e-08 0 	0 	-41178.4013669 	
-4.91082164329e-08 0 	0 	-41180.9591463 	
-4.85270541082e-08 0 	0 	-41183.5169258 	
-4.79458917836e-08 0 	0 	-41185.8478779 	
-4.73647294589e-08 0 	0 	-41187.7350799 	
-4.67835671343e-08 0 	0 	-41189.622282 	
-4.62024048096e-08 0 	0 	-41191.5094841 	
-4.5621242485e-08 0 	0 	-41193.3966861 	
-4.50400801603e-08 0 	0 	-41195.2097427 	
-4.44589178357e-08 0 	0 	-41196.5859959 	
-4.3877755511e-08 0 	0 	-41197.9622491 	
-4.32965931864e-08 0 	0 	-41199.3385023 	
-4.27154308617e-08 0 	0 	-41200.7147555 	
-4.21342685371e-08 0 	0 	-41202.0910087 	
-4.15531062124e-08 0 	0 	-41203.1465905 	
-4.09719438878e-08 0 	0 	-41204.1363855 	
-4.03907815631e-08 0 	0 	-41205.1261805 	
-3.98096192385e-08 0 	0 	-41206.1159755 	
-3.92284569138e-08 0 	0 	-41207.1057704 	
-3.86472945892e-08 0 	0 	-41207.9826926 	
-3.80661322645e-08 0 	0 	-41208.6825875 	
-3.74849699399e-08 0 	0 	-41209.3824825 	
-3.69038076152e-08 0 	0 	-41210.0823775 	
-3.63226452906e-08 0 	0 	-41210.7822724 	
-3.57414829659e-08 0 	0 	-41211.4821674 	
-3.51603206413e-08 0 	0 	-41212.0052377 	
-3.45791583166e-08 0 	0 	-41212.4897328 	
-3.3997995992e-08 0 	0 	-41212.9742279 	
-3.34168336673e-08 0 	0 	-41213.458723 	
-3.28356713427e-08 0 	0 	-41213.9432181 	
-3.2254509018e-08 0 	0 	-41214.4084989 	
-3.16733466934e-08 0 	0 	-41214.7347799 	
-3.10921843687e-08 0 	0 	-41215.061061 	
-3.05110220441e-08 0 	0 	-41215.387342 	
-2.99298597194e-08 0 	0 	-41215.713623 	
-2.93486973948e-08 0 	0 	-41216.039904 	
-2.87675350701e-08 0 	0 	-41216.333212 	
-2.81863727455e-08 0 	0 	-41216.5449488 	
-2.76052104208e-08 0 	0 	-41216.7566855 	
-2.70240480962e-08 0 	0 	-41216.9684222 	
-2.64428857715e-08 0 	0 	-41217.180159 	
-2.58617234469e-08 0 	0 	-41217.3918957 	
-2.52805611222e-08 0 	0 	-41217.5778329 	
-2.46993987976e-08 0 	0 	-41217.7081856 	
-2.41182364729e-08 0 	0 	-41217.8385382 	
-2.35370741483e-08 0 	0 	-41217.9688908 	
-2.29559118236e-08 0 	0 	-41218.0992434 	
-2.2374749499e-08 0 	0 	-41218.229596 	
-2.17935871743e-08 0 	0 	-41218.3483532 	
-2.12124248497e-08 0 	0 	-41218.4223232 	
-2.0631262525e-08 0 	0 	-41218.4962931 	
-2.00501002004e-08 0 	0 	-41218.570263 	
-1.94689378758e-08 0 	0 	-41218.6442329 	
-1.88877755511e-08 0 	0 	-41218.7182029 	
-1.83066132265e-08 0 	0 	-41218.7921728 	
-1.77254509018e-08 0 	0 	-41218.8302774 	
-1.71442885772e-08 0 	0 	-41218.8665141 	
-1.65631262525e-08 0 	0 	-41218.9027507 	
-1.59819639279e-08 0 	0 	-41218.9389874 	
-1.54008016032e-08 0 	0 	-41218.975224 	
-1.48196392786e-08 0 	0 	-41219.0114607 	
-1.42384769539e-08 0 	0 	-41219.0344954 	
-1.36573146293e-08 0 	0 	-41219.0466474 	
-1.30761523046e-08 0 	0 	-41219.0587994 	
-1.249498998e-08 0 	0 	-41219.0709513 	
-1.19138276553e-08 0 	0 	-41219.0831033 	
-1.13326653307e-08 0 	0 	-41219.0952552 	
-1.0751503006e-08 0 	0 	-41219.1074072 	
-1.01703406814e-08 0 	0 	-41219.1051574 	
-9.58917835671e-09 0 	0 	-41219.1028373 	
-9.00801603206e-09 0 	0 	-41219.1005172 	
-8.42685370741e-09 0 	0 	-41219.0981971 	
-7.84569138277e-09 0 	0 	-41219.095877 	
-7.26452905812e-09 0 	0 	-41219.0935569 	
-6.68336673347e-09 0 	0 	-41219.0888543 	
-6.10220440882e-09 0 	0 	-41219.07826 	
-5.52104208417e-09 0 	0 	-41219.0676658 	
-4.93987975952e-09 0 	0 	-41219.0570715 	
-4.35871743487e-09 0 	0 	-41219.0464773 	
-3.77755511022e-09 0 	0 	-41219.035883 	
-3.19639278557e-09 0 	0 	-41219.0252887 	
-2.61523046092e-09 0 	0 	-41219.0124954 	
-2.03406813627e-09 0 	0 	-41218.9967011 	
-1.45290581162e-09 0 	0 	-41218.9809068 	
-8.71743486974e-10 0 	0 	-41218.9651125 	
-2.90581162324e-10 0 	0 	-41218.9493183 	
2.90581162325e-10 0 	0 	-41218.933524 	
8.71743486974e-10 0 	0 	-41218.9177297 	
1.45290581162e-09 0 	0 	-41218.8998293 	
2.03406813627e-09 0 	0 	-41218.8787209 	
2.61523046092e-09 0 	0 	-41218.8576125 	
3.19639278557e-09 0 	0 	-41218.8365042 	
3.77755511022e-09 0 	0 	-41218.8153958 	
4.35871743487e-09 0 	0 	-41218.7942875 	
4.93987975952e-09 0 	0 	-41218.7731791 	
5.52104208417e-09 0 	0 	-41218.7502065 	
6.10220440882e-09 0 	0 	-41218.7199786 	
6.68336673347e-09 0 	0 	-41218.6897507 	
7.26452905812e-09 0 	0 	-41218.6595227 	
7.84569138277e-09 0 	0 	-41218.6292948 	
8.42685370742e-09 0 	0 	-41218.5990669 	
9.00801603206e-09 0 	0 	-41218.568839 	
9.58917835671e-09 0 	0 	-41218.5386111 	
1.01703406814e-08 0 	0 	-41218.4934301 	
1.0751503006e-08 0 	0 	-41218.4454701 	
1.13326653307e-08 0 	0 	-41218.3975101 	
1.19138276553e-08 0 	0 	-41218.3495501 	
1.249498998e-08 0 	0 	-41218.30159 	
1.30761523046e-08 0 	0 	-41218.25363 	
1.36573146293e-08 0 	0 	-41218.20567 	
1.42384769539e-08 0 	0 	-41218.147453 	
1.48196392786e-08 0 	0 	-41218.0662895 	
1.54008016032e-08 0 	0 	-41217.9851261 	
1.59819639279e-08 0 	0 	-41217.9039626 	
1.65631262525e-08 0 	0 	-41217.8227992 	
1.71442885772e-08 0 	0 	-41217.7416358 	
1.77254509018e-08 0 	0 	-41217.6604723 	
1.83066132265e-08 0 	0 	-41217.5793089 	
1.88877755511e-08 0 	0 	-41217.4628463 	
1.94689378758e-08 0 	0 	-41217.3225814 	
2.00501002004e-08 0 	0 	-41217.1823164 	
2.06312625251e-08 0 	0 	-41217.0420514 	
2.12124248497e-08 0 	0 	-41216.9017865 	
2.17935871743e-08 0 	0 	-41216.7615215 	
2.2374749499e-08 0 	0 	-41216.6212565 	
2.29559118236e-08 0 	0 	-41216.4809916 	
2.35370741483e-08 0 	0 	-41216.2692299 	
2.41182364729e-08 0 	0 	-41216.0274283 	
2.46993987976e-08 0 	0 	-41215.7856266 	
2.52805611222e-08 0 	0 	-41215.5438249 	
2.58617234469e-08 0 	0 	-41215.3020233 	
2.64428857715e-08 0 	0 	-41215.0602216 	
2.70240480962e-08 0 	0 	-41214.8184199 	
2.76052104208e-08 0 	0 	-41214.5766182 	
2.81863727455e-08 0 	0 	-41214.2278998 	
2.87675350701e-08 0 	0 	-41213.8151124 	
2.93486973948e-08 0 	0 	-41213.4023249 	
2.99298597194e-08 0 	0 	-41212.9895375 	
3.05110220441e-08 0 	0 	-41212.5767501 	
3.10921843687e-08 0 	0 	-41212.1639627 	
3.16733466934e-08 0 	0 	-41211.7511752 	
3.2254509018e-08 0 	0 	-41211.3383878 	
3.28356713427e-08 0 	0 	-41210.8238501 	
3.34168336673e-08 0 	0 	-41210.1255225 	
3.3997995992e-08 0 	0 	-41209.427195 	
3.45791583166e-08 0 	0 	-41208.7288675 	
3.51603206413e-08 0 	0 	-41208.03054 	
3.57414829659e-08 0 	0 	-41207.3322125 	
3.63226452906e-08 0 	0 	-41206.633885 	
3.69038076152e-08 0 	0 	-41205.9355575 	
3.74849699399e-08 0 	0 	-41205.23723 	
3.80661322645e-08 0 	0 	-41204.1132472 	
3.86472945892e-08 0 	0 	-41202.9381626 	
3.92284569138e-08 0 	0 	-41201.763078 	
3.98096192385e-08 0 	0 	-41200.5879933 	
4.03907815631e-08 0 	0 	-41199.4129087 	
4.09719438878e-08 0 	0 	-41198.237824 	
4.15531062124e-08 0 	0 	-41197.0627394 	
4.21342685371e-08 0 	0 	-41195.8876548 	
4.27154308617e-08 0 	0 	-41194.5283993 	
4.32965931864e-08 0 	0 	-41192.5530178 	
4.3877755511e-08 0 	0 	-41190.5776363 	
4.44589178357e-08 0 	0 	-41188.6022547 	
4.50400801603e-08 0 	0 	-41186.6268732 	
4.5621242485e-08 0 	0 	-41184.6514917 	
4.62024048096e-08 0 	0 	-41182.6761101 	
4.67835671343e-08 0 	0 	-41180.7007286 	
4.73647294589e-08 0 	0 	-41178.725347 	
4.79458917836e-08 0 	0 	-41176.2571196 	
4.85270541082e-08 0 	0 	-41172.9262792 	
4.91082164329e-08 0 	0 	-41169.5954388 	
4.96893787575e-08 0 	0 	-41166.2645985 	
5.02705410822e-08 0 	0 	-41162.9337581 	
5.08517034068e-08 0 	0 	-41159.6029177 	
5.14328657315e-08 0 	0 	-41156.2720773 	
5.20140280561e-08 0 	0 	-41152.9412369 	
5.25951903808e-08 0 	0 	-41149.6103965 	
5.31763527054e-08 0 	0 	-41145.6099615 	
5.37575150301e-08 0 	0 	-41139.9576466 	
5.43386773547e-08 0 	0 	-41134.3053317 	
5.49198396794e-08 0 	0 	-41128.6530168 	
5.5501002004e-08 0 	0 	-41123.0007019 	
5.60821643287e-08 0 	0 	-41117.348387 	
5.66633266533e-08 0 	0 	-41111.6960721 	
5.7244488978e-08 0 	0 	-41106.0437572 	
5.78256513026e-08 0 	0 	-41100.3914423 	
5.84068136273e-08 0 	0 	-41094.7391273 	
5.89879759519e-08 0 	0 	-41085.0622579 	
5.95691382766e-08 0 	0 	-41075.3842669 	
6.01503006012e-08 0 	0 	-41065.7062759 	
6.07314629259e-08 0 	0 	-41056.0282849 	
6.13126252505e-08 0 	0 	-41046.3502939 	
6.18937875752e-08 0 	0 	-41036.6723029 	
6.24749498998e-08 0 	0 	-41026.9943119 	
6.30561122244e-08 0 	0 	-41017.3163209 	
6.36372745491e-08 0 	0 	-41007.6383299 	
6.42184368737e-08 0 	0 	-40994.4773335 	
6.47995991984e-08 0 	0 	-40977.7263141 	
6.5380761523e-08 0 	0 	-40960.9752948 	
6.59619238477e-08 0 	0 	-40944.2242754 	
6.65430861723e-08 0 	0 	-40927.4732561 	
6.7124248497e-08 0 	0 	-40910.7222367 	
6.77054108216e-08 0 	0 	-40893.9712174 	
6.82865731463e-08 0 	0 	-40877.2201981 	
6.88677354709e-08 0 	0 	-40860.4691787 	
6.94488977956e-08 0 	0 	-40843.7181594 	
7.00300601202e-08 0 	0 	-40817.3767795 	
7.06112224449e-08 0 	0 	-40788.0305978 	
7.11923847695e-08 0 	0 	-40758.6844161 	
7.17735470942e-08 0 	0 	-40729.3382344 	
7.23547094188e-08 0 	0 	-40699.9920527 	
7.29358717435e-08 0 	0 	-40670.645871 	
7.35170340681e-08 0 	0 	-40641.2996893 	
7.40981963928e-08 0 	0 	-40611.9535076 	
7.46793587174e-08 0 	0 	-40582.6073258 	
7.52605210421e-08 0 	0 	-40553.2611441 	
7.58416833667e-08 0 	0 	-40505.6940711 	
7.64228456914e-08 0 	0 	-40453.6129505 	
7.7004008016e-08 0 	0 	-40401.5318298 	
7.75851703407e-08 0 	0 	-40349.4507091 	
7.81663326653e-08 0 	0 	-40297.3695884 	
7.874749499e-08 0 	0 	-40245.2884678 	
7.93286573146e-08 0 	0 	-40193.2073471 	
7.99098196393e-08 0 	0 	-40141.1262264 	
8.04909819639e-08 0 	0 	-40089.0451058 	
8.10721442886e-08 0 	0 	-40036.9639851 	
8.16533066132e-08 0 	0 	-39959.62708 	
8.22344689379e-08 0 	0 	-39865.9450618 	
8.28156312625e-08 0 	0 	-39772.2630436 	
8.33967935872e-08 0 	0 	-39678.5810254 	
8.39779559118e-08 0 	0 	-39584.8990071 	
8.45591182365e-08 0 	0 	-39491.2169889 	
8.51402805611e-08 0 	0 	-39397.5349707 	
8.57214428858e-08 0 	0 	-39303.8529525 	
8.63026052104e-08 0 	0 	-39210.1709343 	
8.68837675351e-08 0 	0 	-39116.4889161 	
8.74649298597e-08 0 	0 	-39009.4670082 	
8.80460921844e-08 0 	0 	-38838.6141614 	
8.8627254509e-08 0 	0 	-38667.7613147 	
8.92084168337e-08 0 	0 	-38496.9084679 	
8.97895791583e-08 0 	0 	-38326.0556211 	
9.0370741483e-08 0 	0 	-38155.2027744 	
9.09519038076e-08 0 	0 	-37984.3499276 	
9.15330661323e-08 0 	0 	-37813.4970809 	
9.21142284569e-08 0 	0 	-37642.6442341 	
9.26953907816e-08 0 	0 	-37471.7913873 	
9.32765531062e-08 0 	0 	-37300.9385406 	
9.38577154309e-08 0 	0 	-37058.518982 	
9.44388777555e-08 0 	0 	-36742.5293338 	
9.50200400802e-08 0 	0 	-36426.5396856 	
9.56012024048e-08 0 	0 	-36110.5500374 	
9.61823647295e-08 0 	0 	-35794.5603892 	
9.67635270541e-08 0 	0 	-35478.570741 	
9.73446893788e-08 0 	0 	-35162.5810928 	
9.79258517034e-08 0 	0 	-34846.5914446 	
9.85070140281e-08 0 	0 	-34530.6017965 	
9.90881763527e-08 0 	0 	-34214.6121483 	
9.96693386774e-08 0 	0 	-33898.6225001 	
1.00250501002e-07 0 	0 	-33427.0785468 	
1.00831663327e-07 0 	0 	-32834.3161892 	
1.01412825651e-07 0 	0 	-32241.5538316 	
1.01993987976e-07 0 	0 	-31648.791474 	
1.02575150301e-07 0 	0 	-31056.0291164 	
1.03156312625e-07 0 	0 	-30463.2667588 	
1.0373747495e-07 0 	0 	-29870.5044011 	
1.04318637275e-07 0 	0 	-29277.7420435 	
1.04899799599e-07 0 	0 	-28684.9796859 	
1.05480961924e-07 0 	0 	-28092.2173283 	
1.06062124248e-07 0 	0 	-27499.4549707 	
1.06643286573e-07 0 	0 	-26706.64954 	
1.07224448898e-07 0 	0 	-25578.6413791 	
1.07805611222e-07 0 	0 	-24450.6332182 	
1.08386773547e-07 0 	0 	-23322.6250574 	
1.08967935872e-07 0 	0 	-22194.6168965 	
1.09549098196e-07 0 	0 	-21066.6087356 	
1.10130260521e-07 0 	0 	-19938.6005748 	
1.10711422846e-07 0 	0 	-18810.5924139 	
1.1129258517e-07 0 	0 	-17682.584253 	
1.11873747495e-07 0 	0 	-16554.5760922 	
1.1245490982e-07 0 	0 	-15426.5679313 	
1.13036072144e-07 0 	0 	-14298.5597705 	
1.13617234469e-07 0 	0 	-12202.3553812 	
1.14198396794e-07 0 	0 	-10024.4480782 	
1.14779559118e-07 0 	0 	-7846.54077507 	
1.15360721443e-07 0 	0 	-5668.63347198 	
1.15941883768e-07 0 	0 	-3490.72616889 	
1.16523046092e-07 0 	0 	-1312.8188658 	
1.17104208417e-07 0 	0 	865.088437287 	
1.17685370741e-07 0 	0 	3042.99574038 	
1.18266533066e-07 0 	0 	5220.90304346 	
1.18847695391e-07 0 	0 	7398.81034655 	
1.19428857715e-07 0 	0 	9576.71764964 	
1.2001002004e-07 0 	0 	12174.9167475 	
1.20591182365e-07 0 	0 	16442.23794 	
1.21172344689e-07 0 	0 	20709.5591324 	
1.21753507014e-07 0 	0 	24976.8803249 	
1.22334669339e-07 0 	0 	29244.2015174 	
1.22915831663e-07 0 	0 	33511.5227099 	
1.23496993988e-07 0 	0 	37778.8439024 	
1.24078156313e-07 0 	0 	42046.1650948 	
1.24659318637e-07 0 	0 	46313.4862873 	
1.25240480962e-07 0 	0 	50580.8074798 	
1.25821643287e-07 0 	0 	54848.1286723 	
1.26402805611e-07 0 	0 	59115.4498647 	
1.26983967936e-07 0 	0 	64245.2896224 	
1.27565130261e-07 0 	0 	72734.063511 	
1.28146292585e-07 0 	0 	81222.8373997 	
1.2872745491e-07 0 	0 	89711.6112883 	
1.29308617234e-07 0 	0 	98200.385177 	
1.29889779559e-07 0 	0 	106689.159066 	
1.30470941884e-07 0 	0 	115177.932954 	
1.31052104208e-07 0 	0 	123666.706843 	
1.31633266533e-07 0 	0 	132155.480732 	
1.32214428858e-07 0 	0 	140644.25462 	
1.32795591182e-07 0 	0 	149133.028509 	
1.33376753507e-07 0 	0 	157621.802398 	
1.33957915832e-07 0 	0 	166110.576286 	
1.34539078156e-07 0 	0 	182629.391915 	
1.35120240481e-07 0 	0 	199797.554719 	
1.35701402806e-07 0 	0 	216965.717524 	
1.3628256513e-07 0 	0 	234133.880328 	
1.36863727455e-07 0 	0 	251302.043132 	
1.3744488978e-07 0 	0 	268470.205936 	
1.38026052104e-07 0 	0 	285638.36874 	
1.38607214429e-07 0 	0 	302806.531545 	
1.39188376754e-07 0 	0 	319974.694349 	
1.39769539078e-07 0 	0 	337142.857153 	
1.40350701403e-07 0 	0 	354311.019957 	
1.40931863727e-07 0 	0 	371479.182761 	
1.41513026052e-07 0 	0 	390704.056409 	
1.42094188377e-07 0 	0 	413631.510285 	
1.42675350701e-07 0 	0 	436558.964161 	
1.43256513026e-07 0 	0 	459486.418037 	
1.43837675351e-07 0 	0 	482413.871913 	
1.44418837675e-07 0 	0 	505341.325789 	
1.45e-07 0 	0 	528268.779665 	
