-1.45e-07 0.00313333083979 1.00360175635 0.996408866044
-1.44418837675e-07 0.00312421101637 1.0032569638 0.996751329846
-1.43837675351e-07 0.00311536932842 1.00294085409 0.997065436974
-1.43256513026e-07 0.00310685441433 1.00265893761 0.997345761954
-1.42675350701e-07 0.00309858109166 1.00240270574 0.997600680601
-1.42094188377e-07 0.00309050058189 1.00216718111 0.997835102352
-1.41513026052e-07 0.00308259461306 1.00195053984 0.998050823423
-1.40931863727e-07 0.00307493121673 1.00176057888 0.998240096102
-1.40350701403e-07 0.00306740595639 1.00158608949 0.998414016725
-1.39769539078e-07 0.0030599990935 1.00142493502 0.998574701837
-1.39188376754e-07 0.00305275270341 1.00128209751 0.998717194869
-1.38607214429e-07 0.00304562548883 1.00115313454 0.998845896109
-1.38026052104e-07 0.00303857713485 1.00103341899 0.998965402459
-1.3744488978e-07 0.00303164982016 1.00092808822 0.999070598255
-1.36863727455e-07 0.00302480406544 1.00083266058 0.99916593446
-1.3628256513e-07 0.00301801059902 1.00074359679 0.999254934319
-1.35701402806e-07 0.00301132212657 1.00066756954 0.999330945511
-1.35120240481e-07 0.00300467386301 1.0005966522 0.999401862011
-1.34539078156e-07 0.00299807977586 1.00053261984 0.999465914056
-1.33957915832e-07 0.00299154697104 1.00047656595 0.999522006087
-1.33376753507e-07 0.00298503736613 1.00042354683 0.999575069993
-1.32795591182e-07 0.00297859103483 1.00037897481 0.999619700934
-1.32214428858e-07 0.00297216302101 1.00033691273 0.999661824569
-1.31633266533e-07 0.00296577330783 1.00030009874 0.999698705599
-1.31052104208e-07 0.00295940910553 1.00026687608 0.999731996899
-1.30470941884e-07 0.00295306645735 1.00023668771 0.999762255239
-1.29889779559e-07 0.00294675170528 1.0002105379 0.999788474405
-1.29308617234e-07 0.00294044787595 1.00018596939 0.999813112028
-1.2872745491e-07 0.00293417111193 1.00016543431 0.999833713224
-1.28146292585e-07 0.00292789903807 1.0001455982 0.999853614945
-1.27565130261e-07 0.0029216512263 1.00012948772 0.999869786114
-1.26983967936e-07 0.0029154049065 1.00011360635 0.999885727876
-1.26402805611e-07 0.00290917901346 1.00010096026 0.999898428235
-1.25821643287e-07 0.00290295339191 1.00008835717 0.999911085512
-1.25240480962e-07 0.00289674401167 1.00007840993 0.999921080402
-1.24659318637e-07 0.00289053486721 1.00006850125 0.999931036642
-1.24078156313e-07 0.00288433789587 1.00006064978 0.999938929422
-1.23496993988e-07 0.00287814173736 1.00005293568 0.999946684421
-1.22915831663e-07 0.00287195409503 1.00004671041 0.999952945224
-1.22334669339e-07 0.00286576806366 1.00004076677 0.999958923378
-1.21753507014e-07 0.00285958746155 1.00003580598 0.99996391459
-1.21172344689e-07 0.00285340924079 1.00003127628 0.999968472916
-1.20591182365e-07 0.00284723398998 1.00002730381 0.999972471354
-1.2001002004e-07 0.00284106172333 1.00002389126 0.999975907224
-1.19428857715e-07 0.00283489058123 1.0000206976 0.999979123036
-1.18847695391e-07 0.00282872279807 1.00001815777 0.999981681545
-1.18266533066e-07 0.00282255501492 1.00001561793 0.999984240055
-1.17685370741e-07 0.00281639039771 1.000013718 0.999986154886
-1.17104208417e-07 0.00281022594736 1.0000118518 0.999988035792
-1.16523046092e-07 0.00280406295097 1.00001029102 0.999989609295
-1.15941883768e-07 0.00279790094462 1.00000893821 0.999990973477
-1.15360721443e-07 0.00279173926419 1.00000765662 0.999992265942
-1.14779559118e-07 0.00278557902464 1.00000668987 0.999993241341
-1.14198396794e-07 0.00277941878509 1.00000572311 0.999994216739
-1.13617234469e-07 0.00277325944803 1.00000496165 0.999994985273
-1.13036072144e-07 0.00276710046666 1.00000428111 0.999995672278
-1.1245490982e-07 0.00276094165469 1.00000364071 0.999996318806
-1.11873747495e-07 0.00275478355523 1.00000316917 0.999996795076
-1.1129258517e-07 0.00274862545578 1.00000269763 0.999997271346
-1.10711422846e-07 0.00274246772564 1.00000231735 0.99999765555
-1.10130260521e-07 0.00273631023417 1.00000199604 0.999997980257
-1.09549098196e-07 0.0027301527427 1.00000167474 0.999998304964
-1.08967935872e-07 0.00272399564744 1.00000145558 0.999998526554
-1.08386773547e-07 0.00271783856784 1.00000124047 0.999998744069
-1.07805611222e-07 0.0027116815579 1.0000010441 0.999998942646
-1.07224448898e-07 0.00270552475224 1.00000090272 0.99999908568
-1.06643286573e-07 0.00269936794658 1.00000076134 0.999999228714
-1.06062124248e-07 0.00269321122721 1.00000064423 0.999999347222
-1.05480961924e-07 0.00268705460027 1.00000055311 0.999999439464
-1.04899799599e-07 0.00268089797332 1.00000046199 0.999999531705
-1.04318637275e-07 0.00267474142021 1.00000039257 0.999999601999
-1.0373747495e-07 0.00266858490752 1.00000033503 0.999999660276
-1.03156312625e-07 0.00266242839483 1.0000002775 0.999999718554
-1.02575150301e-07 0.00265627193525 1.00000023629 0.999999760309
-1.01993987976e-07 0.00265011549406 1.00000020073 0.999999796344
-1.01412825651e-07 0.00264395905287 1.00000016518 0.999999832378
-1.00831663327e-07 0.00263780264543 1.00000014048 0.999999857423
-1.00250501002e-07 0.00263164624801 1.00000011899 0.999999879205
-9.96693386774e-08 0.00262548985058 1.00000009751 0.999999900987
-9.90881763527e-08 0.00261933347224 1.00000008246 0.999999916259
-9.85070140281e-08 0.00261317710098 1.00000006978 0.999999929117
-9.79258517034e-08 0.00260702072972 1.00000005711 0.999999941975
-9.73446893788e-08 0.00260086436787 1.00000004776 0.999999951471
-9.67635270541e-08 0.00259470801187 1.00000004047 0.999999958874
-9.61823647295e-08 0.00258855165587 1.00000003318 0.999999966277
-9.56012024048e-08 0.00258239530361 1.00000002726 0.999999972283
-9.50200400802e-08 0.00257623895629 1.00000002318 0.999999976435
-9.44388777555e-08 0.00257008260896 1.00000001909 0.999999980588
-9.38577154309e-08 0.00256392626245 1.00000001531 0.999999984423
-9.32765531062e-08 0.00255776991994 1.00000001309 0.999999986689
-9.26953907816e-08 0.00255161357742 1.00000001086 0.999999988955
-9.21142284569e-08 0.00254545723491 1.00000000863 0.999999991221
-9.15330661323e-08 0.00253930089454 1.00000000727 0.999999992604
-9.09519038076e-08 0.00253314455461 1.00000000609 0.999999993805
-9.0370741483e-08 0.00252698821467 1.0000000049 0.999999995007
-8.97895791583e-08 0.0025208318753 1.00000000396 0.999999995968
-8.92084168337e-08 0.00251467553672 1.00000000335 0.999999996587
-8.8627254509e-08 0.00250851919815 1.00000000274 0.999999997205
-8.80460921844e-08 0.00250236285957 1.00000000213 0.999999997824
-8.74649298597e-08 0.00249620652162 1.0000000018 0.999999998159
-8.68837675351e-08 0.00249005018373 1.0000000015 0.999999998468
-8.63026052104e-08 0.00248389384583 1.0000000012 0.999999998776
-8.57214428858e-08 0.00247773750805 1.00000000095 0.999999999031
-8.51402805611e-08 0.00247158117049 1.0000000008 0.99999999918
-8.45591182365e-08 0.00246542483293 1.00000000066 0.999999999329
-8.39779559118e-08 0.00245926849537 1.00000000051 0.999999999478
-8.33967935872e-08 0.00245311215792 1.00000000042 0.999999999574
-8.28156312625e-08 0.00244695582053 1.00000000035 0.999999999643
-8.22344689379e-08 0.00244079948313 1.00000000028 0.999999999713
-8.16533066132e-08 0.00243464314573 1.00000000022 0.999999999783
-8.10721442886e-08 0.0024284868084 1.00000000018 0.999999999817
-8.04909819639e-08 0.00242233047107 1.00000000015 0.999999999848
-7.99098196393e-08 0.00241617413375 1.00000000012 0.999999999879
-7.93286573146e-08 0.00241001779643 1.00000000009 0.999999999909
-7.874749499e-08 0.00240386145913 1.00000000008 0.999999999923
-7.81663326653e-08 0.00239770512184 1.00000000006 0.999999999937
-7.75851703407e-08 0.00239154878455 1.00000000005 0.99999999995
-7.7004008016e-08 0.00238539244726 1.00000000004 0.999999999963
-7.64228456914e-08 0.00237923610998 1.00000000003 0.999999999969
-7.58416833667e-08 0.0023730797727 1.00000000002 0.999999999974
-7.52605210421e-08 0.00236692343542 1.00000000002 0.99999999998
-7.46793587174e-08 0.00236076709814 1.00000000001 0.999999999985
-7.40981963928e-08 0.00235461076087 1.00000000001 0.999999999987
-7.35170340681e-08 0.0023484544236 1.00000000001 0.99999999999
-7.29358717435e-08 0.00234229808632 1.00000000001 0.999999999992
-7.23547094188e-08 0.00233614174905 1.00000000001 0.999999999994
-7.17735470942e-08 0.00232998541178 1.00000000001 0.999999999995
-7.11923847695e-08 0.00232382907451 1.00000000001 0.999999999996
-7.06112224449e-08 0.00231767273724 1 0.999999999997
-7.00300601202e-08 0.00231151639997 1 0.999999999998
-6.94488977956e-08 0.0023053600627 1 0.999999999998
-6.88677354709e-08 0.00229920372543 1 0.999999999998
-6.82865731463e-08 0.00229304738816 1 0.999999999999
-6.77054108216e-08 0.00228689105089 1 0.999999999999
-6.7124248497e-08 0.00228073471362 1 0.999999999999
-6.65430861723e-08 0.00227457837635 1 0.999999999999
-6.59619238477e-08 0.00226842203908 1 0.999999999999
-6.5380761523e-08 0.00226226570181 1 0.999999999999
-6.47995991984e-08 0.00225610936454 1 0.999999999999
-6.42184368737e-08 0.00224995302727 1 0.999999999999
-6.36372745491e-08 0.00224379669 1 0.999999999999
-6.30561122244e-08 0.00223764035273 1 1
-6.24749498998e-08 0.00223148401546 1 1
-6.18937875752e-08 0.00222532767819 1 1
-6.13126252505e-08 0.00221917134093 1 1
-6.07314629259e-08 0.00221301500366 1 1
-6.01503006012e-08 0.00220685866639 1 1
-5.95691382766e-08 0.00220070232912 1 1
-5.89879759519e-08 0.00219454599185 1 1
-5.84068136273e-08 0.00218838965458 1 1
-5.78256513026e-08 0.00218223331731 1 1
-5.7244488978e-08 0.00217607698004 1 1
-5.66633266533e-08 0.00216992064277 1 1
-5.60821643287e-08 0.0021637643055 1 1
-5.5501002004e-08 0.00215760796823 1 1
-5.49198396794e-08 0.00215145163096 1 1
-5.43386773547e-08 0.00214529529369 1 1
-5.37575150301e-08 0.00213913895642 1 1
-5.31763527054e-08 0.00213298261915 1 1
-5.25951903808e-08 0.00212682628188 1 1
-5.20140280561e-08 0.00212066994461 1 1
-5.14328657315e-08 0.00211451360734 1 1
-5.08517034068e-08 0.00210835727007 1 1
-5.02705410822e-08 0.0021022009328 1 1
-4.96893787575e-08 0.00209604459553 1 1
-4.91082164329e-08 0.00208988825826 1 1
-4.85270541082e-08 0.00208373192099 1 1
-4.79458917836e-08 0.00207757558372 1 1
-4.73647294589e-08 0.00207141924646 1 1
-4.67835671343e-08 0.00206526290919 1 1
-4.62024048096e-08 0.00205910657192 1 1
-4.5621242485e-08 0.00205295023465 1 1
-4.50400801603e-08 0.00204679389738 1 1
-4.44589178357e-08 0.00204063756011 1 1
-4.3877755511e-08 0.00203448122284 1 1
-4.32965931864e-08 0.00202832488557 1 1
-4.27154308617e-08 0.0020221685483 1 1
-4.21342685371e-08 0.00201601221103 1 1
-4.15531062124e-08 0.00200985587376 1 1
-4.09719438878e-08 0.00200369953649 1 1
-4.03907815631e-08 0.00199754319922 1 1
-3.98096192385e-08 0.00199138686196 1 1
-3.92284569138e-08 0.00198523052469 1 1
-3.86472945892e-08 0.00197907418742 1 1
-3.80661322645e-08 0.00197291785015 1 1
-3.74849699399e-08 0.00196676151288 1 1
-3.69038076152e-08 0.00196060517561 1 1
-3.63226452906e-08 0.00195444883834 1 1
-3.57414829659e-08 0.00194829250107 1 1
-3.51603206413e-08 0.0019421361638 1 1
-3.45791583166e-08 0.00193597982653 1 1
-3.3997995992e-08 0.00192982348926 1 1
-3.34168336673e-08 0.00192366715199 1 1
-3.28356713427e-08 0.00191751081472 1 1
-3.2254509018e-08 0.00191135447745 1 1
-3.16733466934e-08 0.00190519814018 1 1
-3.10921843687e-08 0.00189904180291 1 1
-3.05110220441e-08 0.00189288546564 1 1
-2.99298597194e-08 0.00188672912837 1 1
-2.93486973948e-08 0.0018805727911 1 1
-2.87675350701e-08 0.00187441645383 1 1
-2.81863727455e-08 0.00186826011656 1 1
-2.76052104208e-08 0.00186210377929 1 1
-2.70240480962e-08 0.00185594744202 1 1
-2.64428857715e-08 0.00184979110475 1 1
-2.58617234469e-08 0.00184363476748 1 1
-2.52805611222e-08 0.00183747843022 1 1
-2.46993987976e-08 0.00183132209295 1 1
-2.41182364729e-08 0.00182516575568 1 1
-2.35370741483e-08 0.00181900941841 1 1
-2.29559118236e-08 0.00181285308114 1 1
-2.2374749499e-08 0.00180669674387 1 1
-2.17935871743e-08 0.0018005404066 1 1
-2.12124248497e-08 0.00179438406933 1 1
-2.0631262525e-08 0.00178822773206 1 1
-2.00501002004e-08 0.00178207139479 1 1
-1.94689378758e-08 0.00177591505752 1 1
-1.88877755511e-08 0.00176975872025 1 1
-1.83066132265e-08 0.00176360238298 1 1
-1.77254509018e-08 0.00175744604571 1 1
-1.71442885772e-08 0.00175128970844 1 1
-1.65631262525e-08 0.00174513337117 1 1
-1.59819639279e-08 0.0017389770339 1 1
-1.54008016032e-08 0.00173282069663 1 1
-1.48196392786e-08 0.00172666435936 1 1
-1.42384769539e-08 0.00172050802209 1 1
-1.36573146293e-08 0.00171435168482 1 1
-1.30761523046e-08 0.00170819534755 1 1
-1.249498998e-08 0.00170203901029 1 1
-1.19138276553e-08 0.00169588267302 1 1
-1.13326653307e-08 0.00168972633575 1 1
-1.0751503006e-08 0.00168356999848 1 1
-1.01703406814e-08 0.00167741366121 1 1
-9.58917835671e-09 0.00167125732394 1 1
-9.00801603206e-09 0.00166510098667 1 1
-8.42685370741e-09 0.0016589446494 1 1
-7.84569138277e-09 0.00165278831213 1 1
-7.26452905812e-09 0.00164663197486 1 1
-6.68336673347e-09 0.00164047563759 1 1
-6.10220440882e-09 0.00163431930032 1 1
-5.52104208417e-09 0.00162816296305 1 1
-4.93987975952e-09 0.00162200662578 1 1
-4.35871743487e-09 0.00161585028851 1 1
-3.77755511022e-09 0.00160969395124 1 1
-3.19639278557e-09 0.00160353761398 1 1
-2.61523046092e-09 0.00159738127671 1 1
-2.03406813627e-09 0.00159122493943 1 1
-1.45290581162e-09 0.00158506860216 1 1
-8.71743486974e-10 0.00157891226489 1 1
-2.90581162324e-10 0.00157275592762 1 1
2.90581162325e-10 0.00156659959035 1 1
8.71743486974e-10 0.00156044325308 1 1
1.45290581162e-09 0.00155428691581 1 1
2.03406813627e-09 0.00154813057854 1 1
2.61523046092e-09 0.00154197424128 1 1
3.19639278557e-09 0.00153581790401 1 1
3.77755511022e-09 0.00152966156674 1 1
4.35871743487e-09 0.00152350522947 1 1
4.93987975952e-09 0.0015173488922 1 1
5.52104208417e-09 0.00151119255493 1 1
6.10220440882e-09 0.00150503621766 1 1
6.68336673347e-09 0.00149887988039 1 1
7.26452905812e-09 0.00149272354312 1 1
7.84569138277e-09 0.00148656720585 1 1
8.42685370742e-09 0.00148041086858 1 1
9.00801603206e-09 0.00147425453131 1 1
9.58917835671e-09 0.00146809819404 1 1
1.01703406814e-08 0.00146194185677 1 1
1.0751503006e-08 0.0014557855195 1 1
1.13326653307e-08 0.00144962918223 1 1
1.19138276553e-08 0.00144347284496 1 1
1.249498998e-08 0.00143731650769 1 1
1.30761523046e-08 0.00143116017042 1 1
1.36573146293e-08 0.00142500383316 1 1
1.42384769539e-08 0.00141884749589 1 1
1.48196392786e-08 0.00141269115862 1 1
1.54008016032e-08 0.00140653482135 1 1
1.59819639279e-08 0.00140037848408 1 1
1.65631262525e-08 0.00139422214681 1 1
1.71442885772e-08 0.00138806580954 1 1
1.77254509018e-08 0.00138190947227 1 1
1.83066132265e-08 0.001375753135 1 1
1.88877755511e-08 0.00136959679773 1 1
1.94689378758e-08 0.00136344046046 1 1
2.00501002004e-08 0.00135728412319 1 1
2.06312625251e-08 0.00135112778592 1 1
2.12124248497e-08 0.00134497144865 1 1
2.17935871743e-08 0.00133881511138 1 1
2.2374749499e-08 0.00133265877411 1 1
2.29559118236e-08 0.00132650243684 1 1
2.35370741483e-08 0.00132034609957 1 1
2.41182364729e-08 0.0013141897623 1 1
2.46993987976e-08 0.00130803342503 1 1
2.52805611222e-08 0.00130187708776 1 1
2.58617234469e-08 0.00129572075049 1 1
2.64428857715e-08 0.00128956441322 1 1
2.70240480962e-08 0.00128340807595 1 1
2.76052104208e-08 0.00127725173868 1 1
2.81863727455e-08 0.00127109540141 1 1
2.87675350701e-08 0.00126493906414 1 1
2.93486973948e-08 0.00125878272687 1 1
2.99298597194e-08 0.0012526263896 1 1
3.05110220441e-08 0.00124647005233 1 1
3.10921843687e-08 0.00124031371507 1 1
3.16733466934e-08 0.0012341573778 1 1
3.2254509018e-08 0.00122800104053 1 1
3.28356713427e-08 0.00122184470326 1 1
3.34168336673e-08 0.00121568836599 1 1
3.3997995992e-08 0.00120953202872 1 1
3.45791583166e-08 0.00120337569145 1 1
3.51603206413e-08 0.00119721935418 1 1
3.57414829659e-08 0.00119106301691 1 1
3.63226452906e-08 0.00118490667964 1 1
3.69038076152e-08 0.00117875034237 1 1
3.74849699399e-08 0.0011725940051 1 1
3.80661322645e-08 0.00116643766783 1 1
3.86472945892e-08 0.00116028133056 1 1
3.92284569138e-08 0.00115412499329 1 1
3.98096192385e-08 0.00114796865602 1 1
4.03907815631e-08 0.00114181231876 1 1
4.09719438878e-08 0.00113565598149 1 1
4.15531062124e-08 0.00112949964422 1 1
4.21342685371e-08 0.00112334330695 1 1
4.27154308617e-08 0.00111718696968 1 1
4.32965931864e-08 0.00111103063241 1 1
4.3877755511e-08 0.00110487429514 1 1
4.44589178357e-08 0.00109871795787 1 1
4.50400801603e-08 0.0010925616206 1 1
4.5621242485e-08 0.00108640528333 1 1
4.62024048096e-08 0.00108024894606 1 1
4.67835671343e-08 0.00107409260879 1 1
4.73647294589e-08 0.00106793627152 1 1
4.79458917836e-08 0.00106177993425 1 1
4.85270541082e-08 0.00105562359698 1 1
4.91082164329e-08 0.00104946725971 1 1
4.96893787575e-08 0.00104331092244 1 1
5.02705410822e-08 0.00103715458517 1 1
5.08517034068e-08 0.0010309982479 0.999999999999 1
5.14328657315e-08 0.00102484191063 0.999999999999 1
5.20140280561e-08 0.00101868557336 0.999999999999 1
5.25951903808e-08 0.00101252923609 0.999999999999 1
5.31763527054e-08 0.00100637289882 0.999999999999 1
5.37575150301e-08 0.00100021656155 0.999999999998 1
5.43386773547e-08 0.000994060224283 0.999999999998 1
5.49198396794e-08 0.000987903887014 0.999999999998 1
5.5501002004e-08 0.000981747549744 0.999999999997 1
5.60821643287e-08 0.000975591212475 0.999999999997 1
5.66633266533e-08 0.000969434875205 0.999999999996 1
5.7244488978e-08 0.000963278537935 0.999999999996 1
5.78256513026e-08 0.000957122200666 0.999999999995 1
5.84068136273e-08 0.000950965863396 0.999999999995 1
5.89879759519e-08 0.000944809526123 0.999999999993 1
5.95691382766e-08 0.00093865318885 0.999999999991 1
6.01503006012e-08 0.000932496851576 0.99999999999 1.00000000001
6.07314629259e-08 0.000926340514303 0.999999999988 1.00000000001
6.13126252505e-08 0.00092018417703 0.999999999986 1.00000000001
6.18937875752e-08 0.000914027839756 0.999999999984 1.00000000001
6.24749498998e-08 0.000907871502483 0.999999999982 1.00000000001
6.30561122244e-08 0.00090171516521 0.999999999981 1.00000000002
6.36372745491e-08 0.000895558827937 0.999999999979 1.00000000002
6.42184368737e-08 0.000889402490654 0.999999999973 1.00000000003
6.47995991984e-08 0.000883246153362 0.999999999963 1.00000000004
6.5380761523e-08 0.00087708981607 0.999999999953 1.00000000005
6.59619238477e-08 0.000870933478777 0.999999999943 1.00000000006
6.65430861723e-08 0.000864777141485 0.999999999933 1.00000000007
6.7124248497e-08 0.000858620804193 0.999999999923 1.00000000008
6.77054108216e-08 0.000852464466901 0.999999999913 1.00000000009
6.82865731463e-08 0.000846308129609 0.999999999903 1.0000000001
6.88677354709e-08 0.000840151792316 0.999999999892 1.00000000011
6.94488977956e-08 0.000833995455024 0.999999999882 1.00000000012
7.00300601202e-08 0.00082783911765 0.999999999839 1.00000000016
7.06112224449e-08 0.000821682780251 0.999999999786 1.00000000021
7.11923847695e-08 0.000815526442852 0.999999999733 1.00000000026
7.17735470942e-08 0.000809370105453 0.99999999968 1.00000000031
7.23547094188e-08 0.000803213768053 0.999999999627 1.00000000036
7.29358717435e-08 0.000797057430654 0.999999999573 1.00000000042
7.35170340681e-08 0.000790901093255 0.99999999952 1.00000000047
7.40981963928e-08 0.000784744755856 0.999999999467 1.00000000052
7.46793587174e-08 0.000778588418457 0.999999999414 1.00000000057
7.52605210421e-08 0.000772432081057 0.999999999361 1.00000000062
7.58416833667e-08 0.000766275743181 0.999999999131 1.00000000085
7.64228456914e-08 0.000760119405187 0.999999998857 1.00000000111
7.7004008016e-08 0.000753963067192 0.999999998583 1.00000000138
7.75851703407e-08 0.000747806729198 0.999999998309 1.00000000165
7.81663326653e-08 0.000741650391204 0.999999998035 1.00000000192
7.874749499e-08 0.000735494053209 0.999999997762 1.00000000219
7.93286573146e-08 0.000729337715215 0.999999997488 1.00000000246
7.99098196393e-08 0.000723181377221 0.999999997214 1.00000000273
8.04909819639e-08 0.000717025039226 0.99999999694 1.000000003
8.10721442886e-08 0.000710868701232 0.999999996667 1.00000000326
8.16533066132e-08 0.000704712361276 0.999999995727 1.00000000419
8.22344689379e-08 0.00069855602005 0.999999994358 1.00000000553
8.28156312625e-08 0.000692399678824 0.999999992988 1.00000000688
8.33967935872e-08 0.000686243337598 0.999999991618 1.00000000822
8.39779559118e-08 0.000680086996372 0.999999990248 1.00000000956
8.45591182365e-08 0.000673930655147 0.999999988878 1.00000001091
8.51402805611e-08 0.000667774313921 0.999999987508 1.00000001225
8.57214428858e-08 0.000661617972695 0.999999986139 1.0000000136
8.63026052104e-08 0.000655461631469 0.999999984769 1.00000001494
8.68837675351e-08 0.000649305290243 0.999999983399 1.00000001629
8.74649298597e-08 0.000643148946068 0.99999998112 1.00000001853
8.80460921844e-08 0.000636992587778 0.999999974492 1.00000002505
8.8627254509e-08 0.000630836229488 0.999999967863 1.00000003157
8.92084168337e-08 0.000624679871199 0.999999961234 1.00000003809
8.97895791583e-08 0.000618523512909 0.999999954606 1.00000004461
9.0370741483e-08 0.00061236715462 0.999999947977 1.00000005114
9.09519038076e-08 0.00060621079633 0.999999941348 1.00000005766
9.15330661323e-08 0.00060005443804 0.99999993472 1.00000006418
9.21142284569e-08 0.000593898079751 0.999999928091 1.0000000707
9.26953907816e-08 0.000587741721461 0.999999921463 1.00000007722
9.32765531062e-08 0.000581585363172 0.999999914834 1.00000008374
9.38577154309e-08 0.000575428961849 0.999999896245 1.00000010206
9.44388777555e-08 0.000569272516288 0.999999865362 1.00000013251
9.50200400802e-08 0.000563116070728 0.999999834479 1.00000016296
9.56012024048e-08 0.000556959625167 0.999999803595 1.00000019341
9.61823647295e-08 0.000550803179607 0.999999772712 1.00000022386
9.67635270541e-08 0.000544646734047 0.999999741829 1.00000025431
9.73446893788e-08 0.000538490288486 0.999999710945 1.00000028476
9.79258517034e-08 0.000532333842926 0.999999680062 1.00000031521
9.85070140281e-08 0.000526177397365 0.999999649179 1.00000034566
9.90881763527e-08 0.000520020951805 0.999999618295 1.00000037611
9.96693386774e-08 0.000513864506244 0.999999587412 1.00000040655
1.00250501002e-07 0.000507707818785 0.999999496397 1.00000049646
1.00831663327e-07 0.000501550942823 0.999999358523 1.0000006327
1.01412825651e-07 0.000495394066861 0.999999220649 1.00000076894
1.01993987976e-07 0.000489237190898 0.999999082775 1.00000090518
1.02575150301e-07 0.000483080314936 0.999998944901 1.00000104142
1.03156312625e-07 0.000476923438973 0.999998807027 1.00000117765
1.0373747495e-07 0.000470766563011 0.999998669153 1.00000131389
1.04318637275e-07 0.000464609687048 0.99999853128 1.00000145013
1.04899799599e-07 0.000458452811086 0.999998393406 1.00000158637
1.05480961924e-07 0.000452295935124 0.999998255532 1.00000172261
1.06062124248e-07 0.000446139059161 0.999998117658 1.00000185885
1.06643286573e-07 0.000439981421704 0.999997811962 1.00000216144
1.07224448898e-07 0.000433822508247 0.999997225055 1.00000274276
1.07805611222e-07 0.000427663594789 0.999996638147 1.00000332409
1.08386773547e-07 0.000421504681332 0.99999605124 1.00000390542
1.08967935872e-07 0.000415345767874 0.999995464332 1.00000448674
1.09549098196e-07 0.000409186854417 0.999994877425 1.00000506807
1.10130260521e-07 0.000403027940959 0.999994290518 1.0000056494
1.10711422846e-07 0.000396869027502 0.99999370361 1.00000623072
1.1129258517e-07 0.000390710114044 0.999993116703 1.00000681205
1.11873747495e-07 0.000384551200587 0.999992529796 1.00000739338
1.1245490982e-07 0.000378392287129 0.999991942888 1.0000079747
1.13036072144e-07 0.000372233373672 0.999991355981 1.00000855603
1.13617234469e-07 0.000366065961793 0.99998912361 1.00001077267
1.14198396794e-07 0.00035989783276 0.999986752384 1.00001312731
1.14779559118e-07 0.000353729703728 0.999984381157 1.00001548194
1.15360721443e-07 0.000347561574695 0.999982009931 1.00001783658
1.15941883768e-07 0.000341393445663 0.999979638705 1.00002019122
1.16523046092e-07 0.00033522531663 0.999977267479 1.00002254585
1.17104208417e-07 0.000329057187597 0.999974896252 1.00002490049
1.17685370741e-07 0.000322889058565 0.999972525026 1.00002725513
1.18266533066e-07 0.000316720929532 0.9999701538 1.00002960976
1.18847695391e-07 0.000310552800499 0.999967782573 1.0000319644
1.19428857715e-07 0.000304384671467 0.999965411347 1.00003431904
1.2001002004e-07 0.000298208566837 0.99996169515 1.00003801419
1.20591182365e-07 0.000292000788392 0.999952637613 1.00004703301
1.21172344689e-07 0.000285793009947 0.999943580076 1.00005605184
1.21753507014e-07 0.000279585231502 0.999934522539 1.00006507066
1.22334669339e-07 0.000273377453057 0.999925465002 1.00007408948
1.22915831663e-07 0.000267169674612 0.999916407465 1.0000831083
1.23496993988e-07 0.000260961896167 0.999907349928 1.00009212712
1.24078156313e-07 0.000254754117721 0.999898292391 1.00010114594
1.24659318637e-07 0.000248546339276 0.999889234854 1.00011016476
1.25240480962e-07 0.000242338560831 0.999880177317 1.00011918358
1.25821643287e-07 0.000236130782386 0.99987111978 1.0001282024
1.26402805611e-07 0.000229923003941 0.999862062244 1.00013722123
1.26983967936e-07 0.000223682194365 0.999848187687 1.00015105678
1.27565130261e-07 0.00021731275058 0.999815554053 1.00018365032
1.28146292585e-07 0.000210943306796 0.999782920419 1.00021624385
1.2872745491e-07 0.000204573863011 0.999750286785 1.00024883739
1.29308617234e-07 0.000198204419227 0.999717653152 1.00028143092
1.29889779559e-07 0.000191834975442 0.999685019518 1.00031402446
1.30470941884e-07 0.000185465531658 0.999652385884 1.00034661799
1.31052104208e-07 0.000179096087873 0.99961975225 1.00037921153
1.31633266533e-07 0.000172726644089 0.999587118617 1.00041180506
1.32214428858e-07 0.000166357200304 0.999554484983 1.0004443986
1.32795591182e-07 0.00015998775652 0.999521851349 1.00047699213
1.33376753507e-07 0.000153618312735 0.999489217715 1.00050958566
1.33957915832e-07 0.000147248868951 0.999456584081 1.0005421792
1.34539078156e-07 0.000140302856904 0.999351523175 1.00064749752
1.35120240481e-07 0.000133310220819 0.999240605458 1.0007586967
1.35701402806e-07 0.000126317584734 0.99912968774 1.00086989589
1.3628256513e-07 0.000119324948648 0.999018770022 1.00098109508
1.36863727455e-07 0.000112332312563 0.998907852304 1.00109229426
1.3744488978e-07 0.000105339676478 0.998796934586 1.00120349345
1.38026052104e-07 9.8347040393e-05 0.998686016868 1.00131469263
1.38607214429e-07 9.13544043078e-05 0.99857509915 1.00142589182
1.39188376754e-07 8.43617682226e-05 0.998464181432 1.00153709101
1.39769539078e-07 7.73691321375e-05 0.998353263714 1.00164829019
1.40350701403e-07 7.03764960523e-05 0.998242345996 1.00175948938
1.40931863727e-07 6.33838599671e-05 0.998131428278 1.00187068857
1.41513026052e-07 5.55803124851e-05 0.997932552482 1.00207053355
1.42094188377e-07 4.63169270709e-05 0.997575330732 1.00242996257
1.42675350701e-07 3.70535416567e-05 0.997218108983 1.00278939158
1.43256513026e-07 2.77901562425e-05 0.996860887233 1.0031488206
1.43837675351e-07 1.85267708284e-05 0.996503665483 1.00350824961
1.44418837675e-07 9.26338541418e-06 0.996146443733 1.00386767863
1.45e-07 0 0.995789221983 1.00422710764
