-1.45e-07 0 	0 	15939.4114423 	
-1.44418837675e-07 0 	0 	15418.0019754 	
-1.43837675351e-07 0 	0 	14922.219485 	
-1.43256513026e-07 0 	0 	14483.2804666 	
-1.42675350701e-07 0 	0 	14086.7267581 	
-1.42094188377e-07 0 	0 	13724.1831964 	
-1.41513026052e-07 0 	0 	13392.5479159 	
-1.40931863727e-07 0 	0 	13104.2455162 	
-1.40350701403e-07 0 	0 	12840.8566268 	
-1.39769539078e-07 0 	0 	12598.8836167 	
-1.39188376754e-07 0 	0 	12386.1415105 	
-1.38607214429e-07 0 	0 	12195.3328248 	
-1.38026052104e-07 0 	0 	12019.0921596 	
-1.3744488978e-07 0 	0 	11865.3676915 	
-1.36863727455e-07 0 	0 	11726.984808 	
-1.3628256513e-07 0 	0 	11598.4493084 	
-1.35701402806e-07 0 	0 	11489.8923022 	
-1.35120240481e-07 0 	0 	11389.0783135 	
-1.34539078156e-07 0 	0 	11298.6970646 	
-1.33957915832e-07 0 	0 	11220.2640137 	
-1.33376753507e-07 0 	0 	11146.3651483 	
-1.32795591182e-07 0 	0 	11084.9620319 	
-1.32214428858e-07 0 	0 	11027.2247686 	
-1.31633266533e-07 0 	0 	10977.1525583 	
-1.31052104208e-07 0 	0 	10932.2564757 	
-1.30470941884e-07 0 	0 	10891.7337 	
-1.29889779559e-07 0 	0 	10856.9520607 	
-1.29308617234e-07 0 	0 	10824.4183676 	
-1.2872745491e-07 0 	0 	10797.5372855 	
-1.28146292585e-07 0 	0 	10771.635748 	
-1.27565130261e-07 0 	0 	10750.87886 	
-1.26983967936e-07 0 	0 	10730.4383377 	
-1.26402805611e-07 0 	0 	10714.3975876 	
-1.25821643287e-07 0 	0 	10698.4153157 	
-1.25240480962e-07 0 	0 	10685.9882806 	
-1.24659318637e-07 0 	0 	10673.6128578 	
-1.24078156313e-07 0 	0 	10663.946892 	
-1.23496993988e-07 0 	0 	10654.4618413 	
-1.22915831663e-07 0 	0 	10646.9050901 	
-1.22334669339e-07 0 	0 	10639.7131044 	
-1.21753507014e-07 0 	0 	10633.772339 	
-1.21172344689e-07 0 	0 	10628.3803766 	
-1.20591182365e-07 0 	0 	10623.6853998 	
-1.2001002004e-07 0 	0 	10619.690743 	
-1.19428857715e-07 0 	0 	10615.964962 	
-1.18847695391e-07 0 	0 	10613.0422967 	
-1.18266533066e-07 0 	0 	10610.1196315 	
-1.17685370741e-07 0 	0 	10607.9685657 	
-1.17104208417e-07 0 	0 	10605.8581671 	
-1.16523046092e-07 0 	0 	10604.1091525 	
-1.15941883768e-07 0 	0 	10602.6062176 	
-1.15360721443e-07 0 	0 	10601.1859352 	
-1.14779559118e-07 0 	0 	10600.1310725 	
-1.14198396794e-07 0 	0 	10599.0762097 	
-1.13617234469e-07 0 	0 	10598.2549925 	
-1.13036072144e-07 0 	0 	10597.5258595 	
-1.1245490982e-07 0 	0 	10596.8415181 	
-1.11873747495e-07 0 	0 	10596.3455777 	
-1.1129258517e-07 0 	0 	10595.8496373 	
-1.10711422846e-07 0 	0 	10595.4534799 	
-1.10130260521e-07 0 	0 	10595.1218075 	
-1.09549098196e-07 0 	0 	10594.7901351 	
-1.08967935872e-07 0 	0 	10594.5678997 	
-1.08386773547e-07 0 	0 	10594.3499894 	
-1.07805611222e-07 0 	0 	10594.1517576 	
-1.07224448898e-07 0 	0 	10594.0112389 	
-1.06643286573e-07 0 	0 	10593.8707202 	
-1.06062124248e-07 0 	0 	10593.7551467 	
-1.05480961924e-07 0 	0 	10593.6662907 	
-1.04899799599e-07 0 	0 	10593.5774346 	
-1.04318637275e-07 0 	0 	10593.5104276 	
-1.0373747495e-07 0 	0 	10593.4553828 	
-1.03156312625e-07 0 	0 	10593.4003379 	
-1.02575150301e-07 0 	0 	10593.3613929 	
-1.01993987976e-07 0 	0 	10593.328022 	
-1.01412825651e-07 0 	0 	10593.2946512 	
-1.00831663327e-07 0 	0 	10593.271761 	
-1.00250501002e-07 0 	0 	10593.2519819 	
-9.96693386774e-08 0 	0 	10593.2322027 	
-9.90881763527e-08 0 	0 	10593.2185005 	
-9.85070140281e-08 0 	0 	10593.2070519 	
-9.79258517034e-08 0 	0 	10593.1956034 	
-9.73446893788e-08 0 	0 	10593.1872267 	
-9.67635270541e-08 0 	0 	10593.1807628 	
-9.61823647295e-08 0 	0 	10593.1742989 	
-9.56012024048e-08 0 	0 	10593.1690846 	
-9.50200400802e-08 0 	0 	10593.165528 	
-9.44388777555e-08 0 	0 	10593.1619714 	
-9.38577154309e-08 0 	0 	10593.158693 	
-9.32765531062e-08 0 	0 	10593.1567886 	
-9.26953907816e-08 0 	0 	10593.1548843 	
-9.21142284569e-08 0 	0 	10593.1529799 	
-9.15330661323e-08 0 	0 	10593.1518336 	
-9.09519038076e-08 0 	0 	10593.1508424 	
-9.0370741483e-08 0 	0 	10593.1498512 	
-8.97895791583e-08 0 	0 	10593.1490624 	
-8.92084168337e-08 0 	0 	10593.1485607 	
-8.8627254509e-08 0 	0 	10593.1480591 	
-8.80460921844e-08 0 	0 	10593.1475574 	
-8.74649298597e-08 0 	0 	10593.1472912 	
-8.68837675351e-08 0 	0 	10593.1470464 	
-8.63026052104e-08 0 	0 	10593.1468017 	
-8.57214428858e-08 0 	0 	10593.1466002 	
-8.51402805611e-08 0 	0 	10593.1464837 	
-8.45591182365e-08 0 	0 	10593.1463672 	
-8.39779559118e-08 0 	0 	10593.1462508 	
-8.33967935872e-08 0 	0 	10593.1461766 	
-8.28156312625e-08 0 	0 	10593.1461229 	
-8.22344689379e-08 0 	0 	10593.1460693 	
-8.16533066132e-08 0 	0 	10593.1460156 	
-8.10721442886e-08 0 	0 	10593.1459898 	
-8.04909819639e-08 0 	0 	10593.1459662 	
-7.99098196393e-08 0 	0 	10593.1459427 	
-7.93286573146e-08 0 	0 	10593.1459203 	
-7.874749499e-08 0 	0 	10593.1459103 	
-7.81663326653e-08 0 	0 	10593.1459002 	
-7.75851703407e-08 0 	0 	10593.1458901 	
-7.7004008016e-08 0 	0 	10593.145881 	
-7.64228456914e-08 0 	0 	10593.1458769 	
-7.58416833667e-08 0 	0 	10593.1458728 	
-7.52605210421e-08 0 	0 	10593.1458687 	
-7.46793587174e-08 0 	0 	10593.1458649 	
-7.40981963928e-08 0 	0 	10593.1458628 	
-7.35170340681e-08 0 	0 	10593.1458607 	
-7.29358717435e-08 0 	0 	10593.1458586 	
-7.23547094188e-08 0 	0 	10593.1458565 	
-7.17735470942e-08 0 	0 	10593.1458559 	
-7.11923847695e-08 0 	0 	10593.1458553 	
-7.06112224449e-08 0 	0 	10593.1458546 	
-7.00300601202e-08 0 	0 	10593.145854 	
-6.94488977956e-08 0 	0 	10593.1458541 	
-6.88677354709e-08 0 	0 	10593.1458543 	
-6.82865731463e-08 0 	0 	10593.1458546 	
-6.77054108216e-08 0 	0 	10593.1458548 	
-6.7124248497e-08 0 	0 	10593.1458548 	
-6.65430861723e-08 0 	0 	10593.1458546 	
-6.59619238477e-08 0 	0 	10593.1458544 	
-6.5380761523e-08 0 	0 	10593.1458542 	
-6.47995991984e-08 0 	0 	10593.145854 	
-6.42184368737e-08 0 	0 	10593.1458535 	
-6.36372745491e-08 0 	0 	10593.145853 	
-6.30561122244e-08 0 	0 	10593.1458526 	
-6.24749498998e-08 0 	0 	10593.1458521 	
-6.18937875752e-08 0 	0 	10593.1458521 	
-6.13126252505e-08 0 	0 	10593.1458524 	
-6.07314629259e-08 0 	0 	10593.1458527 	
-6.01503006012e-08 0 	0 	10593.145853 	
-5.95691382766e-08 0 	0 	10593.1458533 	
-5.89879759519e-08 0 	0 	10593.1458535 	
-5.84068136273e-08 0 	0 	10593.1458537 	
-5.78256513026e-08 0 	0 	10593.1458539 	
-5.7244488978e-08 0 	0 	10593.1458541 	
-5.66633266533e-08 0 	0 	10593.1458542 	
-5.60821643287e-08 0 	0 	10593.145854 	
-5.5501002004e-08 0 	0 	10593.1458539 	
-5.49198396794e-08 0 	0 	10593.1458537 	
-5.43386773547e-08 0 	0 	10593.1458536 	
-5.37575150301e-08 0 	0 	10593.1458535 	
-5.31763527054e-08 0 	0 	10593.1458535 	
-5.25951903808e-08 0 	0 	10593.1458535 	
-5.20140280561e-08 0 	0 	10593.1458534 	
-5.14328657315e-08 0 	0 	10593.1458534 	
-5.08517034068e-08 0 	0 	10593.1458534 	
-5.02705410822e-08 0 	0 	10593.1458533 	
-4.96893787575e-08 0 	0 	10593.1458532 	
-4.91082164329e-08 0 	0 	10593.1458531 	
-4.85270541082e-08 0 	0 	10593.1458531 	
-4.79458917836e-08 0 	0 	10593.145853 	
-4.73647294589e-08 0 	0 	10593.1458529 	
-4.67835671343e-08 0 	0 	10593.1458529 	
-4.62024048096e-08 0 	0 	10593.1458528 	
-4.5621242485e-08 0 	0 	10593.1458527 	
-4.50400801603e-08 0 	0 	10593.1458527 	
-4.44589178357e-08 0 	0 	10593.1458528 	
-4.3877755511e-08 0 	0 	10593.1458529 	
-4.32965931864e-08 0 	0 	10593.1458531 	
-4.27154308617e-08 0 	0 	10593.1458532 	
-4.21342685371e-08 0 	0 	10593.1458533 	
-4.15531062124e-08 0 	0 	10593.1458533 	
-4.09719438878e-08 0 	0 	10593.1458534 	
-4.03907815631e-08 0 	0 	10593.1458534 	
-3.98096192385e-08 0 	0 	10593.1458534 	
-3.92284569138e-08 0 	0 	10593.1458535 	
-3.86472945892e-08 0 	0 	10593.1458535 	
-3.80661322645e-08 0 	0 	10593.1458535 	
-3.74849699399e-08 0 	0 	10593.1458535 	
-3.69038076152e-08 0 	0 	10593.1458535 	
-3.63226452906e-08 0 	0 	10593.1458535 	
-3.57414829659e-08 0 	0 	10593.1458535 	
-3.51603206413e-08 0 	0 	10593.1458537 	
-3.45791583166e-08 0 	0 	10593.1458539 	
-3.3997995992e-08 0 	0 	10593.145854 	
-3.34168336673e-08 0 	0 	10593.1458542 	
-3.28356713427e-08 0 	0 	10593.1458544 	
-3.2254509018e-08 0 	0 	10593.1458546 	
-3.16733466934e-08 0 	0 	10593.1458544 	
-3.10921843687e-08 0 	0 	10593.1458542 	
-3.05110220441e-08 0 	0 	10593.145854 	
-2.99298597194e-08 0 	0 	10593.1458538 	
-2.93486973948e-08 0 	0 	10593.1458535 	
-2.87675350701e-08 0 	0 	10593.1458534 	
-2.81863727455e-08 0 	0 	10593.1458532 	
-2.76052104208e-08 0 	0 	10593.1458531 	
-2.70240480962e-08 0 	0 	10593.1458529 	
-2.64428857715e-08 0 	0 	10593.1458528 	
-2.58617234469e-08 0 	0 	10593.1458526 	
-2.52805611222e-08 0 	0 	10593.1458525 	
-2.46993987976e-08 0 	0 	10593.1458526 	
-2.41182364729e-08 0 	0 	10593.1458527 	
-2.35370741483e-08 0 	0 	10593.1458528 	
-2.29559118236e-08 0 	0 	10593.1458529 	
-2.2374749499e-08 0 	0 	10593.145853 	
-2.17935871743e-08 0 	0 	10593.1458531 	
-2.12124248497e-08 0 	0 	10593.1458533 	
-2.0631262525e-08 0 	0 	10593.1458534 	
-2.00501002004e-08 0 	0 	10593.1458535 	
-1.94689378758e-08 0 	0 	10593.1458536 	
-1.88877755511e-08 0 	0 	10593.1458538 	
-1.83066132265e-08 0 	0 	10593.1458539 	
-1.77254509018e-08 0 	0 	10593.1458539 	
-1.71442885772e-08 0 	0 	10593.1458538 	
-1.65631262525e-08 0 	0 	10593.1458538 	
-1.59819639279e-08 0 	0 	10593.1458538 	
-1.54008016032e-08 0 	0 	10593.1458537 	
-1.48196392786e-08 0 	0 	10593.1458537 	
-1.42384769539e-08 0 	0 	10593.1458536 	
-1.36573146293e-08 0 	0 	10593.1458535 	
-1.30761523046e-08 0 	0 	10593.1458534 	
-1.249498998e-08 0 	0 	10593.1458533 	
-1.19138276553e-08 0 	0 	10593.1458531 	
-1.13326653307e-08 0 	0 	10593.145853 	
-1.0751503006e-08 0 	0 	10593.1458529 	
-1.01703406814e-08 0 	0 	10593.145853 	
-9.58917835671e-09 0 	0 	10593.145853 	
-9.00801603206e-09 0 	0 	10593.1458531 	
-8.42685370741e-09 0 	0 	10593.1458532 	
-7.84569138277e-09 0 	0 	10593.1458533 	
-7.26452905812e-09 0 	0 	10593.1458533 	
-6.68336673347e-09 0 	0 	10593.1458534 	
-6.10220440882e-09 0 	0 	10593.1458535 	
-5.52104208417e-09 0 	0 	10593.1458536 	
-4.93987975952e-09 0 	0 	10593.1458537 	
-4.35871743487e-09 0 	0 	10593.1458538 	
-3.77755511022e-09 0 	0 	10593.1458539 	
-3.19639278557e-09 0 	0 	10593.145854 	
-2.61523046092e-09 0 	0 	10593.1458541 	
-2.03406813627e-09 0 	0 	10593.145854 	
-1.45290581162e-09 0 	0 	10593.1458539 	
-8.71743486974e-10 0 	0 	10593.1458539 	
-2.90581162324e-10 0 	0 	10593.1458538 	
2.90581162325e-10 0 	0 	10593.1458537 	
8.71743486974e-10 0 	0 	10593.1458536 	
1.45290581162e-09 0 	0 	10593.1458536 	
2.03406813627e-09 0 	0 	10593.1458536 	
2.61523046092e-09 0 	0 	10593.1458535 	
3.19639278557e-09 0 	0 	10593.1458535 	
3.77755511022e-09 0 	0 	10593.1458535 	
4.35871743487e-09 0 	0 	10593.1458534 	
4.93987975952e-09 0 	0 	10593.1458534 	
5.52104208417e-09 0 	0 	10593.1458534 	
6.10220440882e-09 0 	0 	10593.1458534 	
6.68336673347e-09 0 	0 	10593.1458535 	
7.26452905812e-09 0 	0 	10593.1458535 	
7.84569138277e-09 0 	0 	10593.1458535 	
8.42685370742e-09 0 	0 	10593.1458535 	
9.00801603206e-09 0 	0 	10593.1458536 	
9.58917835671e-09 0 	0 	10593.1458536 	
1.01703406814e-08 0 	0 	10593.1458536 	
1.0751503006e-08 0 	0 	10593.1458536 	
1.13326653307e-08 0 	0 	10593.1458536 	
1.19138276553e-08 0 	0 	10593.1458535 	
1.249498998e-08 0 	0 	10593.1458535 	
1.30761523046e-08 0 	0 	10593.1458535 	
1.36573146293e-08 0 	0 	10593.1458535 	
1.42384769539e-08 0 	0 	10593.1458535 	
1.48196392786e-08 0 	0 	10593.1458535 	
1.54008016032e-08 0 	0 	10593.1458535 	
1.59819639279e-08 0 	0 	10593.1458535 	
1.65631262525e-08 0 	0 	10593.1458536 	
1.71442885772e-08 0 	0 	10593.1458536 	
1.77254509018e-08 0 	0 	10593.1458536 	
1.83066132265e-08 0 	0 	10593.1458536 	
1.88877755511e-08 0 	0 	10593.1458536 	
1.94689378758e-08 0 	0 	10593.1458536 	
2.00501002004e-08 0 	0 	10593.1458536 	
2.06312625251e-08 0 	0 	10593.1458536 	
2.12124248497e-08 0 	0 	10593.1458536 	
2.17935871743e-08 0 	0 	10593.1458536 	
2.2374749499e-08 0 	0 	10593.1458536 	
2.29559118236e-08 0 	0 	10593.1458536 	
2.35370741483e-08 0 	0 	10593.1458536 	
2.41182364729e-08 0 	0 	10593.1458536 	
2.46993987976e-08 0 	0 	10593.1458536 	
2.52805611222e-08 0 	0 	10593.1458536 	
2.58617234469e-08 0 	0 	10593.1458537 	
2.64428857715e-08 0 	0 	10593.1458537 	
2.70240480962e-08 0 	0 	10593.1458537 	
2.76052104208e-08 0 	0 	10593.1458537 	
2.81863727455e-08 0 	0 	10593.1458537 	
2.87675350701e-08 0 	0 	10593.1458536 	
2.93486973948e-08 0 	0 	10593.1458535 	
2.99298597194e-08 0 	0 	10593.1458535 	
3.05110220441e-08 0 	0 	10593.1458534 	
3.10921843687e-08 0 	0 	10593.1458534 	
3.16733466934e-08 0 	0 	10593.1458533 	
3.2254509018e-08 0 	0 	10593.1458532 	
3.28356713427e-08 0 	0 	10593.1458532 	
3.34168336673e-08 0 	0 	10593.1458532 	
3.3997995992e-08 0 	0 	10593.1458532 	
3.45791583166e-08 0 	0 	10593.1458532 	
3.51603206413e-08 0 	0 	10593.1458532 	
3.57414829659e-08 0 	0 	10593.1458532 	
3.63226452906e-08 0 	0 	10593.1458532 	
3.69038076152e-08 0 	0 	10593.1458532 	
3.74849699399e-08 0 	0 	10593.1458532 	
3.80661322645e-08 0 	0 	10593.1458532 	
3.86472945892e-08 0 	0 	10593.1458532 	
3.92284569138e-08 0 	0 	10593.1458532 	
3.98096192385e-08 0 	0 	10593.1458532 	
4.03907815631e-08 0 	0 	10593.1458532 	
4.09719438878e-08 0 	0 	10593.1458532 	
4.15531062124e-08 0 	0 	10593.1458532 	
4.21342685371e-08 0 	0 	10593.1458532 	
4.27154308617e-08 0 	0 	10593.1458532 	
4.32965931864e-08 0 	0 	10593.1458533 	
4.3877755511e-08 0 	0 	10593.1458533 	
4.44589178357e-08 0 	0 	10593.1458534 	
4.50400801603e-08 0 	0 	10593.1458534 	
4.5621242485e-08 0 	0 	10593.1458535 	
4.62024048096e-08 0 	0 	10593.1458536 	
4.67835671343e-08 0 	0 	10593.1458536 	
4.73647294589e-08 0 	0 	10593.1458537 	
4.79458917836e-08 0 	0 	10593.1458537 	
4.85270541082e-08 0 	0 	10593.1458537 	
4.91082164329e-08 0 	0 	10593.1458538 	
4.96893787575e-08 0 	0 	10593.1458538 	
5.02705410822e-08 0 	0 	10593.1458538 	
5.08517034068e-08 0 	0 	10593.1458539 	
5.14328657315e-08 0 	0 	10593.1458539 	
5.20140280561e-08 0 	0 	10593.1458539 	
5.25951903808e-08 0 	0 	10593.145854 	
5.31763527054e-08 0 	0 	10593.1458541 	
5.37575150301e-08 0 	0 	10593.1458544 	
5.43386773547e-08 0 	0 	10593.1458547 	
5.49198396794e-08 0 	0 	10593.145855 	
5.5501002004e-08 0 	0 	10593.1458552 	
5.60821643287e-08 0 	0 	10593.1458555 	
5.66633266533e-08 0 	0 	10593.1458558 	
5.7244488978e-08 0 	0 	10593.1458561 	
5.78256513026e-08 0 	0 	10593.1458564 	
5.84068136273e-08 0 	0 	10593.1458567 	
5.89879759519e-08 0 	0 	10593.1458588 	
5.95691382766e-08 0 	0 	10593.1458608 	
6.01503006012e-08 0 	0 	10593.1458629 	
6.07314629259e-08 0 	0 	10593.1458649 	
6.13126252505e-08 0 	0 	10593.145867 	
6.18937875752e-08 0 	0 	10593.145869 	
6.24749498998e-08 0 	0 	10593.1458711 	
6.30561122244e-08 0 	0 	10593.1458731 	
6.36372745491e-08 0 	0 	10593.1458752 	
6.42184368737e-08 0 	0 	10593.1458817 	
6.47995991984e-08 0 	0 	10593.1458928 	
6.5380761523e-08 0 	0 	10593.1459039 	
6.59619238477e-08 0 	0 	10593.1459151 	
6.65430861723e-08 0 	0 	10593.1459262 	
6.7124248497e-08 0 	0 	10593.1459373 	
6.77054108216e-08 0 	0 	10593.1459485 	
6.82865731463e-08 0 	0 	10593.1459596 	
6.88677354709e-08 0 	0 	10593.1459707 	
6.94488977956e-08 0 	0 	10593.1459818 	
7.00300601202e-08 0 	0 	10593.1460307 	
7.06112224449e-08 0 	0 	10593.1460913 	
7.11923847695e-08 0 	0 	10593.146152 	
7.17735470942e-08 0 	0 	10593.1462126 	
7.23547094188e-08 0 	0 	10593.1462733 	
7.29358717435e-08 0 	0 	10593.1463339 	
7.35170340681e-08 0 	0 	10593.1463946 	
7.40981963928e-08 0 	0 	10593.1464553 	
7.46793587174e-08 0 	0 	10593.1465159 	
7.52605210421e-08 0 	0 	10593.1465766 	
7.58416833667e-08 0 	0 	10593.1468474 	
7.64228456914e-08 0 	0 	10593.1471704 	
7.7004008016e-08 0 	0 	10593.1474933 	
7.75851703407e-08 0 	0 	10593.1478163 	
7.81663326653e-08 0 	0 	10593.1481392 	
7.874749499e-08 0 	0 	10593.1484621 	
7.93286573146e-08 0 	0 	10593.1487851 	
7.99098196393e-08 0 	0 	10593.149108 	
8.04909819639e-08 0 	0 	10593.149431 	
8.10721442886e-08 0 	0 	10593.1497539 	
8.16533066132e-08 0 	0 	10593.1508967 	
8.22344689379e-08 0 	0 	10593.1525702 	
8.28156312625e-08 0 	0 	10593.1542436 	
8.33967935872e-08 0 	0 	10593.155917 	
8.39779559118e-08 0 	0 	10593.1575905 	
8.45591182365e-08 0 	0 	10593.1592639 	
8.51402805611e-08 0 	0 	10593.1609373 	
8.57214428858e-08 0 	0 	10593.1626108 	
8.63026052104e-08 0 	0 	10593.1642842 	
8.68837675351e-08 0 	0 	10593.1659576 	
8.74649298597e-08 0 	0 	10593.1687947 	
8.80460921844e-08 0 	0 	10593.1771997 	
8.8627254509e-08 0 	0 	10593.1856048 	
8.92084168337e-08 0 	0 	10593.1940098 	
8.97895791583e-08 0 	0 	10593.2024148 	
9.0370741483e-08 0 	0 	10593.2108198 	
9.09519038076e-08 0 	0 	10593.2192249 	
9.15330661323e-08 0 	0 	10593.2276299 	
9.21142284569e-08 0 	0 	10593.2360349 	
9.26953907816e-08 0 	0 	10593.24444 	
9.32765531062e-08 0 	0 	10593.252845 	
9.38577154309e-08 0 	0 	10593.2771964 	
9.44388777555e-08 0 	0 	10593.3179405 	
9.50200400802e-08 0 	0 	10593.3586847 	
9.56012024048e-08 0 	0 	10593.3994288 	
9.61823647295e-08 0 	0 	10593.440173 	
9.67635270541e-08 0 	0 	10593.4809171 	
9.73446893788e-08 0 	0 	10593.5216613 	
9.79258517034e-08 0 	0 	10593.5624054 	
9.85070140281e-08 0 	0 	10593.6031496 	
9.90881763527e-08 0 	0 	10593.6438937 	
9.96693386774e-08 0 	0 	10593.6846378 	
1.00250501002e-07 0 	0 	10593.8091409 	
1.00831663327e-07 0 	0 	10593.9989146 	
1.01412825651e-07 0 	0 	10594.1886882 	
1.01993987976e-07 0 	0 	10594.3784619 	
1.02575150301e-07 0 	0 	10594.5682356 	
1.03156312625e-07 0 	0 	10594.7580092 	
1.0373747495e-07 0 	0 	10594.9477829 	
1.04318637275e-07 0 	0 	10595.1375566 	
1.04899799599e-07 0 	0 	10595.3273302 	
1.05480961924e-07 0 	0 	10595.5171039 	
1.06062124248e-07 0 	0 	10595.7068776 	
1.06643286573e-07 0 	0 	10596.1416975 	
1.07224448898e-07 0 	0 	10596.98713 	
1.07805611222e-07 0 	0 	10597.8325624 	
1.08386773547e-07 0 	0 	10598.6779949 	
1.08967935872e-07 0 	0 	10599.5234273 	
1.09549098196e-07 0 	0 	10600.3688597 	
1.10130260521e-07 0 	0 	10601.2142922 	
1.10711422846e-07 0 	0 	10602.0597246 	
1.1129258517e-07 0 	0 	10602.9051571 	
1.11873747495e-07 0 	0 	10603.7505895 	
1.1245490982e-07 0 	0 	10604.596022 	
1.13036072144e-07 0 	0 	10605.4414544 	
1.13617234469e-07 0 	0 	10608.8149029 	
1.14198396794e-07 0 	0 	10612.4016823 	
1.14779559118e-07 0 	0 	10615.9884617 	
1.15360721443e-07 0 	0 	10619.5752411 	
1.15941883768e-07 0 	0 	10623.1620205 	
1.16523046092e-07 0 	0 	10626.7488 	
1.17104208417e-07 0 	0 	10630.3355794 	
1.17685370741e-07 0 	0 	10633.9223588 	
1.18266533066e-07 0 	0 	10637.5091382 	
1.18847695391e-07 0 	0 	10641.0959177 	
1.19428857715e-07 0 	0 	10644.6826971 	
1.2001002004e-07 0 	0 	10650.4520607 	
1.20591182365e-07 0 	0 	10664.8892106 	
1.21172344689e-07 0 	0 	10679.3263605 	
1.21753507014e-07 0 	0 	10693.7635104 	
1.22334669339e-07 0 	0 	10708.2006603 	
1.22915831663e-07 0 	0 	10722.6378102 	
1.23496993988e-07 0 	0 	10737.0749601 	
1.24078156313e-07 0 	0 	10751.51211 	
1.24659318637e-07 0 	0 	10765.9492599 	
1.25240480962e-07 0 	0 	10780.3864098 	
1.25821643287e-07 0 	0 	10794.8235597 	
1.26402805611e-07 0 	0 	10809.2607096 	
1.26983967936e-07 0 	0 	10831.9838459 	
1.27565130261e-07 0 	0 	10886.9753686 	
1.28146292585e-07 0 	0 	10941.9668914 	
1.2872745491e-07 0 	0 	10996.9584142 	
1.29308617234e-07 0 	0 	11051.949937 	
1.29889779559e-07 0 	0 	11106.9414598 	
1.30470941884e-07 0 	0 	11161.9329825 	
1.31052104208e-07 0 	0 	11216.9245053 	
1.31633266533e-07 0 	0 	11271.9160281 	
1.32214428858e-07 0 	0 	11326.9075509 	
1.32795591182e-07 0 	0 	11381.8990736 	
1.33376753507e-07 0 	0 	11436.8905964 	
1.33957915832e-07 0 	0 	11491.8821192 	
1.34539078156e-07 0 	0 	11679.2793361 	
1.35120240481e-07 0 	0 	11877.3835041 	
1.35701402806e-07 0 	0 	12075.487672 	
1.3628256513e-07 0 	0 	12273.59184 	
1.36863727455e-07 0 	0 	12471.6960079 	
1.3744488978e-07 0 	0 	12669.8001759 	
1.38026052104e-07 0 	0 	12867.9043439 	
1.38607214429e-07 0 	0 	13066.0085118 	
1.39188376754e-07 0 	0 	13264.1126798 	
1.39769539078e-07 0 	0 	13462.2168477 	
1.40350701403e-07 0 	0 	13660.3210157 	
1.40931863727e-07 0 	0 	13858.4251836 	
1.41513026052e-07 0 	0 	14095.5293587 	
1.42094188377e-07 0 	0 	14402.8430413 	
1.42675350701e-07 0 	0 	14710.1567238 	
1.43256513026e-07 0 	0 	15017.4704064 	
1.43837675351e-07 0 	0 	15324.784089 	
1.44418837675e-07 0 	0 	15632.0977715 	
1.45e-07 0 	0 	15939.4114541 	
