-1.45e-07 0.00156976289409 1.2236035409 0.815782815732
-1.44418837675e-07 0.00127588304038 1.20976926042 0.825144935629
-1.43837675351e-07 0.000998303728975 1.19675175112 0.834097076328
-1.43256513026e-07 0.000740832932503 1.18475994153 0.842556773336
-1.42675350701e-07 0.000499097725791 1.1735514252 0.850618957123
-1.42094188377e-07 0.000270387704425 1.16298205871 0.858346036655
-1.41513026052e-07 5.37801774776e-05 1.15300066903 0.865757856246
-1.40931863727e-07 -0.000144985316364 1.14386825186 0.872692660412
-1.40350701403e-07 -0.000332907514248 1.13524120465 0.879329996397
-1.39769539078e-07 -0.000511344338919 1.12705361783 0.885705166242
-1.39188376754e-07 -0.000676296839549 1.11948234004 0.891701375135
-1.38607214429e-07 -0.000830495061838 1.11239366208 0.897388442719
-1.38026052104e-07 -0.000977385223592 1.10563089901 0.902863800307
-1.3744488978e-07 -0.00111250588788 1.09938730323 0.907993618735
-1.36863727455e-07 -0.00123905026196 1.09351600479 0.912866643987
-1.3628256513e-07 -0.00136004746441 1.08788511093 0.917573231157
-1.35701402806e-07 -0.00146906014606 1.08276677069 0.921914343293
-1.35120240481e-07 -0.00157307074542 1.07785942602 0.926100296795
-1.34539078156e-07 -0.00167034166952 1.07323637129 0.930077193598
-1.33957915832e-07 -0.00175926853433 1.06896082652 0.933791153425
-1.33376753507e-07 -0.00184497792498 1.06481896766 0.937403424378
-1.32795591182e-07 -0.00192121559258 1.0610669939 0.940712837391
-1.32214428858e-07 -0.00199442422362 1.05743837798 0.943924084305
-1.31633266533e-07 -0.00206129934256 1.05406769499 0.946930072495
-1.31052104208e-07 -0.00212349075409 1.05088591074 0.949782376426
-1.30470941884e-07 -0.00218172490442 1.04786372689 0.952504832629
-1.29889779559e-07 -0.00223424215062 1.04507009505 0.955037556071
-1.29308617234e-07 -0.00228452093892 1.0423659529 0.957495989516
-1.2872745491e-07 -0.00232857309131 1.039908787 0.95974560934
-1.28146292585e-07 -0.00237154622604 1.03749441976 0.96195904372
-1.27565130261e-07 -0.0024082153906 1.03532834911 0.9639590518
-1.26983967936e-07 -0.00244449689815 1.03317754724 0.96594593542
-1.26402805611e-07 -0.00247474565949 1.03126289558 0.967726801826
-1.25821643287e-07 -0.00250491423853 1.02935138264 0.969504930021
-1.25240480962e-07 -0.00252959343882 1.02765359663 0.971094122674
-1.24659318637e-07 -0.00255419294833 1.02595891334 0.9726805725
-1.24078156313e-07 -0.00257404970586 1.02444803599 0.974102626511
-1.23496993988e-07 -0.00259358978164 1.02294943168 0.975513703529
-1.22915831663e-07 -0.00260927565223 1.02159961661 0.976790333001
-1.22334669339e-07 -0.00262423244472 1.02027794715 0.978041529795
-1.21753507014e-07 -0.00263631162993 1.01906701004 0.979191774673
-1.21172344689e-07 -0.00264712865546 1.01790464172 0.980297740597
-1.20591182365e-07 -0.00265608616436 1.01681364611 0.981338141161
-1.2001002004e-07 -0.0026631752606 1.01579436464 0.982312662697
-1.19428857715e-07 -0.00266942493579 1.01480723962 0.983257454523
-1.18847695391e-07 -0.00267316731158 1.01391616391 0.984113445519
-1.18266533066e-07 -0.00267690968738 1.0130250882 0.984969436515
-1.17685370741e-07 -0.00267780700513 1.01224285184 0.985724269065
-1.17104208417e-07 -0.00267855437394 1.01146635186 0.986473770054
-1.16523046092e-07 -0.00267771240137 1.01075060282 0.987166567412
-1.15941883768e-07 -0.00267578818708 1.01007622135 0.987820753156
-1.15360721443e-07 -0.00267342584069 1.00941858157 0.988459261175
-1.14779559118e-07 -0.00266912644424 1.00883495937 0.989028455539
-1.14198396794e-07 -0.00266482704779 1.00825133718 0.989597649904
-1.13617234469e-07 -0.00265901810446 1.00772540468 0.990112690291
-1.13036072144e-07 -0.00265261421933 1.00722220882 0.990606387543
-1.1245490982e-07 -0.00264585342096 1.00673266044 0.991087252779
-1.11873747495e-07 -0.00263759138569 1.00630051562 0.991514144407
-1.1129258517e-07 -0.00262932935042 1.0058683708 0.991941036035
-1.10711422846e-07 -0.00262007427882 1.00547423198 0.992332158271
-1.10130260521e-07 -0.0026101774547 1.00510465464 0.992700164436
-1.09549098196e-07 -0.00260028063058 1.00473507729 0.993068170601
-1.08967935872e-07 -0.00258900527451 1.0044183247 0.993386440984
-1.08386773547e-07 -0.00257767543693 1.0041036598 0.99370274574
-1.07805611222e-07 -0.00256602739589 1.0038012064 0.994007553519
-1.07224448898e-07 -0.0025534461281 1.00353456685 0.994278642982
-1.06643286573e-07 -0.00254086486032 1.0032679273 0.994549732444
-1.06062124248e-07 -0.00252775793914 1.00302149399 0.994801804116
-1.05480961924e-07 -0.00251408801799 1.00279670253 0.995033506822
-1.04899799599e-07 -0.00250041809683 1.00257191108 0.995265209529
-1.04318637275e-07 -0.00248613859731 1.00237059325 0.995474828723
-1.0373747495e-07 -0.00247152536073 1.00218212696 0.995672357452
-1.03156312625e-07 -0.00245691212414 1.00199366066 0.99586988618
-1.02575150301e-07 -0.00244169417514 1.00182852159 0.996045476208
-1.01993987976e-07 -0.00242626686241 1.00167145888 0.996213470613
-1.01412825651e-07 -0.00241083954968 1.00151439617 0.996381465017
-1.00831663327e-07 -0.00239487274256 1.00137817883 0.996529853925
-1.00250501002e-07 -0.00237874579888 1.00124814895 0.996672423391
-9.96693386774e-08 -0.0023626188552 1.00111811908 0.996814992856
-9.90881763527e-08 -0.00234605515967 1.00100498761 0.996941657319
-9.85070140281e-08 -0.00232932949755 1.0008981228 0.997062423514
-9.79258517034e-08 -0.00231260383543 1.000791258 0.997183189709
-9.73446893788e-08 -0.00229556379739 1.00069656756 0.997292476312
-9.67635270541e-08 -0.00227832800845 1.00060945767 0.997394614975
-9.61823647295e-08 -0.00226109221952 1.00052234778 0.997496753638
-9.56012024048e-08 -0.00224367045405 1.00044244128 0.997592076836
-9.50200400802e-08 -0.00222600196578 1.00037209105 0.997678358403
-9.44388777555e-08 -0.0022083334775 1.00030174082 0.997764639971
-9.38577154309e-08 -0.00219060348078 1.00023377107 0.99784865662
-9.32765531062e-08 -0.00217256965362 1.00017756001 0.99792148536
-9.26953907816e-08 -0.00215453582647 1.00012134896 0.9979943141
-9.21142284569e-08 -0.00213650199931 1.00006513791 0.99806714284
-9.15330661323e-08 -0.00211821330081 1.00001876929 0.998130526443
-9.09519038076e-08 -0.00209987246239 0.999974414171 0.998191977822
-9.0370741483e-08 -0.00208153162396 0.999930059053 0.998253429201
-8.97895791583e-08 -0.00206308463888 0.999889786535 0.998310913613
-8.92084168337e-08 -0.00204448705264 0.99985530642 0.998362769685
-8.8627254509e-08 -0.0020258894664 0.999820826305 0.998414625757
-8.80460921844e-08 -0.00200729188017 0.99978634619 0.998466481829
-8.74649298597e-08 -0.00198849853222 0.999759346652 0.99851094033
-8.68837675351e-08 -0.0019696872992 0.99973303055 0.998554722979
-8.63026052104e-08 -0.00195087606617 0.999706714449 0.998598505627
-8.57214428858e-08 -0.00193200525236 0.999682652948 0.99864000416
-8.51402805611e-08 -0.0019130171453 0.999663029952 0.998677006086
-8.45591182365e-08 -0.00189402903824 0.999643406956 0.998714008013
-8.39779559118e-08 -0.00187504093118 0.999623783959 0.998751009939
-8.33967935872e-08 -0.00185595476485 0.999607819692 0.998784182373
-8.28156312625e-08 -0.00183682099512 0.999593631574 0.998815495759
-8.22344689379e-08 -0.00181768722539 0.999579443456 0.998846809145
-8.16533066132e-08 -0.00179855345566 0.999565255338 0.99887812253
-8.10721442886e-08 -0.00177930952207 0.999555096888 0.998905031134
-8.04909819639e-08 -0.00176005644016 0.999545273072 0.998931573952
-7.99098196393e-08 -0.00174080335825 0.999535449257 0.998958116769
-7.93286573146e-08 -0.00172154199443 0.999525920174 0.998984318479
-7.874749499e-08 -0.00170219172589 0.999519554992 0.999006858455
-7.81663326653e-08 -0.00168284145735 0.99951318981 0.999029398432
-7.75851703407e-08 -0.0016634911888 0.999506824628 0.999051938408
-7.7004008016e-08 -0.00164412857863 0.999500882365 0.999073950977
-7.64228456914e-08 -0.00162469959766 0.999497214478 0.999093127256
-7.58416833667e-08 -0.00160527061669 0.999493546591 0.999112303534
-7.52605210421e-08 -0.00158584163573 0.999489878704 0.999131479813
-7.46793587174e-08 -0.00156640404002 0.999486491077 0.999150270899
-7.40981963928e-08 -0.00154691168351 0.999484884966 0.999166613456
-7.35170340681e-08 -0.001527419327 0.999483278856 0.999182956013
-7.29358717435e-08 -0.00150792697048 0.999481672745 0.99919929857
-7.23547094188e-08 -0.00148843357657 0.999480098041 0.999215592126
-7.17735470942e-08 -0.00146889050175 0.999480027419 0.999229539038
-7.11923847695e-08 -0.00144934742693 0.999479956796 0.999243485951
-7.06112224449e-08 -0.00142980435211 0.999479886174 0.999257432863
-7.00300601202e-08 -0.00141026127729 0.999479815551 0.999271379775
-6.94488977956e-08 -0.00139068560559 0.999480636817 0.999283682738
-6.88677354709e-08 -0.00137110219486 0.999481669832 0.9992955954
-6.82865731463e-08 -0.00135151878412 0.999482702847 0.999307508062
-6.77054108216e-08 -0.00133193537339 0.999483735863 0.999319420724
-6.7124248497e-08 -0.0013123361316 0.999485142935 0.999330471
-6.65430861723e-08 -0.00129272084815 0.99948692904 0.999340647416
-6.59619238477e-08 -0.0012731055647 0.999488715144 0.999350823832
-6.5380761523e-08 -0.00125349028125 0.999490501249 0.999361000248
-6.47995991984e-08 -0.00123387290115 0.999492326929 0.999371051784
-6.42184368737e-08 -0.00121423259936 0.999494585257 0.999379738061
-6.36372745491e-08 -0.00119459229758 0.999496843586 0.999388424339
-6.30561122244e-08 -0.00117495199579 0.999499101914 0.999397110616
-6.24749498998e-08 -0.001155311694 0.999501360243 0.999405796894
-6.18937875752e-08 -0.00113566033211 0.99950376079 0.999413753861
-6.13126252505e-08 -0.00111600052651 0.999506269914 0.999421154044
-6.07314629259e-08 -0.0010963407209 0.999508779038 0.999428554226
-6.01503006012e-08 -0.00107668091529 0.999511288162 0.999435954409
-5.95691382766e-08 -0.00105702110968 0.999513797286 0.999443354592
-5.89879759519e-08 -0.00103734705099 0.99951638175 0.999449701395
-5.84068136273e-08 -0.00101767214772 0.999518970678 0.999455985779
-5.78256513026e-08 -0.000997997244448 0.999521559607 0.999462270162
-5.7244488978e-08 -0.000978322341178 0.999524148535 0.999468554546
-5.66633266533e-08 -0.000958644975258 0.999526727139 0.999474632548
-5.60821643287e-08 -0.000938958469936 0.999529267427 0.999479944621
-5.5501002004e-08 -0.000919271964613 0.999531807715 0.999485256694
-5.49198396794e-08 -0.00089958545929 0.999534348003 0.999490568767
-5.43386773547e-08 -0.000879898953967 0.999536888291 0.99949588084
-5.37575150301e-08 -0.000860209182265 0.99953937637 0.999500879192
-5.31763527054e-08 -0.000840513827769 0.999541775217 0.999505341341
-5.25951903808e-08 -0.000820818473273 0.999544174063 0.99950980349
-5.20140280561e-08 -0.000801123118777 0.999546572909 0.999514265638
-5.14328657315e-08 -0.00078142776428 0.999548971755 0.999518727787
-5.08517034068e-08 -0.000761729650268 0.999551286291 0.999522883389
-5.02705410822e-08 -0.000742027598076 0.999553480506 0.99952660151
-4.96893787575e-08 -0.000722325545884 0.999555674722 0.99953031963
-4.91082164329e-08 -0.000702623493691 0.999557868937 0.999534037751
-4.85270541082e-08 -0.000682921441499 0.999560063152 0.999537755872
-4.79458917836e-08 -0.000663217688047 0.999562175011 0.999541253797
-4.73647294589e-08 -0.000643510606364 0.999564125755 0.999544320946
-4.67835671343e-08 -0.000623803524681 0.999566076499 0.999547388095
-4.62024048096e-08 -0.000604096442998 0.999568027243 0.999550455244
-4.5621242485e-08 -0.000584389361315 0.999569977986 0.999553522393
-4.50400801603e-08 -0.000564681735955 0.999571890629 0.999556507127
-4.44589178357e-08 -0.0005449709077 0.999573578815 0.999559006337
-4.3877755511e-08 -0.000525260079445 0.999575267002 0.999561505548
-4.32965931864e-08 -0.00050554925119 0.999576955188 0.999564004759
-4.27154308617e-08 -0.000485838422935 0.999578643374 0.999566503969
-4.21342685371e-08 -0.00046612759468 0.99958033156 0.99956900318
-4.15531062124e-08 -0.000446414469377 0.99958179911 0.999571093459
-4.09719438878e-08 -0.000426700872827 0.999583221396 0.999573099845
-4.03907815631e-08 -0.000406987276276 0.999584643682 0.99957510623
-3.98096192385e-08 -0.000387273679726 0.999586065968 0.999577112615
-3.92284569138e-08 -0.000367560083176 0.999587488253 0.999579119001
-3.86472945892e-08 -0.000347845696703 0.999588810475 0.999580960249
-3.80661322645e-08 -0.000328130071336 0.999589975757 0.999582542501
-3.74849699399e-08 -0.000308414445968 0.999591141039 0.999584124753
-3.69038076152e-08 -0.000288698820601 0.999592306322 0.999585707005
-3.63226452906e-08 -0.000268983195233 0.999593471604 0.999587289257
-3.57414829659e-08 -0.000249267569866 0.999594636887 0.999588871509
-3.51603206413e-08 -0.000229550733801 0.999595606025 0.99959015752
-3.45791583166e-08 -0.000209833633617 0.999596532373 0.999591378905
-3.3997995992e-08 -0.000190116533433 0.999597458721 0.99959260029
-3.34168336673e-08 -0.000170399433249 0.999598385069 0.999593821674
-3.28356713427e-08 -0.000150682333065 0.999599311417 0.999595043059
-3.2254509018e-08 -0.000130965103728 0.99960021173 0.999596227714
-3.16733466934e-08 -0.000111246940074 0.999600923697 0.999597146657
-3.10921843687e-08 -9.15287764189e-05 0.999601635664 0.999598065599
-3.05110220441e-08 -7.18106127641e-05 0.999602347632 0.999598984542
-2.99298597194e-08 -5.20924491094e-05 0.999603059599 0.999599903485
-2.93486973948e-08 -3.23742854546e-05 0.999603771566 0.999600822428
-2.87675350701e-08 -1.26559028288e-05 0.999604430074 0.999601669806
-2.81863727455e-08 7.06302150657e-06 0.999604956332 0.99960234014
-2.76052104208e-08 2.6781945842e-05 0.999605482589 0.999603010474
-2.70240480962e-08 4.65008701774e-05 0.999606008846 0.999603680808
-2.64428857715e-08 6.62197945128e-05 0.999606535103 0.999604351142
-2.58617234469e-08 8.59387188482e-05 0.99960706136 0.999605021476
-2.52805611222e-08 0.000105657814217 0.999607538477 0.999605628604
-2.46993987976e-08 0.000125377278073 0.99960790972 0.999606099555
-2.41182364729e-08 0.000145096741929 0.999608280964 0.999606570506
-2.35370741483e-08 0.000164816205785 0.999608652207 0.999607041457
-2.29559118236e-08 0.000184535669641 0.999609023451 0.999607512408
-2.2374749499e-08 0.000204255133497 0.999609394695 0.99960798336
-2.17935871743e-08 0.000223974675276 0.999609740405 0.999608422436
-2.12124248497e-08 0.000243694518031 0.999609987496 0.999608738395
-2.0631262525e-08 0.000263414360786 0.999610234586 0.999609054354
-2.00501002004e-08 0.000283134203541 0.999610481676 0.999609370313
-1.94689378758e-08 0.000302854046296 0.999610728766 0.999609686272
-1.88877755511e-08 0.000322573889051 0.999610975856 0.999610002232
-1.83066132265e-08 0.000342293731806 0.999611222946 0.999610318191
-1.77254509018e-08 0.000362013823974 0.99961137992 0.999610524055
-1.71442885772e-08 0.000381733929132 0.999611532201 0.999610724185
-1.65631262525e-08 0.00040145403429 0.999611684481 0.999610924316
-1.59819639279e-08 0.000421174139448 0.999611836762 0.999611124446
-1.54008016032e-08 0.000440894244606 0.999611989043 0.999611324576
-1.48196392786e-08 0.000460614349764 0.999612141323 0.999611524706
-1.42384769539e-08 0.000480334552104 0.999612256047 0.999611679659
-1.36573146293e-08 0.000500054834556 0.999612339811 0.99961179737
-1.30761523046e-08 0.000519775117007 0.999612423576 0.999611915081
-1.249498998e-08 0.000539495399458 0.99961250734 0.999612032792
-1.19138276553e-08 0.000559215681909 0.999612591104 0.999612150503
-1.13326653307e-08 0.00057893596436 0.999612674869 0.999612268214
-1.0751503006e-08 0.000598656246812 0.999612758633 0.999612385925
-1.01703406814e-08 0.000618376642331 0.999612795909 0.999612448508
-9.58917835671e-09 0.000638097038402 0.999612832958 0.999612510821
-9.00801603206e-09 0.000657817434474 0.999612870007 0.999612573135
-8.42685370741e-09 0.000677537830545 0.999612907057 0.999612635449
-7.84569138277e-09 0.000697258226617 0.999612944106 0.999612697762
-7.26452905812e-09 0.000716978622688 0.999612981155 0.999612760076
-6.68336673347e-09 0.000736699037014 0.999613009337 0.999612812171
-6.10220440882e-09 0.000756419496482 0.999613015592 0.999612838995
-5.52104208417e-09 0.00077613995595 0.999613021847 0.999612865819
-4.93987975952e-09 0.000795860415418 0.999613028102 0.999612892644
-4.35871743487e-09 0.000815580874886 0.999613034357 0.999612919468
-3.77755511022e-09 0.000835301334354 0.999613040612 0.999612946293
-3.19639278557e-09 0.000855021793823 0.999613046867 0.999612973117
-2.61523046092e-09 0.000874742261652 0.999613043758 0.999612990005
-2.03406813627e-09 0.000894462740892 0.999613027869 0.999612993333
-1.45290581162e-09 0.000914183220131 0.999613011981 0.999612996661
-8.71743486974e-10 0.000933903699371 0.999612996092 0.99961299999
-2.90581162324e-10 0.00095362417861 0.999612980204 0.999613003318
2.90581162325e-10 0.00097334465785 0.999612964316 0.999613006646
8.71743486974e-10 0.00099306513709 0.999612948427 0.999613009975
1.45290581162e-09 0.00101278560685 0.999612923737 0.999613005268
2.03406813627e-09 0.00103250606217 0.999612885642 0.999612988323
2.61523046092e-09 0.00105222651748 0.999612847547 0.999612971379
3.19639278557e-09 0.0010719469728 0.999612809452 0.999612954434
3.77755511022e-09 0.00109166742812 0.999612771357 0.999612937489
4.35871743487e-09 0.00111138788344 0.999612733262 0.999612920545
4.93987975952e-09 0.00113110833875 0.999612695167 0.9996129036
5.52104208417e-09 0.00115082877866 0.999612650418 0.999612881198
6.10220440882e-09 0.00117054915858 0.999612579779 0.999612837561
6.68336673347e-09 0.0011902695385 0.999612509139 0.999612793924
7.26452905812e-09 0.00120998991841 0.999612438499 0.999612750286
7.84569138277e-09 0.00122971029833 0.999612367859 0.999612706649
8.42685370742e-09 0.00124943067825 0.999612297219 0.999612663012
9.00801603206e-09 0.00126915105817 0.999612226579 0.999612619374
9.58917835671e-09 0.00128887143809 0.999612155939 0.999612575737
1.01703406814e-08 0.0013085916955 0.999612039 0.99961249536
1.0751503006e-08 0.00132831193015 0.999611913456 0.999612408155
1.13326653307e-08 0.0013480321648 0.999611787912 0.999612320951
1.19138276553e-08 0.00136775239945 0.999611662368 0.999612233746
1.249498998e-08 0.00138747263409 0.999611536824 0.999612146541
1.30761523046e-08 0.00140719286874 0.99961141128 0.999612059337
1.36573146293e-08 0.00142691310339 0.999611285736 0.999611972132
1.42384769539e-08 0.00144663326081 0.999611131986 0.999611862838
1.48196392786e-08 0.00146635324548 0.999610915135 0.999611704126
1.54008016032e-08 0.00148607323015 0.999610698284 0.999611545415
1.59819639279e-08 0.00150579321481 0.999610481432 0.999611386704
1.65631262525e-08 0.00152551319948 0.999610264581 0.999611227993
1.71442885772e-08 0.00154523318414 0.99961004773 0.999611069281
1.77254509018e-08 0.00156495316881 0.999609830878 0.99961091057
1.83066132265e-08 0.00158467315347 0.999609614027 0.999610751859
1.88877755511e-08 0.00160439288921 0.999609311063 0.999610527061
1.94689378758e-08 0.00162411245709 0.999608950033 0.9996102577
2.00501002004e-08 0.00164383202497 0.999608589003 0.999609988339
2.06312625251e-08 0.00166355159285 0.999608227972 0.999609718979
2.12124248497e-08 0.00168327116074 0.999607866942 0.999609449618
2.17935871743e-08 0.00170299072862 0.999607505912 0.999609180257
2.2374749499e-08 0.0017227102965 0.999607144882 0.999608910896
2.29559118236e-08 0.00174242986438 0.999606783851 0.999608641535
2.35370741483e-08 0.00176214894471 0.999606270338 0.999608259372
2.41182364729e-08 0.0017818678202 0.999605692759 0.999607829812
2.46993987976e-08 0.00180158669569 0.999605115179 0.999607400253
2.52805611222e-08 0.00182130557118 0.999604537599 0.999606970694
2.58617234469e-08 0.00184102444666 0.999603960019 0.999606541135
2.64428857715e-08 0.00186074332215 0.999603382439 0.999606111576
2.70240480962e-08 0.00188046219764 0.999602804859 0.999605682017
2.76052104208e-08 0.00190018107312 0.999602227279 0.999605252457
2.81863727455e-08 0.00191989922432 0.999601454343 0.999604686837
2.87675350701e-08 0.00193961694148 0.999600564341 0.999604039684
2.93486973948e-08 0.00195933465865 0.999599674339 0.99960339253
2.99298597194e-08 0.00197905237581 0.999598784337 0.999602745377
3.05110220441e-08 0.00199877009297 0.999597894335 0.999602098224
3.10921843687e-08 0.00201848781014 0.999597004333 0.99960145107
3.16733466934e-08 0.0020382055273 0.999596114331 0.999600803917
3.2254509018e-08 0.00205792324447 0.99959522433 0.999600156764
3.28356713427e-08 0.00207764026377 0.999594178436 0.999599410867
3.34168336673e-08 0.00209735602254 0.99959285096 0.999598486614
3.3997995992e-08 0.00211707178132 0.999591523484 0.99959756236
3.45791583166e-08 0.00213678754009 0.999590196007 0.999596638107
3.51603206413e-08 0.00215650329886 0.999588868531 0.999595713853
3.57414829659e-08 0.00217621905763 0.999587541055 0.9995947896
3.63226452906e-08 0.0021959348164 0.999586213578 0.999593865346
3.69038076152e-08 0.00221565057517 0.999584886102 0.999592941093
3.74849699399e-08 0.00223536633394 0.999583558626 0.999592016839
3.80661322645e-08 0.00225507910291 0.999581695068 0.999590800322
3.86472945892e-08 0.00227479151293 0.999579767152 0.999589548718
3.92284569138e-08 0.00229450392296 0.999577839235 0.999588297113
3.98096192385e-08 0.00231421633298 0.999575911319 0.999587045508
4.03907815631e-08 0.00233392874301 0.999573983403 0.999585793903
4.09719438878e-08 0.00235364115303 0.999572055486 0.999584542299
4.15531062124e-08 0.00237335356306 0.99957012757 0.999583290694
4.21342685371e-08 0.00239306597308 0.999568199654 0.999582039089
4.27154308617e-08 0.00241277705076 0.999566083989 0.99958070761
4.32965931864e-08 0.00243248367118 0.999563340228 0.999579108916
4.3877755511e-08 0.0024521902916 0.999560596468 0.999577510222
4.44589178357e-08 0.00247189691202 0.999557852707 0.999575911528
4.50400801603e-08 0.00249160353244 0.999555108947 0.999574312835
4.5621242485e-08 0.00251131015286 0.999552365186 0.999572714141
4.62024048096e-08 0.00253101677328 0.999549621426 0.999571115447
4.67835671343e-08 0.0025507233937 0.999546877665 0.999569516753
4.73647294589e-08 0.00257043001413 0.999544133905 0.999567918059
4.79458917836e-08 0.00259013295655 0.999540986756 0.999566211137
4.85270541082e-08 0.00260982946149 0.999537133567 0.999564314784
4.91082164329e-08 0.00262952596644 0.999533280379 0.999562418432
4.96893787575e-08 0.00264922247138 0.99952942719 0.99956052208
5.02705410822e-08 0.00266891897632 0.999525574002 0.999558625727
5.08517034068e-08 0.00268861548126 0.999521720813 0.999556729375
5.14328657315e-08 0.00270831198621 0.999517867625 0.999554833023
5.20140280561e-08 0.00272800849115 0.999514014436 0.99955293667
5.25951903808e-08 0.00274770499609 0.999510161248 0.999551040318
5.31763527054e-08 0.00276739635125 0.999505867083 0.999549112358
5.37575150301e-08 0.00278707500198 0.999500485036 0.999547106421
5.43386773547e-08 0.00280675365271 0.999495102989 0.999545100485
5.49198396794e-08 0.00282643230344 0.999489720942 0.999543094548
5.5501002004e-08 0.00284611095417 0.999484338895 0.999541088611
5.60821643287e-08 0.0028657896049 0.999478956848 0.999539082675
5.66633266533e-08 0.00288546825563 0.999473574801 0.999537076738
5.7244488978e-08 0.00290514690636 0.999468192754 0.999535070802
5.78256513026e-08 0.00292482555709 0.999462810707 0.999533064865
5.84068136273e-08 0.00294450420782 0.999457428659 0.999531058929
5.89879759519e-08 0.00296415103599 0.999449882382 0.999529394748
5.95691382766e-08 0.00298379785529 0.999442335501 0.999527730663
6.01503006012e-08 0.00300344467459 0.99943478862 0.999526066578
6.07314629259e-08 0.00302309149389 0.999427241739 0.999524402492
6.13126252505e-08 0.00304273831319 0.999419694858 0.999522738407
6.18937875752e-08 0.00306238513249 0.999412147977 0.999521074322
6.24749498998e-08 0.00308203195179 0.999404601097 0.999519410236
6.30561122244e-08 0.00310167877109 0.999397054216 0.999517746151
6.36372745491e-08 0.00312132559039 0.999389507335 0.999516082066
6.42184368737e-08 0.00314094417929 0.999380388288 0.99951504922
6.47995991984e-08 0.00316053367039 0.99936964877 0.999514667008
6.5380761523e-08 0.0031801231615 0.999358909252 0.999514284796
6.59619238477e-08 0.0031997126526 0.999348169733 0.999513902584
6.65430861723e-08 0.00321930214371 0.999337430215 0.999513520372
6.7124248497e-08 0.00323889163481 0.999326690697 0.999513138161
6.77054108216e-08 0.00325848112591 0.999315951179 0.999512755949
6.82865731463e-08 0.00327807061702 0.99930521166 0.999512373737
6.88677354709e-08 0.00329766010812 0.999294472142 0.999511991525
6.94488977956e-08 0.00331724959923 0.999283732624 0.999511609313
7.00300601202e-08 0.00333675965548 0.999269220929 0.999513604057
7.06112224449e-08 0.00335624482362 0.999253527357 0.999516343537
7.11923847695e-08 0.00337572999175 0.999237833784 0.999519083016
7.17735470942e-08 0.00339521515989 0.999222140211 0.999521822496
7.23547094188e-08 0.00341470032803 0.999206446638 0.999524561975
7.29358717435e-08 0.00343418549617 0.999190753066 0.999527301455
7.35170340681e-08 0.0034536706643 0.999175059493 0.999530040934
7.40981963928e-08 0.00347315583244 0.99915936592 0.999532780413
7.46793587174e-08 0.00349264100058 0.999143672347 0.999535519893
7.52605210421e-08 0.00351212616871 0.999127978774 0.999538259372
7.58416833667e-08 0.00353145755291 0.999105777952 0.9995463067
7.64228456914e-08 0.00355075083865 0.999081965023 0.999555668996
7.7004008016e-08 0.00357004412438 0.999058152093 0.999565031292
7.75851703407e-08 0.00358933741011 0.999034339164 0.999574393588
7.81663326653e-08 0.00360863069585 0.999010526234 0.999583755883
7.874749499e-08 0.00362792398158 0.998986713305 0.999593118179
7.93286573146e-08 0.00364721726731 0.998962900375 0.999602480475
7.99098196393e-08 0.00366651055304 0.998939087446 0.99961184277
8.04909819639e-08 0.00368580383878 0.998915274516 0.999621205066
8.10721442886e-08 0.00370509712451 0.998891461587 0.999630567362
8.16533066132e-08 0.00372417376192 0.99885914381 0.99964795463
8.22344689379e-08 0.00374311018823 0.99882132184 0.999670535524
8.28156312625e-08 0.00376204661454 0.99878349987 0.999693116418
8.33967935872e-08 0.00378098304085 0.9987456779 0.999715697312
8.39779559118e-08 0.00379991946716 0.99870785593 0.999738278205
8.45591182365e-08 0.00381885589348 0.99867003396 0.999760859099
8.51402805611e-08 0.00383779231979 0.99863221199 0.999783439993
8.57214428858e-08 0.0038567287461 0.99859439002 0.999806020887
8.63026052104e-08 0.00387566517241 0.99855656805 0.999828601781
8.68837675351e-08 0.00389460159872 0.99851874608 0.999851182675
8.74649298597e-08 0.00391342197869 0.998476561755 0.999878198268
8.80460921844e-08 0.00393168708068 0.998413503698 0.999926433757
8.8627254509e-08 0.00394995218266 0.998350445641 0.999974669247
8.92084168337e-08 0.00396821728465 0.998287387585 1.00002290474
8.97895791583e-08 0.00398648238664 0.998224329528 1.00007114022
9.0370741483e-08 0.00400474748863 0.998161271472 1.00011937571
9.09519038076e-08 0.00402301259062 0.998098213415 1.0001676112
9.15330661323e-08 0.00404127769261 0.998035155358 1.00021584669
9.21142284569e-08 0.0040595427946 0.997972097302 1.00026408218
9.26953907816e-08 0.00407780789659 0.997909039245 1.00031231767
9.32765531062e-08 0.00409607299857 0.997845981188 1.00036055316
9.38577154309e-08 0.00411370796552 0.997759750714 1.00043309256
9.44388777555e-08 0.00413069515795 0.997649699154 1.00053061622
9.50200400802e-08 0.00414768235038 0.997539647594 1.00062813988
9.56012024048e-08 0.00416466954281 0.997429596034 1.00072566354
9.61823647295e-08 0.00418165673524 0.997319544474 1.00082318721
9.67635270541e-08 0.00419864392767 0.997209492914 1.00092071087
9.73446893788e-08 0.0042156311201 0.997099441354 1.00101823453
9.79258517034e-08 0.00423261831253 0.996989389794 1.00111575819
9.85070140281e-08 0.00424960550496 0.996879338234 1.00121328185
9.90881763527e-08 0.00426659269739 0.996769286674 1.00131080551
9.96693386774e-08 0.00428357988982 0.996659235113 1.00140832917
1.00250501002e-07 0.00429918317834 0.996498804296 1.00155912451
1.00831663327e-07 0.00431370803559 0.996299114565 1.00175143273
1.01412825651e-07 0.00432823289285 0.996099424833 1.00194374095
1.01993987976e-07 0.0043427577501 0.995899735101 1.00213604917
1.02575150301e-07 0.00435728260736 0.995700045369 1.00232835739
1.03156312625e-07 0.00437180746461 0.995500355638 1.00252066561
1.0373747495e-07 0.00438633232187 0.995300665906 1.00271297383
1.04318637275e-07 0.00440085717912 0.995100976174 1.00290528205
1.04899799599e-07 0.00441538203638 0.994901286442 1.00309759027
1.05480961924e-07 0.00442990689363 0.994701596711 1.00328989849
1.06062124248e-07 0.00444443175089 0.994501906979 1.00348220671
1.06643286573e-07 0.00445716114624 0.994237246194 1.00374323587
1.07224448898e-07 0.00446688197087 0.993863716482 1.00411941743
1.07805611222e-07 0.00447660279551 0.99349018677 1.004495599
1.08386773547e-07 0.00448632362014 0.993116657058 1.00487178057
1.08967935872e-07 0.00449604444477 0.992743127346 1.00524796214
1.09549098196e-07 0.00450576526941 0.992369597635 1.00562414371
1.10130260521e-07 0.00451548609404 0.991996067923 1.00600032528
1.10711422846e-07 0.00452520691868 0.991622538211 1.00637650685
1.1129258517e-07 0.00453492774331 0.991249008499 1.00675268842
1.11873747495e-07 0.00454464856795 0.990875478787 1.00712886999
1.1245490982e-07 0.00455436939258 0.990501949076 1.00750505156
1.13036072144e-07 0.00456409021721 0.990128419364 1.00788123313
1.13617234469e-07 0.0045650569478 0.989440811489 1.00859139738
1.14198396794e-07 0.00456528494901 0.988726699585 1.00932974533
1.14779559118e-07 0.00456551295022 0.988012587681 1.01006809329
1.15360721443e-07 0.00456574095143 0.987298475777 1.01080644125
1.15941883768e-07 0.00456596895264 0.986584363873 1.01154478921
1.16523046092e-07 0.00456619695385 0.985870251969 1.01228313716
1.17104208417e-07 0.00456642495506 0.985156140065 1.01302148512
1.17685370741e-07 0.00456665295628 0.984442028161 1.01375983308
1.18266533066e-07 0.00456688095749 0.983727916257 1.01449818104
1.18847695391e-07 0.0045671089587 0.983013804354 1.01523652899
1.19428857715e-07 0.00456733695991 0.98229969245 1.01597487695
1.2001002004e-07 0.00456374241699 0.981450963011 1.01685999241
1.20591182365e-07 0.00454496724735 0.980067621422 1.0183279717
1.21172344689e-07 0.0045261920777 0.978684279832 1.01979595099
1.21753507014e-07 0.00450741690805 0.977300938242 1.02126393027
1.22334669339e-07 0.0044886417384 0.975917596653 1.02273190956
1.22915831663e-07 0.00446986656875 0.974534255063 1.02419988885
1.23496993988e-07 0.0044510913991 0.973150913473 1.02566786813
1.24078156313e-07 0.00443231622945 0.971767571883 1.02713584742
1.24659318637e-07 0.0044135410598 0.970384230294 1.0286038267
1.25240480962e-07 0.00439476589015 0.969000888704 1.03007180599
1.25821643287e-07 0.00437599072051 0.967617547114 1.03153978528
1.26402805611e-07 0.00435721555086 0.966234205525 1.03300776456
1.26983967936e-07 0.00433056399303 0.9645844727 1.03478650034
1.27565130261e-07 0.00427323916026 0.961897323815 1.03777542524
1.28146292585e-07 0.0042159143275 0.95921017493 1.04076435013
1.2872745491e-07 0.00415858949473 0.956523026046 1.04375327503
1.29308617234e-07 0.00410126466196 0.953835877161 1.04674219992
1.29889779559e-07 0.0040439398292 0.951148728276 1.04973112482
1.30470941884e-07 0.00398661499643 0.948461579392 1.05272004971
1.31052104208e-07 0.00392929016366 0.945774430507 1.05570897461
1.31633266533e-07 0.0038719653309 0.943087281622 1.0586978995
1.32214428858e-07 0.00381464049813 0.940400132737 1.0616868244
1.32795591182e-07 0.00375731566537 0.937712983853 1.06467574929
1.33376753507e-07 0.0036999908326 0.935025834968 1.06766467419
1.33957915832e-07 0.00364266599983 0.932338686083 1.07065359908
1.34539078156e-07 0.00351198522268 0.927373723777 1.07674519751
1.35120240481e-07 0.00337537253673 0.922224566697 1.0830876928
1.35701402806e-07 0.00323875985077 0.917075409618 1.08943018809
1.3628256513e-07 0.00310214716482 0.911926252539 1.09577268338
1.36863727455e-07 0.00296553447887 0.906777095459 1.10211517866
1.3744488978e-07 0.00282892179291 0.90162793838 1.10845767395
1.38026052104e-07 0.00269230910696 0.896478781301 1.11480016924
1.38607214429e-07 0.002555696421 0.891329624222 1.12114266453
1.39188376754e-07 0.00241908373505 0.886180467142 1.12748515982
1.39769539078e-07 0.0022824710491 0.881031310063 1.13382765511
1.40350701403e-07 0.00214585836314 0.875882152984 1.1401701504
1.40931863727e-07 0.00200924567719 0.870732995904 1.14651264569
1.41513026052e-07 0.00181348296458 0.863932354033 1.15557707951
1.42094188377e-07 0.00151123580382 0.854158637477 1.16954166537
1.42675350701e-07 0.00120898864305 0.844384920922 1.18350625122
1.43256513026e-07 0.00090674148229 0.834611204366 1.19747083707
1.43837675351e-07 0.000604494321527 0.824837487811 1.21143542292
1.44418837675e-07 0.000302247160763 0.815063771255 1.22540000878
1.45e-07 0 0.8052900547 1.23936459463
