-1.45e-07 -0.0182242157857 1.04293352078 0.961646516412
-1.44418837675e-07 -0.0182630769299 1.04131967229 0.96313753412
-1.43837675351e-07 -0.0182986381398 1.03974762508 0.964592891726
-1.43256513026e-07 -0.0183300378136 1.03823141632 0.966000946183
-1.42675350701e-07 -0.0183581005919 1.03676211381 0.967368494304
-1.42094188377e-07 -0.0183833593402 1.03533330931 0.968700677516
-1.41513026052e-07 -0.0184059856147 1.0339432137 0.969998813737
-1.40931863727e-07 -0.0184246421269 1.03261372209 0.971242834816
-1.40350701403e-07 -0.0184408282376 1.03132336087 0.972451399477
-1.39769539078e-07 -0.0184548375735 1.03006785507 0.973628244758
-1.39188376754e-07 -0.0184657018242 1.0288639092 0.974757738108
-1.38607214429e-07 -0.0184739986531 1.02770342997 0.975846815632
-1.38026052104e-07 -0.0184805359262 1.02657307848 0.976907759493
-1.3744488978e-07 -0.0184841977421 1.0254929031 0.977921516591
-1.36863727455e-07 -0.0184857156507 1.02445121988 0.97889869686
-1.3628256513e-07 -0.018485843301 1.02343457546 0.979852057752
-1.35701402806e-07 -0.0184829060729 1.0224744614 0.98075119012
-1.35120240481e-07 -0.0184786603812 1.02153910621 0.981626367064
-1.34539078156e-07 -0.0184726516996 1.02063711048 0.982469267096
-1.33957915832e-07 -0.0184644107719 1.01977839354 0.983269968476
-1.33376753507e-07 -0.0184553051742 1.01893652159 0.984054221647
-1.32795591182e-07 -0.0184436084623 1.0181460664 0.984787996257
-1.32214428858e-07 -0.018431064529 1.01737280113 0.985504792917
-1.31633266533e-07 -0.0184167491128 1.01663547884 0.986186089823
-1.31052104208e-07 -0.018401094446 1.01592591665 0.986839827389
-1.30470941884e-07 -0.0183843082472 1.01523980893 0.987470280089
-1.29889779559e-07 -0.0183658511101 1.01458905768 0.988065481384
-1.29308617234e-07 -0.0183467397159 1.01395215027 0.988646879967
-1.2872745491e-07 -0.0183257682457 1.01335539403 0.989188110567
-1.28146292585e-07 -0.0183044744418 1.01276559562 0.989722380432
-1.27565130261e-07 -0.0182812561198 1.01221815158 0.990214172986
-1.26983967936e-07 -0.0182579194514 1.01167331208 0.990703353435
-1.26402805611e-07 -0.0182327008297 1.01117067927 0.991150139829
-1.25821643287e-07 -0.0182074571946 1.01066860744 0.991596362756
-1.25240480962e-07 -0.0181804638707 1.01020650748 0.992002414816
-1.24659318637e-07 -0.0181534451462 1.0097449878 0.992407883704
-1.24078156313e-07 -0.0181248819779 1.00931939734 0.992777262909
-1.23496993988e-07 -0.0180962156845 1.00889620592 0.993144232344
-1.22915831663e-07 -0.018066267228 1.00850338127 0.993480748843
-1.22334669339e-07 -0.0180360762319 1.00811630091 0.993811504733
-1.21753507014e-07 -0.0180049073865 1.00775279492 0.994118685707
-1.21172344689e-07 -0.0179733096424 1.00739962897 0.994415526386
-1.20591182365e-07 -0.0179410664816 1.00706230071 0.994696593642
-1.2001002004e-07 -0.0179081748164 1.00674088592 0.994961812014
-1.19428857715e-07 -0.0178749855807 1.00642690362 0.995219668472
-1.18847695391e-07 -0.0178409075199 1.00613512172 0.995455535343
-1.18266533066e-07 -0.0178068294592 1.00584333982 0.995691402214
-1.17685370741e-07 -0.0177717213818 1.00557774763 0.995901508629
-1.17104208417e-07 -0.0177365590173 1.00531353577 0.996110257337
-1.16523046092e-07 -0.0177008090429 1.00506453668 0.996304171306
-1.15941883768e-07 -0.0176646589431 1.00482589653 0.996487983749
-1.15360721443e-07 -0.0176283434284 1.00459161813 0.996667587068
-1.14779559118e-07 -0.0175912965887 1.00437662374 0.9968285812
-1.14198396794e-07 -0.0175542497491 1.00416162935 0.996989575333
-1.13617234469e-07 -0.0175166209461 1.00396227119 0.997135667385
-1.13036072144e-07 -0.0174787627801 1.00376907559 0.997275886238
-1.1245490982e-07 -0.0174407641141 1.00357972852 0.997412490799
-1.11873747495e-07 -0.0174021744815 1.00340656902 0.99753389304
-1.1129258517e-07 -0.017363584849 1.00323340953 0.997655295282
-1.10711422846e-07 -0.0173245960702 1.00307140373 0.997766401294
-1.10130260521e-07 -0.0172853493419 1.00291660605 0.99787085334
-1.09549098196e-07 -0.0172461026137 1.00276180836 0.997975305385
-1.08967935872e-07 -0.0172062901293 1.00262315155 0.998065152259
-1.08386773547e-07 -0.0171664552854 1.00248513264 0.998154421916
-1.07805611222e-07 -0.017126487102 1.00235100125 0.998240254313
-1.07224448898e-07 -0.0170861278603 1.00222827114 0.998316005915
-1.06643286573e-07 -0.0170457686187 1.00210554103 0.998391757518
-1.06062124248e-07 -0.0170051844738 1.0019895189 0.998461733966
-1.05480961924e-07 -0.0169643594468 1.00188068132 0.998525524948
-1.04899799599e-07 -0.0169235344198 1.00177184375 0.99858931593
-1.04318637275e-07 -0.0168824430922 1.00167114174 0.998646313876
-1.0373747495e-07 -0.0168412059682 1.00157489386 0.998699592713
-1.03156312625e-07 -0.0167999688442 1.00147864599 0.998752871551
-1.02575150301e-07 -0.0167584619792 1.00139085072 0.998799336195
-1.01993987976e-07 -0.0167168617245 1.00130598192 0.998843441627
-1.01412825651e-07 -0.0166752614697 1.00122111312 0.998887547059
-1.00831663327e-07 -0.0166334154876 1.0011441549 0.998925526774
-1.00250501002e-07 -0.0165914965668 1.00106954476 0.99896168821
-9.96693386774e-08 -0.0165495776461 1.00099493462 0.998997849645
-9.90881763527e-08 -0.0165074555886 1.00092705443 0.999029034267
-9.85070140281e-08 -0.0164652581992 1.00086167001 0.999058373269
-9.79258517034e-08 -0.0164230608098 1.00079628559 0.999087712272
-9.73446893788e-08 -0.0163807141022 1.000736002 0.999113473047
-9.67635270541e-08 -0.0163382744195 1.0006788945 0.999137005785
-9.61823647295e-08 -0.0162958347368 1.00062178701 0.999160538524
-9.56012024048e-08 -0.0162533048433 1.00056786371 0.999181968573
-9.50200400802e-08 -0.0162106552731 1.00051816468 0.999200609123
-9.44388777555e-08 -0.016168005703 1.00046846565 0.999219249673
-9.38577154309e-08 -0.0161253256607 1.0004198805 0.999237203959
-9.32765531062e-08 -0.0160824950966 1.00037679754 0.999251768338
-9.26953907816e-08 -0.0160396645325 1.00033371459 0.999266332716
-9.21142284569e-08 -0.0159968339683 1.00029063164 0.999280897094
-9.15330661323e-08 -0.0159538744331 1.00025244279 0.999292677441
-9.09519038076e-08 -0.0159108885139 1.00021525515 0.999303888249
-9.0370741483e-08 -0.0158679025946 1.0001780675 0.999315099057
-8.97895791583e-08 -0.0158248618075 1.0001430468 0.999325185656
-8.92084168337e-08 -0.0157817431738 1.00011110057 0.999333677226
-8.8627254509e-08 -0.01573862454 1.00007915433 0.999342168796
-8.80460921844e-08 -0.0156955059063 1.0000472081 0.999350660365
-8.74649298597e-08 -0.0156522838969 1.00001952225 0.999357165748
-8.68837675351e-08 -0.0156090524429 0.999992225643 0.99936348967
-8.63026052104e-08 -0.015565820989 0.999964929034 0.999369813592
-8.57214428858e-08 -0.01552255739 0.999939018628 0.999375567223
-8.51402805611e-08 -0.0154792305092 0.999915837157 0.999380198155
-8.45591182365e-08 -0.0154359036283 0.999892655686 0.999384829086
-8.39779559118e-08 -0.0153925767474 0.999869474215 0.999389460018
-8.33967935872e-08 -0.0153491958102 0.999848738611 0.999393223014
-8.28156312625e-08 -0.0153057886312 0.999829190367 0.999396564666
-8.22344689379e-08 -0.0152623814521 0.999809642122 0.999399906318
-8.16533066132e-08 -0.0152189742731 0.999790093877 0.99940324797
-8.10721442886e-08 -0.0151755050397 0.999773499628 0.999405712056
-8.04909819639e-08 -0.0151320306531 0.999757150686 0.999408103266
-7.99098196393e-08 -0.0150885562666 0.999740801745 0.999410494476
-7.93286573146e-08 -0.015045077113 0.999724692175 0.999412828556
-7.874749499e-08 -0.0150015467857 0.999711152213 0.999414549362
-7.81663326653e-08 -0.0149580164584 0.99969761225 0.999416270168
-7.75851703407e-08 -0.0149144861312 0.999684072288 0.999417990975
-7.7004008016e-08 -0.014870948545 0.999670917743 0.999419642296
-7.64228456914e-08 -0.0148273719217 0.999659835894 0.999420919939
-7.58416833667e-08 -0.0147837952985 0.999648754046 0.999422197582
-7.52605210421e-08 -0.0147402186752 0.999637672197 0.999423475225
-7.46793587174e-08 -0.0146966368749 0.999626881629 0.999424717137
-7.40981963928e-08 -0.0146530221662 0.999617942628 0.999425731921
-7.35170340681e-08 -0.0146094074574 0.999609003627 0.999426746705
-7.29358717435e-08 -0.0145657927487 0.999600064625 0.999427761489
-7.23547094188e-08 -0.0145221774031 0.999591163661 0.99942877374
-7.17735470942e-08 -0.014478531559 0.999584084289 0.999429664694
-7.11923847695e-08 -0.0144348857149 0.999577004917 0.999430555648
-7.06112224449e-08 -0.0143912398708 0.999569925545 0.999431446602
-7.00300601202e-08 -0.0143475940267 0.999562846173 0.999432337556
-6.94488977956e-08 -0.0143039277481 0.999557064044 0.999433211814
-6.88677354709e-08 -0.014260256618 0.999551589903 0.999434082108
-6.82865731463e-08 -0.0142165854879 0.999546115762 0.999434952402
-6.77054108216e-08 -0.0141729143578 0.999540641621 0.999435822696
-6.7124248497e-08 -0.014129233099 0.999535851307 0.999436718706
-6.65430861723e-08 -0.0140855415767 0.999531753917 0.999437640776
-6.59619238477e-08 -0.0140418500543 0.999527656527 0.999438562845
-6.5380761523e-08 -0.013998158532 0.999523559136 0.999439484915
-6.47995991984e-08 -0.0139544656418 0.999519559932 0.99944041522
-6.42184368737e-08 -0.0139107577966 0.999516634151 0.999441435572
-6.36372745491e-08 -0.0138670499515 0.99951370837 0.999442455924
-6.30561122244e-08 -0.0138233421063 0.999510782589 0.999443476276
-6.24749498998e-08 -0.0137796342612 0.999507856807 0.999444496629
-6.18937875752e-08 -0.0137359190667 0.99950549103 0.99944558691
-6.13126252505e-08 -0.0136921982615 0.999503552783 0.99944673058
-6.07314629259e-08 -0.0136484774563 0.999501614535 0.999447874249
-6.01503006012e-08 -0.013604756651 0.999499676288 0.999449017918
-5.95691382766e-08 -0.0135610358458 0.99949773804 0.999450161588
-5.89879759519e-08 -0.0135173054116 0.999496576319 0.999451428902
-5.84068136273e-08 -0.0134735744069 0.999495460612 0.999452703543
-5.78256513026e-08 -0.0134298434021 0.999494344905 0.999453978183
-5.7244488978e-08 -0.0133861123974 0.999493229198 0.999455252824
-5.66633266533e-08 -0.0133423797055 0.999492256747 0.999456553988
-5.60821643287e-08 -0.0132986407521 0.999491815948 0.999457953585
-5.5501002004e-08 -0.0132549017987 0.999491375148 0.999459353182
-5.49198396794e-08 -0.0132111628454 0.999490934349 0.999460752778
-5.43386773547e-08 -0.013167423892 0.99949049355 0.999462152375
-5.37575150301e-08 -0.0131236826772 0.999490253233 0.999463592056
-5.31763527054e-08 -0.0130799375973 0.999490355575 0.999465100248
-5.25951903808e-08 -0.0130361925173 0.999490457918 0.99946660844
-5.20140280561e-08 -0.0129924474373 0.99949056026 0.999468116632
-5.14328657315e-08 -0.0129487023574 0.999490662602 0.999469624824
-5.08517034068e-08 -0.0129049553563 0.999490940438 0.999471167965
-5.02705410822e-08 -0.0128612056134 0.999491468727 0.999472760984
-4.96893787575e-08 -0.0128174558705 0.999491997016 0.999474354002
-4.91082164329e-08 -0.0127737061277 0.999492525305 0.99947594702
-4.85270541082e-08 -0.0127299563848 0.999493053593 0.999477540039
-4.79458917836e-08 -0.0126862054591 0.999493690865 0.999479152067
-4.73647294589e-08 -0.0126424522192 0.999494541342 0.999480801286
-4.67835671343e-08 -0.0125986989794 0.999495391819 0.999482450504
-4.62024048096e-08 -0.0125549457396 0.999496242296 0.999484099722
-4.5621242485e-08 -0.0125111924997 0.999497092773 0.99948574894
-4.50400801603e-08 -0.012467438886 0.999497976751 0.99948740177
-4.44589178357e-08 -0.0124236830694 0.999499058085 0.999489075873
-4.3877755511e-08 -0.0123799272528 0.99950013942 0.999490749977
-4.32965931864e-08 -0.0123361714363 0.999501220754 0.99949242408
-4.27154308617e-08 -0.0122924156197 0.999502302088 0.999494098184
-4.21342685371e-08 -0.0122486598031 0.999503383422 0.999495772287
-4.15531062124e-08 -0.0122049024449 0.999504590082 0.999497440321
-4.09719438878e-08 -0.0121611447705 0.999505822452 0.99949910711
-4.03907815631e-08 -0.012117387096 0.999507054823 0.9995007739
-3.98096192385e-08 -0.0120736294215 0.999508287193 0.999502440689
-3.92284569138e-08 -0.0120298717471 0.999509519563 0.999504107478
-3.86472945892e-08 -0.0119861135652 0.999510783809 0.999505759102
-3.80661322645e-08 -0.0119423545876 0.999512098047 0.999507386941
-3.74849699399e-08 -0.0118985956099 0.999513412285 0.99950901478
-3.69038076152e-08 -0.0118548366323 0.999514726523 0.999510642619
-3.63226452906e-08 -0.0118110776546 0.999516040761 0.999512270459
-3.57414829659e-08 -0.011767318677 0.999517355 0.999513898298
-3.51603206413e-08 -0.0117235589759 0.999518687732 0.999515469571
-3.45791583166e-08 -0.0116797991169 0.999520024499 0.999517028503
-3.3997995992e-08 -0.0116360392579 0.999521361267 0.999518587436
-3.34168336673e-08 -0.011592279399 0.999522698034 0.999520146368
-3.28356713427e-08 -0.01154851954 0.999524034801 0.999521705301
-3.2254509018e-08 -0.0115047596123 0.999525368193 0.999523252528
-3.16733466934e-08 -0.0114609991872 0.999526677169 0.99952471508
-3.10921843687e-08 -0.0114172387621 0.999527986144 0.999526177631
-3.05110220441e-08 -0.011373478337 0.999529295119 0.999527640183
-2.99298597194e-08 -0.0113297179119 0.999530604095 0.999529102734
-2.93486973948e-08 -0.0112859574868 0.99953191307 0.999530565285
-2.87675350701e-08 -0.0112421969649 0.99953320192 0.999531993048
-2.81863727455e-08 -0.0111984362036 0.999534440982 0.999533334746
-2.76052104208e-08 -0.0111546754422 0.999535680045 0.999534676444
-2.70240480962e-08 -0.0111109146809 0.999536919107 0.999536018142
-2.64428857715e-08 -0.0110671539196 0.999538158169 0.99953735984
-2.58617234469e-08 -0.0110233931583 0.999539397231 0.999538701538
-2.52805611222e-08 -0.0109796323418 0.999540603115 0.999539998204
-2.46993987976e-08 -0.0109358714066 0.999541737516 0.999541197849
-2.41182364729e-08 -0.0108921104715 0.999542871917 0.999542397494
-2.35370741483e-08 -0.0108483495363 0.999544006317 0.999543597139
-2.29559118236e-08 -0.0108045886011 0.999545140718 0.999544796785
-2.2374749499e-08 -0.0107608276659 0.999546275119 0.99954599643
-2.17935871743e-08 -0.0107170667175 0.999547382192 0.999547163186
-2.12124248497e-08 -0.0106733057178 0.999548383713 0.999548202909
-2.0631262525e-08 -0.010629544718 0.999549385234 0.999549242632
-2.00501002004e-08 -0.0105857837183 0.999550386755 0.999550282355
-1.94689378758e-08 -0.0105420227186 0.999551388276 0.999551322078
-1.88877755511e-08 -0.0104982617189 0.999552389798 0.999552361801
-1.83066132265e-08 -0.0104545007192 0.999553391319 0.999553401524
-1.77254509018e-08 -0.0104107397228 0.999554245123 0.999554275322
-1.71442885772e-08 -0.0103669787266 0.999555091233 0.999555140479
-1.65631262525e-08 -0.0103232177304 0.999555937344 0.999556005635
-1.59819639279e-08 -0.0102794567343 0.999556783455 0.999556870791
-1.54008016032e-08 -0.0102356957381 0.999557629566 0.999557735947
-1.48196392786e-08 -0.0101919347419 0.999558475676 0.999558601104
-1.42384769539e-08 -0.0101481737676 0.999559226915 0.999559364192
-1.36573146293e-08 -0.0101044128114 0.999559899948 0.999560043142
-1.30761523046e-08 -0.0100606518551 0.999560572981 0.999560722092
-1.249498998e-08 -0.0100168908989 0.999561246013 0.999561401042
-1.19138276553e-08 -0.00997312994262 0.999561919046 0.999562079992
-1.13326653307e-08 -0.00992936898636 0.999562592079 0.999562758942
-1.0751503006e-08 -0.00988560803011 0.999563265111 0.999563437893
-1.01703406814e-08 -0.00984184712631 0.999563752392 0.999563922689
-9.58917835671e-09 -0.00979808622277 0.999564238767 0.999564406537
-9.00801603206e-09 -0.00975432531923 0.999564725141 0.999564890386
-8.42685370741e-09 -0.00971056441569 0.999565211515 0.999565374234
-7.84569138277e-09 -0.00966680351215 0.99956569789 0.999565858083
-7.26452905812e-09 -0.0096230426086 0.999566184264 0.999566341931
-6.68336673347e-09 -0.00957928171907 0.999566613963 0.999566767764
-6.10220440882e-09 -0.00953552086418 0.999566903506 0.999567050127
-5.52104208417e-09 -0.00949176000929 0.99956719305 0.999567332491
-4.93987975952e-09 -0.0094479991544 0.999567482594 0.999567614854
-4.35871743487e-09 -0.00940423829952 0.999567772137 0.999567897217
-3.77755511022e-09 -0.00936047744463 0.999568061681 0.99956817958
-3.19639278557e-09 -0.00931671658974 0.999568351224 0.999568461943
-2.61523046092e-09 -0.00927295574925 0.999568554442 0.999568657416
-2.03406813627e-09 -0.00922919492842 0.999568639861 0.99956873432
-1.45290581162e-09 -0.00918543410758 0.999568725281 0.999568811225
-8.71743486974e-10 -0.00914167328674 0.999568810701 0.99956888813
-2.90581162324e-10 -0.00909791246591 0.99956889612 0.999568965034
2.90581162325e-10 -0.00905415164507 0.99956898154 0.999569041939
8.71743486974e-10 -0.00901039082424 0.999569066959 0.999569118844
1.45290581162e-09 -0.00896663000946 0.999569069607 0.999569113754
2.03406813627e-09 -0.00892286920391 0.999568946184 0.999568983779
2.61523046092e-09 -0.00887910839836 0.999568822761 0.999568853804
3.19639278557e-09 -0.00883534759281 0.999568699339 0.999568723829
3.77755511022e-09 -0.00879158678726 0.999568575916 0.999568593854
4.35871743487e-09 -0.00874782598172 0.999568452493 0.999568463879
4.93987975952e-09 -0.00870406517617 0.99956832907 0.999568333904
5.52104208417e-09 -0.00866030437059 0.999568162517 0.999568161978
6.10220440882e-09 -0.00861654356491 0.99956782811 0.999567826785
6.68336673347e-09 -0.00857278275924 0.999567493703 0.999567491593
7.26452905812e-09 -0.00852902195356 0.999567159297 0.9995671564
7.84569138277e-09 -0.00848526114789 0.99956682489 0.999566821208
8.42685370742e-09 -0.00844150034221 0.999566490483 0.999566486015
9.00801603206e-09 -0.00839773953653 0.999566156076 0.999566150823
9.58917835671e-09 -0.00835397873086 0.999565821669 0.99956581563
1.01703406814e-08 -0.0083102179234 0.999565310046 0.999565312312
1.0751503006e-08 -0.00826645711562 0.999564765488 0.999564777748
1.13326653307e-08 -0.00822269630783 0.999564220929 0.999564243183
1.19138276553e-08 -0.00817893550004 0.99956367637 0.999563708619
1.249498998e-08 -0.00813517469226 0.999563131812 0.999563174055
1.30761523046e-08 -0.00809141388447 0.999562587253 0.99956263949
1.36573146293e-08 -0.00804765307668 0.999562042695 0.999562104926
1.42384769539e-08 -0.00800389227639 0.999561434667 0.999561512457
1.48196392786e-08 -0.00796013149284 0.999560684648 0.999560790447
1.54008016032e-08 -0.0079163707093 0.999559934629 0.999560068437
1.59819639279e-08 -0.00787260992576 0.99955918461 0.999559346428
1.65631262525e-08 -0.00782884914222 0.999558434591 0.999558624418
1.71442885772e-08 -0.00778508835867 0.999557684572 0.999557902408
1.77254509018e-08 -0.00774132757513 0.999556934554 0.999557180398
1.83066132265e-08 -0.00769756679159 0.999556184535 0.999556458389
1.88877755511e-08 -0.00765380606917 0.999555317768 0.999555636965
1.94689378758e-08 -0.00761004538796 0.999554372277 0.999554748506
2.00501002004e-08 -0.00756628470676 0.999553426786 0.999553860048
2.06312625251e-08 -0.00752252402555 0.999552481295 0.999552971589
2.12124248497e-08 -0.00747876334434 0.999551535804 0.99955208313
2.17935871743e-08 -0.00743500266314 0.999550590313 0.999551194672
2.2374749499e-08 -0.00739124198193 0.999549644822 0.999550306213
2.29559118236e-08 -0.00734748130072 0.999548699331 0.999549417754
2.35370741483e-08 -0.00730372080972 0.999547628374 0.999548436407
2.41182364729e-08 -0.00725996039863 0.999546504701 0.999547416032
2.46993987976e-08 -0.00721619998754 0.999545381028 0.999546395657
2.52805611222e-08 -0.00717243957645 0.999544257354 0.999545375283
2.58617234469e-08 -0.00712867916536 0.999543133681 0.999544354908
2.64428857715e-08 -0.00708491875427 0.999542010008 0.999543334533
2.70240480962e-08 -0.00704115834318 0.999540886335 0.999542314158
2.76052104208e-08 -0.00699739793209 0.999539762661 0.999541293783
2.81863727455e-08 -0.00695363789009 0.999538544486 0.999540225021
2.87675350701e-08 -0.00690987806925 0.99953726968 0.999539127263
2.93486973948e-08 -0.00686611824842 0.999535994875 0.999538029505
2.99298597194e-08 -0.00682235842758 0.999534720069 0.999536931747
3.05110220441e-08 -0.00677859860675 0.999533445264 0.999535833989
3.10921843687e-08 -0.00673483878591 0.999532170459 0.999534736231
3.16733466934e-08 -0.00669107896508 0.999530895653 0.999533638473
3.2254509018e-08 -0.00664731914424 0.999529620848 0.999532540715
3.28356713427e-08 -0.00660355973946 0.999528306218 0.999531445216
3.34168336673e-08 -0.00655980108619 0.999526919655 0.999530353796
3.3997995992e-08 -0.00651604243292 0.999525533091 0.999529262376
3.45791583166e-08 -0.00647228377964 0.999524146528 0.999528170956
3.51603206413e-08 -0.00642852512637 0.999522759964 0.999527079537
3.57414829659e-08 -0.00638476647309 0.9995213734 0.999525988117
3.63226452906e-08 -0.00634100781982 0.999519986837 0.999524896697
3.69038076152e-08 -0.00629724916655 0.999518600273 0.999523805277
3.74849699399e-08 -0.00625349051327 0.99951721371 0.999522713857
3.80661322645e-08 -0.00620973380543 0.999515775189 0.999521740488
3.86472945892e-08 -0.00616597733115 0.999514330431 0.99952078129
3.92284569138e-08 -0.00612222085687 0.999512885673 0.999519822093
3.98096192385e-08 -0.00607846438258 0.999511440915 0.999518862896
4.03907815631e-08 -0.0060347079083 0.999509996157 0.999517903699
4.09719438878e-08 -0.00599095143402 0.999508551399 0.999516944502
4.15531062124e-08 -0.00594719495973 0.999507106641 0.999515985304
4.21342685371e-08 -0.00590343848545 0.999505661883 0.999515026107
4.27154308617e-08 -0.00585968291468 0.999504219222 0.99951414024
4.32965931864e-08 -0.00581593036651 0.999502783579 0.999513499694
4.3877755511e-08 -0.00577217781834 0.999501347936 0.999512859147
4.44589178357e-08 -0.00572842527017 0.999499912294 0.999512218601
4.50400801603e-08 -0.005684672722 0.999498476651 0.999511578054
4.5621242485e-08 -0.00564092017383 0.999497041008 0.999510937508
4.62024048096e-08 -0.00559716762566 0.999495605365 0.999510296961
4.67835671343e-08 -0.00555341507749 0.999494169722 0.999509656415
4.73647294589e-08 -0.00550966252932 0.999492734079 0.999509015868
4.79458917836e-08 -0.00546591250005 0.99949132911 0.999508590576
4.85270541082e-08 -0.00542216687953 0.999489977827 0.999508542038
4.91082164329e-08 -0.005378421259 0.999488626544 0.9995084935
4.96893787575e-08 -0.00533467563848 0.999487275261 0.999508444961
5.02705410822e-08 -0.00529093001795 0.999485923978 0.999508396423
5.08517034068e-08 -0.00524718439743 0.999484572696 0.999508347884
5.14328657315e-08 -0.0052034387769 0.999483221413 0.999508299346
5.20140280561e-08 -0.00515969315638 0.99948187013 0.999508250808
5.25951903808e-08 -0.00511594753585 0.999480518847 0.999508202269
5.31763527054e-08 -0.00507220540083 0.999479211048 0.999508439577
5.37575150301e-08 -0.00502847186449 0.999478010523 0.999509382063
5.43386773547e-08 -0.00498473832815 0.999476809997 0.999510324549
5.49198396794e-08 -0.0049410047918 0.999475609471 0.999511267034
5.5501002004e-08 -0.00489727125546 0.999474408946 0.99951220952
5.60821643287e-08 -0.00485353771912 0.99947320842 0.999513152006
5.66633266533e-08 -0.00480980418278 0.999472007894 0.999514094492
5.7244488978e-08 -0.00476607064643 0.999470807369 0.999515036978
5.78256513026e-08 -0.00472233711009 0.999469606843 0.999515979464
5.84068136273e-08 -0.00467860357375 0.999468406317 0.999516921949
5.89879759519e-08 -0.00463489100556 0.99946737623 0.999519438264
5.95691382766e-08 -0.00459117844322 0.999466346191 0.999521955016
6.01503006012e-08 -0.00454746588088 0.999465316151 0.999524471769
6.07314629259e-08 -0.00450375331853 0.999464286111 0.999526988522
6.13126252505e-08 -0.00446004075619 0.999463256072 0.999529505274
6.18937875752e-08 -0.00441632819385 0.999462226032 0.999532022027
6.24749498998e-08 -0.0043726156315 0.999461195993 0.99953453878
6.30561122244e-08 -0.00432890306916 0.999460165953 0.999537055532
6.36372745491e-08 -0.00428519050681 0.999459135913 0.999539572285
6.42184368737e-08 -0.00424149586328 0.999458138791 0.999543287319
6.47995991984e-08 -0.00419781968912 0.999457175598 0.999548237452
6.5380761523e-08 -0.00415414351496 0.999456212406 0.999553187585
6.59619238477e-08 -0.00411046734079 0.999455249213 0.999558137718
6.65430861723e-08 -0.00406679116663 0.99945428602 0.99956308785
6.7124248497e-08 -0.00402311499247 0.999453322827 0.999568037983
6.77054108216e-08 -0.00397943881831 0.999452359634 0.999572988116
6.82865731463e-08 -0.00393576264415 0.999451396442 0.999577938249
6.88677354709e-08 -0.00389208646999 0.999450433249 0.999582888382
6.94488977956e-08 -0.00384841029583 0.999449470056 0.999587838515
7.00300601202e-08 -0.0038047823242 0.999448273029 0.999595618739
7.06112224449e-08 -0.00376116945514 0.999447002737 0.999604285671
7.11923847695e-08 -0.00371755658609 0.999445732446 0.999612952604
7.17735470942e-08 -0.00367394371703 0.999444462155 0.999621619537
7.23547094188e-08 -0.00363033084797 0.999443191864 0.99963028647
7.29358717435e-08 -0.00358671797892 0.999441921573 0.999638953403
7.35170340681e-08 -0.00354310510986 0.999440651281 0.999647620335
7.40981963928e-08 -0.0034994922408 0.99943938099 0.999656287268
7.46793587174e-08 -0.00345587937175 0.999438110699 0.999664954201
7.52605210421e-08 -0.00341226650269 0.999436840408 0.999673621134
7.58416833667e-08 -0.00336874233357 0.999434589755 0.999686834236
7.64228456914e-08 -0.00332524013899 0.999432096227 0.999701173608
7.7004008016e-08 -0.00328173794441 0.9994296027 0.999715512979
7.75851703407e-08 -0.00323823574983 0.999427109172 0.999729852351
7.81663326653e-08 -0.00319473355525 0.999424615644 0.999744191723
7.874749499e-08 -0.00315123136067 0.999422122117 0.999758531094
7.93286573146e-08 -0.00310772916608 0.999419628589 0.999772870466
7.99098196393e-08 -0.0030642269715 0.999417135062 0.999787209837
8.04909819639e-08 -0.00302072477692 0.999414641534 0.999801549209
8.10721442886e-08 -0.00297722258234 0.999412148006 0.99981588858
8.16533066132e-08 -0.00293383858719 0.999407728161 0.999835524486
8.22344689379e-08 -0.00289053108868 0.999402061635 0.999858588217
8.28156312625e-08 -0.00284722359018 0.99939639511 0.999881651948
8.33967935872e-08 -0.00280391609167 0.999390728584 0.999904715679
8.39779559118e-08 -0.00276060859317 0.999385062059 0.999927779411
8.45591182365e-08 -0.00271730109466 0.999379395533 0.999950843142
8.51402805611e-08 -0.00267399359615 0.999373729008 0.999973906873
8.57214428858e-08 -0.00263068609765 0.999368062483 0.999996970605
8.63026052104e-08 -0.00258737859914 0.999362395957 1.00002003434
8.68837675351e-08 -0.00254407110064 0.999356729432 1.00004309807
8.74649298597e-08 -0.00250082321469 0.999349847917 1.00006851429
8.80460921844e-08 -0.00245786057287 0.999337152717 1.00010518714
8.8627254509e-08 -0.00241489793106 0.999324457518 1.00014185999
8.92084168337e-08 -0.00237193528925 0.999311762319 1.00017853283
8.97895791583e-08 -0.00232897264743 0.99929906712 1.00021520568
9.0370741483e-08 -0.00228601000562 0.99928637192 1.00025187852
9.09519038076e-08 -0.0022430473638 0.999273676721 1.00028855137
9.15330661323e-08 -0.00220008472199 0.999260981522 1.00032522422
9.21142284569e-08 -0.00215712208018 0.999248286323 1.00036189706
9.26953907816e-08 -0.00211415943836 0.999235591123 1.00039856991
9.32765531062e-08 -0.00207119679655 0.999222895924 1.00043524275
9.38577154309e-08 -0.00202853742785 0.999203143588 1.0004825732
9.44388777555e-08 -0.00198618982183 0.999176136565 1.00054085958
9.50200400802e-08 -0.00194384221582 0.999149129541 1.00059914596
9.56012024048e-08 -0.00190149460981 0.999122122518 1.00065743234
9.61823647295e-08 -0.00185914700379 0.999095115494 1.00071571872
9.67635270541e-08 -0.00181679939778 0.99906810847 1.0007740051
9.73446893788e-08 -0.00177445179176 0.999041101447 1.00083229148
9.79258517034e-08 -0.00173210418575 0.999014094423 1.00089057786
9.85070140281e-08 -0.00168975657974 0.9989870874 1.00094886425
9.90881763527e-08 -0.00164740897372 0.998960080376 1.00100715063
9.96693386774e-08 -0.00160506136771 0.998933073353 1.00106543701
1.00250501002e-07 -0.0015633341501 0.998890543266 1.00114338075
1.00831663327e-07 -0.00152209038097 0.998835916563 1.00123664283
1.01412825651e-07 -0.00148084661183 0.99878128986 1.00132990491
1.01993987976e-07 -0.0014396028427 0.998726663157 1.00142316699
1.02575150301e-07 -0.00139835907357 0.998672036453 1.00151642907
1.03156312625e-07 -0.00135711530444 0.99861740975 1.00160969115
1.0373747495e-07 -0.00131587153531 0.998562783047 1.00170295323
1.04318637275e-07 -0.00127462776617 0.998508156344 1.00179621531
1.04899799599e-07 -0.00123338399704 0.99845352964 1.00188947738
1.05480961924e-07 -0.00119214022791 0.998398902937 1.00198273946
1.06062124248e-07 -0.00115089645878 0.998344276234 1.00207600154
1.06643286573e-07 -0.00111039695749 0.998270498874 1.0021907617
1.07224448898e-07 -0.00107114459069 0.998164631662 1.00234154518
1.07805611222e-07 -0.00103189222388 0.99805876445 1.00249232866
1.08386773547e-07 -0.000992639857073 0.997952897239 1.00264311214
1.08967935872e-07 -0.000953387490266 0.997847030027 1.00279389561
1.09549098196e-07 -0.000914135123459 0.997741162815 1.00294467909
1.10130260521e-07 -0.000874882756652 0.997635295604 1.00309546257
1.10711422846e-07 -0.000835630389846 0.997529428392 1.00324624604
1.1129258517e-07 -0.000796378023039 0.99742356118 1.00339702952
1.11873747495e-07 -0.000757125656232 0.997317693969 1.003547813
1.1245490982e-07 -0.000717873289425 0.997211826757 1.00369859648
1.13036072144e-07 -0.000678620922618 0.997105959545 1.00384937995
1.13617234469e-07 -0.000642692729546 0.99691539373 1.00408828374
1.14198396794e-07 -0.000607045052626 0.996717680476 1.00433462372
1.14779559118e-07 -0.000571397375706 0.996519967223 1.00458096369
1.15360721443e-07 -0.000535749698786 0.996322253969 1.00482730366
1.15941883768e-07 -0.000500102021866 0.996124540715 1.00507364364
1.16523046092e-07 -0.000464454344946 0.995926827461 1.00531998361
1.17104208417e-07 -0.000428806668026 0.995729114208 1.00556632359
1.17685370741e-07 -0.000393158991106 0.995531400954 1.00581266356
1.18266533066e-07 -0.000357511314186 0.9953336877 1.00605900353
1.18847695391e-07 -0.000321863637266 0.995135974447 1.00630534351
1.19428857715e-07 -0.000286215960346 0.994938261193 1.00655168348
1.2001002004e-07 -0.000251881565036 0.994708644147 1.0068299545
1.20591182365e-07 -0.000222762659012 0.994352326259 1.00723503457
1.21172344689e-07 -0.000193643752987 0.993996008371 1.00764011464
1.21753507014e-07 -0.000164524846962 0.993639690483 1.00804519471
1.22334669339e-07 -0.000135405940938 0.993283372595 1.00845027478
1.22915831663e-07 -0.000106287034913 0.992927054707 1.00885535485
1.23496993988e-07 -7.71681288886e-05 0.992570736819 1.00926043492
1.24078156313e-07 -4.8049222864e-05 0.992214418931 1.00966551499
1.24659318637e-07 -1.89303168394e-05 0.991858101042 1.01007059507
1.25240480962e-07 1.01885891853e-05 0.991501783154 1.01047567514
1.25821643287e-07 3.93074952099e-05 0.991145465266 1.01088075521
1.26402805611e-07 6.84264012345e-05 0.990789147378 1.01128583528
1.26983967936e-07 9.51379190658e-05 0.990379634766 1.01174394125
1.27565130261e-07 0.000112474266673 0.98976296421 1.01240854773
1.28146292585e-07 0.000129810614281 0.989146293654 1.0130731542
1.2872745491e-07 0.000147146961889 0.988529623098 1.01373776067
1.29308617234e-07 0.000164483309497 0.987912952541 1.01440236714
1.29889779559e-07 0.000181819657104 0.987296281985 1.01506697362
1.30470941884e-07 0.000199156004712 0.986679611429 1.01573158009
1.31052104208e-07 0.00021649235232 0.986062940872 1.01639618656
1.31633266533e-07 0.000233828699927 0.985446270316 1.01706079304
1.32214428858e-07 0.000251165047535 0.98482959976 1.01772539951
1.32795591182e-07 0.000268501395143 0.984212929203 1.01839000598
1.33376753507e-07 0.000285837742751 0.983596258647 1.01905461245
1.33957915832e-07 0.000303174090358 0.982979588091 1.01971921893
1.34539078156e-07 0.000301034363893 0.981999531636 1.02075922078
1.35120240481e-07 0.000297319709912 0.980990090079 1.02182957889
1.35701402806e-07 0.000293605055931 0.979980648521 1.02289993699
1.3628256513e-07 0.000289890401951 0.978971206963 1.02397029509
1.36863727455e-07 0.00028617574797 0.977961765406 1.0250406532
1.3744488978e-07 0.000282461093989 0.976952323848 1.0261110113
1.38026052104e-07 0.000278746440009 0.97594288229 1.02718136941
1.38607214429e-07 0.000275031786028 0.974933440732 1.02825172751
1.39188376754e-07 0.000271317132047 0.973923999175 1.02932208561
1.39769539078e-07 0.000267602478066 0.972914557617 1.03039244372
1.40350701403e-07 0.000263887824086 0.971905116059 1.03146280182
1.40931863727e-07 0.000260173170105 0.970895674502 1.03253315992
1.41513026052e-07 0.00024330394437 0.969705928757 1.03380293965
1.42094188377e-07 0.000202753286975 0.968191591582 1.03543172684
1.42675350701e-07 0.00016220262958 0.966677254406 1.03706051402
1.43256513026e-07 0.000121651972185 0.965162917231 1.03868930121
1.43837675351e-07 8.11013147901e-05 0.963648580055 1.0403180884
1.44418837675e-07 4.0550657395e-05 0.96213424288 1.04194687559
1.45e-07 0 0.960619905704 1.04357566278
