-1.45e-07 0 	0 	952863.217566 	
-1.44418837675e-07 0 	0 	897634.492288 	
-1.43837675351e-07 0 	0 	844097.97735 	
-1.43256513026e-07 0 	0 	794370.942503 	
-1.42675350701e-07 0 	0 	747597.739374 	
-1.42094188377e-07 0 	0 	703257.100215 	
-1.41513026052e-07 0 	0 	661168.758696 	
-1.40931863727e-07 0 	0 	622377.555104 	
-1.40350701403e-07 0 	0 	585576.7808 	
-1.39769539078e-07 0 	0 	550513.955696 	
-1.39188376754e-07 0 	0 	517911.450312 	
-1.38607214429e-07 0 	0 	487260.465067 	
-1.38026052104e-07 0 	0 	457933.248993 	
-1.3744488978e-07 0 	0 	430731.245968 	
-1.36863727455e-07 0 	0 	405070.921324 	
-1.3628256513e-07 0 	0 	380407.30351 	
-1.35701402806e-07 0 	0 	357889.231314 	
-1.35120240481e-07 0 	0 	336263.317739 	
-1.34539078156e-07 0 	0 	315839.475425 	
-1.33957915832e-07 0 	0 	296898.748163 	
-1.33376753507e-07 0 	0 	278529.545632 	
-1.32795591182e-07 0 	0 	261838.557773 	
-1.32214428858e-07 0 	0 	245682.68075 	
-1.31633266533e-07 0 	0 	230645.684564 	
-1.31052104208e-07 0 	0 	216433.844299 	
-1.30470941884e-07 0 	0 	202919.17771 	
-1.29889779559e-07 0 	0 	190409.101405 	
-1.29308617234e-07 0 	0 	178292.373142 	
-1.2872745491e-07 0 	0 	167267.15598 	
-1.28146292585e-07 0 	0 	156431.087462 	
-1.27565130261e-07 0 	0 	146697.552477 	
-1.26983967936e-07 0 	0 	137031.816804 	
-1.26402805611e-07 0 	0 	128418.878899 	
-1.25821643287e-07 0 	0 	119819.933914 	
-1.25240480962e-07 0 	0 	112176.968755 	
-1.24659318637e-07 0 	0 	104547.881809 	
-1.24078156313e-07 0 	0 	97743.1041928 	
-1.23496993988e-07 0 	0 	90993.3671367 	
-1.22915831663e-07 0 	0 	84912.2261331 	
-1.22334669339e-07 0 	0 	78957.5596461 	
-1.21753507014e-07 0 	0 	73501.1597109 	
-1.21172344689e-07 0 	0 	68263.3066083 	
-1.20591182365e-07 0 	0 	63346.865101 	
-1.2001002004e-07 0 	0 	58753.3728422 	
-1.19428857715e-07 0 	0 	54304.7248552 	
-1.18847695391e-07 0 	0 	50288.7178601 	
-1.18266533066e-07 0 	0 	46272.7108649 	
-1.17685370741e-07 0 	0 	42746.8218861 	
-1.17104208417e-07 0 	0 	39246.7646028 	
-1.16523046092e-07 0 	0 	36020.0722502 	
-1.15941883768e-07 0 	0 	32979.5242539 	
-1.15360721443e-07 0 	0 	30014.2208401 	
-1.14779559118e-07 0 	0 	27381.5853985 	
-1.14198396794e-07 0 	0 	24748.9499569 	
-1.13617234469e-07 0 	0 	22375.189864 	
-1.13036072144e-07 0 	0 	20103.4575842 	
-1.1245490982e-07 0 	0 	17892.8492658 	
-1.11873747495e-07 0 	0 	15939.3385747 	
-1.1129258517e-07 0 	0 	13985.8278836 	
-1.10711422846e-07 0 	0 	12202.1616263 	
-1.10130260521e-07 0 	0 	10528.2578111 	
-1.09549098196e-07 0 	0 	8854.35399588 	
-1.08967935872e-07 0 	0 	7415.94163823 	
-1.08386773547e-07 0 	0 	5986.83623431 	
-1.07805611222e-07 0 	0 	4612.02744264 	
-1.07224448898e-07 0 	0 	3396.45969954 	
-1.06643286573e-07 0 	0 	2180.89195645 	
-1.06062124248e-07 0 	0 	1054.92610764 	
-1.05480961924e-07 0 	0 	24.92818327 	
-1.04899799599e-07 0 	0 	-1005.0697411 	
-1.04318637275e-07 0 	0 	-1931.25726702 	
-1.0373747495e-07 0 	0 	-2800.60980639 	
-1.03156312625e-07 0 	0 	-3669.96234577 	
-1.02575150301e-07 0 	0 	-4436.41822623 	
-1.01993987976e-07 0 	0 	-5167.2491917 	
-1.01412825651e-07 0 	0 	-5898.08015716 	
-1.00831663327e-07 0 	0 	-6537.17675422 	
-1.00250501002e-07 0 	0 	-7149.04410519 	
-9.96693386774e-08 0 	0 	-7760.91145616 	
-9.90881763527e-08 0 	0 	-8298.55743501 	
-9.85070140281e-08 0 	0 	-8808.67889986 	
-9.79258517034e-08 0 	0 	-9318.80036471 	
-9.73446893788e-08 0 	0 	-9775.52025126 	
-9.67635270541e-08 0 	0 	-10198.9888425 	
-9.61823647295e-08 0 	0 	-10622.4574337 	
-9.56012024048e-08 0 	0 	-11014.3439378 	
-9.50200400802e-08 0 	0 	-11364.3325689 	
-9.44388777555e-08 0 	0 	-11714.3212 	
-9.38577154309e-08 0 	0 	-12053.8657825 	
-9.32765531062e-08 0 	0 	-12341.8203818 	
-9.26953907816e-08 0 	0 	-12629.7749811 	
-9.21142284569e-08 0 	0 	-12917.7295804 	
-9.15330661323e-08 0 	0 	-13162.4041818 	
-9.09519038076e-08 0 	0 	-13398.2248442 	
-9.0370741483e-08 0 	0 	-13634.0455067 	
-8.97895791583e-08 0 	0 	-13851.8362763 	
-8.92084168337e-08 0 	0 	-14044.0461905 	
-8.8627254509e-08 0 	0 	-14236.2561047 	
-8.80460921844e-08 0 	0 	-14428.466019 	
-8.74649298597e-08 0 	0 	-14587.4075101 	
-8.68837675351e-08 0 	0 	-14743.3095481 	
-8.63026052104e-08 0 	0 	-14899.2115861 	
-8.57214428858e-08 0 	0 	-15044.9806931 	
-8.51402805611e-08 0 	0 	-15170.8016818 	
-8.45591182365e-08 0 	0 	-15296.6226704 	
-8.39779559118e-08 0 	0 	-15422.443659 	
-8.33967935872e-08 0 	0 	-15531.5706857 	
-8.28156312625e-08 0 	0 	-15632.5935388 	
-8.22344689379e-08 0 	0 	-15733.6163918 	
-8.16533066132e-08 0 	0 	-15834.6392448 	
-8.10721442886e-08 0 	0 	-15916.8827388 	
-8.04909819639e-08 0 	0 	-15997.5667413 	
-7.99098196393e-08 0 	0 	-16078.2507438 	
-7.93286573146e-08 0 	0 	-16157.5206321 	
-7.874749499e-08 0 	0 	-16221.6102625 	
-7.81663326653e-08 0 	0 	-16285.6998929 	
-7.75851703407e-08 0 	0 	-16349.7895233 	
-7.7004008016e-08 0 	0 	-16411.7676334 	
-7.64228456914e-08 0 	0 	-16462.3904112 	
-7.58416833667e-08 0 	0 	-16513.0131889 	
-7.52605210421e-08 0 	0 	-16563.6359667 	
-7.46793587174e-08 0 	0 	-16612.7813261 	
-7.40981963928e-08 0 	0 	-16652.5352589 	
-7.35170340681e-08 0 	0 	-16692.2891917 	
-7.29358717435e-08 0 	0 	-16732.0431245 	
-7.23547094188e-08 0 	0 	-16771.6186424 	
-7.17735470942e-08 0 	0 	-16802.6498693 	
-7.11923847695e-08 0 	0 	-16833.6810962 	
-7.06112224449e-08 0 	0 	-16864.7123231 	
-7.00300601202e-08 0 	0 	-16895.74355 	
-6.94488977956e-08 0 	0 	-16921.1502135 	
-6.88677354709e-08 0 	0 	-16945.2215125 	
-6.82865731463e-08 0 	0 	-16969.2928114 	
-6.77054108216e-08 0 	0 	-16993.3641104 	
-6.7124248497e-08 0 	0 	-17014.6934224 	
-6.65430861723e-08 0 	0 	-17033.244272 	
-6.59619238477e-08 0 	0 	-17051.7951215 	
-6.5380761523e-08 0 	0 	-17070.3459711 	
-6.47995991984e-08 0 	0 	-17088.5321052 	
-6.42184368737e-08 0 	0 	-17102.7309907 	
-6.36372745491e-08 0 	0 	-17116.9298762 	
-6.30561122244e-08 0 	0 	-17131.1287617 	
-6.24749498998e-08 0 	0 	-17145.3276471 	
-6.18937875752e-08 0 	0 	-17157.5932541 	
-6.13126252505e-08 0 	0 	-17168.3829188 	
-6.07314629259e-08 0 	0 	-17179.1725835 	
-6.01503006012e-08 0 	0 	-17189.9622482 	
-5.95691382766e-08 0 	0 	-17200.7519129 	
-5.89879759519e-08 0 	0 	-17209.0366761 	
-5.84068136273e-08 0 	0 	-17217.1730087 	
-5.78256513026e-08 0 	0 	-17225.3093412 	
-5.7244488978e-08 0 	0 	-17233.4456738 	
-5.66633266533e-08 0 	0 	-17241.1466381 	
-5.60821643287e-08 0 	0 	-17247.2318607 	
-5.5501002004e-08 0 	0 	-17253.3170833 	
-5.49198396794e-08 0 	0 	-17259.4023059 	
-5.43386773547e-08 0 	0 	-17265.4875286 	
-5.37575150301e-08 0 	0 	-17270.9916036 	
-5.31763527054e-08 0 	0 	-17275.5023989 	
-5.25951903808e-08 0 	0 	-17280.0131942 	
-5.20140280561e-08 0 	0 	-17284.5239896 	
-5.14328657315e-08 0 	0 	-17289.0347849 	
-5.08517034068e-08 0 	0 	-17293.0513261 	
-5.02705410822e-08 0 	0 	-17296.3625037 	
-4.96893787575e-08 0 	0 	-17299.6736814 	
-4.91082164329e-08 0 	0 	-17302.984859 	
-4.85270541082e-08 0 	0 	-17306.2960367 	
-4.79458917836e-08 0 	0 	-17309.3004471 	
-4.73647294589e-08 0 	0 	-17311.7047185 	
-4.67835671343e-08 0 	0 	-17314.1089899 	
-4.62024048096e-08 0 	0 	-17316.5132613 	
-4.5621242485e-08 0 	0 	-17318.9175327 	
-4.50400801603e-08 0 	0 	-17321.2231427 	
-4.44589178357e-08 0 	0 	-17322.9475218 	
-4.3877755511e-08 0 	0 	-17324.6719009 	
-4.32965931864e-08 0 	0 	-17326.39628 	
-4.27154308617e-08 0 	0 	-17328.120659 	
-4.21342685371e-08 0 	0 	-17329.8450381 	
-4.15531062124e-08 0 	0 	-17331.1503164 	
-4.09719438878e-08 0 	0 	-17332.3696146 	
-4.03907815631e-08 0 	0 	-17333.5889129 	
-3.98096192385e-08 0 	0 	-17334.8082111 	
-3.92284569138e-08 0 	0 	-17336.0275094 	
-3.86472945892e-08 0 	0 	-17337.1021849 	
-3.80661322645e-08 0 	0 	-17337.9500375 	
-3.74849699399e-08 0 	0 	-17338.79789 	
-3.69038076152e-08 0 	0 	-17339.6457426 	
-3.63226452906e-08 0 	0 	-17340.4935951 	
-3.57414829659e-08 0 	0 	-17341.3414477 	
-3.51603206413e-08 0 	0 	-17341.9676112 	
-3.45791583166e-08 0 	0 	-17342.5454122 	
-3.3997995992e-08 0 	0 	-17343.1232131 	
-3.34168336673e-08 0 	0 	-17343.7010141 	
-3.28356713427e-08 0 	0 	-17344.278815 	
-3.2254509018e-08 0 	0 	-17344.8330897 	
-3.16733466934e-08 0 	0 	-17345.2171712 	
-3.10921843687e-08 0 	0 	-17345.6012526 	
-3.05110220441e-08 0 	0 	-17345.9853341 	
-2.99298597194e-08 0 	0 	-17346.3694155 	
-2.93486973948e-08 0 	0 	-17346.753497 	
-2.87675350701e-08 0 	0 	-17347.0982202 	
-2.81863727455e-08 0 	0 	-17347.3455757 	
-2.76052104208e-08 0 	0 	-17347.5929312 	
-2.70240480962e-08 0 	0 	-17347.8402867 	
-2.64428857715e-08 0 	0 	-17348.0876421 	
-2.58617234469e-08 0 	0 	-17348.3349976 	
-2.52805611222e-08 0 	0 	-17348.552378 	
-2.46993987976e-08 0 	0 	-17348.7051776 	
-2.41182364729e-08 0 	0 	-17348.8579773 	
-2.35370741483e-08 0 	0 	-17349.0107769 	
-2.29559118236e-08 0 	0 	-17349.1635765 	
-2.2374749499e-08 0 	0 	-17349.3163761 	
-2.17935871743e-08 0 	0 	-17349.4560786 	
-2.12124248497e-08 0 	0 	-17349.5451939 	
-2.0631262525e-08 0 	0 	-17349.6343092 	
-2.00501002004e-08 0 	0 	-17349.7234244 	
-1.94689378758e-08 0 	0 	-17349.8125397 	
-1.88877755511e-08 0 	0 	-17349.901655 	
-1.83066132265e-08 0 	0 	-17349.9907702 	
-1.77254509018e-08 0 	0 	-17350.0405376 	
-1.71442885772e-08 0 	0 	-17350.0882556 	
-1.65631262525e-08 0 	0 	-17350.1359736 	
-1.59819639279e-08 0 	0 	-17350.1836917 	
-1.54008016032e-08 0 	0 	-17350.2314097 	
-1.48196392786e-08 0 	0 	-17350.2791277 	
-1.42384769539e-08 0 	0 	-17350.3127847 	
-1.36573146293e-08 0 	0 	-17350.3348508 	
-1.30761523046e-08 0 	0 	-17350.3569168 	
-1.249498998e-08 0 	0 	-17350.3789829 	
-1.19138276553e-08 0 	0 	-17350.401049 	
-1.13326653307e-08 0 	0 	-17350.423115 	
-1.0751503006e-08 0 	0 	-17350.4451811 	
-1.01703406814e-08 0 	0 	-17350.4523541 	
-9.58917835671e-09 0 	0 	-17350.4594543 	
-9.00801603206e-09 0 	0 	-17350.4665546 	
-8.42685370741e-09 0 	0 	-17350.4736549 	
-7.84569138277e-09 0 	0 	-17350.4807551 	
-7.26452905812e-09 0 	0 	-17350.4878554 	
-6.68336673347e-09 0 	0 	-17350.4925528 	
-6.10220440882e-09 0 	0 	-17350.4913081 	
-5.52104208417e-09 0 	0 	-17350.4900634 	
-4.93987975952e-09 0 	0 	-17350.4888187 	
-4.35871743487e-09 0 	0 	-17350.4875739 	
-3.77755511022e-09 0 	0 	-17350.4863292 	
-3.19639278557e-09 0 	0 	-17350.4850845 	
-2.61523046092e-09 0 	0 	-17350.4816159 	
-2.03406813627e-09 0 	0 	-17350.4751128 	
-1.45290581162e-09 0 	0 	-17350.4686096 	
-8.71743486974e-10 0 	0 	-17350.4621064 	
-2.90581162324e-10 0 	0 	-17350.4556033 	
2.90581162325e-10 0 	0 	-17350.4491001 	
8.71743486974e-10 0 	0 	-17350.4425969 	
1.45290581162e-09 0 	0 	-17350.4338469 	
2.03406813627e-09 0 	0 	-17350.4216745 	
2.61523046092e-09 0 	0 	-17350.4095022 	
3.19639278557e-09 0 	0 	-17350.3973299 	
3.77755511022e-09 0 	0 	-17350.3851576 	
4.35871743487e-09 0 	0 	-17350.3729853 	
4.93987975952e-09 0 	0 	-17350.360813 	
5.52104208417e-09 0 	0 	-17350.346567 	
6.10220440882e-09 0 	0 	-17350.3242507 	
6.68336673347e-09 0 	0 	-17350.3019343 	
7.26452905812e-09 0 	0 	-17350.279618 	
7.84569138277e-09 0 	0 	-17350.2573016 	
8.42685370742e-09 0 	0 	-17350.2349853 	
9.00801603206e-09 0 	0 	-17350.2126689 	
9.58917835671e-09 0 	0 	-17350.1903526 	
1.01703406814e-08 0 	0 	-17350.1510844 	
1.0751503006e-08 0 	0 	-17350.1086658 	
1.13326653307e-08 0 	0 	-17350.0662472 	
1.19138276553e-08 0 	0 	-17350.0238286 	
1.249498998e-08 0 	0 	-17349.98141 	
1.30761523046e-08 0 	0 	-17349.9389914 	
1.36573146293e-08 0 	0 	-17349.8965727 	
1.42384769539e-08 0 	0 	-17349.8423288 	
1.48196392786e-08 0 	0 	-17349.7616302 	
1.54008016032e-08 0 	0 	-17349.6809316 	
1.59819639279e-08 0 	0 	-17349.600233 	
1.65631262525e-08 0 	0 	-17349.5195343 	
1.71442885772e-08 0 	0 	-17349.4388357 	
1.77254509018e-08 0 	0 	-17349.3581371 	
1.83066132265e-08 0 	0 	-17349.2774385 	
1.88877755511e-08 0 	0 	-17349.1551887 	
1.94689378758e-08 0 	0 	-17349.0049207 	
2.00501002004e-08 0 	0 	-17348.8546527 	
2.06312625251e-08 0 	0 	-17348.7043847 	
2.12124248497e-08 0 	0 	-17348.5541166 	
2.17935871743e-08 0 	0 	-17348.4038486 	
2.2374749499e-08 0 	0 	-17348.2535806 	
2.29559118236e-08 0 	0 	-17348.1033126 	
2.35370741483e-08 0 	0 	-17347.8667687 	
2.41182364729e-08 0 	0 	-17347.5939751 	
2.46993987976e-08 0 	0 	-17347.3211814 	
2.52805611222e-08 0 	0 	-17347.0483878 	
2.58617234469e-08 0 	0 	-17346.7755942 	
2.64428857715e-08 0 	0 	-17346.5028006 	
2.70240480962e-08 0 	0 	-17346.230007 	
2.76052104208e-08 0 	0 	-17345.9572133 	
2.81863727455e-08 0 	0 	-17345.5518157 	
2.87675350701e-08 0 	0 	-17345.0669563 	
2.93486973948e-08 0 	0 	-17344.5820969 	
2.99298597194e-08 0 	0 	-17344.0972375 	
3.05110220441e-08 0 	0 	-17343.6123781 	
3.10921843687e-08 0 	0 	-17343.1275187 	
3.16733466934e-08 0 	0 	-17342.6426593 	
3.2254509018e-08 0 	0 	-17342.1577999 	
3.28356713427e-08 0 	0 	-17341.5431145 	
3.34168336673e-08 0 	0 	-17340.6939266 	
3.3997995992e-08 0 	0 	-17339.8447388 	
3.45791583166e-08 0 	0 	-17338.9955509 	
3.51603206413e-08 0 	0 	-17338.1463631 	
3.57414829659e-08 0 	0 	-17337.2971752 	
3.63226452906e-08 0 	0 	-17336.4479874 	
3.69038076152e-08 0 	0 	-17335.5987995 	
3.74849699399e-08 0 	0 	-17334.7496117 	
3.80661322645e-08 0 	0 	-17333.3419596 	
3.86472945892e-08 0 	0 	-17331.8672612 	
3.92284569138e-08 0 	0 	-17330.3925629 	
3.98096192385e-08 0 	0 	-17328.9178645 	
4.03907815631e-08 0 	0 	-17327.4431662 	
4.09719438878e-08 0 	0 	-17325.9684678 	
4.15531062124e-08 0 	0 	-17324.4937695 	
4.21342685371e-08 0 	0 	-17323.0190712 	
4.27154308617e-08 0 	0 	-17321.2962713 	
4.32965931864e-08 0 	0 	-17318.743471 	
4.3877755511e-08 0 	0 	-17316.1906708 	
4.44589178357e-08 0 	0 	-17313.6378706 	
4.50400801603e-08 0 	0 	-17311.0850703 	
4.5621242485e-08 0 	0 	-17308.5322701 	
4.62024048096e-08 0 	0 	-17305.9794698 	
4.67835671343e-08 0 	0 	-17303.4266696 	
4.73647294589e-08 0 	0 	-17300.8738694 	
4.79458917836e-08 0 	0 	-17297.6407617 	
4.85270541082e-08 0 	0 	-17293.2169332 	
4.91082164329e-08 0 	0 	-17288.7931046 	
4.96893787575e-08 0 	0 	-17284.3692761 	
5.02705410822e-08 0 	0 	-17279.9454475 	
5.08517034068e-08 0 	0 	-17275.521619 	
5.14328657315e-08 0 	0 	-17271.0977904 	
5.20140280561e-08 0 	0 	-17266.6739619 	
5.25951903808e-08 0 	0 	-17262.2501333 	
5.31763527054e-08 0 	0 	-17256.8813155 	
5.37575150301e-08 0 	0 	-17249.1812236 	
5.43386773547e-08 0 	0 	-17241.4811317 	
5.49198396794e-08 0 	0 	-17233.7810397 	
5.5501002004e-08 0 	0 	-17226.0809478 	
5.60821643287e-08 0 	0 	-17218.3808558 	
5.66633266533e-08 0 	0 	-17210.6807639 	
5.7244488978e-08 0 	0 	-17202.9806719 	
5.78256513026e-08 0 	0 	-17195.28058 	
5.84068136273e-08 0 	0 	-17187.5804881 	
5.89879759519e-08 0 	0 	-17174.0856158 	
5.95691382766e-08 0 	0 	-17160.5891286 	
6.01503006012e-08 0 	0 	-17147.0926414 	
6.07314629259e-08 0 	0 	-17133.5961543 	
6.13126252505e-08 0 	0 	-17120.0996671 	
6.18937875752e-08 0 	0 	-17106.60318 	
6.24749498998e-08 0 	0 	-17093.1066928 	
6.30561122244e-08 0 	0 	-17079.6102056 	
6.36372745491e-08 0 	0 	-17066.1137185 	
6.42184368737e-08 0 	0 	-17047.5099713 	
6.47995991984e-08 0 	0 	-17023.6420403 	
6.5380761523e-08 0 	0 	-16999.7741092 	
6.59619238477e-08 0 	0 	-16975.9061782 	
6.65430861723e-08 0 	0 	-16952.0382472 	
6.7124248497e-08 0 	0 	-16928.1703162 	
6.77054108216e-08 0 	0 	-16904.3023852 	
6.82865731463e-08 0 	0 	-16880.4344542 	
6.88677354709e-08 0 	0 	-16856.5665232 	
6.94488977956e-08 0 	0 	-16832.6985922 	
7.00300601202e-08 0 	0 	-16794.529904 	
7.06112224449e-08 0 	0 	-16751.880577 	
7.11923847695e-08 0 	0 	-16709.2312499 	
7.17735470942e-08 0 	0 	-16666.5819229 	
7.23547094188e-08 0 	0 	-16623.9325959 	
7.29358717435e-08 0 	0 	-16581.2832689 	
7.35170340681e-08 0 	0 	-16538.6339418 	
7.40981963928e-08 0 	0 	-16495.9846148 	
7.46793587174e-08 0 	0 	-16453.3352878 	
7.52605210421e-08 0 	0 	-16410.6859608 	
7.58416833667e-08 0 	0 	-16340.4351756 	
7.64228456914e-08 0 	0 	-16263.346399 	
7.7004008016e-08 0 	0 	-16186.2576225 	
7.75851703407e-08 0 	0 	-16109.1688459 	
7.81663326653e-08 0 	0 	-16032.0800694 	
7.874749499e-08 0 	0 	-15954.9912928 	
7.93286573146e-08 0 	0 	-15877.9025163 	
7.99098196393e-08 0 	0 	-15800.8137397 	
8.04909819639e-08 0 	0 	-15723.7249631 	
8.10721442886e-08 0 	0 	-15646.6361866 	
8.16533066132e-08 0 	0 	-15530.7082558 	
8.22344689379e-08 0 	0 	-15389.6442866 	
8.28156312625e-08 0 	0 	-15248.5803173 	
8.33967935872e-08 0 	0 	-15107.5163481 	
8.39779559118e-08 0 	0 	-14966.4523789 	
8.45591182365e-08 0 	0 	-14825.3884096 	
8.51402805611e-08 0 	0 	-14684.3244404 	
8.57214428858e-08 0 	0 	-14543.2604712 	
8.63026052104e-08 0 	0 	-14402.196502 	
8.68837675351e-08 0 	0 	-14261.1325327 	
8.74649298597e-08 0 	0 	-14099.2498309 	
8.80460921844e-08 0 	0 	-13837.75017 	
8.8627254509e-08 0 	0 	-13576.2505092 	
8.92084168337e-08 0 	0 	-13314.7508483 	
8.97895791583e-08 0 	0 	-13053.2511875 	
9.0370741483e-08 0 	0 	-12791.7515266 	
9.09519038076e-08 0 	0 	-12530.2518658 	
9.15330661323e-08 0 	0 	-12268.7522049 	
9.21142284569e-08 0 	0 	-12007.2525441 	
9.26953907816e-08 0 	0 	-11745.7528832 	
9.32765531062e-08 0 	0 	-11484.2532223 	
9.38577154309e-08 0 	0 	-11109.417596 	
9.44388777555e-08 0 	0 	-10618.0733734 	
9.50200400802e-08 0 	0 	-10126.7291508 	
9.56012024048e-08 0 	0 	-9635.38492823 	
9.61823647295e-08 0 	0 	-9144.04070563 	
9.67635270541e-08 0 	0 	-8652.69648303 	
9.73446893788e-08 0 	0 	-8161.35226043 	
9.79258517034e-08 0 	0 	-7670.00803784 	
9.85070140281e-08 0 	0 	-7178.66381524 	
9.90881763527e-08 0 	0 	-6687.31959264 	
9.96693386774e-08 0 	0 	-6195.97537005 	
1.00250501002e-07 0 	0 	-5454.62567721 	
1.00831663327e-07 0 	0 	-4518.45486282 	
1.01412825651e-07 0 	0 	-3582.28404843 	
1.01993987976e-07 0 	0 	-2646.11323403 	
1.02575150301e-07 0 	0 	-1709.94241964 	
1.03156312625e-07 0 	0 	-773.771605244 	
1.0373747495e-07 0 	0 	162.399209149 	
1.04318637275e-07 0 	0 	1098.57002354 	
1.04899799599e-07 0 	0 	2034.74083794 	
1.05480961924e-07 0 	0 	2970.91165233 	
1.06062124248e-07 0 	0 	3907.08246672 	
1.06643286573e-07 0 	0 	5169.64666904 	
1.07224448898e-07 0 	0 	6979.13285676 	
1.07805611222e-07 0 	0 	8788.61904449 	
1.08386773547e-07 0 	0 	10598.1052322 	
1.08967935872e-07 0 	0 	12407.5914199 	
1.09549098196e-07 0 	0 	14217.0776076 	
1.10130260521e-07 0 	0 	16026.5637954 	
1.10711422846e-07 0 	0 	17836.0499831 	
1.1129258517e-07 0 	0 	19645.5361708 	
1.11873747495e-07 0 	0 	21455.0223585 	
1.1245490982e-07 0 	0 	23264.5085463 	
1.13036072144e-07 0 	0 	25073.994734 	
1.13617234469e-07 0 	0 	28488.073912 	
1.14198396794e-07 0 	0 	32037.5594457 	
1.14779559118e-07 0 	0 	35587.0449794 	
1.15360721443e-07 0 	0 	39136.5305131 	
1.15941883768e-07 0 	0 	42686.0160468 	
1.16523046092e-07 0 	0 	46235.5015805 	
1.17104208417e-07 0 	0 	49784.9871142 	
1.17685370741e-07 0 	0 	53334.4726479 	
1.18266533066e-07 0 	0 	56883.9581817 	
1.18847695391e-07 0 	0 	60433.4437154 	
1.19428857715e-07 0 	0 	63982.9292491 	
1.2001002004e-07 0 	0 	68240.5945118 	
1.20591182365e-07 0 	0 	75310.6830657 	
1.21172344689e-07 0 	0 	82380.7716196 	
1.21753507014e-07 0 	0 	89450.8601735 	
1.22334669339e-07 0 	0 	96520.9487274 	
1.22915831663e-07 0 	0 	103591.037281 	
1.23496993988e-07 0 	0 	110661.125835 	
1.24078156313e-07 0 	0 	117731.214389 	
1.24659318637e-07 0 	0 	124801.302943 	
1.25240480962e-07 0 	0 	131871.391497 	
1.25821643287e-07 0 	0 	138941.480051 	
1.26402805611e-07 0 	0 	146011.568605 	
1.26983967936e-07 0 	0 	154562.44874 	
1.27565130261e-07 0 	0 	168880.023745 	
1.28146292585e-07 0 	0 	183197.598749 	
1.2872745491e-07 0 	0 	197515.173754 	
1.29308617234e-07 0 	0 	211832.748758 	
1.29889779559e-07 0 	0 	226150.323763 	
1.30470941884e-07 0 	0 	240467.898767 	
1.31052104208e-07 0 	0 	254785.473772 	
1.31633266533e-07 0 	0 	269103.048776 	
1.32214428858e-07 0 	0 	283420.623781 	
1.32795591182e-07 0 	0 	297738.198785 	
1.33376753507e-07 0 	0 	312055.77379 	
1.33957915832e-07 0 	0 	326373.348794 	
1.34539078156e-07 0 	0 	354837.159732 	
1.35120240481e-07 0 	0 	384444.902251 	
1.35701402806e-07 0 	0 	414052.64477 	
1.3628256513e-07 0 	0 	443660.387289 	
1.36863727455e-07 0 	0 	473268.129808 	
1.3744488978e-07 0 	0 	502875.872327 	
1.38026052104e-07 0 	0 	532483.614845 	
1.38607214429e-07 0 	0 	562091.357364 	
1.39188376754e-07 0 	0 	591699.099883 	
1.39769539078e-07 0 	0 	621306.842402 	
1.40350701403e-07 0 	0 	650914.584921 	
1.40931863727e-07 0 	0 	680522.32744 	
1.41513026052e-07 0 	0 	713786.325704 	
1.42094188377e-07 0 	0 	753632.474431 	
1.42675350701e-07 0 	0 	793478.623158 	
1.43256513026e-07 0 	0 	833324.771885 	
1.43837675351e-07 0 	0 	873170.920613 	
1.44418837675e-07 0 	0 	913017.06934 	
1.45e-07 0 	0 	952863.218067 	
