-1.45e-07 0 	0 	-1012920.70349 	
-1.44418837675e-07 0 	0 	-955160.134546 	
-1.43837675351e-07 0 	0 	-899199.770841 	
-1.43256513026e-07 0 	0 	-847288.962217 	
-1.42675350701e-07 0 	0 	-798512.272848 	
-1.42094188377e-07 0 	0 	-752313.713431 	
-1.41513026052e-07 0 	0 	-708500.356788 	
-1.40931863727e-07 0 	0 	-668172.854168 	
-1.40350701403e-07 0 	0 	-629946.098866 	
-1.39769539078e-07 0 	0 	-593552.682733 	
-1.39188376754e-07 0 	0 	-559751.615804 	
-1.38607214429e-07 0 	0 	-528003.444375 	
-1.38026052104e-07 0 	0 	-497646.999261 	
-1.3744488978e-07 0 	0 	-469522.594007 	
-1.36863727455e-07 0 	0 	-443014.81474 	
-1.3628256513e-07 0 	0 	-417552.015246 	
-1.35701402806e-07 0 	0 	-394335.565524 	
-1.35120240481e-07 0 	0 	-372051.747691 	
-1.34539078156e-07 0 	0 	-351024.533747 	
-1.33957915832e-07 0 	0 	-331545.329231 	
-1.33376753507e-07 0 	0 	-312662.471972 	
-1.32795591182e-07 0 	0 	-295528.560547 	
-1.32214428858e-07 0 	0 	-278951.449971 	
-1.31633266533e-07 0 	0 	-263538.572591 	
-1.31052104208e-07 0 	0 	-248982.959112 	
-1.30470941884e-07 0 	0 	-235151.647317 	
-1.29889779559e-07 0 	0 	-222362.372118 	
-1.29308617234e-07 0 	0 	-209981.107092 	
-1.2872745491e-07 0 	0 	-198730.233613 	
-1.28146292585e-07 0 	0 	-187675.246396 	
-1.27565130261e-07 0 	0 	-177760.217204 	
-1.26983967936e-07 0 	0 	-167915.288709 	
-1.26402805611e-07 0 	0 	-159157.101754 	
-1.25821643287e-07 0 	0 	-150413.358871 	
-1.25240480962e-07 0 	0 	-142654.762364 	
-1.24659318637e-07 0 	0 	-134910.467488 	
-1.24078156313e-07 0 	0 	-128014.176812 	
-1.23496993988e-07 0 	0 	-121174.508843 	
-1.22915831663e-07 0 	0 	-115021.452277 	
-1.22334669339e-07 0 	0 	-108998.27809 	
-1.21753507014e-07 0 	0 	-103485.880233 	
-1.21172344689e-07 0 	0 	-98197.5161763 	
-1.20591182365e-07 0 	0 	-93238.0291315 	
-1.2001002004e-07 0 	0 	-88608.9924669 	
-1.19428857715e-07 0 	0 	-84127.8857941 	
-1.18847695391e-07 0 	0 	-80088.6369704 	
-1.18266533066e-07 0 	0 	-76049.3881467 	
-1.17685370741e-07 0 	0 	-72509.7334984 	
-1.17104208417e-07 0 	0 	-68996.4099872 	
-1.16523046092e-07 0 	0 	-65761.1851563 	
-1.15941883768e-07 0 	0 	-62715.3280682 	
-1.15360721443e-07 0 	0 	-59745.8629081 	
-1.14779559118e-07 0 	0 	-57114.1383129 	
-1.14198396794e-07 0 	0 	-54482.4137177 	
-1.13617234469e-07 0 	0 	-52112.9627635 	
-1.13036072144e-07 0 	0 	-49846.8789556 	
-1.1245490982e-07 0 	0 	-47642.5884916 	
-1.11873747495e-07 0 	0 	-45698.2111894 	
-1.1129258517e-07 0 	0 	-43753.8338872 	
-1.10711422846e-07 0 	0 	-41980.7818806 	
-1.10130260521e-07 0 	0 	-40318.4493272 	
-1.09549098196e-07 0 	0 	-38656.1167738 	
-1.08967935872e-07 0 	0 	-37230.7894746 	
-1.08386773547e-07 0 	0 	-35814.8289564 	
-1.07805611222e-07 0 	0 	-34453.3864495 	
-1.07224448898e-07 0 	0 	-33251.8343098 	
-1.06643286573e-07 0 	0 	-32050.2821701 	
-1.06062124248e-07 0 	0 	-30938.4811587 	
-1.05480961924e-07 0 	0 	-29922.8079084 	
-1.04899799599e-07 0 	0 	-28907.1346582 	
-1.04318637275e-07 0 	0 	-27995.1878231 	
-1.0373747495e-07 0 	0 	-27140.0299946 	
-1.03156312625e-07 0 	0 	-26284.8721661 	
-1.02575150301e-07 0 	0 	-25532.2665673 	
-1.01993987976e-07 0 	0 	-24815.1666352 	
-1.01412825651e-07 0 	0 	-24098.066703 	
-1.00831663327e-07 0 	0 	-23472.1553023 	
-1.00250501002e-07 0 	0 	-22873.3111285 	
-9.96693386774e-08 0 	0 	-22274.4669546 	
-9.90881763527e-08 0 	0 	-21749.2045114 	
-9.85070140281e-08 0 	0 	-21251.2293753 	
-9.79258517034e-08 0 	0 	-20753.2542393 	
-9.73446893788e-08 0 	0 	-20308.0745181 	
-9.67635270541e-08 0 	0 	-19895.7686556 	
-9.61823647295e-08 0 	0 	-19483.4627931 	
-9.56012024048e-08 0 	0 	-19102.2921848 	
-9.50200400802e-08 0 	0 	-18762.4266658 	
-9.44388777555e-08 0 	0 	-18422.5611468 	
-9.38577154309e-08 0 	0 	-18092.9620232 	
-9.32765531062e-08 0 	0 	-17814.0753374 	
-9.26953907816e-08 0 	0 	-17535.1886515 	
-9.21142284569e-08 0 	0 	-17256.3019656 	
-9.15330661323e-08 0 	0 	-17019.8325536 	
-9.09519038076e-08 0 	0 	-16792.0405901 	
-9.0370741483e-08 0 	0 	-16564.2486266 	
-8.97895791583e-08 0 	0 	-16354.0733732 	
-8.92084168337e-08 0 	0 	-16168.8927507 	
-8.8627254509e-08 0 	0 	-15983.7121281 	
-8.80460921844e-08 0 	0 	-15798.5315055 	
-8.74649298597e-08 0 	0 	-15645.7557908 	
-8.68837675351e-08 0 	0 	-15495.9406372 	
-8.63026052104e-08 0 	0 	-15346.1254836 	
-8.57214428858e-08 0 	0 	-15206.1489499 	
-8.51402805611e-08 0 	0 	-15085.5411416 	
-8.45591182365e-08 0 	0 	-14964.9333333 	
-8.39779559118e-08 0 	0 	-14844.325525 	
-8.33967935872e-08 0 	0 	-14739.874499 	
-8.28156312625e-08 0 	0 	-14643.2668699 	
-8.22344689379e-08 0 	0 	-14546.6592408 	
-8.16533066132e-08 0 	0 	-14450.0516117 	
-8.10721442886e-08 0 	0 	-14371.5595777 	
-8.04909819639e-08 0 	0 	-14294.5719144 	
-7.99098196393e-08 0 	0 	-14217.5842511 	
-7.93286573146e-08 0 	0 	-14141.956212 	
-7.874749499e-08 0 	0 	-14080.9234902 	
-7.81663326653e-08 0 	0 	-14019.8907684 	
-7.75851703407e-08 0 	0 	-13958.8580465 	
-7.7004008016e-08 0 	0 	-13899.8487431 	
-7.64228456914e-08 0 	0 	-13851.7209778 	
-7.58416833667e-08 0 	0 	-13803.5932126 	
-7.52605210421e-08 0 	0 	-13755.4654473 	
-7.46793587174e-08 0 	0 	-13708.7487673 	
-7.40981963928e-08 0 	0 	-13671.0018582 	
-7.35170340681e-08 0 	0 	-13633.2549491 	
-7.29358717435e-08 0 	0 	-13595.50804 	
-7.23547094188e-08 0 	0 	-13557.9309777 	
-7.17735470942e-08 0 	0 	-13528.4878775 	
-7.11923847695e-08 0 	0 	-13499.0447773 	
-7.06112224449e-08 0 	0 	-13469.601677 	
-7.00300601202e-08 0 	0 	-13440.1585768 	
-6.94488977956e-08 0 	0 	-13416.0528409 	
-6.88677354709e-08 0 	0 	-13393.2142836 	
-6.82865731463e-08 0 	0 	-13370.3757264 	
-6.77054108216e-08 0 	0 	-13347.5371691 	
-6.7124248497e-08 0 	0 	-13327.2926397 	
-6.65430861723e-08 0 	0 	-13309.6766452 	
-6.59619238477e-08 0 	0 	-13292.0606508 	
-6.5380761523e-08 0 	0 	-13274.4446564 	
-6.47995991984e-08 0 	0 	-13257.1727158 	
-6.42184368737e-08 0 	0 	-13243.6621401 	
-6.36372745491e-08 0 	0 	-13230.1515645 	
-6.30561122244e-08 0 	0 	-13216.6409888 	
-6.24749498998e-08 0 	0 	-13203.1304132 	
-6.18937875752e-08 0 	0 	-13191.4389628 	
-6.13126252505e-08 0 	0 	-13181.1363055 	
-6.07314629259e-08 0 	0 	-13170.8336482 	
-6.01503006012e-08 0 	0 	-13160.530991 	
-5.95691382766e-08 0 	0 	-13150.2283337 	
-5.89879759519e-08 0 	0 	-13142.2777167 	
-5.84068136273e-08 0 	0 	-13134.4664724 	
-5.78256513026e-08 0 	0 	-13126.6552281 	
-5.7244488978e-08 0 	0 	-13118.8439838 	
-5.66633266533e-08 0 	0 	-13111.4409342 	
-5.60821643287e-08 0 	0 	-13105.5527793 	
-5.5501002004e-08 0 	0 	-13099.6646245 	
-5.49198396794e-08 0 	0 	-13093.7764696 	
-5.43386773547e-08 0 	0 	-13087.8883148 	
-5.37575150301e-08 0 	0 	-13082.544689 	
-5.31763527054e-08 0 	0 	-13078.1317555 	
-5.25951903808e-08 0 	0 	-13073.7188219 	
-5.20140280561e-08 0 	0 	-13069.3058884 	
-5.14328657315e-08 0 	0 	-13064.8929549 	
-5.08517034068e-08 0 	0 	-13060.9433802 	
-5.02705410822e-08 0 	0 	-13057.6550775 	
-4.96893787575e-08 0 	0 	-13054.3667748 	
-4.91082164329e-08 0 	0 	-13051.0784721 	
-4.85270541082e-08 0 	0 	-13047.7901695 	
-4.79458917836e-08 0 	0 	-13044.7900758 	
-4.73647294589e-08 0 	0 	-13042.353815 	
-4.67835671343e-08 0 	0 	-13039.9175543 	
-4.62024048096e-08 0 	0 	-13037.4812935 	
-4.5621242485e-08 0 	0 	-13035.0450327 	
-4.50400801603e-08 0 	0 	-13032.701869 	
-4.44589178357e-08 0 	0 	-13030.9071551 	
-4.3877755511e-08 0 	0 	-13029.1124412 	
-4.32965931864e-08 0 	0 	-13027.3177273 	
-4.27154308617e-08 0 	0 	-13025.5230135 	
-4.21342685371e-08 0 	0 	-13023.7282996 	
-4.15531062124e-08 0 	0 	-13022.331979 	
-4.09719438878e-08 0 	0 	-13021.0173901 	
-4.03907815631e-08 0 	0 	-13019.7028013 	
-3.98096192385e-08 0 	0 	-13018.3882125 	
-3.92284569138e-08 0 	0 	-13017.0736236 	
-3.86472945892e-08 0 	0 	-13015.8981142 	
-3.80661322645e-08 0 	0 	-13014.9407336 	
-3.74849699399e-08 0 	0 	-13013.9833531 	
-3.69038076152e-08 0 	0 	-13013.0259725 	
-3.63226452906e-08 0 	0 	-13012.068592 	
-3.57414829659e-08 0 	0 	-13011.1112114 	
-3.51603206413e-08 0 	0 	-13010.3707756 	
-3.45791583166e-08 0 	0 	-13009.6776675 	
-3.3997995992e-08 0 	0 	-13008.9845594 	
-3.34168336673e-08 0 	0 	-13008.2914513 	
-3.28356713427e-08 0 	0 	-13007.5983431 	
-3.2254509018e-08 0 	0 	-13006.928858 	
-3.16733466934e-08 0 	0 	-13006.4302666 	
-3.10921843687e-08 0 	0 	-13005.9316751 	
-3.05110220441e-08 0 	0 	-13005.4330837 	
-2.99298597194e-08 0 	0 	-13004.9344922 	
-2.93486973948e-08 0 	0 	-13004.4359008 	
-2.87675350701e-08 0 	0 	-13003.9783477 	
-2.81863727455e-08 0 	0 	-13003.622319 	
-2.76052104208e-08 0 	0 	-13003.2662903 	
-2.70240480962e-08 0 	0 	-13002.9102617 	
-2.64428857715e-08 0 	0 	-13002.554233 	
-2.58617234469e-08 0 	0 	-13002.1982043 	
-2.52805611222e-08 0 	0 	-13001.8752039 	
-2.46993987976e-08 0 	0 	-13001.6233624 	
-2.41182364729e-08 0 	0 	-13001.3715209 	
-2.35370741483e-08 0 	0 	-13001.1196793 	
-2.29559118236e-08 0 	0 	-13000.8678378 	
-2.2374749499e-08 0 	0 	-13000.6159963 	
-2.17935871743e-08 0 	0 	-13000.37981 	
-2.12124248497e-08 0 	0 	-13000.204092 	
-2.0631262525e-08 0 	0 	-13000.028374 	
-2.00501002004e-08 0 	0 	-12999.852656 	
-1.94689378758e-08 0 	0 	-12999.676938 	
-1.88877755511e-08 0 	0 	-12999.50122 	
-1.83066132265e-08 0 	0 	-12999.325502 	
-1.77254509018e-08 0 	0 	-12999.2028928 	
-1.71442885772e-08 0 	0 	-12999.0830497 	
-1.65631262525e-08 0 	0 	-12998.9632066 	
-1.59819639279e-08 0 	0 	-12998.8433635 	
-1.54008016032e-08 0 	0 	-12998.7235203 	
-1.48196392786e-08 0 	0 	-12998.6036772 	
-1.42384769539e-08 0 	0 	-12998.5066318 	
-1.36573146293e-08 0 	0 	-12998.4283794 	
-1.30761523046e-08 0 	0 	-12998.3501269 	
-1.249498998e-08 0 	0 	-12998.2718744 	
-1.19138276553e-08 0 	0 	-12998.1936219 	
-1.13326653307e-08 0 	0 	-12998.1153694 	
-1.0751503006e-08 0 	0 	-12998.037117 	
-1.01703406814e-08 0 	0 	-12997.9906439 	
-9.58917835671e-09 0 	0 	-12997.9443259 	
-9.00801603206e-09 0 	0 	-12997.898008 	
-8.42685370741e-09 0 	0 	-12997.85169 	
-7.84569138277e-09 0 	0 	-12997.805372 	
-7.26452905812e-09 0 	0 	-12997.7590541 	
-6.68336673347e-09 0 	0 	-12997.7202295 	
-6.10220440882e-09 0 	0 	-12997.6999358 	
-5.52104208417e-09 0 	0 	-12997.6796421 	
-4.93987975952e-09 0 	0 	-12997.6593484 	
-4.35871743487e-09 0 	0 	-12997.6390547 	
-3.77755511022e-09 0 	0 	-12997.6187609 	
-3.19639278557e-09 0 	0 	-12997.5984672 	
-2.61523046092e-09 0 	0 	-12997.5880716 	
-2.03406813627e-09 0 	0 	-12997.5911825 	
-1.45290581162e-09 0 	0 	-12997.5942935 	
-8.71743486974e-10 0 	0 	-12997.5974044 	
-2.90581162324e-10 0 	0 	-12997.6005154 	
2.90581162325e-10 0 	0 	-12997.6036264 	
8.71743486974e-10 0 	0 	-12997.6067373 	
1.45290581162e-09 0 	0 	-12997.6193879 	
2.03406813627e-09 0 	0 	-12997.6465684 	
2.61523046092e-09 0 	0 	-12997.6737488 	
3.19639278557e-09 0 	0 	-12997.7009293 	
3.77755511022e-09 0 	0 	-12997.7281097 	
4.35871743487e-09 0 	0 	-12997.7552902 	
4.93987975952e-09 0 	0 	-12997.7824706 	
5.52104208417e-09 0 	0 	-12997.8154868 	
6.10220440882e-09 0 	0 	-12997.8712146 	
6.68336673347e-09 0 	0 	-12997.9269425 	
7.26452905812e-09 0 	0 	-12997.9826703 	
7.84569138277e-09 0 	0 	-12998.0383981 	
8.42685370742e-09 0 	0 	-12998.0941259 	
9.00801603206e-09 0 	0 	-12998.1498538 	
9.58917835671e-09 0 	0 	-12998.2055816 	
1.01703406814e-08 0 	0 	-12998.2934772 	
1.0751503006e-08 0 	0 	-12998.3873511 	
1.13326653307e-08 0 	0 	-12998.4812251 	
1.19138276553e-08 0 	0 	-12998.575099 	
1.249498998e-08 0 	0 	-12998.668973 	
1.30761523046e-08 0 	0 	-12998.7628469 	
1.36573146293e-08 0 	0 	-12998.8567209 	
1.42384769539e-08 0 	0 	-12998.9676959 	
1.48196392786e-08 0 	0 	-12999.1169283 	
1.54008016032e-08 0 	0 	-12999.2661607 	
1.59819639279e-08 0 	0 	-12999.4153931 	
1.65631262525e-08 0 	0 	-12999.5646255 	
1.71442885772e-08 0 	0 	-12999.713858 	
1.77254509018e-08 0 	0 	-12999.8630904 	
1.83066132265e-08 0 	0 	-13000.0123228 	
1.88877755511e-08 0 	0 	-13000.2121103 	
1.94689378758e-08 0 	0 	-13000.4459876 	
2.00501002004e-08 0 	0 	-13000.6798648 	
2.06312625251e-08 0 	0 	-13000.913742 	
2.12124248497e-08 0 	0 	-13001.1476193 	
2.17935871743e-08 0 	0 	-13001.3814965 	
2.2374749499e-08 0 	0 	-13001.6153737 	
2.29559118236e-08 0 	0 	-13001.849251 	
2.35370741483e-08 0 	0 	-13002.1773662 	
2.41182364729e-08 0 	0 	-13002.5450765 	
2.46993987976e-08 0 	0 	-13002.9127868 	
2.52805611222e-08 0 	0 	-13003.280497 	
2.58617234469e-08 0 	0 	-13003.6482073 	
2.64428857715e-08 0 	0 	-13004.0159176 	
2.70240480962e-08 0 	0 	-13004.3836279 	
2.76052104208e-08 0 	0 	-13004.7513382 	
2.81863727455e-08 0 	0 	-13005.2545184 	
2.87675350701e-08 0 	0 	-13005.8388779 	
2.93486973948e-08 0 	0 	-13006.4232375 	
2.99298597194e-08 0 	0 	-13007.007597 	
3.05110220441e-08 0 	0 	-13007.5919565 	
3.10921843687e-08 0 	0 	-13008.176316 	
3.16733466934e-08 0 	0 	-13008.7606755 	
3.2254509018e-08 0 	0 	-13009.345035 	
3.28356713427e-08 0 	0 	-13010.0567211 	
3.34168336673e-08 0 	0 	-13010.998395 	
3.3997995992e-08 0 	0 	-13011.9400689 	
3.45791583166e-08 0 	0 	-13012.8817428 	
3.51603206413e-08 0 	0 	-13013.8234167 	
3.57414829659e-08 0 	0 	-13014.7650906 	
3.63226452906e-08 0 	0 	-13015.7067645 	
3.69038076152e-08 0 	0 	-13016.6484384 	
3.74849699399e-08 0 	0 	-13017.5901123 	
3.80661322645e-08 0 	0 	-13019.0665425 	
3.86472945892e-08 0 	0 	-13020.6071727 	
3.92284569138e-08 0 	0 	-13022.1478029 	
3.98096192385e-08 0 	0 	-13023.6884331 	
4.03907815631e-08 0 	0 	-13025.2290633 	
4.09719438878e-08 0 	0 	-13026.7696935 	
4.15531062124e-08 0 	0 	-13028.3103237 	
4.21342685371e-08 0 	0 	-13029.850954 	
4.27154308617e-08 0 	0 	-13031.6261311 	
4.32965931864e-08 0 	0 	-13034.185963 	
4.3877755511e-08 0 	0 	-13036.7457948 	
4.44589178357e-08 0 	0 	-13039.3056267 	
4.50400801603e-08 0 	0 	-13041.8654586 	
4.5621242485e-08 0 	0 	-13044.4252905 	
4.62024048096e-08 0 	0 	-13046.9851224 	
4.67835671343e-08 0 	0 	-13049.5449542 	
4.73647294589e-08 0 	0 	-13052.1047861 	
4.79458917836e-08 0 	0 	-13055.3043287 	
4.85270541082e-08 0 	0 	-13059.6235372 	
4.91082164329e-08 0 	0 	-13063.9427457 	
4.96893787575e-08 0 	0 	-13068.2619542 	
5.02705410822e-08 0 	0 	-13072.5811626 	
5.08517034068e-08 0 	0 	-13076.9003711 	
5.14328657315e-08 0 	0 	-13081.2195796 	
5.20140280561e-08 0 	0 	-13085.5387881 	
5.25951903808e-08 0 	0 	-13089.8579966 	
5.31763527054e-08 0 	0 	-13095.0655142 	
5.37575150301e-08 0 	0 	-13102.4644772 	
5.43386773547e-08 0 	0 	-13109.8634401 	
5.49198396794e-08 0 	0 	-13117.2624031 	
5.5501002004e-08 0 	0 	-13124.6613661 	
5.60821643287e-08 0 	0 	-13132.0603291 	
5.66633266533e-08 0 	0 	-13139.459292 	
5.7244488978e-08 0 	0 	-13146.858255 	
5.78256513026e-08 0 	0 	-13154.257218 	
5.84068136273e-08 0 	0 	-13161.6561809 	
5.89879759519e-08 0 	0 	-13174.5190413 	
5.95691382766e-08 0 	0 	-13187.3834243 	
6.01503006012e-08 0 	0 	-13200.2478074 	
6.07314629259e-08 0 	0 	-13213.1121904 	
6.13126252505e-08 0 	0 	-13225.9765734 	
6.18937875752e-08 0 	0 	-13238.8409565 	
6.24749498998e-08 0 	0 	-13251.7053395 	
6.30561122244e-08 0 	0 	-13264.5697225 	
6.36372745491e-08 0 	0 	-13277.4341056 	
6.42184368737e-08 0 	0 	-13295.1398699 	
6.47995991984e-08 0 	0 	-13317.83577 	
6.5380761523e-08 0 	0 	-13340.53167 	
6.59619238477e-08 0 	0 	-13363.2275701 	
6.65430861723e-08 0 	0 	-13385.9234702 	
6.7124248497e-08 0 	0 	-13408.6193702 	
6.77054108216e-08 0 	0 	-13431.3152703 	
6.82865731463e-08 0 	0 	-13454.0111704 	
6.88677354709e-08 0 	0 	-13476.7070705 	
6.94488977956e-08 0 	0 	-13499.4029705 	
7.00300601202e-08 0 	0 	-13535.7482915 	
7.06112224449e-08 0 	0 	-13576.3701781 	
7.11923847695e-08 0 	0 	-13616.9920647 	
7.17735470942e-08 0 	0 	-13657.6139513 	
7.23547094188e-08 0 	0 	-13698.2358379 	
7.29358717435e-08 0 	0 	-13738.8577245 	
7.35170340681e-08 0 	0 	-13779.479611 	
7.40981963928e-08 0 	0 	-13820.1014976 	
7.46793587174e-08 0 	0 	-13860.7233842 	
7.52605210421e-08 0 	0 	-13901.3452708 	
7.58416833667e-08 0 	0 	-13968.5190308 	
7.64228456914e-08 0 	0 	-14042.2707577 	
7.7004008016e-08 0 	0 	-14116.0224847 	
7.75851703407e-08 0 	0 	-14189.7742117 	
7.81663326653e-08 0 	0 	-14263.5259387 	
7.874749499e-08 0 	0 	-14337.2776656 	
7.93286573146e-08 0 	0 	-14411.0293926 	
7.99098196393e-08 0 	0 	-14484.7811196 	
8.04909819639e-08 0 	0 	-14558.5328466 	
8.10721442886e-08 0 	0 	-14632.2845736 	
8.16533066132e-08 0 	0 	-14743.7173552 	
8.22344689379e-08 0 	0 	-14879.536673 	
8.28156312625e-08 0 	0 	-15015.3559907 	
8.33967935872e-08 0 	0 	-15151.1753085 	
8.39779559118e-08 0 	0 	-15286.9946263 	
8.45591182365e-08 0 	0 	-15422.8139441 	
8.51402805611e-08 0 	0 	-15558.6332618 	
8.57214428858e-08 0 	0 	-15694.4525796 	
8.63026052104e-08 0 	0 	-15830.2718974 	
8.68837675351e-08 0 	0 	-15966.0912151 	
8.74649298597e-08 0 	0 	-16122.2892589 	
8.80460921844e-08 0 	0 	-16375.9988442 	
8.8627254509e-08 0 	0 	-16629.7084296 	
8.92084168337e-08 0 	0 	-16883.4180149 	
8.97895791583e-08 0 	0 	-17137.1276002 	
9.0370741483e-08 0 	0 	-17390.8371856 	
9.09519038076e-08 0 	0 	-17644.5467709 	
9.15330661323e-08 0 	0 	-17898.2563563 	
9.21142284569e-08 0 	0 	-18151.9659416 	
9.26953907816e-08 0 	0 	-18405.6755269 	
9.32765531062e-08 0 	0 	-18659.3851123 	
9.38577154309e-08 0 	0 	-19025.0563692 	
9.44388777555e-08 0 	0 	-19505.8234578 	
9.50200400802e-08 0 	0 	-19986.5905463 	
9.56012024048e-08 0 	0 	-20467.3576349 	
9.61823647295e-08 0 	0 	-20948.1247234 	
9.67635270541e-08 0 	0 	-21428.891812 	
9.73446893788e-08 0 	0 	-21909.6589005 	
9.79258517034e-08 0 	0 	-22390.4259891 	
9.85070140281e-08 0 	0 	-22871.1930776 	
9.90881763527e-08 0 	0 	-23351.9601662 	
9.96693386774e-08 0 	0 	-23832.7272547 	
1.00250501002e-07 0 	0 	-24562.7770276 	
1.00831663327e-07 0 	0 	-25487.0846784 	
1.01412825651e-07 0 	0 	-26411.3923293 	
1.01993987976e-07 0 	0 	-27335.6999802 	
1.02575150301e-07 0 	0 	-28260.007631 	
1.03156312625e-07 0 	0 	-29184.3152819 	
1.0373747495e-07 0 	0 	-30108.6229328 	
1.04318637275e-07 0 	0 	-31032.9305837 	
1.04899799599e-07 0 	0 	-31957.2382345 	
1.05480961924e-07 0 	0 	-32881.5458854 	
1.06062124248e-07 0 	0 	-33805.8535363 	
1.06643286573e-07 0 	0 	-35058.6773974 	
1.07224448898e-07 0 	0 	-36861.980357 	
1.07805611222e-07 0 	0 	-38665.2833166 	
1.08386773547e-07 0 	0 	-40468.5862762 	
1.08967935872e-07 0 	0 	-42271.8892358 	
1.09549098196e-07 0 	0 	-44075.1921954 	
1.10130260521e-07 0 	0 	-45878.495155 	
1.10711422846e-07 0 	0 	-47681.7981146 	
1.1129258517e-07 0 	0 	-49485.1010743 	
1.11873747495e-07 0 	0 	-51288.4040339 	
1.1245490982e-07 0 	0 	-53091.7069935 	
1.13036072144e-07 0 	0 	-54895.0099531 	
1.13617234469e-07 0 	0 	-58328.6331827 	
1.14198396794e-07 0 	0 	-61899.833809 	
1.14779559118e-07 0 	0 	-65471.0344353 	
1.15360721443e-07 0 	0 	-69042.2350617 	
1.15941883768e-07 0 	0 	-72613.435688 	
1.16523046092e-07 0 	0 	-76184.6363143 	
1.17104208417e-07 0 	0 	-79755.8369407 	
1.17685370741e-07 0 	0 	-83327.037567 	
1.18266533066e-07 0 	0 	-86898.2381933 	
1.18847695391e-07 0 	0 	-90469.4388197 	
1.19428857715e-07 0 	0 	-94040.639446 	
1.2001002004e-07 0 	0 	-98338.2517639 	
1.20591182365e-07 0 	0 	-105520.692716 	
1.21172344689e-07 0 	0 	-112703.133668 	
1.21753507014e-07 0 	0 	-119885.57462 	
1.22334669339e-07 0 	0 	-127068.015571 	
1.22915831663e-07 0 	0 	-134250.456523 	
1.23496993988e-07 0 	0 	-141432.897475 	
1.24078156313e-07 0 	0 	-148615.338427 	
1.24659318637e-07 0 	0 	-155797.779379 	
1.25240480962e-07 0 	0 	-162980.220331 	
1.25821643287e-07 0 	0 	-170162.661283 	
1.26402805611e-07 0 	0 	-177345.102235 	
1.26983967936e-07 0 	0 	-186061.458926 	
1.27565130261e-07 0 	0 	-200751.393627 	
1.28146292585e-07 0 	0 	-215441.328327 	
1.2872745491e-07 0 	0 	-230131.263028 	
1.29308617234e-07 0 	0 	-244821.197728 	
1.29889779559e-07 0 	0 	-259511.132429 	
1.30470941884e-07 0 	0 	-274201.067129 	
1.31052104208e-07 0 	0 	-288891.001829 	
1.31633266533e-07 0 	0 	-303580.93653 	
1.32214428858e-07 0 	0 	-318270.87123 	
1.32795591182e-07 0 	0 	-332960.805931 	
1.33376753507e-07 0 	0 	-347650.740631 	
1.33957915832e-07 0 	0 	-362340.675332 	
1.34539078156e-07 0 	0 	-391846.2001 	
1.35120240481e-07 0 	0 	-422549.783591 	
1.35701402806e-07 0 	0 	-453253.367083 	
1.3628256513e-07 0 	0 	-483956.950575 	
1.36863727455e-07 0 	0 	-514660.534066 	
1.3744488978e-07 0 	0 	-545364.117558 	
1.38026052104e-07 0 	0 	-576067.70105 	
1.38607214429e-07 0 	0 	-606771.284542 	
1.39188376754e-07 0 	0 	-637474.868033 	
1.39769539078e-07 0 	0 	-668178.451525 	
1.40350701403e-07 0 	0 	-698882.035017 	
1.40931863727e-07 0 	0 	-729585.618508 	
1.41513026052e-07 0 	0 	-764132.145096 	
1.42094188377e-07 0 	0 	-805596.904829 	
1.42675350701e-07 0 	0 	-847061.664561 	
1.43256513026e-07 0 	0 	-888526.424293 	
1.43837675351e-07 0 	0 	-929991.184025 	
1.44418837675e-07 0 	0 	-971455.943758 	
1.45e-07 0 	0 	-1012920.70349 	
