-1.45e-07 0.0245571812836 1.09328430652 0.915254446167
-1.44418837675e-07 0.0244027469143 1.08682446853 0.920702998056
-1.43837675351e-07 0.0242553687322 1.08077687519 0.925843877059
-1.43256513026e-07 0.0241165880483 1.07523733334 0.930612632385
-1.42675350701e-07 0.0239844391257 1.07008632554 0.935089614972
-1.42094188377e-07 0.0238577290036 1.06525243861 0.939324973486
-1.41513026052e-07 0.0237360396258 1.06071032329 0.943335768723
-1.40931863727e-07 0.023621643572 1.05658926716 0.947015656085
-1.40350701403e-07 0.0235116087489 1.05271845642 0.950494772176
-1.39769539078e-07 0.0234053694569 1.04906508032 0.953798410772
-1.39188376754e-07 0.0233044630772 1.04571607643 0.956853076971
-1.38607214429e-07 0.023207736105 1.04260452427 0.959709953639
-1.38026052104e-07 0.0231138305736 1.03965305217 0.962432666672
-1.3744488978e-07 0.0230244165148 1.03695579336 0.96493999665
-1.36863727455e-07 0.0229382140012 1.03443974932 0.967291325077
-1.3628256513e-07 0.0228540841977 1.03204063001 0.969541830676
-1.35701402806e-07 0.0227743547825 1.02988922668 0.971575874035
-1.35120240481e-07 0.022696424789 1.02783895466 0.973520296
-1.34539078156e-07 0.0226209192895 1.02592494436 0.975343964436
-1.33957915832e-07 0.022548352181 1.02417592165 0.977019478211
-1.33376753507e-07 0.0224769131103 1.02249023369 0.978637977813
-1.32795591182e-07 0.0224087363843 1.02098767327 0.980089970937
-1.32214428858e-07 0.0223415791192 1.01954236134 0.981489293681
-1.31633266533e-07 0.0222765534789 1.01821675221 0.982778486197
-1.31052104208e-07 0.0222130666784 1.01697764784 0.983987193804
-1.30470941884e-07 0.0221508800427 1.01581163129 0.985127899765
-1.29889779559e-07 0.0220905250775 1.01474875479 0.986171608892
-1.29308617234e-07 0.0220308873042 1.01372626285 0.98717733884
-1.2872745491e-07 0.0219731928212 1.01281345159 0.988078852364
-1.28146292585e-07 0.0219158350922 1.01191964698 0.988962306158
-1.27565130261e-07 0.0218603915195 1.01113420065 0.989741767845
-1.26983967936e-07 0.0218050656561 1.01035541772 0.990514834629
-1.26402805611e-07 0.0217515197144 1.0096777604 0.991189901863
-1.25821643287e-07 0.0216979974301 1.00900144716 0.991863666566
-1.25240480962e-07 0.0216460467124 1.0084148062 0.992449696025
-1.24659318637e-07 0.0215941188095 1.00782946704 0.993034451808
-1.24078156313e-07 0.0215435064868 1.00731956896 0.99354469326
-1.23496993988e-07 0.0214929820075 1.00681470821 0.994049959262
-1.22915831663e-07 0.0214434917135 1.00636949181 0.994495753031
-1.22334669339e-07 0.0213941970503 1.00593555799 0.994930296777
-1.21753507014e-07 0.0213456479936 1.00554490518 0.995321270859
-1.21172344689e-07 0.0212974259705 1.00517323605 0.995693134665
-1.20591182365e-07 0.0212496683137 1.0048287207 0.996037397961
-1.2001002004e-07 0.0212023772447 1.00451148904 0.996353928703
-1.19428857715e-07 0.0211552877849 1.00420614419 0.996658257318
-1.18847695391e-07 0.0211088005191 1.00393630449 0.996926138925
-1.18266533066e-07 0.0210623132533 1.00366646479 0.997194020531
-1.17685370741e-07 0.0210164816571 1.00343564435 0.997421441092
-1.17104208417e-07 0.0209706846179 1.00320688042 0.997646729152
-1.16523046092e-07 0.0209252381368 1.00299919854 0.997849928264
-1.15941883768e-07 0.0208800303638 1.00280587221 0.998038086188
-1.15360721443e-07 0.020834914817 1.00261815859 0.998220300405
-1.14779559118e-07 0.0207902070165 1.00245525963 0.998376236573
-1.14198396794e-07 0.0207454992161 1.00229236067 0.998532172741
-1.13617234469e-07 0.0207010936953 1.00214810881 0.998668145944
-1.13036072144e-07 0.0206568073089 1.00201120614 0.998796251353
-1.1245490982e-07 0.0206125886653 1.00187854788 0.998919762315
-1.11873747495e-07 0.0205686549597 1.00176374234 0.999023948263
-1.1129258517e-07 0.0205247212541 1.00164893681 0.999128134211
-1.10711422846e-07 0.0204809654631 1.00154548085 0.999219897663
-1.10130260521e-07 0.0204373246499 1.0014493596 0.999303633044
-1.09549098196e-07 0.0203936838368 1.00135323834 0.999387368424
-1.08967935872e-07 0.0203502750556 1.00127223354 0.999454377337
-1.08386773547e-07 0.0203068754446 1.00119182617 0.999520725196
-1.07805611222e-07 0.0202635258746 1.00111476096 0.999583336571
-1.07224448898e-07 0.0202203230647 1.00104749763 0.999634989588
-1.06643286573e-07 0.0201771202549 1.00098023429 0.999686642605
-1.06062124248e-07 0.0201339941804 1.00091825081 0.999732338065
-1.05480961924e-07 0.020090950293 1.00086192232 0.999771652695
-1.04899799599e-07 0.0200479064056 1.00080559382 0.999810967325
-1.04318637275e-07 0.0200049444861 1.00075511256 0.999843635329
-1.0373747495e-07 0.019962027443 1.0007078326 0.999872664383
-1.03156312625e-07 0.0199191103998 1.00066055264 0.999901693436
-1.02575150301e-07 0.0198762675577 1.00061880638 0.999924404375
-1.01993987976e-07 0.0198334504054 1.00057897601 0.999944927855
-1.01412825651e-07 0.0197906332531 1.00053914563 0.999965451335
-1.00831663327e-07 0.0197478758122 1.00050402271 0.999980600606
-1.00250501002e-07 0.0197051360954 1.00047029708 0.999994154666
-9.96693386774e-08 0.0196623963785 1.00043657146 1.00000770873
-9.90881763527e-08 0.0196196996278 1.00040648086 1.00001714114
-9.85070140281e-08 0.0195770188109 1.00037773829 1.00002504507
-9.79258517034e-08 0.0195343379939 1.00034899572 1.00003294901
-9.73446893788e-08 0.0194916841421 1.0003227527 1.00003806572
-9.67635270541e-08 0.0194490470805 1.00029806606 1.00004144694
-9.61823647295e-08 0.0194064100189 1.00027337942 1.00004482816
-9.56012024048e-08 0.0193637865053 1.00025010987 1.00004667743
-9.50200400802e-08 0.019321180965 1.0002287203 1.00004649437
-9.44388777555e-08 0.0192785754247 1.00020733073 1.0000463113
-9.38577154309e-08 0.0192359735486 1.00018639278 1.00004566459
-9.32765531062e-08 0.0191933897726 1.00016768571 1.00004272763
-9.26953907816e-08 0.0191508059966 1.00014897865 1.00003979067
-9.21142284569e-08 0.0191082222207 1.00013027158 1.00003685372
-9.15330661323e-08 0.0190656501482 1.00011338304 1.0000321961
-9.09519038076e-08 0.0190230804699 1.00009686651 1.00002718648
-9.0370741483e-08 0.0189805107916 1.00008034999 1.00002217686
-8.97895791583e-08 0.018937944494 1.00006457829 1.00001654563
-8.92084168337e-08 0.0188953829931 1.00004986337 1.00001003244
-8.8627254509e-08 0.0188528214921 1.00003514845 1.00000351925
-8.80460921844e-08 0.0188102599911 1.00002043353 0.999997006065
-8.74649298597e-08 0.0187677018817 1.00000709148 0.999989547771
-8.68837675351e-08 0.0187251440821 0.999993874848 0.99998200313
-8.63026052104e-08 0.0186825862825 0.999980658217 0.99997445849
-8.57214428858e-08 0.0186400286197 0.999967867764 0.999966697299
-8.51402805611e-08 0.0185974712263 0.999955916299 0.999958509796
-8.45591182365e-08 0.0185549138329 0.999943964835 0.999950322294
-8.39779559118e-08 0.0185123564395 0.99993201337 0.999942134792
-8.33967935872e-08 0.0184697977431 0.999920794811 0.999933727857
-8.28156312625e-08 0.0184272384142 0.999909932043 0.999925214397
-8.22344689379e-08 0.0183846790852 0.999899069276 0.999916700938
-8.16533066132e-08 0.0183421197563 0.999888206508 0.999908187478
-8.10721442886e-08 0.0182995571785 0.999878227486 0.999899609033
-8.04909819639e-08 0.0182569943309 0.999868321854 0.999891025192
-7.99098196393e-08 0.0182144314834 0.999858416221 0.999882441351
-7.93286573146e-08 0.0181718682517 0.999848583906 0.999873868834
-7.874749499e-08 0.0181293008965 0.999839538649 0.99986541787
-7.81663326653e-08 0.0180867335413 0.999830493391 0.999856966907
-7.75851703407e-08 0.0180441661861 0.999821448134 0.999848515944
-7.7004008016e-08 0.0180015980406 0.999812526719 0.999840110704
-7.64228456914e-08 0.0179590256449 0.999804271304 0.999831951357
-7.58416833667e-08 0.0179164532492 0.999796015889 0.999823792009
-7.52605210421e-08 0.0178738808535 0.999787760474 0.999815632661
-7.46793587174e-08 0.0178313077467 0.999779605423 0.999807529392
-7.40981963928e-08 0.0177887301196 0.999772088353 0.999799782591
-7.35170340681e-08 0.0177461524924 0.999764571283 0.999792035791
-7.29358717435e-08 0.0177035748653 0.999757054213 0.99978428899
-7.23547094188e-08 0.0176609971324 0.99974955146 0.999776552446
-7.17735470942e-08 0.0176184143318 0.999742734345 0.99976930708
-7.11923847695e-08 0.0175758315312 0.99973591723 0.999762061715
-7.06112224449e-08 0.0175332487307 0.999729100116 0.99975481635
-7.00300601202e-08 0.0174906659301 0.999722283001 0.999747570985
-6.94488977956e-08 0.0174480791361 0.999716007237 0.999740780776
-6.88677354709e-08 0.017405491394 0.999709859998 0.999734098628
-6.82865731463e-08 0.0173629036519 0.999703712759 0.999727416481
-6.77054108216e-08 0.0173203159098 0.999697565521 0.999720734333
-6.7124248497e-08 0.0172777258853 0.99969173831 0.999714351257
-6.65430861723e-08 0.0172351335482 0.999686235386 0.99970827123
-6.59619238477e-08 0.0171925412111 0.999680732461 0.999702191204
-6.5380761523e-08 0.0171499488739 0.999675229536 0.999696111177
-6.47995991984e-08 0.0171073561865 0.999669778601 0.999690083258
-6.42184368737e-08 0.0170647596692 0.999664896037 0.999684624998
-6.36372745491e-08 0.017022163152 0.999660013474 0.999679166738
-6.30561122244e-08 0.0169795666348 0.999655130911 0.999673708478
-6.24749498998e-08 0.0169369701175 0.999650248347 0.999668250219
-6.18937875752e-08 0.016894371484 0.999645703692 0.999663146536
-6.13126252505e-08 0.0168517712349 0.999641417009 0.999658313551
-6.07314629259e-08 0.0168091709858 0.999637130326 0.999653480566
-6.01503006012e-08 0.0167665707367 0.999632843643 0.999648647582
-5.95691382766e-08 0.0167239704876 0.99962855696 0.999643814597
-5.89879759519e-08 0.0166813671455 0.99962480782 0.99963956253
-5.84068136273e-08 0.0166387636201 0.999621090532 0.999635344886
-5.78256513026e-08 0.0165961600948 0.999617373244 0.999631127242
-5.7244488978e-08 0.0165535565694 0.999613655956 0.999626909598
-5.66633266533e-08 0.0165109524429 0.999610053286 0.999622818103
-5.60821643287e-08 0.0164683460856 0.999606875989 0.999619194776
-5.5501002004e-08 0.0164257397282 0.999603698692 0.999615571448
-5.49198396794e-08 0.0163831333709 0.999600521395 0.999611948121
-5.43386773547e-08 0.0163405270135 0.999597344097 0.999608324793
-5.37575150301e-08 0.016297919766 0.999594354024 0.999604909748
-5.31763527054e-08 0.0162553109969 0.999591683948 0.999601850693
-5.25951903808e-08 0.0162127022279 0.999589013872 0.999598791637
-5.20140280561e-08 0.0161700934589 0.999586343796 0.999595732581
-5.14328657315e-08 0.0161274846898 0.99958367372 0.999592673526
-5.08517034068e-08 0.016084875087 0.99958119771 0.999589831619
-5.02705410822e-08 0.0160422642944 0.999578998658 0.99958729961
-4.96893787575e-08 0.0159996535018 0.999576799605 0.999584767601
-4.91082164329e-08 0.0159570427092 0.999574600553 0.999582235592
-4.85270541082e-08 0.0159144319166 0.999572401501 0.999579703583
-4.79458917836e-08 0.0158718205583 0.999570348454 0.999577335388
-4.73647294589e-08 0.0158292080934 0.999568581041 0.999575287671
-4.67835671343e-08 0.0157865956285 0.999566813628 0.999573239953
-4.62024048096e-08 0.0157439831636 0.999565046215 0.999571192235
-4.5621242485e-08 0.0157013706987 0.999563278803 0.999569144517
-4.50400801603e-08 0.0156587580364 0.999561567918 0.999567160286
-4.44589178357e-08 0.0156161442117 0.999560190054 0.999565550072
-4.3877755511e-08 0.015573530387 0.99955881219 0.999563939858
-4.32965931864e-08 0.0155309165623 0.999557434325 0.999562329644
-4.27154308617e-08 0.0154883027376 0.999556056461 0.999560719429
-4.21342685371e-08 0.0154456889129 0.999554678596 0.999559109215
-4.15531062124e-08 0.0154030741868 0.999553587335 0.999557820993
-4.09719438878e-08 0.0153604592759 0.999552554872 0.999556598828
-4.03907815631e-08 0.0153178443649 0.999551522409 0.999555376664
-3.98096192385e-08 0.0152752294539 0.999550489946 0.999554154499
-3.92284569138e-08 0.0152326145429 0.999549457484 0.999552932335
-3.86472945892e-08 0.0151899993008 0.999548541816 0.999551841453
-3.80661322645e-08 0.0151473835393 0.999547809329 0.999550956474
-3.74849699399e-08 0.0151047677778 0.999547076841 0.999550071494
-3.69038076152e-08 0.0150621520164 0.999546344353 0.999549186514
-3.63226452906e-08 0.0150195362549 0.999545611865 0.999548301535
-3.57414829659e-08 0.0149769204934 0.999544879378 0.999547416555
-3.51603206413e-08 0.0149343041979 0.9995443555 0.99954676641
-3.45791583166e-08 0.014891687786 0.999543877131 0.999546167495
-3.3997995992e-08 0.014849071374 0.999543398763 0.999545568581
-3.34168336673e-08 0.014806454962 0.999542920395 0.999544969666
-3.28356713427e-08 0.0147638385501 0.999542442026 0.999544370752
-3.2254509018e-08 0.0147212220794 0.999541989006 0.999543800469
-3.16733466934e-08 0.0146786051839 0.999541719363 0.999543437313
-3.10921843687e-08 0.0146359882884 0.999541449719 0.999543074158
-3.05110220441e-08 0.014593371393 0.999541180076 0.999542711002
-2.99298597194e-08 0.0145507544975 0.999540910433 0.999542347846
-2.93486973948e-08 0.014508137602 0.999540640789 0.999541984691
-2.87675350701e-08 0.0144655206067 0.999540418555 0.999541675439
-2.81863727455e-08 0.0144229033645 0.999540313607 0.999541499538
-2.76052104208e-08 0.0143802861222 0.999540208659 0.999541323638
-2.70240480962e-08 0.0143376688799 0.99954010371 0.999541147737
-2.64428857715e-08 0.0142950516377 0.999539998762 0.999540971837
-2.58617234469e-08 0.0142524343954 0.999539893814 0.999540795936
-2.52805611222e-08 0.0142098170779 0.999539827834 0.999540664884
-2.46993987976e-08 0.0141671995984 0.99953984581 0.999540630454
-2.41182364729e-08 0.0141245821189 0.999539863786 0.999540596025
-2.35370741483e-08 0.0140819646395 0.999539881762 0.999540561596
-2.29559118236e-08 0.01403934716 0.999539899738 0.999540527167
-2.2374749499e-08 0.0139967296805 0.999539917714 0.999540492738
-2.17935871743e-08 0.0139541121698 0.999539953025 0.999540478723
-2.12124248497e-08 0.0139114945386 0.999540055292 0.99954054356
-2.0631262525e-08 0.0138688769073 0.999540157559 0.999540608396
-2.00501002004e-08 0.0138262592761 0.999540259826 0.999540673233
-1.94689378758e-08 0.0137836416449 0.999540362092 0.999540738069
-1.88877755511e-08 0.0137410240137 0.999540464359 0.999540802906
-1.83066132265e-08 0.0136984063825 0.999540566626 0.999540867742
-1.77254509018e-08 0.0136557886684 0.999540716091 0.999540990988
-1.71442885772e-08 0.0136131709501 0.999540868013 0.999541117275
-1.65631262525e-08 0.0135705532318 0.999541019935 0.999541243562
-1.59819639279e-08 0.0135279355135 0.999541171858 0.99954136985
-1.54008016032e-08 0.0134853177952 0.99954132378 0.999541496137
-1.48196392786e-08 0.0134427000768 0.999541475702 0.999541622425
-1.42384769539e-08 0.0134000823364 0.999541638517 0.999541764506
-1.36573146293e-08 0.0133574645778 0.99954181031 0.999541919606
-1.30761523046e-08 0.0133148468192 0.999541982103 0.999542074707
-1.249498998e-08 0.0132722290606 0.999542153897 0.999542229808
-1.19138276553e-08 0.013229611302 0.99954232569 0.999542384908
-1.13326653307e-08 0.0131869935434 0.999542497483 0.999542540009
-1.0751503006e-08 0.0131443757848 0.999542669276 0.99954269511
-1.01703406814e-08 0.0131017580184 0.999542836892 0.999542852336
-9.58917835671e-09 0.013059140252 0.999543004487 0.999543009572
-9.00801603206e-09 0.0130165224855 0.999543172082 0.999543166809
-8.42685370741e-09 0.0129739047191 0.999543339676 0.999543324046
-7.84569138277e-09 0.0129312869526 0.999543507271 0.999543481282
-7.26452905812e-09 0.0128886691862 0.999543674866 0.999543638519
-6.68336673347e-09 0.0128460514236 0.999543836228 0.999543790639
-6.10220440882e-09 0.0128034336708 0.999543982173 0.999543930107
-5.52104208417e-09 0.012760815918 0.999544128119 0.999544069576
-4.93987975952e-09 0.0127181981652 0.999544274065 0.999544209044
-4.35871743487e-09 0.0126755804124 0.999544420011 0.999544348512
-3.77755511022e-09 0.0126329626596 0.999544565956 0.99954448798
-3.19639278557e-09 0.0125903449068 0.999544711902 0.999544627448
-2.61523046092e-09 0.0125477271659 0.999544844526 0.999544754218
-2.03406813627e-09 0.0125051094413 0.999544958971 0.999544863661
-1.45290581162e-09 0.0124624917167 0.999545073416 0.999544973103
-8.71743486974e-10 0.0124198739921 0.999545187861 0.999545082545
-2.90581162324e-10 0.0123772562674 0.999545302307 0.999545191988
2.90581162325e-10 0.0123346385428 0.999545416752 0.99954530143
8.71743486974e-10 0.0122920208182 0.999545531197 0.999545410873
1.45290581162e-09 0.0122494031096 0.999545632699 0.999545506973
2.03406813627e-09 0.0122067854253 0.999545714487 0.999545582752
2.61523046092e-09 0.012164167741 0.999545796276 0.999545658531
3.19639278557e-09 0.0121215500567 0.999545878064 0.999545734311
3.77755511022e-09 0.0120789323724 0.999545959852 0.99954581009
4.35871743487e-09 0.0120363146881 0.999546041641 0.999545885869
4.93987975952e-09 0.0119936970038 0.999546123429 0.999545961648
5.52104208417e-09 0.0119510793309 0.99954620034 0.99954603179
6.10220440882e-09 0.0119084617024 0.999546258269 0.999546079996
6.68336673347e-09 0.0118658440739 0.999546316198 0.999546128202
7.26452905812e-09 0.0118232264453 0.999546374128 0.999546176408
7.84569138277e-09 0.0117806088168 0.999546432057 0.999546224614
8.42685370742e-09 0.0117379911882 0.999546489986 0.999546272819
9.00801603206e-09 0.0116953735597 0.999546547915 0.999546321025
9.58917835671e-09 0.0116527559312 0.999546605844 0.999546369231
1.01703406814e-08 0.0116101383714 0.999546660692 0.999546408592
1.0751503006e-08 0.0115675208245 0.999546714968 0.999546446309
1.13326653307e-08 0.0115249032775 0.999546769243 0.999546484026
1.19138276553e-08 0.0114822857306 0.999546823518 0.999546521743
1.249498998e-08 0.0114396681836 0.999546877793 0.99954655946
1.30761523046e-08 0.0113970506366 0.999546932069 0.999546597177
1.36573146293e-08 0.0113544330897 0.999546986344 0.999546634894
1.42384769539e-08 0.0113118155821 0.999547049773 0.999546678488
1.48196392786e-08 0.0112691981624 0.999547133681 0.999546735229
1.54008016032e-08 0.0112265807427 0.999547217588 0.99954679197
1.59819639279e-08 0.011183963323 0.999547301496 0.999546848711
1.65631262525e-08 0.0111413459033 0.999547385404 0.999546905452
1.71442885772e-08 0.0110987284836 0.999547469311 0.999546962193
1.77254509018e-08 0.0110561110639 0.999547553219 0.999547018934
1.83066132265e-08 0.0110134936442 0.999547637126 0.999547075675
1.88877755511e-08 0.0109708763472 0.999547767547 0.999547169767
1.94689378758e-08 0.0109282591329 0.999547929333 0.999547289046
2.00501002004e-08 0.0108856419186 0.999548091119 0.999547408324
2.06312625251e-08 0.0108430247044 0.999548252904 0.999547527602
2.12124248497e-08 0.0108004074901 0.99954841469 0.99954764688
2.17935871743e-08 0.0107577902759 0.999548576476 0.999547766159
2.2374749499e-08 0.0107151730616 0.999548738261 0.999547885437
2.29559118236e-08 0.0106725558473 0.999548900047 0.999548004715
2.35370741483e-08 0.0106299388679 0.999549162595 0.999548209675
2.41182364729e-08 0.0105873219872 0.999549467478 0.999548450636
2.46993987976e-08 0.0105447051064 0.999549772362 0.999548691596
2.52805611222e-08 0.0105020882257 0.999550077245 0.999548932557
2.58617234469e-08 0.0104594713449 0.999550382129 0.999549173517
2.64428857715e-08 0.0104168544642 0.999550687013 0.999549414477
2.70240480962e-08 0.0103742375835 0.999550991896 0.999549655438
2.76052104208e-08 0.0103316207027 0.99955129678 0.999549896398
2.81863727455e-08 0.0102890041568 0.999551743776 0.999550261164
2.87675350701e-08 0.0102463878117 0.999552275931 0.999550700118
2.93486973948e-08 0.0102037714665 0.999552808087 0.999551139073
2.99298597194e-08 0.0101611551213 0.999553340242 0.999551578027
3.05110220441e-08 0.0101185387761 0.999553872397 0.999552016982
3.10921843687e-08 0.0100759224309 0.999554404553 0.999552455936
3.16733466934e-08 0.0100333060858 0.999554936708 0.999552894891
3.2254509018e-08 0.00999068974057 0.999555468864 0.999553333845
3.28356713427e-08 0.00994807369641 0.99955611933 0.999553877088
3.34168336673e-08 0.00990545819596 0.999556983498 0.999554608705
3.3997995992e-08 0.00986284269552 0.999557847667 0.999555340323
3.45791583166e-08 0.00982022719507 0.999558711836 0.99955607194
3.51603206413e-08 0.00977761169463 0.999559576004 0.999556803557
3.57414829659e-08 0.00973499619419 0.999560440173 0.999557535175
3.63226452906e-08 0.00969238069374 0.999561304342 0.999558266792
3.69038076152e-08 0.0096497651933 0.99956216851 0.999558998409
3.74849699399e-08 0.00960714969286 0.999563032679 0.999559730027
3.80661322645e-08 0.0095645353589 0.999564305723 0.999560824294
3.86472945892e-08 0.00952192116498 0.999565627855 0.9995619621
3.92284569138e-08 0.00947930697106 0.999566949987 0.999563099906
3.98096192385e-08 0.00943669277714 0.999568272119 0.999564237712
4.03907815631e-08 0.00939407858322 0.99956959425 0.999565375518
4.09719438878e-08 0.0093514643893 0.999570916382 0.999566513324
4.15531062124e-08 0.00930885019538 0.999572238514 0.999567651129
4.21342685371e-08 0.00926623600146 0.999573560646 0.999568788935
4.27154308617e-08 0.00922362226343 0.999575021711 0.99957005055
4.32965931864e-08 0.00918101005055 0.999576947567 0.999571726354
4.3877755511e-08 0.00913839783767 0.999578873422 0.999573402159
4.44589178357e-08 0.00909578562478 0.999580799277 0.999575077963
4.50400801603e-08 0.0090531734119 0.999582725132 0.999576753768
4.5621242485e-08 0.00901056119902 0.999584650988 0.999578429572
4.62024048096e-08 0.00896794898613 0.999586576843 0.999580105376
4.67835671343e-08 0.00892533677325 0.999588502698 0.999581781181
4.73647294589e-08 0.00888272456037 0.999590428553 0.999583456985
4.79458917836e-08 0.0088401134174 0.999592632184 0.999585382301
4.85270541082e-08 0.00879750414707 0.999595321997 0.99958774433
4.91082164329e-08 0.00875489487674 0.99959801181 0.999590106358
4.96893787575e-08 0.00871228560641 0.999600701624 0.999592468386
5.02705410822e-08 0.00866967633608 0.999603391437 0.999594830414
5.08517034068e-08 0.00862706706576 0.99960608125 0.999597192443
5.14328657315e-08 0.00858445779543 0.999608771063 0.999599554471
5.20140280561e-08 0.0085418485251 0.999611460876 0.999601916499
5.25951903808e-08 0.00849923925477 0.999614150689 0.999604278527
5.31763527054e-08 0.00845663121555 0.999617107583 0.999606885199
5.37575150301e-08 0.00841402621344 0.999620723361 0.999610095403
5.43386773547e-08 0.00837142121133 0.999624339139 0.999613305607
5.49198396794e-08 0.00832881620922 0.999627954916 0.999616515811
5.5501002004e-08 0.00828621120711 0.999631570694 0.999619726015
5.60821643287e-08 0.008243606205 0.999635186472 0.99962293622
5.66633266533e-08 0.00820100120289 0.999638802249 0.999626146424
5.7244488978e-08 0.00815839620078 0.999642418027 0.999629356628
5.78256513026e-08 0.00811579119867 0.999646033805 0.999632566832
5.84068136273e-08 0.00807318619656 0.999649649583 0.999635777036
5.89879759519e-08 0.00803058719005 0.999654328303 0.999640009815
5.95691382766e-08 0.00798798818522 0.99965900732 0.999644242879
6.01503006012e-08 0.00794538918039 0.999663686336 0.999648475943
6.07314629259e-08 0.00790279017555 0.999668365353 0.999652709008
6.13126252505e-08 0.00786019117072 0.99967304437 0.999656942072
6.18937875752e-08 0.00781759216588 0.999677723386 0.999661175136
6.24749498998e-08 0.00777499316105 0.999682402403 0.9996654082
6.30561122244e-08 0.00773239415622 0.999687081419 0.999669641265
6.36372745491e-08 0.00768979515138 0.999691760436 0.999673874329
6.42184368737e-08 0.00764720009313 0.999696992419 0.999678707491
6.47995991984e-08 0.00760460910273 0.999702794358 0.999684159188
6.5380761523e-08 0.00756201811232 0.999708596297 0.999689610885
6.59619238477e-08 0.00751942712192 0.999714398237 0.999695062583
6.65430861723e-08 0.00747683613151 0.999720200176 0.99970051428
6.7124248497e-08 0.0074342451411 0.999726002115 0.999705965977
6.77054108216e-08 0.0073916541507 0.999731804055 0.999711417675
6.82865731463e-08 0.00734906316029 0.999737605994 0.999716869372
6.88677354709e-08 0.00730647216989 0.999743407933 0.999722321069
6.94488977956e-08 0.00726388117948 0.999749209872 0.999727772767
7.00300601202e-08 0.00722129761042 0.99975577352 0.999734346127
7.06112224449e-08 0.00717871636659 0.999762575823 0.999741270922
7.11923847695e-08 0.00713613512275 0.999769378126 0.999748195716
7.17735470942e-08 0.00709355387892 0.999776180429 0.99975512051
7.23547094188e-08 0.00705097263508 0.999782982731 0.999762045305
7.29358717435e-08 0.00700839139125 0.999789785034 0.999768970099
7.35170340681e-08 0.00696581014741 0.999796587337 0.999775894893
7.40981963928e-08 0.00692322890357 0.99980338964 0.999782819688
7.46793587174e-08 0.00688064765974 0.999810191942 0.999789744482
7.52605210421e-08 0.0068380664159 0.999816994245 0.999796669276
7.58416833667e-08 0.00679549271401 0.9998241859 0.99980511786
7.64228456914e-08 0.00675292088055 0.999831474012 0.999813943947
7.7004008016e-08 0.00671034904709 0.999838762124 0.999822770034
7.75851703407e-08 0.00666777721364 0.999846050237 0.999831596122
7.81663326653e-08 0.00662520538018 0.999853338349 0.999840422209
7.874749499e-08 0.00658263354673 0.999860626462 0.999849248296
7.93286573146e-08 0.00654006171327 0.999867914574 0.999858074384
7.99098196393e-08 0.00649748987982 0.999875202687 0.999866900471
8.04909819639e-08 0.00645491804636 0.999882490799 0.999875726558
8.10721442886e-08 0.0064123462129 0.999889778912 0.999884552646
8.16533066132e-08 0.00636977571078 0.999896550834 0.999895083716
8.22344689379e-08 0.00632720607026 0.999902988688 0.999906718223
8.28156312625e-08 0.00628463642975 0.999909426542 0.999918352729
8.33967935872e-08 0.00624206678924 0.999915864396 0.999929987236
8.39779559118e-08 0.00619949714873 0.99992230225 0.999941621743
8.45591182365e-08 0.00615692750821 0.999928740104 0.999953256249
8.51402805611e-08 0.0061143578677 0.999935177958 0.999964890756
8.57214428858e-08 0.00607178822719 0.999941615812 0.999976525262
8.63026052104e-08 0.00602921858667 0.999948053665 0.999988159769
8.68837675351e-08 0.00598664894616 0.999954491519 0.999999794275
8.74649298597e-08 0.00594407514185 0.999960253682 1.0000122843
8.80460921844e-08 0.0059014814139 0.999962782685 1.00002886793
8.8627254509e-08 0.00585888768595 0.999965311688 1.00004545156
8.92084168337e-08 0.005816293958 0.999967840692 1.0000620352
8.97895791583e-08 0.00577370023005 0.999970369695 1.00007861883
9.0370741483e-08 0.0057311065021 0.999972898698 1.00009520246
9.09519038076e-08 0.00568851277415 0.999975427701 1.0001117861
9.15330661323e-08 0.0056459190462 0.999977956704 1.00012836973
9.21142284569e-08 0.00560332531825 0.999980485708 1.00014495336
9.26953907816e-08 0.0055607315903 0.999983014711 1.000161537
9.32765531062e-08 0.00551813786235 0.999985543714 1.00017812063
9.38577154309e-08 0.0054754951887 0.999982834271 1.00019969468
9.44388777555e-08 0.00543280219921 0.99997473974 1.00022639886
9.50200400802e-08 0.00539010920972 0.99996664521 1.00025310303
9.56012024048e-08 0.00534741622022 0.999958550679 1.0002798072
9.61823647295e-08 0.00530472323073 0.999950456149 1.00030651137
9.67635270541e-08 0.00526203024124 0.999942361618 1.00033321555
9.73446893788e-08 0.00521933725175 0.999934267088 1.00035991972
9.79258517034e-08 0.00517664426226 0.999926172558 1.00038662389
9.85070140281e-08 0.00513395127277 0.999918078027 1.00041332806
9.90881763527e-08 0.00509125828328 0.999909983497 1.00044003224
9.96693386774e-08 0.00504856529379 0.999901888966 1.00046673641
1.00250501002e-07 0.00500570643954 0.999879617046 1.00050609761
1.00831663327e-07 0.00496271833228 0.999846297147 1.00055532201
1.01412825651e-07 0.00491973022502 0.999812977248 1.00060454641
1.01993987976e-07 0.00487674211776 0.99977965735 1.00065377082
1.02575150301e-07 0.00483375401051 0.999746337451 1.00070299522
1.03156312625e-07 0.00479076590325 0.999713017552 1.00075221962
1.0373747495e-07 0.00474777779599 0.999679697653 1.00080144403
1.04318637275e-07 0.00470478968874 0.999646377755 1.00085066843
1.04899799599e-07 0.00466180158148 0.999613057856 1.00089989284
1.05480961924e-07 0.00461881347422 0.999579737957 1.00094911724
1.06062124248e-07 0.00457582536696 0.999546418059 1.00099834164
1.06643286573e-07 0.00453254463569 0.999491751268 1.00106695521
1.07224448898e-07 0.00448877356817 0.9994013145 1.00116805829
1.07805611222e-07 0.00444500250064 0.999310877732 1.00126916137
1.08386773547e-07 0.00440123143312 0.999220440964 1.00137026445
1.08967935872e-07 0.0043574603656 0.999130004195 1.00147136753
1.09549098196e-07 0.00431368929808 0.999039567427 1.00157247061
1.10130260521e-07 0.00426991823055 0.998949130659 1.00167357369
1.10711422846e-07 0.00422614716303 0.998858693891 1.00177467677
1.1129258517e-07 0.00418237609551 0.998768257123 1.00187577984
1.11873747495e-07 0.00413860502798 0.998677820354 1.00197688292
1.1245490982e-07 0.00409483396046 0.998587383586 1.002077986
1.13036072144e-07 0.00405106289294 0.998496946818 1.00217908908
1.13617234469e-07 0.0040054747449 0.998289007964 1.00239158035
1.14198396794e-07 0.00395973325937 0.998071153494 1.0026134713
1.14779559118e-07 0.00391399177384 0.997853299024 1.00283536225
1.15360721443e-07 0.00386825028832 0.997635444554 1.0030572532
1.15941883768e-07 0.00382250880279 0.997417590084 1.00327914415
1.16523046092e-07 0.00377676731726 0.997199735614 1.0035010351
1.17104208417e-07 0.00373102583174 0.996981881144 1.00372292606
1.17685370741e-07 0.00368528434621 0.996764026673 1.00394481701
1.18266533066e-07 0.00363954286068 0.996546172203 1.00416670796
1.18847695391e-07 0.00359380137516 0.996328317733 1.00438859891
1.19428857715e-07 0.00354805988963 0.996110463263 1.00461048986
1.2001002004e-07 0.00350134713722 0.995835531995 1.0048891648
1.20591182365e-07 0.00345077715268 0.995333929294 1.0053933483
1.21172344689e-07 0.00340020716815 0.994832326594 1.00589753181
1.21753507014e-07 0.00334963718361 0.994330723893 1.00640171532
1.22334669339e-07 0.00329906719907 0.993829121192 1.00690589882
1.22915831663e-07 0.00324849721453 0.993327518491 1.00741008233
1.23496993988e-07 0.00319792722999 0.99282591579 1.00791426584
1.24078156313e-07 0.00314735724546 0.992324313089 1.00841844935
1.24659318637e-07 0.00309678726092 0.991822710388 1.00892263285
1.25240480962e-07 0.00304621727638 0.991321107687 1.00942681636
1.25821643287e-07 0.00299564729184 0.990819504986 1.00993099987
1.26402805611e-07 0.0029450773073 0.990317902285 1.01043518337
1.26983967936e-07 0.00289212103393 0.989687074452 1.01107507257
1.27565130261e-07 0.00282987175823 0.988553000983 1.01224344485
1.28146292585e-07 0.00276762248252 0.987418927513 1.01341181713
1.2872745491e-07 0.00270537320682 0.986284854043 1.01458018941
1.29308617234e-07 0.00264312393112 0.985150780574 1.01574856169
1.29889779559e-07 0.00258087465542 0.984016707104 1.01691693397
1.30470941884e-07 0.00251862537972 0.982882633634 1.01808530625
1.31052104208e-07 0.00245637610402 0.981748560164 1.01925367853
1.31633266533e-07 0.00239412682832 0.980614486695 1.02042205081
1.32214428858e-07 0.00233187755262 0.979480413225 1.02159042309
1.32795591182e-07 0.00226962827691 0.978346339755 1.02275879537
1.33376753507e-07 0.00220737900121 0.977212266286 1.02392716765
1.33957915832e-07 0.00214512972551 0.976078192816 1.02509553993
1.34539078156e-07 0.00205687236898 0.973647354227 1.0277360911
1.35120240481e-07 0.00196651187596 0.971111653074 1.03049568961
1.35701402806e-07 0.00187615138293 0.968575951922 1.03325528812
1.3628256513e-07 0.00178579088991 0.966040250769 1.03601488663
1.36863727455e-07 0.00169543039689 0.963504549616 1.03877448515
1.3744488978e-07 0.00160506990387 0.960968848463 1.04153408366
1.38026052104e-07 0.00151470941084 0.95843314731 1.04429368217
1.38607214429e-07 0.00142434891782 0.955897446158 1.04705328069
1.39188376754e-07 0.0013339884248 0.953361745005 1.0498128792
1.39769539078e-07 0.00124362793177 0.950826043852 1.05257247771
1.40350701403e-07 0.00115326743875 0.948290342699 1.05533207623
1.40931863727e-07 0.00106290694573 0.945754641546 1.05809167474
1.41513026052e-07 0.000948369588707 0.942102599844 1.06222547761
1.42094188377e-07 0.00079030799059 0.936440873379 1.06883318286
1.42675350701e-07 0.000632246392472 0.930779146913 1.07544088812
1.43256513026e-07 0.000474184794354 0.925117420447 1.08204859337
1.43837675351e-07 0.000316123196236 0.919455693981 1.08865629863
1.44418837675e-07 0.000158061598118 0.913793967516 1.09526400388
1.45e-07 0 0.90813224105 1.10187170914
