-1.45e-07 0 	0 	-1931.63711175 	
-1.44418837675e-07 0 	0 	-1814.90321126 	
-1.43837675351e-07 0 	0 	-1701.63081803 	
-1.43256513026e-07 0 	0 	-1596.17583465 	
-1.42675350701e-07 0 	0 	-1496.82800651 	
-1.42094188377e-07 0 	0 	-1402.52979469 	
-1.41513026052e-07 0 	0 	-1312.91984948 	
-1.40931863727e-07 0 	0 	-1230.20913023 	
-1.40350701403e-07 0 	0 	-1151.68296413 	
-1.39769539078e-07 0 	0 	-1076.81497109 	
-1.39188376754e-07 0 	0 	-1007.13987853 	
-1.38607214429e-07 0 	0 	-941.597365772 	
-1.38026052104e-07 0 	0 	-878.860859395 	
-1.3744488978e-07 0 	0 	-820.636962601 	
-1.36863727455e-07 0 	0 	-765.69382457 	
-1.3628256513e-07 0 	0 	-712.872137104 	
-1.35701402806e-07 0 	0 	-664.624277886 	
-1.35120240481e-07 0 	0 	-618.280904817 	
-1.34539078156e-07 0 	0 	-574.503586724 	
-1.33957915832e-07 0 	0 	-533.895541442 	
-1.33376753507e-07 0 	0 	-494.508973067 	
-1.32795591182e-07 0 	0 	-458.711275692 	
-1.32214428858e-07 0 	0 	-424.058498564 	
-1.31633266533e-07 0 	0 	-391.79967281 	
-1.31052104208e-07 0 	0 	-361.30689086 	
-1.30470941884e-07 0 	0 	-332.306238115 	
-1.29889779559e-07 0 	0 	-305.45597263 	
-1.29308617234e-07 0 	0 	-279.44769281 	
-1.2872745491e-07 0 	0 	-255.775883836 	
-1.28146292585e-07 0 	0 	-232.508963365 	
-1.27565130261e-07 0 	0 	-211.601887482 	
-1.26983967936e-07 0 	0 	-190.83992813 	
-1.26402805611e-07 0 	0 	-172.330974499 	
-1.25821643287e-07 0 	0 	-153.851965963 	
-1.25240480962e-07 0 	0 	-137.418312103 	
-1.24659318637e-07 0 	0 	-121.0143512 	
-1.24078156313e-07 0 	0 	-106.373580591 	
-1.23496993988e-07 0 	0 	-91.8505412484 	
-1.22915831663e-07 0 	0 	-78.7572432189 	
-1.22334669339e-07 0 	0 	-65.9344012301 	
-1.21753507014e-07 0 	0 	-54.1767914782 	
-1.21172344689e-07 0 	0 	-42.8864078134 	
-1.20591182365e-07 0 	0 	-32.2830066119 	
-1.2001002004e-07 0 	0 	-22.3698744408 	
-1.19428857715e-07 0 	0 	-12.7662759755 	
-1.18847695391e-07 0 	0 	-4.08723578089 	
-1.18266533066e-07 0 	0 	4.5918044137 	
-1.17685370741e-07 0 	0 	12.223573325 	
-1.17104208417e-07 0 	0 	19.8001457487 	
-1.16523046092e-07 0 	0 	26.7926125186 	
-1.15941883768e-07 0 	0 	33.3873400076 	
-1.15360721443e-07 0 	0 	39.821276639 	
-1.14779559118e-07 0 	0 	45.5443319446 	
-1.14198396794e-07 0 	0 	51.2673872502 	
-1.13617234469e-07 0 	0 	56.4371284005 	
-1.13036072144e-07 0 	0 	61.3887976735 	
-1.1245490982e-07 0 	0 	66.2097728653 	
-1.11873747495e-07 0 	0 	70.4810268449 	
-1.1129258517e-07 0 	0 	74.7522808244 	
-1.10711422846e-07 0 	0 	78.6601727288 	
-1.10130260521e-07 0 	0 	82.3332408722 	
-1.09549098196e-07 0 	0 	86.0063090156 	
-1.08967935872e-07 0 	0 	89.1751787347 	
-1.08386773547e-07 0 	0 	92.3241218228 	
-1.07805611222e-07 0 	0 	95.3566933975 	
-1.07224448898e-07 0 	0 	98.0479707176 	
-1.06643286573e-07 0 	0 	100.739248038 	
-1.06062124248e-07 0 	0 	103.238231306 	
-1.05480961924e-07 0 	0 	105.531258426 	
-1.04899799599e-07 0 	0 	107.824285546 	
-1.04318637275e-07 0 	0 	109.894155221 	
-1.0373747495e-07 0 	0 	111.841848789 	
-1.03156312625e-07 0 	0 	113.789542356 	
-1.02575150301e-07 0 	0 	115.515587891 	
-1.01993987976e-07 0 	0 	117.164894371 	
-1.01412825651e-07 0 	0 	118.81420085 	
-1.00831663327e-07 0 	0 	120.265407777 	
-1.00250501002e-07 0 	0 	121.65781339 	
-9.96693386774e-08 0 	0 	123.050219003 	
-9.90881763527e-08 0 	0 	124.281857788 	
-9.85070140281e-08 0 	0 	125.453877238 	
-9.79258517034e-08 0 	0 	126.625896689 	
-9.73446893788e-08 0 	0 	127.681824661 	
-9.67635270541e-08 0 	0 	128.66546653 	
-9.61823647295e-08 0 	0 	129.649108399 	
-9.56012024048e-08 0 	0 	130.56379468 	
-9.50200400802e-08 0 	0 	131.387002127 	
-9.44388777555e-08 0 	0 	132.210209574 	
-9.38577154309e-08 0 	0 	133.010496161 	
-9.32765531062e-08 0 	0 	133.697561641 	
-9.26953907816e-08 0 	0 	134.38462712 	
-9.21142284569e-08 0 	0 	135.071692599 	
-9.15330661323e-08 0 	0 	135.66319531 	
-9.09519038076e-08 0 	0 	136.235148415 	
-9.0370741483e-08 0 	0 	136.807101519 	
-8.97895791583e-08 0 	0 	137.338958384 	
-8.92084168337e-08 0 	0 	137.813926608 	
-8.8627254509e-08 0 	0 	138.288894833 	
-8.80460921844e-08 0 	0 	138.763863057 	
-8.74649298597e-08 0 	0 	139.164221609 	
-8.68837675351e-08 0 	0 	139.557763709 	
-8.63026052104e-08 0 	0 	139.95130581 	
-8.57214428858e-08 0 	0 	140.321898082 	
-8.51402805611e-08 0 	0 	140.647310347 	
-8.45591182365e-08 0 	0 	140.972722612 	
-8.39779559118e-08 0 	0 	141.298134877 	
-8.33967935872e-08 0 	0 	141.585298808 	
-8.28156312625e-08 0 	0 	141.853894878 	
-8.22344689379e-08 0 	0 	142.122490949 	
-8.16533066132e-08 0 	0 	142.391087019 	
-8.10721442886e-08 0 	0 	142.616073283 	
-8.04909819639e-08 0 	0 	142.837438064 	
-7.99098196393e-08 0 	0 	143.058802845 	
-7.93286573146e-08 0 	0 	143.276831743 	
-7.874749499e-08 0 	0 	143.459050546 	
-7.81663326653e-08 0 	0 	143.641269348 	
-7.75851703407e-08 0 	0 	143.82348815 	
-7.7004008016e-08 0 	0 	144.000633923 	
-7.64228456914e-08 0 	0 	144.15049796 	
-7.58416833667e-08 0 	0 	144.300361997 	
-7.52605210421e-08 0 	0 	144.450226034 	
-7.46793587174e-08 0 	0 	144.596464165 	
-7.40981963928e-08 0 	0 	144.719653692 	
-7.35170340681e-08 0 	0 	144.842843219 	
-7.29358717435e-08 0 	0 	144.966032746 	
-7.23547094188e-08 0 	0 	145.088773449 	
-7.17735470942e-08 0 	0 	145.190019991 	
-7.11923847695e-08 0 	0 	145.291266532 	
-7.06112224449e-08 0 	0 	145.392513074 	
-7.00300601202e-08 0 	0 	145.493759615 	
-6.94488977956e-08 0 	0 	145.580445647 	
-6.88677354709e-08 0 	0 	145.663674773 	
-6.82865731463e-08 0 	0 	145.746903899 	
-6.77054108216e-08 0 	0 	145.830133026 	
-6.7124248497e-08 0 	0 	145.906024509 	
-6.65430861723e-08 0 	0 	145.974480739 	
-6.59619238477e-08 0 	0 	146.04293697 	
-6.5380761523e-08 0 	0 	146.111393201 	
-6.47995991984e-08 0 	0 	146.178835317 	
-6.42184368737e-08 0 	0 	146.235190645 	
-6.36372745491e-08 0 	0 	146.291545973 	
-6.30561122244e-08 0 	0 	146.3479013 	
-6.24749498998e-08 0 	0 	146.404256628 	
-6.18937875752e-08 0 	0 	146.454993555 	
-6.13126252505e-08 0 	0 	146.501441169 	
-6.07314629259e-08 0 	0 	146.547888784 	
-6.01503006012e-08 0 	0 	146.594336398 	
-5.95691382766e-08 0 	0 	146.640784013 	
-5.89879759519e-08 0 	0 	146.679572543 	
-5.84068136273e-08 0 	0 	146.717907225 	
-5.78256513026e-08 0 	0 	146.756241907 	
-5.7244488978e-08 0 	0 	146.794576589 	
-5.66633266533e-08 0 	0 	146.831500158 	
-5.60821643287e-08 0 	0 	146.863186794 	
-5.5501002004e-08 0 	0 	146.894873429 	
-5.49198396794e-08 0 	0 	146.926560065 	
-5.43386773547e-08 0 	0 	146.958246701 	
-5.37575150301e-08 0 	0 	146.987919786 	
-5.31763527054e-08 0 	0 	147.014151373 	
-5.25951903808e-08 0 	0 	147.040382959 	
-5.20140280561e-08 0 	0 	147.066614546 	
-5.14328657315e-08 0 	0 	147.092846132 	
-5.08517034068e-08 0 	0 	147.117229787 	
-5.02705410822e-08 0 	0 	147.138976208 	
-4.96893787575e-08 0 	0 	147.160722629 	
-4.91082164329e-08 0 	0 	147.18246905 	
-4.85270541082e-08 0 	0 	147.20421547 	
-4.79458917836e-08 0 	0 	147.224711134 	
-4.73647294589e-08 0 	0 	147.242759898 	
-4.67835671343e-08 0 	0 	147.260808662 	
-4.62024048096e-08 0 	0 	147.278857425 	
-4.5621242485e-08 0 	0 	147.296906189 	
-4.50400801603e-08 0 	0 	147.31451109 	
-4.44589178357e-08 0 	0 	147.329501122 	
-4.3877755511e-08 0 	0 	147.344491153 	
-4.32965931864e-08 0 	0 	147.359481184 	
-4.27154308617e-08 0 	0 	147.374471215 	
-4.21342685371e-08 0 	0 	147.389461246 	
-4.15531062124e-08 0 	0 	147.402343198 	
-4.09719438878e-08 0 	0 	147.41479267 	
-4.03907815631e-08 0 	0 	147.427242143 	
-3.98096192385e-08 0 	0 	147.439691615 	
-3.92284569138e-08 0 	0 	147.452141087 	
-3.86472945892e-08 0 	0 	147.463764988 	
-3.80661322645e-08 0 	0 	147.474094081 	
-3.74849699399e-08 0 	0 	147.484423174 	
-3.69038076152e-08 0 	0 	147.494752268 	
-3.63226452906e-08 0 	0 	147.505081361 	
-3.57414829659e-08 0 	0 	147.515410454 	
-3.51603206413e-08 0 	0 	147.524278541 	
-3.45791583166e-08 0 	0 	147.532827902 	
-3.3997995992e-08 0 	0 	147.541377263 	
-3.34168336673e-08 0 	0 	147.549926624 	
-3.28356713427e-08 0 	0 	147.558475985 	
-3.2254509018e-08 0 	0 	147.566842721 	
-3.16733466934e-08 0 	0 	147.573888317 	
-3.10921843687e-08 0 	0 	147.580933913 	
-3.05110220441e-08 0 	0 	147.587979509 	
-2.99298597194e-08 0 	0 	147.595025105 	
-2.93486973948e-08 0 	0 	147.602070701 	
-2.87675350701e-08 0 	0 	147.608747646 	
-2.81863727455e-08 0 	0 	147.614512589 	
-2.76052104208e-08 0 	0 	147.620277533 	
-2.70240480962e-08 0 	0 	147.626042476 	
-2.64428857715e-08 0 	0 	147.631807419 	
-2.58617234469e-08 0 	0 	147.637572363 	
-2.52805611222e-08 0 	0 	147.642988248 	
-2.46993987976e-08 0 	0 	147.647652094 	
-2.41182364729e-08 0 	0 	147.65231594 	
-2.35370741483e-08 0 	0 	147.656979785 	
-2.29559118236e-08 0 	0 	147.661643631 	
-2.2374749499e-08 0 	0 	147.666307476 	
-2.17935871743e-08 0 	0 	147.670774318 	
-2.12124248497e-08 0 	0 	147.674480235 	
-2.0631262525e-08 0 	0 	147.678186152 	
-2.00501002004e-08 0 	0 	147.681892069 	
-1.94689378758e-08 0 	0 	147.685597986 	
-1.88877755511e-08 0 	0 	147.689303903 	
-1.83066132265e-08 0 	0 	147.69300982 	
-1.77254509018e-08 0 	0 	147.695911843 	
-1.71442885772e-08 0 	0 	147.698771998 	
-1.65631262525e-08 0 	0 	147.701632153 	
-1.59819639279e-08 0 	0 	147.704492308 	
-1.54008016032e-08 0 	0 	147.707352462 	
-1.48196392786e-08 0 	0 	147.710212617 	
-1.42384769539e-08 0 	0 	147.712655756 	
-1.36573146293e-08 0 	0 	147.714755135 	
-1.30761523046e-08 0 	0 	147.716854514 	
-1.249498998e-08 0 	0 	147.718953893 	
-1.19138276553e-08 0 	0 	147.721053272 	
-1.13326653307e-08 0 	0 	147.723152651 	
-1.0751503006e-08 0 	0 	147.72525203 	
-1.01703406814e-08 0 	0 	147.726654272 	
-9.58917835671e-09 0 	0 	147.72805311 	
-9.00801603206e-09 0 	0 	147.729451948 	
-8.42685370741e-09 0 	0 	147.730850787 	
-7.84569138277e-09 0 	0 	147.732249625 	
-7.26452905812e-09 0 	0 	147.733648463 	
-6.68336673347e-09 0 	0 	147.734856121 	
-6.10220440882e-09 0 	0 	147.735590998 	
-5.52104208417e-09 0 	0 	147.736325875 	
-4.93987975952e-09 0 	0 	147.737060752 	
-4.35871743487e-09 0 	0 	147.737795629 	
-3.77755511022e-09 0 	0 	147.738530506 	
-3.19639278557e-09 0 	0 	147.739265383 	
-2.61523046092e-09 0 	0 	147.73972481 	
-2.03406813627e-09 0 	0 	147.739808364 	
-1.45290581162e-09 0 	0 	147.739891918 	
-8.71743486974e-10 0 	0 	147.739975472 	
-2.90581162324e-10 0 	0 	147.740059026 	
2.90581162325e-10 0 	0 	147.74014258 	
8.71743486974e-10 0 	0 	147.740226134 	
1.45290581162e-09 0 	0 	147.740046325 	
2.03406813627e-09 0 	0 	147.739465387 	
2.61523046092e-09 0 	0 	147.73888445 	
3.19639278557e-09 0 	0 	147.738303513 	
3.77755511022e-09 0 	0 	147.737722575 	
4.35871743487e-09 0 	0 	147.737141638 	
4.93987975952e-09 0 	0 	147.736560701 	
5.52104208417e-09 0 	0 	147.735835171 	
6.10220440882e-09 0 	0 	147.73454692 	
6.68336673347e-09 0 	0 	147.733258668 	
7.26452905812e-09 0 	0 	147.731970417 	
7.84569138277e-09 0 	0 	147.730682165 	
8.42685370742e-09 0 	0 	147.729393914 	
9.00801603206e-09 0 	0 	147.728105662 	
9.58917835671e-09 0 	0 	147.726817411 	
1.01703406814e-08 0 	0 	147.724866044 	
1.0751503006e-08 0 	0 	147.722791438 	
1.13326653307e-08 0 	0 	147.720716832 	
1.19138276553e-08 0 	0 	147.718642226 	
1.249498998e-08 0 	0 	147.71656762 	
1.30761523046e-08 0 	0 	147.714493014 	
1.36573146293e-08 0 	0 	147.712418408 	
1.42384769539e-08 0 	0 	147.710062028 	
1.48196392786e-08 0 	0 	147.707075283 	
1.54008016032e-08 0 	0 	147.704088537 	
1.59819639279e-08 0 	0 	147.701101792 	
1.65631262525e-08 0 	0 	147.698115047 	
1.71442885772e-08 0 	0 	147.695128302 	
1.77254509018e-08 0 	0 	147.692141556 	
1.83066132265e-08 0 	0 	147.689154811 	
1.88877755511e-08 0 	0 	147.685510317 	
1.94689378758e-08 0 	0 	147.681422299 	
2.00501002004e-08 0 	0 	147.677334281 	
2.06312625251e-08 0 	0 	147.673246263 	
2.12124248497e-08 0 	0 	147.669158245 	
2.17935871743e-08 0 	0 	147.665070227 	
2.2374749499e-08 0 	0 	147.660982209 	
2.29559118236e-08 0 	0 	147.656894191 	
2.35370741483e-08 0 	0 	147.651834423 	
2.41182364729e-08 0 	0 	147.646366365 	
2.46993987976e-08 0 	0 	147.640898307 	
2.52805611222e-08 0 	0 	147.635430249 	
2.58617234469e-08 0 	0 	147.629962191 	
2.64428857715e-08 0 	0 	147.624494133 	
2.70240480962e-08 0 	0 	147.619026076 	
2.76052104208e-08 0 	0 	147.613558018 	
2.81863727455e-08 0 	0 	147.606970292 	
2.87675350701e-08 0 	0 	147.599711614 	
2.93486973948e-08 0 	0 	147.592452937 	
2.99298597194e-08 0 	0 	147.585194259 	
3.05110220441e-08 0 	0 	147.577935582 	
3.10921843687e-08 0 	0 	147.570676904 	
3.16733466934e-08 0 	0 	147.563418227 	
3.2254509018e-08 0 	0 	147.556159549 	
3.28356713427e-08 0 	0 	147.548044952 	
3.34168336673e-08 0 	0 	147.538384323 	
3.3997995992e-08 0 	0 	147.528723695 	
3.45791583166e-08 0 	0 	147.519063066 	
3.51603206413e-08 0 	0 	147.509402437 	
3.57414829659e-08 0 	0 	147.499741808 	
3.63226452906e-08 0 	0 	147.490081179 	
3.69038076152e-08 0 	0 	147.480420551 	
3.74849699399e-08 0 	0 	147.470759922 	
3.80661322645e-08 0 	0 	147.458127051 	
3.86472945892e-08 0 	0 	147.44513735 	
3.92284569138e-08 0 	0 	147.432147648 	
3.98096192385e-08 0 	0 	147.419157946 	
4.03907815631e-08 0 	0 	147.406168244 	
4.09719438878e-08 0 	0 	147.393178542 	
4.15531062124e-08 0 	0 	147.38018884 	
4.21342685371e-08 0 	0 	147.367199138 	
4.27154308617e-08 0 	0 	147.353112172 	
4.32965931864e-08 0 	0 	147.33535441 	
4.3877755511e-08 0 	0 	147.317596649 	
4.44589178357e-08 0 	0 	147.299838888 	
4.50400801603e-08 0 	0 	147.282081126 	
4.5621242485e-08 0 	0 	147.264323365 	
4.62024048096e-08 0 	0 	147.246565604 	
4.67835671343e-08 0 	0 	147.228807843 	
4.73647294589e-08 0 	0 	147.211050081 	
4.79458917836e-08 0 	0 	147.190725241 	
4.85270541082e-08 0 	0 	147.165907323 	
4.91082164329e-08 0 	0 	147.141089404 	
4.96893787575e-08 0 	0 	147.116271486 	
5.02705410822e-08 0 	0 	147.091453567 	
5.08517034068e-08 0 	0 	147.066635649 	
5.14328657315e-08 0 	0 	147.041817731 	
5.20140280561e-08 0 	0 	147.016999812 	
5.25951903808e-08 0 	0 	146.992181894 	
5.31763527054e-08 0 	0 	146.964245611 	
5.37575150301e-08 0 	0 	146.92861637 	
5.43386773547e-08 0 	0 	146.892987129 	
5.49198396794e-08 0 	0 	146.857357889 	
5.5501002004e-08 0 	0 	146.821728648 	
5.60821643287e-08 0 	0 	146.786099407 	
5.66633266533e-08 0 	0 	146.750470167 	
5.7244488978e-08 0 	0 	146.714840926 	
5.78256513026e-08 0 	0 	146.679211685 	
5.84068136273e-08 0 	0 	146.643582444 	
5.89879759519e-08 0 	0 	146.590839643 	
5.95691382766e-08 0 	0 	146.538092073 	
6.01503006012e-08 0 	0 	146.485344503 	
6.07314629259e-08 0 	0 	146.432596933 	
6.13126252505e-08 0 	0 	146.379849363 	
6.18937875752e-08 0 	0 	146.327101793 	
6.24749498998e-08 0 	0 	146.274354223 	
6.30561122244e-08 0 	0 	146.221606653 	
6.36372745491e-08 0 	0 	146.168859083 	
6.42184368737e-08 0 	0 	146.102322024 	
6.47995991984e-08 0 	0 	146.021571786 	
6.5380761523e-08 0 	0 	145.940821549 	
6.59619238477e-08 0 	0 	145.860071311 	
6.65430861723e-08 0 	0 	145.779321073 	
6.7124248497e-08 0 	0 	145.698570835 	
6.77054108216e-08 0 	0 	145.617820597 	
6.82865731463e-08 0 	0 	145.537070359 	
6.88677354709e-08 0 	0 	145.456320121 	
6.94488977956e-08 0 	0 	145.375569883 	
7.00300601202e-08 0 	0 	145.258838048 	
7.06112224449e-08 0 	0 	145.130832646 	
7.11923847695e-08 0 	0 	145.002827245 	
7.17735470942e-08 0 	0 	144.874821843 	
7.23547094188e-08 0 	0 	144.746816441 	
7.29358717435e-08 0 	0 	144.618811039 	
7.35170340681e-08 0 	0 	144.490805637 	
7.40981963928e-08 0 	0 	144.362800235 	
7.46793587174e-08 0 	0 	144.234794833 	
7.52605210421e-08 0 	0 	144.106789431 	
7.58416833667e-08 0 	0 	143.912982416 	
7.64228456914e-08 0 	0 	143.702873694 	
7.7004008016e-08 0 	0 	143.492764972 	
7.75851703407e-08 0 	0 	143.28265625 	
7.81663326653e-08 0 	0 	143.072547527 	
7.874749499e-08 0 	0 	142.862438805 	
7.93286573146e-08 0 	0 	142.652330083 	
7.99098196393e-08 0 	0 	142.442221361 	
8.04909819639e-08 0 	0 	142.232112639 	
8.10721442886e-08 0 	0 	142.022003917 	
8.16533066132e-08 0 	0 	141.722925535 	
8.22344689379e-08 0 	0 	141.366267507 	
8.28156312625e-08 0 	0 	141.009609478 	
8.33967935872e-08 0 	0 	140.652951449 	
8.39779559118e-08 0 	0 	140.296293421 	
8.45591182365e-08 0 	0 	139.939635392 	
8.51402805611e-08 0 	0 	139.582977363 	
8.57214428858e-08 0 	0 	139.226319335 	
8.63026052104e-08 0 	0 	138.869661306 	
8.68837675351e-08 0 	0 	138.513003277 	
8.74649298597e-08 0 	0 	138.109992862 	
8.80460921844e-08 0 	0 	137.485187781 	
8.8627254509e-08 0 	0 	136.8603827 	
8.92084168337e-08 0 	0 	136.235577619 	
8.97895791583e-08 0 	0 	135.610772539 	
9.0370741483e-08 0 	0 	134.985967458 	
9.09519038076e-08 0 	0 	134.361162377 	
9.15330661323e-08 0 	0 	133.736357296 	
9.21142284569e-08 0 	0 	133.111552216 	
9.26953907816e-08 0 	0 	132.486747135 	
9.32765531062e-08 0 	0 	131.861942054 	
9.38577154309e-08 0 	0 	130.989622638 	
9.44388777555e-08 0 	0 	129.862860182 	
9.50200400802e-08 0 	0 	128.736097725 	
9.56012024048e-08 0 	0 	127.609335268 	
9.61823647295e-08 0 	0 	126.482572812 	
9.67635270541e-08 0 	0 	125.355810355 	
9.73446893788e-08 0 	0 	124.229047898 	
9.79258517034e-08 0 	0 	123.102285442 	
9.85070140281e-08 0 	0 	121.975522985 	
9.90881763527e-08 0 	0 	120.848760529 	
9.96693386774e-08 0 	0 	119.721998072 	
1.00250501002e-07 0 	0 	118.055858317 	
1.00831663327e-07 0 	0 	115.969399398 	
1.01412825651e-07 0 	0 	113.88294048 	
1.01993987976e-07 0 	0 	111.796481561 	
1.02575150301e-07 0 	0 	109.710022643 	
1.03156312625e-07 0 	0 	107.623563724 	
1.0373747495e-07 0 	0 	105.537104805 	
1.04318637275e-07 0 	0 	103.450645887 	
1.04899799599e-07 0 	0 	101.364186968 	
1.05480961924e-07 0 	0 	99.2777280496 	
1.06062124248e-07 0 	0 	97.191269131 	
1.06643286573e-07 0 	0 	94.4053532573 	
1.07224448898e-07 0 	0 	90.4473903977 	
1.07805611222e-07 0 	0 	86.489427538 	
1.08386773547e-07 0 	0 	82.5314646784 	
1.08967935872e-07 0 	0 	78.5735018187 	
1.09549098196e-07 0 	0 	74.6155389591 	
1.10130260521e-07 0 	0 	70.6575760994 	
1.10711422846e-07 0 	0 	66.6996132398 	
1.1129258517e-07 0 	0 	62.7416503801 	
1.11873747495e-07 0 	0 	58.7836875205 	
1.1245490982e-07 0 	0 	54.8257246608 	
1.13036072144e-07 0 	0 	50.8677618012 	
1.13617234469e-07 0 	0 	43.4804277106 	
1.14198396794e-07 0 	0 	35.8037001953 	
1.14779559118e-07 0 	0 	28.12697268 	
1.15360721443e-07 0 	0 	20.4502451647 	
1.15941883768e-07 0 	0 	12.7735176494 	
1.16523046092e-07 0 	0 	5.09679013404 	
1.17104208417e-07 0 	0 	-2.57993738127 	
1.17685370741e-07 0 	0 	-10.2566648966 	
1.18266533066e-07 0 	0 	-17.9333924119 	
1.18847695391e-07 0 	0 	-25.6101199272 	
1.19428857715e-07 0 	0 	-33.2868474425 	
1.2001002004e-07 0 	0 	-42.4770495463 	
1.20591182365e-07 0 	0 	-57.6777755452 	
1.21172344689e-07 0 	0 	-72.8785015441 	
1.21753507014e-07 0 	0 	-88.079227543 	
1.22334669339e-07 0 	0 	-103.279953542 	
1.22915831663e-07 0 	0 	-118.480679541 	
1.23496993988e-07 0 	0 	-133.68140554 	
1.24078156313e-07 0 	0 	-148.882131538 	
1.24659318637e-07 0 	0 	-164.082857537 	
1.25240480962e-07 0 	0 	-179.283583536 	
1.25821643287e-07 0 	0 	-194.484309535 	
1.26402805611e-07 0 	0 	-209.685035534 	
1.26983967936e-07 0 	0 	-228.051301049 	
1.27565130261e-07 0 	0 	-258.745230171 	
1.28146292585e-07 0 	0 	-289.439159293 	
1.2872745491e-07 0 	0 	-320.133088415 	
1.29308617234e-07 0 	0 	-350.827017537 	
1.29889779559e-07 0 	0 	-381.520946658 	
1.30470941884e-07 0 	0 	-412.21487578 	
1.31052104208e-07 0 	0 	-442.908804902 	
1.31633266533e-07 0 	0 	-473.602734024 	
1.32214428858e-07 0 	0 	-504.296663146 	
1.32795591182e-07 0 	0 	-534.990592267 	
1.33376753507e-07 0 	0 	-565.684521389 	
1.33957915832e-07 0 	0 	-596.378450511 	
1.34539078156e-07 0 	0 	-657.10505696 	
1.35120240481e-07 0 	0 	-720.260247819 	
1.35701402806e-07 0 	0 	-783.415438678 	
1.3628256513e-07 0 	0 	-846.570629537 	
1.36863727455e-07 0 	0 	-909.725820396 	
1.3744488978e-07 0 	0 	-972.881011256 	
1.38026052104e-07 0 	0 	-1036.03620211 	
1.38607214429e-07 0 	0 	-1099.19139297 	
1.39188376754e-07 0 	0 	-1162.34658383 	
1.39769539078e-07 0 	0 	-1225.50177469 	
1.40350701403e-07 0 	0 	-1288.65696555 	
1.40931863727e-07 0 	0 	-1351.81215641 	
1.41513026052e-07 0 	0 	-1422.70481969 	
1.42094188377e-07 0 	0 	-1507.52681705 	
1.42675350701e-07 0 	0 	-1592.3488144 	
1.43256513026e-07 0 	0 	-1677.17081175 	
1.43837675351e-07 0 	0 	-1761.9928091 	
1.44418837675e-07 0 	0 	-1846.81480645 	
1.45e-07 0 	0 	-1931.6368038 	
