-1.45e-07 0 	0 	966402.450255 	
-1.44418837675e-07 0 	0 	911498.469193 	
-1.43837675351e-07 0 	0 	858303.293187 	
-1.43256513026e-07 0 	0 	808953.058462 	
-1.42675350701e-07 0 	0 	762580.35313 	
-1.42094188377e-07 0 	0 	718657.706713 	
-1.41513026052e-07 0 	0 	677002.243909 	
-1.40931863727e-07 0 	0 	638661.390702 	
-1.40350701403e-07 0 	0 	602318.698961 	
-1.39769539078e-07 0 	0 	567719.941843 	
-1.39188376754e-07 0 	0 	535587.511599 	
-1.38607214429e-07 0 	0 	505408.496738 	
-1.38026052104e-07 0 	0 	476553.816194 	
-1.3744488978e-07 0 	0 	449823.230298 	
-1.36863727455e-07 0 	0 	424631.160579 	
-1.3628256513e-07 0 	0 	400433.580744 	
-1.35701402806e-07 0 	0 	378373.813655 	
-1.35120240481e-07 0 	0 	357201.578508 	
-1.34539078156e-07 0 	0 	337225.180755 	
-1.33957915832e-07 0 	0 	318721.816623 	
-1.33376753507e-07 0 	0 	300785.903672 	
-1.32795591182e-07 0 	0 	284514.041996 	
-1.32214428858e-07 0 	0 	268771.879478 	
-1.31633266533e-07 0 	0 	254137.282343 	
-1.31052104208e-07 0 	0 	240318.088441 	
-1.30470941884e-07 0 	0 	227187.828176 	
-1.29889779559e-07 0 	0 	215048.537334 	
-1.29308617234e-07 0 	0 	203297.261278 	
-1.2872745491e-07 0 	0 	192620.760747 	
-1.28146292585e-07 0 	0 	182130.508743 	
-1.27565130261e-07 0 	0 	172723.890954 	
-1.26983967936e-07 0 	0 	163383.910281 	
-1.26402805611e-07 0 	0 	155076.737336 	
-1.25821643287e-07 0 	0 	146783.291619 	
-1.25240480962e-07 0 	0 	139425.873483 	
-1.24659318637e-07 0 	0 	132082.043907 	
-1.24078156313e-07 0 	0 	125543.734942 	
-1.23496993988e-07 0 	0 	119059.211981 	
-1.22915831663e-07 0 	0 	113226.733607 	
-1.22334669339e-07 0 	0 	107517.598801 	
-1.21753507014e-07 0 	0 	102293.397464 	
-1.21172344689e-07 0 	0 	97281.894879 	
-1.20591182365e-07 0 	0 	92582.5456729 	
-1.2001002004e-07 0 	0 	88196.8432071 	
-1.19428857715e-07 0 	0 	83951.5101426 	
-1.18847695391e-07 0 	0 	80125.4519049 	
-1.18266533066e-07 0 	0 	76299.3936671 	
-1.17685370741e-07 0 	0 	72947.2655268 	
-1.17104208417e-07 0 	0 	69620.1158969 	
-1.16523046092e-07 0 	0 	66556.7063165 	
-1.15941883768e-07 0 	0 	63672.8871526 	
-1.15360721443e-07 0 	0 	60861.4956922 	
-1.14779559118e-07 0 	0 	58370.3183455 	
-1.14198396794e-07 0 	0 	55879.1409988 	
-1.13617234469e-07 0 	0 	53636.5585393 	
-1.13036072144e-07 0 	0 	51491.9521631 	
-1.1245490982e-07 0 	0 	49405.9002898 	
-1.11873747495e-07 0 	0 	47566.1384707 	
-1.1129258517e-07 0 	0 	45726.3766517 	
-1.10711422846e-07 0 	0 	44048.9161568 	
-1.10130260521e-07 0 	0 	42476.3433482 	
-1.09549098196e-07 0 	0 	40903.7705396 	
-1.08967935872e-07 0 	0 	39555.6592438 	
-1.08386773547e-07 0 	0 	38216.4189827 	
-1.07805611222e-07 0 	0 	36928.7976579 	
-1.07224448898e-07 0 	0 	35792.564296 	
-1.06643286573e-07 0 	0 	34656.3309342 	
-1.06062124248e-07 0 	0 	33605.0539905 	
-1.05480961924e-07 0 	0 	32644.7694435 	
-1.04899799599e-07 0 	0 	31684.4848965 	
-1.04318637275e-07 0 	0 	30822.3605081 	
-1.0373747495e-07 0 	0 	30013.9776656 	
-1.03156312625e-07 0 	0 	29205.5948231 	
-1.02575150301e-07 0 	0 	28494.2369226 	
-1.01993987976e-07 0 	0 	27816.4710294 	
-1.01412825651e-07 0 	0 	27138.7051362 	
-1.00831663327e-07 0 	0 	26547.19225 	
-1.00250501002e-07 0 	0 	25981.2815932 	
-9.96693386774e-08 0 	0 	25415.3709364 	
-9.90881763527e-08 0 	0 	24919.043303 	
-9.85070140281e-08 0 	0 	24448.5200821 	
-9.79258517034e-08 0 	0 	23977.9968613 	
-9.73446893788e-08 0 	0 	23557.3888248 	
-9.67635270541e-08 0 	0 	23167.8612282 	
-9.61823647295e-08 0 	0 	22778.3336316 	
-9.56012024048e-08 0 	0 	22418.2364478 	
-9.50200400802e-08 0 	0 	22097.1826528 	
-9.44388777555e-08 0 	0 	21776.1288578 	
-9.38577154309e-08 0 	0 	21464.7773544 	
-9.32765531062e-08 0 	0 	21201.3518116 	
-9.26953907816e-08 0 	0 	20937.9262688 	
-9.21142284569e-08 0 	0 	20674.500726 	
-9.15330661323e-08 0 	0 	20451.1541376 	
-9.09519038076e-08 0 	0 	20236.0066395 	
-9.0370741483e-08 0 	0 	20020.8591415 	
-8.97895791583e-08 0 	0 	19822.3542476 	
-8.92084168337e-08 0 	0 	19647.4619203 	
-8.8627254509e-08 0 	0 	19472.569593 	
-8.80460921844e-08 0 	0 	19297.6772657 	
-8.74649298597e-08 0 	0 	19153.3930232 	
-8.68837675351e-08 0 	0 	19011.9051814 	
-8.63026052104e-08 0 	0 	18870.4173396 	
-8.57214428858e-08 0 	0 	18738.221176 	
-8.51402805611e-08 0 	0 	18624.3170046 	
-8.45591182365e-08 0 	0 	18510.4128333 	
-8.39779559118e-08 0 	0 	18396.508662 	
-8.33967935872e-08 0 	0 	18297.8610399 	
-8.28156312625e-08 0 	0 	18206.6197919 	
-8.22344689379e-08 0 	0 	18115.3785438 	
-8.16533066132e-08 0 	0 	18024.1372958 	
-8.10721442886e-08 0 	0 	17950.0002369 	
-8.04909819639e-08 0 	0 	17877.2835588 	
-7.99098196393e-08 0 	0 	17804.5668806 	
-7.93286573146e-08 0 	0 	17733.1337863 	
-7.874749499e-08 0 	0 	17675.4797299 	
-7.81663326653e-08 0 	0 	17617.8256734 	
-7.75851703407e-08 0 	0 	17560.171617 	
-7.7004008016e-08 0 	0 	17504.4276501 	
-7.64228456914e-08 0 	0 	17458.955762 	
-7.58416833667e-08 0 	0 	17413.4838738 	
-7.52605210421e-08 0 	0 	17368.0119856 	
-7.46793587174e-08 0 	0 	17323.8720608 	
-7.40981963928e-08 0 	0 	17288.1989565 	
-7.35170340681e-08 0 	0 	17252.5258523 	
-7.29358717435e-08 0 	0 	17216.852748 	
-7.23547094188e-08 0 	0 	17181.3399595 	
-7.17735470942e-08 0 	0 	17153.504689 	
-7.11923847695e-08 0 	0 	17125.6694186 	
-7.06112224449e-08 0 	0 	17097.8341481 	
-7.00300601202e-08 0 	0 	17069.9988776 	
-6.94488977956e-08 0 	0 	17047.2013195 	
-6.88677354709e-08 0 	0 	17025.5997977 	
-6.82865731463e-08 0 	0 	17003.9982758 	
-6.77054108216e-08 0 	0 	16982.396754 	
-6.7124248497e-08 0 	0 	16963.243621 	
-6.65430861723e-08 0 	0 	16946.5714465 	
-6.59619238477e-08 0 	0 	16929.899272 	
-6.5380761523e-08 0 	0 	16913.2270976 	
-6.47995991984e-08 0 	0 	16896.8796676 	
-6.42184368737e-08 0 	0 	16884.0825035 	
-6.36372745491e-08 0 	0 	16871.2853395 	
-6.30561122244e-08 0 	0 	16858.4881754 	
-6.24749498998e-08 0 	0 	16845.6910113 	
-6.18937875752e-08 0 	0 	16834.6109763 	
-6.13126252505e-08 0 	0 	16824.8418663 	
-6.07314629259e-08 0 	0 	16815.0727564 	
-6.01503006012e-08 0 	0 	16805.3036464 	
-5.95691382766e-08 0 	0 	16795.5345364 	
-5.89879759519e-08 0 	0 	16787.9858374 	
-5.84068136273e-08 0 	0 	16780.5687113 	
-5.78256513026e-08 0 	0 	16773.1515852 	
-5.7244488978e-08 0 	0 	16765.7344591 	
-5.66633266533e-08 0 	0 	16758.7027456 	
-5.60821643287e-08 0 	0 	16753.1013781 	
-5.5501002004e-08 0 	0 	16747.5000106 	
-5.49198396794e-08 0 	0 	16741.8986431 	
-5.43386773547e-08 0 	0 	16736.2972756 	
-5.37575150301e-08 0 	0 	16731.2101743 	
-5.31763527054e-08 0 	0 	16727.0020411 	
-5.25951903808e-08 0 	0 	16722.7939079 	
-5.20140280561e-08 0 	0 	16718.5857746 	
-5.14328657315e-08 0 	0 	16714.3776414 	
-5.08517034068e-08 0 	0 	16710.6072898 	
-5.02705410822e-08 0 	0 	16707.4617081 	
-4.96893787575e-08 0 	0 	16704.3161265 	
-4.91082164329e-08 0 	0 	16701.1705448 	
-4.85270541082e-08 0 	0 	16698.0249632 	
-4.79458917836e-08 0 	0 	16695.1518411 	
-4.73647294589e-08 0 	0 	16692.8117409 	
-4.67835671343e-08 0 	0 	16690.4716407 	
-4.62024048096e-08 0 	0 	16688.1315405 	
-4.5621242485e-08 0 	0 	16685.7914403 	
-4.50400801603e-08 0 	0 	16683.5394272 	
-4.44589178357e-08 0 	0 	16681.8063503 	
-4.3877755511e-08 0 	0 	16680.0732733 	
-4.32965931864e-08 0 	0 	16678.3401964 	
-4.27154308617e-08 0 	0 	16676.6071195 	
-4.21342685371e-08 0 	0 	16674.8740425 	
-4.15531062124e-08 0 	0 	16673.5184401 	
-4.09719438878e-08 0 	0 	16672.2402778 	
-4.03907815631e-08 0 	0 	16670.9621156 	
-3.98096192385e-08 0 	0 	16669.6839533 	
-3.92284569138e-08 0 	0 	16668.4057911 	
-3.86472945892e-08 0 	0 	16667.2596777 	
-3.80661322645e-08 0 	0 	16666.3206669 	
-3.74849699399e-08 0 	0 	16665.381656 	
-3.69038076152e-08 0 	0 	16664.4426452 	
-3.63226452906e-08 0 	0 	16663.5036343 	
-3.57414829659e-08 0 	0 	16662.5646235 	
-3.51603206413e-08 0 	0 	16661.8322319 	
-3.45791583166e-08 0 	0 	16661.1449154 	
-3.3997995992e-08 0 	0 	16660.4575989 	
-3.34168336673e-08 0 	0 	16659.7702824 	
-3.28356713427e-08 0 	0 	16659.0829659 	
-3.2254509018e-08 0 	0 	16658.4182556 	
-3.16733466934e-08 0 	0 	16657.9170824 	
-3.10921843687e-08 0 	0 	16657.4159093 	
-3.05110220441e-08 0 	0 	16656.9147361 	
-2.99298597194e-08 0 	0 	16656.4135629 	
-2.93486973948e-08 0 	0 	16655.9123898 	
-2.87675350701e-08 0 	0 	16655.450768 	
-2.81863727455e-08 0 	0 	16655.0869921 	
-2.76052104208e-08 0 	0 	16654.7232161 	
-2.70240480962e-08 0 	0 	16654.3594401 	
-2.64428857715e-08 0 	0 	16653.9956641 	
-2.58617234469e-08 0 	0 	16653.6318882 	
-2.52805611222e-08 0 	0 	16653.3002775 	
-2.46993987976e-08 0 	0 	16653.0379666 	
-2.41182364729e-08 0 	0 	16652.7756556 	
-2.35370741483e-08 0 	0 	16652.5133447 	
-2.29559118236e-08 0 	0 	16652.2510338 	
-2.2374749499e-08 0 	0 	16651.9887228 	
-2.17935871743e-08 0 	0 	16651.7418928 	
-2.12124248497e-08 0 	0 	16651.5548578 	
-2.0631262525e-08 0 	0 	16651.3678227 	
-2.00501002004e-08 0 	0 	16651.1807877 	
-1.94689378758e-08 0 	0 	16650.9937527 	
-1.88877755511e-08 0 	0 	16650.8067176 	
-1.83066132265e-08 0 	0 	16650.6196826 	
-1.77254509018e-08 0 	0 	16650.4863081 	
-1.71442885772e-08 0 	0 	16650.3557284 	
-1.65631262525e-08 0 	0 	16650.2251486 	
-1.59819639279e-08 0 	0 	16650.0945689 	
-1.54008016032e-08 0 	0 	16649.9639891 	
-1.48196392786e-08 0 	0 	16649.8334094 	
-1.42384769539e-08 0 	0 	16649.7265312 	
-1.36573146293e-08 0 	0 	16649.6391909 	
-1.30761523046e-08 0 	0 	16649.5518507 	
-1.249498998e-08 0 	0 	16649.4645104 	
-1.19138276553e-08 0 	0 	16649.3771701 	
-1.13326653307e-08 0 	0 	16649.2898299 	
-1.0751503006e-08 0 	0 	16649.2024896 	
-1.01703406814e-08 0 	0 	16649.1493508 	
-9.58917835671e-09 0 	0 	16649.0963789 	
-9.00801603206e-09 0 	0 	16649.043407 	
-8.42685370741e-09 0 	0 	16648.9904351 	
-7.84569138277e-09 0 	0 	16648.9374633 	
-7.26452905812e-09 0 	0 	16648.8844914 	
-6.68336673347e-09 0 	0 	16648.8398695 	
-6.10220440882e-09 0 	0 	16648.8158965 	
-5.52104208417e-09 0 	0 	16648.7919236 	
-4.93987975952e-09 0 	0 	16648.7679507 	
-4.35871743487e-09 0 	0 	16648.7439778 	
-3.77755511022e-09 0 	0 	16648.7200049 	
-3.19639278557e-09 0 	0 	16648.696032 	
-2.61523046092e-09 0 	0 	16648.6833488 	
-2.03406813627e-09 0 	0 	16648.6860712 	
-1.45290581162e-09 0 	0 	16648.6887937 	
-8.71743486974e-10 0 	0 	16648.6915162 	
-2.90581162324e-10 0 	0 	16648.6942386 	
2.90581162325e-10 0 	0 	16648.6969611 	
8.71743486974e-10 0 	0 	16648.6996836 	
1.45290581162e-09 0 	0 	16648.7132783 	
2.03406813627e-09 0 	0 	16648.7434328 	
2.61523046092e-09 0 	0 	16648.7735872 	
3.19639278557e-09 0 	0 	16648.8037416 	
3.77755511022e-09 0 	0 	16648.833896 	
4.35871743487e-09 0 	0 	16648.8640505 	
4.93987975952e-09 0 	0 	16648.8942049 	
5.52104208417e-09 0 	0 	16648.9308421 	
6.10220440882e-09 0 	0 	16648.9927092 	
6.68336673347e-09 0 	0 	16649.0545762 	
7.26452905812e-09 0 	0 	16649.1164433 	
7.84569138277e-09 0 	0 	16649.1783103 	
8.42685370742e-09 0 	0 	16649.2401774 	
9.00801603206e-09 0 	0 	16649.3020444 	
9.58917835671e-09 0 	0 	16649.3639114 	
1.01703406814e-08 0 	0 	16649.4601497 	
1.0751503006e-08 0 	0 	16649.5627757 	
1.13326653307e-08 0 	0 	16649.6654018 	
1.19138276553e-08 0 	0 	16649.7680278 	
1.249498998e-08 0 	0 	16649.8706539 	
1.30761523046e-08 0 	0 	16649.97328 	
1.36573146293e-08 0 	0 	16650.075906 	
1.42384769539e-08 0 	0 	16650.1961137 	
1.48196392786e-08 0 	0 	16650.3556539 	
1.54008016032e-08 0 	0 	16650.5151941 	
1.59819639279e-08 0 	0 	16650.6747343 	
1.65631262525e-08 0 	0 	16650.8342745 	
1.71442885772e-08 0 	0 	16650.9938147 	
1.77254509018e-08 0 	0 	16651.1533549 	
1.83066132265e-08 0 	0 	16651.3128951 	
1.88877755511e-08 0 	0 	16651.5228462 	
1.94689378758e-08 0 	0 	16651.7667897 	
2.00501002004e-08 0 	0 	16652.0107332 	
2.06312625251e-08 0 	0 	16652.2546766 	
2.12124248497e-08 0 	0 	16652.4986201 	
2.17935871743e-08 0 	0 	16652.7425636 	
2.2374749499e-08 0 	0 	16652.9865071 	
2.29559118236e-08 0 	0 	16653.2304505 	
2.35370741483e-08 0 	0 	16653.5663559 	
2.41182364729e-08 0 	0 	16653.9409001 	
2.46993987976e-08 0 	0 	16654.3154443 	
2.52805611222e-08 0 	0 	16654.6899884 	
2.58617234469e-08 0 	0 	16655.0645326 	
2.64428857715e-08 0 	0 	16655.4390768 	
2.70240480962e-08 0 	0 	16655.8136209 	
2.76052104208e-08 0 	0 	16656.1881651 	
2.81863727455e-08 0 	0 	16656.6930678 	
2.87675350701e-08 0 	0 	16657.2760867 	
2.93486973948e-08 0 	0 	16657.8591056 	
2.99298597194e-08 0 	0 	16658.4421245 	
3.05110220441e-08 0 	0 	16659.0251434 	
3.10921843687e-08 0 	0 	16659.6081623 	
3.16733466934e-08 0 	0 	16660.1911812 	
3.2254509018e-08 0 	0 	16660.7742001 	
3.28356713427e-08 0 	0 	16661.4786977 	
3.34168336673e-08 0 	0 	16662.40262 	
3.3997995992e-08 0 	0 	16663.3265423 	
3.45791583166e-08 0 	0 	16664.2504646 	
3.51603206413e-08 0 	0 	16665.1743869 	
3.57414829659e-08 0 	0 	16666.0983092 	
3.63226452906e-08 0 	0 	16667.0222315 	
3.69038076152e-08 0 	0 	16667.9461538 	
3.74849699399e-08 0 	0 	16668.8700761 	
3.80661322645e-08 0 	0 	16670.3016521 	
3.86472945892e-08 0 	0 	16671.7941743 	
3.92284569138e-08 0 	0 	16673.2866966 	
3.98096192385e-08 0 	0 	16674.7792188 	
4.03907815631e-08 0 	0 	16676.271741 	
4.09719438878e-08 0 	0 	16677.7642632 	
4.15531062124e-08 0 	0 	16679.2567854 	
4.21342685371e-08 0 	0 	16680.7493076 	
4.27154308617e-08 0 	0 	16682.463872 	
4.32965931864e-08 0 	0 	16684.9212575 	
4.3877755511e-08 0 	0 	16687.378643 	
4.44589178357e-08 0 	0 	16689.8360285 	
4.50400801603e-08 0 	0 	16692.2934141 	
4.5621242485e-08 0 	0 	16694.7507996 	
4.62024048096e-08 0 	0 	16697.2081851 	
4.67835671343e-08 0 	0 	16699.6655706 	
4.73647294589e-08 0 	0 	16702.1229561 	
4.79458917836e-08 0 	0 	16705.1850484 	
4.85270541082e-08 0 	0 	16709.3055404 	
4.91082164329e-08 0 	0 	16713.4260324 	
4.96893787575e-08 0 	0 	16717.5465244 	
5.02705410822e-08 0 	0 	16721.6670163 	
5.08517034068e-08 0 	0 	16725.7875083 	
5.14328657315e-08 0 	0 	16729.9080003 	
5.20140280561e-08 0 	0 	16734.0284923 	
5.25951903808e-08 0 	0 	16738.1489843 	
5.31763527054e-08 0 	0 	16743.1085422 	
5.37575150301e-08 0 	0 	16750.1380632 	
5.43386773547e-08 0 	0 	16757.1675841 	
5.49198396794e-08 0 	0 	16764.1971051 	
5.5501002004e-08 0 	0 	16771.2266261 	
5.60821643287e-08 0 	0 	16778.2561471 	
5.66633266533e-08 0 	0 	16785.285668 	
5.7244488978e-08 0 	0 	16792.315189 	
5.78256513026e-08 0 	0 	16799.34471 	
5.84068136273e-08 0 	0 	16806.374231 	
5.89879759519e-08 0 	0 	16818.5629317 	
5.95691382766e-08 0 	0 	16830.7530701 	
6.01503006012e-08 0 	0 	16842.9432086 	
6.07314629259e-08 0 	0 	16855.133347 	
6.13126252505e-08 0 	0 	16867.3234855 	
6.18937875752e-08 0 	0 	16879.513624 	
6.24749498998e-08 0 	0 	16891.7037624 	
6.30561122244e-08 0 	0 	16903.8939009 	
6.36372745491e-08 0 	0 	16916.0840393 	
6.42184368737e-08 0 	0 	16932.8450017 	
6.47995991984e-08 0 	0 	16954.3172293 	
6.5380761523e-08 0 	0 	16975.789457 	
6.59619238477e-08 0 	0 	16997.2616846 	
6.65430861723e-08 0 	0 	17018.7339123 	
6.7124248497e-08 0 	0 	17040.2061399 	
6.77054108216e-08 0 	0 	17061.6783676 	
6.82865731463e-08 0 	0 	17083.1505952 	
6.88677354709e-08 0 	0 	17104.6228229 	
6.94488977956e-08 0 	0 	17126.0950505 	
7.00300601202e-08 0 	0 	17160.4543257 	
7.06112224449e-08 0 	0 	17198.8513037 	
7.11923847695e-08 0 	0 	17237.2482816 	
7.17735470942e-08 0 	0 	17275.6452595 	
7.23547094188e-08 0 	0 	17314.0422375 	
7.29358717435e-08 0 	0 	17352.4392154 	
7.35170340681e-08 0 	0 	17390.8361933 	
7.40981963928e-08 0 	0 	17429.2331713 	
7.46793587174e-08 0 	0 	17467.6301492 	
7.52605210421e-08 0 	0 	17506.0271271 	
7.58416833667e-08 0 	0 	17569.4969866 	
7.64228456914e-08 0 	0 	17639.1784073 	
7.7004008016e-08 0 	0 	17708.8598281 	
7.75851703407e-08 0 	0 	17778.5412488 	
7.81663326653e-08 0 	0 	17848.2226695 	
7.874749499e-08 0 	0 	17917.9040902 	
7.93286573146e-08 0 	0 	17987.585511 	
7.99098196393e-08 0 	0 	18057.2669317 	
8.04909819639e-08 0 	0 	18126.9483524 	
8.10721442886e-08 0 	0 	18196.6297732 	
8.16533066132e-08 0 	0 	18301.9036828 	
8.22344689379e-08 0 	0 	18430.2124445 	
8.28156312625e-08 0 	0 	18558.5212062 	
8.33967935872e-08 0 	0 	18686.8299678 	
8.39779559118e-08 0 	0 	18815.1387295 	
8.45591182365e-08 0 	0 	18943.4474911 	
8.51402805611e-08 0 	0 	19071.7562528 	
8.57214428858e-08 0 	0 	19200.0650144 	
8.63026052104e-08 0 	0 	19328.3737761 	
8.68837675351e-08 0 	0 	19456.6825378 	
8.74649298597e-08 0 	0 	19604.2488204 	
8.80460921844e-08 0 	0 	19843.9617149 	
8.8627254509e-08 0 	0 	20083.6746094 	
8.92084168337e-08 0 	0 	20323.3875039 	
8.97895791583e-08 0 	0 	20563.1003984 	
9.0370741483e-08 0 	0 	20802.8132929 	
9.09519038076e-08 0 	0 	21042.5261874 	
9.15330661323e-08 0 	0 	21282.2390819 	
9.21142284569e-08 0 	0 	21521.9519765 	
9.26953907816e-08 0 	0 	21761.664871 	
9.32765531062e-08 0 	0 	22001.3777655 	
9.38577154309e-08 0 	0 	22346.9549917 	
9.44388777555e-08 0 	0 	22801.3600258 	
9.50200400802e-08 0 	0 	23255.7650598 	
9.56012024048e-08 0 	0 	23710.1700939 	
9.61823647295e-08 0 	0 	24164.575128 	
9.67635270541e-08 0 	0 	24618.9801621 	
9.73446893788e-08 0 	0 	25073.3851962 	
9.79258517034e-08 0 	0 	25527.7902303 	
9.85070140281e-08 0 	0 	25982.1952644 	
9.90881763527e-08 0 	0 	26436.6002985 	
9.96693386774e-08 0 	0 	26891.0053325 	
1.00250501002e-07 0 	0 	27581.2977225 	
1.00831663327e-07 0 	0 	28455.4094474 	
1.01412825651e-07 0 	0 	29329.5211722 	
1.01993987976e-07 0 	0 	30203.632897 	
1.02575150301e-07 0 	0 	31077.7446219 	
1.03156312625e-07 0 	0 	31951.8563467 	
1.0373747495e-07 0 	0 	32825.9680715 	
1.04318637275e-07 0 	0 	33700.0797964 	
1.04899799599e-07 0 	0 	34574.1915212 	
1.05480961924e-07 0 	0 	35448.303246 	
1.06062124248e-07 0 	0 	36322.4149709 	
1.06643286573e-07 0 	0 	37507.6849758 	
1.07224448898e-07 0 	0 	39214.3482154 	
1.07805611222e-07 0 	0 	40921.011455 	
1.08386773547e-07 0 	0 	42627.6746946 	
1.08967935872e-07 0 	0 	44334.3379342 	
1.09549098196e-07 0 	0 	46041.0011738 	
1.10130260521e-07 0 	0 	47747.6644134 	
1.10711422846e-07 0 	0 	49454.327653 	
1.1129258517e-07 0 	0 	51160.9908926 	
1.11873747495e-07 0 	0 	52867.6541322 	
1.1245490982e-07 0 	0 	54574.3173718 	
1.13036072144e-07 0 	0 	56280.9806114 	
1.13617234469e-07 0 	0 	59533.5713279 	
1.14198396794e-07 0 	0 	62916.6178091 	
1.14779559118e-07 0 	0 	66299.6642904 	
1.15360721443e-07 0 	0 	69682.7107717 	
1.15941883768e-07 0 	0 	73065.7572529 	
1.16523046092e-07 0 	0 	76448.8037342 	
1.17104208417e-07 0 	0 	79831.8502155 	
1.17685370741e-07 0 	0 	83214.8966968 	
1.18266533066e-07 0 	0 	86597.943178 	
1.18847695391e-07 0 	0 	89980.9896593 	
1.19428857715e-07 0 	0 	93364.0361406 	
1.2001002004e-07 0 	0 	97436.7764971 	
1.20591182365e-07 0 	0 	104248.526513 	
1.21172344689e-07 0 	0 	111060.27653 	
1.21753507014e-07 0 	0 	117872.026546 	
1.22334669339e-07 0 	0 	124683.776562 	
1.22915831663e-07 0 	0 	131495.526579 	
1.23496993988e-07 0 	0 	138307.276595 	
1.24078156313e-07 0 	0 	145119.026611 	
1.24659318637e-07 0 	0 	151930.776628 	
1.25240480962e-07 0 	0 	158742.526644 	
1.25821643287e-07 0 	0 	165554.27666 	
1.26402805611e-07 0 	0 	172366.026677 	
1.26983967936e-07 0 	0 	180636.020221 	
1.27565130261e-07 0 	0 	194584.899017 	
1.28146292585e-07 0 	0 	208533.777812 	
1.2872745491e-07 0 	0 	222482.656608 	
1.29308617234e-07 0 	0 	236431.535403 	
1.29889779559e-07 0 	0 	250380.414199 	
1.30470941884e-07 0 	0 	264329.292994 	
1.31052104208e-07 0 	0 	278278.171789 	
1.31633266533e-07 0 	0 	292227.050585 	
1.32214428858e-07 0 	0 	306175.92938 	
1.32795591182e-07 0 	0 	320124.808176 	
1.33376753507e-07 0 	0 	334073.686971 	
1.33957915832e-07 0 	0 	348022.565767 	
1.34539078156e-07 0 	0 	376064.141135 	
1.35120240481e-07 0 	0 	405245.318638 	
1.35701402806e-07 0 	0 	434426.496141 	
1.3628256513e-07 0 	0 	463607.673643 	
1.36863727455e-07 0 	0 	492788.851146 	
1.3744488978e-07 0 	0 	521970.028649 	
1.38026052104e-07 0 	0 	551151.206152 	
1.38607214429e-07 0 	0 	580332.383655 	
1.39188376754e-07 0 	0 	609513.561158 	
1.39769539078e-07 0 	0 	638694.738661 	
1.40350701403e-07 0 	0 	667875.916164 	
1.40931863727e-07 0 	0 	697057.093667 	
1.41513026052e-07 0 	0 	729893.988806 	
1.42094188377e-07 0 	0 	769312.065682 	
1.42675350701e-07 0 	0 	808730.142558 	
1.43256513026e-07 0 	0 	848148.219434 	
1.43837675351e-07 0 	0 	887566.296309 	
1.44418837675e-07 0 	0 	926984.373185 	
1.45e-07 0 	0 	966402.450061 	
