-1.45e-07 -0.0237764129239 0.655624327844 1.50982049378
-1.44418837675e-07 -0.0231489439436 0.671809232414 1.47377394545
-1.43837675351e-07 -0.022555266556 0.687413475117 1.44029164231
-1.43256513026e-07 -0.0220030651844 0.702313317149 1.40998172989
-1.42675350701e-07 -0.0214831501656 0.716625471102 1.38202566982
-1.42094188377e-07 -0.0209898788408 0.730432724114 1.35595821574
-1.41513026052e-07 -0.0205213116779 0.743758978446 1.33160744895
-1.40931863727e-07 -0.0200890053207 0.756338402038 1.30967438514
-1.40350701403e-07 -0.0196786402305 0.768440382962 1.28914494864
-1.39769539078e-07 -0.0192874444282 0.780118582821 1.26982738233
-1.39188376754e-07 -0.0189234216189 0.791174641638 1.25218124962
-1.38607214429e-07 -0.0185809854832 0.801712654424 1.23581456987
-1.38026052104e-07 -0.0182531985562 0.8118934272 1.22030529267
-1.3744488978e-07 -0.0179489477868 0.821484270416 1.20614303013
-1.36863727455e-07 -0.0176617860396 0.830629235082 1.19292710639
-1.3628256513e-07 -0.0173856732564 0.839484702465 1.18032096267
-1.35701402806e-07 -0.0171333582497 0.847695826221 1.16899253332
-1.35120240481e-07 -0.0168909427662 0.855629610452 1.15818044118
-1.34539078156e-07 -0.0166618656421 0.863189714639 1.14806404835
-1.33957915832e-07 -0.0164492485705 0.870273978461 1.1387832626
-1.33376753507e-07 -0.0162429744673 0.877173796273 1.12982287194
-1.32795591182e-07 -0.0160553259357 0.883519415868 1.12178449311
-1.32214428858e-07 -0.0158736154411 0.889683613908 1.11403326001
-1.31633266533e-07 -0.0157043209835 0.895468471654 1.10688242936
-1.31052104208e-07 -0.0155441805541 0.900966791629 1.10016476197
-1.30470941884e-07 -0.0153917743569 0.906223016038 1.09381307393
-1.29889779559e-07 -0.0152505082813 0.911122722897 1.08797807088
-1.29308617234e-07 -0.0151136041281 0.915882835056 1.08234537622
-1.2872745491e-07 -0.0149887978244 0.920247872246 1.07726352159
-1.28146292585e-07 -0.0148660879646 0.924544446646 1.07227712238
-1.27565130261e-07 -0.0147555907882 0.928434783546 1.06783743924
-1.26983967936e-07 -0.0146458446198 0.932300139234 1.06343137592
-1.26402805611e-07 -0.0145477522841 0.9357713028 1.05953896761
-1.25821643287e-07 -0.0144498148415 0.939237227088 1.05565338637
-1.25240480962e-07 -0.0143624515804 0.942340005052 1.05222730581
-1.24659318637e-07 -0.0142752418274 0.945437511123 1.04880789595
-1.24078156313e-07 -0.0141971424426 0.948217810457 1.0457792932
-1.23496993988e-07 -0.0141196513728 0.950976929349 1.04277678532
-1.22915831663e-07 -0.0140495433222 0.95347577118 1.04008729161
-1.22334669339e-07 -0.0139808318755 0.955925377879 1.03745700901
-1.21753507014e-07 -0.0139176175599 0.958179008504 1.03505732246
-1.21172344689e-07 -0.0138568143646 0.960346681221 1.03275877864
-1.20591182365e-07 -0.0137995537714 0.962386778311 1.03060742289
-1.2001002004e-07 -0.0137458527282 0.964298689443 1.02860395938
-1.19428857715e-07 -0.0136937465845 0.966152642756 1.02666619107
-1.18847695391e-07 -0.0136464043077 0.967833479604 1.02492465031
-1.18266533066e-07 -0.013599062031 0.969514316452 1.02318310955
-1.17685370741e-07 -0.0135571110195 0.970997639394 1.0216619245
-1.17104208417e-07 -0.0135154441551 0.972470552355 1.02015235331
-1.16523046092e-07 -0.0134767811533 0.97383261213 1.0187647087
-1.15941883768e-07 -0.0134401635935 0.975119187843 1.01746008844
-1.15360721443e-07 -0.0134043719791 0.976375083941 1.01618878588
-1.14779559118e-07 -0.0133722319975 0.977495340703 1.01506478605
-1.14198396794e-07 -0.0133400920159 0.978615597466 1.01394078621
-1.13617234469e-07 -0.0133107906058 0.97962979872 1.01293065903
-1.13036072144e-07 -0.013282607932 0.980602201436 1.01196541128
-1.1245490982e-07 -0.0132550947589 0.981549458822 1.01102688916
-1.11873747495e-07 -0.0132303976176 0.982390950738 1.01020077954
-1.1129258517e-07 -0.0132057004764 0.983232442654 1.00937466992
-1.10711422846e-07 -0.0131828616624 0.98400380964 1.00862241699
-1.10130260521e-07 -0.0131612237976 0.984729858194 1.00791789414
-1.09549098196e-07 -0.0131395859329 0.985455906747 1.0072133713
-1.08967935872e-07 -0.0131205219176 0.986084415846 1.00661074202
-1.08386773547e-07 -0.0131015596244 0.986709070048 1.00601213972
-1.07805611222e-07 -0.0130831901602 0.987311171038 1.00543692405
-1.07224448898e-07 -0.0130665593442 0.98784712799 1.00493029663
-1.06643286573e-07 -0.0130499285281 0.988383084941 1.00442366921
-1.06062124248e-07 -0.0130342750432 0.988881728098 1.00395547494
-1.05480961924e-07 -0.0130196683268 0.989340406391 1.0035284444
-1.04899799599e-07 -0.0130050616104 0.989799084684 1.00310141386
-1.04318637275e-07 -0.0129915861538 0.990214428037 1.00271874186
-1.0373747495e-07 -0.0129787300486 0.990606046013 1.00236035563
-1.03156312625e-07 -0.0129658739434 0.990997663989 1.0020019694
-1.02575150301e-07 -0.0129541382079 0.991346227392 1.00168739832
-1.01993987976e-07 -0.0129427903672 0.991679884426 1.00138799693
-1.01412825651e-07 -0.0129314425265 0.992013541461 1.00108859555
-1.00831663327e-07 -0.0129210928206 0.992308721639 1.00082813177
-1.00250501002e-07 -0.0129110393882 0.992592480843 1.00057922573
-9.96693386774e-08 -0.0129009859559 0.992876240048 1.00033031969
-9.90881763527e-08 -0.0128917396906 0.993128786163 1.00011282593
-9.85070140281e-08 -0.0128827927581 0.993369757106 0.9999069812
-9.79258517034e-08 -0.0128738458256 0.993610728049 0.999701136473
-9.73446893788e-08 -0.0128654794901 0.993829173897 0.999517832701
-9.67635270541e-08 -0.0128574746721 0.994033594156 0.999348564393
-9.61823647295e-08 -0.012849469854 0.994238014415 0.999179296085
-9.56012024048e-08 -0.0128418084312 0.994429065274 0.99902332687
-9.50200400802e-08 -0.0128346025681 0.994602379829 0.998885000683
-9.44388777555e-08 -0.0128273967051 0.994775694384 0.998746674497
-9.38577154309e-08 -0.012820304461 0.994944568126 0.998612737
-9.32765531062e-08 -0.0128137734552 0.995091505789 0.998500478107
-9.26953907816e-08 -0.0128072424494 0.995238443453 0.998388219214
-9.21142284569e-08 -0.0128007114437 0.995385381116 0.998275960321
-9.15330661323e-08 -0.0127946518042 0.995513813134 0.998181855501
-9.09519038076e-08 -0.0127886885938 0.995638459387 0.998091464523
-9.0370741483e-08 -0.0127827253834 0.99576310564 0.998001073545
-8.97895791583e-08 -0.0127769589164 0.995879987519 0.997918234558
-8.92084168337e-08 -0.0127714715895 0.995985853284 0.997846110354
-8.8627254509e-08 -0.0127659842625 0.99609171905 0.99777398615
-8.80460921844e-08 -0.0127604969355 0.996197584815 0.997701861946
-8.74649298597e-08 -0.0127553737194 0.996288991802 0.997643659047
-8.68837675351e-08 -0.0127502837689 0.996379077812 0.99758672802
-8.63026052104e-08 -0.0127451938185 0.996469163823 0.997529796993
-8.57214428858e-08 -0.0127402152558 0.996554793438 0.997477104487
-8.51402805611e-08 -0.0127354559755 0.996631650002 0.997432756113
-8.45591182365e-08 -0.0127306966953 0.996708506567 0.99738840774
-8.39779559118e-08 -0.012725937415 0.996785363132 0.997344059367
-8.33967935872e-08 -0.0127213627899 0.996854764407 0.997306696513
-8.28156312625e-08 -0.0127168778067 0.996920546471 0.997272724816
-8.22344689379e-08 -0.0127123928234 0.996986328536 0.997238753119
-8.16533066132e-08 -0.0127079078401 0.9970521106 0.997204781423
-8.10721442886e-08 -0.012703632381 0.997109338465 0.997178678618
-8.04909819639e-08 -0.0126993743214 0.997165855965 0.997153229268
-7.99098196393e-08 -0.0126951162618 0.997222373465 0.997127779918
-7.93286573146e-08 -0.0126908741671 0.997278230202 0.997102924705
-7.874749499e-08 -0.0126868034531 0.997326993779 0.997084447446
-7.81663326653e-08 -0.0126827327391 0.997375757357 0.997065970187
-7.75851703407e-08 -0.012678662025 0.997424520934 0.997047492928
-7.7004008016e-08 -0.0126746155327 0.997472265139 0.997029906783
-7.64228456914e-08 -0.0126706992997 0.997514527367 0.997017112869
-7.58416833667e-08 -0.0126667830668 0.997556789594 0.997004318955
-7.52605210421e-08 -0.0126628668339 0.997599051822 0.996991525041
-7.46793587174e-08 -0.0126589679138 0.997640570514 0.996979358888
-7.40981963928e-08 -0.0126551790456 0.997677362817 0.996971183188
-7.35170340681e-08 -0.0126513901774 0.997714155119 0.996963007489
-7.29358717435e-08 -0.0126476013092 0.997750947422 0.996954831789
-7.23547094188e-08 -0.0126438145915 0.997787645087 0.996946732652
-7.17735470942e-08 -0.0126401308631 0.997819810586 0.996942300108
-7.11923847695e-08 -0.0126364471347 0.997851976086 0.996937867565
-7.06112224449e-08 -0.0126327634063 0.997884141585 0.996933435021
-7.00300601202e-08 -0.0126290796779 0.997916307085 0.996929002477
-6.94488977956e-08 -0.0126254662984 0.997945286151 0.996927017476
-6.88677354709e-08 -0.0126218696209 0.997973508705 0.996925613562
-6.82865731463e-08 -0.0126182729434 0.99800173126 0.996924209649
-6.77054108216e-08 -0.0126146762659 0.998029953814 0.996922805735
-6.7124248497e-08 -0.0126111155669 0.998056491152 0.996922618117
-6.65430861723e-08 -0.0126075913251 0.998081320857 0.996923662976
-6.59619238477e-08 -0.0126040670833 0.998106150561 0.996924707834
-6.5380761523e-08 -0.0126005428415 0.998130980266 0.996925752693
-6.47995991984e-08 -0.0125970236881 0.99815556239 0.996926963573
-6.42184368737e-08 -0.0125935601634 0.998177437842 0.996929989491
-6.36372745491e-08 -0.0125900966388 0.998199313293 0.996933015408
-6.30561122244e-08 -0.0125866331142 0.998221188745 0.996936041325
-6.24749498998e-08 -0.0125831695895 0.998243064196 0.996939067242
-6.18937875752e-08 -0.0125797352098 0.998263460811 0.996943003869
-6.13126252505e-08 -0.0125763230804 0.998282728423 0.996947635768
-6.07314629259e-08 -0.0125729109511 0.998301996034 0.996952267667
-6.01503006012e-08 -0.0125694988218 0.998321263646 0.996956899566
-5.95691382766e-08 -0.0125660866924 0.998340531258 0.996961531465
-5.89879759519e-08 -0.012562716139 0.998357592653 0.996967397005
-5.84068136273e-08 -0.0125593480491 0.998374523316 0.996973335646
-5.78256513026e-08 -0.0125559799592 0.998391453979 0.996979274287
-5.7244488978e-08 -0.0125526118694 0.998408384642 0.996985212928
-5.66633266533e-08 -0.012549251905 0.998424863767 0.996991378462
-5.60821643287e-08 -0.012545922096 0.99843966714 0.996998386045
-5.5501002004e-08 -0.0125425922869 0.998454470512 0.997005393628
-5.49198396794e-08 -0.0125392624778 0.998469273885 0.997012401211
-5.43386773547e-08 -0.0125359326688 0.998484077257 0.997019408794
-5.37575150301e-08 -0.0125326153378 0.998498154697 0.997026741314
-5.31763527054e-08 -0.0125293193338 0.998510991394 0.997034629208
-5.25951903808e-08 -0.0125260233298 0.998523828091 0.997042517102
-5.20140280561e-08 -0.0125227273258 0.998536664789 0.997050404996
-5.14328657315e-08 -0.0125194313218 0.998549501486 0.99705829289
-5.08517034068e-08 -0.0125161478206 0.998561578125 0.997066481731
-5.02705410822e-08 -0.0125128821626 0.998572570065 0.997075100063
-4.96893787575e-08 -0.0125096165045 0.998583562004 0.997083718395
-4.91082164329e-08 -0.0125063508465 0.998594553944 0.997092336726
-4.85270541082e-08 -0.0125030851884 0.998605545884 0.997100955058
-4.79458917836e-08 -0.0124998288928 0.998615944928 0.997109779904
-4.73647294589e-08 -0.0124965909134 0.998625184072 0.99711900876
-4.67835671343e-08 -0.0124933529339 0.998634423216 0.997128237617
-4.62024048096e-08 -0.0124901149544 0.99864366236 0.997137466473
-4.5621242485e-08 -0.012486876975 0.998652901504 0.99714669533
-4.50400801603e-08 -0.0124836427125 0.998661896358 0.997155998654
-4.44589178357e-08 -0.0124804303475 0.998669452063 0.997165740684
-4.3877755511e-08 -0.0124772179824 0.998677007767 0.997175482714
-4.32965931864e-08 -0.0124740056174 0.998684563472 0.997185224744
-4.27154308617e-08 -0.0124707932523 0.998692119176 0.997194966774
-4.21342685371e-08 -0.0124675808873 0.99869967488 0.997204708804
-4.15531062124e-08 -0.0124643884328 0.998705877624 0.997214809439
-4.09719438878e-08 -0.012461200063 0.998711802803 0.997224983643
-4.03907815631e-08 -0.0124580116932 0.998717727983 0.997235157847
-3.98096192385e-08 -0.0124548233235 0.998723653162 0.997245332051
-3.92284569138e-08 -0.0124516349537 0.998729578341 0.997255506255
-3.86472945892e-08 -0.0124484554181 0.998734884878 0.997265821535
-3.80661322645e-08 -0.0124452897377 0.99873922115 0.997276358076
-3.74849699399e-08 -0.0124421240574 0.998743557423 0.997286894616
-3.69038076152e-08 -0.012438958377 0.998747893696 0.997297431157
-3.63226452906e-08 -0.0124357926967 0.998752229968 0.997307967697
-3.57414829659e-08 -0.0124326270163 0.998756566241 0.997318504238
-3.51603206413e-08 -0.0124294790572 0.998759626571 0.9973292865
-3.45791583166e-08 -0.012426334964 0.998762408547 0.997340122368
-3.3997995992e-08 -0.0124231908708 0.998765190523 0.997350958235
-3.34168336673e-08 -0.0124200467776 0.9987679725 0.997361794103
-3.28356713427e-08 -0.0124169026844 0.998770754476 0.997372629971
-3.2254509018e-08 -0.0124137610927 0.998773351476 0.997383494929
-3.16733466934e-08 -0.0124106375969 0.998774610322 0.997394570333
-3.10921843687e-08 -0.0124075141011 0.998775869167 0.997405645738
-3.05110220441e-08 -0.0124043906052 0.998777128013 0.997416721142
-2.99298597194e-08 -0.0124012671094 0.998778386859 0.997427796547
-2.93486973948e-08 -0.0123981436136 0.998779645704 0.997438871951
-2.87675350701e-08 -0.0123950257728 0.998780474927 0.997449999161
-2.81863727455e-08 -0.0123919219217 0.998780241311 0.997461254531
-2.76052104208e-08 -0.0123888180706 0.998780007696 0.997472509901
-2.70240480962e-08 -0.0123857142194 0.99877977408 0.997483765271
-2.64428857715e-08 -0.0123826103683 0.998779540465 0.99749502064
-2.58617234469e-08 -0.0123795065172 0.998779306849 0.99750627601
-2.52805611222e-08 -0.0123764085836 0.998778610448 0.997517568827
-2.46993987976e-08 -0.012373323399 0.998776916983 0.99752894232
-2.41182364729e-08 -0.0123702382145 0.998775223517 0.997540315814
-2.35370741483e-08 -0.0123671530299 0.998773530051 0.997551689307
-2.29559118236e-08 -0.0123640678454 0.998771836586 0.997563062801
-2.2374749499e-08 -0.0123609826608 0.99877014312 0.997574436295
-2.17935871743e-08 -0.0123579010982 0.998768156945 0.997585820473
-2.12124248497e-08 -0.0123548335254 0.998765040181 0.997597245923
-2.0631262525e-08 -0.0123517659526 0.998761923417 0.997608671373
-2.00501002004e-08 -0.0123486983798 0.998758806652 0.997620096823
-1.94689378758e-08 -0.0123456308069 0.998755689888 0.997631522273
-1.88877755511e-08 -0.0123425632341 0.998752573124 0.997642947723
-1.83066132265e-08 -0.0123394956613 0.99874945636 0.997654373173
-1.77254509018e-08 -0.0123364437127 0.998745026789 0.997665779401
-1.71442885772e-08 -0.0123333925779 0.998740528844 0.997677184629
-1.65631262525e-08 -0.0123303414431 0.998736030899 0.997688589856
-1.59819639279e-08 -0.0123272903083 0.998731532954 0.997699995084
-1.54008016032e-08 -0.0123242391734 0.998727035009 0.997711400311
-1.48196392786e-08 -0.0123211880386 0.998722537064 0.997722805538
-1.42384769539e-08 -0.012318145187 0.998717308884 0.997734156072
-1.36573146293e-08 -0.0123151091634 0.998711478748 0.997745461521
-1.30761523046e-08 -0.0123120731398 0.998705648613 0.997756766969
-1.249498998e-08 -0.0123090371162 0.998699818477 0.997768072418
-1.19138276553e-08 -0.0123060010927 0.998693988341 0.997779377866
-1.13326653307e-08 -0.0123029650691 0.998688158205 0.997790683314
-1.0751503006e-08 -0.0122999290455 0.998682328069 0.997801988763
-1.01703406814e-08 -0.01229690656 0.998675228823 0.997813107325
-9.58917835671e-09 -0.0122938841405 0.998668123381 0.997824224976
-9.00801603206e-09 -0.012290861721 0.998661017939 0.997835342626
-8.42685370741e-09 -0.0122878393016 0.998653912498 0.997846460276
-7.84569138277e-09 -0.0122848168821 0.998646807056 0.997857577926
-7.26452905812e-09 -0.0122817944626 0.998639701614 0.997868695576
-6.68336673347e-09 -0.0122787754683 0.998632247838 0.99787973113
-6.10220440882e-09 -0.012275764944 0.998623932648 0.997890563662
-5.52104208417e-09 -0.0122727544197 0.998615617457 0.997901396194
-4.93987975952e-09 -0.0122697438954 0.998607302267 0.997912228725
-4.35871743487e-09 -0.0122667333711 0.998598987076 0.997923061257
-3.77755511022e-09 -0.0122637228468 0.998590671886 0.997933893789
-3.19639278557e-09 -0.0122607123225 0.998582356695 0.997944726321
-2.61523046092e-09 -0.0122577060137 0.998573561521 0.997955392921
-2.03406813627e-09 -0.0122547054574 0.998564111374 0.997965833094
-1.45290581162e-09 -0.012251704901 0.998554661228 0.997976273267
-8.71743486974e-10 -0.0122487043447 0.998545211081 0.99798671344
-2.90581162324e-10 -0.0122457037884 0.998535760934 0.997997153613
2.90581162325e-10 -0.012242703232 0.998526310787 0.998007593786
8.71743486974e-10 -0.0122397026757 0.99851686064 0.998018033959
1.45290581162e-09 -0.0122367052148 0.998506994126 0.998028272016
2.03406813627e-09 -0.0122337124684 0.998496493441 0.99803820223
2.61523046092e-09 -0.0122307197221 0.998485992757 0.998048132444
3.19639278557e-09 -0.0122277269758 0.998475492073 0.998058062657
3.77755511022e-09 -0.0122247342295 0.998464991389 0.998067992871
4.35871743487e-09 -0.0122217414832 0.998454490705 0.998077923084
4.93987975952e-09 -0.0122187487369 0.99844399002 0.998087853298
5.52104208417e-09 -0.0122157570968 0.998433293863 0.998097653041
6.10220440882e-09 -0.0122127697615 0.998421836967 0.998106945017
6.68336673347e-09 -0.0122097824263 0.998410380071 0.998116236994
7.26452905812e-09 -0.0122067950911 0.998398923175 0.99812552897
7.84569138277e-09 -0.0122038077559 0.998387466279 0.998134820947
8.42685370742e-09 -0.0122008204206 0.998376009383 0.998144112924
9.00801603206e-09 -0.0121978330854 0.998364552487 0.9981534049
9.58917835671e-09 -0.0121948457502 0.998353095591 0.998162696877
1.01703406814e-08 -0.0121918607429 0.998340920469 0.998171333223
1.0751503006e-08 -0.0121888761683 0.998328611865 0.99817984772
1.13326653307e-08 -0.0121858915936 0.998316303261 0.998188362217
1.19138276553e-08 -0.012182907019 0.998303994657 0.998196876715
1.249498998e-08 -0.0121799224444 0.998291686054 0.998205391212
1.30761523046e-08 -0.0121769378697 0.99827937745 0.99821390571
1.36573146293e-08 -0.0121739532951 0.998267068846 0.998222420207
1.42384769539e-08 -0.012170968672 0.998254532702 0.998230647993
1.48196392786e-08 -0.0121679839404 0.998241487519 0.998238234368
1.54008016032e-08 -0.0121649992088 0.998228442337 0.998245820743
1.59819639279e-08 -0.0121620144772 0.998215397154 0.998253407119
1.65631262525e-08 -0.0121590297456 0.998202351972 0.998260993494
1.71442885772e-08 -0.012156045014 0.998189306789 0.998268579869
1.77254509018e-08 -0.0121530602824 0.998176261607 0.998276166244
1.83066132265e-08 -0.0121500755508 0.998163216424 0.998283752619
1.88877755511e-08 -0.0121470888061 0.998149806985 0.998290687342
1.94689378758e-08 -0.0121441007039 0.998136151925 0.998297182652
2.00501002004e-08 -0.0121411126017 0.998122496866 0.998303677962
2.06312625251e-08 -0.0121381244995 0.998108841806 0.998310173272
2.12124248497e-08 -0.0121351363973 0.998095186746 0.998316668582
2.17935871743e-08 -0.0121321482951 0.998081531687 0.998323163891
2.2374749499e-08 -0.0121291601928 0.998067876627 0.998329659201
2.29559118236e-08 -0.0121261720906 0.998054221567 0.998336154511
2.35370741483e-08 -0.0121231791033 0.998040235865 0.998341756792
2.41182364729e-08 -0.0121201840633 0.998026111239 0.998346983857
2.46993987976e-08 -0.0121171890234 0.998011986614 0.998352210922
2.52805611222e-08 -0.0121141939835 0.997997861988 0.998357437987
2.58617234469e-08 -0.0121111989436 0.997983737362 0.998362665053
2.64428857715e-08 -0.0121082039036 0.997969612737 0.998367892118
2.70240480962e-08 -0.0121052088637 0.997955488111 0.998373119183
2.76052104208e-08 -0.0121022138238 0.997941363486 0.998378346248
2.81863727455e-08 -0.0120992119236 0.997927044105 0.998382658083
2.87675350701e-08 -0.0120962059125 0.997912608019 0.998386421475
2.93486973948e-08 -0.0120931999014 0.997898171933 0.998390184867
2.99298597194e-08 -0.0120901938902 0.997883735847 0.998393948258
3.05110220441e-08 -0.0120871878791 0.997869299761 0.99839771165
3.10921843687e-08 -0.012084181868 0.997854863675 0.998401475041
3.16733466934e-08 -0.0120811758569 0.997840427589 0.998405238433
3.2254509018e-08 -0.0120781698457 0.997825991503 0.998409001824
3.28356713427e-08 -0.012075158244 0.997811510052 0.998412164657
3.34168336673e-08 -0.0120721365441 0.997796946657 0.99841424271
3.3997995992e-08 -0.0120691148442 0.997782383262 0.998416320764
3.45791583166e-08 -0.0120660931443 0.997767819867 0.998418398818
3.51603206413e-08 -0.0120630714444 0.997753256473 0.998420476871
3.57414829659e-08 -0.0120600497445 0.997738693078 0.998422554925
3.63226452906e-08 -0.0120570280446 0.997724129683 0.998424632979
3.69038076152e-08 -0.0120540063447 0.997709566289 0.998426711032
3.74849699399e-08 -0.0120509846448 0.997695002894 0.998428789086
3.80661322645e-08 -0.012047943747 0.997680527625 0.998429127353
3.86472945892e-08 -0.0120449005445 0.997666062937 0.998429256751
3.92284569138e-08 -0.012041857342 0.997651598248 0.998429386148
3.98096192385e-08 -0.0120388141394 0.997637133559 0.998429515546
4.03907815631e-08 -0.0120357709369 0.997622668871 0.998429644943
4.09719438878e-08 -0.0120327277344 0.997608204182 0.998429774341
4.15531062124e-08 -0.0120296845318 0.997593739493 0.998429903739
4.21342685371e-08 -0.0120266413293 0.997579274805 0.998430033136
4.27154308617e-08 -0.0120235914105 0.99756490134 0.998429637183
4.32965931864e-08 -0.012020519023 0.997550833059 0.998427483716
4.3877755511e-08 -0.0120174466355 0.997536764777 0.998425330249
4.44589178357e-08 -0.012014374248 0.997522696496 0.998423176782
4.50400801603e-08 -0.0120113018605 0.997508628214 0.998421023315
4.5621242485e-08 -0.012008229473 0.997494559932 0.998418869848
4.62024048096e-08 -0.0120051570855 0.997480491651 0.998416716381
4.67835671343e-08 -0.0120020846981 0.997466423369 0.998414562914
4.73647294589e-08 -0.0119990123106 0.997452355087 0.998412409447
4.79458917836e-08 -0.0119959253153 0.997438585536 0.99840925866
4.85270541082e-08 -0.0119928127524 0.997425338845 0.998404362297
4.91082164329e-08 -0.0119897001895 0.997412092153 0.998399465933
4.96893787575e-08 -0.0119865876267 0.997398845462 0.998394569569
5.02705410822e-08 -0.0119834750638 0.99738559877 0.998389673206
5.08517034068e-08 -0.0119803625009 0.997372352079 0.998384776842
5.14328657315e-08 -0.0119772499381 0.997359105387 0.998379880478
5.20140280561e-08 -0.0119741373752 0.997345858696 0.998374984114
5.25951903808e-08 -0.0119710248123 0.997332612004 0.998370087751
5.31763527054e-08 -0.0119678957626 0.997319791773 0.998364201559
5.37575150301e-08 -0.0119647260402 0.997308023611 0.998355873478
5.43386773547e-08 -0.0119615563177 0.99729625545 0.998347545396
5.49198396794e-08 -0.0119583865953 0.997284487289 0.998339217315
5.5501002004e-08 -0.0119552168728 0.997272719127 0.998330889233
5.60821643287e-08 -0.0119520471504 0.997260950966 0.998322561151
5.66633266533e-08 -0.0119488774279 0.997249182805 0.99831423307
5.7244488978e-08 -0.0119457077055 0.997237414643 0.998305904988
5.78256513026e-08 -0.011942537983 0.997225646482 0.998297576907
5.84068136273e-08 -0.0119393682606 0.997213878321 0.998289248825
5.89879759519e-08 -0.0119361133923 0.99720467223 0.998276379204
5.95691382766e-08 -0.0119328585003 0.997195466854 0.998263508317
6.01503006012e-08 -0.0119296036082 0.997186261478 0.99825063743
6.07314629259e-08 -0.0119263487162 0.997177056102 0.998237766543
6.13126252505e-08 -0.0119230938242 0.997167850725 0.998224895656
6.18937875752e-08 -0.0119198389322 0.997158645349 0.998212024769
6.24749498998e-08 -0.0119165840401 0.997149439973 0.998199153882
6.30561122244e-08 -0.0119133291481 0.997140234597 0.998186282995
6.36372745491e-08 -0.0119100742561 0.99713102922 0.998173412108
6.42184368737e-08 -0.0119067535243 0.997124012054 0.998157369029
6.47995991984e-08 -0.0119033649297 0.997119250331 0.99813805629
6.5380761523e-08 -0.0118999763352 0.997114488607 0.998118743551
6.59619238477e-08 -0.0118965877407 0.997109726884 0.998099430812
6.65430861723e-08 -0.0118931991461 0.997104965161 0.998080118073
6.7124248497e-08 -0.0118898105516 0.997100203438 0.998060805334
6.77054108216e-08 -0.0118864219571 0.997095441715 0.998041492594
6.82865731463e-08 -0.0118830333626 0.997090679992 0.998022179855
6.88677354709e-08 -0.011879644768 0.997085918269 0.998002867116
6.94488977956e-08 -0.0118762561735 0.997081156545 0.997983554377
7.00300601202e-08 -0.0118726994166 0.997082353091 0.997956759977
7.06112224449e-08 -0.011869089972 0.99708541645 0.997927621462
7.11923847695e-08 -0.0118654805274 0.99708847981 0.997898482947
7.17735470942e-08 -0.0118618710827 0.997091543169 0.997869344432
7.23547094188e-08 -0.0118582616381 0.997094606528 0.997840205917
7.29358717435e-08 -0.0118546521935 0.997097669887 0.997811067402
7.35170340681e-08 -0.0118510427489 0.997100733247 0.997781928887
7.40981963928e-08 -0.0118474333042 0.997103796606 0.997752790372
7.46793587174e-08 -0.0118438238596 0.997106859965 0.997723651857
7.52605210421e-08 -0.011840214415 0.997109923325 0.997694513342
7.58416833667e-08 -0.0118362992571 0.997124258307 0.997652523032
7.64228456914e-08 -0.0118323083617 0.997141385723 0.997607348816
7.7004008016e-08 -0.0118283174664 0.99715851314 0.997562174601
7.75851703407e-08 -0.011824326571 0.997175640557 0.997517000385
7.81663326653e-08 -0.0118203356756 0.997192767973 0.997471826169
7.874749499e-08 -0.0118163447803 0.99720989539 0.997426651953
7.93286573146e-08 -0.0118123538849 0.997227022807 0.997381477737
7.99098196393e-08 -0.0118083629896 0.997244150223 0.997336303521
8.04909819639e-08 -0.0118043720942 0.99726127764 0.997291129305
8.10721442886e-08 -0.0118003811988 0.997278405056 0.997245955089
8.16533066132e-08 -0.0117959754201 0.997311201749 0.997183976673
8.22344689379e-08 -0.0117913011358 0.997354139329 0.997111122864
8.28156312625e-08 -0.0117866268516 0.997397076909 0.997038269056
8.33967935872e-08 -0.0117819525673 0.997440014489 0.996965415247
8.39779559118e-08 -0.011777278283 0.997482952069 0.996892561439
8.45591182365e-08 -0.0117726039988 0.997525889649 0.996819707631
8.51402805611e-08 -0.0117679297145 0.99756882723 0.996746853822
8.57214428858e-08 -0.0117632554303 0.99761176481 0.996674000014
8.63026052104e-08 -0.011758581146 0.99765470239 0.996601146205
8.68837675351e-08 -0.0117539068618 0.99769763997 0.996528292397
8.74649298597e-08 -0.0117490146649 0.997748928955 0.996446815893
8.80460921844e-08 -0.011743079763 0.997840179142 0.996324080075
8.8627254509e-08 -0.0117371448612 0.997931429329 0.996201344256
8.92084168337e-08 -0.0117312099593 0.998022679516 0.996078608438
8.97895791583e-08 -0.0117252750574 0.998113929702 0.995955872619
9.0370741483e-08 -0.0117193401556 0.998205179889 0.995833136801
9.09519038076e-08 -0.0117134052537 0.998296430076 0.995710400982
9.15330661323e-08 -0.0117074703519 0.998387680263 0.995587665164
9.21142284569e-08 -0.01170153545 0.99847893045 0.995464929345
9.26953907816e-08 -0.0116956005481 0.998570180636 0.995342193527
9.32765531062e-08 -0.0116896656463 0.998661430823 0.995219457709
9.38577154309e-08 -0.0116825566961 0.998798119042 0.995050959466
9.44388777555e-08 -0.0116742408324 0.998981517246 0.994835417765
9.50200400802e-08 -0.0116659249687 0.999164915451 0.994619876064
9.56012024048e-08 -0.011657609105 0.999348313655 0.994404334362
9.61823647295e-08 -0.0116492932414 0.999531711859 0.994188792661
9.67635270541e-08 -0.0116409773777 0.999715110064 0.99397325096
9.73446893788e-08 -0.011632661514 0.999898508268 0.993757709259
9.79258517034e-08 -0.0116243456503 1.00008190647 0.993542167558
9.85070140281e-08 -0.0116160297866 1.00026530468 0.993326625856
9.90881763527e-08 -0.0116077139229 1.00044870288 0.993111084155
9.96693386774e-08 -0.0115993980592 1.00063210109 0.992895542454
1.00250501002e-07 -0.0115885040256 1.00091614472 0.992580673977
1.00831663327e-07 -0.0115756009082 1.00127861807 0.992188403379
1.01412825651e-07 -0.0115626977907 1.00164109142 0.991796132781
1.01993987976e-07 -0.0115497946733 1.00200356477 0.991403862182
1.02575150301e-07 -0.0115368915559 1.00236603811 0.991011591584
1.03156312625e-07 -0.0115239884385 1.00272851146 0.990619320986
1.0373747495e-07 -0.0115110853211 1.00309098481 0.990227050387
1.04318637275e-07 -0.0114981822037 1.00345345816 0.989834779789
1.04899799599e-07 -0.0114852790863 1.0038159315 0.989442509191
1.05480961924e-07 -0.0114723759688 1.00417840485 0.989050238592
1.06062124248e-07 -0.0114594728514 1.0045408782 0.988657967994
1.06643286573e-07 -0.0114432078391 1.00503607541 0.988137852444
1.07224448898e-07 -0.0114213094583 1.00575367174 0.987403513146
1.07805611222e-07 -0.0113994110774 1.00647126807 0.986669173849
1.08386773547e-07 -0.0113775126966 1.0071888644 0.985934834551
1.08967935872e-07 -0.0113556143158 1.00790646073 0.985200495253
1.09549098196e-07 -0.0113337159349 1.00862405706 0.984466155956
1.10130260521e-07 -0.0113118175541 1.00934165339 0.983731816658
1.10711422846e-07 -0.0112899191733 1.01005924972 0.98299747736
1.1129258517e-07 -0.0112680207924 1.01077684606 0.982263138062
1.11873747495e-07 -0.0112461224116 1.01149444239 0.981528798765
1.1245490982e-07 -0.0112242240308 1.01221203872 0.980794459467
1.13036072144e-07 -0.0112023256499 1.01292963505 0.980060120169
1.13617234469e-07 -0.0111638908389 1.01431281956 0.978709721143
1.14198396794e-07 -0.0111240605726 1.01575217089 0.97730733485
1.14779559118e-07 -0.0110842303063 1.01719152221 0.975904948558
1.15360721443e-07 -0.01104440004 1.01863087353 0.974502562265
1.15941883768e-07 -0.0110045697737 1.02007022486 0.973100175973
1.16523046092e-07 -0.0109647395074 1.02150957618 0.97169778968
1.17104208417e-07 -0.0109249092411 1.02294892751 0.970295403388
1.17685370741e-07 -0.0108850789748 1.02438827883 0.968893017095
1.18266533066e-07 -0.0108452487085 1.02582763016 0.967490630803
1.18847695391e-07 -0.0108054184422 1.02726698148 0.96608824451
1.19428857715e-07 -0.0107655881759 1.02870633281 0.964685858218
1.2001002004e-07 -0.0107184511557 1.03045100487 0.963021602103
1.20591182365e-07 -0.0106422965233 1.03340820974 0.96031737159
1.21172344689e-07 -0.0105661418909 1.03636541462 0.957613141078
1.21753507014e-07 -0.0104899872585 1.03932261949 0.954908910566
1.22334669339e-07 -0.0104138326261 1.04227982436 0.952204680053
1.22915831663e-07 -0.0103376779937 1.04523702923 0.949500449541
1.23496993988e-07 -0.0102615233613 1.04819423411 0.946796219028
1.24078156313e-07 -0.0101853687288 1.05115143898 0.944091988516
1.24659318637e-07 -0.0101092140964 1.05410864385 0.941387758003
1.25240480962e-07 -0.010033059464 1.05706584872 0.938683527491
1.25821643287e-07 -0.0099569048316 1.0600230536 0.935979296979
1.26402805611e-07 -0.00988075019918 1.06298025847 0.933275066466
1.26983967936e-07 -0.00978931485697 1.06662622739 0.930064567456
1.27565130261e-07 -0.0096383713491 1.07295447259 0.924882490552
1.28146292585e-07 -0.00948742784122 1.07928271779 0.919700413648
1.2872745491e-07 -0.00933648433335 1.08561096299 0.914518336744
1.29308617234e-07 -0.00918554082547 1.09193920819 0.909336259841
1.29889779559e-07 -0.0090345973176 1.09826745339 0.904154182937
1.30470941884e-07 -0.00888365380972 1.1045956986 0.898972106033
1.31052104208e-07 -0.00873271030185 1.1109239438 0.893790029129
1.31633266533e-07 -0.00858176679397 1.117252189 0.888607952225
1.32214428858e-07 -0.0084308232861 1.1235804342 0.883425875321
1.32795591182e-07 -0.00827987977822 1.1299086794 0.878243798417
1.33376753507e-07 -0.00812893627035 1.1362369246 0.873061721513
1.33957915832e-07 -0.00797799276247 1.1425651698 0.86787964461
1.34539078156e-07 -0.00768199985555 1.15653607855 0.858627159413
1.35120240481e-07 -0.00737427756781 1.17112500924 0.84904552174
1.35701402806e-07 -0.00706655528007 1.18571393993 0.839463884067
1.3628256513e-07 -0.00675883299233 1.20030287062 0.829882246394
1.36863727455e-07 -0.00645111070459 1.21489180131 0.820300608721
1.3744488978e-07 -0.00614338841685 1.229480732 0.810718971047
1.38026052104e-07 -0.00583566612911 1.24406966269 0.801137333374
1.38607214429e-07 -0.00552794384137 1.25865859338 0.791555695701
1.39188376754e-07 -0.00522022155363 1.27324752407 0.781974058028
1.39769539078e-07 -0.00491249926589 1.28783645476 0.772392420355
1.40350701403e-07 -0.00460477697815 1.30242538545 0.762810782682
1.40931863727e-07 -0.00429705469041 1.31701431615 0.753229145009
1.41513026052e-07 -0.00386894909755 1.33919635064 0.740915531647
1.42094188377e-07 -0.00322412424796 1.37504782055 0.72368369694
1.42675350701e-07 -0.00257929939837 1.41089929045 0.706451862234
1.43256513026e-07 -0.00193447454878 1.44675076035 0.689220027528
1.43837675351e-07 -0.00128964969918 1.48260223025 0.671988192822
1.44418837675e-07 -0.000644824849592 1.51845370016 0.654756358115
1.45e-07 0 1.55430517006 0.637524523409
