-1.45e-07 0 	0 	-558044.015224 	
-1.44418837675e-07 0 	0 	-525468.793343 	
-1.43837675351e-07 0 	0 	-493853.888342 	
-1.43256513026e-07 0 	0 	-464406.894561 	
-1.42675350701e-07 0 	0 	-436652.169406 	
-1.42094188377e-07 0 	0 	-410296.29643 	
-1.41513026052e-07 0 	0 	-385238.954151 	
-1.40931863727e-07 0 	0 	-362092.356549 	
-1.40350701403e-07 0 	0 	-340104.921596 	
-1.39769539078e-07 0 	0 	-319130.987422 	
-1.39188376754e-07 0 	0 	-299596.236293 	
-1.38607214429e-07 0 	0 	-281207.636054 	
-1.38026052104e-07 0 	0 	-263597.532548 	
-1.3744488978e-07 0 	0 	-247240.147781 	
-1.36863727455e-07 0 	0 	-231794.530312 	
-1.3628256513e-07 0 	0 	-216938.576304 	
-1.35701402806e-07 0 	0 	-203355.365698 	
-1.35120240481e-07 0 	0 	-190302.852613 	
-1.34539078156e-07 0 	0 	-177965.387532 	
-1.33957915832e-07 0 	0 	-166512.394997 	
-1.33376753507e-07 0 	0 	-155400.398709 	
-1.32795591182e-07 0 	0 	-145291.576527 	
-1.32214428858e-07 0 	0 	-135503.320193 	
-1.31633266533e-07 0 	0 	-126385.345526 	
-1.31052104208e-07 0 	0 	-117762.694386 	
-1.30470941884e-07 0 	0 	-109558.541755 	
-1.29889779559e-07 0 	0 	-101958.566005 	
-1.29308617234e-07 0 	0 	-94595.156143 	
-1.2872745491e-07 0 	0 	-87889.3664349 	
-1.28146292585e-07 0 	0 	-81297.5361369 	
-1.27565130261e-07 0 	0 	-75371.080156 	
-1.26983967936e-07 0 	0 	-69485.5407728 	
-1.26402805611e-07 0 	0 	-64236.3669814 	
-1.25821643287e-07 0 	0 	-58995.651237 	
-1.25240480962e-07 0 	0 	-54333.6470168 	
-1.24659318637e-07 0 	0 	-49680.0441056 	
-1.24078156313e-07 0 	0 	-45526.1563904 	
-1.23496993988e-07 0 	0 	-41405.6355236 	
-1.22915831663e-07 0 	0 	-37690.9825667 	
-1.22334669339e-07 0 	0 	-34053.1053364 	
-1.21753507014e-07 0 	0 	-30718.0885471 	
-1.21172344689e-07 0 	0 	-27515.9106768 	
-1.20591182365e-07 0 	0 	-24509.3354524 	
-1.2001002004e-07 0 	0 	-21699.2986493 	
-1.19428857715e-07 0 	0 	-18977.512904 	
-1.18847695391e-07 0 	0 	-16519.3276775 	
-1.18266533066e-07 0 	0 	-14061.1424511 	
-1.17685370741e-07 0 	0 	-11901.9067232 	
-1.17104208417e-07 0 	0 	-9758.42714411 	
-1.16523046092e-07 0 	0 	-7781.86102518 	
-1.15941883768e-07 0 	0 	-5918.95249401 	
-1.15360721443e-07 0 	0 	-4102.03225921 	
-1.14779559118e-07 0 	0 	-2488.43341707 	
-1.14198396794e-07 0 	0 	-874.834574925 	
-1.13617234469e-07 0 	0 	580.399929585 	
-1.13036072144e-07 0 	0 	1973.21996655 	
-1.1245490982e-07 0 	0 	3328.61666817 	
-1.11873747495e-07 0 	0 	4526.60454853 	
-1.1129258517e-07 0 	0 	5724.59242888 	
-1.10711422846e-07 0 	0 	6818.51291979 	
-1.10130260521e-07 0 	0 	7845.17956817 	
-1.09549098196e-07 0 	0 	8871.84621655 	
-1.08967935872e-07 0 	0 	9754.12292233 	
-1.08386773547e-07 0 	0 	10630.6931344 	
-1.07805611222e-07 0 	0 	11473.9516413 	
-1.07224448898e-07 0 	0 	12219.5136135 	
-1.06643286573e-07 0 	0 	12965.0755857 	
-1.06062124248e-07 0 	0 	13655.6372485 	
-1.05480961924e-07 0 	0 	14287.2909431 	
-1.04899799599e-07 0 	0 	14918.9446378 	
-1.04318637275e-07 0 	0 	15486.8496272 	
-1.0373747495e-07 0 	0 	16019.8529415 	
-1.03156312625e-07 0 	0 	16552.8562557 	
-1.02575150301e-07 0 	0 	17022.6518409 	
-1.01993987976e-07 0 	0 	17470.5636253 	
-1.01412825651e-07 0 	0 	17918.4754098 	
-1.00831663327e-07 0 	0 	18310.024459 	
-1.00250501002e-07 0 	0 	18684.8435212 	
-9.96693386774e-08 0 	0 	19059.6625834 	
-9.90881763527e-08 0 	0 	19388.8748799 	
-9.85070140281e-08 0 	0 	19701.1742035 	
-9.79258517034e-08 0 	0 	20013.473527 	
-9.73446893788e-08 0 	0 	20292.9602808 	
-9.67635270541e-08 0 	0 	20552.0157948 	
-9.61823647295e-08 0 	0 	20811.0713089 	
-9.56012024048e-08 0 	0 	21050.7244701 	
-9.50200400802e-08 0 	0 	21264.6378086 	
-9.44388777555e-08 0 	0 	21478.5511471 	
-9.38577154309e-08 0 	0 	21686.0502157 	
-9.32765531062e-08 0 	0 	21861.8650126 	
-9.26953907816e-08 0 	0 	22037.6798096 	
-9.21142284569e-08 0 	0 	22213.4946065 	
-9.15330661323e-08 0 	0 	22362.7411444 	
-9.09519038076e-08 0 	0 	22506.5525217 	
-9.0370741483e-08 0 	0 	22650.363899 	
-8.97895791583e-08 0 	0 	22783.1142766 	
-8.92084168337e-08 0 	0 	22900.1712813 	
-8.8627254509e-08 0 	0 	23017.2282859 	
-8.80460921844e-08 0 	0 	23134.2852906 	
-8.74649298597e-08 0 	0 	23230.9492794 	
-8.68837675351e-08 0 	0 	23325.7501316 	
-8.63026052104e-08 0 	0 	23420.5509838 	
-8.57214428858e-08 0 	0 	23509.1467283 	
-8.51402805611e-08 0 	0 	23585.5268342 	
-8.45591182365e-08 0 	0 	23661.90694 	
-8.39779559118e-08 0 	0 	23738.2870459 	
-8.33967935872e-08 0 	0 	23804.4565897 	
-8.28156312625e-08 0 	0 	23865.6693613 	
-8.22344689379e-08 0 	0 	23926.8821328 	
-8.16533066132e-08 0 	0 	23988.0949044 	
-8.10721442886e-08 0 	0 	24037.8379851 	
-8.04909819639e-08 0 	0 	24086.62859 	
-7.99098196393e-08 0 	0 	24135.4191948 	
-7.93286573146e-08 0 	0 	24183.3475477 	
-7.874749499e-08 0 	0 	24222.0197831 	
-7.81663326653e-08 0 	0 	24260.6920185 	
-7.75851703407e-08 0 	0 	24299.3642539 	
-7.7004008016e-08 0 	0 	24336.7514549 	
-7.64228456914e-08 0 	0 	24367.2279991 	
-7.58416833667e-08 0 	0 	24397.7045433 	
-7.52605210421e-08 0 	0 	24428.1810875 	
-7.46793587174e-08 0 	0 	24457.7604571 	
-7.40981963928e-08 0 	0 	24481.6368047 	
-7.35170340681e-08 0 	0 	24505.5131522 	
-7.29358717435e-08 0 	0 	24529.3894998 	
-7.23547094188e-08 0 	0 	24553.1577697 	
-7.17735470942e-08 0 	0 	24571.7501997 	
-7.11923847695e-08 0 	0 	24590.3426297 	
-7.06112224449e-08 0 	0 	24608.9350597 	
-7.00300601202e-08 0 	0 	24627.5274897 	
-6.94488977956e-08 0 	0 	24642.7221344 	
-6.88677354709e-08 0 	0 	24657.1100886 	
-6.82865731463e-08 0 	0 	24671.4980428 	
-6.77054108216e-08 0 	0 	24685.885997 	
-6.7124248497e-08 0 	0 	24698.6225941 	
-6.65430861723e-08 0 	0 	24709.6858668 	
-6.59619238477e-08 0 	0 	24720.7491396 	
-6.5380761523e-08 0 	0 	24731.8124123 	
-6.47995991984e-08 0 	0 	24742.656777 	
-6.42184368737e-08 0 	0 	24751.107931 	
-6.36372745491e-08 0 	0 	24759.559085 	
-6.30561122244e-08 0 	0 	24768.010239 	
-6.24749498998e-08 0 	0 	24776.461393 	
-6.18937875752e-08 0 	0 	24783.7564383 	
-6.13126252505e-08 0 	0 	24790.168864 	
-6.07314629259e-08 0 	0 	24796.5812897 	
-6.01503006012e-08 0 	0 	24802.9937154 	
-5.95691382766e-08 0 	0 	24809.4061411 	
-5.89879759519e-08 0 	0 	24814.3265836 	
-5.84068136273e-08 0 	0 	24819.158617 	
-5.78256513026e-08 0 	0 	24823.9906504 	
-5.7244488978e-08 0 	0 	24828.8226839 	
-5.66633266533e-08 0 	0 	24833.3964976 	
-5.60821643287e-08 0 	0 	24837.0120049 	
-5.5501002004e-08 0 	0 	24840.6275121 	
-5.49198396794e-08 0 	0 	24844.2430194 	
-5.43386773547e-08 0 	0 	24847.8585266 	
-5.37575150301e-08 0 	0 	24851.1308694 	
-5.31763527054e-08 0 	0 	24853.8166858 	
-5.25951903808e-08 0 	0 	24856.5025023 	
-5.20140280561e-08 0 	0 	24859.1883188 	
-5.14328657315e-08 0 	0 	24861.8741352 	
-5.08517034068e-08 0 	0 	24864.2693942 	
-5.02705410822e-08 0 	0 	24866.2499905 	
-4.96893787575e-08 0 	0 	24868.2305869 	
-4.91082164329e-08 0 	0 	24870.2111833 	
-4.85270541082e-08 0 	0 	24872.1917797 	
-4.79458917836e-08 0 	0 	24873.9928057 	
-4.73647294589e-08 0 	0 	24875.4425324 	
-4.67835671343e-08 0 	0 	24876.892259 	
-4.62024048096e-08 0 	0 	24878.3419857 	
-4.5621242485e-08 0 	0 	24879.7917123 	
-4.50400801603e-08 0 	0 	24881.1839014 	
-4.44589178357e-08 0 	0 	24882.2371274 	
-4.3877755511e-08 0 	0 	24883.2903534 	
-4.32965931864e-08 0 	0 	24884.3435794 	
-4.27154308617e-08 0 	0 	24885.3968054 	
-4.21342685371e-08 0 	0 	24886.4500314 	
-4.15531062124e-08 0 	0 	24887.2594886 	
-4.09719438878e-08 0 	0 	24888.0189357 	
-4.03907815631e-08 0 	0 	24888.7783829 	
-3.98096192385e-08 0 	0 	24889.5378301 	
-3.92284569138e-08 0 	0 	24890.2972772 	
-3.86472945892e-08 0 	0 	24890.9726594 	
-3.80661322645e-08 0 	0 	24891.516196 	
-3.74849699399e-08 0 	0 	24892.0597325 	
-3.69038076152e-08 0 	0 	24892.6032691 	
-3.63226452906e-08 0 	0 	24893.1468057 	
-3.57414829659e-08 0 	0 	24893.6903423 	
-3.51603206413e-08 0 	0 	24894.1046651 	
-3.45791583166e-08 0 	0 	24894.4907994 	
-3.3997995992e-08 0 	0 	24894.8769336 	
-3.34168336673e-08 0 	0 	24895.2630678 	
-3.28356713427e-08 0 	0 	24895.649202 	
-3.2254509018e-08 0 	0 	24896.0215096 	
-3.16733466934e-08 0 	0 	24896.2937933 	
-3.10921843687e-08 0 	0 	24896.566077 	
-3.05110220441e-08 0 	0 	24896.8383607 	
-2.99298597194e-08 0 	0 	24897.1106444 	
-2.93486973948e-08 0 	0 	24897.3829281 	
-2.87675350701e-08 0 	0 	24897.631677 	
-2.81863727455e-08 0 	0 	24897.8222035 	
-2.76052104208e-08 0 	0 	24898.01273 	
-2.70240480962e-08 0 	0 	24898.2032565 	
-2.64428857715e-08 0 	0 	24898.393783 	
-2.58617234469e-08 0 	0 	24898.5843095 	
-2.52805611222e-08 0 	0 	24898.7563323 	
-2.46993987976e-08 0 	0 	24898.8884891 	
-2.41182364729e-08 0 	0 	24899.0206458 	
-2.35370741483e-08 0 	0 	24899.1528026 	
-2.29559118236e-08 0 	0 	24899.2849594 	
-2.2374749499e-08 0 	0 	24899.4171162 	
-2.17935871743e-08 0 	0 	24899.5407286 	
-2.12124248497e-08 0 	0 	24899.6313383 	
-2.0631262525e-08 0 	0 	24899.721948 	
-2.00501002004e-08 0 	0 	24899.8125577 	
-1.94689378758e-08 0 	0 	24899.9031674 	
-1.88877755511e-08 0 	0 	24899.9937771 	
-1.83066132265e-08 0 	0 	24900.0843868 	
-1.77254509018e-08 0 	0 	24900.1468178 	
-1.71442885772e-08 0 	0 	24900.2077811 	
-1.65631262525e-08 0 	0 	24900.2687445 	
-1.59819639279e-08 0 	0 	24900.3297078 	
-1.54008016032e-08 0 	0 	24900.3906711 	
-1.48196392786e-08 0 	0 	24900.4516345 	
-1.42384769539e-08 0 	0 	24900.5008489 	
-1.36573146293e-08 0 	0 	24900.5403784 	
-1.30761523046e-08 0 	0 	24900.5799079 	
-1.249498998e-08 0 	0 	24900.6194374 	
-1.19138276553e-08 0 	0 	24900.6589669 	
-1.13326653307e-08 0 	0 	24900.6984964 	
-1.0751503006e-08 0 	0 	24900.7380259 	
-1.01703406814e-08 0 	0 	24900.7616206 	
-9.58917835671e-09 0 	0 	24900.7851376 	
-9.00801603206e-09 0 	0 	24900.8086546 	
-8.42685370741e-09 0 	0 	24900.8321716 	
-7.84569138277e-09 0 	0 	24900.8556886 	
-7.26452905812e-09 0 	0 	24900.8792056 	
-6.68336673347e-09 0 	0 	24900.899043 	
-6.10220440882e-09 0 	0 	24900.9097812 	
-5.52104208417e-09 0 	0 	24900.9205193 	
-4.93987975952e-09 0 	0 	24900.9312574 	
-4.35871743487e-09 0 	0 	24900.9419956 	
-3.77755511022e-09 0 	0 	24900.9527337 	
-3.19639278557e-09 0 	0 	24900.9634718 	
-2.61523046092e-09 0 	0 	24900.9693888 	
-2.03406813627e-09 0 	0 	24900.9687269 	
-1.45290581162e-09 0 	0 	24900.9680649 	
-8.71743486974e-10 0 	0 	24900.967403 	
-2.90581162324e-10 0 	0 	24900.9667411 	
2.90581162325e-10 0 	0 	24900.9660792 	
8.71743486974e-10 0 	0 	24900.9654173 	
1.45290581162e-09 0 	0 	24900.9600674 	
2.03406813627e-09 0 	0 	24900.9475773 	
2.61523046092e-09 0 	0 	24900.9350872 	
3.19639278557e-09 0 	0 	24900.9225971 	
3.77755511022e-09 0 	0 	24900.910107 	
4.35871743487e-09 0 	0 	24900.8976169 	
4.93987975952e-09 0 	0 	24900.8851268 	
5.52104208417e-09 0 	0 	24900.8697 	
6.10220440882e-09 0 	0 	24900.8428443 	
6.68336673347e-09 0 	0 	24900.8159885 	
7.26452905812e-09 0 	0 	24900.7891327 	
7.84569138277e-09 0 	0 	24900.762277 	
8.42685370742e-09 0 	0 	24900.7354212 	
9.00801603206e-09 0 	0 	24900.7085655 	
9.58917835671e-09 0 	0 	24900.6817097 	
1.01703406814e-08 0 	0 	24900.6381528 	
1.0751503006e-08 0 	0 	24900.591492 	
1.13326653307e-08 0 	0 	24900.5448311 	
1.19138276553e-08 0 	0 	24900.4981703 	
1.249498998e-08 0 	0 	24900.4515095 	
1.30761523046e-08 0 	0 	24900.4048487 	
1.36573146293e-08 0 	0 	24900.3581879 	
1.42384769539e-08 0 	0 	24900.3023505 	
1.48196392786e-08 0 	0 	24900.225984 	
1.54008016032e-08 0 	0 	24900.1496175 	
1.59819639279e-08 0 	0 	24900.0732509 	
1.65631262525e-08 0 	0 	24899.9968844 	
1.71442885772e-08 0 	0 	24899.9205179 	
1.77254509018e-08 0 	0 	24899.8441514 	
1.83066132265e-08 0 	0 	24899.7677849 	
1.88877755511e-08 0 	0 	24899.6634101 	
1.94689378758e-08 0 	0 	24899.5401491 	
2.00501002004e-08 0 	0 	24899.4168881 	
2.06312625251e-08 0 	0 	24899.2936271 	
2.12124248497e-08 0 	0 	24899.1703661 	
2.17935871743e-08 0 	0 	24899.0471051 	
2.2374749499e-08 0 	0 	24898.9238442 	
2.29559118236e-08 0 	0 	24898.8005832 	
2.35370741483e-08 0 	0 	24898.623545 	
2.41182364729e-08 0 	0 	24898.4239117 	
2.46993987976e-08 0 	0 	24898.2242784 	
2.52805611222e-08 0 	0 	24898.0246452 	
2.58617234469e-08 0 	0 	24897.8250119 	
2.64428857715e-08 0 	0 	24897.6253786 	
2.70240480962e-08 0 	0 	24897.4257454 	
2.76052104208e-08 0 	0 	24897.2261121 	
2.81863727455e-08 0 	0 	24896.947098 	
2.87675350701e-08 0 	0 	24896.6205156 	
2.93486973948e-08 0 	0 	24896.2939332 	
2.99298597194e-08 0 	0 	24895.9673507 	
3.05110220441e-08 0 	0 	24895.6407683 	
3.10921843687e-08 0 	0 	24895.3141859 	
3.16733466934e-08 0 	0 	24894.9876035 	
3.2254509018e-08 0 	0 	24894.6610211 	
3.28356713427e-08 0 	0 	24894.2581095 	
3.34168336673e-08 0 	0 	24893.717326 	
3.3997995992e-08 0 	0 	24893.1765424 	
3.45791583166e-08 0 	0 	24892.6357589 	
3.51603206413e-08 0 	0 	24892.0949754 	
3.57414829659e-08 0 	0 	24891.5541918 	
3.63226452906e-08 0 	0 	24891.0134083 	
3.69038076152e-08 0 	0 	24890.4726247 	
3.74849699399e-08 0 	0 	24889.9318412 	
3.80661322645e-08 0 	0 	24889.0643977 	
3.86472945892e-08 0 	0 	24888.1577372 	
3.92284569138e-08 0 	0 	24887.2510768 	
3.98096192385e-08 0 	0 	24886.3444163 	
4.03907815631e-08 0 	0 	24885.4377558 	
4.09719438878e-08 0 	0 	24884.5310953 	
4.15531062124e-08 0 	0 	24883.6244348 	
4.21342685371e-08 0 	0 	24882.7177743 	
4.27154308617e-08 0 	0 	24881.6657049 	
4.32965931864e-08 0 	0 	24880.1271836 	
4.3877755511e-08 0 	0 	24878.5886624 	
4.44589178357e-08 0 	0 	24877.0501412 	
4.50400801603e-08 0 	0 	24875.5116199 	
4.5621242485e-08 0 	0 	24873.9730987 	
4.62024048096e-08 0 	0 	24872.4345775 	
4.67835671343e-08 0 	0 	24870.8960562 	
4.73647294589e-08 0 	0 	24869.357535 	
4.79458917836e-08 0 	0 	24867.4180611 	
4.85270541082e-08 0 	0 	24864.7768121 	
4.91082164329e-08 0 	0 	24862.1355632 	
4.96893787575e-08 0 	0 	24859.4943142 	
5.02705410822e-08 0 	0 	24856.8530652 	
5.08517034068e-08 0 	0 	24854.2118163 	
5.14328657315e-08 0 	0 	24851.5705673 	
5.20140280561e-08 0 	0 	24848.9293183 	
5.25951903808e-08 0 	0 	24846.2880694 	
5.31763527054e-08 0 	0 	24843.0859119 	
5.37575150301e-08 0 	0 	24838.5000017 	
5.43386773547e-08 0 	0 	24833.9140916 	
5.49198396794e-08 0 	0 	24829.3281814 	
5.5501002004e-08 0 	0 	24824.7422712 	
5.60821643287e-08 0 	0 	24820.156361 	
5.66633266533e-08 0 	0 	24815.5704508 	
5.7244488978e-08 0 	0 	24810.9845406 	
5.78256513026e-08 0 	0 	24806.3986304 	
5.84068136273e-08 0 	0 	24801.8127202 	
5.89879759519e-08 0 	0 	24793.761904 	
5.95691382766e-08 0 	0 	24785.7101222 	
6.01503006012e-08 0 	0 	24777.6583404 	
6.07314629259e-08 0 	0 	24769.6065586 	
6.13126252505e-08 0 	0 	24761.5547768 	
6.18937875752e-08 0 	0 	24753.502995 	
6.24749498998e-08 0 	0 	24745.4512132 	
6.30561122244e-08 0 	0 	24737.3994314 	
6.36372745491e-08 0 	0 	24729.3476496 	
6.42184368737e-08 0 	0 	24718.2209371 	
6.47995991984e-08 0 	0 	24703.9248148 	
6.5380761523e-08 0 	0 	24689.6286925 	
6.59619238477e-08 0 	0 	24675.3325702 	
6.65430861723e-08 0 	0 	24661.0364478 	
6.7124248497e-08 0 	0 	24646.7403255 	
6.77054108216e-08 0 	0 	24632.4442032 	
6.82865731463e-08 0 	0 	24618.1480809 	
6.88677354709e-08 0 	0 	24603.8519586 	
6.94488977956e-08 0 	0 	24589.5558363 	
7.00300601202e-08 0 	0 	24566.5974723 	
7.06112224449e-08 0 	0 	24540.9250997 	
7.11923847695e-08 0 	0 	24515.2527272 	
7.17735470942e-08 0 	0 	24489.5803547 	
7.23547094188e-08 0 	0 	24463.9079822 	
7.29358717435e-08 0 	0 	24438.2356097 	
7.35170340681e-08 0 	0 	24412.5632372 	
7.40981963928e-08 0 	0 	24386.8908647 	
7.46793587174e-08 0 	0 	24361.2184922 	
7.52605210421e-08 0 	0 	24335.5461197 	
7.58416833667e-08 0 	0 	24293.0716549 	
7.64228456914e-08 0 	0 	24246.4346361 	
7.7004008016e-08 0 	0 	24199.7976173 	
7.75851703407e-08 0 	0 	24153.1605985 	
7.81663326653e-08 0 	0 	24106.5235797 	
7.874749499e-08 0 	0 	24059.8865609 	
7.93286573146e-08 0 	0 	24013.2495421 	
7.99098196393e-08 0 	0 	23966.6125232 	
8.04909819639e-08 0 	0 	23919.9755044 	
8.10721442886e-08 0 	0 	23873.3384856 	
8.16533066132e-08 0 	0 	23802.9689682 	
8.22344689379e-08 0 	0 	23717.2401824 	
8.28156312625e-08 0 	0 	23631.5113966 	
8.33967935872e-08 0 	0 	23545.7826107 	
8.39779559118e-08 0 	0 	23460.0538249 	
8.45591182365e-08 0 	0 	23374.3250391 	
8.51402805611e-08 0 	0 	23288.5962532 	
8.57214428858e-08 0 	0 	23202.8674674 	
8.63026052104e-08 0 	0 	23117.1386816 	
8.68837675351e-08 0 	0 	23031.4098958 	
8.74649298597e-08 0 	0 	22932.9279643 	
8.80460921844e-08 0 	0 	22773.4226452 	
8.8627254509e-08 0 	0 	22613.9173262 	
8.92084168337e-08 0 	0 	22454.4120072 	
8.97895791583e-08 0 	0 	22294.9066881 	
9.0370741483e-08 0 	0 	22135.4013691 	
9.09519038076e-08 0 	0 	21975.8960501 	
9.15330661323e-08 0 	0 	21816.390731 	
9.21142284569e-08 0 	0 	21656.885412 	
9.26953907816e-08 0 	0 	21497.380093 	
9.32765531062e-08 0 	0 	21337.8747739 	
9.38577154309e-08 0 	0 	21108.8610825 	
9.44388777555e-08 0 	0 	20808.3932603 	
9.50200400802e-08 0 	0 	20507.9254381 	
9.56012024048e-08 0 	0 	20207.4576158 	
9.61823647295e-08 0 	0 	19906.9897936 	
9.67635270541e-08 0 	0 	19606.5219714 	
9.73446893788e-08 0 	0 	19306.0541492 	
9.79258517034e-08 0 	0 	19005.586327 	
9.85070140281e-08 0 	0 	18705.1185048 	
9.90881763527e-08 0 	0 	18404.6506825 	
9.96693386774e-08 0 	0 	18104.1828603 	
1.00250501002e-07 0 	0 	17650.4264601 	
1.00831663327e-07 0 	0 	17077.2172629 	
1.01412825651e-07 0 	0 	16504.0080657 	
1.01993987976e-07 0 	0 	15930.7988685 	
1.02575150301e-07 0 	0 	15357.5896713 	
1.03156312625e-07 0 	0 	14784.3804741 	
1.0373747495e-07 0 	0 	14211.1712769 	
1.04318637275e-07 0 	0 	13637.9620797 	
1.04899799599e-07 0 	0 	13064.7528826 	
1.05480961924e-07 0 	0 	12491.5436854 	
1.06062124248e-07 0 	0 	11918.3344882 	
1.06643286573e-07 0 	0 	11145.3528102 	
1.07224448898e-07 0 	0 	10037.621821 	
1.07805611222e-07 0 	0 	8929.89083175 	
1.08386773547e-07 0 	0 	7822.15984253 	
1.08967935872e-07 0 	0 	6714.4288533 	
1.09549098196e-07 0 	0 	5606.69786408 	
1.10130260521e-07 0 	0 	4498.96687486 	
1.10711422846e-07 0 	0 	3391.23588563 	
1.1129258517e-07 0 	0 	2283.50489641 	
1.11873747495e-07 0 	0 	1175.77390719 	
1.1245490982e-07 0 	0 	68.0429179624 	
1.13036072144e-07 0 	0 	-1039.68807126 	
1.13617234469e-07 0 	0 	-3126.16681665 	
1.14198396794e-07 0 	0 	-5295.23888485 	
1.14779559118e-07 0 	0 	-7464.31095305 	
1.15360721443e-07 0 	0 	-9633.38302125 	
1.15941883768e-07 0 	0 	-11802.4550895 	
1.16523046092e-07 0 	0 	-13971.5271577 	
1.17104208417e-07 0 	0 	-16140.5992259 	
1.17685370741e-07 0 	0 	-18309.6712941 	
1.18266533066e-07 0 	0 	-20478.7433623 	
1.18847695391e-07 0 	0 	-22647.8154305 	
1.19428857715e-07 0 	0 	-24816.8874987 	
1.2001002004e-07 0 	0 	-27415.5838944 	
1.20591182365e-07 0 	0 	-31720.4650561 	
1.21172344689e-07 0 	0 	-36025.3462178 	
1.21753507014e-07 0 	0 	-40330.2273795 	
1.22334669339e-07 0 	0 	-44635.1085412 	
1.22915831663e-07 0 	0 	-48939.9897029 	
1.23496993988e-07 0 	0 	-53244.8708646 	
1.24078156313e-07 0 	0 	-57549.7520263 	
1.24659318637e-07 0 	0 	-61854.633188 	
1.25240480962e-07 0 	0 	-66159.5143497 	
1.25821643287e-07 0 	0 	-70464.3955115 	
1.26402805611e-07 0 	0 	-74769.2766732 	
1.26983967936e-07 0 	0 	-79964.8154413 	
1.27565130261e-07 0 	0 	-88628.8711254 	
1.28146292585e-07 0 	0 	-97292.9268095 	
1.2872745491e-07 0 	0 	-105956.982494 	
1.29308617234e-07 0 	0 	-114621.038178 	
1.29889779559e-07 0 	0 	-123285.093862 	
1.30470941884e-07 0 	0 	-131949.149546 	
1.31052104208e-07 0 	0 	-140613.20523 	
1.31633266533e-07 0 	0 	-149277.260914 	
1.32214428858e-07 0 	0 	-157941.316598 	
1.32795591182e-07 0 	0 	-166605.372282 	
1.33376753507e-07 0 	0 	-175269.427966 	
1.33957915832e-07 0 	0 	-183933.48365 	
1.34539078156e-07 0 	0 	-200967.786485 	
1.35120240481e-07 0 	0 	-218678.947115 	
1.35701402806e-07 0 	0 	-236390.107745 	
1.3628256513e-07 0 	0 	-254101.268375 	
1.36863727455e-07 0 	0 	-271812.429004 	
1.3744488978e-07 0 	0 	-289523.589634 	
1.38026052104e-07 0 	0 	-307234.750264 	
1.38607214429e-07 0 	0 	-324945.910894 	
1.39188376754e-07 0 	0 	-342657.071523 	
1.39769539078e-07 0 	0 	-360368.232153 	
1.40350701403e-07 0 	0 	-378079.392783 	
1.40931863727e-07 0 	0 	-395790.553413 	
1.41513026052e-07 0 	0 	-415651.837069 	
1.42094188377e-07 0 	0 	-439383.865624 	
1.42675350701e-07 0 	0 	-463115.89418 	
1.43256513026e-07 0 	0 	-486847.922735 	
1.43837675351e-07 0 	0 	-510579.951291 	
1.44418837675e-07 0 	0 	-534311.979847 	
1.45e-07 0 	0 	-558044.008402 	
