-1.45e-07 0 	0 	-1206800.95102 	
-1.44418837675e-07 -4.32511173077e-13 	4.32511173077e-13 	-1134794.71446 	
-1.43837675351e-07 -8.25234605475e-13 	8.25234605475e-13 	-1065115.45778 	
-1.43256513026e-07 0 	0 	-1000815.31533 	
-1.42675350701e-07 -8.6723505993e-14 	8.6723505993e-14 	-940436.773388 	
-1.42094188377e-07 -2.25046856526e-12 	2.25046856526e-12 	-883152.553345 	
-1.41513026052e-07 0 	0 	-829602.238679 	
-1.40931863727e-07 0 	0 	-779992.06779 	
-1.40350701403e-07 0 	0 	-732477.953502 	
-1.39769539078e-07 0 	0 	-688573.074024 	
-1.39188376754e-07 0 	0 	-647266.181 	
-1.38607214429e-07 0 	0 	-607768.300161 	
-1.38026052104e-07 0 	0 	-571866.186255 	
-1.3744488978e-07 0 	0 	-536764.495099 	
-1.36863727455e-07 -6.07423913863e-14 	6.07423913863e-14 	-505250.985114 	
-1.3628256513e-07 -3.03085857666e-13 	3.03085857666e-13 	-474384.751638 	
-1.35701402806e-07 0 	0 	-446451.801917 	
-1.35120240481e-07 0 	0 	-419186.339602 	
-1.34539078156e-07 0 	0 	-394563.382392 	
-1.33957915832e-07 0 	0 	-370327.96125 	
-1.33376753507e-07 0 	0 	-348748.803446 	
-1.32795591182e-07 0 	0 	-327169.645641 	
-1.32214428858e-07 0 	0 	-308243.45969 	
-1.31633266533e-07 0 	0 	-289447.591587 	
-1.31052104208e-07 0 	0 	-272357.922805 	
-1.30470941884e-07 0 	0 	-256091.884835 	
-1.29889779559e-07 0 	0 	-240479.412017 	
-1.29308617234e-07 -2.02854305265e-14 	2.02854305265e-14 	-226498.178375 	
-1.2872745491e-07 -3.38221572748e-13 	3.38221572748e-13 	-212516.944732 	
-1.28146292585e-07 -1.49518454707e-13 	1.49518454707e-13 	-200140.015472 	
-1.27565130261e-07 -2.07797774025e-13 	2.07797774025e-13 	-188208.35031 	
-1.26983967936e-07 -4.64221980602e-13 	4.64221980602e-13 	-176566.951113 	
-1.26402805611e-07 -7.20339970253e-14 	7.20339970253e-14 	-166460.691873 	
-1.25821643287e-07 0 	0 	-156354.432633 	
-1.25240480962e-07 0 	0 	-146908.153148 	
-1.24659318637e-07 -1.43462866907e-15 	1.43462866907e-15 	-138415.376841 	
-1.24078156313e-07 -8.19828996716e-13 	8.19828996716e-13 	-129922.600534 	
-1.23496993988e-07 -7.40486930579e-13 	7.40486930579e-13 	-122175.083652 	
-1.22915831663e-07 0 	0 	-115097.115516 	
-1.22334669339e-07 0 	0 	-108019.14738 	
-1.21753507014e-07 0 	0 	-101563.409426 	
-1.21172344689e-07 0 	0 	-95715.6390084 	
-1.20591182365e-07 0 	0 	-89867.8685905 	
-1.2001002004e-07 0 	0 	-84380.0410441 	
-1.19428857715e-07 0 	0 	-79592.5182819 	
-1.18847695391e-07 0 	0 	-74804.9955196 	
-1.18266533066e-07 0 	0 	-70036.3404296 	
-1.17685370741e-07 0 	0 	-66154.1331649 	
-1.17104208417e-07 -7.67412359449e-14 	7.67412359449e-14 	-62271.9259001 	
-1.16523046092e-07 -3.14671369152e-13 	3.14671369152e-13 	-58389.7186354 	
-1.15941883768e-07 -2.85836523978e-13 	2.85836523978e-13 	-54922.818094 	
-1.15360721443e-07 -5.48561891719e-14 	5.48561891719e-14 	-51806.122166 	
-1.14779559118e-07 -1.60325488784e-13 	1.60325488784e-13 	-48689.4262379 	
-1.14198396794e-07 -3.70586466596e-13 	3.70586466596e-13 	-45572.7303099 	
-1.13617234469e-07 -1.98568248486e-13 	1.98568248486e-13 	-43030.6453904 	
-1.13036072144e-07 -8.72985332114e-15 	8.72985332114e-15 	-40554.6484911 	
-1.1245490982e-07 -2.8859417868e-13 	2.8859417868e-13 	-38078.6515918 	
-1.11873747495e-07 -5.14772326545e-13 	5.14772326545e-13 	-35642.8531193 	
-1.1129258517e-07 -2.40905688751e-13 	2.40905688751e-13 	-33697.3633248 	
-1.10711422846e-07 0 	0 	-31751.8735304 	
-1.10130260521e-07 0 	0 	-29806.3837359 	
-1.09549098196e-07 0 	0 	-27891.66888 	
-1.08967935872e-07 0 	0 	-26380.5277411 	
-1.08386773547e-07 0 	0 	-24869.3866023 	
-1.07805611222e-07 0 	0 	-23358.2454635 	
-1.07224448898e-07 0 	0 	-21847.1043246 	
-1.06643286573e-07 0 	0 	-20642.8635569 	
-1.06062124248e-07 0 	0 	-19483.1712934 	
-1.05480961924e-07 0 	0 	-18323.4790298 	
-1.04899799599e-07 0 	0 	-17163.7867662 	
-1.04318637275e-07 0 	0 	-16137.1392042 	
-1.0373747495e-07 0 	0 	-15258.3255374 	
-1.03156312625e-07 -2.66276860187e-14 	2.66276860187e-14 	-14379.5118705 	
-1.02575150301e-07 -1.46457658847e-13 	1.46457658847e-13 	-13500.6982036 	
-1.01993987976e-07 -2.66287631676e-13 	2.66287631676e-13 	-12621.8845368 	
-1.01412825651e-07 -1.77696647233e-13 	1.77696647233e-13 	-11934.1775513 	
-1.00831663327e-07 -5.9023324404e-14 	5.9023324404e-14 	-11276.9557876 	
-1.00250501002e-07 0 	0 	-10619.7340239 	
-9.96693386774e-08 0 	0 	-9962.51226012 	
-9.90881763527e-08 0 	0 	-9310.34679116 	
-9.85070140281e-08 0 	0 	-8825.59072857 	
-9.79258517034e-08 0 	0 	-8340.83466599 	
-9.73446893788e-08 -1.08517541939e-13 	1.08517541939e-13 	-7856.0786034 	
-9.67635270541e-08 -3.03694720343e-13 	3.03694720343e-13 	-7371.32254081 	
-9.61823647295e-08 -4.98871898747e-13 	4.98871898747e-13 	-6886.56647823 	
-9.56012024048e-08 -3.15991162299e-13 	3.15991162299e-13 	-6529.34210632 	
-9.50200400802e-08 -1.21970727554e-13 	1.21970727554e-13 	-6176.92520858 	
-9.44388777555e-08 -1.31716844351e-13 	1.31716844351e-13 	-5824.50831083 	
-9.38577154309e-08 -4.86413072841e-13 	4.86413072841e-13 	-5472.09141308 	
-9.32765531062e-08 -8.41109301331e-13 	8.41109301331e-13 	-5119.67451533 	
-9.26953907816e-08 -7.28320832477e-13 	7.28320832477e-13 	-4832.72148898 	
-9.21142284569e-08 -3.75237051161e-13 	3.75237051161e-13 	-4580.35567964 	
-9.15330661323e-08 -2.21532698457e-14 	2.21532698457e-14 	-4327.98987029 	
-9.09519038076e-08 -1.50001312879e-13 	1.50001312879e-13 	-4075.62406095 	
-9.0370741483e-08 -3.10044067832e-13 	3.10044067832e-13 	-3823.25825161 	
-8.97895791583e-08 -4.39924802659e-13 	4.39924802659e-13 	-3577.55672793 	
-8.92084168337e-08 -2.80432762498e-13 	2.80432762498e-13 	-3399.66433136 	
-8.8627254509e-08 -1.20940722338e-13 	1.20940722338e-13 	-3221.7719348 	
-8.80460921844e-08 -1.05598994923e-13 	1.05598994923e-13 	-3043.87953823 	
-8.74649298597e-08 -5.42476385639e-13 	5.42476385639e-13 	-2865.98714166 	
-8.68837675351e-08 -9.79353776355e-13 	9.79353776355e-13 	-2688.0947451 	
-8.63026052104e-08 -1.18867392644e-12 	1.18867392644e-12 	-2524.21495845 	
-8.57214428858e-08 -7.52920975996e-13 	7.52920975996e-13 	-2400.8621366 	
-8.51402805611e-08 -3.17168025549e-13 	3.17168025549e-13 	-2277.50931475 	
-8.45591182365e-08 0 	0 	-2154.1564929 	
-8.39779559118e-08 0 	0 	-2030.80367105 	
-8.33967935872e-08 0 	0 	-1907.4508492 	
-8.28156312625e-08 0 	0 	-1789.7423411 	
-8.22344689379e-08 0 	0 	-1705.65624501 	
-8.16533066132e-08 0 	0 	-1621.57014892 	
-8.10721442886e-08 0 	0 	-1537.48405283 	
-8.04909819639e-08 0 	0 	-1453.39795674 	
-7.99098196393e-08 0 	0 	-1369.31186065 	
-7.93286573146e-08 0 	0 	-1285.22576456 	
-7.874749499e-08 0 	0 	-1221.59151336 	
-7.81663326653e-08 0 	0 	-1165.27680165 	
-7.75851703407e-08 0 	0 	-1108.96208993 	
-7.7004008016e-08 -2.49057519993e-14 	2.49057519993e-14 	-1052.64737822 	
-7.64228456914e-08 -7.93417021214e-14 	7.93417021214e-14 	-996.332666504 	
-7.58416833667e-08 -1.33777652243e-13 	1.33777652243e-13 	-940.01795479 	
-7.52605210421e-08 -1.85751379646e-13 	1.85751379646e-13 	-884.105263654 	
-7.46793587174e-08 -1.31371604977e-13 	1.31371604977e-13 	-847.069069705 	
-7.40981963928e-08 -7.69918303075e-14 	7.69918303075e-14 	-810.032875756 	
-7.35170340681e-08 -2.26120556381e-14 	2.26120556381e-14 	-772.996681806 	
-7.29358717435e-08 -2.95533697778e-14 	2.95533697778e-14 	-735.960487857 	
-7.23547094188e-08 -8.01426358078e-14 	8.01426358078e-14 	-698.924293908 	
-7.17735470942e-08 -1.30731901838e-13 	1.30731901838e-13 	-661.888099958 	
-7.11923847695e-08 -1.81321167868e-13 	1.81321167868e-13 	-624.851906009 	
-7.06112224449e-08 -1.32435390166e-13 	1.32435390166e-13 	-600.706098143 	
-7.00300601202e-08 -8.18847670917e-14 	8.18847670917e-14 	-576.794392536 	
-6.94488977956e-08 -3.13341440171e-14 	3.13341440171e-14 	-552.882686928 	
-6.88677354709e-08 0 	0 	-528.97098132 	
-6.82865731463e-08 0 	0 	-505.059275713 	
-6.77054108216e-08 0 	0 	-481.147570105 	
-6.7124248497e-08 0 	0 	-457.235864498 	
-6.65430861723e-08 0 	0 	-438.619150267 	
-6.59619238477e-08 0 	0 	-423.462113689 	
-6.5380761523e-08 0 	0 	-408.305077111 	
-6.47995991984e-08 0 	0 	-393.148040533 	
-6.42184368737e-08 -6.87795872355e-14 	6.87795872355e-14 	-377.991003955 	
-6.36372745491e-08 -1.51697008745e-13 	1.51697008745e-13 	-362.833967377 	
-6.30561122244e-08 -2.34614430255e-13 	2.34614430255e-13 	-347.676930799 	
-6.24749498998e-08 -3.17531851765e-13 	3.17531851765e-13 	-332.519894221 	
-6.18937875752e-08 -2.55639803456e-13 	2.55639803456e-13 	-322.350888236 	
-6.13126252505e-08 -1.72759306793e-13 	1.72759306793e-13 	-312.910607383 	
-6.07314629259e-08 -8.98788101303e-14 	8.98788101303e-14 	-303.470326529 	
-6.01503006012e-08 -6.99831346723e-15 	6.99831346723e-15 	-294.030045676 	
-5.95691382766e-08 0 	0 	-284.589764822 	
-5.89879759519e-08 0 	0 	-275.149483969 	
-5.84068136273e-08 0 	0 	-265.709203115 	
-5.78256513026e-08 0 	0 	-256.268922262 	
-5.7244488978e-08 0 	0 	-249.633352405 	
-5.66633266533e-08 0 	0 	-243.844028733 	
-5.60821643287e-08 0 	0 	-238.054705061 	
-5.5501002004e-08 0 	0 	-232.265381389 	
-5.49198396794e-08 0 	0 	-226.476057717 	
-5.43386773547e-08 0 	0 	-220.686734045 	
-5.37575150301e-08 0 	0 	-214.897410373 	
-5.31763527054e-08 0 	0 	-209.108086701 	
-5.25951903808e-08 0 	0 	-203.942941697 	
-5.20140280561e-08 0 	0 	-200.431868526 	
-5.14328657315e-08 0 	0 	-196.920795356 	
-5.08517034068e-08 0 	0 	-193.409722185 	
-5.02705410822e-08 0 	0 	-189.898649014 	
-4.96893787575e-08 -5.7230108317e-14 	5.7230108317e-14 	-186.387575844 	
-4.91082164329e-08 -1.18961552214e-13 	1.18961552214e-13 	-182.876502673 	
-4.85270541082e-08 -1.8069299611e-13 	1.8069299611e-13 	-179.365429502 	
-4.79458917836e-08 -2.42424440007e-13 	2.42424440007e-13 	-175.854356332 	
-4.73647294589e-08 -2.58275381782e-13 	2.58275381782e-13 	-172.858227085 	
-4.67835671343e-08 -1.96560609823e-13 	1.96560609823e-13 	-170.734961171 	
-4.62024048096e-08 -1.34845837863e-13 	1.34845837863e-13 	-168.611695257 	
-4.5621242485e-08 -7.31310659034e-14 	7.31310659034e-14 	-166.488429342 	
-4.50400801603e-08 -1.14162939439e-14 	1.14162939439e-14 	-164.365163428 	
-4.44589178357e-08 0 	0 	-162.241897514 	
-4.3877755511e-08 0 	0 	-160.118631599 	
-4.32965931864e-08 0 	0 	-157.995365685 	
-4.27154308617e-08 0 	0 	-155.872099771 	
-4.21342685371e-08 0 	0 	-153.781631098 	
-4.15531062124e-08 0 	0 	-152.482897293 	
-4.09719438878e-08 0 	0 	-151.184163487 	
-4.03907815631e-08 0 	0 	-149.885429681 	
-3.98096192385e-08 0 	0 	-148.586695875 	
-3.92284569138e-08 0 	0 	-147.287962069 	
-3.86472945892e-08 0 	0 	-145.989228264 	
-3.80661322645e-08 0 	0 	-144.690494458 	
-3.74849699399e-08 0 	0 	-143.391760652 	
-3.69038076152e-08 0 	0 	-142.093026846 	
-3.63226452906e-08 0 	0 	-140.91821005 	
-3.57414829659e-08 0 	0 	-140.096909643 	
-3.51603206413e-08 0 	0 	-139.275609236 	
-3.45791583166e-08 0 	0 	-138.45430883 	
-3.3997995992e-08 0 	0 	-137.633008423 	
-3.34168336673e-08 -5.92220305047e-15 	5.92220305047e-15 	-136.811708016 	
-3.28356713427e-08 -2.91868399448e-14 	2.91868399448e-14 	-135.990407609 	
-3.2254509018e-08 -5.24514768392e-14 	5.24514768392e-14 	-135.169107202 	
-3.16733466934e-08 -7.57161137335e-14 	7.57161137335e-14 	-134.347806796 	
-3.10921843687e-08 -9.89807506279e-14 	9.89807506279e-14 	-133.526506389 	
-3.05110220441e-08 -1.21808677087e-13 	1.21808677087e-13 	-132.707565821 	
-2.99298597194e-08 -9.85495791271e-14 	9.85495791271e-14 	-132.155583105 	
-2.93486973948e-08 -7.52904811673e-14 	7.52904811673e-14 	-131.603600389 	
-2.87675350701e-08 -5.20313832074e-14 	5.20313832074e-14 	-131.051617672 	
-2.81863727455e-08 -2.87722852476e-14 	2.87722852476e-14 	-130.499634956 	
-2.76052104208e-08 -5.51318728776e-15 	5.51318728776e-15 	-129.94765224 	
-2.70240480962e-08 -6.46162806056e-14 	6.46162806056e-14 	-129.395669523 	
-2.64428857715e-08 -1.49307138583e-13 	1.49307138583e-13 	-128.843686807 	
-2.58617234469e-08 -2.3399799656e-13 	2.3399799656e-13 	-128.291704091 	
-2.52805611222e-08 -3.18688854537e-13 	3.18688854537e-13 	-127.739721375 	
-2.46993987976e-08 -4.03379712514e-13 	4.03379712514e-13 	-127.187738658 	
-2.41182364729e-08 -4.4311617279e-13 	4.4311617279e-13 	-126.674963062 	
-2.35370741483e-08 -3.5844551166e-13 	3.5844551166e-13 	-126.271055302 	
-2.29559118236e-08 -2.73774850529e-13 	2.73774850529e-13 	-125.867147542 	
-2.2374749499e-08 -1.89104189399e-13 	1.89104189399e-13 	-125.463239782 	
-2.17935871743e-08 -1.04433528268e-13 	1.04433528268e-13 	-125.059332023 	
-2.12124248497e-08 -1.9762867138e-14 	1.9762867138e-14 	-124.655424263 	
-2.0631262525e-08 0 	0 	-124.251516503 	
-2.00501002004e-08 0 	0 	-123.847608743 	
-1.94689378758e-08 0 	0 	-123.443700983 	
-1.88877755511e-08 0 	0 	-123.039793224 	
-1.83066132265e-08 0 	0 	-122.635885464 	
-1.77254509018e-08 0 	0 	-122.232285777 	
-1.71442885772e-08 0 	0 	-121.908009418 	
-1.65631262525e-08 0 	0 	-121.58373306 	
-1.59819639279e-08 0 	0 	-121.259456702 	
-1.54008016032e-08 0 	0 	-120.935180343 	
-1.48196392786e-08 0 	0 	-120.610903985 	
-1.42384769539e-08 -8.45757655897e-15 	8.45757655897e-15 	-120.286627626 	
-1.36573146293e-08 -4.35299856916e-14 	4.35299856916e-14 	-119.962351268 	
-1.30761523046e-08 -7.86023948242e-14 	7.86023948242e-14 	-119.638074909 	
-1.249498998e-08 -1.13674803957e-13 	1.13674803957e-13 	-119.313798551 	
-1.19138276553e-08 -1.48747213089e-13 	1.48747213089e-13 	-118.989522193 	
-1.13326653307e-08 -1.83819622222e-13 	1.83819622222e-13 	-118.665245834 	
-1.0751503006e-08 -2.0473150145e-13 	2.0473150145e-13 	-118.349522023 	
-1.01703406814e-08 -1.69667678529e-13 	1.69667678529e-13 	-118.067761613 	
-9.58917835671e-09 -1.34603855608e-13 	1.34603855608e-13 	-117.786001203 	
-9.00801603206e-09 -9.95400326863e-14 	9.95400326863e-14 	-117.504240793 	
-8.42685370741e-09 -6.4476209765e-14 	6.4476209765e-14 	-117.222480382 	
-7.84569138277e-09 -2.94123868437e-14 	2.94123868437e-14 	-116.940719972 	
-7.26452905812e-09 -5.14449196447e-15 	5.14449196447e-15 	-116.658959562 	
-6.68336673347e-09 -3.7063026083e-14 	3.7063026083e-14 	-116.377199152 	
-6.10220440882e-09 -6.89815602016e-14 	6.89815602016e-14 	-116.095438741 	
-5.52104208417e-09 -1.0090009432e-13 	1.0090009432e-13 	-115.813678331 	
-4.93987975952e-09 -1.32818628439e-13 	1.32818628439e-13 	-115.531917921 	
-4.35871743487e-09 -1.64737162557e-13 	1.64737162557e-13 	-115.250157511 	
-3.77755511022e-09 -1.96655696676e-13 	1.96655696676e-13 	-114.9683971 	
-3.19639278557e-09 -1.75508722434e-13 	1.75508722434e-13 	-114.706153838 	
-2.61523046092e-09 -1.43598045628e-13 	1.43598045628e-13 	-114.447891421 	
-2.03406813627e-09 -1.11687368821e-13 	1.11687368821e-13 	-114.189629005 	
-1.45290581162e-09 -7.97766920153e-14 	7.97766920153e-14 	-113.931366588 	
-8.71743486974e-10 -4.78660152092e-14 	4.78660152092e-14 	-113.673104171 	
-2.90581162324e-10 -1.59553384031e-14 	1.59553384031e-14 	-113.414841755 	
2.90581162325e-10 0 	0 	-113.156579338 	
8.71743486974e-10 0 	0 	-112.898316922 	
1.45290581162e-09 0 	0 	-112.640054505 	
2.03406813627e-09 0 	0 	-112.381792088 	
2.61523046092e-09 0 	0 	-112.123529672 	
3.19639278557e-09 0 	0 	-111.865267255 	
3.77755511022e-09 0 	0 	-111.609728012 	
4.35871743487e-09 0 	0 	-111.367539848 	
4.93987975952e-09 0 	0 	-111.125351685 	
5.52104208417e-09 0 	0 	-110.883163521 	
6.10220440882e-09 0 	0 	-110.640975357 	
6.68336673347e-09 0 	0 	-110.398787194 	
7.26452905812e-09 0 	0 	-110.15659903 	
7.84569138277e-09 -1.47532013178e-13 	1.47532013178e-13 	-109.914410866 	
8.42685370742e-09 -3.23411529954e-13 	3.23411529954e-13 	-109.672222703 	
9.00801603206e-09 -4.9929104673e-13 	4.9929104673e-13 	-109.430034539 	
9.58917835671e-09 -6.75170563506e-13 	6.75170563506e-13 	-109.187846375 	
1.01703406814e-08 -8.51050080282e-13 	8.51050080282e-13 	-108.945658212 	
1.0751503006e-08 -1.02692959706e-12 	1.02692959706e-12 	-108.703470048 	
1.13326653307e-08 -9.21602878389e-13 	9.21602878389e-13 	-108.474846544 	
1.19138276553e-08 -7.45762928236e-13 	7.45762928236e-13 	-108.249638845 	
1.249498998e-08 -5.69922978083e-13 	5.69922978083e-13 	-108.024431147 	
1.30761523046e-08 -3.9408302793e-13 	3.9408302793e-13 	-107.799223449 	
1.36573146293e-08 -2.18243077777e-13 	2.18243077777e-13 	-107.574015751 	
1.42384769539e-08 -4.24031276242e-14 	4.24031276242e-14 	-107.348808053 	
1.48196392786e-08 0 	0 	-107.123600354 	
1.54008016032e-08 0 	0 	-106.898392656 	
1.59819639279e-08 0 	0 	-106.673184958 	
1.65631262525e-08 0 	0 	-106.44797726 	
1.71442885772e-08 0 	0 	-106.222769562 	
1.77254509018e-08 0 	0 	-105.997561863 	
1.83066132265e-08 0 	0 	-105.798033085 	
1.88877755511e-08 0 	0 	-105.598604038 	
1.94689378758e-08 0 	0 	-105.399174991 	
2.00501002004e-08 0 	0 	-105.199745944 	
2.06312625251e-08 0 	0 	-105.000316897 	
2.12124248497e-08 0 	0 	-104.80088785 	
2.17935871743e-08 0 	0 	-104.601458802 	
2.2374749499e-08 0 	0 	-104.402029755 	
2.29559118236e-08 0 	0 	-104.202600708 	
2.35370741483e-08 0 	0 	-104.003171661 	
2.41182364729e-08 0 	0 	-103.803742614 	
2.46993987976e-08 0 	0 	-103.637541013 	
2.52805611222e-08 0 	0 	-103.48330578 	
2.58617234469e-08 0 	0 	-103.329070546 	
2.64428857715e-08 0 	0 	-103.174835313 	
2.70240480962e-08 0 	0 	-103.020600079 	
2.76052104208e-08 -5.50305214551e-15 	5.50305214551e-15 	-102.866364845 	
2.81863727455e-08 -2.87193918506e-14 	2.87193918506e-14 	-102.712129612 	
2.87675350701e-08 -5.19357315556e-14 	5.19357315556e-14 	-102.557894378 	
2.93486973948e-08 -7.51520712607e-14 	7.51520712607e-14 	-102.403659145 	
2.99298597194e-08 -9.83684109657e-14 	9.83684109657e-14 	-102.249423911 	
3.05110220441e-08 -1.21584750671e-13 	1.21584750671e-13 	-102.095188677 	
3.10921843687e-08 -9.87571250049e-14 	9.87571250049e-14 	-102.02127601 	
3.16733466934e-08 -7.55450495317e-14 	7.55450495317e-14 	-101.948073374 	
3.2254509018e-08 -5.23329740585e-14 	5.23329740585e-14 	-101.874870738 	
3.28356713427e-08 -2.91208985853e-14 	2.91208985853e-14 	-101.801668102 	
3.34168336673e-08 -5.90882311205e-15 	5.90882311205e-15 	-101.728465466 	
3.3997995992e-08 0 	0 	-101.65526283 	
3.45791583166e-08 0 	0 	-101.582060193 	
3.51603206413e-08 0 	0 	-101.508857557 	
3.57414829659e-08 0 	0 	-101.435654921 	
3.63226452906e-08 0 	0 	-101.362452285 	
3.69038076152e-08 0 	0 	-101.395326199 	
3.74849699399e-08 0 	0 	-101.465382798 	
3.80661322645e-08 0 	0 	-101.535439398 	
3.86472945892e-08 0 	0 	-101.605495997 	
3.92284569138e-08 0 	0 	-101.675552597 	
3.98096192385e-08 0 	0 	-101.745609196 	
4.03907815631e-08 0 	0 	-101.815665796 	
4.09719438878e-08 0 	0 	-101.885722395 	
4.15531062124e-08 0 	0 	-101.955778995 	
4.21342685371e-08 0 	0 	-102.025835594 	
4.27154308617e-08 0 	0 	-102.333467174 	
4.32965931864e-08 0 	0 	-102.650940184 	
4.3877755511e-08 0 	0 	-102.968413195 	
4.44589178357e-08 0 	0 	-103.285886205 	
4.50400801603e-08 -5.72212900183e-14 	5.72212900183e-14 	-103.603359216 	
4.5621242485e-08 -3.6655099737e-13 	3.6655099737e-13 	-103.920832227 	
4.62024048096e-08 -6.75880704722e-13 	6.75880704722e-13 	-104.238305237 	
4.67835671343e-08 -9.85210412074e-13 	9.85210412074e-13 	-104.555778248 	
4.73647294589e-08 -1.29454011943e-12 	1.29454011943e-12 	-104.873251258 	
4.79458917836e-08 -1.21456385537e-12 	1.21456385537e-12 	-105.452778745 	
4.85270541082e-08 -9.05284887894e-13 	9.05284887894e-13 	-106.18690473 	
4.91082164329e-08 -5.96005920416e-13 	5.96005920416e-13 	-106.921030715 	
4.96893787575e-08 -2.86726952937e-13 	2.86726952937e-13 	-107.6551567 	
5.02705410822e-08 -2.46373991218e-15 	2.46373991218e-15 	-108.389282685 	
5.08517034068e-08 -3.62515389931e-14 	3.62515389931e-14 	-109.123408671 	
5.14328657315e-08 -7.0039338074e-14 	7.0039338074e-14 	-109.857534656 	
5.20140280561e-08 -1.03827137155e-13 	1.03827137155e-13 	-110.591660641 	
5.25951903808e-08 -1.37614936236e-13 	1.37614936236e-13 	-111.325786626 	
5.31763527054e-08 -1.2232067983e-13 	1.2232067983e-13 	-112.556738796 	
5.37575150301e-08 -8.85384962929e-14 	8.85384962929e-14 	-113.975172731 	
5.43386773547e-08 -5.47563127558e-14 	5.47563127558e-14 	-115.393606666 	
5.49198396794e-08 -2.09741292187e-14 	2.09741292187e-14 	-116.812040601 	
5.5501002004e-08 0 	0 	-118.230474536 	
5.60821643287e-08 0 	0 	-119.648908471 	
5.66633266533e-08 0 	0 	-121.067342406 	
5.7244488978e-08 0 	0 	-122.485776341 	
5.78256513026e-08 0 	0 	-124.158478765 	
5.84068136273e-08 0 	0 	-126.673902422 	
5.89879759519e-08 0 	0 	-129.189326078 	
5.95691382766e-08 0 	0 	-131.704749734 	
6.01503006012e-08 0 	0 	-134.220173391 	
6.07314629259e-08 0 	0 	-136.735597047 	
6.13126252505e-08 0 	0 	-139.251020704 	
6.18937875752e-08 0 	0 	-141.76644436 	
6.24749498998e-08 0 	0 	-144.500872707 	
6.30561122244e-08 0 	0 	-148.734360235 	
6.36372745491e-08 0 	0 	-152.967847763 	
6.42184368737e-08 0 	0 	-157.20133529 	
6.47995991984e-08 0 	0 	-161.434822818 	
6.5380761523e-08 0 	0 	-165.668310346 	
6.59619238477e-08 0 	0 	-169.901797874 	
6.65430861723e-08 0 	0 	-174.135285401 	
6.7124248497e-08 0 	0 	-179.408651101 	
6.77054108216e-08 0 	0 	-186.273536737 	
6.82865731463e-08 0 	0 	-193.138422372 	
6.88677354709e-08 0 	0 	-200.003308008 	
6.94488977956e-08 0 	0 	-206.868193644 	
7.00300601202e-08 0 	0 	-213.733079279 	
7.06112224449e-08 0 	0 	-220.597964915 	
7.11923847695e-08 0 	0 	-227.533220213 	
7.17735470942e-08 0 	0 	-238.343244241 	
7.23547094188e-08 0 	0 	-249.153268269 	
7.29358717435e-08 0 	0 	-259.963292297 	
7.35170340681e-08 0 	0 	-270.773316325 	
7.40981963928e-08 0 	0 	-281.583340353 	
7.46793587174e-08 0 	0 	-292.393364381 	
7.52605210421e-08 0 	0 	-303.203388409 	
7.58416833667e-08 0 	0 	-319.68780626 	
7.64228456914e-08 0 	0 	-336.293074027 	
7.7004008016e-08 0 	0 	-352.898341793 	
7.75851703407e-08 -6.49800434757e-14 	6.49800434757e-14 	-369.50360956 	
7.81663326653e-08 -1.84764217997e-13 	1.84764217997e-13 	-386.108877327 	
7.874749499e-08 -3.04548392518e-13 	3.04548392518e-13 	-402.714145093 	
7.93286573146e-08 -3.61022721308e-13 	3.61022721308e-13 	-421.519761257 	
7.99098196393e-08 -2.41294339126e-13 	2.41294339126e-13 	-446.473466966 	
8.04909819639e-08 -1.21565956944e-13 	1.21565956944e-13 	-471.427172674 	
8.10721442886e-08 -1.83757476227e-15 	1.83757476227e-15 	-496.380878383 	
8.16533066132e-08 0 	0 	-521.334584091 	
8.22344689379e-08 0 	0 	-546.2882898 	
8.28156312625e-08 0 	0 	-571.241995508 	
8.33967935872e-08 0 	0 	-606.303151067 	
8.39779559118e-08 0 	0 	-643.061080138 	
8.45591182365e-08 0 	0 	-679.819009209 	
8.51402805611e-08 0 	0 	-716.576938279 	
8.57214428858e-08 0 	0 	-753.33486735 	
8.63026052104e-08 0 	0 	-790.092796421 	
8.68837675351e-08 0 	0 	-839.033883261 	
8.74649298597e-08 0 	0 	-892.187420704 	
8.80460921844e-08 0 	0 	-945.340958148 	
8.8627254509e-08 -5.94984944548e-14 	5.94984944548e-14 	-998.494495592 	
8.92084168337e-08 -1.37962853553e-13 	1.37962853553e-13 	-1051.64803304 	
8.97895791583e-08 -2.16427212651e-13 	2.16427212651e-13 	-1104.80157048 	
9.0370741483e-08 -1.51840957866e-13 	1.51840957866e-13 	-1178.33991599 	
9.09519038076e-08 -7.34616313995e-14 	7.34616313995e-14 	-1253.88168182 	
9.15330661323e-08 0 	0 	-1329.42344766 	
9.21142284569e-08 0 	0 	-1404.9652135 	
9.26953907816e-08 0 	0 	-1480.50697934 	
9.32765531062e-08 0 	0 	-1566.44644803 	
9.38577154309e-08 0 	0 	-1672.06584302 	
9.44388777555e-08 0 	0 	-1777.68523802 	
9.50200400802e-08 -8.90662642705e-14 	8.90662642705e-14 	-1883.30463301 	
9.56012024048e-08 -2.30745138057e-13 	2.30745138057e-13 	-1988.924028 	
9.61823647295e-08 -3.61455527977e-13 	3.61455527977e-13 	-2095.98867401 	
9.67635270541e-08 -2.20040727411e-13 	2.20040727411e-13 	-2241.392643 	
9.73446893788e-08 -7.86259268459e-14 	7.86259268459e-14 	-2386.796612 	
9.79258517034e-08 0 	0 	-2532.20058099 	
9.85070140281e-08 0 	0 	-2677.60454999 	
9.90881763527e-08 0 	0 	-2823.00851899 	
9.96693386774e-08 0 	0 	-3018.74078699 	
1.00250501002e-07 0 	0 	-3215.99312918 	
1.00831663327e-07 -5.64493663481e-14 	5.64493663481e-14 	-3413.24547136 	
1.01412825651e-07 -1.69947444332e-13 	1.69947444332e-13 	-3610.49781354 	
1.01993987976e-07 -2.51439467884e-13 	2.51439467884e-13 	-3816.91509181 	
1.02575150301e-07 -1.38291198793e-13 	1.38291198793e-13 	-4080.78579918 	
1.03156312625e-07 -2.51429297011e-14 	2.51429297011e-14 	-4344.65650654 	
1.0373747495e-07 -4.83387430438e-14 	4.83387430438e-14 	-4608.52721391 	
1.04318637275e-07 -1.10487757449e-13 	1.10487757449e-13 	-4872.39792127 	
1.04899799599e-07 -1.0679731373e-13 	1.0679731373e-13 	-5180.71366276 	
1.05480961924e-07 -4.4890652116e-14 	4.4890652116e-14 	-5529.02819004 	
1.06062124248e-07 -3.73855729829e-14 	3.73855729829e-14 	-5877.34271732 	
1.06643286573e-07 -1.7339960237e-13 	1.7339960237e-13 	-6225.6572446 	
1.07224448898e-07 -2.73590274009e-13 	2.73590274009e-13 	-6587.36522418 	
1.07805611222e-07 -1.38240144414e-13 	1.38240144414e-13 	-7041.34241829 	
1.08386773547e-07 -2.89001481997e-15 	2.89001481997e-15 	-7495.3196124 	
1.08967935872e-07 -1.4369404716e-13 	1.4369404716e-13 	-7949.29680651 	
1.09549098196e-07 -2.9052321108e-13 	2.9052321108e-13 	-8403.27400062 	
1.10130260521e-07 -1.63506001191e-13 	1.63506001191e-13 	-8978.58804228 	
1.10711422846e-07 -1.75646297939e-14 	1.75646297939e-14 	-9563.15475293 	
1.1129258517e-07 -2.1421832073e-13 	2.1421832073e-13 	-10147.7214636 	
1.11873747495e-07 -4.57746199031e-13 	4.57746199031e-13 	-10732.2881742 	
1.1245490982e-07 -2.49262013802e-13 	2.49262013802e-13 	-11464.2722916 	
1.13036072144e-07 -7.54007176769e-15 	7.54007176769e-15 	-12208.3425662 	
1.13617234469e-07 -8.57528064517e-14 	8.57528064517e-14 	-12952.4128409 	
1.14198396794e-07 -1.54600659945e-13 	1.54600659945e-13 	-13716.3535903 	
1.14779559118e-07 -6.6884326888e-14 	6.6884326888e-14 	-14653.0608035 	
1.15360721443e-07 -2.28848158595e-14 	2.28848158595e-14 	-15589.7680167 	
1.15941883768e-07 -1.19244816599e-13 	1.19244816599e-13 	-16526.4752299 	
1.16523046092e-07 -1.26056839757e-13 	1.26056839757e-13 	-17568.4774496 	
1.17104208417e-07 -3.07424145652e-14 	3.07424145652e-14 	-18735.3487385 	
1.17685370741e-07 0 	0 	-19902.2200274 	
1.18266533066e-07 0 	0 	-21069.0913163 	
1.18847695391e-07 0 	0 	-22502.4824788 	
1.19428857715e-07 0 	0 	-23941.5464056 	
1.2001002004e-07 0 	0 	-25380.6103325 	
1.20591182365e-07 0 	0 	-27030.216239 	
1.21172344689e-07 -9.86523890333e-15 	9.86523890333e-15 	-28788.0365781 	
1.21753507014e-07 -2.55475255851e-13 	2.55475255851e-13 	-30545.8569171 	
1.22334669339e-07 -2.53648150307e-13 	2.53648150307e-13 	-32486.4387781 	
1.22915831663e-07 -1.24827354624e-14 	1.24827354624e-14 	-34614.0696648 	
1.23496993988e-07 0 	0 	-36741.7005514 	
1.24078156313e-07 0 	0 	-39070.5684156 	
1.24659318637e-07 0 	0 	-41623.4285664 	
1.25240480962e-07 -8.55559056993e-13 	8.55559056993e-13 	-44176.2887172 	
1.25821643287e-07 -6.82389389139e-13 	6.82389389139e-13 	-47015.6497292 	
1.26402805611e-07 0 	0 	-50053.3160774 	
1.26983967936e-07 0 	0 	-53090.9824257 	
1.27565130261e-07 0 	0 	-56589.7252205 	
1.28146292585e-07 -8.11529158025e-14 	8.11529158025e-14 	-60175.648861 	
1.2872745491e-07 -1.6753260511e-13 	1.6753260511e-13 	-63895.2289555 	
1.29308617234e-07 -1.00480610809e-14 	1.00480610809e-14 	-68096.3786079 	
1.29889779559e-07 0 	0 	-72297.5282603 	
1.30470941884e-07 0 	0 	-76987.942133 	
1.31052104208e-07 0 	0 	-81874.3824679 	
1.31633266533e-07 0 	0 	-87007.5944717 	
1.32214428858e-07 0 	0 	-92652.0083982 	
1.32795591182e-07 0 	0 	-98335.413007 	
1.33376753507e-07 0 	0 	-104812.578295 	
1.33957915832e-07 0 	0 	-111289.743583 	
1.34539078156e-07 0 	0 	-118560.232959 	
1.35120240481e-07 -1.68289826187e-13 	1.68289826187e-13 	-125946.46451 	
1.35701402806e-07 -4.15434783397e-14 	4.15434783397e-14 	-134120.130806 	
1.3628256513e-07 0 	0 	-142492.700324 	
1.36863727455e-07 0 	0 	-151736.904762 	
1.3744488978e-07 0 	0 	-161173.449545 	
1.38026052104e-07 0 	0 	-171672.578471 	
1.38607214429e-07 0 	0 	-182408.084923 	
1.39188376754e-07 0 	0 	-194204.012351 	
1.39769539078e-07 0 	0 	-206530.796841 	
1.40350701403e-07 -2.93555236372e-13 	2.93555236372e-13 	-219619.963958 	
1.40931863727e-07 -1.32239294717e-14 	1.32239294717e-14 	-233762.097246 	
1.41513026052e-07 0 	0 	-248513.715598 	
1.42094188377e-07 -3.7955502818e-14 	3.7955502818e-14 	-264407.033094 	
1.42675350701e-07 -1.04919624375e-15 	1.04919624375e-15 	-281373.809727 	
1.43256513026e-07 -1.00180496065e-13 	1.00180496065e-13 	-299226.075502 	
1.43837675351e-07 0 	0 	-318195.662922 	
1.44418837675e-07 -8.05915639051e-15 	8.05915639051e-15 	-338682.299244 	
1.45e-07 0 	0 	-359822.276652 	
