-1.45e-07 0 	0 	1208651.75803 	
-1.44418837675e-07 4.32447694479e-13 	-4.32447694479e-13 	1136518.70131 	
-1.43837675351e-07 8.25027090291e-13 	-8.25027090291e-13 	1066717.23865 	
-1.43256513026e-07 0 	0 	1002305.44603 	
-1.42675350701e-07 8.66919180993e-14 	-8.66919180993e-14 	941822.76908 	
-1.42094188377e-07 2.24937579497e-12 	-2.24937579497e-12 	884440.283208 	
-1.41513026052e-07 0 	0 	830798.707619 	
-1.40931863727e-07 0 	0 	781104.524745 	
-1.40350701403e-07 0 	0 	733510.219915 	
-1.39769539078e-07 0 	0 	689531.67317 	
-1.39188376754e-07 0 	0 	648155.733493 	
-1.38607214429e-07 0 	0 	608592.023397 	
-1.38026052104e-07 0 	0 	572630.383487 	
-1.3744488978e-07 0 	0 	537470.563421 	
-1.36863727455e-07 6.06676275454e-14 	-6.06676275454e-14 	505905.133297 	
-1.3628256513e-07 3.02659391835e-13 	-3.02659391835e-13 	474988.086765 	
-1.35701402806e-07 0 	0 	447009.340995 	
-1.35120240481e-07 0 	0 	419699.212532 	
-1.34539078156e-07 0 	0 	395036.062315 	
-1.33957915832e-07 0 	0 	370761.098157 	
-1.33376753507e-07 0 	0 	349146.852532 	
-1.32795591182e-07 0 	0 	327532.606907 	
-1.32214428858e-07 0 	0 	308575.746485 	
-1.31633266533e-07 0 	0 	289749.420699 	
-1.31052104208e-07 0 	0 	272632.111963 	
-1.30470941884e-07 0 	0 	256339.794237 	
-1.29889779559e-07 0 	0 	240702.114036 	
-1.29308617234e-07 2.02374529939e-14 	-2.02374529939e-14 	226698.34956 	
-1.2872745491e-07 3.37421637221e-13 	-3.37421637221e-13 	212694.585084 	
-1.28146292585e-07 1.49136421287e-13 	-1.49136421287e-13 	200297.742307 	
-1.27565130261e-07 2.07266831578e-13 	-2.07266831578e-13 	188346.890048 	
-1.26983967936e-07 4.62951476942e-13 	-4.62951476942e-13 	176686.77493 	
-1.26402805611e-07 7.18368511325e-14 	-7.18368511325e-14 	166564.291694 	
-1.25821643287e-07 0 	0 	156441.808458 	
-1.25240480962e-07 0 	0 	146980.371658 	
-1.24659318637e-07 1.43045875916e-15 	-1.43045875916e-15 	138473.979118 	
-1.24078156313e-07 8.17446071339e-13 	-8.17446071339e-13 	129967.586579 	
-1.23496993988e-07 7.38220516205e-13 	-7.38220516205e-13 	122207.653621 	
-1.22915831663e-07 0 	0 	115118.347641 	
-1.22334669339e-07 0 	0 	108029.041662 	
-1.21753507014e-07 0 	0 	101562.96504 	
-1.21172344689e-07 0 	0 	95705.8322255 	
-1.20591182365e-07 0 	0 	89848.6994116 	
-1.2001002004e-07 0 	0 	84352.0863245 	
-1.19428857715e-07 0 	0 	79556.9003511 	
-1.18847695391e-07 0 	0 	74761.7143777 	
-1.18266533066e-07 0 	0 	69985.4262861 	
-1.17685370741e-07 0 	0 	66097.0053326 	
-1.17104208417e-07 7.64804773751e-14 	-7.64804773751e-14 	62208.5843792 	
-1.16523046092e-07 3.13602149258e-13 	-3.13602149258e-13 	58320.1634257 	
-1.15941883768e-07 2.84847120666e-13 	-2.84847120666e-13 	54847.7143546 	
-1.15360721443e-07 5.4666308276e-14 	-5.4666308276e-14 	51726.0307878 	
-1.14779559118e-07 1.59770533219e-13 	-1.59770533219e-13 	48604.3472209 	
-1.14198396794e-07 3.69303707233e-13 	-3.69303707233e-13 	45482.6636541 	
-1.13617234469e-07 1.97873473962e-13 	-1.97873473962e-13 	42936.5130775 	
-1.13036072144e-07 8.69930825799e-15 	-8.69930825799e-15 	40456.5565614 	
-1.1245490982e-07 2.87584410579e-13 	-2.87584410579e-13 	37976.6000454 	
-1.11873747495e-07 5.12965176346e-13 	-5.12965176346e-13 	35536.9066941 	
-1.1129258517e-07 2.40059969701e-13 	-2.40059969701e-13 	33588.3116438 	
-1.10711422846e-07 0 	0 	31639.7165935 	
-1.10130260521e-07 0 	0 	29691.1215433 	
-1.09549098196e-07 0 	0 	27773.3512906 	
-1.08967935872e-07 0 	0 	26259.8085937 	
-1.08386773547e-07 0 	0 	24746.2658968 	
-1.07805611222e-07 0 	0 	23232.7231999 	
-1.07224448898e-07 0 	0 	21719.1805029 	
-1.06643286573e-07 0 	0 	20513.039779 	
-1.06062124248e-07 0 	0 	19351.5203699 	
-1.05480961924e-07 0 	0 	18190.0009607 	
-1.04899799599e-07 0 	0 	17028.4815515 	
-1.04318637275e-07 0 	0 	16000.2269609 	
-1.0373747495e-07 0 	0 	15120.0508504 	
-1.03156312625e-07 2.65371009332e-14 	-2.65371009332e-14 	14239.87474 	
-1.02575150301e-07 1.45959422555e-13 	-1.45959422555e-13 	13359.6986295 	
-1.01993987976e-07 2.65381744178e-13 	-2.65381744178e-13 	12479.522519 	
-1.01412825651e-07 1.77106071365e-13 	-1.77106071365e-13 	11790.774463 	
-1.00831663327e-07 5.88271600329e-14 	-5.88271600329e-14 	11132.5628939 	
-1.00250501002e-07 0 	0 	10474.3513248 	
-9.96693386774e-08 0 	0 	9816.13975569 	
-9.90881763527e-08 0 	0 	9162.99316625 	
-9.85070140281e-08 0 	0 	8677.54353161 	
-9.79258517034e-08 0 	0 	8192.09389696 	
-9.73446893788e-08 1.08167328466e-13 	-1.08167328466e-13 	7706.64426231 	
-9.67635270541e-08 3.02714620897e-13 	-3.02714620897e-13 	7221.19462766 	
-9.61823647295e-08 4.97261913328e-13 	-4.97261913328e-13 	6735.74499301 	
-9.56012024048e-08 3.15006832197e-13 	-3.15006832197e-13 	6378.05207365 	
-9.50200400802e-08 1.21590781932e-13 	-1.21590781932e-13 	6025.17511104 	
-9.44388777555e-08 1.31306539032e-13 	-1.31306539032e-13 	5672.29814843 	
-9.38577154309e-08 4.84897868978e-13 	-4.84897868978e-13 	5319.42118582 	
-9.32765531062e-08 8.38489198925e-13 	-8.38489198925e-13 	4966.5442232 	
-9.26953907816e-08 7.26144128055e-13 	-7.26144128055e-13 	4679.25057178 	
-9.21142284569e-08 3.74115594638e-13 	-3.74115594638e-13 	4426.60724226 	
-9.15330661323e-08 2.20870612214e-14 	-2.20870612214e-14 	4173.96391274 	
-9.09519038076e-08 1.49553009732e-13 	-1.49553009732e-13 	3921.32058322 	
-9.0370741483e-08 3.09117451068e-13 	-3.09117451068e-13 	3668.6772537 	
-8.97895791583e-08 4.3867119028e-13 	-4.3867119028e-13 	3422.71087607 	
-8.92084168337e-08 2.79633639602e-13 	-2.79633639602e-13 	3244.6825046 	
-8.8627254509e-08 1.20596088924e-13 	-1.20596088924e-13 	3066.65413313 	
-8.80460921844e-08 1.05298079388e-13 	-1.05298079388e-13 	2888.62576166 	
-8.74649298597e-08 5.40930541648e-13 	-5.40930541648e-13 	2710.59739019 	
-8.68837675351e-08 9.76563003908e-13 	-9.76563003908e-13 	2532.56901872 	
-8.63026052104e-08 1.18546546066e-12 	-1.18546546066e-12 	2368.5812241 	
-8.57214428858e-08 7.50888693522e-13 	-7.50888693522e-13 	2245.20127963 	
-8.51402805611e-08 3.16311926383e-13 	-3.16311926383e-13 	2121.82133517 	
-8.45591182365e-08 0 	0 	1998.44139071 	
-8.39779559118e-08 0 	0 	1875.06144625 	
-8.33967935872e-08 0 	0 	1751.68150179 	
-8.28156312625e-08 0 	0 	1633.95780044 	
-8.22344689379e-08 0 	0 	1549.92757273 	
-8.16533066132e-08 0 	0 	1465.89734502 	
-8.10721442886e-08 0 	0 	1381.86711731 	
-8.04909819639e-08 0 	0 	1297.83688961 	
-7.99098196393e-08 0 	0 	1213.8066619 	
-7.93286573146e-08 0 	0 	1129.77643419 	
-7.874749499e-08 0 	0 	1066.24420619 	
-7.81663326653e-08 0 	0 	1010.04803609 	
-7.75851703407e-08 0 	0 	953.851865984 	
-7.7004008016e-08 2.48467644893e-14 	-2.48467644893e-14 	897.65569588 	
-7.64228456914e-08 7.91537869181e-14 	-7.91537869181e-14 	841.459525776 	
-7.58416833667e-08 1.33460809347e-13 	-1.33460809347e-13 	785.263355671 	
-7.52605210421e-08 1.85344655243e-13 	-1.85344655243e-13 	729.470182134 	
-7.46793587174e-08 1.3108395146e-13 	-1.3108395146e-13 	692.599332381 	
-7.40981963928e-08 7.68232476768e-14 	-7.68232476768e-14 	655.728482628 	
-7.35170340681e-08 2.25625438937e-14 	-2.25625438937e-14 	618.857632874 	
-7.29358717435e-08 2.9488659213e-14 	-2.9488659213e-14 	581.986783121 	
-7.23547094188e-08 7.99671541194e-14 	-7.99671541194e-14 	545.115933368 	
-7.17735470942e-08 1.30445649026e-13 	-1.30445649026e-13 	508.245083614 	
-7.11923847695e-08 1.80924143932e-13 	-1.80924143932e-13 	471.374233861 	
-7.06112224449e-08 1.3217017479e-13 	-1.3217017479e-13 	447.427623904 	
-7.00300601202e-08 8.1720784494e-14 	-8.1720784494e-14 	423.715731022 	
-6.94488977956e-08 3.12713941979e-14 	-3.12713941979e-14 	400.00383814 	
-6.88677354709e-08 0 	0 	376.291945258 	
-6.82865731463e-08 0 	0 	352.580052376 	
-6.77054108216e-08 0 	0 	328.868159495 	
-6.7124248497e-08 0 	0 	305.156266613 	
-6.65430861723e-08 0 	0 	286.754442547 	
-6.59619238477e-08 0 	0 	271.822147535 	
-6.5380761523e-08 0 	0 	256.889852522 	
-6.47995991984e-08 0 	0 	241.95755751 	
-6.42184368737e-08 6.86552490098e-14 	-6.86552490098e-14 	227.025262497 	
-6.36372745491e-08 1.51422774228e-13 	-1.51422774228e-13 	212.092967485 	
-6.30561122244e-08 2.34190299446e-13 	-2.34190299446e-13 	197.160672472 	
-6.24749498998e-08 3.16957824664e-13 	-3.16957824664e-13 	182.22837746 	
-6.18937875752e-08 2.55229388979e-13 	-2.55229388979e-13 	172.299462988 	
-6.13126252505e-08 1.72481952017e-13 	-1.72481952017e-13 	163.101516195 	
-6.07314629259e-08 8.97345150542e-14 	-8.97345150542e-14 	153.903569402 	
-6.01503006012e-08 6.9870780918e-15 	-6.9870780918e-15 	144.705622609 	
-5.95691382766e-08 0 	0 	135.507675816 	
-5.89879759519e-08 0 	0 	126.309729023 	
-5.84068136273e-08 0 	0 	117.111782229 	
-5.78256513026e-08 0 	0 	107.913835436 	
-5.7244488978e-08 0 	0 	101.52981355 	
-5.66633266533e-08 0 	0 	95.9948178987 	
-5.60821643287e-08 0 	0 	90.459822247 	
-5.5501002004e-08 0 	0 	84.9248265954 	
-5.49198396794e-08 0 	0 	79.3898309438 	
-5.43386773547e-08 0 	0 	73.8548352921 	
-5.37575150301e-08 0 	0 	68.3198396405 	
-5.31763527054e-08 0 	0 	62.7848439889 	
-5.25951903808e-08 0 	0 	57.8761559379 	
-5.20140280561e-08 0 	0 	54.6271813886 	
-5.14328657315e-08 0 	0 	51.3782068393 	
-5.08517034068e-08 0 	0 	48.1292322899 	
-5.02705410822e-08 0 	0 	44.8802577406 	
-4.96893787575e-08 5.71626303618e-14 	-5.71626303618e-14 	41.6312831913 	
-4.91082164329e-08 1.18821288941e-13 	-1.18821288941e-13 	38.3823086419 	
-4.85270541082e-08 1.8047994752e-13 	-1.8047994752e-13 	35.1333340926 	
-4.79458917836e-08 2.42138606099e-13 	-2.42138606099e-13 	31.8843595433 	
-4.73647294589e-08 2.58028641125e-13 	-2.58028641125e-13 	29.1520504514 	
-4.67835671343e-08 1.96372827721e-13 	-1.96372827721e-13 	27.2955228018 	
-4.62024048096e-08 1.34717014317e-13 	-1.34717014317e-13 	25.4389951523 	
-4.5621242485e-08 7.30612009124e-14 	-7.30612009124e-14 	23.5824675027 	
-4.50400801603e-08 1.14053875081e-14 	-1.14053875081e-14 	21.7259398531 	
-4.44589178357e-08 0 	0 	19.8694122035 	
-4.3877755511e-08 0 	0 	18.0128845539 	
-4.32965931864e-08 0 	0 	16.1563569043 	
-4.27154308617e-08 0 	0 	14.2998292547 	
-4.21342685371e-08 0 	0 	12.4761934545 	
-4.15531062124e-08 0 	0 	11.4465763674 	
-4.09719438878e-08 0 	0 	10.4169592802 	
-4.03907815631e-08 0 	0 	9.3873421931 	
-3.98096192385e-08 0 	0 	8.35772510595 	
-3.92284569138e-08 0 	0 	7.3281080188 	
-3.86472945892e-08 0 	0 	6.29849093165 	
-3.80661322645e-08 0 	0 	5.2688738445 	
-3.74849699399e-08 0 	0 	4.23925675734 	
-3.69038076152e-08 0 	0 	3.20963967019 	
-3.63226452906e-08 0 	0 	2.30414939931 	
-3.57414829659e-08 0 	0 	1.75277406483 	
-3.51603206413e-08 0 	0 	1.20139873034 	
-3.45791583166e-08 0 	0 	0.650023395861 	
-3.3997995992e-08 0 	0 	0.0986480613771 	
-3.34168336673e-08 5.91931611337e-15 	-5.91931611337e-15 	-0.452727273107 	
-3.28356713427e-08 2.9172612035e-14 	-2.9172612035e-14 	-1.00410260759 	
-3.2254509018e-08 5.24259079566e-14 	-5.24259079566e-14 	-1.55547794207 	
-3.16733466934e-08 7.56792038782e-14 	-7.56792038782e-14 	-2.10685327656 	
-3.10921843687e-08 9.89324997999e-14 	-9.89324997999e-14 	-2.65822861104 	
-3.05110220441e-08 1.21779002753e-13 	-1.21779002753e-13 	-3.20724602255 	
-2.99298597194e-08 9.85255710416e-14 	-9.85255710416e-14 	-3.48952232044 	
-2.93486973948e-08 7.52721393303e-14 	-7.52721393303e-14 	-3.77179861834 	
-2.87675350701e-08 5.20187076191e-14 	-5.20187076191e-14 	-4.05407491624 	
-2.81863727455e-08 2.87652759078e-14 	-2.87652759078e-14 	-4.33635121413 	
-2.76052104208e-08 5.51184419656e-15 	-5.51184419656e-15 	-4.61862751203 	
-2.70240480962e-08 6.46005391564e-14 	-6.46005391564e-14 	-4.90090380993 	
-2.64428857715e-08 1.49270765231e-13 	-1.49270765231e-13 	-5.18318010783 	
-2.58617234469e-08 2.33940991305e-13 	-2.33940991305e-13 	-5.46545640572 	
-2.52805611222e-08 3.18611217379e-13 	-3.18611217379e-13 	-5.74773270362 	
-2.46993987976e-08 4.03281443453e-13 	-4.03281443453e-13 	-6.03000900152 	
-2.41182364729e-08 4.43119118813e-13 	-4.43119118813e-13 	-6.27329727793 	
-2.35370741483e-08 3.58447894756e-13 	-3.58447894756e-13 	-6.4083260954 	
-2.29559118236e-08 2.737766707e-13 	-2.737766707e-13 	-6.54335491286 	
-2.2374749499e-08 1.89105446643e-13 	-1.89105446643e-13 	-6.67838373033 	
-2.17935871743e-08 1.04434222587e-13 	-1.04434222587e-13 	-6.81341254779 	
-2.12124248497e-08 1.97629985299e-14 	-1.97629985299e-14 	-6.94844136526 	
-2.0631262525e-08 0 	0 	-7.08347018272 	
-2.00501002004e-08 0 	0 	-7.21849900019 	
-1.94689378758e-08 0 	0 	-7.35352781765 	
-1.88877755511e-08 0 	0 	-7.48855663511 	
-1.83066132265e-08 0 	0 	-7.62358545258 	
-1.77254509018e-08 0 	0 	-7.7583105445 	
-1.71442885772e-08 0 	0 	-7.81483169643 	
-1.65631262525e-08 0 	0 	-7.87135284837 	
-1.59819639279e-08 0 	0 	-7.92787400031 	
-1.54008016032e-08 0 	0 	-7.98439515225 	
-1.48196392786e-08 0 	0 	-8.04091630418 	
-1.42384769539e-08 8.45980174454e-15 	-8.45980174454e-15 	-8.09743745612 	
-1.36573146293e-08 4.35414384163e-14 	-4.35414384163e-14 	-8.15395860806 	
-1.30761523046e-08 7.86230750881e-14 	-7.86230750881e-14 	-8.21047976 	
-1.249498998e-08 1.1370471176e-13 	-1.1370471176e-13 	-8.26700091193 	
-1.19138276553e-08 1.48786348432e-13 	-1.48786348432e-13 	-8.32352206387 	
-1.13326653307e-08 1.83867985103e-13 	-1.83867985103e-13 	-8.38004321581 	
-1.0751503006e-08 2.04839083104e-13 	-2.04839083104e-13 	-8.42825246663 	
-1.01703406814e-08 1.69756834957e-13 	-1.69756834957e-13 	-8.4434539581 	
-9.58917835671e-09 1.34674586811e-13 	-1.34674586811e-13 	-8.45865544957 	
-9.00801603206e-09 9.95923386639e-14 	-9.95923386639e-14 	-8.47385694104 	
-8.42685370741e-09 6.45100905172e-14 	-6.45100905172e-14 	-8.48905843252 	
-7.84569138277e-09 2.94278423705e-14 	-2.94278423705e-14 	-8.50425992399 	
-7.26452905812e-09 5.14719527563e-15 	-5.14719527563e-15 	-8.51946141546 	
-6.68336673347e-09 3.70825018433e-14 	-3.70825018433e-14 	-8.53466290694 	
-6.10220440882e-09 6.9017808411e-14 	-6.9017808411e-14 	-8.54986439841 	
-5.52104208417e-09 1.00953114979e-13 	-1.00953114979e-13 	-8.56506588988 	
-4.93987975952e-09 1.32888421546e-13 	-1.32888421546e-13 	-8.58026738135 	
-4.35871743487e-09 1.64823728114e-13 	-1.64823728114e-13 	-8.59546887283 	
-3.77755511022e-09 1.96759034682e-13 	-1.96759034682e-13 	-8.6106703643 	
-3.19639278557e-09 1.75647425663e-13 	-1.75647425663e-13 	-8.60726011968 	
-2.61523046092e-09 1.43711530088e-13 	-1.43711530088e-13 	-8.60005370316 	
-2.03406813627e-09 1.11775634513e-13 	-1.11775634513e-13 	-8.59284728663 	
-1.45290581162e-09 7.98397389379e-14 	-7.98397389379e-14 	-8.58564087011 	
-8.71743486974e-10 4.79038433627e-14 	-4.79038433627e-14 	-8.57843445358 	
-2.90581162324e-10 1.59679477876e-14 	-1.59679477876e-14 	-8.57122803705 	
2.90581162325e-10 0 	0 	-8.56402162053 	
8.71743486974e-10 0 	0 	-8.556815204 	
1.45290581162e-09 0 	0 	-8.54960878747 	
2.03406813627e-09 0 	0 	-8.54240237095 	
2.61523046092e-09 0 	0 	-8.53519595442 	
3.19639278557e-09 0 	0 	-8.5279895379 	
3.77755511022e-09 0 	0 	-8.51820816035 	
4.35871743487e-09 0 	0 	-8.49580235587 	
4.93987975952e-09 0 	0 	-8.4733965514 	
5.52104208417e-09 0 	0 	-8.45099074692 	
6.10220440882e-09 0 	0 	-8.42858494244 	
6.68336673347e-09 0 	0 	-8.40617913796 	
7.26452905812e-09 0 	0 	-8.38377333349 	
7.84569138277e-09 1.47686642963e-13 	-1.47686642963e-13 	-8.36136752901 	
8.42685370742e-09 3.23750500827e-13 	-3.23750500827e-13 	-8.33896172453 	
9.00801603206e-09 4.99814358691e-13 	-4.99814358691e-13 	-8.31655592006 	
9.58917835671e-09 6.75878216556e-13 	-6.75878216556e-13 	-8.29415011558 	
1.01703406814e-08 8.5194207442e-13 	-8.5194207442e-13 	-8.2717443111 	
1.0751503006e-08 1.02800593228e-12 	-1.02800593228e-12 	-8.24933850662 	
1.13326653307e-08 9.22792150379e-13 	-9.22792150379e-13 	-8.21384412842 	
1.19138276553e-08 7.46725289555e-13 	-7.46725289555e-13 	-8.17505383033 	
1.249498998e-08 5.70658428731e-13 	-5.70658428731e-13 	-8.13626353224 	
1.30761523046e-08 3.94591567908e-13 	-3.94591567908e-13 	-8.09747323415 	
1.36573146293e-08 2.18524707084e-13 	-2.18524707084e-13 	-8.05868293606 	
1.42384769539e-08 4.24578462597e-14 	-4.24578462597e-14 	-8.01989263797 	
1.48196392786e-08 0 	0 	-7.98110233988 	
1.54008016032e-08 0 	0 	-7.94231204179 	
1.59819639279e-08 0 	0 	-7.9035217437 	
1.65631262525e-08 0 	0 	-7.86473144561 	
1.71442885772e-08 0 	0 	-7.82594114752 	
1.77254509018e-08 0 	0 	-7.78715084943 	
1.83066132265e-08 0 	0 	-7.72295267972 	
1.88877755511e-08 0 	0 	-7.65865583187 	
1.94689378758e-08 0 	0 	-7.59435898402 	
2.00501002004e-08 0 	0 	-7.53006213617 	
2.06312625251e-08 0 	0 	-7.46576528833 	
2.12124248497e-08 0 	0 	-7.40146844048 	
2.17935871743e-08 0 	0 	-7.33717159263 	
2.2374749499e-08 0 	0 	-7.27287474478 	
2.29559118236e-08 0 	0 	-7.20857789693 	
2.35370741483e-08 0 	0 	-7.14428104908 	
2.41182364729e-08 0 	0 	-7.07998420123 	
2.46993987976e-08 0 	0 	-6.98238593944 	
2.52805611222e-08 0 	0 	-6.87279467258 	
2.58617234469e-08 0 	0 	-6.76320340571 	
2.64428857715e-08 0 	0 	-6.65361213884 	
2.70240480962e-08 0 	0 	-6.54402087197 	
2.76052104208e-08 5.51254414262e-15 	-5.51254414262e-15 	-6.4344296051 	
2.81863727455e-08 2.87689287943e-14 	-2.87689287943e-14 	-6.32483833823 	
2.87675350701e-08 5.2025313446e-14 	-5.2025313446e-14 	-6.21524707136 	
2.93486973948e-08 7.52816980977e-14 	-7.52816980977e-14 	-6.1056558045 	
2.99298597194e-08 9.85380827493e-14 	-9.85380827493e-14 	-5.99606453763 	
3.05110220441e-08 1.21794467401e-13 	-1.21794467401e-13 	-5.88647327076 	
3.10921843687e-08 9.89466897475e-14 	-9.89466897475e-14 	-5.69599530057 	
3.16733466934e-08 7.56900585917e-14 	-7.56900585917e-14 	-5.50480231269 	
3.2254509018e-08 5.24334274359e-14 	-5.24334274359e-14 	-5.31360932481 	
3.28356713427e-08 2.91767962802e-14 	-2.91767962802e-14 	-5.12241633693 	
3.34168336673e-08 5.92016512441e-15 	-5.92016512441e-15 	-4.93122334905 	
3.3997995992e-08 0 	0 	-4.74003036117 	
3.45791583166e-08 0 	0 	-4.54883737328 	
3.51603206413e-08 0 	0 	-4.3576443854 	
3.57414829659e-08 0 	0 	-4.16645139752 	
3.63226452906e-08 0 	0 	-3.97525840964 	
3.69038076152e-08 0 	0 	-3.67710254805 	
3.74849699399e-08 0 	0 	-3.34145332031 	
3.80661322645e-08 0 	0 	-3.00580409257 	
3.86472945892e-08 0 	0 	-2.67015486483 	
3.92284569138e-08 0 	0 	-2.33450563709 	
3.98096192385e-08 0 	0 	-1.99885640934 	
4.03907815631e-08 0 	0 	-1.6632071816 	
4.09719438878e-08 0 	0 	-1.32755795386 	
4.15531062124e-08 0 	0 	-0.991908726116 	
4.21342685371e-08 0 	0 	-0.656259498373 	
4.27154308617e-08 0 	0 	-0.0810493414218 	
4.32965931864e-08 0 	0 	0.504084513667 	
4.3877755511e-08 0 	0 	1.08921836876 	
4.44589178357e-08 0 	0 	1.67435222385 	
4.50400801603e-08 5.73511382345e-14 	-5.73511382345e-14 	2.25948607894 	
4.5621242485e-08 3.67382785558e-13 	-3.67382785558e-13 	2.84461993402 	
4.62024048096e-08 6.77414432882e-13 	-6.77414432882e-13 	3.42975378911 	
4.67835671343e-08 9.87446080206e-13 	-9.87446080206e-13 	4.0148876442 	
4.73647294589e-08 1.29747772753e-12 	-1.29747772753e-12 	4.60002149929 	
4.79458917836e-08 1.2175106955e-12 	-1.2175106955e-12 	5.44928329378 	
4.85270541082e-08 9.07481338763e-13 	-9.07481338763e-13 	6.45436682194 	
4.91082164329e-08 5.97451982025e-13 	-5.97451982025e-13 	7.4594503501 	
4.96893787575e-08 2.87422625287e-13 	-2.87422625287e-13 	8.46453387825 	
5.02705410822e-08 2.46971757042e-15 	-2.46971757042e-15 	9.46961740641 	
5.08517034068e-08 3.63394944261e-14 	-3.63394944261e-14 	10.4747009346 	
5.14328657315e-08 7.02092712817e-14 	-7.02092712817e-14 	11.4797844627 	
5.20140280561e-08 1.04079048137e-13 	-1.04079048137e-13 	12.4848679909 	
5.25951903808e-08 1.37948824993e-13 	-1.37948824993e-13 	13.489951519 	
5.31763527054e-08 1.22635355062e-13 	-1.22635355062e-13 	14.9955180902 	
5.37575150301e-08 8.87662653983e-14 	-8.87662653983e-14 	16.6899463736 	
5.43386773547e-08 5.48971757351e-14 	-5.48971757351e-14 	18.384374657 	
5.49198396794e-08 2.1028086072e-14 	-2.1028086072e-14 	20.0788029404 	
5.5501002004e-08 0 	0 	21.7732312239 	
5.60821643287e-08 0 	0 	23.4676595073 	
5.66633266533e-08 0 	0 	25.1620877907 	
5.7244488978e-08 0 	0 	26.8565160741 	
5.78256513026e-08 0 	0 	28.8069508292 	
5.84068136273e-08 0 	0 	31.6058670068 	
5.89879759519e-08 0 	0 	34.4047831845 	
5.95691382766e-08 0 	0 	37.2036993621 	
6.01503006012e-08 0 	0 	40.0026155397 	
6.07314629259e-08 0 	0 	42.8015317173 	
6.13126252505e-08 0 	0 	45.6004478949 	
6.18937875752e-08 0 	0 	48.3993640725 	
6.24749498998e-08 0 	0 	51.4186823532 	
6.30561122244e-08 0 	0 	55.9466249228 	
6.36372745491e-08 0 	0 	60.4745674923 	
6.42184368737e-08 0 	0 	65.0025100619 	
6.47995991984e-08 0 	0 	69.5304526314 	
6.5380761523e-08 0 	0 	74.0583952009 	
6.59619238477e-08 0 	0 	78.5863377705 	
6.65430861723e-08 0 	0 	83.11428034 	
6.7124248497e-08 0 	0 	88.6883442325 	
6.77054108216e-08 0 	0 	95.8634831211 	
6.82865731463e-08 0 	0 	103.03862201 	
6.88677354709e-08 0 	0 	110.213760898 	
6.94488977956e-08 0 	0 	117.388899787 	
7.00300601202e-08 0 	0 	124.564038676 	
7.06112224449e-08 0 	0 	131.739177564 	
7.11923847695e-08 0 	0 	138.985087134 	
7.17735470942e-08 0 	0 	150.127846782 	
7.23547094188e-08 0 	0 	161.270606431 	
7.29358717435e-08 0 	0 	172.413366079 	
7.35170340681e-08 0 	0 	183.556125728 	
7.40981963928e-08 0 	0 	194.698885376 	
7.46793587174e-08 0 	0 	205.841645024 	
7.52605210421e-08 0 	0 	216.984404673 	
7.58416833667e-08 0 	0 	233.832513963 	
7.64228456914e-08 0 	0 	250.802132448 	
7.7004008016e-08 0 	0 	267.771750933 	
7.75851703407e-08 6.51858848389e-14 	-6.51858848389e-14 	284.741369418 	
7.81663326653e-08 1.8534950721e-13 	-1.8534950721e-13 	301.710987903 	
7.874749499e-08 3.0551312958e-13 	-3.0551312958e-13 	318.680606387 	
7.93286573146e-08 3.62200989356e-13 	-3.62200989356e-13 	337.862151564 	
7.99098196393e-08 2.42081850253e-13 	-2.42081850253e-13 	363.224137706 	
8.04909819639e-08 1.21962711149e-13 	-1.21962711149e-13 	388.586123848 	
8.10721442886e-08 1.84357204583e-15 	-1.84357204583e-15 	413.948109989 	
8.16533066132e-08 0 	0 	439.310096131 	
8.22344689379e-08 0 	0 	464.672082272 	
8.28156312625e-08 0 	0 	490.034068414 	
8.33967935872e-08 0 	0 	525.555144276 	
8.39779559118e-08 0 	0 	562.781662618 	
8.45591182365e-08 0 	0 	600.008180961 	
8.51402805611e-08 0 	0 	637.234699303 	
8.57214428858e-08 0 	0 	674.461217646 	
8.63026052104e-08 0 	0 	711.687735988 	
8.68837675351e-08 0 	0 	761.158182919 	
8.74649298597e-08 0 	0 	814.862092582 	
8.80460921844e-08 0 	0 	868.566002244 	
8.8627254509e-08 5.97029487985e-14 	-5.97029487985e-14 	922.269911907 	
8.92084168337e-08 1.38436934535e-13 	-1.38436934535e-13 	975.973821569 	
8.97895791583e-08 2.17170920271e-13 	-2.17170920271e-13 	1029.67773123 	
9.0370741483e-08 1.52374488439e-13 	-1.52374488439e-13 	1103.86617423 	
9.09519038076e-08 7.371975692e-14 	-7.371975692e-14 	1180.06783857 	
9.15330661323e-08 0 	0 	1256.2695029 	
9.21142284569e-08 0 	0 	1332.47116724 	
9.26953907816e-08 0 	0 	1408.67283158 	
9.32765531062e-08 0 	0 	1495.3222716 	
9.38577154309e-08 0 	0 	1601.74641174 	
9.44388777555e-08 0 	0 	1708.17055188 	
9.50200400802e-08 8.93856354805e-14 	-8.93856354805e-14 	1814.59469202 	
9.56012024048e-08 2.31572537236e-13 	-2.31572537236e-13 	1921.01883216 	
9.61823647295e-08 3.62775812844e-13 	-3.62775812844e-13 	2028.895095 	
9.67635270541e-08 2.208444679e-13 	-2.208444679e-13 	2175.29297173 	
9.73446893788e-08 7.89131229554e-14 	-7.89131229554e-14 	2321.69084846 	
9.79258517034e-08 0 	0 	2468.08872518 	
9.85070140281e-08 0 	0 	2614.48660191 	
9.90881763527e-08 0 	0 	2760.88447864 	
9.96693386774e-08 0 	0 	2957.84747317 	
1.00250501002e-07 0 	0 	3156.33769456 	
1.00831663327e-07 5.6659064563e-14 	-5.6659064563e-14 	3354.82791595 	
1.01412825651e-07 1.70578765426e-13 	-1.70578765426e-13 	3553.31813734 	
1.01993987976e-07 2.52387995178e-13 	-2.52387995178e-13 	3761.01605467 	
1.02575150301e-07 1.38812886886e-13 	-1.38812886886e-13 	4026.43545539 	
1.03156312625e-07 2.52377785937e-14 	-2.52377785937e-14 	4291.8548561 	
1.0373747495e-07 4.85210955501e-14 	-4.85210955501e-14 	4557.27425681 	
1.04318637275e-07 1.10904560167e-13 	-1.10904560167e-13 	4822.69365752 	
1.04899799599e-07 1.07205889645e-13 	-1.07205889645e-13 	5132.76400723 	
1.05480961924e-07 4.50623908859e-14 	-4.50623908859e-14 	5483.01845802 	
1.06062124248e-07 3.75285994709e-14 	-3.75285994709e-14 	5833.27290882 	
1.06643286573e-07 1.74062979555e-13 	-1.74062979555e-13 	6183.52735962 	
1.07224448898e-07 2.74650444195e-13 	-2.74650444195e-13 	6547.23695517 	
1.07805611222e-07 1.38775828953e-13 	-1.38775828953e-13 	7003.6407725 	
1.08386773547e-07 2.90121371059e-15 	-2.90121371059e-15 	7460.04458983 	
1.08967935872e-07 1.44250865729e-13 	-1.44250865729e-13 	7916.44840716 	
1.09549098196e-07 2.91648996885e-13 	-2.91648996885e-13 	8372.85222449 	
1.10130260521e-07 1.64147038616e-13 	-1.64147038616e-13 	8951.14907725 	
1.10711422846e-07 1.763349323e-14 	-1.763349323e-14 	9538.74101169 	
1.1129258517e-07 2.15058179572e-13 	-2.15058179572e-13 	10126.3329461 	
1.11873747495e-07 4.59540827012e-13 	-4.59540827012e-13 	10713.9248806 	
1.1245490982e-07 2.50249734477e-13 	-2.50249734477e-13 	11449.6071974 	
1.13036072144e-07 7.5699499054e-15 	-7.5699499054e-15 	12197.4308462 	
1.13617234469e-07 8.6092608809e-14 	-8.6092608809e-14 	12945.2544949 	
1.14198396794e-07 1.5521925851e-13 	-1.5521925851e-13 	13713.0390142 	
1.14779559118e-07 6.71519489579e-14 	-6.71519489579e-14 	14654.3759551 	
1.15360721443e-07 2.29763841249e-14 	-2.29763841249e-14 	15595.712896 	
1.15941883768e-07 1.19721946985e-13 	-1.19721946985e-13 	16537.0498369 	
1.16523046092e-07 1.26565712253e-13 	-1.26565712253e-13 	17584.1593722 	
1.17104208417e-07 3.08665170673e-14 	-3.08665170673e-14 	18756.7043469 	
1.17685370741e-07 0 	0 	19929.2493217 	
1.18266533066e-07 0 	0 	21101.7942965 	
1.18847695391e-07 0 	0 	22542.0649012 	
1.19428857715e-07 0 	0 	23988.0339344 	
1.2001002004e-07 0 	0 	25434.0029676 	
1.20591182365e-07 0 	0 	27091.464372 	
1.21172344689e-07 9.90568160017e-15 	-9.90568160017e-15 	28857.6286914 	
1.21753507014e-07 2.56522580546e-13 	-2.56522580546e-13 	30623.7930108 	
1.22334669339e-07 2.54694953281e-13 	-2.54694953281e-13 	32573.5422393 	
1.22915831663e-07 1.25342515669e-14 	-1.25342515669e-14 	34711.1831966 	
1.23496993988e-07 0 	0 	36848.8241539 	
1.24078156313e-07 0 	0 	39188.6071767 	
1.24659318637e-07 0 	0 	41753.3899188 	
1.25240480962e-07 8.59111454501e-13 	-8.59111454501e-13 	44318.1726609 	
1.25821643287e-07 6.85238456099e-13 	-6.85238456099e-13 	47170.7429355 	
1.26402805611e-07 0 	0 	50222.5091328 	
1.26983967936e-07 0 	0 	53274.2753301 	
1.27565130261e-07 0 	0 	56789.1860037 	
1.28146292585e-07 8.14934455834e-14 	-8.14934455834e-14 	60391.6685483 	
1.2872745491e-07 1.68238812557e-13 	-1.68238812557e-13 	64128.4063638 	
1.29308617234e-07 1.00904171081e-14 	-1.00904171081e-14 	68348.8712981 	
1.29889779559e-07 0 	0 	72569.3362324 	
1.30470941884e-07 0 	0 	77281.2553809 	
1.31052104208e-07 0 	0 	82190.0784249 	
1.31633266533e-07 0 	0 	87346.7768683 	
1.32214428858e-07 0 	0 	93016.9636764 	
1.32795591182e-07 0 	0 	98726.3154559 	
1.33376753507e-07 0 	0 	105232.976037 	
1.33957915832e-07 0 	0 	111739.636618 	
1.34539078156e-07 0 	0 	119043.165956 	
1.35120240481e-07 1.69009566015e-13 	-1.69009566015e-13 	126462.954619 	
1.35701402806e-07 4.17216568053e-14 	-4.17216568053e-14 	134673.695528 	
1.3628256513e-07 0 	0 	143084.228166 	
1.36863727455e-07 0 	0 	152370.289136 	
1.3744488978e-07 0 	0 	161849.549596 	
1.38026052104e-07 0 	0 	172396.14125 	
1.38607214429e-07 0 	0 	183180.166689 	
1.39188376754e-07 0 	0 	195029.352192 	
1.39769539078e-07 0 	0 	207411.768588 	
1.40350701403e-07 2.94825797674e-13 	-2.94825797674e-13 	220559.976748 	
1.40931863727e-07 1.32812692753e-14 	-1.32812692753e-14 	234765.863547 	
1.41513026052e-07 0 	0 	249583.96455 	
1.42094188377e-07 3.81203559218e-14 	-3.81203559218e-14 	265548.879823 	
1.42675350701e-07 1.05376028368e-15 	-1.05376028368e-15 	282592.070165 	
1.43256513026e-07 1.00616907373e-13 	-1.00616907373e-13 	300524.725617 	
1.43837675351e-07 0 	0 	319579.723667 	
1.44418837675e-07 8.09431064067e-15 	-8.09431064067e-15 	340158.601052 	
1.45e-07 0 	0 	361393.763702 	
