-1.45e-07 0 	0 	-1208493.72245 	
-1.44418837675e-07 -4.3249766318e-13 	4.3249766318e-13 	-1136372.31458 	
-1.43837675351e-07 -8.25135120938e-13 	8.25135120938e-13 	-1066582.05641 	
-1.43256513026e-07 0 	0 	-1002180.46708 	
-1.42675350701e-07 -8.67047086886e-14 	8.67047086886e-14 	-941707.294666 	
-1.42094188377e-07 -2.24974787825e-12 	2.24974787825e-12 	-884333.768165 	
-1.41513026052e-07 0 	0 	-830700.501999 	
-1.40931863727e-07 0 	0 	-781013.957479 	
-1.40350701403e-07 0 	0 	-733426.937638 	
-1.39769539078e-07 0 	0 	-689455.073343 	
-1.39188376754e-07 0 	0 	-648085.390385 	
-1.38607214429e-07 0 	0 	-608527.640563 	
-1.38026052104e-07 0 	0 	-572571.381571 	
-1.3744488978e-07 0 	0 	-537416.814118 	
-1.36863727455e-07 -6.06843382921e-14 	6.06843382921e-14 	-505856.067399 	
-1.3628256513e-07 -3.02750646698e-13 	3.02750646698e-13 	-474943.603044 	
-1.35701402806e-07 0 	0 	-446968.980707 	
-1.35120240481e-07 0 	0 	-419662.872638 	
-1.34539078156e-07 0 	0 	-395003.334894 	
-1.33957915832e-07 0 	0 	-370731.924096 	
-1.33376753507e-07 0 	0 	-349120.826652 	
-1.32795591182e-07 0 	0 	-327509.729208 	
-1.32214428858e-07 0 	0 	-308555.616692 	
-1.31633266533e-07 0 	0 	-289732.019151 	
-1.31052104208e-07 0 	0 	-272617.183798 	
-1.30470941884e-07 0 	0 	-256327.216424 	
-1.29889779559e-07 0 	0 	-240691.789845 	
-1.29308617234e-07 -2.02464258324e-14 	2.02464258324e-14 	-226690.037555 	
-1.2872745491e-07 -3.37571242503e-13 	3.37571242503e-13 	-212688.285265 	
-1.28146292585e-07 -1.49206745697e-13 	1.49206745697e-13 	-200293.219207 	
-1.27565130261e-07 -2.07364567044e-13 	2.07364567044e-13 	-188344.078314 	
-1.26983967936e-07 -4.63182259648e-13 	4.63182259648e-13 	-176685.632279 	
-1.26402805611e-07 -7.18726620193e-14 	7.18726620193e-14 	-166564.594502 	
-1.25821643287e-07 0 	0 	-156443.556724 	
-1.25240480962e-07 0 	0 	-146983.469886 	
-1.24659318637e-07 -1.43120788156e-15 	1.43120788156e-15 	-138478.289341 	
-1.24078156313e-07 -8.17874162793e-13 	8.17874162793e-13 	-129973.108795 	
-1.23496993988e-07 -7.38624003688e-13 	7.38624003688e-13 	-122214.280612 	
-1.22915831663e-07 0 	0 	-115125.98308 	
-1.22334669339e-07 0 	0 	-108037.685548 	
-1.21753507014e-07 0 	0 	-101572.528269 	
-1.21172344689e-07 0 	0 	-95716.2277374 	
-1.20591182365e-07 0 	0 	-89859.9272056 	
-1.2001002004e-07 0 	0 	-84364.0950276 	
-1.19428857715e-07 0 	0 	-79569.5900119 	
-1.18847695391e-07 0 	0 	-74775.0849962 	
-1.18266533066e-07 0 	0 	-69999.4751739 	
-1.17685370741e-07 0 	0 	-66111.6061848 	
-1.17104208417e-07 -7.65261098393e-14 	7.65261098393e-14 	-62223.7371957 	
-1.16523046092e-07 -3.13789261568e-13 	3.13789261568e-13 	-58335.8682066 	
-1.15941883768e-07 -2.85019767478e-13 	2.85019767478e-13 	-54863.9119094 	
-1.15360721443e-07 -5.46994417122e-14 	5.46994417122e-14 	-51742.6712045 	
-1.14779559118e-07 -1.59867370685e-13 	1.59867370685e-13 	-48621.4304997 	
-1.14198396794e-07 -3.69527543471e-13 	3.69527543471e-13 	-45500.1897948 	
-1.13617234469e-07 -1.97994510279e-13 	1.97994510279e-13 	-42954.3999611 	
-1.13036072144e-07 -8.70462949796e-15 	8.70462949796e-15 	-40474.7947432 	
-1.1245490982e-07 -2.87760321768e-13 	2.87760321768e-13 	-37995.1895254 	
-1.11873747495e-07 -5.13279846017e-13 	5.13279846017e-13 	-35555.8416941 	
-1.1129258517e-07 -2.40207230363e-13 	2.40207230363e-13 	-33607.5216869 	
-1.10711422846e-07 0 	0 	-31659.2016797 	
-1.10130260521e-07 0 	0 	-29710.8816724 	
-1.09549098196e-07 0 	0 	-27793.3819969 	
-1.08967935872e-07 0 	0 	-26280.0513124 	
-1.08386773547e-07 0 	0 	-24766.7206278 	
-1.07805611222e-07 0 	0 	-23253.3899433 	
-1.07224448898e-07 0 	0 	-21740.0592587 	
-1.06643286573e-07 0 	0 	-20534.0853817 	
-1.06062124248e-07 0 	0 	-19372.7262633 	
-1.05480961924e-07 0 	0 	-18211.3671448 	
-1.04899799599e-07 0 	0 	-17050.0080264 	
-1.04318637275e-07 0 	0 	-16021.8937619 	
-1.0373747495e-07 0 	0 	-15141.8357936 	
-1.03156312625e-07 -2.65529528968e-14 	2.65529528968e-14 	-14261.7778253 	
-1.02575150301e-07 -1.46046611562e-13 	1.46046611562e-13 	-13381.7198569 	
-1.01993987976e-07 -2.65540270226e-13 	2.65540270226e-13 	-12501.6618886 	
-1.01412825651e-07 -1.77209807973e-13 	1.77209807973e-13 	-11813.0025435 	
-1.00831663327e-07 -5.88616169549e-14 	5.88616169549e-14 	-11154.8749904 	
-1.00250501002e-07 0 	0 	-10496.7474374 	
-9.96693386774e-08 0 	0 	-9838.61988428 	
-9.90881763527e-08 0 	0 	-9185.55650568 	
-9.85070140281e-08 0 	0 	-8700.16342303 	
-9.79258517034e-08 0 	0 	-8214.77034038 	
-9.73446893788e-08 -1.082291425e-13 	1.082291425e-13 	-7729.37725774 	
-9.67635270541e-08 -3.02887612244e-13 	3.02887612244e-13 	-7243.98417509 	
-9.61823647295e-08 -4.97546081988e-13 	4.97546081988e-13 	-6758.59109244 	
-9.56012024048e-08 -3.15181610853e-13 	3.15181610853e-13 	-6400.93354515 	
-9.50200400802e-08 -1.21658245464e-13 	1.21658245464e-13 	-6048.09115621 	
-9.44388777555e-08 -1.31379393263e-13 	1.31379393263e-13 	-5695.24876727 	
-9.38577154309e-08 -4.85166910121e-13 	4.85166910121e-13 	-5342.40637833 	
-9.32765531062e-08 -8.38954426979e-13 	8.38954426979e-13 	-4989.56398939 	
-9.26953907816e-08 -7.26533424248e-13 	7.26533424248e-13 	-4702.29346555 	
-9.21142284569e-08 -3.74316163328e-13 	3.74316163328e-13 	-4449.66721618 	
-9.15330661323e-08 -2.2098902409e-14 	2.2098902409e-14 	-4197.04096682 	
-9.09519038076e-08 -1.49633187228e-13 	1.49633187228e-13 	-3944.41471745 	
-9.0370741483e-08 -3.09283173329e-13 	3.09283173329e-13 	-3691.78846808 	
-8.97895791583e-08 -4.38897332505e-13 	4.38897332505e-13 	-3445.8379312 	
-8.92084168337e-08 -2.79777795349e-13 	2.79777795349e-13 	-3267.81278953 	
-8.8627254509e-08 -1.20658258194e-13 	1.20658258194e-13 	-3089.78764785 	
-8.80460921844e-08 -1.05352362283e-13 	1.05352362283e-13 	-2911.76250617 	
-8.74649298597e-08 -5.41209400253e-13 	5.41209400253e-13 	-2733.7373645 	
-8.68837675351e-08 -9.77066438224e-13 	9.77066438224e-13 	-2555.71222282 	
-8.63026052104e-08 -1.18605018338e-12 	1.18605018338e-12 	-2391.72485661 	
-8.57214428858e-08 -7.5125906423e-13 	7.5125906423e-13 	-2268.33723845 	
-8.51402805611e-08 -3.16467945075e-13 	3.16467945075e-13 	-2144.9496203 	
-8.45591182365e-08 0 	0 	-2021.56200214 	
-8.39779559118e-08 0 	0 	-1898.17438398 	
-8.33967935872e-08 0 	0 	-1774.78676583 	
-8.28156312625e-08 0 	0 	-1657.05416501 	
-8.22344689379e-08 0 	0 	-1573.0077361 	
-8.16533066132e-08 0 	0 	-1488.96130718 	
-8.10721442886e-08 0 	0 	-1404.91487827 	
-8.04909819639e-08 0 	0 	-1320.86844935 	
-7.99098196393e-08 0 	0 	-1236.82202044 	
-7.93286573146e-08 0 	0 	-1152.77559152 	
-7.874749499e-08 0 	0 	-1089.22229193 	
-7.81663326653e-08 0 	0 	-1033.00330715 	
-7.75851703407e-08 0 	0 	-976.784322377 	
-7.7004008016e-08 -2.48578035276e-14 	2.48578035276e-14 	-920.565337602 	
-7.64228456914e-08 -7.91889537378e-14 	7.91889537378e-14 	-864.346352826 	
-7.58416833667e-08 -1.33520103948e-13 	1.33520103948e-13 	-808.127368051 	
-7.52605210421e-08 -1.85422098153e-13 	1.85422098153e-13 	-752.311274032 	
-7.46793587174e-08 -1.31138722517e-13 	1.31138722517e-13 	-715.412535565 	
-7.40981963928e-08 -7.68553468807e-14 	7.68553468807e-14 	-678.513797098 	
-7.35170340681e-08 -2.25719712444e-14 	2.25719712444e-14 	-641.615058631 	
-7.29358717435e-08 -2.95009805156e-14 	2.95009805156e-14 	-604.716320164 	
-7.23547094188e-08 -8.00005669477e-14 	8.00005669477e-14 	-567.817581697 	
-7.17735470942e-08 -1.3050015338e-13 	1.3050015338e-13 	-530.91884323 	
-7.11923847695e-08 -1.80999739812e-13 	1.80999739812e-13 	-494.020104763 	
-7.06112224449e-08 -1.32221744433e-13 	1.32221744433e-13 	-470.041837844 	
-7.00300601202e-08 -8.17526699908e-14 	8.17526699908e-14 	-446.298219566 	
-6.94488977956e-08 -3.12835955485e-14 	3.12835955485e-14 	-422.554601288 	
-6.88677354709e-08 0 	0 	-398.81098301 	
-6.82865731463e-08 0 	0 	-375.067364731 	
-6.77054108216e-08 0 	0 	-351.323746453 	
-6.7124248497e-08 0 	0 	-327.580128175 	
-6.65430861723e-08 0 	0 	-309.144859773 	
-6.59619238477e-08 0 	0 	-294.17799729 	
-6.5380761523e-08 0 	0 	-279.211134808 	
-6.47995991984e-08 0 	0 	-264.244272325 	
-6.42184368737e-08 -6.86800594428e-14 	6.86800594428e-14 	-249.277409842 	
-6.36372745491e-08 -1.51477494947e-13 	1.51477494947e-13 	-234.31054736 	
-6.30561122244e-08 -2.34274930451e-13 	2.34274930451e-13 	-219.343684877 	
-6.24749498998e-08 -3.17072365955e-13 	3.17072365955e-13 	-204.376822394 	
-6.18937875752e-08 -2.5531399239e-13 	2.5531399239e-13 	-194.411553653 	
-6.13126252505e-08 -1.72539126316e-13 	1.72539126316e-13 	-185.176991549 	
-6.07314629259e-08 -8.97642602419e-14 	8.97642602419e-14 	-175.942429444 	
-6.01503006012e-08 -6.98939416772e-15 	6.98939416772e-15 	-166.70786734 	
-5.95691382766e-08 0 	0 	-157.473305235 	
-5.89879759519e-08 0 	0 	-148.23874313 	
-5.84068136273e-08 0 	0 	-139.004181026 	
-5.78256513026e-08 0 	0 	-129.769618921 	
-5.7244488978e-08 0 	0 	-123.347892239 	
-5.66633266533e-08 0 	0 	-117.774863068 	
-5.60821643287e-08 0 	0 	-112.201833897 	
-5.5501002004e-08 0 	0 	-106.628804726 	
-5.49198396794e-08 0 	0 	-101.055775555 	
-5.43386773547e-08 0 	0 	-95.4827463837 	
-5.37575150301e-08 0 	0 	-89.9097172127 	
-5.31763527054e-08 0 	0 	-84.3366880417 	
-5.25951903808e-08 0 	0 	-79.3897128619 	
-5.20140280561e-08 0 	0 	-76.1017791195 	
-5.14328657315e-08 0 	0 	-72.813845377 	
-5.08517034068e-08 0 	0 	-69.5259116345 	
-5.02705410822e-08 0 	0 	-66.237977892 	
-4.96893787575e-08 -5.7177979715e-14 	5.7177979715e-14 	-62.9500441496 	
-4.91082164329e-08 -1.18853194924e-13 	1.18853194924e-13 	-59.6621104071 	
-4.85270541082e-08 -1.80528410134e-13 	1.80528410134e-13 	-56.3741766646 	
-4.79458917836e-08 -2.42203625343e-13 	2.42203625343e-13 	-53.0862429222 	
-4.73647294589e-08 -2.58089408959e-13 	2.58089408959e-13 	-50.3147709784 	
-4.67835671343e-08 -1.96419075111e-13 	1.96419075111e-13 	-48.4187352622 	
-4.62024048096e-08 -1.34748741264e-13 	1.34748741264e-13 	-46.5226995459 	
-4.5621242485e-08 -7.30784074166e-14 	7.30784074166e-14 	-44.6266638296 	
-4.50400801603e-08 -1.14080735692e-14 	1.14080735692e-14 	-42.7306281133 	
-4.44589178357e-08 0 	0 	-40.834592397 	
-4.3877755511e-08 0 	0 	-38.9385566808 	
-4.32965931864e-08 0 	0 	-37.0425209645 	
-4.27154308617e-08 0 	0 	-35.1464852482 	
-4.21342685371e-08 0 	0 	-33.2833306898 	
-4.15531062124e-08 0 	0 	-32.2139367471 	
-4.09719438878e-08 0 	0 	-31.1445428044 	
-4.03907815631e-08 0 	0 	-30.0751488616 	
-3.98096192385e-08 0 	0 	-29.0057549189 	
-3.92284569138e-08 0 	0 	-27.9363609762 	
-3.86472945892e-08 0 	0 	-26.8669670335 	
-3.80661322645e-08 0 	0 	-25.7975730907 	
-3.74849699399e-08 0 	0 	-24.728179148 	
-3.69038076152e-08 0 	0 	-23.6587852053 	
-3.63226452906e-08 0 	0 	-22.7134998538 	
-3.57414829659e-08 0 	0 	-22.1222774454 	
-3.51603206413e-08 0 	0 	-21.531055037 	
-3.45791583166e-08 0 	0 	-20.9398326286 	
-3.3997995992e-08 0 	0 	-20.3486102202 	
-3.34168336673e-08 -5.92030180356e-15 	5.92030180356e-15 	-19.7573878118 	
-3.28356713427e-08 -2.91774698863e-14 	2.91774698863e-14 	-19.1661654034 	
-3.2254509018e-08 -5.2434637969e-14 	5.2434637969e-14 	-18.5749429951 	
-3.16733466934e-08 -7.56918060518e-14 	7.56918060518e-14 	-17.9837205867 	
-3.10921843687e-08 -9.89489741345e-14 	9.89489741345e-14 	-17.3924981783 	
-3.05110220441e-08 -1.21794905874e-13 	1.21794905874e-13 	-16.803634227 	
-2.99298597194e-08 -9.85384374972e-14 	9.85384374972e-14 	-16.4815718123 	
-2.93486973948e-08 -7.528196912e-14 	7.528196912e-14 	-16.1595093976 	
-2.87675350701e-08 -5.20255007428e-14 	5.20255007428e-14 	-15.8374469829 	
-2.81863727455e-08 -2.87690323656e-14 	2.87690323656e-14 	-15.5153845683 	
-2.76052104208e-08 -5.51256398837e-15 	5.51256398837e-15 	-15.1933221536 	
-2.70240480962e-08 -6.46089753417e-14 	6.46089753417e-14 	-14.8712597389 	
-2.64428857715e-08 -1.49290258502e-13 	1.49290258502e-13 	-14.5491973242 	
-2.58617234469e-08 -2.33971541662e-13 	2.33971541662e-13 	-14.2271349095 	
-2.52805611222e-08 -3.18652824822e-13 	3.18652824822e-13 	-13.9050724948 	
-2.46993987976e-08 -4.03334107982e-13 	4.03334107982e-13 	-13.5830100802 	
-2.41182364729e-08 -4.43160654714e-13 	4.43160654714e-13 	-13.2999725579 	
-2.35370741483e-08 -3.58481493975e-13 	3.58481493975e-13 	-13.1252968756 	
-2.29559118236e-08 -2.73802333236e-13 	2.73802333236e-13 	-12.9506211933 	
-2.2374749499e-08 -1.89123172498e-13 	1.89123172498e-13 	-12.7759455109 	
-2.17935871743e-08 -1.04444011759e-13 	1.04444011759e-13 	-12.6012698286 	
-2.12124248497e-08 -1.97648510204e-14 	1.97648510204e-14 	-12.4265941463 	
-2.0631262525e-08 0 	0 	-12.251918464 	
-2.00501002004e-08 0 	0 	-12.0772427816 	
-1.94689378758e-08 0 	0 	-11.9025670993 	
-1.88877755511e-08 0 	0 	-11.727891417 	
-1.83066132265e-08 0 	0 	-11.5532157347 	
-1.77254509018e-08 0 	0 	-11.3788444613 	
-1.71442885772e-08 0 	0 	-11.2828530875 	
-1.65631262525e-08 0 	0 	-11.1868617136 	
-1.59819639279e-08 0 	0 	-11.0908703398 	
-1.54008016032e-08 0 	0 	-10.994878966 	
-1.48196392786e-08 0 	0 	-10.8988875921 	
-1.42384769539e-08 -8.46027540381e-15 	8.46027540381e-15 	-10.8028962183 	
-1.36573146293e-08 -4.35438762755e-14 	4.35438762755e-14 	-10.7069048445 	
-1.30761523046e-08 -7.86274771473e-14 	7.86274771473e-14 	-10.6109134707 	
-1.249498998e-08 -1.13711078019e-13 	1.13711078019e-13 	-10.5149220968 	
-1.19138276553e-08 -1.48794678891e-13 	1.48794678891e-13 	-10.418930723 	
-1.13326653307e-08 -1.83878279763e-13 	1.83878279763e-13 	-10.3229393492 	
-1.0751503006e-08 -2.04842645752e-13 	2.04842645752e-13 	-10.2352968373 	
-1.01703406814e-08 -1.6975978744e-13 	1.6975978744e-13 	-10.1808088618 	
-9.58917835671e-09 -1.34676929128e-13 	1.34676929128e-13 	-10.1263208863 	
-9.00801603206e-09 -9.95940708162e-14 	9.95940708162e-14 	-10.0718329108 	
-8.42685370741e-09 -6.45112125042e-14 	6.45112125042e-14 	-10.0173449352 	
-7.84569138277e-09 -2.94283541921e-14 	2.94283541921e-14 	-9.96285695971 	
-7.26452905812e-09 -5.14728479784e-15 	5.14728479784e-15 	-9.90836898419 	
-6.68336673347e-09 -3.70831467979e-14 	3.70831467979e-14 	-9.85388100866 	
-6.10220440882e-09 -6.9019008798e-14 	6.9019008798e-14 	-9.79939303314 	
-5.52104208417e-09 -1.00954870798e-13 	1.00954870798e-13 	-9.74490505761 	
-4.93987975952e-09 -1.32890732798e-13 	1.32890732798e-13 	-9.69041708208 	
-4.35871743487e-09 -1.64826594798e-13 	1.64826594798e-13 	-9.63592910656 	
-3.77755511022e-09 -1.96762456798e-13 	1.96762456798e-13 	-9.58144113103 	
-3.19639278557e-09 -1.75643641927e-13 	1.75643641927e-13 	-9.54570297119 	
-2.61523046092e-09 -1.43708434304e-13 	1.43708434304e-13 	-9.51378914688 	
-2.03406813627e-09 -1.11773226681e-13 	1.11773226681e-13 	-9.48187532258 	
-1.45290581162e-09 -7.98380190576e-14 	7.98380190576e-14 	-9.44996149827 	
-8.71743486974e-10 -4.79028114346e-14 	4.79028114346e-14 	-9.41804767396 	
-2.90581162324e-10 -1.59676038115e-14 	1.59676038115e-14 	-9.38613384965 	
2.90581162325e-10 0 	0 	-9.35422002535 	
8.71743486974e-10 0 	0 	-9.32230620104 	
1.45290581162e-09 0 	0 	-9.29039237673 	
2.03406813627e-09 0 	0 	-9.25847855242 	
2.61523046092e-09 0 	0 	-9.22656472812 	
3.19639278557e-09 0 	0 	-9.19465090381 	
3.77755511022e-09 0 	0 	-9.16533470564 	
4.35871743487e-09 0 	0 	-9.14875405617 	
4.93987975952e-09 0 	0 	-9.13217340669 	
5.52104208417e-09 0 	0 	-9.11559275721 	
6.10220440882e-09 0 	0 	-9.09901210774 	
6.68336673347e-09 0 	0 	-9.08243145826 	
7.26452905812e-09 0 	0 	-9.06585080878 	
7.84569138277e-09 -1.47677866537e-13 	1.47677866537e-13 	-9.04927015931 	
8.42685370742e-09 -3.23731261632e-13 	3.23731261632e-13 	-9.03268950983 	
9.00801603206e-09 -4.99784656726e-13 	4.99784656726e-13 	-9.01610886036 	
9.58917835671e-09 -6.7583805182e-13 	6.7583805182e-13 	-8.99952821088 	
1.01703406814e-08 -8.51891446914e-13 	8.51891446914e-13 	-8.9829475614 	
1.0751503006e-08 -1.02794484201e-12 	1.02794484201e-12 	-8.96636691193 	
1.13326653307e-08 -9.22704470704e-13 	9.22704470704e-13 	-8.96294879637 	
1.19138276553e-08 -7.46654338983e-13 	7.46654338983e-13 	-8.96284522511 	
1.249498998e-08 -5.70604207262e-13 	5.70604207262e-13 	-8.96274165384 	
1.30761523046e-08 -3.94554075542e-13 	3.94554075542e-13 	-8.96263808258 	
1.36573146293e-08 -2.18503943821e-13 	2.18503943821e-13 	-8.96253451132 	
1.42384769539e-08 -4.24538121008e-14 	4.24538121008e-14 	-8.96243094006 	
1.48196392786e-08 0 	0 	-8.96232736879 	
1.54008016032e-08 0 	0 	-8.96222379753 	
1.59819639279e-08 0 	0 	-8.96212022627 	
1.65631262525e-08 0 	0 	-8.96201665501 	
1.71442885772e-08 0 	0 	-8.96191308374 	
1.77254509018e-08 0 	0 	-8.96180951248 	
1.83066132265e-08 0 	0 	-8.98715926754 	
1.88877755511e-08 0 	0 	-9.01260787727 	
1.94689378758e-08 0 	0 	-9.03805648701 	
2.00501002004e-08 0 	0 	-9.06350509674 	
2.06312625251e-08 0 	0 	-9.08895370648 	
2.12124248497e-08 0 	0 	-9.11440231621 	
2.17935871743e-08 0 	0 	-9.13985092595 	
2.2374749499e-08 0 	0 	-9.16529953568 	
2.29559118236e-08 0 	0 	-9.19074814542 	
2.35370741483e-08 0 	0 	-9.21619675516 	
2.41182364729e-08 0 	0 	-9.24164536489 	
2.46993987976e-08 0 	0 	-9.30038975157 	
2.52805611222e-08 0 	0 	-9.37112511326 	
2.58617234469e-08 0 	0 	-9.44186047495 	
2.64428857715e-08 0 	0 	-9.51259583664 	
2.70240480962e-08 0 	0 	-9.58333119833 	
2.76052104208e-08 -5.51166890661e-15 	5.51166890661e-15 	-9.65406656002 	
2.81863727455e-08 -2.87643611025e-14 	2.87643611025e-14 	-9.72480192171 	
2.87675350701e-08 -5.20170532984e-14 	5.20170532984e-14 	-9.7955372834 	
2.93486973948e-08 -7.52697454943e-14 	7.52697454943e-14 	-9.86627264508 	
2.99298597194e-08 -9.85224376903e-14 	9.85224376903e-14 	-9.93700800677 	
3.05110220441e-08 -1.21775129886e-13 	1.21775129886e-13 	-10.0077433685 	
3.10921843687e-08 -9.89281551579e-14 	9.89281551579e-14 	-10.1592927509 	
3.16733466934e-08 -7.56758804098e-14 	7.56758804098e-14 	-10.3115565085 	
3.2254509018e-08 -5.24236056616e-14 	5.24236056616e-14 	-10.4638202661 	
3.28356713427e-08 -2.91713309135e-14 	2.91713309135e-14 	-10.6160840237 	
3.34168336673e-08 -5.91905616532e-15 	5.91905616532e-15 	-10.7683477813 	
3.3997995992e-08 0 	0 	-10.9206115389 	
3.45791583166e-08 0 	0 	-11.0728752965 	
3.51603206413e-08 0 	0 	-11.2251390541 	
3.57414829659e-08 0 	0 	-11.3774028117 	
3.63226452906e-08 0 	0 	-11.5296665693 	
3.69038076152e-08 0 	0 	-11.7887748926 	
3.74849699399e-08 0 	0 	-12.085335112 	
3.80661322645e-08 0 	0 	-12.3818953314 	
3.86472945892e-08 0 	0 	-12.6784555508 	
3.92284569138e-08 0 	0 	-12.9750157702 	
3.98096192385e-08 0 	0 	-13.2715759896 	
4.03907815631e-08 0 	0 	-13.568136209 	
4.09719438878e-08 0 	0 	-13.8646964284 	
4.15531062124e-08 0 	0 	-14.1612566477 	
4.21342685371e-08 0 	0 	-14.4578168671 	
4.27154308617e-08 0 	0 	-14.9936706374 	
4.32965931864e-08 0 	0 	-15.5394370298 	
4.3877755511e-08 0 	0 	-16.0852034221 	
4.44589178357e-08 0 	0 	-16.6309698145 	
4.50400801603e-08 -5.73374553048e-14 	5.73374553048e-14 	-17.1767362069 	
4.5621242485e-08 -3.67295134764e-13 	3.67295134764e-13 	-17.7225025992 	
4.62024048096e-08 -6.77252814223e-13 	6.77252814223e-13 	-18.2682689916 	
4.67835671343e-08 -9.87210493682e-13 	9.87210493682e-13 	-18.814035384 	
4.73647294589e-08 -1.29716817314e-12 	1.29716817314e-12 	-19.3598017763 	
4.79458917836e-08 -1.21719221155e-12 	1.21719221155e-12 	-20.1694175036 	
4.85270541082e-08 -9.07243954198e-13 	9.07243954198e-13 	-21.1346906023 	
4.91082164329e-08 -5.97295696851e-13 	5.97295696851e-13 	-22.099963701 	
4.96893787575e-08 -2.87347439504e-13 	2.87347439504e-13 	-23.0652367997 	
5.02705410822e-08 -2.46907152647e-15 	2.46907152647e-15 	-24.0305098984 	
5.08517034068e-08 -3.63299885171e-14 	3.63299885171e-14 	-24.9957829971 	
5.14328657315e-08 -7.01909055076e-14 	7.01909055076e-14 	-25.9610560958 	
5.20140280561e-08 -1.04051822498e-13 	1.04051822498e-13 	-26.9263291945 	
5.25951903808e-08 -1.37912739489e-13 	1.37912739489e-13 	-27.8916022932 	
5.31763527054e-08 -1.2260064789e-13 	1.2260064789e-13 	-29.3568694858 	
5.37575150301e-08 -8.87411435561e-14 	8.87411435561e-14 	-31.0108138814 	
5.43386773547e-08 -5.48816392227e-14 	5.48816392227e-14 	-32.6647582769 	
5.49198396794e-08 -2.10221348893e-14 	2.10221348893e-14 	-34.3187026725 	
5.5501002004e-08 0 	0 	-35.972647068 	
5.60821643287e-08 0 	0 	-37.6265914636 	
5.66633266533e-08 0 	0 	-39.2805358592 	
5.7244488978e-08 0 	0 	-40.9344802547 	
5.78256513026e-08 0 	0 	-42.8442000944 	
5.84068136273e-08 0 	0 	-45.6016356628 	
5.89879759519e-08 0 	0 	-48.3590712312 	
5.95691382766e-08 0 	0 	-51.1165067996 	
6.01503006012e-08 0 	0 	-53.873942368 	
6.07314629259e-08 0 	0 	-56.6313779363 	
6.13126252505e-08 0 	0 	-59.3888135047 	
6.18937875752e-08 0 	0 	-62.1462490731 	
6.24749498998e-08 0 	0 	-65.12390222 	
6.30561122244e-08 0 	0 	-69.6089166085 	
6.36372745491e-08 0 	0 	-74.093930997 	
6.42184368737e-08 0 	0 	-78.5789453855 	
6.47995991984e-08 0 	0 	-83.063959774 	
6.5380761523e-08 0 	0 	-87.5489741625 	
6.59619238477e-08 0 	0 	-92.033988551 	
6.65430861723e-08 0 	0 	-96.5190029395 	
6.7124248497e-08 0 	0 	-102.04931993 	
6.77054108216e-08 0 	0 	-109.179458876 	
6.82865731463e-08 0 	0 	-116.309597821 	
6.88677354709e-08 0 	0 	-123.439736767 	
6.94488977956e-08 0 	0 	-130.569875713 	
7.00300601202e-08 0 	0 	-137.700014658 	
7.06112224449e-08 0 	0 	-144.830153604 	
7.11923847695e-08 0 	0 	-152.031010958 	
7.17735470942e-08 0 	0 	-163.125840083 	
7.23547094188e-08 0 	0 	-174.220669209 	
7.29358717435e-08 0 	0 	-185.315498334 	
7.35170340681e-08 0 	0 	-196.41032746 	
7.40981963928e-08 0 	0 	-207.505156586 	
7.46793587174e-08 0 	0 	-218.599985711 	
7.52605210421e-08 0 	0 	-229.694814837 	
7.58416833667e-08 0 	0 	-246.4909803 	
7.64228456914e-08 0 	0 	-263.408569485 	
7.7004008016e-08 0 	0 	-280.32615867 	
7.75851703407e-08 -6.51617583999e-14 	6.51617583999e-14 	-297.243747854 	
7.81663326653e-08 -1.85280906107e-13 	1.85280906107e-13 	-314.161337039 	
7.874749499e-08 -3.05400053814e-13 	3.05400053814e-13 	-331.078926224 	
7.93286573146e-08 -3.62061851086e-13 	3.62061851086e-13 	-350.20694823 	
7.99098196393e-08 -2.41988855339e-13 	2.41988855339e-13 	-375.511237111 	
8.04909819639e-08 -1.21915859591e-13 	1.21915859591e-13 	-400.815525993 	
8.10721442886e-08 -1.84286384394e-15 	1.84286384394e-15 	-426.119814874 	
8.16533066132e-08 0 	0 	-451.424103755 	
8.22344689379e-08 0 	0 	-476.728392637 	
8.28156312625e-08 0 	0 	-502.032681518 	
8.33967935872e-08 0 	0 	-537.48942426 	
8.39779559118e-08 0 	0 	-574.650495497 	
8.45591182365e-08 0 	0 	-611.811566733 	
8.51402805611e-08 0 	0 	-648.97263797 	
8.57214428858e-08 0 	0 	-686.133709207 	
8.63026052104e-08 0 	0 	-723.294780443 	
8.68837675351e-08 0 	0 	-772.691997861 	
8.74649298597e-08 0 	0 	-826.319987165 	
8.80460921844e-08 0 	0 	-879.947976468 	
8.8627254509e-08 -5.96785075757e-14 	5.96785075757e-14 	-933.575965772 	
8.92084168337e-08 -1.38380261154e-13 	1.38380261154e-13 	-987.203955075 	
8.97895791583e-08 -2.17082014732e-13 	2.17082014732e-13 	-1040.83194438 	
9.0370741483e-08 -1.5231038433e-13 	1.5231038433e-13 	-1114.93173144 	
9.09519038076e-08 -7.36887429404e-14 	7.36887429404e-14 	-1191.04348819 	
9.15330661323e-08 0 	0 	-1267.15524495 	
9.21142284569e-08 0 	0 	-1343.2670017 	
9.26953907816e-08 0 	0 	-1419.37875845 	
9.32765531062e-08 0 	0 	-1505.93191146 	
9.38577154309e-08 0 	0 	-1612.24769011 	
9.44388777555e-08 0 	0 	-1718.56346875 	
9.50200400802e-08 -8.93470899945e-14 	8.93470899945e-14 	-1824.8792474 	
9.56012024048e-08 -2.31472676941e-13 	2.31472676941e-13 	-1931.19502605 	
9.61823647295e-08 -3.62615826841e-13 	3.62615826841e-13 	-2038.96205362 	
9.67635270541e-08 -2.20747074351e-13 	2.20747074351e-13 	-2185.22751551 	
9.73446893788e-08 -7.88783218615e-14 	7.88783218615e-14 	-2331.4929774 	
9.79258517034e-08 0 	0 	-2477.75843929 	
9.85070140281e-08 0 	0 	-2624.02390118 	
9.90881763527e-08 0 	0 	-2770.28936307 	
9.96693386774e-08 0 	0 	-2967.08987632 	
1.00250501002e-07 0 	0 	-3165.41670833 	
1.00831663327e-07 -5.66335634508e-14 	5.66335634508e-14 	-3363.74354033 	
1.01412825651e-07 -1.70501991334e-13 	1.70501991334e-13 	-3562.07037234 	
1.01993987976e-07 -2.52272277134e-13 	2.52272277134e-13 	-3769.59947876 	
1.02575150301e-07 -1.38749242195e-13 	1.38749242195e-13 	-4034.81608188 	
1.03156312625e-07 -2.52262072573e-14 	2.52262072573e-14 	-4300.032685 	
1.0373747495e-07 -4.84988489836e-14 	4.84988489836e-14 	-4565.24928813 	
1.04318637275e-07 -1.10853711239e-13 	1.10853711239e-13 	-4830.46589125 	
1.04899799599e-07 -1.07155901465e-13 	1.07155901465e-13 	-5140.30736332 	
1.05480961924e-07 -4.50413791024e-14 	4.50413791024e-14 	-5490.30946547 	
1.06062124248e-07 -3.75111005591e-14 	3.75111005591e-14 	-5840.31156761 	
1.06643286573e-07 -1.73981817114e-13 	1.73981817114e-13 	-6190.31366976 	
1.07224448898e-07 -2.74520401321e-13 	2.74520401321e-13 	-6553.76311022 	
1.07805611222e-07 -1.38710120675e-13 	1.38710120675e-13 	-7009.85299296 	
1.08386773547e-07 -2.89984002932e-15 	2.89984002932e-15 	-7465.94287569 	
1.08967935872e-07 -1.44182565103e-13 	1.44182565103e-13 	-7922.03275843 	
1.09549098196e-07 -2.91510905451e-13 	2.91510905451e-13 	-8378.12264116 	
1.10130260521e-07 -1.64068225574e-13 	1.64068225574e-13 	-8956.03523305 	
1.10711422846e-07 -1.76250267401e-14 	1.76250267401e-14 	-9543.23754382 	
1.1129258517e-07 -2.14954922215e-13 	2.14954922215e-13 	-10130.4398546 	
1.11873747495e-07 -4.59320184527e-13 	4.59320184527e-13 	-10717.6421654 	
1.1245490982e-07 -2.50128045232e-13 	2.50128045232e-13 	-11452.8498194 	
1.13036072144e-07 -7.56626885658e-15 	7.56626885658e-15 	-12200.1918333 	
1.13617234469e-07 -8.60507444506e-14 	8.60507444506e-14 	-12947.5338472 	
1.14198396794e-07 -1.55142902961e-13 	1.55142902961e-13 	-13714.8253153 	
1.14779559118e-07 -6.71189155317e-14 	6.71189155317e-14 	-14655.5699439 	
1.15360721443e-07 -2.29650815685e-14 	2.29650815685e-14 	-15596.3145726 	
1.15941883768e-07 -1.19663053294e-13 	1.19663053294e-13 	-16537.0592012 	
1.16523046092e-07 -1.26502794389e-13 	1.26502794389e-13 	-17583.5161366 	
1.17104208417e-07 -3.08511728222e-14 	3.08511728222e-14 	-18755.3370165 	
1.17685370741e-07 0 	0 	-19927.1578964 	
1.18266533066e-07 0 	0 	-21098.9787763 	
1.18847695391e-07 0 	0 	-22538.3731399 	
1.19428857715e-07 0 	0 	-23983.4626935 	
1.2001002004e-07 0 	0 	-25428.5522472 	
1.20591182365e-07 0 	0 	-27085.0142905 	
1.21172344689e-07 -9.90066669549e-15 	9.90066669549e-15 	-28850.1176322 	
1.21753507014e-07 -2.56392712018e-13 	2.56392712018e-13 	-30615.2209738 	
1.22334669339e-07 -2.54564988517e-13 	2.54564988517e-13 	-32563.8053972 	
1.22915831663e-07 -1.25278556371e-14 	1.25278556371e-14 	-34700.1752863 	
1.23496993988e-07 0 	0 	-36836.5451754 	
1.24078156313e-07 0 	0 	-39174.9430306 	
1.24659318637e-07 0 	0 	-41738.2136035 	
1.25240480962e-07 -8.58669916736e-13 	8.58669916736e-13 	-44301.4841764 	
1.25821643287e-07 -6.84883979711e-13 	6.84883979711e-13 	-47152.380119 	
1.26402805611e-07 0 	0 	-50202.3597411 	
1.26983967936e-07 0 	0 	-53252.3393632 	
1.27565130261e-07 0 	0 	-56765.2028801 	
1.28146292585e-07 -8.14510387806e-14 	8.14510387806e-14 	-60365.5889971 	
1.2872745491e-07 -1.68150794833e-13 	1.68150794833e-13 	-64100.1549465 	
1.29308617234e-07 -1.00851380911e-14 	1.00851380911e-14 	-68318.1762074 	
1.29889779559e-07 0 	0 	-72536.1974683 	
1.30470941884e-07 0 	0 	-77245.3971006 	
1.31052104208e-07 0 	0 	-82151.3901105 	
1.31633266533e-07 0 	0 	-87305.1195216 	
1.32214428858e-07 0 	0 	-92972.0493546 	
1.32795591182e-07 0 	0 	-98678.1222131 	
1.33376753507e-07 0 	0 	-105181.057109 	
1.33957915832e-07 0 	0 	-111683.992005 	
1.34539078156e-07 0 	0 	-118983.349394 	
1.35120240481e-07 -1.68919630759e-13 	1.68919630759e-13 	-126398.901 	
1.35701402806e-07 -4.16993814157e-14 	4.16993814157e-14 	-134604.962064 	
1.3628256513e-07 0 	0 	-143010.703009 	
1.36863727455e-07 0 	0 	-152291.482237 	
1.3744488978e-07 0 	0 	-161765.352818 	
1.38026052104e-07 0 	0 	-172305.957161 	
1.38607214429e-07 0 	0 	-183083.862366 	
1.39188376754e-07 0 	0 	-194926.331272 	
1.39769539078e-07 0 	0 	-207301.732376 	
1.40350701403e-07 -2.94666707643e-13 	2.94666707643e-13 	-220442.496279 	
1.40931863727e-07 -1.32740874422e-14 	1.32740874422e-14 	-234640.345897 	
1.41513026052e-07 0 	0 	-249450.066354 	
1.42094188377e-07 -3.80997023163e-14 	3.80997023163e-14 	-265405.957559 	
1.42675350701e-07 -1.05318833518e-15 	1.05318833518e-15 	-282439.517986 	
1.43256513026e-07 -1.00562205473e-13 	1.00562205473e-13 	-300362.043361 	
1.43837675351e-07 0 	0 	-319406.279729 	
1.44418837675e-07 -8.08990332315e-15 	8.08990332315e-15 	-339973.53625 	
1.45e-07 0 	0 	-361196.707705 	
