-1.45e-07 0 	0 	-1186117.90492 	
-1.44418837675e-07 0 	0 	-1117577.70465 	
-1.43837675351e-07 0 	0 	-1051197.11224 	
-1.43256513026e-07 0 	0 	-989668.42488 	
-1.42675350701e-07 0 	0 	-931883.705176 	
-1.42094188377e-07 0 	0 	-877173.92893 	
-1.41513026052e-07 0 	0 	-825305.907849 	
-1.40931863727e-07 0 	0 	-777582.433126 	
-1.40350701403e-07 0 	0 	-732352.100429 	
-1.39769539078e-07 0 	0 	-689296.542601 	
-1.39188376754e-07 0 	0 	-649312.870911 	
-1.38607214429e-07 0 	0 	-611758.807628 	
-1.38026052104e-07 0 	0 	-575851.257772 	
-1.3744488978e-07 0 	0 	-542582.687805 	
-1.36863727455e-07 0 	0 	-511223.987627 	
-1.3628256513e-07 0 	0 	-481099.738024 	
-1.35701402806e-07 0 	0 	-453627.751377 	
-1.35120240481e-07 0 	0 	-427256.466909 	
-1.34539078156e-07 0 	0 	-402368.239858 	
-1.33957915832e-07 0 	0 	-379306.515398 	
-1.33376753507e-07 0 	0 	-356948.406001 	
-1.32795591182e-07 0 	0 	-336653.6295 	
-1.32214428858e-07 0 	0 	-317015.74105 	
-1.31633266533e-07 0 	0 	-298751.361416 	
-1.31052104208e-07 0 	0 	-281498.446822 	
-1.30470941884e-07 0 	0 	-265100.11835 	
-1.29889779559e-07 0 	0 	-249931.507113 	
-1.29308617234e-07 0 	0 	-235244.392537 	
-1.2872745491e-07 0 	0 	-221891.640176 	
-1.28146292585e-07 0 	0 	-208770.120282 	
-1.27565130261e-07 0 	0 	-196994.736761 	
-1.26983967936e-07 0 	0 	-185302.132691 	
-1.26402805611e-07 0 	0 	-174893.369909 	
-1.25821643287e-07 0 	0 	-164501.670888 	
-1.25240480962e-07 0 	0 	-155274.359597 	
-1.24659318637e-07 0 	0 	-146063.952032 	
-1.24078156313e-07 0 	0 	-137856.383872 	
-1.23496993988e-07 0 	0 	-129715.777035 	
-1.22915831663e-07 0 	0 	-122387.63386 	
-1.22334669339e-07 0 	0 	-115213.179819 	
-1.21753507014e-07 0 	0 	-108643.516224 	
-1.21172344689e-07 0 	0 	-102339.122363 	
-1.20591182365e-07 0 	0 	-96424.4098893 	
-1.2001002004e-07 0 	0 	-90901.2430626 	
-1.19428857715e-07 0 	0 	-85553.4862807 	
-1.18847695391e-07 0 	0 	-80729.6685872 	
-1.18266533066e-07 0 	0 	-75905.8508936 	
-1.17685370741e-07 0 	0 	-71674.9003003 	
-1.17104208417e-07 0 	0 	-67475.1967984 	
-1.16523046092e-07 0 	0 	-63605.7869819 	
-1.15941883768e-07 0 	0 	-59961.2864299 	
-1.15360721443e-07 0 	0 	-56407.5950631 	
-1.14779559118e-07 0 	0 	-53255.3851917 	
-1.14198396794e-07 0 	0 	-50103.1753202 	
-1.13617234469e-07 0 	0 	-47263.0252339 	
-1.13036072144e-07 0 	0 	-44545.8639821 	
-1.1245490982e-07 0 	0 	-41902.2973375 	
-1.11873747495e-07 0 	0 	-39568.281947 	
-1.1129258517e-07 0 	0 	-37234.2665565 	
-1.10711422846e-07 0 	0 	-35104.5037567 	
-1.10130260521e-07 0 	0 	-33106.739767 	
-1.09549098196e-07 0 	0 	-31108.9757773 	
-1.08967935872e-07 0 	0 	-29394.0689904 	
-1.08386773547e-07 0 	0 	-27690.3411181 	
-1.07805611222e-07 0 	0 	-26051.7512528 	
-1.07224448898e-07 0 	0 	-24604.1980671 	
-1.06643286573e-07 0 	0 	-23156.6448814 	
-1.06062124248e-07 0 	0 	-21816.4516666 	
-1.05480961924e-07 0 	0 	-20591.2461274 	
-1.04899799599e-07 0 	0 	-19366.0405882 	
-1.04318637275e-07 0 	0 	-18265.0641351 	
-1.0373747495e-07 0 	0 	-17232.1016626 	
-1.03156312625e-07 0 	0 	-16199.1391901 	
-1.02575150301e-07 0 	0 	-15289.1568012 	
-1.01993987976e-07 0 	0 	-14421.7526173 	
-1.01412825651e-07 0 	0 	-13554.3484334 	
-1.00831663327e-07 0 	0 	-12796.443423 	
-1.00250501002e-07 0 	0 	-12071.0407341 	
-9.96693386774e-08 0 	0 	-11345.6380452 	
-9.90881763527e-08 0 	0 	-10708.7157946 	
-9.85070140281e-08 0 	0 	-10104.60594 	
-9.79258517034e-08 0 	0 	-9500.49608546 	
-9.73446893788e-08 0 	0 	-8959.96420966 	
-9.67635270541e-08 0 	0 	-8459.02011792 	
-9.61823647295e-08 0 	0 	-7958.07602618 	
-9.56012024048e-08 0 	0 	-7494.68307556 	
-9.50200400802e-08 0 	0 	-7081.10674868 	
-9.44388777555e-08 0 	0 	-6667.53042181 	
-9.38577154309e-08 0 	0 	-6266.35566407 	
-9.32765531062e-08 0 	0 	-5926.44036304 	
-9.26953907816e-08 0 	0 	-5586.52506201 	
-9.21142284569e-08 0 	0 	-5246.60976097 	
-9.15330661323e-08 0 	0 	-4958.01804947 	
-9.09519038076e-08 0 	0 	-4679.92578227 	
-9.0370741483e-08 0 	0 	-4401.83351506 	
-8.97895791583e-08 0 	0 	-4145.09344559 	
-8.92084168337e-08 0 	0 	-3918.64792555 	
-8.8627254509e-08 0 	0 	-3692.20240551 	
-8.80460921844e-08 0 	0 	-3465.75688547 	
-8.74649298597e-08 0 	0 	-3278.65730613 	
-8.68837675351e-08 0 	0 	-3095.15243115 	
-8.63026052104e-08 0 	0 	-2911.64755617 	
-8.57214428858e-08 0 	0 	-2740.11066671 	
-8.51402805611e-08 0 	0 	-2592.13446218 	
-8.45591182365e-08 0 	0 	-2444.15825764 	
-8.39779559118e-08 0 	0 	-2296.1820531 	
-8.33967935872e-08 0 	0 	-2167.89674103 	
-8.28156312625e-08 0 	0 	-2049.17047873 	
-8.22344689379e-08 0 	0 	-1930.44421643 	
-8.16533066132e-08 0 	0 	-1811.71795413 	
-8.10721442886e-08 0 	0 	-1715.11300317 	
-8.04909819639e-08 0 	0 	-1620.34506902 	
-7.99098196393e-08 0 	0 	-1525.57713487 	
-7.93286573146e-08 0 	0 	-1432.47278727 	
-7.874749499e-08 0 	0 	-1357.22673672 	
-7.81663326653e-08 0 	0 	-1281.98068616 	
-7.75851703407e-08 0 	0 	-1206.7346356 	
-7.7004008016e-08 0 	0 	-1133.96941915 	
-7.64228456914e-08 0 	0 	-1074.54563088 	
-7.58416833667e-08 0 	0 	-1015.12184261 	
-7.52605210421e-08 0 	0 	-955.698054345 	
-7.46793587174e-08 0 	0 	-898.007920705 	
-7.40981963928e-08 0 	0 	-851.338017691 	
-7.35170340681e-08 0 	0 	-804.668114678 	
-7.29358717435e-08 0 	0 	-757.998211664 	
-7.23547094188e-08 0 	0 	-711.537415984 	
-7.17735470942e-08 0 	0 	-675.090767972 	
-7.11923847695e-08 0 	0 	-638.64411996 	
-7.06112224449e-08 0 	0 	-602.197471947 	
-7.00300601202e-08 0 	0 	-565.750823935 	
-6.94488977956e-08 0 	0 	-535.88887756 	
-6.88677354709e-08 0 	0 	-507.590248449 	
-6.82865731463e-08 0 	0 	-479.291619339 	
-6.77054108216e-08 0 	0 	-450.992990228 	
-6.7124248497e-08 0 	0 	-425.901110404 	
-6.65430861723e-08 0 	0 	-404.058637847 	
-6.59619238477e-08 0 	0 	-382.216165289 	
-6.5380761523e-08 0 	0 	-360.373692732 	
-6.47995991984e-08 0 	0 	-338.957371985 	
-6.42184368737e-08 0 	0 	-322.199951375 	
-6.36372745491e-08 0 	0 	-305.442530766 	
-6.30561122244e-08 0 	0 	-288.685110156 	
-6.24749498998e-08 0 	0 	-271.927689546 	
-6.18937875752e-08 0 	0 	-257.427603669 	
-6.13126252505e-08 0 	0 	-244.65085748 	
-6.07314629259e-08 0 	0 	-231.87411129 	
-6.01503006012e-08 0 	0 	-219.0973651 	
-5.95691382766e-08 0 	0 	-206.320618911 	
-5.89879759519e-08 0 	0 	-196.467325243 	
-5.84068136273e-08 0 	0 	-186.787263958 	
-5.78256513026e-08 0 	0 	-177.107202673 	
-5.7244488978e-08 0 	0 	-167.427141389 	
-5.66633266533e-08 0 	0 	-158.255146981 	
-5.60821643287e-08 0 	0 	-150.96869395 	
-5.5501002004e-08 0 	0 	-143.682240918 	
-5.49198396794e-08 0 	0 	-136.395787887 	
-5.43386773547e-08 0 	0 	-129.109334856 	
-5.37575150301e-08 0 	0 	-122.501342689 	
-5.31763527054e-08 0 	0 	-117.052955037 	
-5.25951903808e-08 0 	0 	-111.604567386 	
-5.20140280561e-08 0 	0 	-106.156179734 	
-5.14328657315e-08 0 	0 	-100.707792082 	
-5.08517034068e-08 0 	0 	-95.8370535654 	
-5.02705410822e-08 0 	0 	-91.7906938252 	
-4.96893787575e-08 0 	0 	-87.744334085 	
-4.91082164329e-08 0 	0 	-83.6979743449 	
-4.85270541082e-08 0 	0 	-79.6516146047 	
-4.79458917836e-08 0 	0 	-75.9645294615 	
-4.73647294589e-08 0 	0 	-72.9803052621 	
-4.67835671343e-08 0 	0 	-69.9960810628 	
-4.62024048096e-08 0 	0 	-67.0118568634 	
-4.5621242485e-08 0 	0 	-64.0276326641 	
-4.50400801603e-08 0 	0 	-61.159356204 	
-4.44589178357e-08 0 	0 	-58.9741470526 	
-4.3877755511e-08 0 	0 	-56.7889379013 	
-4.32965931864e-08 0 	0 	-54.6037287499 	
-4.27154308617e-08 0 	0 	-52.4185195985 	
-4.21342685371e-08 0 	0 	-50.2333104471 	
-4.15531062124e-08 0 	0 	-48.5433119611 	
-4.09719438878e-08 0 	0 	-46.9549076365 	
-4.03907815631e-08 0 	0 	-45.3665033119 	
-3.98096192385e-08 0 	0 	-43.7780989873 	
-3.92284569138e-08 0 	0 	-42.1896946627 	
-3.86472945892e-08 0 	0 	-40.7735995765 	
-3.80661322645e-08 0 	0 	-39.6277503293 	
-3.74849699399e-08 0 	0 	-38.4819010821 	
-3.69038076152e-08 0 	0 	-37.3360518349 	
-3.63226452906e-08 0 	0 	-36.1902025878 	
-3.57414829659e-08 0 	0 	-35.0443533406 	
-3.51603206413e-08 0 	0 	-34.1659343205 	
-3.45791583166e-08 0 	0 	-33.3458566176 	
-3.3997995992e-08 0 	0 	-32.5257789147 	
-3.34168336673e-08 0 	0 	-31.7057012118 	
-3.28356713427e-08 0 	0 	-30.8856235089 	
-3.2254509018e-08 0 	0 	-30.0944570277 	
-3.16733466934e-08 0 	0 	-29.5124398561 	
-3.10921843687e-08 0 	0 	-28.9304226845 	
-3.05110220441e-08 0 	0 	-28.3484055129 	
-2.99298597194e-08 0 	0 	-27.7663883412 	
-2.93486973948e-08 0 	0 	-27.1843711696 	
-2.87675350701e-08 0 	0 	-26.6520837995 	
-2.81863727455e-08 0 	0 	-26.2428223613 	
-2.76052104208e-08 0 	0 	-25.8335609231 	
-2.70240480962e-08 0 	0 	-25.4242994848 	
-2.64428857715e-08 0 	0 	-25.0150380466 	
-2.58617234469e-08 0 	0 	-24.6057766084 	
-2.52805611222e-08 0 	0 	-24.2360058885 	
-2.46993987976e-08 0 	0 	-23.9513173551 	
-2.41182364729e-08 0 	0 	-23.6666288217 	
-2.35370741483e-08 0 	0 	-23.3819402883 	
-2.29559118236e-08 0 	0 	-23.097251755 	
-2.2374749499e-08 0 	0 	-22.8125632216 	
-2.17935871743e-08 0 	0 	-22.5462655328 	
-2.12124248497e-08 0 	0 	-22.3510024667 	
-2.0631262525e-08 0 	0 	-22.1557394006 	
-2.00501002004e-08 0 	0 	-21.9604763345 	
-1.94689378758e-08 0 	0 	-21.7652132684 	
-1.88877755511e-08 0 	0 	-21.5699502023 	
-1.83066132265e-08 0 	0 	-21.3746871362 	
-1.77254509018e-08 0 	0 	-21.2404223343 	
-1.71442885772e-08 0 	0 	-21.1093344719 	
-1.65631262525e-08 0 	0 	-20.9782466095 	
-1.59819639279e-08 0 	0 	-20.8471587471 	
-1.54008016032e-08 0 	0 	-20.7160708846 	
-1.48196392786e-08 0 	0 	-20.5849830222 	
-1.42384769539e-08 0 	0 	-20.4793511309 	
-1.36573146293e-08 0 	0 	-20.3947034128 	
-1.30761523046e-08 0 	0 	-20.3100556946 	
-1.249498998e-08 0 	0 	-20.2254079765 	
-1.19138276553e-08 0 	0 	-20.1407602584 	
-1.13326653307e-08 0 	0 	-20.0561125403 	
-1.0751503006e-08 0 	0 	-19.9714648221 	
-1.01703406814e-08 0 	0 	-19.921165371 	
-9.58917835671e-09 0 	0 	-19.8710335995 	
-9.00801603206e-09 0 	0 	-19.8209018281 	
-8.42685370741e-09 0 	0 	-19.7707700566 	
-7.84569138277e-09 0 	0 	-19.7206382851 	
-7.26452905812e-09 0 	0 	-19.6705065137 	
-6.68336673347e-09 0 	0 	-19.6282269456 	
-6.10220440882e-09 0 	0 	-19.6053655235 	
-5.52104208417e-09 0 	0 	-19.5825041013 	
-4.93987975952e-09 0 	0 	-19.5596426792 	
-4.35871743487e-09 0 	0 	-19.5367812571 	
-3.77755511022e-09 0 	0 	-19.513919835 	
-3.19639278557e-09 0 	0 	-19.4910584129 	
-2.61523046092e-09 0 	0 	-19.4783802617 	
-2.03406813627e-09 0 	0 	-19.4795979371 	
-1.45290581162e-09 0 	0 	-19.4808156126 	
-8.71743486974e-10 0 	0 	-19.482033288 	
-2.90581162324e-10 0 	0 	-19.4832509634 	
2.90581162325e-10 0 	0 	-19.4844686389 	
8.71743486974e-10 0 	0 	-19.4856863143 	
1.45290581162e-09 0 	0 	-19.4967748875 	
2.03406813627e-09 0 	0 	-19.5228978199 	
2.61523046092e-09 0 	0 	-19.5490207523 	
3.19639278557e-09 0 	0 	-19.5751436847 	
3.77755511022e-09 0 	0 	-19.6012666171 	
4.35871743487e-09 0 	0 	-19.6273895495 	
4.93987975952e-09 0 	0 	-19.6535124818 	
5.52104208417e-09 0 	0 	-19.6858523869 	
6.10220440882e-09 0 	0 	-19.742387425 	
6.68336673347e-09 0 	0 	-19.7989224631 	
7.26452905812e-09 0 	0 	-19.8554575012 	
7.84569138277e-09 0 	0 	-19.9119925393 	
8.42685370742e-09 0 	0 	-19.9685275773 	
9.00801603206e-09 0 	0 	-20.0250626154 	
9.58917835671e-09 0 	0 	-20.0815976535 	
1.01703406814e-08 0 	0 	-20.1737448044 	
1.0751503006e-08 0 	0 	-20.2725104375 	
1.13326653307e-08 0 	0 	-20.3712760705 	
1.19138276553e-08 0 	0 	-20.4700417035 	
1.249498998e-08 0 	0 	-20.5688073366 	
1.30761523046e-08 0 	0 	-20.6675729696 	
1.36573146293e-08 0 	0 	-20.7663386026 	
1.42384769539e-08 0 	0 	-20.8847249604 	
1.48196392786e-08 0 	0 	-21.0470054476 	
1.54008016032e-08 0 	0 	-21.2092859347 	
1.59819639279e-08 0 	0 	-21.3715664219 	
1.65631262525e-08 0 	0 	-21.533846909 	
1.71442885772e-08 0 	0 	-21.6961273962 	
1.77254509018e-08 0 	0 	-21.8584078833 	
1.83066132265e-08 0 	0 	-22.0206883705 	
1.88877755511e-08 0 	0 	-22.2426429475 	
1.94689378758e-08 0 	0 	-22.5048361418 	
2.00501002004e-08 0 	0 	-22.7670293361 	
2.06312625251e-08 0 	0 	-23.0292225304 	
2.12124248497e-08 0 	0 	-23.2914157247 	
2.17935871743e-08 0 	0 	-23.5536089191 	
2.2374749499e-08 0 	0 	-23.8158021134 	
2.29559118236e-08 0 	0 	-24.0779953077 	
2.35370741483e-08 0 	0 	-24.4537864548 	
2.41182364729e-08 0 	0 	-24.8773069389 	
2.46993987976e-08 0 	0 	-25.3008274229 	
2.52805611222e-08 0 	0 	-25.724347907 	
2.58617234469e-08 0 	0 	-26.147868391 	
2.64428857715e-08 0 	0 	-26.571388875 	
2.70240480962e-08 0 	0 	-26.9949093591 	
2.76052104208e-08 0 	0 	-27.4184298431 	
2.81863727455e-08 0 	0 	-28.0076790656 	
2.87675350701e-08 0 	0 	-28.6962398042 	
2.93486973948e-08 0 	0 	-29.3848005428 	
2.99298597194e-08 0 	0 	-30.0733612815 	
3.05110220441e-08 0 	0 	-30.7619220201 	
3.10921843687e-08 0 	0 	-31.4504827587 	
3.16733466934e-08 0 	0 	-32.1390434974 	
3.2254509018e-08 0 	0 	-32.827604236 	
3.28356713427e-08 0 	0 	-33.6734674651 	
3.34168336673e-08 0 	0 	-34.8034632484 	
3.3997995992e-08 0 	0 	-35.9334590318 	
3.45791583166e-08 0 	0 	-37.0634548151 	
3.51603206413e-08 0 	0 	-38.1934505985 	
3.57414829659e-08 0 	0 	-39.3234463818 	
3.63226452906e-08 0 	0 	-40.4534421652 	
3.69038076152e-08 0 	0 	-41.5834379485 	
3.74849699399e-08 0 	0 	-42.7134337319 	
3.80661322645e-08 0 	0 	-44.5079873412 	
3.86472945892e-08 0 	0 	-46.3823242552 	
3.92284569138e-08 0 	0 	-48.2566611692 	
3.98096192385e-08 0 	0 	-50.1309980832 	
4.03907815631e-08 0 	0 	-52.0053349972 	
4.09719438878e-08 0 	0 	-53.8796719112 	
4.15531062124e-08 0 	0 	-55.7540088252 	
4.21342685371e-08 0 	0 	-57.6283457392 	
4.27154308617e-08 0 	0 	-59.794976016 	
4.32965931864e-08 0 	0 	-62.9394463598 	
4.3877755511e-08 0 	0 	-66.0839167037 	
4.44589178357e-08 0 	0 	-69.2283870475 	
4.50400801603e-08 0 	0 	-72.3728573913 	
4.5621242485e-08 0 	0 	-75.5173277351 	
4.62024048096e-08 0 	0 	-78.661798079 	
4.67835671343e-08 0 	0 	-81.8062684228 	
4.73647294589e-08 0 	0 	-84.9507387666 	
4.79458917836e-08 0 	0 	-88.8927077362 	
4.85270541082e-08 0 	0 	-94.2305138685 	
4.91082164329e-08 0 	0 	-99.5683200008 	
4.96893787575e-08 0 	0 	-104.906126133 	
5.02705410822e-08 0 	0 	-110.243932265 	
5.08517034068e-08 0 	0 	-115.581738398 	
5.14328657315e-08 0 	0 	-120.91954453 	
5.20140280561e-08 0 	0 	-126.257350662 	
5.25951903808e-08 0 	0 	-131.595156794 	
5.31763527054e-08 0 	0 	-138.038710487 	
5.37575150301e-08 0 	0 	-147.210126771 	
5.43386773547e-08 0 	0 	-156.381543054 	
5.49198396794e-08 0 	0 	-165.552959338 	
5.5501002004e-08 0 	0 	-174.724375622 	
5.60821643287e-08 0 	0 	-183.895791906 	
5.66633266533e-08 0 	0 	-193.06720819 	
5.7244488978e-08 0 	0 	-202.238624474 	
5.78256513026e-08 0 	0 	-211.410040758 	
5.84068136273e-08 0 	0 	-220.581457042 	
5.89879759519e-08 0 	0 	-236.534568918 	
5.95691382766e-08 0 	0 	-252.489570709 	
6.01503006012e-08 0 	0 	-268.4445725 	
6.07314629259e-08 0 	0 	-284.399574291 	
6.13126252505e-08 0 	0 	-300.354576081 	
6.18937875752e-08 0 	0 	-316.309577872 	
6.24749498998e-08 0 	0 	-332.264579663 	
6.30561122244e-08 0 	0 	-348.219581454 	
6.36372745491e-08 0 	0 	-364.174583245 	
6.42184368737e-08 0 	0 	-386.115356279 	
6.47995991984e-08 0 	0 	-414.225817102 	
6.5380761523e-08 0 	0 	-442.336277924 	
6.59619238477e-08 0 	0 	-470.446738747 	
6.65430861723e-08 0 	0 	-498.557199569 	
6.7124248497e-08 0 	0 	-526.667660391 	
6.77054108216e-08 0 	0 	-554.778121214 	
6.82865731463e-08 0 	0 	-582.888582036 	
6.88677354709e-08 0 	0 	-610.999042859 	
6.94488977956e-08 0 	0 	-639.109503681 	
7.00300601202e-08 0 	0 	-684.019341855 	
7.06112224449e-08 0 	0 	-734.192673539 	
7.11923847695e-08 0 	0 	-784.366005222 	
7.17735470942e-08 0 	0 	-834.539336906 	
7.23547094188e-08 0 	0 	-884.71266859 	
7.29358717435e-08 0 	0 	-934.886000274 	
7.35170340681e-08 0 	0 	-985.059331957 	
7.40981963928e-08 0 	0 	-1035.23266364 	
7.46793587174e-08 0 	0 	-1085.40599532 	
7.52605210421e-08 0 	0 	-1135.57932701 	
7.58416833667e-08 0 	0 	-1218.27102442 	
7.64228456914e-08 0 	0 	-1309.018829 	
7.7004008016e-08 0 	0 	-1399.76663357 	
7.75851703407e-08 0 	0 	-1490.51443814 	
7.81663326653e-08 0 	0 	-1581.26224272 	
7.874749499e-08 0 	0 	-1672.01004729 	
7.93286573146e-08 0 	0 	-1762.75785186 	
7.99098196393e-08 0 	0 	-1853.50565643 	
8.04909819639e-08 0 	0 	-1944.25346101 	
8.10721442886e-08 0 	0 	-2035.00126558 	
8.16533066132e-08 0 	0 	-2171.66103391 	
8.22344689379e-08 0 	0 	-2338.03424237 	
8.28156312625e-08 0 	0 	-2504.40745083 	
8.33967935872e-08 0 	0 	-2670.78065929 	
8.39779559118e-08 0 	0 	-2837.15386775 	
8.45591182365e-08 0 	0 	-3003.52707621 	
8.51402805611e-08 0 	0 	-3169.90028467 	
8.57214428858e-08 0 	0 	-3336.27349313 	
8.63026052104e-08 0 	0 	-3502.64670159 	
8.68837675351e-08 0 	0 	-3669.01991005 	
8.74649298597e-08 0 	0 	-3860.09510553 	
8.80460921844e-08 0 	0 	-4169.36850621 	
8.8627254509e-08 0 	0 	-4478.64190688 	
8.92084168337e-08 0 	0 	-4787.91530755 	
8.97895791583e-08 0 	0 	-5097.18870822 	
9.0370741483e-08 0 	0 	-5406.46210889 	
9.09519038076e-08 0 	0 	-5715.73550957 	
9.15330661323e-08 0 	0 	-6025.00891024 	
9.21142284569e-08 0 	0 	-6334.28231091 	
9.26953907816e-08 0 	0 	-6643.55571158 	
9.32765531062e-08 0 	0 	-6952.82911225 	
9.38577154309e-08 0 	0 	-7397.12649263 	
9.44388777555e-08 0 	0 	-7980.22759938 	
9.50200400802e-08 0 	0 	-8563.32870613 	
9.56012024048e-08 0 	0 	-9146.42981288 	
9.61823647295e-08 0 	0 	-9729.53091963 	
9.67635270541e-08 0 	0 	-10312.6320264 	
9.73446893788e-08 0 	0 	-10895.7331331 	
9.79258517034e-08 0 	0 	-11478.8342399 	
9.85070140281e-08 0 	0 	-12061.9353466 	
9.90881763527e-08 0 	0 	-12645.0364534 	
9.96693386774e-08 0 	0 	-13228.1375601 	
1.00250501002e-07 0 	0 	-14110.3923018 	
1.00831663327e-07 0 	0 	-15225.7677293 	
1.01412825651e-07 0 	0 	-16341.1431567 	
1.01993987976e-07 0 	0 	-17456.5185842 	
1.02575150301e-07 0 	0 	-18571.8940117 	
1.03156312625e-07 0 	0 	-19687.2694391 	
1.0373747495e-07 0 	0 	-20802.6448666 	
1.04318637275e-07 0 	0 	-21918.0202941 	
1.04899799599e-07 0 	0 	-23033.3957215 	
1.05480961924e-07 0 	0 	-24148.771149 	
1.06062124248e-07 0 	0 	-25264.1465765 	
1.06643286573e-07 0 	0 	-26771.9180279 	
1.07224448898e-07 0 	0 	-28937.2089647 	
1.07805611222e-07 0 	0 	-31102.4999016 	
1.08386773547e-07 0 	0 	-33267.7908385 	
1.08967935872e-07 0 	0 	-35433.0817753 	
1.09549098196e-07 0 	0 	-37598.3727122 	
1.10130260521e-07 0 	0 	-39763.663649 	
1.10711422846e-07 0 	0 	-41928.9545859 	
1.1129258517e-07 0 	0 	-44094.2455228 	
1.11873747495e-07 0 	0 	-46259.5364596 	
1.1245490982e-07 0 	0 	-48424.8273965 	
1.13036072144e-07 0 	0 	-50590.1183333 	
1.13617234469e-07 0 	0 	-54694.2556219 	
1.14198396794e-07 0 	0 	-58962.0058144 	
1.14779559118e-07 0 	0 	-63229.7560069 	
1.15360721443e-07 0 	0 	-67497.5061994 	
1.15941883768e-07 0 	0 	-71765.2563919 	
1.16523046092e-07 0 	0 	-76033.0065845 	
1.17104208417e-07 0 	0 	-80300.756777 	
1.17685370741e-07 0 	0 	-84568.5069695 	
1.18266533066e-07 0 	0 	-88836.257162 	
1.18847695391e-07 0 	0 	-93104.0073545 	
1.19428857715e-07 0 	0 	-97371.757547 	
1.2001002004e-07 0 	0 	-102500.031954 	
1.20591182365e-07 0 	0 	-111045.741573 	
1.21172344689e-07 0 	0 	-119591.451192 	
1.21753507014e-07 0 	0 	-128137.160811 	
1.22334669339e-07 0 	0 	-136682.87043 	
1.22915831663e-07 0 	0 	-145228.580048 	
1.23496993988e-07 0 	0 	-153774.289667 	
1.24078156313e-07 0 	0 	-162319.999286 	
1.24659318637e-07 0 	0 	-170865.708905 	
1.25240480962e-07 0 	0 	-179411.418524 	
1.25821643287e-07 0 	0 	-187957.128143 	
1.26402805611e-07 0 	0 	-196502.837762 	
1.26983967936e-07 0 	0 	-206860.605288 	
1.27565130261e-07 0 	0 	-224275.12892 	
1.28146292585e-07 0 	0 	-241689.652552 	
1.2872745491e-07 0 	0 	-259104.176183 	
1.29308617234e-07 0 	0 	-276518.699815 	
1.29889779559e-07 0 	0 	-293933.223447 	
1.30470941884e-07 0 	0 	-311347.747079 	
1.31052104208e-07 0 	0 	-328762.27071 	
1.31633266533e-07 0 	0 	-346176.794342 	
1.32214428858e-07 0 	0 	-363591.317974 	
1.32795591182e-07 0 	0 	-381005.841605 	
1.33376753507e-07 0 	0 	-398420.365237 	
1.33957915832e-07 0 	0 	-415834.888869 	
1.34539078156e-07 0 	0 	-450771.742075 	
1.35120240481e-07 0 	0 	-487125.53377 	
1.35701402806e-07 0 	0 	-523479.325465 	
1.3628256513e-07 0 	0 	-559833.11716 	
1.36863727455e-07 0 	0 	-596186.908855 	
1.3744488978e-07 0 	0 	-632540.700549 	
1.38026052104e-07 0 	0 	-668894.492244 	
1.38607214429e-07 0 	0 	-705248.283939 	
1.39188376754e-07 0 	0 	-741602.075634 	
1.39769539078e-07 0 	0 	-777955.867329 	
1.40350701403e-07 0 	0 	-814309.659024 	
1.40931863727e-07 0 	0 	-850663.450719 	
1.41513026052e-07 0 	0 	-891566.190044 	
1.42094188377e-07 0 	0 	-940658.142552 	
1.42675350701e-07 0 	0 	-989750.095059 	
1.43256513026e-07 0 	0 	-1038842.04757 	
1.43837675351e-07 0 	0 	-1087934.00007 	
1.44418837675e-07 0 	0 	-1137025.95258 	
1.45e-07 0 	0 	-1186117.90509 	
