-1.45e-07 -0.0182242157002 1.0644978119 0.942611725038
-1.44418837675e-07 -0.0182923248604 1.06164720749 0.945144839856
-1.43837675351e-07 -0.0183555103185 1.05890474 0.947591006313
-1.43256513026e-07 -0.0184125293922 1.05630074371 0.949927201529
-1.42675350701e-07 -0.0184646412894 1.05380785046 0.952173367878
-1.42094188377e-07 -0.0185126486676 1.0514083597 0.954342933017
-1.41513026052e-07 -0.0185568147702 1.04909658373 0.956439979062
-1.40931863727e-07 -0.0185952276882 1.04691718057 0.958425692955
-1.40350701403e-07 -0.0186300855173 1.04482022728 0.960340863996
-1.39769539078e-07 -0.018661817504 1.04279594697 0.962193541131
-1.39188376754e-07 -0.0186890545219 1.0408767404 0.963954853941
-1.38607214429e-07 -0.0187126467413 1.03904340674 0.965640354402
-1.38026052104e-07 -0.0187337470785 1.03726895335 0.967273596676
-1.3744488978e-07 -0.01875079201 1.03559080022 0.968820601252
-1.36863727455e-07 -0.0187648325803 1.03398455214 0.970302352725
-1.3628256513e-07 -0.0187769263004 1.03242494097 0.971741721567
-1.35701402806e-07 -0.0187847518249 1.03096829177 0.973086493236
-1.35120240481e-07 -0.0187907662493 1.02955567977 0.974390341899
-1.34539078156e-07 -0.0187943404446 1.02820240235 0.975639051971
-1.33957915832e-07 -0.0187948432419 1.02692440598 0.976817070787
-1.33376753507e-07 -0.0187941577348 1.02567558361 0.977967640721
-1.32795591182e-07 -0.01878992772 1.02451434304 0.979035185641
-1.32214428858e-07 -0.0187845453068 1.02338181118 0.980075283078
-1.31633266533e-07 -0.018776753306 1.02230930732 0.981057989671
-1.31052104208e-07 -0.0187671496994 1.02128231085 0.981996859633
-1.30470941884e-07 -0.0187560154681 1.02029376355 0.982898692057
-1.29889779559e-07 -0.0187426331295 1.01936216794 0.983745304983
-1.29308617234e-07 -0.018728370543 1.01845287179 0.984570296677
-1.2872745491e-07 -0.0187116185281 1.01760718709 0.985333272093
-1.28146292585e-07 -0.0186944351187 1.01677252566 0.98608550067
-1.27565130261e-07 -0.0186746892337 1.01600392264 0.986773041277
-1.26983967936e-07 -0.0186547857717 1.01523938182 0.987456603956
-1.26402805611e-07 -0.0186323890304 1.01453970022 0.988076440743
-1.25821643287e-07 -0.0186099591506 1.01384088067 0.988695430538
-1.25240480962e-07 -0.0185852225145 1.01320262997 0.989254779249
-1.24659318637e-07 -0.0185604523907 1.01256525857 0.989813262136
-1.24078156313e-07 -0.0185336557724 1.01198161141 0.990318791232
-1.23496993988e-07 -0.0185067238416 1.01140155151 0.990820784511
-1.22915831663e-07 -0.0184781173467 1.01086633028 0.991278594446
-1.22334669339e-07 -0.0184491940839 1.01033959094 0.991728046469
-1.21753507014e-07 -0.0184189994645 1.00984724806 0.99214365995
-1.21172344689e-07 -0.0183882472098 1.00936999197 0.992544431363
-1.20591182365e-07 -0.0183566594989 1.00891558441 0.992922793996
-1.2001002004e-07 -0.0183242323352 1.00848413469 0.993278640646
-1.19428857715e-07 -0.0182914216305 1.00806329346 0.993624131217
-1.18847695391e-07 -0.0182574653127 1.00767413912 0.993938688811
-1.18266533066e-07 -0.018223508995 1.00728498478 0.994253246406
-1.17685370741e-07 -0.0181882306101 1.00693283461 0.994531908861
-1.17104208417e-07 -0.0181528825455 1.00658263476 0.994808679461
-1.16523046092e-07 -0.0181167833174 1.00625372457 0.99506496732
-1.15941883768e-07 -0.0180801725939 1.00593931133 0.995307307719
-1.15360721443e-07 -0.0180433512482 1.00563094724 0.995543887648
-1.14779559118e-07 -0.0180055987092 1.00534932742 0.995754999647
-1.14198396794e-07 -0.0179678461702 1.00506770761 0.995966111647
-1.13617234469e-07 -0.0179293554616 1.00480758911 0.996157003422
-1.13036072144e-07 -0.0178905738261 1.0045559447 0.996339926014
-1.1245490982e-07 -0.0178516146433 1.00430955016 0.9965179853
-1.11873747495e-07 -0.017811908667 1.00408523746 0.99667558871
-1.1129258517e-07 -0.0177722026908 1.00386092476 0.99683319212
-1.10711422846e-07 -0.0177319941496 1.00365171331 0.996977054104
-1.10130260521e-07 -0.0176914608244 1.00345226109 0.997112035652
-1.09549098196e-07 -0.0176509274992 1.00325280887 0.9972470172
-1.08967935872e-07 -0.0176096843413 1.00307505771 0.997362663076
-1.08386773547e-07 -0.0175684131297 1.00289816419 0.99747754478
-1.07805611222e-07 -0.0175269751951 1.00272646352 0.997587912172
-1.07224448898e-07 -0.0174850482954 1.0025699924 0.997685039995
-1.06643286573e-07 -0.0174431213956 1.00241352128 0.997782167819
-1.06062124248e-07 -0.0174009142213 1.00226595708 0.997871771346
-1.05480961924e-07 -0.0173584068594 1.0021279326 0.99795331599
-1.04899799599e-07 -0.0173158994975 1.00198990813 0.998034860634
-1.04318637275e-07 -0.0172730613459 1.00186262735 0.998107626193
-1.0373747495e-07 -0.0172300420907 1.00174122862 0.998175585303
-1.03156312625e-07 -0.0171870228355 1.00161982989 0.998243544414
-1.02575150301e-07 -0.0171436695723 1.00150953874 0.998302769852
-1.01993987976e-07 -0.0171002006687 1.00140309326 0.998358971516
-1.01412825651e-07 -0.0170567317651 1.00129664778 0.998415173179
-1.00831663327e-07 -0.0170129595213 1.00120055229 0.998463591015
-1.00250501002e-07 -0.016969097238 1.00110752895 0.998509698401
-9.96693386774e-08 -0.0169252349547 1.00101450562 0.998555805787
-9.90881763527e-08 -0.0168811226577 1.00093025421 0.998595646683
-9.85070140281e-08 -0.0168369176448 1.0008492558 0.998633163693
-9.79258517034e-08 -0.0167927126319 1.0007682574 0.998670680702
-9.73446893788e-08 -0.0167483243807 1.00069388618 0.998703736386
-9.67635270541e-08 -0.0167038220335 1.00062364149 0.998734014159
-9.61823647295e-08 -0.0166593196863 1.00055339679 0.998764291932
-9.56012024048e-08 -0.0166147069531 1.00048727839 0.998791976414
-9.50200400802e-08 -0.0165699477779 1.00042663407 0.99881622055
-9.44388777555e-08 -0.0165251886027 1.00036598975 0.998840464685
-9.38577154309e-08 -0.0164803922459 1.00030678603 0.998863872781
-9.32765531062e-08 -0.0164354122243 1.00025469836 0.998883151133
-9.26953907816e-08 -0.0163904322027 1.0002026107 0.998902429485
-9.21142284569e-08 -0.0163454521811 1.00015052303 0.998921707837
-9.15330661323e-08 -0.0163003152323 1.00010475649 0.998937642729
-9.09519038076e-08 -0.0162551461803 1.00006028308 0.998952893637
-9.0370741483e-08 -0.0162099771284 1.00001580968 0.998968144544
-8.97895791583e-08 -0.0161647415028 0.999974133104 0.998982068316
-8.92084168337e-08 -0.0161194114224 0.999936424684 0.998994109143
-8.8627254509e-08 -0.016074081342 0.999898716264 0.999006149971
-8.80460921844e-08 -0.0160287512616 0.999861007843 0.999018190798
-8.74649298597e-08 -0.0159832961078 0.99982879787 0.999027936354
-8.68837675351e-08 -0.015937829527 0.999797090242 0.999037472211
-8.63026052104e-08 -0.0158923629463 0.999765382615 0.999047008068
-8.57214428858e-08 -0.0158468575873 0.999735464998 0.999055902784
-8.51402805611e-08 -0.0158012758878 0.999709071271 0.999063535324
-8.45591182365e-08 -0.0157556941884 0.999682677545 0.999071167863
-8.39779559118e-08 -0.0157101124889 0.999656283818 0.999078800403
-8.33967935872e-08 -0.0156644657781 0.999633051995 0.999085492927
-8.28156312625e-08 -0.0156187875071 0.999611355135 0.999091729116
-8.22344689379e-08 -0.0155731092361 0.999589658275 0.999097965305
-8.16533066132e-08 -0.0155274309651 0.999567961416 0.999104201494
-8.10721442886e-08 -0.015481678308 0.999550089561 0.999109537052
-8.04909819639e-08 -0.0154359194737 0.999532535346 0.99911479782
-7.99098196393e-08 -0.0153901606393 0.99951498113 0.999120058587
-7.93286573146e-08 -0.0153443961111 0.999497737499 0.999125265491
-7.874749499e-08 -0.0152985704596 0.999483827924 0.999129894178
-7.81663326653e-08 -0.0152527448082 0.99946991835 0.999134522866
-7.75851703407e-08 -0.0152069191567 0.999456008775 0.999139151553
-7.7004008016e-08 -0.01516108487 0.999442600431 0.999143724087
-7.64228456914e-08 -0.0151152041443 0.999431887605 0.999147994635
-7.58416833667e-08 -0.0150693234185 0.999421174779 0.999152265183
-7.52605210421e-08 -0.0150234426928 0.999410461953 0.999156535731
-7.46793587174e-08 -0.0149775558371 0.999400128835 0.999160786468
-7.40981963928e-08 -0.0149316300154 0.999392209388 0.999164911272
-7.35170340681e-08 -0.0148857041937 0.999384289941 0.999169036077
-7.29358717435e-08 -0.0148397783719 0.999376370495 0.999173160882
-7.23547094188e-08 -0.0147938518003 0.999368500741 0.999177285944
-7.17735470942e-08 -0.0147478893156 0.99936301077 0.999181423344
-7.11923847695e-08 -0.014701926831 0.999357520799 0.999185560745
-7.06112224449e-08 -0.0146559643463 0.999352030828 0.999189698145
-7.00300601202e-08 -0.0146100018617 0.999346540858 0.999193835546
-6.94488977956e-08 -0.0145640154762 0.999342748384 0.999198073117
-6.88677354709e-08 -0.0145180234163 0.999339358923 0.999202334471
-6.82865731463e-08 -0.0144720313563 0.999335969463 0.999206595824
-6.77054108216e-08 -0.0144260392964 0.999332580003 0.999210857178
-6.7124248497e-08 -0.0143800354885 0.999330085829 0.999215215371
-6.65430861723e-08 -0.0143340197764 0.99932849885 0.99921967169
-6.59619238477e-08 -0.0142880040642 0.999326911872 0.99922412801
-6.5380761523e-08 -0.0142419883521 0.999325324893 0.999228584329
-6.47995991984e-08 -0.0141959710701 0.999323866295 0.999233060076
-6.42184368737e-08 -0.0141499366264 0.999323811208 0.999237748205
-6.36372745491e-08 -0.0141039021826 0.999323756122 0.999242436335
-6.30561122244e-08 -0.0140578677389 0.999323701036 0.999247124464
-6.24749498998e-08 -0.0140118332951 0.999323645949 0.999251812593
-6.18937875752e-08 -0.0139657905331 0.999324319962 0.999256636927
-6.13126252505e-08 -0.0139197414206 0.999325550597 0.999261565245
-6.07314629259e-08 -0.0138736923082 0.999326781233 0.999266493563
-6.01503006012e-08 -0.0138276431957 0.999328011868 0.999271421881
-5.95691382766e-08 -0.0137815940832 0.999329242504 0.999276350199
-5.89879759519e-08 -0.013735534269 0.999331475156 0.999281491236
-5.84068136273e-08 -0.0136894738206 0.999333767183 0.999286644878
-5.78256513026e-08 -0.0136434133723 0.99933605921 0.999291798519
-5.7244488978e-08 -0.0135973529239 0.999338351238 0.999296952161
-5.66633266533e-08 -0.0135512906457 0.999340825114 0.999302146548
-5.60821643287e-08 -0.0135052215767 0.999343973867 0.999307492146
-5.5501002004e-08 -0.0134591525077 0.99934712262 0.999312837744
-5.49198396794e-08 -0.0134130834387 0.999350271373 0.999318183342
-5.43386773547e-08 -0.0133670143697 0.999353420126 0.99932352894
-5.37575150301e-08 -0.0133209429291 0.99935681615 0.999328927819
-5.31763527054e-08 -0.0132748674348 0.999360634804 0.999334417765
-5.25951903808e-08 -0.0132287919406 0.999364453457 0.99933990771
-5.20140280561e-08 -0.0131827164463 0.999368272111 0.999345397656
-5.14328657315e-08 -0.013136640952 0.999372090764 0.999350887601
-5.08517034068e-08 -0.0130905635357 0.999376115175 0.999356413098
-5.02705410822e-08 -0.0130444833764 0.99938043323 0.99936198933
-4.96893787575e-08 -0.0129984032171 0.999384751284 0.999367565563
-4.91082164329e-08 -0.0129523230578 0.999389069338 0.999373141795
-4.85270541082e-08 -0.0129062428985 0.999393387392 0.999378718027
-4.79458917836e-08 -0.0128601616339 0.999397821796 0.999384301399
-4.73647294589e-08 -0.0128140782072 0.99940248382 0.999389898736
-4.67835671343e-08 -0.0127679947805 0.999407145843 0.999395496074
-4.62024048096e-08 -0.0127219113538 0.999411807866 0.999401093412
-4.5621242485e-08 -0.012675827927 0.999416469889 0.99940669075
-4.50400801603e-08 -0.0126297441854 0.999421161306 0.999412281077
-4.44589178357e-08 -0.0125836585883 0.999426025885 0.999417830102
-4.3877755511e-08 -0.0125375729913 0.999430890463 0.999423379128
-4.32965931864e-08 -0.0124914873942 0.999435755042 0.999428928154
-4.27154308617e-08 -0.0124454017972 0.999440619621 0.99943447718
-4.21342685371e-08 -0.0123993162001 0.999445484199 0.999440026206
-4.15531062124e-08 -0.0123532295066 0.999450410407 0.999445476068
-4.09719438878e-08 -0.0123071425882 0.999455349257 0.999450905587
-4.03907815631e-08 -0.0122610556697 0.999460288108 0.999456335106
-3.98096192385e-08 -0.0122149687513 0.999465226959 0.999461764625
-3.92284569138e-08 -0.0121688818328 0.999470165809 0.999467194143
-3.86472945892e-08 -0.012122794651 0.999475088444 0.99947254952
-3.80661322645e-08 -0.0120767070559 0.999479985647 0.999477788612
-3.74849699399e-08 -0.0120306194609 0.999484882849 0.999483027704
-3.69038076152e-08 -0.0119845318659 0.999489780052 0.999488266797
-3.63226452906e-08 -0.0119384442709 0.999494677254 0.999493505889
-3.57414829659e-08 -0.0118923566759 0.999499574457 0.999498744982
-3.51603206413e-08 -0.0118462689175 0.999504351893 0.999503771131
-3.45791583166e-08 -0.0118001811234 0.999509103202 0.999508750826
-3.3997995992e-08 -0.0117540933293 0.999513854512 0.999513730521
-3.34168336673e-08 -0.0117080055352 0.999518605821 0.999518710216
-3.28356713427e-08 -0.0116619177411 0.99952335713 0.999523689911
-3.2254509018e-08 -0.0116158299642 0.999528079402 0.999528630125
-3.16733466934e-08 -0.0115697423115 0.999532591613 0.999533284721
-3.10921843687e-08 -0.0115236546589 0.999537103824 0.999537939316
-3.05110220441e-08 -0.0114775670063 0.999541616036 0.999542593912
-2.99298597194e-08 -0.0114314793537 0.999546128247 0.999547248508
-2.93486973948e-08 -0.0113853917011 0.999550640459 0.999551903104
-2.87675350701e-08 -0.0113393041551 0.999555060016 0.999556446434
-2.81863727455e-08 -0.0112932168728 0.999559250359 0.999560714506
-2.76052104208e-08 -0.0112471295905 0.999563440701 0.999564982578
-2.70240480962e-08 -0.0112010423082 0.999567631044 0.99956925065
-2.64428857715e-08 -0.011154955026 0.999571821387 0.999573518722
-2.58617234469e-08 -0.0111088677437 0.999576011729 0.999577786794
-2.52805611222e-08 -0.0110627806225 0.999580076918 0.999581914449
-2.46993987976e-08 -0.0110166938482 0.999583872466 0.999585739577
-2.41182364729e-08 -0.010970607074 0.999587668014 0.999589564706
-2.35370741483e-08 -0.0109245202997 0.999591463561 0.999593389834
-2.29559118236e-08 -0.0108784335255 0.999595259109 0.999597214963
-2.2374749499e-08 -0.0108323467513 0.999599054657 0.999601040091
-2.17935871743e-08 -0.0107862600945 0.999602755921 0.999604763656
-2.12124248497e-08 -0.0107401738917 0.999606093017 0.99960809493
-2.0631262525e-08 -0.0106940876888 0.999609430112 0.999611426204
-2.00501002004e-08 -0.010648001486 0.999612767208 0.999614757478
-1.94689378758e-08 -0.0106019152832 0.999616104304 0.999618088751
-1.88877755511e-08 -0.0105558290803 0.999619441399 0.999621420025
-1.83066132265e-08 -0.0105097428775 0.999622778495 0.999624751299
-1.77254509018e-08 -0.0104636572205 0.999625627617 0.999627570323
-1.71442885772e-08 -0.0104175715919 0.999628451325 0.999630362668
-1.65631262525e-08 -0.0103714859633 0.999631275033 0.999633155013
-1.59819639279e-08 -0.0103254003347 0.99963409874 0.999635947358
-1.54008016032e-08 -0.0102793147061 0.999636922448 0.999638739703
-1.48196392786e-08 -0.0102332290775 0.999639746156 0.999641532048
-1.42384769539e-08 -0.0101871437383 0.999642262848 0.999644007599
-1.36573146293e-08 -0.0101410586376 0.999644526457 0.999646222006
-1.30761523046e-08 -0.0100949735369 0.999646790066 0.999648436412
-1.249498998e-08 -0.0100488884362 0.999649053676 0.999650650819
-1.19138276553e-08 -0.0100028033356 0.999651317285 0.999652865226
-1.13326653307e-08 -0.0099567182349 0.999653580894 0.999655079633
-1.0751503006e-08 -0.00991063313423 0.999655844503 0.999657294039
-1.01703406814e-08 -0.00986454847342 0.999657512035 0.999658900732
-9.58917835671e-09 -0.00981846381477 0.999659176656 0.999660504458
-9.00801603206e-09 -0.00977237915611 0.999660841277 0.999662108184
-8.42685370741e-09 -0.00972629449746 0.999662505899 0.99966371191
-7.84569138277e-09 -0.0096802098388 0.99966417052 0.999665315636
-7.26452905812e-09 -0.00963412518015 0.999665835141 0.999666919363
-6.68336673347e-09 -0.00958804061505 0.999667318271 0.999668339707
-6.10220440882e-09 -0.00954195628131 0.999668352582 0.999669306557
-5.52104208417e-09 -0.00949587194757 0.999669386892 0.999670273407
-4.93987975952e-09 -0.00944978761383 0.999670421202 0.999671240257
-4.35871743487e-09 -0.00940370328009 0.999671455512 0.999672207107
-3.77755511022e-09 -0.00935761894635 0.999672489822 0.999673173958
-3.19639278557e-09 -0.00931153461261 0.999673524132 0.999674140808
-2.61523046092e-09 -0.00926545035693 0.999674281817 0.999674830208
-2.03406813627e-09 -0.00921936620779 0.999674662028 0.999675141006
-1.45290581162e-09 -0.00917328205864 0.999675042238 0.999675451805
-8.71743486974e-10 -0.0091271979095 0.999675422449 0.999675762604
-2.90581162324e-10 -0.00908111376035 0.999675802659 0.999676073402
2.90581162325e-10 -0.0090350296112 0.99967618287 0.999676384201
8.71743486974e-10 -0.00898894546206 0.99967656308 0.999676695
1.45290581162e-09 -0.00894286132458 0.999676677716 0.999676741284
2.03406813627e-09 -0.00889677720487 0.999676387853 0.999676384688
2.61523046092e-09 -0.00885069308517 0.999676097991 0.999676028092
3.19639278557e-09 -0.00880460896546 0.999675808129 0.999675671496
3.77755511022e-09 -0.00875852484575 0.999675518267 0.9996753149
4.35871743487e-09 -0.00871244072605 0.999675228405 0.999674958304
4.93987975952e-09 -0.00866635660634 0.999674938542 0.999674601708
5.52104208417e-09 -0.00862027245995 0.999674510176 0.999674108234
6.10220440882e-09 -0.00857418820973 0.999673542783 0.99967308206
6.68336673347e-09 -0.0085281039595 0.999672575389 0.999672055886
7.26452905812e-09 -0.00848201970928 0.999671607996 0.999671029712
7.84569138277e-09 -0.00843593545905 0.999670640602 0.999670003538
8.42685370742e-09 -0.00838985120883 0.999669673208 0.999668977364
9.00801603206e-09 -0.0083437669586 0.999668705815 0.99966795119
9.58917835671e-09 -0.00829768270838 0.999667738421 0.999666925016
1.01703406814e-08 -0.0082515982205 0.999666201607 0.999665341825
1.0751503006e-08 -0.00820551368845 0.999664558966 0.999663655111
1.13326653307e-08 -0.0081594291564 0.999662916325 0.999661968398
1.19138276553e-08 -0.00811334462435 0.999661273685 0.999660281685
1.249498998e-08 -0.0080672600923 0.999659631044 0.999658594972
1.30761523046e-08 -0.00802117556025 0.999657988403 0.999656908259
1.36573146293e-08 -0.0079750910282 0.999656345763 0.999655221545
1.42384769539e-08 -0.00792900637107 0.999654498818 0.999653337988
1.48196392786e-08 -0.00788292143412 0.99965219482 0.999651014063
1.54008016032e-08 -0.00783683649717 0.999649890822 0.999648690139
1.59819639279e-08 -0.00779075156023 0.999647586823 0.999646366215
1.65631262525e-08 -0.00774466662328 0.999645282825 0.99964404229
1.71442885772e-08 -0.00769858168633 0.999642978827 0.999641718366
1.77254509018e-08 -0.00765249674938 0.999640674828 0.999639394441
1.83066132265e-08 -0.00760641181244 0.99963837083 0.999637070517
1.88877755511e-08 -0.00756032659503 0.999635688593 0.999634391116
1.94689378758e-08 -0.0075142411885 0.999632751307 0.999631472014
2.00501002004e-08 -0.00746815578198 0.99962981402 0.999628552912
2.06312625251e-08 -0.00742207037545 0.999626876734 0.99962563381
2.12124248497e-08 -0.00737598496893 0.999623939448 0.999622714708
2.17935871743e-08 -0.0073298995624 0.999621002162 0.999619795606
2.2374749499e-08 -0.00728381415588 0.999618064875 0.999616876504
2.29559118236e-08 -0.00723772874936 0.999615127589 0.999613957402
2.35370741483e-08 -0.00719164304153 0.999611776437 0.999610666351
2.41182364729e-08 -0.00714555720711 0.999608251395 0.999607219021
2.46993987976e-08 -0.00709947137268 0.999604726353 0.999603771692
2.52805611222e-08 -0.00705338553826 0.999601201311 0.999600324362
2.58617234469e-08 -0.00700729970384 0.999597676269 0.999596877033
2.64428857715e-08 -0.00696121386941 0.999594151227 0.999593429703
2.70240480962e-08 -0.00691512803499 0.999590626186 0.999589982374
2.76052104208e-08 -0.00686904220057 0.999587101144 0.999586535044
2.81863727455e-08 -0.00682295623989 0.999583250363 0.999582820236
2.87675350701e-08 -0.00677687020357 0.999579204387 0.999578945144
2.93486973948e-08 -0.00673078416724 0.999575158411 0.999575070051
2.99298597194e-08 -0.00668469813091 0.999571112435 0.999571194959
3.05110220441e-08 -0.00663861209458 0.999567066459 0.999567319866
3.10921843687e-08 -0.00659252605825 0.999563020482 0.999563444774
3.16733466934e-08 -0.00654644002192 0.999558974506 0.999559569681
3.2254509018e-08 -0.00650035398559 0.99955492853 0.999555694589
3.28356713427e-08 -0.00645426806941 0.999550729709 0.999551719019
3.34168336673e-08 -0.00640818237023 0.999546254809 0.999547561961
3.3997995992e-08 -0.00636209667104 0.999541779908 0.999543404903
3.45791583166e-08 -0.00631601097186 0.999537305008 0.999539247844
3.51603206413e-08 -0.00626992527268 0.999532830107 0.999535090786
3.57414829659e-08 -0.0062238395735 0.999528355207 0.999530933728
3.63226452906e-08 -0.00617775387432 0.999523880306 0.999526776669
3.69038076152e-08 -0.00613166817514 0.999519405405 0.999522619611
3.74849699399e-08 -0.00608558247596 0.999514930505 0.999518462552
3.80661322645e-08 -0.00603949803092 0.999510179906 0.99951423891
3.86472945892e-08 -0.00599341373644 0.999505396209 0.999510007274
3.92284569138e-08 -0.00594732944197 0.999500612511 0.999505775638
3.98096192385e-08 -0.00590124514749 0.999495828814 0.999501544002
4.03907815631e-08 -0.00585516085302 0.999491045116 0.999497312365
4.09719438878e-08 -0.00580907655854 0.999486261418 0.999493080729
4.15531062124e-08 -0.00576299226407 0.999481477721 0.999488849093
4.21342685371e-08 -0.00571690796959 0.999476694023 0.999484617457
4.27154308617e-08 -0.0056708244497 0.999471873355 0.999480435759
4.32965931864e-08 -0.00562474352109 0.999466929006 0.999476421123
4.3877755511e-08 -0.00557866259248 0.999461984656 0.999472406487
4.44589178357e-08 -0.00553258166387 0.999457040306 0.999468391851
4.50400801603e-08 -0.00548650073526 0.999452095957 0.999464377215
4.5621242485e-08 -0.00544041980665 0.999447151607 0.999460362579
4.62024048096e-08 -0.00539433887804 0.999442207257 0.999456347943
4.67835671343e-08 -0.00534825794943 0.999437262908 0.999452333307
4.73647294589e-08 -0.00530217702082 0.999432318558 0.999448318671
4.79458917836e-08 -0.0052560985817 0.999427377301 0.99944453122
4.85270541082e-08 -0.00521002449986 0.999422441457 0.999441141402
4.91082164329e-08 -0.00516395041801 0.999417505613 0.999437751585
4.96893787575e-08 -0.00511787633617 0.999412569769 0.999434361768
5.02705410822e-08 -0.00507180225432 0.999407633925 0.99943097195
5.08517034068e-08 -0.00502572817248 0.999402698081 0.999427582133
5.14328657315e-08 -0.00497965409063 0.999397762237 0.999424192316
5.20140280561e-08 -0.00493358000879 0.999392826393 0.999420802498
5.25951903808e-08 -0.00488750592694 0.999387890549 0.999417412681
5.31763527054e-08 -0.00484143557569 0.999383005956 0.999414367747
5.37575150301e-08 -0.00479537442776 0.999378247801 0.999412173635
5.43386773547e-08 -0.00474931327983 0.999373489646 0.999409979522
5.49198396794e-08 -0.0047032521319 0.999368731491 0.99940778541
5.5501002004e-08 -0.00465719098396 0.999363973336 0.999405591298
5.60821643287e-08 -0.00461112983603 0.999359215181 0.999403397186
5.66633266533e-08 -0.0045650686881 0.999354457026 0.999401203073
5.7244488978e-08 -0.00451900754017 0.999349698871 0.999399008961
5.78256513026e-08 -0.00447294639224 0.999344940716 0.999396814849
5.84068136273e-08 -0.00442688524431 0.999340182561 0.999394620736
5.89879759519e-08 -0.00438084762424 0.99933572351 0.99939442675
5.95691382766e-08 -0.00433481001072 0.999331264544 0.999394233322
6.01503006012e-08 -0.00428877239721 0.999326805577 0.999394039893
6.07314629259e-08 -0.0042427347837 0.99932234661 0.999393846465
6.13126252505e-08 -0.00419669717019 0.999317887643 0.999393653036
6.18937875752e-08 -0.00415065955667 0.999313428677 0.999393459607
6.24749498998e-08 -0.00410462194316 0.99930896971 0.999393266179
6.30561122244e-08 -0.00405858432965 0.999304510743 0.99939307275
6.36372745491e-08 -0.00401254671614 0.999300051776 0.999392879322
6.42184368737e-08 -0.00396652980088 0.999295728627 0.999394238053
6.47995991984e-08 -0.00392053421983 0.999291545469 0.999397196635
6.5380761523e-08 -0.00387453863879 0.999287362311 0.999400155218
6.59619238477e-08 -0.00382854305775 0.999283179153 0.9994031138
6.65430861723e-08 -0.00378254747671 0.999278995995 0.999406072382
6.7124248497e-08 -0.00373655189566 0.999274812837 0.999409030965
6.77054108216e-08 -0.00369055631462 0.999270629679 0.999411989547
6.82865731463e-08 -0.00364456073358 0.999266446521 0.999414948129
6.88677354709e-08 -0.00359856515254 0.999262263363 0.999417906712
6.94488977956e-08 -0.00355256957149 0.999258080205 0.999420865294
7.00300601202e-08 -0.00350663071407 0.999253836391 0.999427504949
7.06112224449e-08 -0.00346070962899 0.999249573573 0.999435297939
7.11923847695e-08 -0.00341478854392 0.999245310754 0.999443090929
7.17735470942e-08 -0.00336886745884 0.999241047935 0.999450883918
7.23547094188e-08 -0.00332294637376 0.999236785117 0.999458676908
7.29358717435e-08 -0.00327702528869 0.999232522298 0.999466469898
7.35170340681e-08 -0.00323110420361 0.999228259479 0.999474262887
7.40981963928e-08 -0.00318518311853 0.999223996661 0.999482055877
7.46793587174e-08 -0.00313926203346 0.999219733842 0.999489848866
7.52605210421e-08 -0.00309334094838 0.999215471023 0.999497641856
7.58416833667e-08 -0.00304752558249 0.999210313337 0.9995113357
7.64228456914e-08 -0.0030017364075 0.999204933955 0.999526491423
7.7004008016e-08 -0.00295594723251 0.999199554574 0.999541647145
7.75851703407e-08 -0.00291015805751 0.999194175193 0.999556802868
7.81663326653e-08 -0.00286436888252 0.999188795811 0.99957195859
7.874749499e-08 -0.00281857970752 0.99918341643 0.999587114313
7.93286573146e-08 -0.00277279053253 0.999178037049 0.999602270036
7.99098196393e-08 -0.00272700135754 0.999172657667 0.999617425758
8.04909819639e-08 -0.00268121218254 0.999167278286 0.999632581481
8.10721442886e-08 -0.00263542300755 0.999161898905 0.999647737204
8.16533066132e-08 -0.00258977609859 0.999154410137 0.999669746273
8.22344689379e-08 -0.00254422126179 0.999145556209 0.999696190712
8.28156312625e-08 -0.00249866642499 0.999136702282 0.999722635151
8.33967935872e-08 -0.00245311158818 0.999127848355 0.999749079591
8.39779559118e-08 -0.00240755675138 0.999118994428 0.99977552403
8.45591182365e-08 -0.00236200191458 0.999110140501 0.999801968469
8.51402805611e-08 -0.00231644707777 0.999101286574 0.999828412908
8.57214428858e-08 -0.00227089224097 0.999092432647 0.999854857347
8.63026052104e-08 -0.00222533740417 0.99908357872 0.999881301786
8.68837675351e-08 -0.00217978256736 0.999074724793 0.999907746225
8.74649298597e-08 -0.00213430011004 0.99906443427 0.999937232716
8.80460921844e-08 -0.00208916398616 0.999047269681 0.999981275326
8.8627254509e-08 -0.00204402786227 0.999030105093 1.00002531794
8.92084168337e-08 -0.00199889173839 0.999012940504 1.00006936055
8.97895791583e-08 -0.00195375561451 0.998995775915 1.00011340316
9.0370741483e-08 -0.00190861949063 0.998978611326 1.00015744577
9.09519038076e-08 -0.00186348336675 0.998961446738 1.00020148838
9.15330661323e-08 -0.00181834724287 0.998944282149 1.00024553099
9.21142284569e-08 -0.00177321111899 0.99892711756 1.0002895736
9.26953907816e-08 -0.00172807499511 0.998909952972 1.00033361621
9.32765531062e-08 -0.00168293887123 0.998892788383 1.00037765882
9.38577154309e-08 -0.00163817428541 0.998866896739 1.00043554446
9.44388777555e-08 -0.00159379163819 0.998832033743 1.00050766066
9.50200400802e-08 -0.00154940899096 0.998797170747 1.00057977685
9.56012024048e-08 -0.00150502634374 0.99876230775 1.00065189305
9.61823647295e-08 -0.00146064369652 0.998727444754 1.00072400924
9.67635270541e-08 -0.00141626104929 0.998692581758 1.00079612544
9.73446893788e-08 -0.00137187840207 0.998657718762 1.00086824163
9.79258517034e-08 -0.00132749575485 0.998622855765 1.00094035783
9.85070140281e-08 -0.00128311310762 0.998587992769 1.00101247402
9.90881763527e-08 -0.0012387304604 0.998553129773 1.00108459022
9.96693386774e-08 -0.00119434781318 0.998518266776 1.00115670641
1.00250501002e-07 -0.00115073297246 0.998463555088 1.00125465065
1.00831663327e-07 -0.00110771645834 0.99839337596 1.00137272185
1.01412825651e-07 -0.00106469994422 0.998323196832 1.00149079305
1.01993987976e-07 -0.00102168343011 0.998253017704 1.00160886425
1.02575150301e-07 -0.000978666915991 0.998182838576 1.00172693544
1.03156312625e-07 -0.000935650401875 0.998112659448 1.00184500664
1.0373747495e-07 -0.000892633887759 0.99804248032 1.00196307784
1.04318637275e-07 -0.000849617373643 0.997972301192 1.00208114904
1.04899799599e-07 -0.000806600859527 0.997902122064 1.00219922023
1.05480961924e-07 -0.000763584345411 0.997831942936 1.00231729143
1.06062124248e-07 -0.000720567831295 0.997761763808 1.00243536263
1.06643286573e-07 -0.000678483805342 0.997666323371 1.00258226008
1.07224448898e-07 -0.000637962305765 0.997528553753 1.00277746034
1.07805611222e-07 -0.000597440806188 0.997390784135 1.00297266059
1.08386773547e-07 -0.00055691930661 0.997253014517 1.00316786084
1.08967935872e-07 -0.000516397807033 0.997115244899 1.00336306109
1.09549098196e-07 -0.000475876307456 0.996977475281 1.00355826134
1.10130260521e-07 -0.000435354807878 0.996839705663 1.00375346159
1.10711422846e-07 -0.000394833308301 0.996701936045 1.00394866184
1.1129258517e-07 -0.000354311808724 0.996564166427 1.0041438621
1.11873747495e-07 -0.000313790309146 0.996426396809 1.00433906235
1.1245490982e-07 -0.000273268809569 0.996288627191 1.0045342626
1.13036072144e-07 -0.000232747309992 0.996150857574 1.00472946285
1.13617234469e-07 -0.000196454887382 0.995897401132 1.00504660121
1.14198396794e-07 -0.00016051934275 0.995634182258 1.00537402953
1.14779559118e-07 -0.000124583798117 0.995370963384 1.00570145784
1.15360721443e-07 -8.86482534844e-05 0.99510774451 1.00602888616
1.15941883768e-07 -5.27127088518e-05 0.994844525636 1.00635631448
1.16523046092e-07 -1.67771642192e-05 0.994581306762 1.00668374279
1.17104208417e-07 1.91583804134e-05 0.994318087888 1.00701117111
1.17685370741e-07 5.5093925046e-05 0.994054869014 1.00733859943
1.18266533066e-07 9.10294696786e-05 0.993791650141 1.00766602775
1.18847695391e-07 0.000126965014311 0.993528431267 1.00799345606
1.19428857715e-07 0.000162900558944 0.993265212393 1.00832088438
1.2001002004e-07 0.000197132249031 0.992956427413 1.00869462527
1.20591182365e-07 0.00022459735147 0.992466683887 1.00925228918
1.21172344689e-07 0.00025206245391 0.99197694036 1.0098099531
1.21753507014e-07 0.000279527556349 0.991487196833 1.01036761702
1.22334669339e-07 0.000306992658788 0.990997453306 1.01092528093
1.22915831663e-07 0.000334457761227 0.990507709779 1.01148294485
1.23496993988e-07 0.000361922863666 0.990017966252 1.01204060876
1.24078156313e-07 0.000389387966105 0.989528222725 1.01259827268
1.24659318637e-07 0.000416853068544 0.989038479198 1.0131559366
1.25240480962e-07 0.000444318170983 0.988548735671 1.01371360051
1.25821643287e-07 0.000471783273422 0.988058992144 1.01427126443
1.26402805611e-07 0.000499248375861 0.987569248617 1.01482892834
1.26983967936e-07 0.000523508602249 0.986998540821 1.01546922217
1.27565130261e-07 0.000535287975483 0.986112531233 1.01643130433
1.28146292585e-07 0.000547067348716 0.985226521646 1.0173933865
1.2872745491e-07 0.000558846721949 0.984340512059 1.01835546866
1.29308617234e-07 0.000570626095183 0.983454502472 1.01931755082
1.29889779559e-07 0.000582405468416 0.982568492884 1.02027963299
1.30470941884e-07 0.000594184841649 0.981682483297 1.02124171515
1.31052104208e-07 0.000605964214883 0.98079647371 1.02220379732
1.31633266533e-07 0.000617743588116 0.979910464123 1.02316587948
1.32214428858e-07 0.00062952296135 0.979024454536 1.02412796164
1.32795591182e-07 0.000641302334583 0.978138444948 1.02509004381
1.33376753507e-07 0.000653081707816 0.977252435361 1.02605212597
1.33957915832e-07 0.00066486108105 0.976366425774 1.02701420814
1.34539078156e-07 0.000649788284473 0.974868019338 1.02863436447
1.35120240481e-07 0.000632544094376 0.973320091595 1.0303077358
1.35701402806e-07 0.000615299904278 0.971772163853 1.03198110713
1.3628256513e-07 0.00059805571418 0.97022423611 1.03365447845
1.36863727455e-07 0.000580811524082 0.968676308367 1.03532784978
1.3744488978e-07 0.000563567333984 0.967128380624 1.0370012211
1.38026052104e-07 0.000546323143886 0.965580452881 1.03867459243
1.38607214429e-07 0.000529078953788 0.964032525138 1.04034796376
1.39188376754e-07 0.00051183476369 0.962484597396 1.04202133508
1.39769539078e-07 0.000494590573592 0.960936669653 1.04369470641
1.40350701403e-07 0.000477346383494 0.95938874191 1.04536807774
1.40931863727e-07 0.000460102193396 0.957840814167 1.04704144906
1.41513026052e-07 0.000423792553096 0.955920144882 1.04914881086
1.42094188377e-07 0.000353160460913 0.953328450075 1.05203746115
1.42675350701e-07 0.00028252836873 0.950736755268 1.05492611144
1.43256513026e-07 0.000211896276548 0.948145060461 1.05781476173
1.43837675351e-07 0.000141264184365 0.945553365655 1.06070341203
1.44418837675e-07 7.06320921826e-05 0.942961670848 1.06359206232
1.45e-07 0 0.940369976041 1.06648071261
