-1.45e-07 0 	0 	-732019.263866 	
-1.44418837675e-07 0 	0 	-690214.842406 	
-1.43837675351e-07 0 	0 	-649682.716417 	
-1.43256513026e-07 0 	0 	-612017.995617 	
-1.42675350701e-07 0 	0 	-576582.436619 	
-1.42094188377e-07 0 	0 	-542985.116259 	
-1.41513026052e-07 0 	0 	-511091.368703 	
-1.40931863727e-07 0 	0 	-481695.657164 	
-1.40350701403e-07 0 	0 	-453810.096319 	
-1.39769539078e-07 0 	0 	-427243.567329 	
-1.39188376754e-07 0 	0 	-402545.734135 	
-1.38607214429e-07 0 	0 	-379331.340132 	
-1.38026052104e-07 0 	0 	-357123.404732 	
-1.3744488978e-07 0 	0 	-336531.830309 	
-1.36863727455e-07 0 	0 	-317113.18169 	
-1.3628256513e-07 0 	0 	-298452.848979 	
-1.35701402806e-07 0 	0 	-281425.072313 	
-1.35120240481e-07 0 	0 	-265076.106484 	
-1.34539078156e-07 0 	0 	-249641.752676 	
-1.33957915832e-07 0 	0 	-235335.608281 	
-1.33376753507e-07 0 	0 	-221464.193657 	
-1.32795591182e-07 0 	0 	-208868.954862 	
-1.32214428858e-07 0 	0 	-196680.442156 	
-1.31633266533e-07 0 	0 	-185342.3664 	
-1.31052104208e-07 0 	0 	-174631.111127 	
-1.30470941884e-07 0 	0 	-164449.456052 	
-1.29889779559e-07 0 	0 	-155030.414016 	
-1.29308617234e-07 0 	0 	-145909.973657 	
-1.2872745491e-07 0 	0 	-137617.505321 	
-1.28146292585e-07 0 	0 	-129468.516776 	
-1.27565130261e-07 0 	0 	-122155.16977 	
-1.26983967936e-07 0 	0 	-114893.209791 	
-1.26402805611e-07 0 	0 	-108428.484199 	
-1.25821643287e-07 0 	0 	-101974.354789 	
-1.25240480962e-07 0 	0 	-96243.4579573 	
-1.24659318637e-07 0 	0 	-90523.0604848 	
-1.24078156313e-07 0 	0 	-85425.6596426 	
-1.23496993988e-07 0 	0 	-80369.8573635 	
-1.22915831663e-07 0 	0 	-75818.8393987 	
-1.22334669339e-07 0 	0 	-71363.3086146 	
-1.21753507014e-07 0 	0 	-67283.5569161 	
-1.21172344689e-07 0 	0 	-63368.6272965 	
-1.20591182365e-07 0 	0 	-59695.8257384 	
-1.2001002004e-07 0 	0 	-56266.3105977 	
-1.19428857715e-07 0 	0 	-52945.7845034 	
-1.18847695391e-07 0 	0 	-49950.802033 	
-1.18266533066e-07 0 	0 	-46955.8195626 	
-1.17685370741e-07 0 	0 	-44329.1920333 	
-1.17104208417e-07 0 	0 	-41721.9786703 	
-1.16523046092e-07 0 	0 	-39319.9666664 	
-1.15941883768e-07 0 	0 	-37057.6839057 	
-1.15360721443e-07 0 	0 	-34851.8132529 	
-1.14779559118e-07 0 	0 	-32895.3492806 	
-1.14198396794e-07 0 	0 	-30938.8853082 	
-1.13617234469e-07 0 	0 	-29176.2581168 	
-1.13036072144e-07 0 	0 	-27490.0257731 	
-1.1245490982e-07 0 	0 	-25849.5016867 	
-1.11873747495e-07 0 	0 	-24401.2341917 	
-1.1129258517e-07 0 	0 	-22952.9666967 	
-1.10711422846e-07 0 	0 	-21631.5408668 	
-1.10130260521e-07 0 	0 	-20392.0868189 	
-1.09549098196e-07 0 	0 	-19152.632771 	
-1.08967935872e-07 0 	0 	-18088.8106391 	
-1.08386773547e-07 0 	0 	-17031.9297275 	
-1.07805611222e-07 0 	0 	-16015.4886436 	
-1.07224448898e-07 0 	0 	-15117.6494447 	
-1.06643286573e-07 0 	0 	-14219.8102457 	
-1.06062124248e-07 0 	0 	-13388.6138191 	
-1.05480961924e-07 0 	0 	-12628.7949964 	
-1.04899799599e-07 0 	0 	-11868.9761738 	
-1.04318637275e-07 0 	0 	-11186.2596678 	
-1.0373747495e-07 0 	0 	-10545.755784 	
-1.03156312625e-07 0 	0 	-9905.25190015 	
-1.02575150301e-07 0 	0 	-9341.06310297 	
-1.01993987976e-07 0 	0 	-8803.29614013 	
-1.01412825651e-07 0 	0 	-8265.52917729 	
-1.00831663327e-07 0 	0 	-7795.70072783 	
-1.00250501002e-07 0 	0 	-7346.03826993 	
-9.96693386774e-08 0 	0 	-6896.37581202 	
-9.90881763527e-08 0 	0 	-6501.60175763 	
-9.85070140281e-08 0 	0 	-6127.18271132 	
-9.79258517034e-08 0 	0 	-5752.76366502 	
-9.73446893788e-08 0 	0 	-5417.77824708 	
-9.67635270541e-08 0 	0 	-5107.34677052 	
-9.61823647295e-08 0 	0 	-4796.91529397 	
-9.56012024048e-08 0 	0 	-4509.77054811 	
-9.50200400802e-08 0 	0 	-4253.51877291 	
-9.44388777555e-08 0 	0 	-3997.26699772 	
-9.38577154309e-08 0 	0 	-3748.70451696 	
-9.32765531062e-08 0 	0 	-3538.12448778 	
-9.26953907816e-08 0 	0 	-3327.5444586 	
-9.21142284569e-08 0 	0 	-3116.96442942 	
-9.15330661323e-08 0 	0 	-2938.20075564 	
-9.09519038076e-08 0 	0 	-2765.94586377 	
-9.0370741483e-08 0 	0 	-2593.6909719 	
-8.97895791583e-08 0 	0 	-2434.67031405 	
-8.92084168337e-08 0 	0 	-2294.4264192 	
-8.8627254509e-08 0 	0 	-2154.18252436 	
-8.80460921844e-08 0 	0 	-2013.93862952 	
-8.74649298597e-08 0 	0 	-1898.07725165 	
-8.68837675351e-08 0 	0 	-1784.44349723 	
-8.63026052104e-08 0 	0 	-1670.80974281 	
-8.57214428858e-08 0 	0 	-1564.59117098 	
-8.51402805611e-08 0 	0 	-1472.97044273 	
-8.45591182365e-08 0 	0 	-1381.34971448 	
-8.39779559118e-08 0 	0 	-1289.72898623 	
-8.33967935872e-08 0 	0 	-1210.30625448 	
-8.28156312625e-08 0 	0 	-1136.80510582 	
-8.22344689379e-08 0 	0 	-1063.30395716 	
-8.16533066132e-08 0 	0 	-989.8028085 	
-8.10721442886e-08 0 	0 	-930.00279762 	
-8.04909819639e-08 0 	0 	-871.34056831 	
-7.99098196393e-08 0 	0 	-812.678339001 	
-7.93286573146e-08 0 	0 	-755.046293975 	
-7.874749499e-08 0 	0 	-708.473088597 	
-7.81663326653e-08 0 	0 	-661.89988322 	
-7.75851703407e-08 0 	0 	-615.326677843 	
-7.7004008016e-08 0 	0 	-570.289475428 	
-7.64228456914e-08 0 	0 	-533.512588844 	
-7.58416833667e-08 0 	0 	-496.73570226 	
-7.52605210421e-08 0 	0 	-459.958815676 	
-7.46793587174e-08 0 	0 	-424.255138275 	
-7.40981963928e-08 0 	0 	-395.3734729 	
-7.35170340681e-08 0 	0 	-366.491807525 	
-7.29358717435e-08 0 	0 	-337.610142151 	
-7.23547094188e-08 0 	0 	-308.857902636 	
-7.17735470942e-08 0 	0 	-286.303866 	
-7.11923847695e-08 0 	0 	-263.749829364 	
-7.06112224449e-08 0 	0 	-241.195792728 	
-7.00300601202e-08 0 	0 	-218.641756092 	
-6.94488977956e-08 0 	0 	-200.162666082 	
-6.88677354709e-08 0 	0 	-182.651035916 	
-6.82865731463e-08 0 	0 	-165.139405749 	
-6.77054108216e-08 0 	0 	-147.627775582 	
-6.7124248497e-08 0 	0 	-132.10036437 	
-6.65430861723e-08 0 	0 	-118.583567308 	
-6.59619238477e-08 0 	0 	-105.066770246 	
-6.5380761523e-08 0 	0 	-91.5499731834 	
-6.47995991984e-08 0 	0 	-78.2968305391 	
-6.42184368737e-08 0 	0 	-67.9260870175 	
-6.36372745491e-08 0 	0 	-57.5553434959 	
-6.30561122244e-08 0 	0 	-47.1845999744 	
-6.24749498998e-08 0 	0 	-36.8138564528 	
-6.18937875752e-08 0 	0 	-27.8395498824 	
-6.13126252505e-08 0 	0 	-19.9313391747 	
-6.07314629259e-08 0 	0 	-12.0231284669 	
-6.01503006012e-08 0 	0 	-4.11491775919 	
-5.95691382766e-08 0 	0 	3.79329294854 	
-5.89879759519e-08 0 	0 	9.89313703026 	
-5.84068136273e-08 0 	0 	15.8858243658 	
-5.78256513026e-08 0 	0 	21.8785117014 	
-5.7244488978e-08 0 	0 	27.8711990369 	
-5.66633266533e-08 0 	0 	33.5496249372 	
-5.60821643287e-08 0 	0 	38.0617615826 	
-5.5501002004e-08 0 	0 	42.573898228 	
-5.49198396794e-08 0 	0 	47.0860348734 	
-5.43386773547e-08 0 	0 	51.5981715188 	
-5.37575150301e-08 0 	0 	55.6906531366 	
-5.31763527054e-08 0 	0 	59.0658732424 	
-5.25951903808e-08 0 	0 	62.4410933482 	
-5.20140280561e-08 0 	0 	65.8163134541 	
-5.14328657315e-08 0 	0 	69.1915335599 	
-5.08517034068e-08 0 	0 	72.2094376548 	
-5.02705410822e-08 0 	0 	74.717406361 	
-4.96893787575e-08 0 	0 	77.2253750672 	
-4.91082164329e-08 0 	0 	79.7333437733 	
-4.85270541082e-08 0 	0 	82.2413124795 	
-4.79458917836e-08 0 	0 	84.5270213686 	
-4.73647294589e-08 0 	0 	86.377915923 	
-4.67835671343e-08 0 	0 	88.2288104774 	
-4.62024048096e-08 0 	0 	90.0797050318 	
-4.5621242485e-08 0 	0 	91.9305995861 	
-4.50400801603e-08 0 	0 	93.7097498534 	
-4.44589178357e-08 0 	0 	95.0662426594 	
-4.3877755511e-08 0 	0 	96.4227354655 	
-4.32965931864e-08 0 	0 	97.7792282715 	
-4.27154308617e-08 0 	0 	99.1357210776 	
-4.21342685371e-08 0 	0 	100.492213884 	
-4.15531062124e-08 0 	0 	101.54219227 	
-4.09719438878e-08 0 	0 	102.529288174 	
-4.03907815631e-08 0 	0 	103.516384079 	
-3.98096192385e-08 0 	0 	104.503479984 	
-3.92284569138e-08 0 	0 	105.490575888 	
-3.86472945892e-08 0 	0 	106.370972592 	
-3.80661322645e-08 0 	0 	107.084024729 	
-3.74849699399e-08 0 	0 	107.797076865 	
-3.69038076152e-08 0 	0 	108.510129001 	
-3.63226452906e-08 0 	0 	109.223181137 	
-3.57414829659e-08 0 	0 	109.936233274 	
-3.51603206413e-08 0 	0 	110.483577466 	
-3.45791583166e-08 0 	0 	110.994771594 	
-3.3997995992e-08 0 	0 	111.505965722 	
-3.34168336673e-08 0 	0 	112.017159851 	
-3.28356713427e-08 0 	0 	112.528353979 	
-3.2254509018e-08 0 	0 	113.021617498 	
-3.16733466934e-08 0 	0 	113.385167559 	
-3.10921843687e-08 0 	0 	113.748717621 	
-3.05110220441e-08 0 	0 	114.112267682 	
-2.99298597194e-08 0 	0 	114.475817744 	
-2.93486973948e-08 0 	0 	114.839367805 	
-2.87675350701e-08 0 	0 	115.17203863 	
-2.81863727455e-08 0 	0 	115.4283177 	
-2.76052104208e-08 0 	0 	115.684596769 	
-2.70240480962e-08 0 	0 	115.940875838 	
-2.64428857715e-08 0 	0 	116.197154907 	
-2.58617234469e-08 0 	0 	116.453433976 	
-2.52805611222e-08 0 	0 	116.685150105 	
-2.46993987976e-08 0 	0 	116.863945732 	
-2.41182364729e-08 0 	0 	117.042741358 	
-2.35370741483e-08 0 	0 	117.221536984 	
-2.29559118236e-08 0 	0 	117.400332611 	
-2.2374749499e-08 0 	0 	117.579128237 	
-2.17935871743e-08 0 	0 	117.74645828 	
-2.12124248497e-08 0 	0 	117.869502515 	
-2.0631262525e-08 0 	0 	117.99254675 	
-2.00501002004e-08 0 	0 	118.115590985 	
-1.94689378758e-08 0 	0 	118.23863522 	
-1.88877755511e-08 0 	0 	118.361679455 	
-1.83066132265e-08 0 	0 	118.48472369 	
-1.77254509018e-08 0 	0 	118.569623341 	
-1.71442885772e-08 0 	0 	118.652536329 	
-1.65631262525e-08 0 	0 	118.735449317 	
-1.59819639279e-08 0 	0 	118.818362305 	
-1.54008016032e-08 0 	0 	118.901275293 	
-1.48196392786e-08 0 	0 	118.984188281 	
-1.42384769539e-08 0 	0 	119.051116869 	
-1.36573146293e-08 0 	0 	119.104869005 	
-1.30761523046e-08 0 	0 	119.15862114 	
-1.249498998e-08 0 	0 	119.212373275 	
-1.19138276553e-08 0 	0 	119.26612541 	
-1.13326653307e-08 0 	0 	119.319877545 	
-1.0751503006e-08 0 	0 	119.37362968 	
-1.01703406814e-08 0 	0 	119.405702721 	
-9.58917835671e-09 0 	0 	119.437669929 	
-9.00801603206e-09 0 	0 	119.469637137 	
-8.42685370741e-09 0 	0 	119.501604345 	
-7.84569138277e-09 0 	0 	119.533571554 	
-7.26452905812e-09 0 	0 	119.565538762 	
-6.68336673347e-09 0 	0 	119.59252491 	
-6.10220440882e-09 0 	0 	119.607193121 	
-5.52104208417e-09 0 	0 	119.621861331 	
-4.93987975952e-09 0 	0 	119.636529541 	
-4.35871743487e-09 0 	0 	119.651197752 	
-3.77755511022e-09 0 	0 	119.665865962 	
-3.19639278557e-09 0 	0 	119.680534172 	
-2.61523046092e-09 0 	0 	119.688720509 	
-2.03406813627e-09 0 	0 	119.688061851 	
-1.45290581162e-09 0 	0 	119.687403193 	
-8.71743486974e-10 0 	0 	119.686744535 	
-2.90581162324e-10 0 	0 	119.686085877 	
2.90581162325e-10 0 	0 	119.685427219 	
8.71743486974e-10 0 	0 	119.684768561 	
1.45290581162e-09 0 	0 	119.677830095 	
2.03406813627e-09 0 	0 	119.661326857 	
2.61523046092e-09 0 	0 	119.644823619 	
3.19639278557e-09 0 	0 	119.628320381 	
3.77755511022e-09 0 	0 	119.611817143 	
4.35871743487e-09 0 	0 	119.595313905 	
4.93987975952e-09 0 	0 	119.578810667 	
5.52104208417e-09 0 	0 	119.558370489 	
6.10220440882e-09 0 	0 	119.522608575 	
6.68336673347e-09 0 	0 	119.486846662 	
7.26452905812e-09 0 	0 	119.451084748 	
7.84569138277e-09 0 	0 	119.415322835 	
8.42685370742e-09 0 	0 	119.379560921 	
9.00801603206e-09 0 	0 	119.343799008 	
9.58917835671e-09 0 	0 	119.308037095 	
1.01703406814e-08 0 	0 	119.249862003 	
1.0751503006e-08 0 	0 	119.187521441 	
1.13326653307e-08 0 	0 	119.125180879 	
1.19138276553e-08 0 	0 	119.062840317 	
1.249498998e-08 0 	0 	119.000499755 	
1.30761523046e-08 0 	0 	118.938159193 	
1.36573146293e-08 0 	0 	118.87581863 	
1.42384769539e-08 0 	0 	118.801197611 	
1.48196392786e-08 0 	0 	118.699103601 	
1.54008016032e-08 0 	0 	118.597009592 	
1.59819639279e-08 0 	0 	118.494915582 	
1.65631262525e-08 0 	0 	118.392821573 	
1.71442885772e-08 0 	0 	118.290727563 	
1.77254509018e-08 0 	0 	118.188633554 	
1.83066132265e-08 0 	0 	118.086539544 	
1.88877755511e-08 0 	0 	117.947254105 	
1.94689378758e-08 0 	0 	117.782890248 	
2.00501002004e-08 0 	0 	117.618526392 	
2.06312625251e-08 0 	0 	117.454162535 	
2.12124248497e-08 0 	0 	117.289798679 	
2.17935871743e-08 0 	0 	117.125434823 	
2.2374749499e-08 0 	0 	116.961070966 	
2.29559118236e-08 0 	0 	116.79670711 	
2.35370741483e-08 0 	0 	116.561762114 	
2.41182364729e-08 0 	0 	116.297161733 	
2.46993987976e-08 0 	0 	116.032561352 	
2.52805611222e-08 0 	0 	115.767960971 	
2.58617234469e-08 0 	0 	115.50336059 	
2.64428857715e-08 0 	0 	115.23876021 	
2.70240480962e-08 0 	0 	114.974159829 	
2.76052104208e-08 0 	0 	114.709559448 	
2.81863727455e-08 0 	0 	114.342202806 	
2.87675350701e-08 0 	0 	113.913270362 	
2.93486973948e-08 0 	0 	113.484337918 	
2.99298597194e-08 0 	0 	113.055405474 	
3.05110220441e-08 0 	0 	112.62647303 	
3.10921843687e-08 0 	0 	112.197540586 	
3.16733466934e-08 0 	0 	111.768608142 	
3.2254509018e-08 0 	0 	111.339675698 	
3.28356713427e-08 0 	0 	110.813348927 	
3.34168336673e-08 0 	0 	110.111100601 	
3.3997995992e-08 0 	0 	109.408852276 	
3.45791583166e-08 0 	0 	108.70660395 	
3.51603206413e-08 0 	0 	108.004355625 	
3.57414829659e-08 0 	0 	107.302107299 	
3.63226452906e-08 0 	0 	106.599858973 	
3.69038076152e-08 0 	0 	105.897610648 	
3.74849699399e-08 0 	0 	105.195362322 	
3.80661322645e-08 0 	0 	104.082027208 	
3.86472945892e-08 0 	0 	102.919339183 	
3.92284569138e-08 0 	0 	101.756651159 	
3.98096192385e-08 0 	0 	100.593963134 	
4.03907815631e-08 0 	0 	99.4312751096 	
4.09719438878e-08 0 	0 	98.2685870852 	
4.15531062124e-08 0 	0 	97.1058990607 	
4.21342685371e-08 0 	0 	95.9432110362 	
4.27154308617e-08 0 	0 	94.5998116672 	
4.32965931864e-08 0 	0 	92.6518594218 	
4.3877755511e-08 0 	0 	90.7039071763 	
4.44589178357e-08 0 	0 	88.7559549309 	
4.50400801603e-08 0 	0 	86.8080026855 	
4.5621242485e-08 0 	0 	84.86005044 	
4.62024048096e-08 0 	0 	82.9120981946 	
4.67835671343e-08 0 	0 	80.9641459492 	
4.73647294589e-08 0 	0 	79.0161937038 	
4.79458917836e-08 0 	0 	76.5753185913 	
4.85270541082e-08 0 	0 	73.2716958404 	
4.91082164329e-08 0 	0 	69.9680730895 	
4.96893787575e-08 0 	0 	66.6644503386 	
5.02705410822e-08 0 	0 	63.3608275877 	
5.08517034068e-08 0 	0 	60.0572048368 	
5.14328657315e-08 0 	0 	56.7535820859 	
5.20140280561e-08 0 	0 	53.449959335 	
5.25951903808e-08 0 	0 	50.1463365841 	
5.31763527054e-08 0 	0 	46.159308602 	
5.37575150301e-08 0 	0 	40.4863301984 	
5.43386773547e-08 0 	0 	34.8133517948 	
5.49198396794e-08 0 	0 	29.1403733912 	
5.5501002004e-08 0 	0 	23.4673949876 	
5.60821643287e-08 0 	0 	17.794416584 	
5.66633266533e-08 0 	0 	12.1214381804 	
5.7244488978e-08 0 	0 	6.44845977683 	
5.78256513026e-08 0 	0 	0.775481373241 	
5.84068136273e-08 0 	0 	-4.89749703035 	
5.89879759519e-08 0 	0 	-14.76229671 	
5.95691382766e-08 0 	0 	-24.628264561 	
6.01503006012e-08 0 	0 	-34.494232412 	
6.07314629259e-08 0 	0 	-44.3602002631 	
6.13126252505e-08 0 	0 	-54.2261681141 	
6.18937875752e-08 0 	0 	-64.0921359651 	
6.24749498998e-08 0 	0 	-73.9581038161 	
6.30561122244e-08 0 	0 	-83.8240716671 	
6.36372745491e-08 0 	0 	-93.6900395181 	
6.42184368737e-08 0 	0 	-107.256675615 	
6.47995991984e-08 0 	0 	-124.637685291 	
6.5380761523e-08 0 	0 	-142.018694967 	
6.59619238477e-08 0 	0 	-159.399704643 	
6.65430861723e-08 0 	0 	-176.780714319 	
6.7124248497e-08 0 	0 	-194.161723995 	
6.77054108216e-08 0 	0 	-211.542733671 	
6.82865731463e-08 0 	0 	-228.923743347 	
6.88677354709e-08 0 	0 	-246.304753023 	
6.94488977956e-08 0 	0 	-263.685762699 	
7.00300601202e-08 0 	0 	-291.456175293 	
7.06112224449e-08 0 	0 	-322.481741555 	
7.11923847695e-08 0 	0 	-353.507307818 	
7.17735470942e-08 0 	0 	-384.53287408 	
7.23547094188e-08 0 	0 	-415.558440343 	
7.29358717435e-08 0 	0 	-446.584006605 	
7.35170340681e-08 0 	0 	-477.609572868 	
7.40981963928e-08 0 	0 	-508.63513913 	
7.46793587174e-08 0 	0 	-539.660705393 	
7.52605210421e-08 0 	0 	-570.686271655 	
7.58416833667e-08 0 	0 	-621.830365761 	
7.64228456914e-08 0 	0 	-677.958628429 	
7.7004008016e-08 0 	0 	-734.086891097 	
7.75851703407e-08 0 	0 	-790.215153764 	
7.81663326653e-08 0 	0 	-846.343416432 	
7.874749499e-08 0 	0 	-902.4716791 	
7.93286573146e-08 0 	0 	-958.599941768 	
7.99098196393e-08 0 	0 	-1014.72820444 	
8.04909819639e-08 0 	0 	-1070.8564671 	
8.10721442886e-08 0 	0 	-1126.98472977 	
8.16533066132e-08 0 	0 	-1211.53073305 	
8.22344689379e-08 0 	0 	-1314.46821351 	
8.28156312625e-08 0 	0 	-1417.40569398 	
8.33967935872e-08 0 	0 	-1520.34317445 	
8.39779559118e-08 0 	0 	-1623.28065491 	
8.45591182365e-08 0 	0 	-1726.21813538 	
8.51402805611e-08 0 	0 	-1829.15561584 	
8.57214428858e-08 0 	0 	-1932.09309631 	
8.63026052104e-08 0 	0 	-2035.03057678 	
8.68837675351e-08 0 	0 	-2137.96805724 	
8.74649298597e-08 0 	0 	-2256.20276049 	
8.80460921844e-08 0 	0 	-2447.63417766 	
8.8627254509e-08 0 	0 	-2639.06559483 	
8.92084168337e-08 0 	0 	-2830.497012 	
8.97895791583e-08 0 	0 	-3021.92842917 	
9.0370741483e-08 0 	0 	-3213.35984633 	
9.09519038076e-08 0 	0 	-3404.7912635 	
9.15330661323e-08 0 	0 	-3596.22268067 	
9.21142284569e-08 0 	0 	-3787.65409784 	
9.26953907816e-08 0 	0 	-3979.08551501 	
9.32765531062e-08 0 	0 	-4170.51693217 	
9.38577154309e-08 0 	0 	-4445.60972856 	
9.44388777555e-08 0 	0 	-4806.70584979 	
9.50200400802e-08 0 	0 	-5167.80197103 	
9.56012024048e-08 0 	0 	-5528.89809226 	
9.61823647295e-08 0 	0 	-5889.9942135 	
9.67635270541e-08 0 	0 	-6251.09033473 	
9.73446893788e-08 0 	0 	-6612.18645596 	
9.79258517034e-08 0 	0 	-6973.2825772 	
9.85070140281e-08 0 	0 	-7334.37869843 	
9.90881763527e-08 0 	0 	-7695.47481967 	
9.96693386774e-08 0 	0 	-8056.5709409 	
1.00250501002e-07 0 	0 	-8603.12824179 	
1.00831663327e-07 0 	0 	-9294.20940048 	
1.01412825651e-07 0 	0 	-9985.29055917 	
1.01993987976e-07 0 	0 	-10676.3717179 	
1.02575150301e-07 0 	0 	-11367.4528765 	
1.03156312625e-07 0 	0 	-12058.5340352 	
1.0373747495e-07 0 	0 	-12749.6151939 	
1.04318637275e-07 0 	0 	-13440.6963526 	
1.04899799599e-07 0 	0 	-14131.7775113 	
1.05480961924e-07 0 	0 	-14822.85867 	
1.06062124248e-07 0 	0 	-15513.9398287 	
1.06643286573e-07 0 	0 	-16448.4251277 	
1.07224448898e-07 0 	0 	-17790.7712495 	
1.07805611222e-07 0 	0 	-19133.1173712 	
1.08386773547e-07 0 	0 	-20475.4634929 	
1.08967935872e-07 0 	0 	-21817.8096146 	
1.09549098196e-07 0 	0 	-23160.1557363 	
1.10130260521e-07 0 	0 	-24502.5018581 	
1.10711422846e-07 0 	0 	-25844.8479798 	
1.1129258517e-07 0 	0 	-27187.1941015 	
1.11873747495e-07 0 	0 	-28529.5402232 	
1.1245490982e-07 0 	0 	-29871.886345 	
1.13036072144e-07 0 	0 	-31214.2324667 	
1.13617234469e-07 0 	0 	-33759.8217902 	
1.14198396794e-07 0 	0 	-36406.9488732 	
1.14779559118e-07 0 	0 	-39054.0759561 	
1.15360721443e-07 0 	0 	-41701.2030391 	
1.15941883768e-07 0 	0 	-44348.3301221 	
1.16523046092e-07 0 	0 	-46995.457205 	
1.17104208417e-07 0 	0 	-49642.584288 	
1.17685370741e-07 0 	0 	-52289.7113709 	
1.18266533066e-07 0 	0 	-54936.8384539 	
1.18847695391e-07 0 	0 	-57583.9655368 	
1.19428857715e-07 0 	0 	-60231.0926198 	
1.2001002004e-07 0 	0 	-63412.2796296 	
1.20591182365e-07 0 	0 	-68714.4007971 	
1.21172344689e-07 0 	0 	-74016.5219646 	
1.21753507014e-07 0 	0 	-79318.6431322 	
1.22334669339e-07 0 	0 	-84620.7642997 	
1.22915831663e-07 0 	0 	-89922.8854672 	
1.23496993988e-07 0 	0 	-95225.0066347 	
1.24078156313e-07 0 	0 	-100527.127802 	
1.24659318637e-07 0 	0 	-105829.24897 	
1.25240480962e-07 0 	0 	-111131.370137 	
1.25821643287e-07 0 	0 	-116433.491305 	
1.26402805611e-07 0 	0 	-121735.612472 	
1.26983967936e-07 0 	0 	-128160.223196 	
1.27565130261e-07 0 	0 	-138956.181544 	
1.28146292585e-07 0 	0 	-149752.139892 	
1.2872745491e-07 0 	0 	-160548.09824 	
1.29308617234e-07 0 	0 	-171344.056589 	
1.29889779559e-07 0 	0 	-182140.014937 	
1.30470941884e-07 0 	0 	-192935.973285 	
1.31052104208e-07 0 	0 	-203731.931633 	
1.31633266533e-07 0 	0 	-214527.889981 	
1.32214428858e-07 0 	0 	-225323.84833 	
1.32795591182e-07 0 	0 	-236119.806678 	
1.33376753507e-07 0 	0 	-246915.765026 	
1.33957915832e-07 0 	0 	-257711.723374 	
1.34539078156e-07 0 	0 	-279250.523566 	
1.35120240481e-07 0 	0 	-301658.040786 	
1.35701402806e-07 0 	0 	-324065.558007 	
1.3628256513e-07 0 	0 	-346473.075227 	
1.36863727455e-07 0 	0 	-368880.592447 	
1.3744488978e-07 0 	0 	-391288.109668 	
1.38026052104e-07 0 	0 	-413695.626888 	
1.38607214429e-07 0 	0 	-436103.144109 	
1.39188376754e-07 0 	0 	-458510.661329 	
1.39769539078e-07 0 	0 	-480918.17855 	
1.40350701403e-07 0 	0 	-503325.69577 	
1.40931863727e-07 0 	0 	-525733.212991 	
1.41513026052e-07 0 	0 	-550917.661417 	
1.42094188377e-07 0 	0 	-581101.262064 	
1.42675350701e-07 0 	0 	-611284.86271 	
1.43256513026e-07 0 	0 	-641468.463356 	
1.43837675351e-07 0 	0 	-671652.064002 	
1.44418837675e-07 0 	0 	-701835.664649 	
1.45e-07 0 	0 	-732019.265295 	
