-1.45e-07 0 	0 	-1185584.81701 	
-1.44418837675e-07 0 	0 	-1117074.27482 	
-1.43837675351e-07 0 	0 	-1050722.31826 	
-1.43256513026e-07 0 	0 	-989219.988724 	
-1.42675350701e-07 0 	0 	-931459.903045 	
-1.42094188377e-07 0 	0 	-876773.360231 	
-1.41513026052e-07 0 	0 	-824927.287882 	
-1.40931863727e-07 0 	0 	-777223.915542 	
-1.40350701403e-07 0 	0 	-732012.589494 	
-1.39769539078e-07 0 	0 	-688975.085894 	
-1.39188376754e-07 0 	0 	-649008.134059 	
-1.38607214429e-07 0 	0 	-611469.745752 	
-1.38026052104e-07 0 	0 	-575577.164954 	
-1.3744488978e-07 0 	0 	-542322.438754 	
-1.36863727455e-07 0 	0 	-510976.77376 	
-1.3628256513e-07 0 	0 	-480865.037055 	
-1.35701402806e-07 0 	0 	-453404.447021 	
-1.35120240481e-07 0 	0 	-427044.098099 	
-1.34539078156e-07 0 	0 	-402166.185363 	
-1.33957915832e-07 0 	0 	-379114.013019 	
-1.33376753507e-07 0 	0 	-356765.162292 	
-1.32795591182e-07 0 	0 	-336478.785955 	
-1.32214428858e-07 0 	0 	-316849.02498 	
-1.31633266533e-07 0 	0 	-298592.202644 	
-1.31052104208e-07 0 	0 	-281346.426073 	
-1.30470941884e-07 0 	0 	-264954.881377 	
-1.29889779559e-07 0 	0 	-249792.544697 	
-1.29308617234e-07 0 	0 	-235111.505292 	
-1.2872745491e-07 0 	0 	-221764.275917 	
-1.28146292585e-07 0 	0 	-208648.183322 	
-1.27565130261e-07 0 	0 	-196877.670025 	
-1.26983967936e-07 0 	0 	-185189.901923 	
-1.26402805611e-07 0 	0 	-174785.443853 	
-1.25821643287e-07 0 	0 	-164398.042483 	
-1.25240480962e-07 0 	0 	-155174.546828 	
-1.24659318637e-07 0 	0 	-145967.947901 	
-1.24078156313e-07 0 	0 	-137763.772959 	
-1.23496993988e-07 0 	0 	-129626.5316 	
-1.22915831663e-07 0 	0 	-122301.41712 	
-1.22334669339e-07 0 	0 	-115129.928067 	
-1.21753507014e-07 0 	0 	-108562.978567 	
-1.21172344689e-07 0 	0 	-102261.188757 	
-1.20591182365e-07 0 	0 	-96348.9185451 	
-1.2001002004e-07 0 	0 	-90828.0314187 	
-1.19428857715e-07 0 	0 	-85482.481448 	
-1.18847695391e-07 0 	0 	-80660.6528507 	
-1.18266533066e-07 0 	0 	-75838.8242533 	
-1.17685370741e-07 0 	0 	-71609.6161733 	
-1.17104208417e-07 0 	0 	-67411.6421885 	
-1.16523046092e-07 0 	0 	-63543.8244255 	
-1.15941883768e-07 0 	0 	-59900.8223227 	
-1.15360721443e-07 0 	0 	-56348.5915856 	
-1.14779559118e-07 0 	0 	-53197.6751382 	
-1.14198396794e-07 0 	0 	-50046.7586909 	
-1.13617234469e-07 0 	0 	-47207.7719904 	
-1.13036072144e-07 0 	0 	-44491.7228739 	
-1.1245490982e-07 0 	0 	-41849.2376862 	
-1.11873747495e-07 0 	0 	-39516.1747138 	
-1.1129258517e-07 0 	0 	-37183.1117414 	
-1.10711422846e-07 0 	0 	-35054.2162135 	
-1.10130260521e-07 0 	0 	-33057.2644696 	
-1.09549098196e-07 0 	0 	-31060.3127257 	
-1.08967935872e-07 0 	0 	-29346.1002674 	
-1.08386773547e-07 0 	0 	-27643.0620635 	
-1.07805611222e-07 0 	0 	-26005.1347259 	
-1.07224448898e-07 0 	0 	-24558.1644702 	
-1.06643286573e-07 0 	0 	-23111.1942145 	
-1.06062124248e-07 0 	0 	-21771.5392424 	
-1.05480961924e-07 0 	0 	-20546.8240838 	
-1.04899799599e-07 0 	0 	-19322.1089253 	
-1.04318637275e-07 0 	0 	-18221.5711879 	
-1.0373747495e-07 0 	0 	-17189.0191453 	
-1.03156312625e-07 0 	0 	-16156.4671026 	
-1.02575150301e-07 0 	0 	-15246.844086 	
-1.01993987976e-07 0 	0 	-14379.7815971 	
-1.01412825651e-07 0 	0 	-13512.7191082 	
-1.00831663327e-07 0 	0 	-12755.110427 	
-1.00250501002e-07 0 	0 	-12029.9906016 	
-9.96693386774e-08 0 	0 	-11304.8707762 	
-9.90881763527e-08 0 	0 	-10668.1948566 	
-9.85070140281e-08 0 	0 	-10064.3177851 	
-9.79258517034e-08 0 	0 	-9460.44071373 	
-9.73446893788e-08 0 	0 	-8920.11547352 	
-9.67635270541e-08 0 	0 	-8419.3617362 	
-9.61823647295e-08 0 	0 	-7918.60799887 	
-9.56012024048e-08 0 	0 	-7455.39001609 	
-9.50200400802e-08 0 	0 	-7041.96824469 	
-9.44388777555e-08 0 	0 	-6628.5464733 	
-9.38577154309e-08 0 	0 	-6227.52121817 	
-9.32765531062e-08 0 	0 	-5887.73046029 	
-9.26953907816e-08 0 	0 	-5547.93970241 	
-9.21142284569e-08 0 	0 	-5208.14894452 	
-9.15330661323e-08 0 	0 	-4919.6610236 	
-9.09519038076e-08 0 	0 	-4641.66830154 	
-9.0370741483e-08 0 	0 	-4363.67557949 	
-8.97895791583e-08 0 	0 	-4107.0264931 	
-8.92084168337e-08 0 	0 	-3880.65980828 	
-8.8627254509e-08 0 	0 	-3654.29312346 	
-8.80460921844e-08 0 	0 	-3427.92643864 	
-8.74649298597e-08 0 	0 	-3240.89007399 	
-8.68837675351e-08 0 	0 	-3057.44698658 	
-8.63026052104e-08 0 	0 	-2874.00389916 	
-8.57214428858e-08 0 	0 	-2702.52409905 	
-8.51402805611e-08 0 	0 	-2554.59573474 	
-8.45591182365e-08 0 	0 	-2406.66737043 	
-8.39779559118e-08 0 	0 	-2258.73900612 	
-8.33967935872e-08 0 	0 	-2130.49392092 	
-8.28156312625e-08 0 	0 	-2011.80418955 	
-8.22344689379e-08 0 	0 	-1893.11445819 	
-8.16533066132e-08 0 	0 	-1774.42472682 	
-8.10721442886e-08 0 	0 	-1677.84791154 	
-8.04909819639e-08 0 	0 	-1583.10741589 	
-7.99098196393e-08 0 	0 	-1488.36692025 	
-7.93286573146e-08 0 	0 	-1395.28939338 	
-7.874749499e-08 0 	0 	-1320.06353189 	
-7.81663326653e-08 0 	0 	-1244.83767039 	
-7.75851703407e-08 0 	0 	-1169.61180889 	
-7.7004008016e-08 0 	0 	-1096.86588235 	
-7.64228456914e-08 0 	0 	-1037.45654857 	
-7.58416833667e-08 0 	0 	-978.047214793 	
-7.52605210421e-08 0 	0 	-918.637881013 	
-7.46793587174e-08 0 	0 	-860.961593677 	
-7.40981963928e-08 0 	0 	-814.301670968 	
-7.35170340681e-08 0 	0 	-767.641748258 	
-7.29358717435e-08 0 	0 	-720.981825549 	
-7.23547094188e-08 0 	0 	-674.530939677 	
-7.17735470942e-08 0 	0 	-638.090825442 	
-7.11923847695e-08 0 	0 	-601.650711207 	
-7.06112224449e-08 0 	0 	-565.210596972 	
-7.00300601202e-08 0 	0 	-528.770482737 	
-6.94488977956e-08 0 	0 	-498.912963224 	
-6.88677354709e-08 0 	0 	-470.618260759 	
-6.82865731463e-08 0 	0 	-442.323558295 	
-6.77054108216e-08 0 	0 	-414.02885583 	
-6.7124248497e-08 0 	0 	-388.939928303 	
-6.65430861723e-08 0 	0 	-367.099420731 	
-6.59619238477e-08 0 	0 	-345.258913159 	
-6.5380761523e-08 0 	0 	-323.418405587 	
-6.47995991984e-08 0 	0 	-302.003931099 	
-6.42184368737e-08 0 	0 	-285.247058761 	
-6.36372745491e-08 0 	0 	-268.490186423 	
-6.30561122244e-08 0 	0 	-251.733314086 	
-6.24749498998e-08 0 	0 	-234.976441748 	
-6.18937875752e-08 0 	0 	-220.476340561 	
-6.13126252505e-08 0 	0 	-207.6991488 	
-6.07314629259e-08 0 	0 	-194.92195704 	
-6.01503006012e-08 0 	0 	-182.14476528 	
-5.95691382766e-08 0 	0 	-169.367573519 	
-5.89879759519e-08 0 	0 	-159.513186655 	
-5.84068136273e-08 0 	0 	-149.831993799 	
-5.78256513026e-08 0 	0 	-140.150800942 	
-5.7244488978e-08 0 	0 	-130.469608085 	
-5.66633266533e-08 0 	0 	-121.29639158 	
-5.60821643287e-08 0 	0 	-114.008380491 	
-5.5501002004e-08 0 	0 	-106.720369402 	
-5.49198396794e-08 0 	0 	-99.4323583137 	
-5.43386773547e-08 0 	0 	-92.1443472251 	
-5.37575150301e-08 0 	0 	-85.5347089814 	
-5.31763527054e-08 0 	0 	-80.0845248136 	
-5.25951903808e-08 0 	0 	-74.6343406459 	
-5.20140280561e-08 0 	0 	-69.1841564782 	
-5.14328657315e-08 0 	0 	-63.7339723105 	
-5.08517034068e-08 0 	0 	-58.8613958577 	
-5.02705410822e-08 0 	0 	-54.8131390703 	
-4.96893787575e-08 0 	0 	-50.764882283 	
-4.91082164329e-08 0 	0 	-46.7166254956 	
-4.85270541082e-08 0 	0 	-42.6683687082 	
-4.79458917836e-08 0 	0 	-38.9793825112 	
-4.73647294589e-08 0 	0 	-35.9932494196 	
-4.67835671343e-08 0 	0 	-33.0071163281 	
-4.62024048096e-08 0 	0 	-30.0209832366 	
-4.5621242485e-08 0 	0 	-27.034850145 	
-4.50400801603e-08 0 	0 	-24.1646747558 	
-4.44589178357e-08 0 	0 	-21.9776253685 	
-4.3877755511e-08 0 	0 	-19.7905759812 	
-4.32965931864e-08 0 	0 	-17.6035265939 	
-4.27154308617e-08 0 	0 	-15.4164772066 	
-4.21342685371e-08 0 	0 	-13.2294278193 	
-4.15531062124e-08 0 	0 	-11.5376926323 	
-4.09719438878e-08 0 	0 	-9.94757284712 	
-4.03907815631e-08 0 	0 	-8.35745306195 	
-3.98096192385e-08 0 	0 	-6.76733327677 	
-3.92284569138e-08 0 	0 	-5.17721349159 	
-3.86472945892e-08 0 	0 	-3.75945657898 	
-3.80661322645e-08 0 	0 	-2.61202962403 	
-3.74849699399e-08 0 	0 	-1.46460266907 	
-3.69038076152e-08 0 	0 	-0.317175714111 	
-3.63226452906e-08 0 	0 	0.830251240846 	
-3.57414829659e-08 0 	0 	1.9776781958 	
-3.51603206413e-08 0 	0 	2.8575458484 	
-3.45791583166e-08 0 	0 	3.67904402543 	
-3.3997995992e-08 0 	0 	4.50054220247 	
-3.34168336673e-08 0 	0 	5.3220403795 	
-3.28356713427e-08 0 	0 	6.14353855653 	
-3.2254509018e-08 0 	0 	6.9361042718 	
-3.16733466934e-08 0 	0 	7.51936702344 	
-3.10921843687e-08 0 	0 	8.10262977507 	
-3.05110220441e-08 0 	0 	8.6858925267 	
-2.99298597194e-08 0 	0 	9.26915527834 	
-2.93486973948e-08 0 	0 	9.85241802997 	
-2.87675350701e-08 0 	0 	10.3859023966 	
-2.81863727455e-08 0 	0 	10.7962406413 	
-2.76052104208e-08 0 	0 	11.206578886 	
-2.70240480962e-08 0 	0 	11.6169171307 	
-2.64428857715e-08 0 	0 	12.0272553754 	
-2.58617234469e-08 0 	0 	12.4375936201 	
-2.52805611222e-08 0 	0 	12.8083891791 	
-2.46993987976e-08 0 	0 	13.0939905884 	
-2.41182364729e-08 0 	0 	13.3795919978 	
-2.35370741483e-08 0 	0 	13.6651934072 	
-2.29559118236e-08 0 	0 	13.9507948166 	
-2.2374749499e-08 0 	0 	14.236396226 	
-2.17935871743e-08 0 	0 	14.5035738133 	
-2.12124248497e-08 0 	0 	14.6995894021 	
-2.0631262525e-08 0 	0 	14.895604991 	
-2.00501002004e-08 0 	0 	15.0916205799 	
-1.94689378758e-08 0 	0 	15.2876361687 	
-1.88877755511e-08 0 	0 	15.4836517576 	
-1.83066132265e-08 0 	0 	15.6796673465 	
-1.77254509018e-08 0 	0 	15.8145348557 	
-1.71442885772e-08 0 	0 	15.9462176227 	
-1.65631262525e-08 0 	0 	16.0779003898 	
-1.59819639279e-08 0 	0 	16.2095831568 	
-1.54008016032e-08 0 	0 	16.3412659238 	
-1.48196392786e-08 0 	0 	16.4729486909 	
-1.42384769539e-08 0 	0 	16.5790954802 	
-1.36573146293e-08 0 	0 	16.6641921444 	
-1.30761523046e-08 0 	0 	16.7492888086 	
-1.249498998e-08 0 	0 	16.8343854727 	
-1.19138276553e-08 0 	0 	16.9194821369 	
-1.13326653307e-08 0 	0 	17.0045788011 	
-1.0751503006e-08 0 	0 	17.0896754653 	
-1.01703406814e-08 0 	0 	17.1402772277 	
-9.58917835671e-09 0 	0 	17.1907105945 	
-9.00801603206e-09 0 	0 	17.2411439614 	
-8.42685370741e-09 0 	0 	17.2915773283 	
-7.84569138277e-09 0 	0 	17.3420106952 	
-7.26452905812e-09 0 	0 	17.3924440621 	
-6.68336673347e-09 0 	0 	17.4349847746 	
-6.10220440882e-09 0 	0 	17.4580073078 	
-5.52104208417e-09 0 	0 	17.4810298411 	
-4.93987975952e-09 0 	0 	17.5040523743 	
-4.35871743487e-09 0 	0 	17.5270749075 	
-3.77755511022e-09 0 	0 	17.5500974408 	
-3.19639278557e-09 0 	0 	17.573119974 	
-2.61523046092e-09 0 	0 	17.5859010203 	
-2.03406813627e-09 0 	0 	17.5847067999 	
-1.45290581162e-09 0 	0 	17.5835125795 	
-8.71743486974e-10 0 	0 	17.5823183591 	
-2.90581162324e-10 0 	0 	17.5811241387 	
2.90581162325e-10 0 	0 	17.5799299183 	
8.71743486974e-10 0 	0 	17.578735698 	
1.45290581162e-09 0 	0 	17.5676120483 	
2.03406813627e-09 0 	0 	17.5413648899 	
2.61523046092e-09 0 	0 	17.5151177315 	
3.19639278557e-09 0 	0 	17.4888705732 	
3.77755511022e-09 0 	0 	17.4626234148 	
4.35871743487e-09 0 	0 	17.4363762565 	
4.93987975952e-09 0 	0 	17.4101290981 	
5.52104208417e-09 0 	0 	17.3776346889 	
6.10220440882e-09 0 	0 	17.3208273103 	
6.68336673347e-09 0 	0 	17.2640199318 	
7.26452905812e-09 0 	0 	17.2072125532 	
7.84569138277e-09 0 	0 	17.1504051747 	
8.42685370742e-09 0 	0 	17.0935977962 	
9.00801603206e-09 0 	0 	17.0367904176 	
9.58917835671e-09 0 	0 	16.9799830391 	
1.01703406814e-08 0 	0 	16.8874305381 	
1.0751503006e-08 0 	0 	16.7882348354 	
1.13326653307e-08 0 	0 	16.6890391327 	
1.19138276553e-08 0 	0 	16.58984343 	
1.249498998e-08 0 	0 	16.4906477272 	
1.30761523046e-08 0 	0 	16.3914520245 	
1.36573146293e-08 0 	0 	16.2922563218 	
1.42384769539e-08 0 	0 	16.1733860636 	
1.48196392786e-08 0 	0 	16.0105012499 	
1.54008016032e-08 0 	0 	15.8476164362 	
1.59819639279e-08 0 	0 	15.6847316226 	
1.65631262525e-08 0 	0 	15.5218468089 	
1.71442885772e-08 0 	0 	15.3589619952 	
1.77254509018e-08 0 	0 	15.1960771815 	
1.83066132265e-08 0 	0 	15.0331923678 	
1.88877755511e-08 0 	0 	14.8105201948 	
1.94689378758e-08 0 	0 	14.547533026 	
2.00501002004e-08 0 	0 	14.2845458572 	
2.06312625251e-08 0 	0 	14.0215586884 	
2.12124248497e-08 0 	0 	13.7585715196 	
2.17935871743e-08 0 	0 	13.4955843508 	
2.2374749499e-08 0 	0 	13.232597182 	
2.29559118236e-08 0 	0 	12.9696100132 	
2.35370741483e-08 0 	0 	12.5928817011 	
2.41182364729e-08 0 	0 	12.1683638892 	
2.46993987976e-08 0 	0 	11.7438460773 	
2.52805611222e-08 0 	0 	11.3193282654 	
2.58617234469e-08 0 	0 	10.8948104534 	
2.64428857715e-08 0 	0 	10.4702926415 	
2.70240480962e-08 0 	0 	10.0457748296 	
2.76052104208e-08 0 	0 	9.62125701766 	
2.81863727455e-08 0 	0 	9.03087166562 	
2.87675350701e-08 0 	0 	8.34109162162 	
2.93486973948e-08 0 	0 	7.65131157763 	
2.99298597194e-08 0 	0 	6.96153153364 	
3.05110220441e-08 0 	0 	6.27175148964 	
3.10921843687e-08 0 	0 	5.58197144565 	
3.16733466934e-08 0 	0 	4.89219140166 	
3.2254509018e-08 0 	0 	4.20241135767 	
3.28356713427e-08 0 	0 	3.35525067948 	
3.34168336673e-08 0 	0 	2.22381629743 	
3.3997995992e-08 0 	0 	1.09238191537 	
3.45791583166e-08 0 	0 	-0.039052466693 	
3.51603206413e-08 0 	0 	-1.17048684875 	
3.57414829659e-08 0 	0 	-2.30192123081 	
3.63226452906e-08 0 	0 	-3.43335561287 	
3.69038076152e-08 0 	0 	-4.56478999493 	
3.74849699399e-08 0 	0 	-5.69622437699 	
3.80661322645e-08 0 	0 	-7.49238422781 	
3.86472945892e-08 0 	0 	-9.36834750961 	
3.92284569138e-08 0 	0 	-11.2443107914 	
3.98096192385e-08 0 	0 	-13.1202740732 	
4.03907815631e-08 0 	0 	-14.996237355 	
4.09719438878e-08 0 	0 	-16.8722006368 	
4.15531062124e-08 0 	0 	-18.7481639186 	
4.21342685371e-08 0 	0 	-20.6241272004 	
4.27154308617e-08 0 	0 	-22.7924068833 	
4.32965931864e-08 0 	0 	-25.9386037054 	
4.3877755511e-08 0 	0 	-29.0848005276 	
4.44589178357e-08 0 	0 	-32.2309973498 	
4.50400801603e-08 0 	0 	-35.377194172 	
4.5621242485e-08 0 	0 	-38.5233909942 	
4.62024048096e-08 0 	0 	-41.6695878164 	
4.67835671343e-08 0 	0 	-44.8157846386 	
4.73647294589e-08 0 	0 	-47.9619814607 	
4.79458917836e-08 0 	0 	-51.9056301755 	
4.85270541082e-08 0 	0 	-57.2450342571 	
4.91082164329e-08 0 	0 	-62.5844383387 	
4.96893787575e-08 0 	0 	-67.9238424202 	
5.02705410822e-08 0 	0 	-73.2632465018 	
5.08517034068e-08 0 	0 	-78.6026505834 	
5.14328657315e-08 0 	0 	-83.942054665 	
5.20140280561e-08 0 	0 	-89.2814587466 	
5.25951903808e-08 0 	0 	-94.6208628282 	
5.31763527054e-08 0 	0 	-101.065838314 	
5.37575150301e-08 0 	0 	-110.238241817 	
5.43386773547e-08 0 	0 	-119.410645321 	
5.49198396794e-08 0 	0 	-128.583048824 	
5.5501002004e-08 0 	0 	-137.755452328 	
5.60821643287e-08 0 	0 	-146.927855831 	
5.66633266533e-08 0 	0 	-156.100259334 	
5.7244488978e-08 0 	0 	-165.272662838 	
5.78256513026e-08 0 	0 	-174.445066341 	
5.84068136273e-08 0 	0 	-183.617469845 	
5.89879759519e-08 0 	0 	-199.569978891 	
5.95691382766e-08 0 	0 	-215.524377409 	
6.01503006012e-08 0 	0 	-231.478775926 	
6.07314629259e-08 0 	0 	-247.433174444 	
6.13126252505e-08 0 	0 	-263.387572961 	
6.18937875752e-08 0 	0 	-279.341971479 	
6.24749498998e-08 0 	0 	-295.296369996 	
6.30561122244e-08 0 	0 	-311.250768514 	
6.36372745491e-08 0 	0 	-327.205167031 	
6.42184368737e-08 0 	0 	-349.143600398 	
6.47995991984e-08 0 	0 	-377.249931805 	
6.5380761523e-08 0 	0 	-405.356263212 	
6.59619238477e-08 0 	0 	-433.46259462 	
6.65430861723e-08 0 	0 	-461.568926027 	
6.7124248497e-08 0 	0 	-489.675257435 	
6.77054108216e-08 0 	0 	-517.781588842 	
6.82865731463e-08 0 	0 	-545.887920249 	
6.88677354709e-08 0 	0 	-573.994251657 	
6.94488977956e-08 0 	0 	-602.100583064 	
7.00300601202e-08 0 	0 	-647.000736771 	
7.06112224449e-08 0 	0 	-697.162643508 	
7.11923847695e-08 0 	0 	-747.324550245 	
7.17735470942e-08 0 	0 	-797.486456982 	
7.23547094188e-08 0 	0 	-847.648363719 	
7.29358717435e-08 0 	0 	-897.810270456 	
7.35170340681e-08 0 	0 	-947.972177193 	
7.40981963928e-08 0 	0 	-998.13408393 	
7.46793587174e-08 0 	0 	-1048.29599067 	
7.52605210421e-08 0 	0 	-1098.4578974 	
7.58416833667e-08 0 	0 	-1181.12645008 	
7.64228456914e-08 0 	0 	-1271.84820645 	
7.7004008016e-08 0 	0 	-1362.56996282 	
7.75851703407e-08 0 	0 	-1453.29171919 	
7.81663326653e-08 0 	0 	-1544.01347556 	
7.874749499e-08 0 	0 	-1634.73523193 	
7.93286573146e-08 0 	0 	-1725.4569883 	
7.99098196393e-08 0 	0 	-1816.17874467 	
8.04909819639e-08 0 	0 	-1906.90050104 	
8.10721442886e-08 0 	0 	-1997.6222574 	
8.16533066132e-08 0 	0 	-2134.23846287 	
8.22344689379e-08 0 	0 	-2300.55677327 	
8.28156312625e-08 0 	0 	-2466.87508367 	
8.33967935872e-08 0 	0 	-2633.19339408 	
8.39779559118e-08 0 	0 	-2799.51170448 	
8.45591182365e-08 0 	0 	-2965.83001488 	
8.51402805611e-08 0 	0 	-3132.14832528 	
8.57214428858e-08 0 	0 	-3298.46663568 	
8.63026052104e-08 0 	0 	-3464.78494609 	
8.68837675351e-08 0 	0 	-3631.10325649 	
8.74649298597e-08 0 	0 	-3822.11377028 	
8.80460921844e-08 0 	0 	-4131.27567485 	
8.8627254509e-08 0 	0 	-4440.43757942 	
8.92084168337e-08 0 	0 	-4749.59948399 	
8.97895791583e-08 0 	0 	-5058.76138856 	
9.0370741483e-08 0 	0 	-5367.92329314 	
9.09519038076e-08 0 	0 	-5677.08519771 	
9.15330661323e-08 0 	0 	-5986.24710228 	
9.21142284569e-08 0 	0 	-6295.40900685 	
9.26953907816e-08 0 	0 	-6604.57091142 	
9.32765531062e-08 0 	0 	-6913.732816 	
9.38577154309e-08 0 	0 	-7357.86392077 	
9.44388777555e-08 0 	0 	-7940.74243896 	
9.50200400802e-08 0 	0 	-8523.62095715 	
9.56012024048e-08 0 	0 	-9106.49947533 	
9.61823647295e-08 0 	0 	-9689.37799352 	
9.67635270541e-08 0 	0 	-10272.2565117 	
9.73446893788e-08 0 	0 	-10855.1350299 	
9.79258517034e-08 0 	0 	-11438.0135481 	
9.85070140281e-08 0 	0 	-12020.8920663 	
9.90881763527e-08 0 	0 	-12603.7705845 	
9.96693386774e-08 0 	0 	-13186.6491027 	
1.00250501002e-07 0 	0 	-14068.5581355 	
1.00831663327e-07 0 	0 	-15183.4919107 	
1.01412825651e-07 0 	0 	-16298.4256858 	
1.01993987976e-07 0 	0 	-17413.3594609 	
1.02575150301e-07 0 	0 	-18528.293236 	
1.03156312625e-07 0 	0 	-19643.2270111 	
1.0373747495e-07 0 	0 	-20758.1607862 	
1.04318637275e-07 0 	0 	-21873.0945614 	
1.04899799599e-07 0 	0 	-22988.0283365 	
1.05480961924e-07 0 	0 	-24102.9621116 	
1.06062124248e-07 0 	0 	-25217.8958867 	
1.06643286573e-07 0 	0 	-26725.0630192 	
1.07224448898e-07 0 	0 	-28889.4770644 	
1.07805611222e-07 0 	0 	-31053.8911097 	
1.08386773547e-07 0 	0 	-33218.3051549 	
1.08967935872e-07 0 	0 	-35382.7192001 	
1.09549098196e-07 0 	0 	-37547.1332454 	
1.10130260521e-07 0 	0 	-39711.5472906 	
1.10711422846e-07 0 	0 	-41875.9613358 	
1.1129258517e-07 0 	0 	-44040.375381 	
1.11873747495e-07 0 	0 	-46204.7894263 	
1.1245490982e-07 0 	0 	-48369.2034715 	
1.13036072144e-07 0 	0 	-50533.6175167 	
1.13617234469e-07 0 	0 	-54636.0724536 	
1.14198396794e-07 0 	0 	-58902.0723243 	
1.14779559118e-07 0 	0 	-63168.072195 	
1.15360721443e-07 0 	0 	-67434.0720657 	
1.15941883768e-07 0 	0 	-71700.0719363 	
1.16523046092e-07 0 	0 	-75966.071807 	
1.17104208417e-07 0 	0 	-80232.0716777 	
1.17685370741e-07 0 	0 	-84498.0715484 	
1.18266533066e-07 0 	0 	-88764.0714191 	
1.18847695391e-07 0 	0 	-93030.0712897 	
1.19428857715e-07 0 	0 	-97296.0711604 	
1.2001002004e-07 0 	0 	-102422.237931 	
1.20591182365e-07 0 	0 	-110964.4209 	
1.21172344689e-07 0 	0 	-119506.603868 	
1.21753507014e-07 0 	0 	-128048.786836 	
1.22334669339e-07 0 	0 	-136590.969804 	
1.22915831663e-07 0 	0 	-145133.152773 	
1.23496993988e-07 0 	0 	-153675.335741 	
1.24078156313e-07 0 	0 	-162217.518709 	
1.24659318637e-07 0 	0 	-170759.701677 	
1.25240480962e-07 0 	0 	-179301.884645 	
1.25821643287e-07 0 	0 	-187844.067614 	
1.26402805611e-07 0 	0 	-196386.250582 	
1.26983967936e-07 0 	0 	-206739.736964 	
1.27565130261e-07 0 	0 	-224147.041205 	
1.28146292585e-07 0 	0 	-241554.345446 	
1.2872745491e-07 0 	0 	-258961.649687 	
1.29308617234e-07 0 	0 	-276368.953928 	
1.29889779559e-07 0 	0 	-293776.258169 	
1.30470941884e-07 0 	0 	-311183.56241 	
1.31052104208e-07 0 	0 	-328590.866651 	
1.31633266533e-07 0 	0 	-345998.170892 	
1.32214428858e-07 0 	0 	-363405.475133 	
1.32795591182e-07 0 	0 	-380812.779374 	
1.33376753507e-07 0 	0 	-398220.083615 	
1.33957915832e-07 0 	0 	-415627.387856 	
1.34539078156e-07 0 	0 	-450549.524009 	
1.35120240481e-07 0 	0 	-486887.992355 	
1.35701402806e-07 0 	0 	-523226.460701 	
1.3628256513e-07 0 	0 	-559564.929047 	
1.36863727455e-07 0 	0 	-595903.397393 	
1.3744488978e-07 0 	0 	-632241.865739 	
1.38026052104e-07 0 	0 	-668580.334085 	
1.38607214429e-07 0 	0 	-704918.802431 	
1.39188376754e-07 0 	0 	-741257.270777 	
1.39769539078e-07 0 	0 	-777595.739123 	
1.40350701403e-07 0 	0 	-813934.207469 	
1.40931863727e-07 0 	0 	-850272.675815 	
1.41513026052e-07 0 	0 	-891158.122858 	
1.42094188377e-07 0 	0 	-940229.238525 	
1.42675350701e-07 0 	0 	-989300.354192 	
1.43256513026e-07 0 	0 	-1038371.46986 	
1.43837675351e-07 0 	0 	-1087442.58553 	
1.44418837675e-07 0 	0 	-1136513.70119 	
1.45e-07 0 	0 	-1185584.81686 	
