-1.45e-07 -0.015935599657 0.791254398536 1.25750992466
-1.44418837675e-07 -0.0155846725843 0.802086614081 1.24059595102
-1.43837675351e-07 -0.0152523405272 0.812433858405 1.22474190853
-1.43256513026e-07 -0.0149428746569 0.822203513384 1.21021682323
-1.42675350701e-07 -0.0146512385612 0.831506509664 1.19669942946
-1.42094188377e-07 -0.0143743281765 0.84041599914 1.18400078864
-1.41513026052e-07 -0.0141110790829 0.848955220621 1.17205307709
-1.40931863727e-07 -0.013867900802 0.856934164333 1.16118266684
-1.40350701403e-07 -0.0136368755777 0.864563826515 1.15094930076
-1.39769539078e-07 -0.0134164693508 0.871885721125 1.14126880898
-1.39188376754e-07 -0.0132111200709 0.878762938807 1.1323601646
-1.38607214429e-07 -0.01301773407 0.885277759944 1.12405206125
-1.38026052104e-07 -0.0128324663755 0.891544516433 1.11614860427
-1.3744488978e-07 -0.0126602412655 0.897406721866 1.10888713767
-1.36863727455e-07 -0.0124974832239 0.902968741169 1.10208319393
-1.3628256513e-07 -0.0123408458072 0.908336237227 1.09557448777
-1.35701402806e-07 -0.0121973854531 0.913277264346 1.08969180766
-1.35120240481e-07 -0.0120594028259 0.918037603693 1.08406526761
-1.34539078156e-07 -0.0119288007449 0.922554489045 1.07878384398
-1.33957915832e-07 -0.01180729877 0.926765856211 1.07392173022
-1.33376753507e-07 -0.0116893028538 0.930859124669 1.06922072899
-1.32795591182e-07 -0.0115815938205 0.934601338161 1.06498732544
-1.32214428858e-07 -0.0114771605285 0.938230057044 1.06090097206
-1.31633266533e-07 -0.0113795765916 0.941621466321 1.05712209073
-1.31052104208e-07 -0.0112870358758 0.944835678744 1.05356701811
-1.30470941884e-07 -0.0111987561741 0.947900177669 1.05020104131
-1.29889779559e-07 -0.0111166049651 0.950746541333 1.04710419219
-1.29308617234e-07 -0.0110368533718 0.953507493981 1.0441127202
-1.2872745491e-07 -0.0109637465573 0.956029086346 1.04141026291
-1.28146292585e-07 -0.0108917912206 0.958509199818 1.03875788916
-1.27565130261e-07 -0.0108265321664 0.960745412801 1.03639423904
-1.26983967936e-07 -0.010761684894 0.962966627342 1.03404834373
-1.26402805611e-07 -0.0107032156142 0.964953143156 1.03197527763
-1.25821643287e-07 -0.0106448311054 0.966936539548 1.02990583774
-1.25240480962e-07 -0.0105922221922 0.968705378269 1.02808169077
-1.24659318637e-07 -0.0105396971248 0.9704711022 1.02626110477
-1.24078156313e-07 -0.0104921375517 0.972050730967 1.0246500401
-1.23496993988e-07 -0.0104449095333 0.973617933837 1.02305296554
-1.22915831663e-07 -0.0104016964433 0.975033427244 1.02162430937
-1.22334669339e-07 -0.0103592428344 0.976420222633 1.02022751195
-1.21753507014e-07 -0.0103197714231 0.977693463936 1.01895514708
-1.21172344689e-07 -0.0102816080463 0.978916898795 1.01773736011
-1.20591182365e-07 -0.0102453616444 0.980066811837 1.0165991726
-1.2001002004e-07 -0.0102110413885 0.981142851329 1.01554096535
-1.19428857715e-07 -0.0101775818407 0.98218565362 1.01451833964
-1.18847695391e-07 -0.0101466931759 0.983129178424 1.01360199386
-1.18266533066e-07 -0.010115804511 0.984072703228 1.01268564808
-1.17685370741e-07 -0.0100878170202 0.984903461421 1.01188874641
-1.17104208417e-07 -0.010059982436 0.985728276243 1.01109814004
-1.16523046092e-07 -0.0100337594319 0.986490053124 1.01037363001
-1.15941883768e-07 -0.0100086338128 0.987208905124 1.00969412743
-1.15360721443e-07 -0.00998394990261 0.987910372238 1.00903267463
-1.14779559118e-07 -0.00996121885577 0.988534978068 1.00845102267
-1.14198396794e-07 -0.00993848780894 0.989159583898 1.00786937071
-1.13617234469e-07 -0.00991726968521 0.989724276879 1.00734932133
-1.13036072144e-07 -0.00989664783392 0.990265357041 1.00685355074
-1.1245490982e-07 -0.00987638154342 0.990792269219 1.00637220579
-1.11873747495e-07 -0.00985761080121 0.991259588483 1.00595153757
-1.1129258517e-07 -0.009838840059 0.991726907748 1.00553086936
-1.10711422846e-07 -0.00982105250773 0.992154800158 1.0051499427
-1.10130260521e-07 -0.00980390034637 0.992557212852 1.00479469913
-1.09549098196e-07 -0.00978674818501 0.992959625547 1.00443945556
-1.08967935872e-07 -0.00977095230746 0.993307288355 1.00413881739
-1.08386773547e-07 -0.00975521003214 0.993652787372 1.0038403373
-1.07805611222e-07 -0.00973977881248 0.993985641312 1.00355432629
-1.07224448898e-07 -0.00972525985655 0.994281409785 1.00330488456
-1.06643286573e-07 -0.00971074090062 0.994577178259 1.00305544284
-1.06062124248e-07 -0.00969673241416 0.994852037615 1.00282636413
-1.05480961924e-07 -0.00968327066498 0.995104502304 1.00261909517
-1.04899799599e-07 -0.00966980891581 0.995356966993 1.00241182621
-1.04318637275e-07 -0.00965693516178 0.995585147685 1.00222788156
-1.0373747495e-07 -0.00964438332828 0.99580003317 1.00205670669
-1.03156312625e-07 -0.00963183149477 0.996014918656 1.00188553182
-1.02575150301e-07 -0.0096198589608 0.996205660575 1.00173718646
-1.01993987976e-07 -0.00960808699212 0.996388043501 1.00159674513
-1.01412825651e-07 -0.00959631502343 0.996570426427 1.0014563038
-1.00831663327e-07 -0.00958505625525 0.996731202569 1.00133593153
-1.00250501002e-07 -0.00957394981889 0.996885565231 1.0012215163
-9.96693386774e-08 -0.00956284338253 0.997039927894 1.00110710107
-9.90881763527e-08 -0.00955214943882 0.997176724759 1.00100866908
-9.85070140281e-08 -0.00954160846534 0.997307007461 1.00091616436
-9.79258517034e-08 -0.00953106749185 0.997437290163 1.00082365965
-9.73446893788e-08 -0.00952082126408 0.997554858571 1.00074245068
-9.67635270541e-08 -0.00951075856416 0.997664510234 1.00066827518
-9.61823647295e-08 -0.00950069586423 0.997774161896 1.00059409968
-9.56012024048e-08 -0.00949080622911 0.997876238222 1.00052646938
-9.50200400802e-08 -0.00948114618767 0.997968264849 1.00046752216
-9.44388777555e-08 -0.00947148614622 0.998060291476 1.00040857495
-9.38577154309e-08 -0.00946188290811 0.998149790017 1.00035174191
-9.32765531062e-08 -0.00945256025883 0.998226800686 1.00030535217
-9.26953907816e-08 -0.00944323760954 0.998303811354 1.00025896242
-9.21142284569e-08 -0.00943391496026 0.998380822023 1.00021257268
-9.15330661323e-08 -0.00942482586394 0.998447239284 1.00017470882
-9.09519038076e-08 -0.00941578454636 0.998511489414 1.00013858914
-9.0370741483e-08 -0.00940674322878 0.998575739544 1.00010246946
-8.97895791583e-08 -0.00939779841264 0.998635517044 1.00006979066
-8.92084168337e-08 -0.00938899051296 0.998688948766 1.00004199382
-8.8627254509e-08 -0.00938018261328 0.998742380488 1.00001419698
-8.80460921844e-08 -0.0093713747136 0.998795812211 0.999986400142
-8.74649298597e-08 -0.00936274335959 0.998840857895 0.99996472048
-8.68837675351e-08 -0.00935412813506 0.998885137419 0.999943599693
-8.63026052104e-08 -0.00934551291053 0.998929416942 0.999922478905
-8.57214428858e-08 -0.00933695097993 0.99897109339 0.999903141163
-8.51402805611e-08 -0.009328493966 0.999007645313 0.999887313599
-8.45591182365e-08 -0.00932003695207 0.999044197235 0.999871486034
-8.39779559118e-08 -0.00931157993815 0.999080749157 0.99985565847
-8.33967935872e-08 -0.00930320990911 0.999112916324 0.999842618668
-8.28156312625e-08 -0.00929488210737 0.999142954887 0.9998309322
-8.22344689379e-08 -0.00928655430562 0.99917299345 0.999819245731
-8.16533066132e-08 -0.00927822650388 0.999203032013 0.999807559263
-8.10721442886e-08 -0.00926999560142 0.999228009635 0.999798817727
-8.04909819639e-08 -0.00926177274575 0.999252566982 0.999790320747
-7.99098196393e-08 -0.00925354989008 0.999277124329 0.999781823767
-7.93286573146e-08 -0.0092453342568 0.999301289183 0.999773532256
-7.874749499e-08 -0.00923719615454 0.999321240693 0.999767446416
-7.81663326653e-08 -0.00922905805228 0.999341192203 0.999761360575
-7.75851703407e-08 -0.00922091995002 0.999361143714 0.999755274735
-7.7004008016e-08 -0.00921279251702 0.999380489266 0.999749468232
-7.64228456914e-08 -0.00920472246119 0.999396576101 0.999745163951
-7.58416833667e-08 -0.00919665240536 0.999412662936 0.99974085967
-7.52605210421e-08 -0.00918858234953 0.999428749771 0.99973655539
-7.46793587174e-08 -0.00918051967538 0.999444396482 0.999732424946
-7.40981963928e-08 -0.00917250392392 0.999457245475 0.999729399523
-7.35170340681e-08 -0.00916448817246 0.999470094469 0.9997263741
-7.29358717435e-08 -0.00915647242099 0.999482943462 0.999723348678
-7.23547094188e-08 -0.00914845755047 0.999495737067 0.999720341327
-7.17735470942e-08 -0.00914048486776 0.999505878137 0.999718199479
-7.11923847695e-08 -0.00913251218506 0.999516019207 0.999716057631
-7.06112224449e-08 -0.00912453950236 0.999526160277 0.999713915782
-7.00300601202e-08 -0.00911656681966 0.999536301348 0.999711773934
-6.94488977956e-08 -0.00910862156412 0.999544616185 0.999710099593
-6.88677354709e-08 -0.00910068282025 0.999552497444 0.999708536246
-6.82865731463e-08 -0.00909274407637 0.999560378704 0.999706972899
-6.77054108216e-08 -0.0090848053325 0.999568259963 0.999705409552
-6.7124248497e-08 -0.00907687978416 0.999575207184 0.999704019307
-6.65430861723e-08 -0.00906896760689 0.99958120794 0.999702804466
-6.59619238477e-08 -0.00906105542962 0.999587208696 0.999701589626
-6.5380761523e-08 -0.00905314325235 0.999593209452 0.999700374785
-6.47995991984e-08 -0.00904523280582 0.999599079564 0.999699175059
-6.42184368737e-08 -0.0090373412806 0.999603521408 0.999698140578
-6.36372745491e-08 -0.00902944975537 0.999607963251 0.999697106096
-6.30561122244e-08 -0.00902155823015 0.999612405095 0.999696071615
-6.24749498998e-08 -0.00901366670493 0.999616846939 0.999695037134
-6.18937875752e-08 -0.00900578421791 0.999620559718 0.999694038128
-6.13126252505e-08 -0.00899790863102 0.999623715899 0.999693066207
-6.07314629259e-08 -0.00899003304413 0.99962687208 0.999692094286
-6.01503006012e-08 -0.00898215745725 0.999630028262 0.999691122365
-5.95691382766e-08 -0.00897428187036 0.999633184443 0.999690150443
-5.89879759519e-08 -0.00896641780777 0.999635346627 0.999689164531
-5.84068136273e-08 -0.00895855442806 0.99963744991 0.999688177789
-5.78256513026e-08 -0.00895069104836 0.999639553193 0.999687191048
-5.7244488978e-08 -0.00894282766865 0.999641656476 0.999686204306
-5.66633266533e-08 -0.00893496625754 0.99964357847 0.999685204764
-5.60821643287e-08 -0.00892711215229 0.999644827661 0.999684157719
-5.5501002004e-08 -0.00891925804703 0.999646076853 0.999683110674
-5.49198396794e-08 -0.00891140394178 0.999647326044 0.999682063629
-5.43386773547e-08 -0.00890354983653 0.999648575235 0.999681016584
-5.37575150301e-08 -0.00889569830991 0.999649572001 0.99967993959
-5.31763527054e-08 -0.0088878511906 0.999650137329 0.999678811407
-5.25951903808e-08 -0.00888000407129 0.999650702657 0.999677683225
-5.20140280561e-08 -0.00887215695198 0.999651267985 0.999676555043
-5.14328657315e-08 -0.00886430983268 0.999651833313 0.99967542686
-5.08517034068e-08 -0.0088564648614 0.999652177058 0.999674264298
-5.02705410822e-08 -0.00884862295563 0.999652204578 0.999673052671
-4.96893787575e-08 -0.00884078104987 0.999652232098 0.999671841044
-4.91082164329e-08 -0.0088329391441 0.999652259618 0.999670629418
-4.85270541082e-08 -0.00882509723833 0.999652287138 0.999669417791
-4.79458917836e-08 -0.00881725663539 0.999652175181 0.999668181696
-4.73647294589e-08 -0.0088094185812 0.999651790361 0.999666897734
-4.67835671343e-08 -0.00880158052702 0.999651405541 0.999665613772
-4.62024048096e-08 -0.00879374247284 0.999651020721 0.99966432981
-4.5621242485e-08 -0.00878590441865 0.999650635901 0.999663045848
-4.50400801603e-08 -0.00877806677277 0.999650206888 0.999661754336
-4.44589178357e-08 -0.00877023153223 0.999649517525 0.999660418343
-4.3877755511e-08 -0.0087623962917 0.999648828163 0.99965908235
-4.32965931864e-08 -0.00875456105116 0.9996481388 0.999657746358
-4.27154308617e-08 -0.00874672581063 0.999647449437 0.999656410365
-4.21342685371e-08 -0.00873889057009 0.999646760074 0.999655074372
-4.15531062124e-08 -0.00873105701364 0.999645894762 0.999653716837
-4.09719438878e-08 -0.00872322380269 0.999644993352 0.999652354883
-4.03907815631e-08 -0.00871539059174 0.999644091943 0.999650992928
-3.98096192385e-08 -0.00870755738079 0.999643190533 0.999649630974
-3.92284569138e-08 -0.00869972416984 0.999642289124 0.999648269019
-3.86472945892e-08 -0.0086918915207 0.999641335968 0.999646908285
-3.80661322645e-08 -0.00868405975267 0.999640301654 0.999645549465
-3.74849699399e-08 -0.00867622798465 0.99963926734 0.999644190644
-3.69038076152e-08 -0.00866839621663 0.999638233026 0.999642831824
-3.63226452906e-08 -0.0086605644486 0.999637198712 0.999641473004
-3.57414829659e-08 -0.00865273268058 0.999636164398 0.999640114184
-3.51603206413e-08 -0.00864490174051 0.999635076312 0.999638782558
-3.45791583166e-08 -0.00863707098106 0.999633976496 0.999637456866
-3.3997995992e-08 -0.00862924022161 0.99963287668 0.999636131173
-3.34168336673e-08 -0.00862140946216 0.999631776864 0.999634805481
-3.28356713427e-08 -0.00861357870271 0.999630677048 0.999633479788
-3.2254509018e-08 -0.00860574802715 0.999629576204 0.999632161676
-3.16733466934e-08 -0.00859791795852 0.999628467919 0.9996308984
-3.10921843687e-08 -0.00859008788989 0.999627359634 0.999629635124
-3.05110220441e-08 -0.00858225782126 0.999626251349 0.999628371849
-2.99298597194e-08 -0.00857442775262 0.999625143064 0.999627108573
-2.93486973948e-08 -0.00856659768399 0.999624034779 0.999625845298
-2.87675350701e-08 -0.00855876774824 0.999622937831 0.999624607887
-2.81863727455e-08 -0.0085509381412 0.999621868931 0.999623434466
-2.76052104208e-08 -0.00854310853416 0.999620800031 0.999622261044
-2.70240480962e-08 -0.00853527892712 0.999619731131 0.999621087622
-2.64428857715e-08 -0.00852744932008 0.999618662231 0.9996199142
-2.58617234469e-08 -0.00851961971304 0.99961759333 0.999618740778
-2.52805611222e-08 -0.0085117902008 0.999616549511 0.999617603708
-2.46993987976e-08 -0.00850396089279 0.999615559728 0.999616544957
-2.41182364729e-08 -0.00849613158478 0.999614569945 0.999615486207
-2.35370741483e-08 -0.00848830227677 0.999613580162 0.999614427456
-2.29559118236e-08 -0.00848047296876 0.999612590379 0.999613368706
-2.2374749499e-08 -0.00847264366074 0.999611600596 0.999612309956
-2.17935871743e-08 -0.00846481439102 0.999610633782 0.99961127926
-2.12124248497e-08 -0.00845698526919 0.999609755689 0.999610356927
-2.0631262525e-08 -0.00844915614736 0.999608877596 0.999609434595
-2.00501002004e-08 -0.00844132702553 0.999607999503 0.999608512262
-1.94689378758e-08 -0.0084334979037 0.99960712141 0.999607589929
-1.88877755511e-08 -0.00842566878187 0.999606243316 0.999606667596
-1.83066132265e-08 -0.00841783966004 0.999605365223 0.999605745263
-1.77254509018e-08 -0.00841001064276 0.999604618284 0.999604970144
-1.71442885772e-08 -0.00840218163093 0.999603878175 0.999604202693
-1.65631262525e-08 -0.0083943526191 0.999603138066 0.999603435241
-1.59819639279e-08 -0.00838652360727 0.999602397958 0.99960266779
-1.54008016032e-08 -0.00837869459545 0.999601657849 0.999601900338
-1.48196392786e-08 -0.00837086558362 0.99960091774 0.999601132886
-1.42384769539e-08 -0.00836303660491 0.999600264678 0.99960045863
-1.36573146293e-08 -0.00835520765351 0.99959968337 0.999599861198
-1.30761523046e-08 -0.00834737870211 0.999599102062 0.999599263767
-1.249498998e-08 -0.0083395497507 0.999598520754 0.999598666335
-1.19138276553e-08 -0.0083317207993 0.999597939447 0.999598068903
-1.13326653307e-08 -0.0083238918479 0.999597358139 0.999597471471
-1.0751503006e-08 -0.0083160628965 0.999596776831 0.999596874039
-1.01703406814e-08 -0.00830823397457 0.999596369518 0.999596457603
-9.58917835671e-09 -0.0083004050528 0.999595963055 0.99959604205
-9.00801603206e-09 -0.00829257613102 0.999595556591 0.999595626497
-8.42685370741e-09 -0.00828474720924 0.999595150128 0.999595210944
-7.84569138277e-09 -0.00827691828746 0.999594743664 0.999594795391
-7.26452905812e-09 -0.00826908936568 0.999594337201 0.999594379838
-6.68336673347e-09 -0.00826126044715 0.999593984493 0.999594019138
-6.10220440882e-09 -0.00825343153666 0.99959376472 0.999593794085
-5.52104208417e-09 -0.00824560262617 0.999593544947 0.999593569033
-4.93987975952e-09 -0.00823777371568 0.999593325174 0.99959334398
-4.35871743487e-09 -0.00822994480519 0.999593105401 0.999593118928
-3.77755511022e-09 -0.0082221158947 0.999592885628 0.999592893875
-3.19639278557e-09 -0.00821428698421 0.999592665855 0.999592668823
-2.61523046092e-09 -0.00820645807371 0.999592528439 0.999592526584
-2.03406813627e-09 -0.00819862916319 0.999592503407 0.999592497351
-1.45290581162e-09 -0.00819080025268 0.999592478374 0.999592468118
-8.71743486974e-10 -0.00818297134216 0.999592453341 0.999592438885
-2.90581162324e-10 -0.00817514243165 0.999592428309 0.999592409653
2.90581162325e-10 -0.00816731352113 0.999592403276 0.99959238042
8.71743486974e-10 -0.00815948461062 0.999592378243 0.999592351187
1.45290581162e-09 -0.00815165569627 0.999592432144 0.999592400246
2.03406813627e-09 -0.00814382677607 0.999592606267 0.999592568551
2.61523046092e-09 -0.00813599785588 0.99959278039 0.999592736857
3.19639278557e-09 -0.00812816893569 0.999592954514 0.999592905162
3.77755511022e-09 -0.0081203400155 0.999593128637 0.999593073467
4.35871743487e-09 -0.0081125110953 0.99959330276 0.999593241773
4.93987975952e-09 -0.00810468217511 0.999593476884 0.999593410078
5.52104208417e-09 -0.00809685325003 0.99959369185 0.999593618241
6.10220440882e-09 -0.00808902430593 0.999594065766 0.999593981518
6.68336673347e-09 -0.00808119536182 0.999594439682 0.999594344795
7.26452905812e-09 -0.00807336641772 0.999594813598 0.999594708073
7.84569138277e-09 -0.00806553747362 0.999595187514 0.99959507135
8.42685370742e-09 -0.00805770852952 0.999595561431 0.999595434628
9.00801603206e-09 -0.00804987958542 0.999595935347 0.999595797905
9.58917835671e-09 -0.00804205064131 0.999596309263 0.999596161182
1.01703406814e-08 -0.00803422165395 0.999596848567 0.999596682034
1.0751503006e-08 -0.00802639265854 0.999597418609 0.999597232171
1.13326653307e-08 -0.00801856366313 0.999597988651 0.999597782308
1.19138276553e-08 -0.00801073466772 0.999598558692 0.999598332445
1.249498998e-08 -0.00800290567232 0.999599128734 0.999598882582
1.30761523046e-08 -0.00799507667691 0.999599698775 0.999599432719
1.36573146293e-08 -0.0079872476815 0.999600268817 0.999599982856
1.42384769539e-08 -0.00797941865363 0.999600896686 0.999600585852
1.48196392786e-08 -0.00797158955312 0.999601653923 0.999601307102
1.54008016032e-08 -0.00796376045262 0.99960241116 0.999602028352
1.59819639279e-08 -0.00795593135211 0.999603168397 0.999602749602
1.65631262525e-08 -0.00794810225161 0.999603925634 0.999603470852
1.71442885772e-08 -0.0079402731511 0.999604682871 0.999604192102
1.77254509018e-08 -0.0079324440506 0.999605440108 0.999604913352
1.83066132265e-08 -0.00792461495009 0.999606197345 0.999605634602
1.88877755511e-08 -0.00791678572585 0.999607057075 0.999606442147
1.94689378758e-08 -0.00790895641817 0.999607985918 0.99960730788
2.00501002004e-08 -0.00790112711049 0.99960891476 0.999608173613
2.06312625251e-08 -0.00789329780281 0.999609843602 0.999609039346
2.12124248497e-08 -0.00788546849513 0.999610772444 0.999609905078
2.17935871743e-08 -0.00787763918745 0.999611701287 0.999610770811
2.2374749499e-08 -0.00786980987976 0.999612630129 0.999611636544
2.29559118236e-08 -0.00786198057208 0.999613558971 0.999612502277
2.35370741483e-08 -0.00785415098624 0.999614591769 0.999613439897
2.41182364729e-08 -0.00784632128352 0.999615668245 0.99961440772
2.46993987976e-08 -0.00783849158079 0.999616744721 0.999615375543
2.52805611222e-08 -0.00783066187807 0.999617821196 0.999616343365
2.58617234469e-08 -0.00782283217535 0.999618897672 0.999617311188
2.64428857715e-08 -0.00781500247263 0.999619974148 0.999618279011
2.70240480962e-08 -0.00780717276991 0.999621050624 0.999619246834
2.76052104208e-08 -0.00779934306719 0.9996221271 0.999620214657
2.81863727455e-08 -0.00779151290525 0.999623274596 0.999621205444
2.87675350701e-08 -0.00778368246815 0.999624464652 0.999622209991
2.93486973948e-08 -0.00777585203104 0.999625654707 0.999623214538
2.99298597194e-08 -0.00776802159393 0.999626844763 0.999624219086
3.05110220441e-08 -0.00776019115682 0.999628034818 0.999625223633
3.10921843687e-08 -0.00775236071971 0.999629224873 0.99962622818
3.16733466934e-08 -0.0077445302826 0.999630414929 0.999627232727
3.2254509018e-08 -0.00773669984549 0.999631604984 0.999628237275
3.28356713427e-08 -0.00772886893016 0.999632819474 0.999629219638
3.34168336673e-08 -0.00772103715105 0.9996340781 0.999630161933
3.3997995992e-08 -0.00771320537193 0.999635336726 0.999631104227
3.45791583166e-08 -0.00770537359281 0.999636595352 0.999632046522
3.51603206413e-08 -0.00769754181369 0.999637853978 0.999632988816
3.57414829659e-08 -0.00768971003458 0.999639112604 0.999633931111
3.63226452906e-08 -0.00768187825546 0.99964037123 0.999634873405
3.69038076152e-08 -0.00767404647634 0.999641629855 0.999635815699
3.74849699399e-08 -0.00766621469722 0.999642888481 0.999636757994
3.80661322645e-08 -0.0076583807502 0.999644159827 0.999637512134
3.86472945892e-08 -0.0076505465429 0.9996454327 0.999638243685
3.92284569138e-08 -0.00764271233561 0.999646705573 0.999638975236
3.98096192385e-08 -0.00763487812831 0.999647978446 0.999639706787
4.03907815631e-08 -0.00762704392102 0.999649251318 0.999640438339
4.09719438878e-08 -0.00761920971372 0.999650524191 0.99964116989
4.15531062124e-08 -0.00761137550643 0.999651797064 0.999641901441
4.21342685371e-08 -0.00760354129913 0.999653069937 0.999642632992
4.27154308617e-08 -0.00759570608482 0.999654333169 0.999643264869
4.32965931864e-08 -0.00758786750161 0.99965556415 0.999643563293
4.3877755511e-08 -0.0075800289184 0.999656795131 0.999643861717
4.44589178357e-08 -0.00757219033519 0.999658026112 0.999644160141
4.50400801603e-08 -0.00756435175198 0.999659257093 0.999644458564
4.5621242485e-08 -0.00755651316877 0.999660488073 0.999644756988
4.62024048096e-08 -0.00754867458557 0.999661719054 0.999645055412
4.67835671343e-08 -0.00754083600236 0.999662950035 0.999645353836
4.73647294589e-08 -0.00753299741915 0.999664181016 0.99964565226
4.79458917836e-08 -0.00752515596678 0.999665382913 0.999645671386
4.85270541082e-08 -0.00751730949259 0.999666533907 0.999645201664
4.91082164329e-08 -0.0075094630184 0.999667684901 0.999644731941
4.96893787575e-08 -0.00750161654422 0.999668835894 0.999644262219
5.02705410822e-08 -0.00749377007003 0.999669986888 0.999643792497
5.08517034068e-08 -0.00748592359584 0.999671137882 0.999643322775
5.14328657315e-08 -0.00747807712166 0.999672288876 0.999642853053
5.20140280561e-08 -0.00747023064747 0.999673439869 0.999642383331
5.25951903808e-08 -0.00746238417328 0.999674590863 0.999641913609
5.31763527054e-08 -0.00745453357765 0.999675725904 0.999641074693
5.37575150301e-08 -0.00744667281447 0.999676821591 0.999639324983
5.43386773547e-08 -0.00743881205129 0.999677917278 0.999637575273
5.49198396794e-08 -0.00743095128811 0.999679012965 0.999635825563
5.5501002004e-08 -0.00742309052493 0.999680108652 0.999634075853
5.60821643287e-08 -0.00741522976175 0.999681204339 0.999632326143
5.66633266533e-08 -0.00740736899857 0.999682300025 0.999630576433
5.7244488978e-08 -0.0073995082354 0.999683395712 0.999628826723
5.78256513026e-08 -0.00739164747222 0.999684491399 0.999627077013
5.84068136273e-08 -0.00738378670904 0.999685587086 0.999625327303
5.89879759519e-08 -0.00737589990193 0.999686808584 0.999621498474
5.95691382766e-08 -0.00736801308757 0.999688030117 0.999617669064
6.01503006012e-08 -0.00736012627321 0.999689251651 0.999613839655
6.07314629259e-08 -0.00735223945885 0.999690473184 0.999610010246
6.13126252505e-08 -0.00734435264448 0.999691694717 0.999606180837
6.18937875752e-08 -0.00733646583012 0.99969291625 0.999602351427
6.24749498998e-08 -0.00732857901576 0.999694137784 0.999598522018
6.30561122244e-08 -0.0073206922014 0.999695359317 0.999594692609
6.36372745491e-08 -0.00731280538703 0.99969658085 0.9995908632
6.42184368737e-08 -0.00730489497889 0.999698123837 0.999585375656
6.47995991984e-08 -0.00729696025203 0.999699998154 0.999578179031
6.5380761523e-08 -0.00728902552517 0.999701872471 0.999570982405
6.59619238477e-08 -0.00728109079831 0.999703746788 0.99956378578
6.65430861723e-08 -0.00727315607145 0.999705621105 0.999556589155
6.7124248497e-08 -0.00726522134459 0.999707495421 0.999549392529
6.77054108216e-08 -0.00725728661773 0.999709369738 0.999542195904
6.82865731463e-08 -0.00724935189087 0.999711244055 0.999534999279
6.88677354709e-08 -0.00724141716401 0.999713118372 0.999527802653
6.94488977956e-08 -0.00723348243715 0.999714992689 0.999520606028
7.00300601202e-08 -0.00722547993023 0.999718314941 0.999509210106
7.06112224449e-08 -0.00721745618681 0.999722090851 0.999496498482
7.11923847695e-08 -0.00720943244338 0.999725866762 0.999483786857
7.17735470942e-08 -0.00720140869996 0.999729642673 0.999471075233
7.23547094188e-08 -0.00719338495654 0.999733418584 0.999458363609
7.29358717435e-08 -0.00718536121312 0.999737194495 0.999445651985
7.35170340681e-08 -0.0071773374697 0.999740970405 0.999432940361
7.40981963928e-08 -0.00716931372628 0.999744746316 0.999420228737
7.46793587174e-08 -0.00716128998286 0.999748522227 0.999407517112
7.52605210421e-08 -0.00715326623944 0.999752298138 0.999394805488
7.58416833667e-08 -0.00714510846695 0.999759773098 0.999374691491
7.64228456914e-08 -0.00713691749008 0.999768164461 0.999352743629
7.7004008016e-08 -0.00712872651321 0.999776555825 0.999330795766
7.75851703407e-08 -0.00712053553633 0.999784947188 0.999308847904
7.81663326653e-08 -0.00711234455946 0.999793338552 0.999286900041
7.874749499e-08 -0.00710415358259 0.999801729915 0.999264952179
7.93286573146e-08 -0.00709596260572 0.999810121279 0.999243004316
7.99098196393e-08 -0.00708777162884 0.999818512642 0.999221056454
8.04909819639e-08 -0.00707958065197 0.999826904006 0.999199108591
8.10721442886e-08 -0.0070713896751 0.999835295369 0.999177160729
8.16533066132e-08 -0.00706300569398 0.999849919288 0.999145544049
8.22344689379e-08 -0.0070544968038 0.999868576812 0.999107669875
8.28156312625e-08 -0.00704598791363 0.999887234335 0.999069795701
8.33967935872e-08 -0.00703747902345 0.999905891859 0.999031921528
8.39779559118e-08 -0.00702897013328 0.999924549382 0.998994047354
8.45591182365e-08 -0.0070204612431 0.999943206906 0.99895617318
8.51402805611e-08 -0.00701195235293 0.999961864429 0.998918299006
8.57214428858e-08 -0.00700344346275 0.999980521953 0.998880424833
8.63026052104e-08 -0.00699493457258 0.999999179476 0.998842550659
8.68837675351e-08 -0.0069864256824 1.000017837 0.998804676485
8.74649298597e-08 -0.00697781102739 1.00004026124 0.998761899691
8.80460921844e-08 -0.00696869029106 1.00008070913 0.998695664014
8.8627254509e-08 -0.00695956955472 1.00012115701 0.998629428338
8.92084168337e-08 -0.00695044881839 1.00016160489 0.998563192662
8.97895791583e-08 -0.00694132808206 1.00020205277 0.998496956986
9.0370741483e-08 -0.00693220734573 1.00024250065 0.998430721309
9.09519038076e-08 -0.0069230866094 1.00028294853 0.998364485633
9.15330661323e-08 -0.00691396587307 1.00032339642 0.998298249957
9.21142284569e-08 -0.00690484513674 1.0003638443 0.998232014281
9.26953907816e-08 -0.00689572440041 1.00040429218 0.998165778604
9.32765531062e-08 -0.00688660366408 1.00044474006 0.998099542928
9.38577154309e-08 -0.0068768948783 1.00050743434 0.998007598253
9.44388777555e-08 -0.00686658158173 1.00059299776 0.997889224904
9.50200400802e-08 -0.00685626828515 1.00067856118 0.997770851555
9.56012024048e-08 -0.00684595498857 1.00076412459 0.997652478206
9.61823647295e-08 -0.00683564169199 1.00084968801 0.997534104856
9.67635270541e-08 -0.00682532839541 1.00093525143 0.997415731507
9.73446893788e-08 -0.00681501509883 1.00102081485 0.997297358158
9.79258517034e-08 -0.00680470180226 1.00110637827 0.997178984809
9.85070140281e-08 -0.00679438850568 1.00119194169 0.99706061146
9.90881763527e-08 -0.0067840752091 1.00127750511 0.99694223811
9.96693386774e-08 -0.00677376191252 1.00136306853 0.996823864761
1.00250501002e-07 -0.00676212518164 1.0015005591 0.996650052922
1.00831663327e-07 -0.0067494571415 1.00167851481 0.996433039672
1.01412825651e-07 -0.00673678910136 1.00185647052 0.996216026423
1.01993987976e-07 -0.00672412106122 1.00203442623 0.995999013173
1.02575150301e-07 -0.00671145302108 1.00221238194 0.995781999923
1.03156312625e-07 -0.00669878498094 1.00239033764 0.995564986674
1.0373747495e-07 -0.00668611694081 1.00256829335 0.995347973424
1.04318637275e-07 -0.00667344890067 1.00274624906 0.995130960174
1.04899799599e-07 -0.00666078086053 1.00292420477 0.994913946925
1.05480961924e-07 -0.00664811282039 1.00310216048 0.994696933675
1.06062124248e-07 -0.00663544478025 1.00328011619 0.994479920425
1.06643286573e-07 -0.00662101596673 1.00352872486 0.994191470993
1.07224448898e-07 -0.00660363670843 1.00389572337 0.993783319321
1.07805611222e-07 -0.00658625745012 1.00426272188 0.99337516765
1.08386773547e-07 -0.00656887819181 1.00462972039 0.992967015978
1.08967935872e-07 -0.0065514989335 1.0049967189 0.992558864307
1.09549098196e-07 -0.0065341196752 1.00536371741 0.992150712635
1.10130260521e-07 -0.00651674041689 1.00573071592 0.991742560964
1.10711422846e-07 -0.00649936115858 1.00609771443 0.991334409293
1.1129258517e-07 -0.00648198190027 1.00646471294 0.990926257621
1.11873747495e-07 -0.00646460264197 1.00683171145 0.99051810595
1.1245490982e-07 -0.00644722338366 1.00719870996 0.990109954278
1.13036072144e-07 -0.00642984412535 1.00756570847 0.989701802607
1.13617234469e-07 -0.0064036551988 1.00829218202 0.988945983612
1.14198396794e-07 -0.00637672285314 1.0090489905 0.988160826108
1.14779559118e-07 -0.00634979050749 1.00980579898 0.987375668605
1.15360721443e-07 -0.00632285816183 1.01056260745 0.986590511102
1.15941883768e-07 -0.00629592581618 1.01131941593 0.985805353598
1.16523046092e-07 -0.00626899347053 1.01207622441 0.985020196095
1.17104208417e-07 -0.00624206112487 1.01283303288 0.984235038591
1.17685370741e-07 -0.00621512877922 1.01358984136 0.983449881088
1.18266533066e-07 -0.00618819643356 1.01434664984 0.982664723584
1.18847695391e-07 -0.00616126408791 1.01510345831 0.981879566081
1.19428857715e-07 -0.00613433174226 1.01586026679 0.981094408577
1.2001002004e-07 -0.0061034493254 1.01678159849 0.980158275864
1.20591182365e-07 -0.00605687982826 1.018356308 0.978622569087
1.21172344689e-07 -0.00601031033112 1.01993101752 0.977086862311
1.21753507014e-07 -0.00596374083399 1.02150572704 0.975551155534
1.22334669339e-07 -0.00591717133685 1.02308043656 0.974015448757
1.22915831663e-07 -0.00587060183972 1.02465514608 0.972479741981
1.23496993988e-07 -0.00582403234258 1.02622985559 0.970944035204
1.24078156313e-07 -0.00577746284545 1.02780456511 0.969408328428
1.24659318637e-07 -0.00573089334831 1.02937927463 0.967872621651
1.25240480962e-07 -0.00568432385117 1.03095398415 0.966336914875
1.25821643287e-07 -0.00563775435404 1.03252869367 0.964801208098
1.26402805611e-07 -0.0055911848569 1.03410340318 0.963265501322
1.26983967936e-07 -0.00553625179029 1.03604009024 0.961425879403
1.27565130261e-07 -0.00544874820278 1.03938643821 0.958402710852
1.28146292585e-07 -0.00536124461526 1.04273278619 0.955379542301
1.2872745491e-07 -0.00527374102774 1.04607913416 0.952356373751
1.29308617234e-07 -0.00518623744022 1.04942548213 0.9493332052
1.29889779559e-07 -0.0050987338527 1.05277183011 0.946310036649
1.30470941884e-07 -0.00501123026519 1.05611817808 0.943286868098
1.31052104208e-07 -0.00492372667767 1.05946452605 0.940263699547
1.31633266533e-07 -0.00483622309015 1.06281087403 0.937240530996
1.32214428858e-07 -0.00474871950263 1.066157222 0.934217362446
1.32795591182e-07 -0.00466121591511 1.06950356997 0.931194193895
1.33376753507e-07 -0.0045737123276 1.07284991795 0.928171025344
1.33957915832e-07 -0.00448620874008 1.07619626592 0.925147856793
1.34539078156e-07 -0.00431858918043 1.08330741827 0.919481234626
1.35120240481e-07 -0.00414449106414 1.09072301051 0.913600850291
1.35701402806e-07 -0.00397039294786 1.09813860275 0.907720465955
1.3628256513e-07 -0.00379629483157 1.105554195 0.90184008162
1.36863727455e-07 -0.00362219671529 1.11296978724 0.895959697284
1.3744488978e-07 -0.003448098599 1.12038537948 0.890079312948
1.38026052104e-07 -0.00327400048272 1.12780097173 0.884198928613
1.38607214429e-07 -0.00309990236644 1.13521656397 0.878318544277
1.39188376754e-07 -0.00292580425015 1.14263215621 0.872438159942
1.39769539078e-07 -0.00275170613387 1.15004774846 0.866557775606
1.40350701403e-07 -0.00257760801758 1.1574633407 0.86067739127
1.40931863727e-07 -0.0024035099013 1.16487893294 0.854797006935
1.41513026052e-07 -0.0021628541521 1.17573652752 0.846961324532
1.42094188377e-07 -0.00180237846008 1.19279056426 0.835605629586
1.42675350701e-07 -0.00144190276806 1.20984460101 0.824249934641
1.43256513026e-07 -0.00108142707605 1.22689863775 0.812894239696
1.43837675351e-07 -0.000720951384032 1.24395267449 0.801538544751
1.44418837675e-07 -0.000360475692016 1.26100671123 0.790182849805
1.45e-07 0 1.27806074797 0.77882715486
