-1.45e-07 0 	0 	701792.653572 	
-1.44418837675e-07 0 	0 	661142.856268 	
-1.43837675351e-07 0 	0 	621710.586896 	
-1.43256513026e-07 0 	0 	585024.182652 	
-1.42675350701e-07 0 	0 	550476.125082 	
-1.42094188377e-07 0 	0 	517693.268366 	
-1.41513026052e-07 0 	0 	486547.492653 	
-1.40931863727e-07 0 	0 	457806.056674 	
-1.40350701403e-07 0 	0 	430520.530797 	
-1.39769539078e-07 0 	0 	404507.296582 	
-1.39188376754e-07 0 	0 	380298.587247 	
-1.38607214429e-07 0 	0 	357524.699754 	
-1.38026052104e-07 0 	0 	335724.855733 	
-1.3744488978e-07 0 	0 	315490.916554 	
-1.36863727455e-07 0 	0 	296395.107247 	
-1.3628256513e-07 0 	0 	278035.248219 	
-1.35701402806e-07 0 	0 	261262.034183 	
-1.35120240481e-07 0 	0 	245149.585614 	
-1.34539078156e-07 0 	0 	229927.435207 	
-1.33957915832e-07 0 	0 	215805.23231 	
-1.33376753507e-07 0 	0 	202107.002668 	
-1.32795591182e-07 0 	0 	189654.931704 	
-1.32214428858e-07 0 	0 	177600.640238 	
-1.31633266533e-07 0 	0 	166378.079 	
-1.31052104208e-07 0 	0 	155769.502962 	
-1.30470941884e-07 0 	0 	145679.6826 	
-1.29889779559e-07 0 	0 	136338.014357 	
-1.29308617234e-07 0 	0 	127289.28561 	
-1.2872745491e-07 0 	0 	119054.077478 	
-1.28146292585e-07 0 	0 	110959.844845 	
-1.27565130261e-07 0 	0 	103687.922918 	
-1.26983967936e-07 0 	0 	96466.5682515 	
-1.26402805611e-07 0 	0 	90030.9198504 	
-1.25821643287e-07 0 	0 	83605.7144094 	
-1.25240480962e-07 0 	0 	77894.3557503 	
-1.24659318637e-07 0 	0 	72193.3601947 	
-1.24078156313e-07 0 	0 	67108.1925207 	
-1.23496993988e-07 0 	0 	62064.14474 	
-1.22915831663e-07 0 	0 	57519.8080848 	
-1.22334669339e-07 0 	0 	53069.998944 	
-1.21753507014e-07 0 	0 	48992.7334687 	
-1.21172344689e-07 0 	0 	45078.8709706 	
-1.20591182365e-07 0 	0 	41405.3959808 	
-1.2001002004e-07 0 	0 	37973.4585281 	
-1.19428857715e-07 0 	0 	34649.8791693 	
-1.18847695391e-07 0 	0 	31649.9588178 	
-1.18266533066e-07 0 	0 	28650.0384663 	
-1.17685370741e-07 0 	0 	26016.8468539 	
-1.17104208417e-07 0 	0 	23402.9836988 	
-1.16523046092e-07 0 	0 	20993.6921417 	
-1.15941883768e-07 0 	0 	18723.7010002 	
-1.15360721443e-07 0 	0 	16510.0229305 	
-1.14779559118e-07 0 	0 	14545.3136869 	
-1.14198396794e-07 0 	0 	12580.6044433 	
-1.13617234469e-07 0 	0 	10809.6391975 	
-1.13036072144e-07 0 	0 	9115.03223177 	
-1.1245490982e-07 0 	0 	7466.16813755 	
-1.11873747495e-07 0 	0 	6009.70622806 	
-1.1129258517e-07 0 	0 	4553.24431856 	
-1.10711422846e-07 0 	0 	3223.87109654 	
-1.10130260521e-07 0 	0 	1976.62929553 	
-1.09549098196e-07 0 	0 	729.387494517 	
-1.08967935872e-07 0 	0 	-341.680260399 	
-1.08386773547e-07 0 	0 	-1405.78536915 	
-1.07805611222e-07 0 	0 	-2429.28203869 	
-1.07224448898e-07 0 	0 	-3333.68231943 	
-1.06643286573e-07 0 	0 	-4238.08260017 	
-1.06062124248e-07 0 	0 	-5075.4942532 	
-1.05480961924e-07 0 	0 	-5841.15787443 	
-1.04899799599e-07 0 	0 	-6606.82149565 	
-1.04318637275e-07 0 	0 	-7294.90931024 	
-1.0373747495e-07 0 	0 	-7940.52527236 	
-1.03156312625e-07 0 	0 	-8586.14123448 	
-1.02575150301e-07 0 	0 	-9154.90664065 	
-1.01993987976e-07 0 	0 	-9697.06482212 	
-1.01412825651e-07 0 	0 	-10239.2230036 	
-1.00831663327e-07 0 	0 	-10712.9121431 	
-1.00250501002e-07 0 	0 	-11166.2778158 	
-9.96693386774e-08 0 	0 	-11619.6434885 	
-9.90881763527e-08 0 	0 	-12017.653643 	
-9.85070140281e-08 0 	0 	-12395.1355628 	
-9.79258517034e-08 0 	0 	-12772.6174827 	
-9.73446893788e-08 0 	0 	-13110.3064561 	
-9.67635270541e-08 0 	0 	-13423.2177534 	
-9.61823647295e-08 0 	0 	-13736.1290506 	
-9.56012024048e-08 0 	0 	-14025.5299491 	
-9.50200400802e-08 0 	0 	-14283.7411513 	
-9.44388777555e-08 0 	0 	-14541.9523534 	
-9.38577154309e-08 0 	0 	-14792.3975272 	
-9.32765531062e-08 0 	0 	-15004.4812099 	
-9.26953907816e-08 0 	0 	-15216.5648927 	
-9.21142284569e-08 0 	0 	-15428.6485754 	
-9.15330661323e-08 0 	0 	-15608.590595 	
-9.09519038076e-08 0 	0 	-15781.9572833 	
-9.0370741483e-08 0 	0 	-15955.3239717 	
-8.97895791583e-08 0 	0 	-16115.3197331 	
-8.92084168337e-08 0 	0 	-16256.3447912 	
-8.8627254509e-08 0 	0 	-16397.3698494 	
-8.80460921844e-08 0 	0 	-16538.3949076 	
-8.74649298597e-08 0 	0 	-16654.7868078 	
-8.68837675351e-08 0 	0 	-16768.9281856 	
-8.63026052104e-08 0 	0 	-16883.0695634 	
-8.57214428858e-08 0 	0 	-16989.7211391 	
-8.51402805611e-08 0 	0 	-17081.6279719 	
-8.45591182365e-08 0 	0 	-17173.5348048 	
-8.39779559118e-08 0 	0 	-17265.4416376 	
-8.33967935872e-08 0 	0 	-17345.0325958 	
-8.28156312625e-08 0 	0 	-17418.6447464 	
-8.22344689379e-08 0 	0 	-17492.256897 	
-8.16533066132e-08 0 	0 	-17565.8690476 	
-8.10721442886e-08 0 	0 	-17625.6558614 	
-8.04909819639e-08 0 	0 	-17684.2945798 	
-7.99098196393e-08 0 	0 	-17742.9332981 	
-7.93286573146e-08 0 	0 	-17800.5333359 	
-7.874749499e-08 0 	0 	-17846.9833277 	
-7.81663326653e-08 0 	0 	-17893.4333194 	
-7.75851703407e-08 0 	0 	-17939.8833111 	
-7.7004008016e-08 0 	0 	-17984.7862569 	
-7.64228456914e-08 0 	0 	-18021.3695003 	
-7.58416833667e-08 0 	0 	-18057.9527436 	
-7.52605210421e-08 0 	0 	-18094.5359869 	
-7.46793587174e-08 0 	0 	-18130.0397252 	
-7.40981963928e-08 0 	0 	-18158.6814303 	
-7.35170340681e-08 0 	0 	-18187.3231354 	
-7.29358717435e-08 0 	0 	-18215.9648406 	
-7.23547094188e-08 0 	0 	-18244.4765697 	
-7.17735470942e-08 0 	0 	-18266.7637508 	
-7.11923847695e-08 0 	0 	-18289.0509318 	
-7.06112224449e-08 0 	0 	-18311.3381129 	
-7.00300601202e-08 0 	0 	-18333.6252939 	
-6.94488977956e-08 0 	0 	-18351.828122 	
-6.88677354709e-08 0 	0 	-18369.061257 	
-6.82865731463e-08 0 	0 	-18386.294392 	
-6.77054108216e-08 0 	0 	-18403.5275271 	
-6.7124248497e-08 0 	0 	-18418.7764407 	
-6.65430861723e-08 0 	0 	-18432.0147378 	
-6.59619238477e-08 0 	0 	-18445.253035 	
-6.5380761523e-08 0 	0 	-18458.4913321 	
-6.47995991984e-08 0 	0 	-18471.4666913 	
-6.42184368737e-08 0 	0 	-18481.5674848 	
-6.36372745491e-08 0 	0 	-18491.6682783 	
-6.30561122244e-08 0 	0 	-18501.7690718 	
-6.24749498998e-08 0 	0 	-18511.8698653 	
-6.18937875752e-08 0 	0 	-18520.5824636 	
-6.13126252505e-08 0 	0 	-18528.2352582 	
-6.07314629259e-08 0 	0 	-18535.8880528 	
-6.01503006012e-08 0 	0 	-18543.5408473 	
-5.95691382766e-08 0 	0 	-18551.1936419 	
-5.89879759519e-08 0 	0 	-18557.055465 	
-5.84068136273e-08 0 	0 	-18562.8111621 	
-5.78256513026e-08 0 	0 	-18568.5668592 	
-5.7244488978e-08 0 	0 	-18574.3225564 	
-5.66633266533e-08 0 	0 	-18579.7683771 	
-5.60821643287e-08 0 	0 	-18584.0641822 	
-5.5501002004e-08 0 	0 	-18588.3599874 	
-5.49198396794e-08 0 	0 	-18592.6557926 	
-5.43386773547e-08 0 	0 	-18596.9515977 	
-5.37575150301e-08 0 	0 	-18600.8357222 	
-5.31763527054e-08 0 	0 	-18604.0162145 	
-5.25951903808e-08 0 	0 	-18607.1967069 	
-5.20140280561e-08 0 	0 	-18610.3771993 	
-5.14328657315e-08 0 	0 	-18613.5576917 	
-5.08517034068e-08 0 	0 	-18616.3897632 	
-5.02705410822e-08 0 	0 	-18618.7245937 	
-4.96893787575e-08 0 	0 	-18621.0594243 	
-4.91082164329e-08 0 	0 	-18623.3942548 	
-4.85270541082e-08 0 	0 	-18625.7290853 	
-4.79458917836e-08 0 	0 	-18627.8487218 	
-4.73647294589e-08 0 	0 	-18629.5473671 	
-4.67835671343e-08 0 	0 	-18631.2460123 	
-4.62024048096e-08 0 	0 	-18632.9446576 	
-4.5621242485e-08 0 	0 	-18634.6433028 	
-4.50400801603e-08 0 	0 	-18636.2730659 	
-4.44589178357e-08 0 	0 	-18637.497033 	
-4.3877755511e-08 0 	0 	-18638.7210001 	
-4.32965931864e-08 0 	0 	-18639.9449671 	
-4.27154308617e-08 0 	0 	-18641.1689342 	
-4.21342685371e-08 0 	0 	-18642.3929012 	
-4.15531062124e-08 0 	0 	-18643.3255167 	
-4.09719438878e-08 0 	0 	-18644.1983605 	
-4.03907815631e-08 0 	0 	-18645.0712042 	
-3.98096192385e-08 0 	0 	-18645.944048 	
-3.92284569138e-08 0 	0 	-18646.8168917 	
-3.86472945892e-08 0 	0 	-18647.5895307 	
-3.80661322645e-08 0 	0 	-18648.2050108 	
-3.74849699399e-08 0 	0 	-18648.8204909 	
-3.69038076152e-08 0 	0 	-18649.435971 	
-3.63226452906e-08 0 	0 	-18650.0514511 	
-3.57414829659e-08 0 	0 	-18650.6669312 	
-3.51603206413e-08 0 	0 	-18651.129057 	
-3.45791583166e-08 0 	0 	-18651.5577277 	
-3.3997995992e-08 0 	0 	-18651.9863985 	
-3.34168336673e-08 0 	0 	-18652.4150692 	
-3.28356713427e-08 0 	0 	-18652.84374 	
-3.2254509018e-08 0 	0 	-18653.2561145 	
-3.16733466934e-08 0 	0 	-18653.5505991 	
-3.10921843687e-08 0 	0 	-18653.8450837 	
-3.05110220441e-08 0 	0 	-18654.1395683 	
-2.99298597194e-08 0 	0 	-18654.4340529 	
-2.93486973948e-08 0 	0 	-18654.7285375 	
-2.87675350701e-08 0 	0 	-18654.9955875 	
-2.81863727455e-08 0 	0 	-18655.1947675 	
-2.76052104208e-08 0 	0 	-18655.3939475 	
-2.70240480962e-08 0 	0 	-18655.5931274 	
-2.64428857715e-08 0 	0 	-18655.7923074 	
-2.58617234469e-08 0 	0 	-18655.9914874 	
-2.52805611222e-08 0 	0 	-18656.1694677 	
-2.46993987976e-08 0 	0 	-18656.3017737 	
-2.41182364729e-08 0 	0 	-18656.4340797 	
-2.35370741483e-08 0 	0 	-18656.5663857 	
-2.29559118236e-08 0 	0 	-18656.6986917 	
-2.2374749499e-08 0 	0 	-18656.8309978 	
-2.17935871743e-08 0 	0 	-18656.9537745 	
-2.12124248497e-08 0 	0 	-18657.0397444 	
-2.0631262525e-08 0 	0 	-18657.1257143 	
-2.00501002004e-08 0 	0 	-18657.2116842 	
-1.94689378758e-08 0 	0 	-18657.2976541 	
-1.88877755511e-08 0 	0 	-18657.383624 	
-1.83066132265e-08 0 	0 	-18657.4695939 	
-1.77254509018e-08 0 	0 	-18657.5254064 	
-1.71442885772e-08 0 	0 	-18657.5796482 	
-1.65631262525e-08 0 	0 	-18657.63389 	
-1.59819639279e-08 0 	0 	-18657.6881318 	
-1.54008016032e-08 0 	0 	-18657.7423736 	
-1.48196392786e-08 0 	0 	-18657.7966154 	
-1.42384769539e-08 0 	0 	-18657.8390294 	
-1.36573146293e-08 0 	0 	-18657.8716935 	
-1.30761523046e-08 0 	0 	-18657.9043575 	
-1.249498998e-08 0 	0 	-18657.9370215 	
-1.19138276553e-08 0 	0 	-18657.9696855 	
-1.13326653307e-08 0 	0 	-18658.0023495 	
-1.0751503006e-08 0 	0 	-18658.0350135 	
-1.01703406814e-08 0 	0 	-18658.0529328 	
-9.58917835671e-09 0 	0 	-18658.0707802 	
-9.00801603206e-09 0 	0 	-18658.0886275 	
-8.42685370741e-09 0 	0 	-18658.1064748 	
-7.84569138277e-09 0 	0 	-18658.1243222 	
-7.26452905812e-09 0 	0 	-18658.1421695 	
-6.68336673347e-09 0 	0 	-18658.1569281 	
-6.10220440882e-09 0 	0 	-18658.1640484 	
-5.52104208417e-09 0 	0 	-18658.1711687 	
-4.93987975952e-09 0 	0 	-18658.178289 	
-4.35871743487e-09 0 	0 	-18658.1854093 	
-3.77755511022e-09 0 	0 	-18658.1925296 	
-3.19639278557e-09 0 	0 	-18658.1996498 	
-2.61523046092e-09 0 	0 	-18658.2029995 	
-2.03406813627e-09 0 	0 	-18658.2012037 	
-1.45290581162e-09 0 	0 	-18658.1994079 	
-8.71743486974e-10 0 	0 	-18658.1976122 	
-2.90581162324e-10 0 	0 	-18658.1958164 	
2.90581162325e-10 0 	0 	-18658.1940207 	
8.71743486974e-10 0 	0 	-18658.1922249 	
1.45290581162e-09 0 	0 	-18658.1867304 	
2.03406813627e-09 0 	0 	-18658.1756021 	
2.61523046092e-09 0 	0 	-18658.1644739 	
3.19639278557e-09 0 	0 	-18658.1533457 	
3.77755511022e-09 0 	0 	-18658.1422175 	
4.35871743487e-09 0 	0 	-18658.1310893 	
4.93987975952e-09 0 	0 	-18658.119961 	
5.52104208417e-09 0 	0 	-18658.1063089 	
6.10220440882e-09 0 	0 	-18658.0828344 	
6.68336673347e-09 0 	0 	-18658.0593598 	
7.26452905812e-09 0 	0 	-18658.0358852 	
7.84569138277e-09 0 	0 	-18658.0124107 	
8.42685370742e-09 0 	0 	-18657.9889361 	
9.00801603206e-09 0 	0 	-18657.9654616 	
9.58917835671e-09 0 	0 	-18657.941987 	
1.01703406814e-08 0 	0 	-18657.9025595 	
1.0751503006e-08 0 	0 	-18657.8601673 	
1.13326653307e-08 0 	0 	-18657.817775 	
1.19138276553e-08 0 	0 	-18657.7753827 	
1.249498998e-08 0 	0 	-18657.7329904 	
1.30761523046e-08 0 	0 	-18657.6905981 	
1.36573146293e-08 0 	0 	-18657.6482058 	
1.42384769539e-08 0 	0 	-18657.5962603 	
1.48196392786e-08 0 	0 	-18657.5229427 	
1.54008016032e-08 0 	0 	-18657.4496252 	
1.59819639279e-08 0 	0 	-18657.3763076 	
1.65631262525e-08 0 	0 	-18657.3029901 	
1.71442885772e-08 0 	0 	-18657.2296725 	
1.77254509018e-08 0 	0 	-18657.156355 	
1.83066132265e-08 0 	0 	-18657.0830374 	
1.88877755511e-08 0 	0 	-18656.9788 	
1.94689378758e-08 0 	0 	-18656.853713 	
2.00501002004e-08 0 	0 	-18656.728626 	
2.06312625251e-08 0 	0 	-18656.6035391 	
2.12124248497e-08 0 	0 	-18656.4784521 	
2.17935871743e-08 0 	0 	-18656.3533651 	
2.2374749499e-08 0 	0 	-18656.2282782 	
2.29559118236e-08 0 	0 	-18656.1031912 	
2.35370741483e-08 0 	0 	-18655.916522 	
2.41182364729e-08 0 	0 	-18655.7039784 	
2.46993987976e-08 0 	0 	-18655.4914347 	
2.52805611222e-08 0 	0 	-18655.2788911 	
2.58617234469e-08 0 	0 	-18655.0663475 	
2.64428857715e-08 0 	0 	-18654.8538039 	
2.70240480962e-08 0 	0 	-18654.6412603 	
2.76052104208e-08 0 	0 	-18654.4287166 	
2.81863727455e-08 0 	0 	-18654.1232812 	
2.87675350701e-08 0 	0 	-18653.7621811 	
2.93486973948e-08 0 	0 	-18653.4010809 	
2.99298597194e-08 0 	0 	-18653.0399808 	
3.05110220441e-08 0 	0 	-18652.6788807 	
3.10921843687e-08 0 	0 	-18652.3177806 	
3.16733466934e-08 0 	0 	-18651.9566805 	
3.2254509018e-08 0 	0 	-18651.5955804 	
3.28356713427e-08 0 	0 	-18651.144058 	
3.34168336673e-08 0 	0 	-18650.5292077 	
3.3997995992e-08 0 	0 	-18649.9143574 	
3.45791583166e-08 0 	0 	-18649.299507 	
3.51603206413e-08 0 	0 	-18648.6846567 	
3.57414829659e-08 0 	0 	-18648.0698064 	
3.63226452906e-08 0 	0 	-18647.4549561 	
3.69038076152e-08 0 	0 	-18646.8401058 	
3.74849699399e-08 0 	0 	-18646.2252554 	
3.80661322645e-08 0 	0 	-18645.2208532 	
3.86472945892e-08 0 	0 	-18644.1696833 	
3.92284569138e-08 0 	0 	-18643.1185135 	
3.98096192385e-08 0 	0 	-18642.0673437 	
4.03907815631e-08 0 	0 	-18641.0161738 	
4.09719438878e-08 0 	0 	-18639.965004 	
4.15531062124e-08 0 	0 	-18638.9138342 	
4.21342685371e-08 0 	0 	-18637.8626643 	
4.27154308617e-08 0 	0 	-18636.6374889 	
4.32965931864e-08 0 	0 	-18634.8301942 	
4.3877755511e-08 0 	0 	-18633.0228995 	
4.44589178357e-08 0 	0 	-18631.2156048 	
4.50400801603e-08 0 	0 	-18629.40831 	
4.5621242485e-08 0 	0 	-18627.6010153 	
4.62024048096e-08 0 	0 	-18625.7937206 	
4.67835671343e-08 0 	0 	-18623.9864259 	
4.73647294589e-08 0 	0 	-18622.1791311 	
4.79458917836e-08 0 	0 	-18619.8911736 	
4.85270541082e-08 0 	0 	-18616.7619269 	
4.91082164329e-08 0 	0 	-18613.6326802 	
4.96893787575e-08 0 	0 	-18610.5034335 	
5.02705410822e-08 0 	0 	-18607.3741868 	
5.08517034068e-08 0 	0 	-18604.2449401 	
5.14328657315e-08 0 	0 	-18601.1156934 	
5.20140280561e-08 0 	0 	-18597.9864467 	
5.25951903808e-08 0 	0 	-18594.8572 	
5.31763527054e-08 0 	0 	-18591.0548473 	
5.37575150301e-08 0 	0 	-18585.5919521 	
5.43386773547e-08 0 	0 	-18580.129057 	
5.49198396794e-08 0 	0 	-18574.6661618 	
5.5501002004e-08 0 	0 	-18569.2032666 	
5.60821643287e-08 0 	0 	-18563.7403714 	
5.66633266533e-08 0 	0 	-18558.2774762 	
5.7244488978e-08 0 	0 	-18552.814581 	
5.78256513026e-08 0 	0 	-18547.3516859 	
5.84068136273e-08 0 	0 	-18541.8887907 	
5.89879759519e-08 0 	0 	-18532.2646037 	
5.95691382766e-08 0 	0 	-18522.639257 	
6.01503006012e-08 0 	0 	-18513.0139103 	
6.07314629259e-08 0 	0 	-18503.3885636 	
6.13126252505e-08 0 	0 	-18493.763217 	
6.18937875752e-08 0 	0 	-18484.1378703 	
6.24749498998e-08 0 	0 	-18474.5125236 	
6.30561122244e-08 0 	0 	-18464.8871769 	
6.36372745491e-08 0 	0 	-18455.2618302 	
6.42184368737e-08 0 	0 	-18441.9403338 	
6.47995991984e-08 0 	0 	-18424.8091212 	
6.5380761523e-08 0 	0 	-18407.6779086 	
6.59619238477e-08 0 	0 	-18390.546696 	
6.65430861723e-08 0 	0 	-18373.4154833 	
6.7124248497e-08 0 	0 	-18356.2842707 	
6.77054108216e-08 0 	0 	-18339.1530581 	
6.82865731463e-08 0 	0 	-18322.0218455 	
6.88677354709e-08 0 	0 	-18304.8906328 	
6.94488977956e-08 0 	0 	-18287.7594202 	
7.00300601202e-08 0 	0 	-18260.2044298 	
7.06112224449e-08 0 	0 	-18229.3835157 	
7.11923847695e-08 0 	0 	-18198.5626015 	
7.17735470942e-08 0 	0 	-18167.7416874 	
7.23547094188e-08 0 	0 	-18136.9207732 	
7.29358717435e-08 0 	0 	-18106.0998591 	
7.35170340681e-08 0 	0 	-18075.2789449 	
7.40981963928e-08 0 	0 	-18044.4580307 	
7.46793587174e-08 0 	0 	-18013.6371166 	
7.52605210421e-08 0 	0 	-17982.8162024 	
7.58416833667e-08 0 	0 	-17931.7474843 	
7.64228456914e-08 0 	0 	-17875.6625708 	
7.7004008016e-08 0 	0 	-17819.5776572 	
7.75851703407e-08 0 	0 	-17763.4927436 	
7.81663326653e-08 0 	0 	-17707.4078301 	
7.874749499e-08 0 	0 	-17651.3229165 	
7.93286573146e-08 0 	0 	-17595.238003 	
7.99098196393e-08 0 	0 	-17539.1530894 	
8.04909819639e-08 0 	0 	-17483.0681759 	
8.10721442886e-08 0 	0 	-17426.9832623 	
8.16533066132e-08 0 	0 	-17342.2477233 	
8.22344689379e-08 0 	0 	-17238.9699879 	
8.28156312625e-08 0 	0 	-17135.6922526 	
8.33967935872e-08 0 	0 	-17032.4145172 	
8.39779559118e-08 0 	0 	-16929.1367818 	
8.45591182365e-08 0 	0 	-16825.8590465 	
8.51402805611e-08 0 	0 	-16722.5813111 	
8.57214428858e-08 0 	0 	-16619.3035758 	
8.63026052104e-08 0 	0 	-16516.0258404 	
8.68837675351e-08 0 	0 	-16412.7481051 	
8.74649298597e-08 0 	0 	-16294.0409755 	
8.80460921844e-08 0 	0 	-16101.5046962 	
8.8627254509e-08 0 	0 	-15908.9684169 	
8.92084168337e-08 0 	0 	-15716.4321376 	
8.97895791583e-08 0 	0 	-15523.8958583 	
9.0370741483e-08 0 	0 	-15331.359579 	
9.09519038076e-08 0 	0 	-15138.8232997 	
9.15330661323e-08 0 	0 	-14946.2870204 	
9.21142284569e-08 0 	0 	-14753.7507411 	
9.26953907816e-08 0 	0 	-14561.2144618 	
9.32765531062e-08 0 	0 	-14368.6781825 	
9.38577154309e-08 0 	0 	-14091.8316927 	
9.44388777555e-08 0 	0 	-13728.3148837 	
9.50200400802e-08 0 	0 	-13364.7980748 	
9.56012024048e-08 0 	0 	-13001.2812659 	
9.61823647295e-08 0 	0 	-12637.7644569 	
9.67635270541e-08 0 	0 	-12274.247648 	
9.73446893788e-08 0 	0 	-11910.7308391 	
9.79258517034e-08 0 	0 	-11547.2140301 	
9.85070140281e-08 0 	0 	-11183.6972212 	
9.90881763527e-08 0 	0 	-10820.1804123 	
9.96693386774e-08 0 	0 	-10456.6636033 	
1.00250501002e-07 0 	0 	-9906.66268592 	
1.00831663327e-07 0 	0 	-9211.34077559 	
1.01412825651e-07 0 	0 	-8516.01886526 	
1.01993987976e-07 0 	0 	-7820.69695493 	
1.02575150301e-07 0 	0 	-7125.37504459 	
1.03156312625e-07 0 	0 	-6430.05313426 	
1.0373747495e-07 0 	0 	-5734.73122393 	
1.04318637275e-07 0 	0 	-5039.40931359 	
1.04899799599e-07 0 	0 	-4344.08740326 	
1.05480961924e-07 0 	0 	-3648.76549293 	
1.06062124248e-07 0 	0 	-2953.44358259 	
1.06643286573e-07 0 	0 	-2014.25895388 	
1.07224448898e-07 0 	0 	-666.445084994 	
1.07805611222e-07 0 	0 	681.36878389 	
1.08386773547e-07 0 	0 	2029.18265277 	
1.08967935872e-07 0 	0 	3376.99652166 	
1.09549098196e-07 0 	0 	4724.81039054 	
1.10130260521e-07 0 	0 	6072.62425943 	
1.10711422846e-07 0 	0 	7420.43812831 	
1.1129258517e-07 0 	0 	8768.25199719 	
1.11873747495e-07 0 	0 	10116.0658661 	
1.1245490982e-07 0 	0 	11463.879735 	
1.13036072144e-07 0 	0 	12811.6936038 	
1.13617234469e-07 0 	0 	15358.9195291 	
1.14198396794e-07 0 	0 	18007.359916 	
1.14779559118e-07 0 	0 	20655.8003028 	
1.15360721443e-07 0 	0 	23304.2406897 	
1.15941883768e-07 0 	0 	25952.6810765 	
1.16523046092e-07 0 	0 	28601.1214634 	
1.17104208417e-07 0 	0 	31249.5618502 	
1.17685370741e-07 0 	0 	33898.0022371 	
1.18266533066e-07 0 	0 	36546.442624 	
1.18847695391e-07 0 	0 	39194.8830108 	
1.19428857715e-07 0 	0 	41843.3233977 	
1.2001002004e-07 0 	0 	45020.6175577 	
1.20591182365e-07 0 	0 	50298.1704631 	
1.21172344689e-07 0 	0 	55575.7233685 	
1.21753507014e-07 0 	0 	60853.276274 	
1.22334669339e-07 0 	0 	66130.8291794 	
1.22915831663e-07 0 	0 	71408.3820849 	
1.23496993988e-07 0 	0 	76685.9349903 	
1.24078156313e-07 0 	0 	81963.4878957 	
1.24659318637e-07 0 	0 	87241.0408012 	
1.25240480962e-07 0 	0 	92518.5937066 	
1.25821643287e-07 0 	0 	97796.1466121 	
1.26402805611e-07 0 	0 	103073.699518 	
1.26983967936e-07 0 	0 	109453.626798 	
1.27565130261e-07 0 	0 	120126.566497 	
1.28146292585e-07 0 	0 	130799.506197 	
1.2872745491e-07 0 	0 	141472.445896 	
1.29308617234e-07 0 	0 	152145.385596 	
1.29889779559e-07 0 	0 	162818.325295 	
1.30470941884e-07 0 	0 	173491.264995 	
1.31052104208e-07 0 	0 	184164.204694 	
1.31633266533e-07 0 	0 	194837.144394 	
1.32214428858e-07 0 	0 	205510.084093 	
1.32795591182e-07 0 	0 	216183.023793 	
1.33376753507e-07 0 	0 	226855.963492 	
1.33957915832e-07 0 	0 	237528.903192 	
1.34539078156e-07 0 	0 	258643.758522 	
1.35120240481e-07 0 	0 	280602.996564 	
1.35701402806e-07 0 	0 	302562.234605 	
1.3628256513e-07 0 	0 	324521.472647 	
1.36863727455e-07 0 	0 	346480.710688 	
1.3744488978e-07 0 	0 	368439.94873 	
1.38026052104e-07 0 	0 	390399.186771 	
1.38607214429e-07 0 	0 	412358.424813 	
1.39188376754e-07 0 	0 	434317.662854 	
1.39769539078e-07 0 	0 	456276.900896 	
1.40350701403e-07 0 	0 	478236.138937 	
1.40931863727e-07 0 	0 	500195.376979 	
1.41513026052e-07 0 	0 	524844.428566 	
1.42094188377e-07 0 	0 	554335.799375 	
1.42675350701e-07 0 	0 	583827.170184 	
1.43256513026e-07 0 	0 	613318.540994 	
1.43837675351e-07 0 	0 	642809.911803 	
1.44418837675e-07 0 	0 	672301.282612 	
1.45e-07 0 	0 	701792.653421 	
