-1.45e-07 0 	0 	605534.589779 	
-1.44418837675e-07 0 	0 	569761.052387 	
-1.43837675351e-07 0 	0 	535034.430688 	
-1.43256513026e-07 0 	0 	502671.378713 	
-1.42675350701e-07 0 	0 	472153.724349 	
-1.42094188377e-07 0 	0 	443161.7872 	
-1.41513026052e-07 0 	0 	415586.338469 	
-1.40931863727e-07 0 	0 	390095.965041 	
-1.40350701403e-07 0 	0 	365871.095745 	
-1.39769539078e-07 0 	0 	342752.885984 	
-1.39188376754e-07 0 	0 	321206.725439 	
-1.38607214429e-07 0 	0 	300913.277695 	
-1.38026052104e-07 0 	0 	281470.910898 	
-1.3744488978e-07 0 	0 	263398.635961 	
-1.36863727455e-07 0 	0 	246324.271449 	
-1.3628256513e-07 0 	0 	229895.337038 	
-1.35701402806e-07 0 	0 	214860.468613 	
-1.35120240481e-07 0 	0 	200407.36386 	
-1.34539078156e-07 0 	0 	186738.11231 	
-1.33957915832e-07 0 	0 	174039.285617 	
-1.33376753507e-07 0 	0 	161714.661969 	
-1.32795591182e-07 0 	0 	150491.709108 	
-1.32214428858e-07 0 	0 	139621.135112 	
-1.31633266533e-07 0 	0 	129487.361665 	
-1.31052104208e-07 0 	0 	119898.614046 	
-1.30470941884e-07 0 	0 	110770.358378 	
-1.29889779559e-07 0 	0 	102307.599078 	
-1.29308617234e-07 0 	0 	94105.4153562 	
-1.2872745491e-07 0 	0 	86628.3814173 	
-1.28146292585e-07 0 	0 	79277.0091404 	
-1.27565130261e-07 0 	0 	72660.1625517 	
-1.26983967936e-07 0 	0 	66088.4849623 	
-1.26402805611e-07 0 	0 	60220.1277849 	
-1.25821643287e-07 0 	0 	54361.1185627 	
-1.25240480962e-07 0 	0 	49142.4800816 	
-1.24659318637e-07 0 	0 	43933.1380328 	
-1.24078156313e-07 0 	0 	39277.4418891 	
-1.23496993988e-07 0 	0 	34658.7136406 	
-1.22915831663e-07 0 	0 	30490.2336402 	
-1.22334669339e-07 0 	0 	26406.9245428 	
-1.21753507014e-07 0 	0 	22660.0383585 	
-1.21172344689e-07 0 	0 	19060.7120733 	
-1.20591182365e-07 0 	0 	15678.9621808 	
-1.2001002004e-07 0 	0 	12515.8295802 	
-1.19428857715e-07 0 	0 	9451.00066626 	
-1.18847695391e-07 0 	0 	6679.79885909 	
-1.18266533066e-07 0 	0 	3908.59705192 	
-1.17685370741e-07 0 	0 	1470.88302982 	
-1.17104208417e-07 0 	0 	-949.254501197 	
-1.16523046092e-07 0 	0 	-3182.91486172 	
-1.15941883768e-07 0 	0 	-5289.5959759 	
-1.15360721443e-07 0 	0 	-7344.81889795 	
-1.14779559118e-07 0 	0 	-9172.53716962 	
-1.14198396794e-07 0 	0 	-11000.2554413 	
-1.13617234469e-07 0 	0 	-12650.4898381 	
-1.13036072144e-07 0 	0 	-14230.7743857 	
-1.1245490982e-07 0 	0 	-15769.0481761 	
-1.11873747495e-07 0 	0 	-17130.6176802 	
-1.1129258517e-07 0 	0 	-18492.1871843 	
-1.10711422846e-07 0 	0 	-19736.7334196 	
-1.10130260521e-07 0 	0 	-20905.653039 	
-1.09549098196e-07 0 	0 	-22074.5726584 	
-1.08967935872e-07 0 	0 	-23080.8408263 	
-1.08386773547e-07 0 	0 	-24080.68078 	
-1.07805611222e-07 0 	0 	-25042.9278118 	
-1.07224448898e-07 0 	0 	-25894.9223611 	
-1.06643286573e-07 0 	0 	-26746.9169104 	
-1.06062124248e-07 0 	0 	-27536.7260798 	
-1.05480961924e-07 0 	0 	-28259.9317259 	
-1.04899799599e-07 0 	0 	-28983.137372 	
-1.04318637275e-07 0 	0 	-29634.1267381 	
-1.0373747495e-07 0 	0 	-30245.5785302 	
-1.03156312625e-07 0 	0 	-30857.0303223 	
-1.02575150301e-07 0 	0 	-31396.7353892 	
-1.01993987976e-07 0 	0 	-31911.6002814 	
-1.01412825651e-07 0 	0 	-32426.4651736 	
-1.00831663327e-07 0 	0 	-32877.2208231 	
-1.00250501002e-07 0 	0 	-33308.9471124 	
-9.96693386774e-08 0 	0 	-33740.6734018 	
-9.90881763527e-08 0 	0 	-34120.4139855 	
-9.85070140281e-08 0 	0 	-34480.8760077 	
-9.79258517034e-08 0 	0 	-34841.33803 	
-9.73446893788e-08 0 	0 	-35164.3155931 	
-9.67635270541e-08 0 	0 	-35463.9528942 	
-9.61823647295e-08 0 	0 	-35763.5901954 	
-9.56012024048e-08 0 	0 	-36041.0121667 	
-9.50200400802e-08 0 	0 	-36288.962524 	
-9.44388777555e-08 0 	0 	-36536.9128814 	
-9.38577154309e-08 0 	0 	-36777.5017683 	
-9.32765531062e-08 0 	0 	-36981.7275399 	
-9.26953907816e-08 0 	0 	-37185.9533115 	
-9.21142284569e-08 0 	0 	-37390.1790832 	
-9.15330661323e-08 0 	0 	-37563.8393566 	
-9.09519038076e-08 0 	0 	-37731.2467403 	
-9.0370741483e-08 0 	0 	-37898.654124 	
-8.97895791583e-08 0 	0 	-38053.3045826 	
-8.92084168337e-08 0 	0 	-38189.855485 	
-8.8627254509e-08 0 	0 	-38326.4063874 	
-8.80460921844e-08 0 	0 	-38462.9572898 	
-8.74649298597e-08 0 	0 	-38575.9279502 	
-8.68837675351e-08 0 	0 	-38686.7442841 	
-8.63026052104e-08 0 	0 	-38797.5606181 	
-8.57214428858e-08 0 	0 	-38901.1830849 	
-8.51402805611e-08 0 	0 	-38990.643399 	
-8.45591182365e-08 0 	0 	-39080.1037131 	
-8.39779559118e-08 0 	0 	-39169.5640272 	
-8.33967935872e-08 0 	0 	-39247.1546719 	
-8.28156312625e-08 0 	0 	-39318.9831216 	
-8.22344689379e-08 0 	0 	-39390.8115713 	
-8.16533066132e-08 0 	0 	-39462.6400211 	
-8.10721442886e-08 0 	0 	-39521.0980995 	
-8.04909819639e-08 0 	0 	-39578.4458643 	
-7.99098196393e-08 0 	0 	-39635.793629 	
-7.93286573146e-08 0 	0 	-39692.1334143 	
-7.874749499e-08 0 	0 	-39737.6527256 	
-7.81663326653e-08 0 	0 	-39783.1720368 	
-7.75851703407e-08 0 	0 	-39828.6913481 	
-7.7004008016e-08 0 	0 	-39872.7041399 	
-7.64228456914e-08 0 	0 	-39908.6151724 	
-7.58416833667e-08 0 	0 	-39944.5262049 	
-7.52605210421e-08 0 	0 	-39980.4372374 	
-7.46793587174e-08 0 	0 	-40015.2934272 	
-7.40981963928e-08 0 	0 	-40043.4443534 	
-7.35170340681e-08 0 	0 	-40071.5952797 	
-7.29358717435e-08 0 	0 	-40099.7462059 	
-7.23547094188e-08 0 	0 	-40127.7696958 	
-7.17735470942e-08 0 	0 	-40149.6902579 	
-7.11923847695e-08 0 	0 	-40171.61082 	
-7.06112224449e-08 0 	0 	-40193.5313821 	
-7.00300601202e-08 0 	0 	-40215.4519443 	
-6.94488977956e-08 0 	0 	-40233.3547973 	
-6.88677354709e-08 0 	0 	-40250.3037796 	
-6.82865731463e-08 0 	0 	-40267.252762 	
-6.77054108216e-08 0 	0 	-40284.2017443 	
-6.7124248497e-08 0 	0 	-40299.1927697 	
-6.65430861723e-08 0 	0 	-40312.1997922 	
-6.59619238477e-08 0 	0 	-40325.2068147 	
-6.5380761523e-08 0 	0 	-40338.2138372 	
-6.47995991984e-08 0 	0 	-40350.9606495 	
-6.42184368737e-08 0 	0 	-40360.8627155 	
-6.36372745491e-08 0 	0 	-40370.7647816 	
-6.30561122244e-08 0 	0 	-40380.6668476 	
-6.24749498998e-08 0 	0 	-40390.5689137 	
-6.18937875752e-08 0 	0 	-40399.0936573 	
-6.13126252505e-08 0 	0 	-40406.5668977 	
-6.07314629259e-08 0 	0 	-40414.0401381 	
-6.01503006012e-08 0 	0 	-40421.5133786 	
-5.95691382766e-08 0 	0 	-40428.986619 	
-5.89879759519e-08 0 	0 	-40434.6791843 	
-5.84068136273e-08 0 	0 	-40440.2662337 	
-5.78256513026e-08 0 	0 	-40445.8532831 	
-5.7244488978e-08 0 	0 	-40451.4403325 	
-5.66633266533e-08 0 	0 	-40456.718841 	
-5.60821643287e-08 0 	0 	-40460.8522904 	
-5.5501002004e-08 0 	0 	-40464.9857397 	
-5.49198396794e-08 0 	0 	-40469.119189 	
-5.43386773547e-08 0 	0 	-40473.2526383 	
-5.37575150301e-08 0 	0 	-40476.9759581 	
-5.31763527054e-08 0 	0 	-40479.998297 	
-5.25951903808e-08 0 	0 	-40483.0206359 	
-5.20140280561e-08 0 	0 	-40486.0429749 	
-5.14328657315e-08 0 	0 	-40489.0653138 	
-5.08517034068e-08 0 	0 	-40491.7407885 	
-5.02705410822e-08 0 	0 	-40493.9212438 	
-4.96893787575e-08 0 	0 	-40496.1016991 	
-4.91082164329e-08 0 	0 	-40498.2821545 	
-4.85270541082e-08 0 	0 	-40500.4626098 	
-4.79458917836e-08 0 	0 	-40502.4293524 	
-4.73647294589e-08 0 	0 	-40503.9780018 	
-4.67835671343e-08 0 	0 	-40505.5266512 	
-4.62024048096e-08 0 	0 	-40507.0753006 	
-4.5621242485e-08 0 	0 	-40508.62395 	
-4.50400801603e-08 0 	0 	-40510.104521 	
-4.44589178357e-08 0 	0 	-40511.1840311 	
-4.3877755511e-08 0 	0 	-40512.2635412 	
-4.32965931864e-08 0 	0 	-40513.3430513 	
-4.27154308617e-08 0 	0 	-40514.4225614 	
-4.21342685371e-08 0 	0 	-40515.5020715 	
-4.15531062124e-08 0 	0 	-40516.295983 	
-4.09719438878e-08 0 	0 	-40517.031303 	
-4.03907815631e-08 0 	0 	-40517.766623 	
-3.98096192385e-08 0 	0 	-40518.501943 	
-3.92284569138e-08 0 	0 	-40519.2372629 	
-3.86472945892e-08 0 	0 	-40519.8756276 	
-3.80661322645e-08 0 	0 	-40520.3619296 	
-3.74849699399e-08 0 	0 	-40520.8482317 	
-3.69038076152e-08 0 	0 	-40521.3345337 	
-3.63226452906e-08 0 	0 	-40521.8208358 	
-3.57414829659e-08 0 	0 	-40522.3071378 	
-3.51603206413e-08 0 	0 	-40522.6479995 	
-3.45791583166e-08 0 	0 	-40522.9571325 	
-3.3997995992e-08 0 	0 	-40523.2662656 	
-3.34168336673e-08 0 	0 	-40523.5753987 	
-3.28356713427e-08 0 	0 	-40523.8845317 	
-3.2254509018e-08 0 	0 	-40524.1786737 	
-3.16733466934e-08 0 	0 	-40524.364367 	
-3.10921843687e-08 0 	0 	-40524.5500603 	
-3.05110220441e-08 0 	0 	-40524.7357536 	
-2.99298597194e-08 0 	0 	-40524.9214469 	
-2.93486973948e-08 0 	0 	-40525.1071402 	
-2.87675350701e-08 0 	0 	-40525.2687481 	
-2.81863727455e-08 0 	0 	-40525.3707714 	
-2.76052104208e-08 0 	0 	-40525.4727946 	
-2.70240480962e-08 0 	0 	-40525.5748179 	
-2.64428857715e-08 0 	0 	-40525.6768412 	
-2.58617234469e-08 0 	0 	-40525.7788644 	
-2.52805611222e-08 0 	0 	-40525.8635903 	
-2.46993987976e-08 0 	0 	-40525.9110491 	
-2.41182364729e-08 0 	0 	-40525.9585079 	
-2.35370741483e-08 0 	0 	-40526.0059667 	
-2.29559118236e-08 0 	0 	-40526.0534255 	
-2.2374749499e-08 0 	0 	-40526.1008843 	
-2.17935871743e-08 0 	0 	-40526.1414455 	
-2.12124248497e-08 0 	0 	-40526.1553651 	
-2.0631262525e-08 0 	0 	-40526.1692847 	
-2.00501002004e-08 0 	0 	-40526.1832042 	
-1.94689378758e-08 0 	0 	-40526.1971238 	
-1.88877755511e-08 0 	0 	-40526.2110434 	
-1.83066132265e-08 0 	0 	-40526.2249629 	
-1.77254509018e-08 0 	0 	-40526.221208 	
-1.71442885772e-08 0 	0 	-40526.2165326 	
-1.65631262525e-08 0 	0 	-40526.2118572 	
-1.59819639279e-08 0 	0 	-40526.2071818 	
-1.54008016032e-08 0 	0 	-40526.2025063 	
-1.48196392786e-08 0 	0 	-40526.1978309 	
-1.42384769539e-08 0 	0 	-40526.1886529 	
-1.36573146293e-08 0 	0 	-40526.1757632 	
-1.30761523046e-08 0 	0 	-40526.1628736 	
-1.249498998e-08 0 	0 	-40526.1499839 	
-1.19138276553e-08 0 	0 	-40526.1370942 	
-1.13326653307e-08 0 	0 	-40526.1242046 	
-1.0751503006e-08 0 	0 	-40526.1113149 	
-1.01703406814e-08 0 	0 	-40526.0971482 	
-9.58917835671e-09 0 	0 	-40526.0829752 	
-9.00801603206e-09 0 	0 	-40526.0688022 	
-8.42685370741e-09 0 	0 	-40526.0546293 	
-7.84569138277e-09 0 	0 	-40526.0404563 	
-7.26452905812e-09 0 	0 	-40526.0262833 	
-6.68336673347e-09 0 	0 	-40526.0129624 	
-6.10220440882e-09 0 	0 	-40526.0017486 	
-5.52104208417e-09 0 	0 	-40525.9905348 	
-4.93987975952e-09 0 	0 	-40525.9793209 	
-4.35871743487e-09 0 	0 	-40525.9681071 	
-3.77755511022e-09 0 	0 	-40525.9568933 	
-3.19639278557e-09 0 	0 	-40525.9456795 	
-2.61523046092e-09 0 	0 	-40525.9365557 	
-2.03406813627e-09 0 	0 	-40525.9302837 	
-1.45290581162e-09 0 	0 	-40525.9240118 	
-8.71743486974e-10 0 	0 	-40525.9177399 	
-2.90581162324e-10 0 	0 	-40525.911468 	
2.90581162325e-10 0 	0 	-40525.9051961 	
8.71743486974e-10 0 	0 	-40525.8989242 	
1.45290581162e-09 0 	0 	-40525.8945308 	
2.03406813627e-09 0 	0 	-40525.8929986 	
2.61523046092e-09 0 	0 	-40525.8914664 	
3.19639278557e-09 0 	0 	-40525.8899342 	
3.77755511022e-09 0 	0 	-40525.8884019 	
4.35871743487e-09 0 	0 	-40525.8868697 	
4.93987975952e-09 0 	0 	-40525.8853375 	
5.52104208417e-09 0 	0 	-40525.8842123 	
6.10220440882e-09 0 	0 	-40525.8846714 	
6.68336673347e-09 0 	0 	-40525.8851305 	
7.26452905812e-09 0 	0 	-40525.8855896 	
7.84569138277e-09 0 	0 	-40525.8860486 	
8.42685370742e-09 0 	0 	-40525.8865077 	
9.00801603206e-09 0 	0 	-40525.8869668 	
9.58917835671e-09 0 	0 	-40525.8874259 	
1.01703406814e-08 0 	0 	-40525.8842765 	
1.0751503006e-08 0 	0 	-40525.8804564 	
1.13326653307e-08 0 	0 	-40525.8766364 	
1.19138276553e-08 0 	0 	-40525.8728164 	
1.249498998e-08 0 	0 	-40525.8689963 	
1.30761523046e-08 0 	0 	-40525.8651763 	
1.36573146293e-08 0 	0 	-40525.8613563 	
1.42384769539e-08 0 	0 	-40525.8525948 	
1.48196392786e-08 0 	0 	-40525.8327788 	
1.54008016032e-08 0 	0 	-40525.8129627 	
1.59819639279e-08 0 	0 	-40525.7931467 	
1.65631262525e-08 0 	0 	-40525.7733307 	
1.71442885772e-08 0 	0 	-40525.7535146 	
1.77254509018e-08 0 	0 	-40525.7336986 	
1.83066132265e-08 0 	0 	-40525.7138826 	
1.88877755511e-08 0 	0 	-40525.6721805 	
1.94689378758e-08 0 	0 	-40525.6157205 	
2.00501002004e-08 0 	0 	-40525.5592605 	
2.06312625251e-08 0 	0 	-40525.5028004 	
2.12124248497e-08 0 	0 	-40525.4463404 	
2.17935871743e-08 0 	0 	-40525.3898804 	
2.2374749499e-08 0 	0 	-40525.3334204 	
2.29559118236e-08 0 	0 	-40525.2769604 	
2.35370741483e-08 0 	0 	-40525.1695483 	
2.41182364729e-08 0 	0 	-40525.0407282 	
2.46993987976e-08 0 	0 	-40524.9119081 	
2.52805611222e-08 0 	0 	-40524.783088 	
2.58617234469e-08 0 	0 	-40524.6542678 	
2.64428857715e-08 0 	0 	-40524.5254477 	
2.70240480962e-08 0 	0 	-40524.3966276 	
2.76052104208e-08 0 	0 	-40524.2678075 	
2.81863727455e-08 0 	0 	-40524.0552741 	
2.87675350701e-08 0 	0 	-40523.7925764 	
2.93486973948e-08 0 	0 	-40523.5298787 	
2.99298597194e-08 0 	0 	-40523.2671809 	
3.05110220441e-08 0 	0 	-40523.0044832 	
3.10921843687e-08 0 	0 	-40522.7417855 	
3.16733466934e-08 0 	0 	-40522.4790877 	
3.2254509018e-08 0 	0 	-40522.21639 	
3.28356713427e-08 0 	0 	-40521.868157 	
3.34168336673e-08 0 	0 	-40521.3654233 	
3.3997995992e-08 0 	0 	-40520.8626895 	
3.45791583166e-08 0 	0 	-40520.3599557 	
3.51603206413e-08 0 	0 	-40519.857222 	
3.57414829659e-08 0 	0 	-40519.3544882 	
3.63226452906e-08 0 	0 	-40518.8517545 	
3.69038076152e-08 0 	0 	-40518.3490207 	
3.74849699399e-08 0 	0 	-40517.846287 	
3.80661322645e-08 0 	0 	-40516.9648797 	
3.86472945892e-08 0 	0 	-40516.0380109 	
3.92284569138e-08 0 	0 	-40515.1111421 	
3.98096192385e-08 0 	0 	-40514.1842733 	
4.03907815631e-08 0 	0 	-40513.2574045 	
4.09719438878e-08 0 	0 	-40512.3305357 	
4.15531062124e-08 0 	0 	-40511.403667 	
4.21342685371e-08 0 	0 	-40510.4767982 	
4.27154308617e-08 0 	0 	-40509.3783534 	
4.32965931864e-08 0 	0 	-40507.7059174 	
4.3877755511e-08 0 	0 	-40506.0334814 	
4.44589178357e-08 0 	0 	-40504.3610454 	
4.50400801603e-08 0 	0 	-40502.6886094 	
4.5621242485e-08 0 	0 	-40501.0161734 	
4.62024048096e-08 0 	0 	-40499.3437374 	
4.67835671343e-08 0 	0 	-40497.6713014 	
4.73647294589e-08 0 	0 	-40495.9988654 	
4.79458917836e-08 0 	0 	-40493.8496254 	
4.85270541082e-08 0 	0 	-40490.8658501 	
4.91082164329e-08 0 	0 	-40487.8820749 	
4.96893787575e-08 0 	0 	-40484.8982997 	
5.02705410822e-08 0 	0 	-40481.9145244 	
5.08517034068e-08 0 	0 	-40478.9307492 	
5.14328657315e-08 0 	0 	-40475.9469739 	
5.20140280561e-08 0 	0 	-40472.9631987 	
5.25951903808e-08 0 	0 	-40469.9794235 	
5.31763527054e-08 0 	0 	-40466.3275461 	
5.37575150301e-08 0 	0 	-40461.0274711 	
5.43386773547e-08 0 	0 	-40455.727396 	
5.49198396794e-08 0 	0 	-40450.4273209 	
5.5501002004e-08 0 	0 	-40445.1272459 	
5.60821643287e-08 0 	0 	-40439.8271708 	
5.66633266533e-08 0 	0 	-40434.5270957 	
5.7244488978e-08 0 	0 	-40429.2270206 	
5.78256513026e-08 0 	0 	-40423.9269456 	
5.84068136273e-08 0 	0 	-40418.6268705 	
5.89879759519e-08 0 	0 	-40409.2087748 	
5.95691382766e-08 0 	0 	-40399.7895314 	
6.01503006012e-08 0 	0 	-40390.3702881 	
6.07314629259e-08 0 	0 	-40380.9510447 	
6.13126252505e-08 0 	0 	-40371.5318014 	
6.18937875752e-08 0 	0 	-40362.112558 	
6.24749498998e-08 0 	0 	-40352.6933147 	
6.30561122244e-08 0 	0 	-40343.2740713 	
6.36372745491e-08 0 	0 	-40333.854828 	
6.42184368737e-08 0 	0 	-40320.7975661 	
6.47995991984e-08 0 	0 	-40303.9905054 	
6.5380761523e-08 0 	0 	-40287.1834447 	
6.59619238477e-08 0 	0 	-40270.376384 	
6.65430861723e-08 0 	0 	-40253.5693232 	
6.7124248497e-08 0 	0 	-40236.7622625 	
6.77054108216e-08 0 	0 	-40219.9552018 	
6.82865731463e-08 0 	0 	-40203.1481411 	
6.88677354709e-08 0 	0 	-40186.3410804 	
6.94488977956e-08 0 	0 	-40169.5340196 	
7.00300601202e-08 0 	0 	-40142.5389668 	
7.06112224449e-08 0 	0 	-40112.3518654 	
7.11923847695e-08 0 	0 	-40082.1647639 	
7.17735470942e-08 0 	0 	-40051.9776624 	
7.23547094188e-08 0 	0 	-40021.7905609 	
7.29358717435e-08 0 	0 	-39991.6034594 	
7.35170340681e-08 0 	0 	-39961.4163579 	
7.40981963928e-08 0 	0 	-39931.2292565 	
7.46793587174e-08 0 	0 	-39901.042155 	
7.52605210421e-08 0 	0 	-39870.8550535 	
7.58416833667e-08 0 	0 	-39821.0385762 	
7.64228456914e-08 0 	0 	-39766.3591131 	
7.7004008016e-08 0 	0 	-39711.6796499 	
7.75851703407e-08 0 	0 	-39657.0001867 	
7.81663326653e-08 0 	0 	-39602.3207235 	
7.874749499e-08 0 	0 	-39547.6412603 	
7.93286573146e-08 0 	0 	-39492.9617971 	
7.99098196393e-08 0 	0 	-39438.282334 	
8.04909819639e-08 0 	0 	-39383.6028708 	
8.10721442886e-08 0 	0 	-39328.9234076 	
8.16533066132e-08 0 	0 	-39246.7149462 	
8.22344689379e-08 0 	0 	-39146.6901865 	
8.28156312625e-08 0 	0 	-39046.6654268 	
8.33967935872e-08 0 	0 	-38946.6406672 	
8.39779559118e-08 0 	0 	-38846.6159075 	
8.45591182365e-08 0 	0 	-38746.5911478 	
8.51402805611e-08 0 	0 	-38646.5663882 	
8.57214428858e-08 0 	0 	-38546.5416285 	
8.63026052104e-08 0 	0 	-38446.5168688 	
8.68837675351e-08 0 	0 	-38346.4921092 	
8.74649298597e-08 0 	0 	-38231.7819046 	
8.80460921844e-08 0 	0 	-38046.8023234 	
8.8627254509e-08 0 	0 	-37861.8227422 	
8.92084168337e-08 0 	0 	-37676.8431609 	
8.97895791583e-08 0 	0 	-37491.8635797 	
9.0370741483e-08 0 	0 	-37306.8839985 	
9.09519038076e-08 0 	0 	-37121.9044173 	
9.15330661323e-08 0 	0 	-36936.9248361 	
9.21142284569e-08 0 	0 	-36751.9452549 	
9.26953907816e-08 0 	0 	-36566.9656736 	
9.32765531062e-08 0 	0 	-36381.9860924 	
9.38577154309e-08 0 	0 	-36117.5538477 	
9.44388777555e-08 0 	0 	-35771.4448091 	
9.50200400802e-08 0 	0 	-35425.3357704 	
9.56012024048e-08 0 	0 	-35079.2267318 	
9.61823647295e-08 0 	0 	-34733.1176932 	
9.67635270541e-08 0 	0 	-34387.0086545 	
9.73446893788e-08 0 	0 	-34040.8996159 	
9.79258517034e-08 0 	0 	-33694.7905773 	
9.85070140281e-08 0 	0 	-33348.6815386 	
9.90881763527e-08 0 	0 	-33002.5725 	
9.96693386774e-08 0 	0 	-32656.4634614 	
1.00250501002e-07 0 	0 	-32136.4159904 	
1.00831663327e-07 0 	0 	-31480.8239634 	
1.01412825651e-07 0 	0 	-30825.2319364 	
1.01993987976e-07 0 	0 	-30169.6399094 	
1.02575150301e-07 0 	0 	-29514.0478824 	
1.03156312625e-07 0 	0 	-28858.4558554 	
1.0373747495e-07 0 	0 	-28202.8638284 	
1.04318637275e-07 0 	0 	-27547.2718014 	
1.04899799599e-07 0 	0 	-26891.6797744 	
1.05480961924e-07 0 	0 	-26236.0877474 	
1.06062124248e-07 0 	0 	-25580.4957204 	
1.06643286573e-07 0 	0 	-24699.8600168 	
1.07224448898e-07 0 	0 	-23442.1292525 	
1.07805611222e-07 0 	0 	-22184.3984883 	
1.08386773547e-07 0 	0 	-20926.667724 	
1.08967935872e-07 0 	0 	-19668.9369598 	
1.09549098196e-07 0 	0 	-18411.2061956 	
1.10130260521e-07 0 	0 	-17153.4754313 	
1.10711422846e-07 0 	0 	-15895.7446671 	
1.1129258517e-07 0 	0 	-14638.0139028 	
1.11873747495e-07 0 	0 	-13380.2831386 	
1.1245490982e-07 0 	0 	-12122.5523744 	
1.13036072144e-07 0 	0 	-10864.8216101 	
1.13617234469e-07 0 	0 	-8512.41211892 	
1.14198396794e-07 0 	0 	-6067.62626937 	
1.14779559118e-07 0 	0 	-3622.84041981 	
1.15360721443e-07 0 	0 	-1178.05457025 	
1.15941883768e-07 0 	0 	1266.73127931 	
1.16523046092e-07 0 	0 	3711.51712886 	
1.17104208417e-07 0 	0 	6156.30297842 	
1.17685370741e-07 0 	0 	8601.08882798 	
1.18266533066e-07 0 	0 	11045.8746775 	
1.18847695391e-07 0 	0 	13490.6605271 	
1.19428857715e-07 0 	0 	15935.4463767 	
1.2001002004e-07 0 	0 	18857.3604413 	
1.20591182365e-07 0 	0 	23674.1134146 	
1.21172344689e-07 0 	0 	28490.8663879 	
1.21753507014e-07 0 	0 	33307.6193612 	
1.22334669339e-07 0 	0 	38124.3723345 	
1.22915831663e-07 0 	0 	42941.1253078 	
1.23496993988e-07 0 	0 	47757.8782811 	
1.24078156313e-07 0 	0 	52574.6312544 	
1.24659318637e-07 0 	0 	57391.3842277 	
1.25240480962e-07 0 	0 	62208.1372011 	
1.25821643287e-07 0 	0 	67024.8901744 	
1.26402805611e-07 0 	0 	71841.6431477 	
1.26983967936e-07 0 	0 	77640.7413628 	
1.27565130261e-07 0 	0 	87265.4186372 	
1.28146292585e-07 0 	0 	96890.0959116 	
1.2872745491e-07 0 	0 	106514.773186 	
1.29308617234e-07 0 	0 	116139.45046 	
1.29889779559e-07 0 	0 	125764.127735 	
1.30470941884e-07 0 	0 	135388.805009 	
1.31052104208e-07 0 	0 	145013.482284 	
1.31633266533e-07 0 	0 	154638.159558 	
1.32214428858e-07 0 	0 	164262.836832 	
1.32795591182e-07 0 	0 	173887.514107 	
1.33376753507e-07 0 	0 	183512.191381 	
1.33957915832e-07 0 	0 	193136.868656 	
1.34539078156e-07 0 	0 	211935.520667 	
1.35120240481e-07 0 	0 	231476.023689 	
1.35701402806e-07 0 	0 	251016.526711 	
1.3628256513e-07 0 	0 	270557.029733 	
1.36863727455e-07 0 	0 	290097.532755 	
1.3744488978e-07 0 	0 	309638.035777 	
1.38026052104e-07 0 	0 	329178.5388 	
1.38607214429e-07 0 	0 	348719.041822 	
1.39188376754e-07 0 	0 	368259.544844 	
1.39769539078e-07 0 	0 	387800.047866 	
1.40350701403e-07 0 	0 	407340.550888 	
1.40931863727e-07 0 	0 	426881.05391 	
1.41513026052e-07 0 	0 	448773.611943 	
1.42094188377e-07 0 	0 	474900.441606 	
1.42675350701e-07 0 	0 	501027.27127 	
1.43256513026e-07 0 	0 	527154.100933 	
1.43837675351e-07 0 	0 	553280.930596 	
1.44418837675e-07 0 	0 	579407.76026 	
1.45e-07 0 	0 	605534.589923 	
