-1.45e-07 0 	0 	427461.545018 	
-1.44418837675e-07 0 	0 	401240.115181 	
-1.43837675351e-07 0 	0 	375753.692798 	
-1.43256513026e-07 0 	0 	351929.807534 	
-1.42675350701e-07 0 	0 	329410.046359 	
-1.42094188377e-07 0 	0 	307971.511688 	
-1.41513026052e-07 0 	0 	287538.73789 	
-1.40931863727e-07 0 	0 	268592.567451 	
-1.40350701403e-07 0 	0 	250552.490466 	
-1.39769539078e-07 0 	0 	233305.777723 	
-1.39188376754e-07 0 	0 	217189.290123 	
-1.38607214429e-07 0 	0 	201977.077297 	
-1.38026052104e-07 0 	0 	187380.107196 	
-1.3744488978e-07 0 	0 	173776.061222 	
-1.36863727455e-07 0 	0 	160898.035887 	
-1.3628256513e-07 0 	0 	148489.789735 	
-1.35701402806e-07 0 	0 	137099.691768 	
-1.35120240481e-07 0 	0 	126136.103371 	
-1.34539078156e-07 0 	0 	115747.182848 	
-1.33957915832e-07 0 	0 	106072.409085 	
-1.33376753507e-07 0 	0 	96673.2251213 	
-1.32795591182e-07 0 	0 	88087.8339735 	
-1.32214428858e-07 0 	0 	79763.722114 	
-1.31633266533e-07 0 	0 	71985.9277055 	
-1.31052104208e-07 0 	0 	64613.7776137 	
-1.30470941884e-07 0 	0 	57584.3561284 	
-1.29889779559e-07 0 	0 	51052.1107402 	
-1.29308617234e-07 0 	0 	44714.5350072 	
-1.2872745491e-07 0 	0 	38920.7527783 	
-1.28146292585e-07 0 	0 	33221.2048678 	
-1.27565130261e-07 0 	0 	28074.5778998 	
-1.26983967936e-07 0 	0 	22961.95231 	
-1.26402805611e-07 0 	0 	18380.7848664 	
-1.25821643287e-07 0 	0 	13806.6811265 	
-1.25240480962e-07 0 	0 	9718.33425355 	
-1.24659318637e-07 0 	0 	5637.03924221 	
-1.24078156313e-07 0 	0 	1977.34822332 	
-1.23496993988e-07 0 	0 	-1654.19156739 	
-1.22915831663e-07 0 	0 	-4941.52028333 	
-1.22334669339e-07 0 	0 	-8163.73654598 	
-1.21753507014e-07 0 	0 	-11127.7417184 	
-1.21172344689e-07 0 	0 	-13978.4918155 	
-1.20591182365e-07 0 	0 	-16661.5797021 	
-1.2001002004e-07 0 	0 	-19176.2032717 	
-1.19428857715e-07 0 	0 	-21614.7686478 	
-1.18847695391e-07 0 	0 	-23826.1528459 	
-1.18266533066e-07 0 	0 	-26037.537044 	
-1.17685370741e-07 0 	0 	-27989.8443526 	
-1.17104208417e-07 0 	0 	-29928.4970002 	
-1.16523046092e-07 0 	0 	-31721.6815337 	
-1.15941883768e-07 0 	0 	-33415.811414 	
-1.15360721443e-07 0 	0 	-35069.6313925 	
-1.14779559118e-07 0 	0 	-36545.235042 	
-1.14198396794e-07 0 	0 	-38020.8386915 	
-1.13617234469e-07 0 	0 	-39356.820316 	
-1.13036072144e-07 0 	0 	-40637.7741832 	
-1.1245490982e-07 0 	0 	-41885.5372986 	
-1.11873747495e-07 0 	0 	-42993.694549 	
-1.1129258517e-07 0 	0 	-44101.8517995 	
-1.10711422846e-07 0 	0 	-45117.1519538 	
-1.10130260521e-07 0 	0 	-46072.442949 	
-1.09549098196e-07 0 	0 	-47027.7339442 	
-1.08967935872e-07 0 	0 	-47853.3927807 	
-1.08386773547e-07 0 	0 	-48673.9283719 	
-1.07805611222e-07 0 	0 	-49464.3686039 	
-1.07224448898e-07 0 	0 	-50166.5451973 	
-1.06643286573e-07 0 	0 	-50868.7217908 	
-1.06062124248e-07 0 	0 	-51520.8893646 	
-1.05480961924e-07 0 	0 	-52119.4948811 	
-1.04899799599e-07 0 	0 	-52718.1003975 	
-1.04318637275e-07 0 	0 	-53258.3626336 	
-1.0373747495e-07 0 	0 	-53766.6826018 	
-1.03156312625e-07 0 	0 	-54275.00257 	
-1.02575150301e-07 0 	0 	-54725.0875893 	
-1.01993987976e-07 0 	0 	-55155.0104856 	
-1.01412825651e-07 0 	0 	-55584.9333819 	
-1.00831663327e-07 0 	0 	-55962.5733602 	
-1.00250501002e-07 0 	0 	-56324.6943518 	
-9.96693386774e-08 0 	0 	-56686.8153435 	
-9.90881763527e-08 0 	0 	-57006.335927 	
-9.85070140281e-08 0 	0 	-57310.0584258 	
-9.79258517034e-08 0 	0 	-57613.7809247 	
-9.73446893788e-08 0 	0 	-57886.6355897 	
-9.67635270541e-08 0 	0 	-58140.2699342 	
-9.61823647295e-08 0 	0 	-58393.9042786 	
-9.56012024048e-08 0 	0 	-58629.1534016 	
-9.50200400802e-08 0 	0 	-58840.012063 	
-9.44388777555e-08 0 	0 	-59050.8707244 	
-9.38577154309e-08 0 	0 	-59255.6061699 	
-9.32765531062e-08 0 	0 	-59430.0950487 	
-9.26953907816e-08 0 	0 	-59604.5839275 	
-9.21142284569e-08 0 	0 	-59779.0728064 	
-9.15330661323e-08 0 	0 	-59928.0061661 	
-9.09519038076e-08 0 	0 	-60071.7115449 	
-9.0370741483e-08 0 	0 	-60215.4169237 	
-8.97895791583e-08 0 	0 	-60348.4002382 	
-8.92084168337e-08 0 	0 	-60466.1710624 	
-8.8627254509e-08 0 	0 	-60583.9418865 	
-8.80460921844e-08 0 	0 	-60701.7127106 	
-8.74649298597e-08 0 	0 	-60799.5583509 	
-8.68837675351e-08 0 	0 	-60895.5835965 	
-8.63026052104e-08 0 	0 	-60991.608842 	
-8.57214428858e-08 0 	0 	-61081.5221066 	
-8.51402805611e-08 0 	0 	-61159.4030658 	
-8.45591182365e-08 0 	0 	-61237.2840249 	
-8.39779559118e-08 0 	0 	-61315.1649841 	
-8.33967935872e-08 0 	0 	-61382.9052326 	
-8.28156312625e-08 0 	0 	-61445.7226185 	
-8.22344689379e-08 0 	0 	-61508.5400044 	
-8.16533066132e-08 0 	0 	-61571.3573903 	
-8.10721442886e-08 0 	0 	-61622.687193 	
-8.04909819639e-08 0 	0 	-61673.063034 	
-7.99098196393e-08 0 	0 	-61723.438875 	
-7.93286573146e-08 0 	0 	-61772.9436784 	
-7.874749499e-08 0 	0 	-61813.098052 	
-7.81663326653e-08 0 	0 	-61853.2524255 	
-7.75851703407e-08 0 	0 	-61893.4067991 	
-7.7004008016e-08 0 	0 	-61932.2516812 	
-7.64228456914e-08 0 	0 	-61964.0543807 	
-7.58416833667e-08 0 	0 	-61995.8570803 	
-7.52605210421e-08 0 	0 	-62027.6597799 	
-7.46793587174e-08 0 	0 	-62058.5401264 	
-7.40981963928e-08 0 	0 	-62083.5573999 	
-7.35170340681e-08 0 	0 	-62108.5746734 	
-7.29358717435e-08 0 	0 	-62133.5919469 	
-7.23547094188e-08 0 	0 	-62158.4971176 	
-7.17735470942e-08 0 	0 	-62178.0336876 	
-7.11923847695e-08 0 	0 	-62197.5702576 	
-7.06112224449e-08 0 	0 	-62217.1068276 	
-7.00300601202e-08 0 	0 	-62236.6433976 	
-6.94488977956e-08 0 	0 	-62252.6241834 	
-6.88677354709e-08 0 	0 	-62267.7607672 	
-6.82865731463e-08 0 	0 	-62282.8973509 	
-6.77054108216e-08 0 	0 	-62298.0339347 	
-6.7124248497e-08 0 	0 	-62311.4271167 	
-6.65430861723e-08 0 	0 	-62323.0537052 	
-6.59619238477e-08 0 	0 	-62334.6802938 	
-6.5380761523e-08 0 	0 	-62346.3068823 	
-6.47995991984e-08 0 	0 	-62357.7003756 	
-6.42184368737e-08 0 	0 	-62366.5455576 	
-6.36372745491e-08 0 	0 	-62375.3907396 	
-6.30561122244e-08 0 	0 	-62384.2359216 	
-6.24749498998e-08 0 	0 	-62393.0811037 	
-6.18937875752e-08 0 	0 	-62400.6852111 	
-6.13126252505e-08 0 	0 	-62407.3418326 	
-6.07314629259e-08 0 	0 	-62413.998454 	
-6.01503006012e-08 0 	0 	-62420.6550755 	
-5.95691382766e-08 0 	0 	-62427.311697 	
-5.89879759519e-08 0 	0 	-62432.354773 	
-5.84068136273e-08 0 	0 	-62437.3022367 	
-5.78256513026e-08 0 	0 	-62442.2497004 	
-5.7244488978e-08 0 	0 	-62447.197164 	
-5.66633266533e-08 0 	0 	-62451.8636051 	
-5.60821643287e-08 0 	0 	-62455.4871132 	
-5.5501002004e-08 0 	0 	-62459.1106213 	
-5.49198396794e-08 0 	0 	-62462.7341293 	
-5.43386773547e-08 0 	0 	-62466.3576374 	
-5.37575150301e-08 0 	0 	-62469.605952 	
-5.31763527054e-08 0 	0 	-62472.2129975 	
-5.25951903808e-08 0 	0 	-62474.8200429 	
-5.20140280561e-08 0 	0 	-62477.4270883 	
-5.14328657315e-08 0 	0 	-62480.0341337 	
-5.08517034068e-08 0 	0 	-62482.3228395 	
-5.02705410822e-08 0 	0 	-62484.1572342 	
-4.96893787575e-08 0 	0 	-62485.9916288 	
-4.91082164329e-08 0 	0 	-62487.8260234 	
-4.85270541082e-08 0 	0 	-62489.6604181 	
-4.79458917836e-08 0 	0 	-62491.2983967 	
-4.73647294589e-08 0 	0 	-62492.5521203 	
-4.67835671343e-08 0 	0 	-62493.8058439 	
-4.62024048096e-08 0 	0 	-62495.0595674 	
-4.5621242485e-08 0 	0 	-62496.313291 	
-4.50400801603e-08 0 	0 	-62497.5045307 	
-4.44589178357e-08 0 	0 	-62498.3276678 	
-4.3877755511e-08 0 	0 	-62499.150805 	
-4.32965931864e-08 0 	0 	-62499.9739421 	
-4.27154308617e-08 0 	0 	-62500.7970793 	
-4.21342685371e-08 0 	0 	-62501.6202165 	
-4.15531062124e-08 0 	0 	-62502.1826989 	
-4.09719438878e-08 0 	0 	-62502.6917071 	
-4.03907815631e-08 0 	0 	-62503.2007152 	
-3.98096192385e-08 0 	0 	-62503.7097234 	
-3.92284569138e-08 0 	0 	-62504.2187316 	
-3.86472945892e-08 0 	0 	-62504.6403429 	
-3.80661322645e-08 0 	0 	-62504.9248828 	
-3.74849699399e-08 0 	0 	-62505.2094227 	
-3.69038076152e-08 0 	0 	-62505.4939627 	
-3.63226452906e-08 0 	0 	-62505.7785026 	
-3.57414829659e-08 0 	0 	-62506.0630425 	
-3.51603206413e-08 0 	0 	-62506.2195175 	
-3.45791583166e-08 0 	0 	-62506.3480544 	
-3.3997995992e-08 0 	0 	-62506.4765914 	
-3.34168336673e-08 0 	0 	-62506.6051283 	
-3.28356713427e-08 0 	0 	-62506.7336652 	
-3.2254509018e-08 0 	0 	-62506.8495505 	
-3.16733466934e-08 0 	0 	-62506.8739115 	
-3.10921843687e-08 0 	0 	-62506.8982724 	
-3.05110220441e-08 0 	0 	-62506.9226334 	
-2.99298597194e-08 0 	0 	-62506.9469943 	
-2.93486973948e-08 0 	0 	-62506.9713552 	
-2.87675350701e-08 0 	0 	-62506.9769161 	
-2.81863727455e-08 0 	0 	-62506.9359677 	
-2.76052104208e-08 0 	0 	-62506.8950192 	
-2.70240480962e-08 0 	0 	-62506.8540708 	
-2.64428857715e-08 0 	0 	-62506.8131224 	
-2.58617234469e-08 0 	0 	-62506.7721739 	
-2.52805611222e-08 0 	0 	-62506.7196672 	
-2.46993987976e-08 0 	0 	-62506.6422585 	
-2.41182364729e-08 0 	0 	-62506.5648497 	
-2.35370741483e-08 0 	0 	-62506.4874409 	
-2.29559118236e-08 0 	0 	-62506.4100322 	
-2.2374749499e-08 0 	0 	-62506.3326234 	
-2.17935871743e-08 0 	0 	-62506.2520691 	
-2.12124248497e-08 0 	0 	-62506.1593652 	
-2.0631262525e-08 0 	0 	-62506.0666613 	
-2.00501002004e-08 0 	0 	-62505.9739574 	
-1.94689378758e-08 0 	0 	-62505.8812535 	
-1.88877755511e-08 0 	0 	-62505.7885496 	
-1.83066132265e-08 0 	0 	-62505.6958457 	
-1.77254509018e-08 0 	0 	-62505.6031525 	
-1.71442885772e-08 0 	0 	-62505.5104598 	
-1.65631262525e-08 0 	0 	-62505.4177672 	
-1.59819639279e-08 0 	0 	-62505.3250745 	
-1.54008016032e-08 0 	0 	-62505.2323818 	
-1.48196392786e-08 0 	0 	-62505.1396892 	
-1.42384769539e-08 0 	0 	-62505.0529498 	
-1.36573146293e-08 0 	0 	-62504.9711178 	
-1.30761523046e-08 0 	0 	-62504.8892859 	
-1.249498998e-08 0 	0 	-62504.8074539 	
-1.19138276553e-08 0 	0 	-62504.7256219 	
-1.13326653307e-08 0 	0 	-62504.64379 	
-1.0751503006e-08 0 	0 	-62504.561958 	
-1.01703406814e-08 0 	0 	-62504.49833 	
-9.58917835671e-09 0 	0 	-62504.4347907 	
-9.00801603206e-09 0 	0 	-62504.3712515 	
-8.42685370741e-09 0 	0 	-62504.3077123 	
-7.84569138277e-09 0 	0 	-62504.2441731 	
-7.26452905812e-09 0 	0 	-62504.1806339 	
-6.68336673347e-09 0 	0 	-62504.1237239 	
-6.10220440882e-09 0 	0 	-62504.0832076 	
-5.52104208417e-09 0 	0 	-62504.0426913 	
-4.93987975952e-09 0 	0 	-62504.002175 	
-4.35871743487e-09 0 	0 	-62503.9616587 	
-3.77755511022e-09 0 	0 	-62503.9211424 	
-3.19639278557e-09 0 	0 	-62503.8806261 	
-2.61523046092e-09 0 	0 	-62503.8508753 	
-2.03406813627e-09 0 	0 	-62503.835815 	
-1.45290581162e-09 0 	0 	-62503.8207547 	
-8.71743486974e-10 0 	0 	-62503.8056943 	
-2.90581162324e-10 0 	0 	-62503.790634 	
2.90581162325e-10 0 	0 	-62503.7755737 	
8.71743486974e-10 0 	0 	-62503.7605134 	
1.45290581162e-09 0 	0 	-62503.7556215 	
2.03406813627e-09 0 	0 	-62503.7662173 	
2.61523046092e-09 0 	0 	-62503.7768131 	
3.19639278557e-09 0 	0 	-62503.7874089 	
3.77755511022e-09 0 	0 	-62503.7980047 	
4.35871743487e-09 0 	0 	-62503.8086005 	
4.93987975952e-09 0 	0 	-62503.8191962 	
5.52104208417e-09 0 	0 	-62503.8345477 	
6.10220440882e-09 0 	0 	-62503.8684069 	
6.68336673347e-09 0 	0 	-62503.9022662 	
7.26452905812e-09 0 	0 	-62503.9361254 	
7.84569138277e-09 0 	0 	-62503.9699846 	
8.42685370742e-09 0 	0 	-62504.0038439 	
9.00801603206e-09 0 	0 	-62504.0377031 	
9.58917835671e-09 0 	0 	-62504.0715624 	
1.01703406814e-08 0 	0 	-62504.1200318 	
1.0751503006e-08 0 	0 	-62504.1712166 	
1.13326653307e-08 0 	0 	-62504.2224013 	
1.19138276553e-08 0 	0 	-62504.273586 	
1.249498998e-08 0 	0 	-62504.3247708 	
1.30761523046e-08 0 	0 	-62504.3759555 	
1.36573146293e-08 0 	0 	-62504.4271402 	
1.42384769539e-08 0 	0 	-62504.4801723 	
1.48196392786e-08 0 	0 	-62504.5373373 	
1.54008016032e-08 0 	0 	-62504.5945022 	
1.59819639279e-08 0 	0 	-62504.6516672 	
1.65631262525e-08 0 	0 	-62504.7088322 	
1.71442885772e-08 0 	0 	-62504.7659971 	
1.77254509018e-08 0 	0 	-62504.8231621 	
1.83066132265e-08 0 	0 	-62504.880327 	
1.88877755511e-08 0 	0 	-62504.9290683 	
1.94689378758e-08 0 	0 	-62504.9721294 	
2.00501002004e-08 0 	0 	-62505.0151905 	
2.06312625251e-08 0 	0 	-62505.0582516 	
2.12124248497e-08 0 	0 	-62505.1013127 	
2.17935871743e-08 0 	0 	-62505.1443738 	
2.2374749499e-08 0 	0 	-62505.1874349 	
2.29559118236e-08 0 	0 	-62505.230496 	
2.35370741483e-08 0 	0 	-62505.239255 	
2.41182364729e-08 0 	0 	-62505.2336017 	
2.46993987976e-08 0 	0 	-62505.2279484 	
2.52805611222e-08 0 	0 	-62505.2222951 	
2.58617234469e-08 0 	0 	-62505.2166418 	
2.64428857715e-08 0 	0 	-62505.2109885 	
2.70240480962e-08 0 	0 	-62505.2053351 	
2.76052104208e-08 0 	0 	-62505.1996818 	
2.81863727455e-08 0 	0 	-62505.1265988 	
2.87675350701e-08 0 	0 	-62505.013109 	
2.93486973948e-08 0 	0 	-62504.8996192 	
2.99298597194e-08 0 	0 	-62504.7861295 	
3.05110220441e-08 0 	0 	-62504.6726397 	
3.10921843687e-08 0 	0 	-62504.5591499 	
3.16733466934e-08 0 	0 	-62504.4456602 	
3.2254509018e-08 0 	0 	-62504.3321704 	
3.28356713427e-08 0 	0 	-62504.1442965 	
3.34168336673e-08 0 	0 	-62503.8220639 	
3.3997995992e-08 0 	0 	-62503.4998313 	
3.45791583166e-08 0 	0 	-62503.1775987 	
3.51603206413e-08 0 	0 	-62502.8553662 	
3.57414829659e-08 0 	0 	-62502.5331336 	
3.63226452906e-08 0 	0 	-62502.210901 	
3.69038076152e-08 0 	0 	-62501.8886684 	
3.74849699399e-08 0 	0 	-62501.5664358 	
3.80661322645e-08 0 	0 	-62500.9035695 	
3.86472945892e-08 0 	0 	-62500.1998086 	
3.92284569138e-08 0 	0 	-62499.4960476 	
3.98096192385e-08 0 	0 	-62498.7922867 	
4.03907815631e-08 0 	0 	-62498.0885257 	
4.09719438878e-08 0 	0 	-62497.3847648 	
4.15531062124e-08 0 	0 	-62496.6810038 	
4.21342685371e-08 0 	0 	-62495.9772429 	
4.27154308617e-08 0 	0 	-62495.1171987 	
4.32965931864e-08 0 	0 	-62493.7343238 	
4.3877755511e-08 0 	0 	-62492.3514488 	
4.44589178357e-08 0 	0 	-62490.9685739 	
4.50400801603e-08 0 	0 	-62489.5856989 	
4.5621242485e-08 0 	0 	-62488.202824 	
4.62024048096e-08 0 	0 	-62486.819949 	
4.67835671343e-08 0 	0 	-62485.4370741 	
4.73647294589e-08 0 	0 	-62484.0541991 	
4.79458917836e-08 0 	0 	-62482.2366305 	
4.85270541082e-08 0 	0 	-62479.6582311 	
4.91082164329e-08 0 	0 	-62477.0798317 	
4.96893787575e-08 0 	0 	-62474.5014323 	
5.02705410822e-08 0 	0 	-62471.9230328 	
5.08517034068e-08 0 	0 	-62469.3446334 	
5.14328657315e-08 0 	0 	-62466.766234 	
5.20140280561e-08 0 	0 	-62464.1878346 	
5.25951903808e-08 0 	0 	-62461.6094351 	
5.31763527054e-08 0 	0 	-62458.4254297 	
5.37575150301e-08 0 	0 	-62453.7474032 	
5.43386773547e-08 0 	0 	-62449.0693768 	
5.49198396794e-08 0 	0 	-62444.3913503 	
5.5501002004e-08 0 	0 	-62439.7133239 	
5.60821643287e-08 0 	0 	-62435.0352974 	
5.66633266533e-08 0 	0 	-62430.357271 	
5.7244488978e-08 0 	0 	-62425.6792445 	
5.78256513026e-08 0 	0 	-62421.0012181 	
5.84068136273e-08 0 	0 	-62416.3231916 	
5.89879759519e-08 0 	0 	-62407.9481275 	
5.95691382766e-08 0 	0 	-62399.5720332 	
6.01503006012e-08 0 	0 	-62391.1959388 	
6.07314629259e-08 0 	0 	-62382.8198444 	
6.13126252505e-08 0 	0 	-62374.44375 	
6.18937875752e-08 0 	0 	-62366.0676557 	
6.24749498998e-08 0 	0 	-62357.6915613 	
6.30561122244e-08 0 	0 	-62349.3154669 	
6.36372745491e-08 0 	0 	-62340.9393726 	
6.42184368737e-08 0 	0 	-62329.3358996 	
6.47995991984e-08 0 	0 	-62314.4058848 	
6.5380761523e-08 0 	0 	-62299.47587 	
6.59619238477e-08 0 	0 	-62284.5458553 	
6.65430861723e-08 0 	0 	-62269.6158405 	
6.7124248497e-08 0 	0 	-62254.6858257 	
6.77054108216e-08 0 	0 	-62239.7558109 	
6.82865731463e-08 0 	0 	-62224.8257961 	
6.88677354709e-08 0 	0 	-62209.8957814 	
6.94488977956e-08 0 	0 	-62194.9657666 	
7.00300601202e-08 0 	0 	-62171.117285 	
7.06112224449e-08 0 	0 	-62144.4745158 	
7.11923847695e-08 0 	0 	-62117.8317466 	
7.17735470942e-08 0 	0 	-62091.1889774 	
7.23547094188e-08 0 	0 	-62064.5462082 	
7.29358717435e-08 0 	0 	-62037.903439 	
7.35170340681e-08 0 	0 	-62011.2606698 	
7.40981963928e-08 0 	0 	-61984.6179006 	
7.46793587174e-08 0 	0 	-61957.9751314 	
7.52605210421e-08 0 	0 	-61931.3323622 	
7.58416833667e-08 0 	0 	-61887.7485725 	
7.64228456914e-08 0 	0 	-61839.9678105 	
7.7004008016e-08 0 	0 	-61792.1870486 	
7.75851703407e-08 0 	0 	-61744.4062866 	
7.81663326653e-08 0 	0 	-61696.6255247 	
7.874749499e-08 0 	0 	-61648.8447627 	
7.93286573146e-08 0 	0 	-61601.0640008 	
7.99098196393e-08 0 	0 	-61553.2832388 	
8.04909819639e-08 0 	0 	-61505.5024769 	
8.10721442886e-08 0 	0 	-61457.7217149 	
8.16533066132e-08 0 	0 	-61386.5323048 	
8.22344689379e-08 0 	0 	-61300.1932168 	
8.28156312625e-08 0 	0 	-61213.8541288 	
8.33967935872e-08 0 	0 	-61127.5150409 	
8.39779559118e-08 0 	0 	-61041.1759529 	
8.45591182365e-08 0 	0 	-60954.8368649 	
8.51402805611e-08 0 	0 	-60868.4977769 	
8.57214428858e-08 0 	0 	-60782.1586889 	
8.63026052104e-08 0 	0 	-60695.8196009 	
8.68837675351e-08 0 	0 	-60609.4805129 	
8.74649298597e-08 0 	0 	-60510.844901 	
8.80460921844e-08 0 	0 	-60353.3708219 	
8.8627254509e-08 0 	0 	-60195.8967428 	
8.92084168337e-08 0 	0 	-60038.4226637 	
8.97895791583e-08 0 	0 	-59880.9485845 	
9.0370741483e-08 0 	0 	-59723.4745054 	
9.09519038076e-08 0 	0 	-59566.0004263 	
9.15330661323e-08 0 	0 	-59408.5263472 	
9.21142284569e-08 0 	0 	-59251.0522681 	
9.26953907816e-08 0 	0 	-59093.578189 	
9.32765531062e-08 0 	0 	-58936.1041099 	
9.38577154309e-08 0 	0 	-58713.1576547 	
9.44388777555e-08 0 	0 	-58422.9060453 	
9.50200400802e-08 0 	0 	-58132.6544359 	
9.56012024048e-08 0 	0 	-57842.4028265 	
9.61823647295e-08 0 	0 	-57552.1512171 	
9.67635270541e-08 0 	0 	-57261.8996077 	
9.73446893788e-08 0 	0 	-56971.6479983 	
9.79258517034e-08 0 	0 	-56681.3963889 	
9.85070140281e-08 0 	0 	-56391.1447795 	
9.90881763527e-08 0 	0 	-56100.8931702 	
9.96693386774e-08 0 	0 	-55810.6415608 	
1.00250501002e-07 0 	0 	-55379.4281146 	
1.00831663327e-07 0 	0 	-54838.3676994 	
1.01412825651e-07 0 	0 	-54297.3072842 	
1.01993987976e-07 0 	0 	-53756.2468691 	
1.02575150301e-07 0 	0 	-53215.1864539 	
1.03156312625e-07 0 	0 	-52674.1260387 	
1.0373747495e-07 0 	0 	-52133.0656235 	
1.04318637275e-07 0 	0 	-51592.0052084 	
1.04899799599e-07 0 	0 	-51050.9447932 	
1.05480961924e-07 0 	0 	-50509.884378 	
1.06062124248e-07 0 	0 	-49968.8239628 	
1.06643286573e-07 0 	0 	-49248.5530596 	
1.07224448898e-07 0 	0 	-48227.9876051 	
1.07805611222e-07 0 	0 	-47207.4221506 	
1.08386773547e-07 0 	0 	-46186.8566961 	
1.08967935872e-07 0 	0 	-45166.2912416 	
1.09549098196e-07 0 	0 	-44145.7257872 	
1.10130260521e-07 0 	0 	-43125.1603327 	
1.10711422846e-07 0 	0 	-42104.5948782 	
1.1129258517e-07 0 	0 	-41084.0294237 	
1.11873747495e-07 0 	0 	-40063.4639692 	
1.1245490982e-07 0 	0 	-39042.8985147 	
1.13036072144e-07 0 	0 	-38022.3330602 	
1.13617234469e-07 0 	0 	-36146.0819756 	
1.14198396794e-07 0 	0 	-34197.6223785 	
1.14779559118e-07 0 	0 	-32249.1627815 	
1.15360721443e-07 0 	0 	-30300.7031844 	
1.15941883768e-07 0 	0 	-28352.2435874 	
1.16523046092e-07 0 	0 	-26403.7839903 	
1.17104208417e-07 0 	0 	-24455.3243933 	
1.17685370741e-07 0 	0 	-22506.8647962 	
1.18266533066e-07 0 	0 	-20558.4051991 	
1.18847695391e-07 0 	0 	-18609.9456021 	
1.19428857715e-07 0 	0 	-16661.486005 	
1.2001002004e-07 0 	0 	-14347.4365764 	
1.20591182365e-07 0 	0 	-10581.50521 	
1.21172344689e-07 0 	0 	-6815.57384365 	
1.21753507014e-07 0 	0 	-3049.64247726 	
1.22334669339e-07 0 	0 	716.288889138 	
1.22915831663e-07 0 	0 	4482.22025553 	
1.23496993988e-07 0 	0 	8248.15162193 	
1.24078156313e-07 0 	0 	12014.0829883 	
1.24659318637e-07 0 	0 	15780.0143547 	
1.25240480962e-07 0 	0 	19545.9457211 	
1.25821643287e-07 0 	0 	23311.8770875 	
1.26402805611e-07 0 	0 	27077.8084539 	
1.26983967936e-07 0 	0 	31580.0913565 	
1.27565130261e-07 0 	0 	38949.9720212 	
1.28146292585e-07 0 	0 	46319.852686 	
1.2872745491e-07 0 	0 	53689.7333507 	
1.29308617234e-07 0 	0 	61059.6140155 	
1.29889779559e-07 0 	0 	68429.4946802 	
1.30470941884e-07 0 	0 	75799.375345 	
1.31052104208e-07 0 	0 	83169.2560097 	
1.31633266533e-07 0 	0 	90539.1366745 	
1.32214428858e-07 0 	0 	97909.0173392 	
1.32795591182e-07 0 	0 	105278.898004 	
1.33376753507e-07 0 	0 	112648.778669 	
1.33957915832e-07 0 	0 	120018.659333 	
1.34539078156e-07 0 	0 	134090.561594 	
1.35120240481e-07 0 	0 	148704.421036 	
1.35701402806e-07 0 	0 	163318.280478 	
1.3628256513e-07 0 	0 	177932.13992 	
1.36863727455e-07 0 	0 	192545.999362 	
1.3744488978e-07 0 	0 	207159.858804 	
1.38026052104e-07 0 	0 	221773.718246 	
1.38607214429e-07 0 	0 	236387.577688 	
1.39188376754e-07 0 	0 	251001.43713 	
1.39769539078e-07 0 	0 	265615.296572 	
1.40350701403e-07 0 	0 	280229.156014 	
1.40931863727e-07 0 	0 	294843.015456 	
1.41513026052e-07 0 	0 	311160.190961 	
1.42094188377e-07 0 	0 	330543.750054 	
1.42675350701e-07 0 	0 	349927.309146 	
1.43256513026e-07 0 	0 	369310.868239 	
1.43837675351e-07 0 	0 	388694.427332 	
1.44418837675e-07 0 	0 	408077.986424 	
1.45e-07 0 	0 	427461.545517 	
