-1.45e-07 0 	0 	1186512.71916 	
-1.44418837675e-07 0 	0 	1117944.78066 	
-1.43837675351e-07 0 	0 	1051537.43312 	
-1.43256513026e-07 0 	0 	989984.178766 	
-1.42675350701e-07 0 	0 	932176.542559 	
-1.42094188377e-07 0 	0 	877445.188308 	
-1.41513026052e-07 0 	0 	825556.815306 	
-1.40931863727e-07 0 	0 	777814.745733 	
-1.40350701403e-07 0 	0 	732566.857667 	
-1.39769539078e-07 0 	0 	689494.647105 	
-1.39188376754e-07 0 	0 	649495.584426 	
-1.38607214429e-07 0 	0 	611927.114887 	
-1.38026052104e-07 0 	0 	576005.823242 	
-1.3744488978e-07 0 	0 	542724.568384 	
-1.36863727455e-07 0 	0 	511353.940163 	
-1.3628256513e-07 0 	0 	481218.251207 	
-1.35701402806e-07 0 	0 	453735.866504 	
-1.35120240481e-07 0 	0 	427354.612495 	
-1.34539078156e-07 0 	0 	402456.993271 	
-1.33957915832e-07 0 	0 	379386.582477 	
-1.33376753507e-07 0 	0 	357020.058293 	
-1.32795591182e-07 0 	0 	336717.659126 	
-1.32214428858e-07 0 	0 	317072.398707 	
-1.31633266533e-07 0 	0 	298801.171294 	
-1.31052104208e-07 0 	0 	281541.792921 	
-1.30470941884e-07 0 	0 	265137.32511 	
-1.29889779559e-07 0 	0 	249963.039233 	
-1.29308617234e-07 0 	0 	235270.431969 	
-1.2872745491e-07 0 	0 	221912.689039 	
-1.28146292585e-07 0 	0 	208786.265589 	
-1.27565130261e-07 0 	0 	197006.483064 	
-1.26983967936e-07 0 	0 	185309.511018 	
-1.26402805611e-07 0 	0 	174896.85992 	
-1.25821643287e-07 0 	0 	164501.278959 	
-1.25240480962e-07 0 	0 	155270.519438 	
-1.24659318637e-07 0 	0 	146056.669939 	
-1.24078156313e-07 0 	0 	137846.032342 	
-1.23496993988e-07 0 	0 	129702.380939 	
-1.22915831663e-07 0 	0 	122371.494252 	
-1.22334669339e-07 0 	0 	115194.353648 	
-1.21753507014e-07 0 	0 	108622.227127 	
-1.21172344689e-07 0 	0 	102315.46843 	
-1.20591182365e-07 0 	0 	96398.5349608 	
-1.2001002004e-07 0 	0 	90873.2916661 	
-1.19428857715e-07 0 	0 	85523.5230611 	
-1.18847695391e-07 0 	0 	80697.8866348 	
-1.18266533066e-07 0 	0 	75872.2502086 	
-1.17685370741e-07 0 	0 	71639.6991349 	
-1.17104208417e-07 0 	0 	67438.4066556 	
-1.16523046092e-07 0 	0 	63567.5293494 	
-1.15941883768e-07 0 	0 	59921.644033 	
-1.15360721443e-07 0 	0 	56366.6012916 	
-1.14779559118e-07 0 	0 	53213.1876665 	
-1.14198396794e-07 0 	0 	50059.7740414 	
-1.13617234469e-07 0 	0 	47218.5349518 	
-1.13036072144e-07 0 	0 	44500.329922 	
-1.1245490982e-07 0 	0 	41855.7465649 	
-1.11873747495e-07 0 	0 	39520.828303 	
-1.1129258517e-07 0 	0 	37185.910041 	
-1.10711422846e-07 0 	0 	35055.3195786 	
-1.10130260521e-07 0 	0 	33056.7765302 	
-1.09549098196e-07 0 	0 	31058.2334817 	
-1.08967935872e-07 0 	0 	29342.6519514 	
-1.08386773547e-07 0 	0 	27638.2534583 	
-1.07805611222e-07 0 	0 	25999.0170552 	
-1.07224448898e-07 0 	0 	24550.8879622 	
-1.06643286573e-07 0 	0 	23102.7588693 	
-1.06062124248e-07 0 	0 	21762.029558 	
-1.05480961924e-07 0 	0 	20536.3305616 	
-1.04899799599e-07 0 	0 	19310.6315653 	
-1.04318637275e-07 0 	0 	18209.2078813 	
-1.0373747495e-07 0 	0 	17175.8234863 	
-1.03156312625e-07 0 	0 	16142.4390914 	
-1.02575150301e-07 0 	0 	15232.0807995 	
-1.01993987976e-07 0 	0 	14364.3166455 	
-1.01412825651e-07 0 	0 	13496.5524914 	
-1.00831663327e-07 0 	0 	12738.328711 	
-1.00250501002e-07 0 	0 	12012.6194815 	
-9.96693386774e-08 0 	0 	11286.910252 	
-9.90881763527e-08 0 	0 	10649.7150031 	
-9.85070140281e-08 0 	0 	10045.3445893 	
-9.79258517034e-08 0 	0 	9440.97417548 	
-9.73446893788e-08 0 	0 	8900.20605827 	
-9.67635270541e-08 0 	0 	8399.04086698 	
-9.61823647295e-08 0 	0 	7897.8756757 	
-9.56012024048e-08 0 	0 	7434.27612798 	
-9.50200400802e-08 0 	0 	7020.51244347 	
-9.44388777555e-08 0 	0 	6606.74875895 	
-9.38577154309e-08 0 	0 	6205.39149444 	
-9.32765531062e-08 0 	0 	5865.31764824 	
-9.26953907816e-08 0 	0 	5525.24380204 	
-9.21142284569e-08 0 	0 	5185.16995584 	
-9.15330661323e-08 0 	0 	4896.44006496 	
-9.09519038076e-08 0 	0 	4618.21378468 	
-9.0370741483e-08 0 	0 	4339.9875044 	
-8.97895791583e-08 0 	0 	4083.12203241 	
-8.92084168337e-08 0 	0 	3856.56332653 	
-8.8627254509e-08 0 	0 	3630.00462065 	
-8.80460921844e-08 0 	0 	3403.44591477 	
-8.74649298597e-08 0 	0 	3216.24932121 	
-8.68837675351e-08 0 	0 	3032.64890947 	
-8.63026052104e-08 0 	0 	2849.04849774 	
-8.57214428858e-08 0 	0 	2677.42110028 	
-8.51402805611e-08 0 	0 	2529.36428756 	
-8.45591182365e-08 0 	0 	2381.30747484 	
-8.39779559118e-08 0 	0 	2233.25066211 	
-8.33967935872e-08 0 	0 	2104.89322933 	
-8.28156312625e-08 0 	0 	1986.09896661 	
-8.22344689379e-08 0 	0 	1867.3047039 	
-8.16533066132e-08 0 	0 	1748.51044118 	
-8.10721442886e-08 0 	0 	1651.84731195 	
-8.04909819639e-08 0 	0 	1557.02201517 	
-7.99098196393e-08 0 	0 	1462.1967184 	
-7.93286573146e-08 0 	0 	1369.03577139 	
-7.874749499e-08 0 	0 	1293.74131433 	
-7.81663326653e-08 0 	0 	1218.44685728 	
-7.75851703407e-08 0 	0 	1143.15240022 	
-7.7004008016e-08 0 	0 	1070.33995744 	
-7.64228456914e-08 0 	0 	1010.87528957 	
-7.58416833667e-08 0 	0 	951.410621711 	
-7.52605210421e-08 0 	0 	891.945953848 	
-7.46793587174e-08 0 	0 	834.215803323 	
-7.40981963928e-08 0 	0 	787.511367383 	
-7.35170340681e-08 0 	0 	740.806931442 	
-7.29358717435e-08 0 	0 	694.102495502 	
-7.23547094188e-08 0 	0 	647.607275807 	
-7.17735470942e-08 0 	0 	611.1314196 	
-7.11923847695e-08 0 	0 	574.655563393 	
-7.06112224449e-08 0 	0 	538.179707185 	
-7.00300601202e-08 0 	0 	501.703850978 	
-6.94488977956e-08 0 	0 	471.816327703 	
-6.88677354709e-08 0 	0 	443.492983823 	
-6.82865731463e-08 0 	0 	415.169639943 	
-6.77054108216e-08 0 	0 	386.846296063 	
-6.7124248497e-08 0 	0 	361.731575018 	
-6.65430861723e-08 0 	0 	339.868159712 	
-6.59619238477e-08 0 	0 	318.004744407 	
-6.5380761523e-08 0 	0 	296.141329101 	
-6.47995991984e-08 0 	0 	274.704332039 	
-6.42184368737e-08 0 	0 	257.929147889 	
-6.36372745491e-08 0 	0 	241.15396374 	
-6.30561122244e-08 0 	0 	224.37877959 	
-6.24749498998e-08 0 	0 	207.603595441 	
-6.18937875752e-08 0 	0 	193.087271023 	
-6.13126252505e-08 0 	0 	180.295450538 	
-6.07314629259e-08 0 	0 	167.503630052 	
-6.01503006012e-08 0 	0 	154.711809567 	
-5.95691382766e-08 0 	0 	141.919989082 	
-5.89879759519e-08 0 	0 	132.053761081 	
-5.84068136273e-08 0 	0 	122.360892268 	
-5.78256513026e-08 0 	0 	112.668023455 	
-5.7244488978e-08 0 	0 	102.975154642 	
-5.66633266533e-08 0 	0 	93.7907620199 	
-5.60821643287e-08 0 	0 	86.4934298236 	
-5.5501002004e-08 0 	0 	79.1960976273 	
-5.49198396794e-08 0 	0 	71.8987654311 	
-5.43386773547e-08 0 	0 	64.6014332348 	
-5.37575150301e-08 0 	0 	57.9831633771 	
-5.31763527054e-08 0 	0 	52.5255260569 	
-5.25951903808e-08 0 	0 	47.0678887367 	
-5.20140280561e-08 0 	0 	41.6102514165 	
-5.14328657315e-08 0 	0 	36.1526140963 	
-5.08517034068e-08 0 	0 	31.2731974591 	
-5.02705410822e-08 0 	0 	27.218975271 	
-4.96893787575e-08 0 	0 	23.1647530828 	
-4.91082164329e-08 0 	0 	19.1105308947 	
-4.85270541082e-08 0 	0 	15.0563087065 	
-4.79458917836e-08 0 	0 	11.3617604706 	
-4.73647294589e-08 0 	0 	8.37085445096 	
-4.67835671343e-08 0 	0 	5.37994843129 	
-4.62024048096e-08 0 	0 	2.38904241162 	
-4.5621242485e-08 0 	0 	-0.601863608048 	
-4.50400801603e-08 0 	0 	-3.47667461634 	
-4.44589178357e-08 0 	0 	-5.66755071194 	
-4.3877755511e-08 0 	0 	-7.85842680753 	
-4.32965931864e-08 0 	0 	-10.0493029031 	
-4.27154308617e-08 0 	0 	-12.2401789987 	
-4.21342685371e-08 0 	0 	-14.4310550943 	
-4.15531062124e-08 0 	0 	-16.1259940109 	
-4.09719438878e-08 0 	0 	-17.7191897194 	
-4.03907815631e-08 0 	0 	-19.3123854278 	
-3.98096192385e-08 0 	0 	-20.9055811363 	
-3.92284569138e-08 0 	0 	-22.4987768448 	
-3.86472945892e-08 0 	0 	-23.9193729237 	
-3.80661322645e-08 0 	0 	-25.0692677207 	
-3.74849699399e-08 0 	0 	-26.2191625178 	
-3.69038076152e-08 0 	0 	-27.3690573148 	
-3.63226452906e-08 0 	0 	-28.5189521118 	
-3.57414829659e-08 0 	0 	-29.6688469089 	
-3.51603206413e-08 0 	0 	-30.5507833696 	
-3.45791583166e-08 0 	0 	-31.3742633035 	
-3.3997995992e-08 0 	0 	-32.1977432373 	
-3.34168336673e-08 0 	0 	-33.0212231711 	
-3.28356713427e-08 0 	0 	-33.844703105 	
-3.2254509018e-08 0 	0 	-34.63920262 	
-3.16733466934e-08 0 	0 	-35.2240522406 	
-3.10921843687e-08 0 	0 	-35.8089018612 	
-3.05110220441e-08 0 	0 	-36.3937514819 	
-2.99298597194e-08 0 	0 	-36.9786011025 	
-2.93486973948e-08 0 	0 	-37.5634507232 	
-2.87675350701e-08 0 	0 	-38.0984310155 	
-2.81863727455e-08 0 	0 	-38.5100402023 	
-2.76052104208e-08 0 	0 	-38.9216493891 	
-2.70240480962e-08 0 	0 	-39.3332585759 	
-2.64428857715e-08 0 	0 	-39.7448677628 	
-2.58617234469e-08 0 	0 	-40.1564769496 	
-2.52805611222e-08 0 	0 	-40.5284586015 	
-2.46993987976e-08 0 	0 	-40.8150632975 	
-2.41182364729e-08 0 	0 	-41.1016679935 	
-2.35370741483e-08 0 	0 	-41.3882726895 	
-2.29559118236e-08 0 	0 	-41.6748773856 	
-2.2374749499e-08 0 	0 	-41.9614820816 	
-2.17935871743e-08 0 	0 	-42.2296163724 	
-2.12124248497e-08 0 	0 	-42.4264087381 	
-2.0631262525e-08 0 	0 	-42.6232011038 	
-2.00501002004e-08 0 	0 	-42.8199934694 	
-1.94689378758e-08 0 	0 	-43.0167858351 	
-1.88877755511e-08 0 	0 	-43.2135782007 	
-1.83066132265e-08 0 	0 	-43.4103705664 	
-1.77254509018e-08 0 	0 	-43.5458456544 	
-1.71442885772e-08 0 	0 	-43.678127188 	
-1.65631262525e-08 0 	0 	-43.8104087215 	
-1.59819639279e-08 0 	0 	-43.9426902551 	
-1.54008016032e-08 0 	0 	-44.0749717886 	
-1.48196392786e-08 0 	0 	-44.2072533222 	
-1.42384769539e-08 0 	0 	-44.3139066378 	
-1.36573146293e-08 0 	0 	-44.3994337916 	
-1.30761523046e-08 0 	0 	-44.4849609453 	
-1.249498998e-08 0 	0 	-44.5704880991 	
-1.19138276553e-08 0 	0 	-44.6560152529 	
-1.13326653307e-08 0 	0 	-44.7415424067 	
-1.0751503006e-08 0 	0 	-44.8270695604 	
-1.01703406814e-08 0 	0 	-44.877953572 	
-9.58917835671e-09 0 	0 	-44.9286684645 	
-9.00801603206e-09 0 	0 	-44.9793833569 	
-8.42685370741e-09 0 	0 	-45.0300982493 	
-7.84569138277e-09 0 	0 	-45.0808131418 	
-7.26452905812e-09 0 	0 	-45.1315280342 	
-6.68336673347e-09 0 	0 	-45.1743117816 	
-6.10220440882e-09 0 	0 	-45.1974821642 	
-5.52104208417e-09 0 	0 	-45.2206525467 	
-4.93987975952e-09 0 	0 	-45.2438229292 	
-4.35871743487e-09 0 	0 	-45.2669933118 	
-3.77755511022e-09 0 	0 	-45.2901636943 	
-3.19639278557e-09 0 	0 	-45.3133340768 	
-2.61523046092e-09 0 	0 	-45.3262066368 	
-2.03406813627e-09 0 	0 	-45.3250270561 	
-1.45290581162e-09 0 	0 	-45.3238474754 	
-8.71743486974e-10 0 	0 	-45.3226678946 	
-2.90581162324e-10 0 	0 	-45.3214883139 	
2.90581162325e-10 0 	0 	-45.3203087332 	
8.71743486974e-10 0 	0 	-45.3191291525 	
1.45290581162e-09 0 	0 	-45.3079663516 	
2.03406813627e-09 0 	0 	-45.2815981133 	
2.61523046092e-09 0 	0 	-45.255229875 	
3.19639278557e-09 0 	0 	-45.2288616368 	
3.77755511022e-09 0 	0 	-45.2024933985 	
4.35871743487e-09 0 	0 	-45.1761251602 	
4.93987975952e-09 0 	0 	-45.149756922 	
5.52104208417e-09 0 	0 	-45.1171116143 	
6.10220440882e-09 0 	0 	-45.0600372902 	
6.68336673347e-09 0 	0 	-45.0029629661 	
7.26452905812e-09 0 	0 	-44.945888642 	
7.84569138277e-09 0 	0 	-44.8888143179 	
8.42685370742e-09 0 	0 	-44.8317399938 	
9.00801603206e-09 0 	0 	-44.7746656696 	
9.58917835671e-09 0 	0 	-44.7175913455 	
1.01703406814e-08 0 	0 	-44.624630737 	
1.0751503006e-08 0 	0 	-44.5250006918 	
1.13326653307e-08 0 	0 	-44.4253706467 	
1.19138276553e-08 0 	0 	-44.3257406015 	
1.249498998e-08 0 	0 	-44.2261105563 	
1.30761523046e-08 0 	0 	-44.1264805111 	
1.36573146293e-08 0 	0 	-44.026850466 	
1.42384769539e-08 0 	0 	-43.907483702 	
1.48196392786e-08 0 	0 	-43.7439633147 	
1.54008016032e-08 0 	0 	-43.5804429274 	
1.59819639279e-08 0 	0 	-43.4169225402 	
1.65631262525e-08 0 	0 	-43.2534021529 	
1.71442885772e-08 0 	0 	-43.0898817656 	
1.77254509018e-08 0 	0 	-42.9263613783 	
1.83066132265e-08 0 	0 	-42.7628409911 	
1.88877755511e-08 0 	0 	-42.5393819263 	
1.94689378758e-08 0 	0 	-42.2755058309 	
2.00501002004e-08 0 	0 	-42.0116297356 	
2.06312625251e-08 0 	0 	-41.7477536402 	
2.12124248497e-08 0 	0 	-41.4838775449 	
2.17935871743e-08 0 	0 	-41.2200014495 	
2.2374749499e-08 0 	0 	-40.9561253542 	
2.29559118236e-08 0 	0 	-40.6922492588 	
2.35370741483e-08 0 	0 	-40.3143957133 	
2.41182364729e-08 0 	0 	-39.8886533811 	
2.46993987976e-08 0 	0 	-39.4629110489 	
2.52805611222e-08 0 	0 	-39.0371687168 	
2.58617234469e-08 0 	0 	-38.6114263846 	
2.64428857715e-08 0 	0 	-38.1856840524 	
2.70240480962e-08 0 	0 	-37.7599417202 	
2.76052104208e-08 0 	0 	-37.3341993881 	
2.81863727455e-08 0 	0 	-36.7423017582 	
2.87675350701e-08 0 	0 	-36.0508370001 	
2.93486973948e-08 0 	0 	-35.359372242 	
2.99298597194e-08 0 	0 	-34.6679074839 	
3.05110220441e-08 0 	0 	-33.9764427258 	
3.10921843687e-08 0 	0 	-33.2849779677 	
3.16733466934e-08 0 	0 	-32.5935132096 	
3.2254509018e-08 0 	0 	-31.9020484515 	
3.28356713427e-08 0 	0 	-31.0529661727 	
3.34168336673e-08 0 	0 	-29.9191823063 	
3.3997995992e-08 0 	0 	-28.7853984399 	
3.45791583166e-08 0 	0 	-27.6516145734 	
3.51603206413e-08 0 	0 	-26.517830707 	
3.57414829659e-08 0 	0 	-25.3840468406 	
3.63226452906e-08 0 	0 	-24.2502629742 	
3.69038076152e-08 0 	0 	-23.1164791077 	
3.74849699399e-08 0 	0 	-21.9826952413 	
3.80661322645e-08 0 	0 	-20.1833095731 	
3.86472945892e-08 0 	0 	-18.304015266 	
3.92284569138e-08 0 	0 	-16.4247209588 	
3.98096192385e-08 0 	0 	-14.5454266517 	
4.03907815631e-08 0 	0 	-12.6661323446 	
4.09719438878e-08 0 	0 	-10.7868380374 	
4.15531062124e-08 0 	0 	-8.90754373031 	
4.21342685371e-08 0 	0 	-7.02824942318 	
4.27154308617e-08 0 	0 	-4.85629466686 	
4.32965931864e-08 0 	0 	-1.70527179046 	
4.3877755511e-08 0 	0 	1.44575108594 	
4.44589178357e-08 0 	0 	4.59677396234 	
4.50400801603e-08 0 	0 	7.74779683874 	
4.5621242485e-08 0 	0 	10.8988197151 	
4.62024048096e-08 0 	0 	14.0498425915 	
4.67835671343e-08 0 	0 	17.2008654679 	
4.73647294589e-08 0 	0 	20.3518883443 	
4.79458917836e-08 0 	0 	24.3012220703 	
4.85270541082e-08 0 	0 	29.6478145688 	
4.91082164329e-08 0 	0 	34.9944070673 	
4.96893787575e-08 0 	0 	40.3409995658 	
5.02705410822e-08 0 	0 	45.6875920644 	
5.08517034068e-08 0 	0 	51.0341845629 	
5.14328657315e-08 0 	0 	56.3807770614 	
5.20140280561e-08 0 	0 	61.72736956 	
5.25951903808e-08 0 	0 	67.0739620585 	
5.31763527054e-08 0 	0 	73.5272323057 	
5.37575150301e-08 0 	0 	82.7106599054 	
5.43386773547e-08 0 	0 	91.8940875051 	
5.49198396794e-08 0 	0 	101.077515105 	
5.5501002004e-08 0 	0 	110.260942705 	
5.60821643287e-08 0 	0 	119.444370304 	
5.66633266533e-08 0 	0 	128.627797904 	
5.7244488978e-08 0 	0 	137.811225504 	
5.78256513026e-08 0 	0 	146.994653104 	
5.84068136273e-08 0 	0 	156.178080703 	
5.89879759519e-08 0 	0 	172.148003239 	
5.95691382766e-08 0 	0 	188.119817025 	
6.01503006012e-08 0 	0 	204.091630812 	
6.07314629259e-08 0 	0 	220.063444599 	
6.13126252505e-08 0 	0 	236.035258386 	
6.18937875752e-08 0 	0 	252.007072173 	
6.24749498998e-08 0 	0 	267.97888596 	
6.30561122244e-08 0 	0 	283.950699747 	
6.36372745491e-08 0 	0 	299.922513534 	
6.42184368737e-08 0 	0 	321.883741948 	
6.47995991984e-08 0 	0 	350.018413478 	
6.5380761523e-08 0 	0 	378.153085008 	
6.59619238477e-08 0 	0 	406.287756539 	
6.65430861723e-08 0 	0 	434.422428069 	
6.7124248497e-08 0 	0 	462.557099599 	
6.77054108216e-08 0 	0 	490.69177113 	
6.82865731463e-08 0 	0 	518.82644266 	
6.88677354709e-08 0 	0 	546.96111419 	
6.94488977956e-08 0 	0 	575.09578572 	
7.00300601202e-08 0 	0 	620.038830617 	
7.06112224449e-08 0 	0 	670.248187609 	
7.11923847695e-08 0 	0 	720.457544601 	
7.17735470942e-08 0 	0 	770.666901593 	
7.23547094188e-08 0 	0 	820.876258584 	
7.29358717435e-08 0 	0 	871.085615576 	
7.35170340681e-08 0 	0 	921.294972568 	
7.40981963928e-08 0 	0 	971.50432956 	
7.46793587174e-08 0 	0 	1021.71368655 	
7.52605210421e-08 0 	0 	1071.92304354 	
7.58416833667e-08 0 	0 	1154.66642793 	
7.64228456914e-08 0 	0 	1245.4697995 	
7.7004008016e-08 0 	0 	1336.27317107 	
7.75851703407e-08 0 	0 	1427.07654264 	
7.81663326653e-08 0 	0 	1517.87991421 	
7.874749499e-08 0 	0 	1608.68328578 	
7.93286573146e-08 0 	0 	1699.48665735 	
7.99098196393e-08 0 	0 	1790.29002892 	
8.04909819639e-08 0 	0 	1881.0934005 	
8.10721442886e-08 0 	0 	1971.89677207 	
8.16533066132e-08 0 	0 	2108.63243383 	
8.22344689379e-08 0 	0 	2275.09469065 	
8.28156312625e-08 0 	0 	2441.55694747 	
8.33967935872e-08 0 	0 	2608.01920429 	
8.39779559118e-08 0 	0 	2774.48146112 	
8.45591182365e-08 0 	0 	2940.94371794 	
8.51402805611e-08 0 	0 	3107.40597476 	
8.57214428858e-08 0 	0 	3273.86823158 	
8.63026052104e-08 0 	0 	3440.3304884 	
8.68837675351e-08 0 	0 	3606.79274522 	
8.74649298597e-08 0 	0 	3797.96724321 	
8.80460921844e-08 0 	0 	4107.38901215 	
8.8627254509e-08 0 	0 	4416.81078109 	
8.92084168337e-08 0 	0 	4726.23255003 	
8.97895791583e-08 0 	0 	5035.65431897 	
9.0370741483e-08 0 	0 	5345.07608791 	
9.09519038076e-08 0 	0 	5654.49785685 	
9.15330661323e-08 0 	0 	5963.91962579 	
9.21142284569e-08 0 	0 	6273.34139473 	
9.26953907816e-08 0 	0 	6582.76316367 	
9.32765531062e-08 0 	0 	6892.18493261 	
9.38577154309e-08 0 	0 	7336.68416484 	
9.44388777555e-08 0 	0 	7920.04210421 	
9.50200400802e-08 0 	0 	8503.40004358 	
9.56012024048e-08 0 	0 	9086.75798294 	
9.61823647295e-08 0 	0 	9670.11592231 	
9.67635270541e-08 0 	0 	10253.4738617 	
9.73446893788e-08 0 	0 	10836.831801 	
9.79258517034e-08 0 	0 	11420.1897404 	
9.85070140281e-08 0 	0 	12003.5476798 	
9.90881763527e-08 0 	0 	12586.9056191 	
9.96693386774e-08 0 	0 	13170.2635585 	
1.00250501002e-07 0 	0 	14052.889911 	
1.00831663327e-07 0 	0 	15168.7263923 	
1.01412825651e-07 0 	0 	16284.5628735 	
1.01993987976e-07 0 	0 	17400.3993548 	
1.02575150301e-07 0 	0 	18516.235836 	
1.03156312625e-07 0 	0 	19632.0723173 	
1.0373747495e-07 0 	0 	20747.9087986 	
1.04318637275e-07 0 	0 	21863.7452798 	
1.04899799599e-07 0 	0 	22979.5817611 	
1.05480961924e-07 0 	0 	24095.4182423 	
1.06062124248e-07 0 	0 	25211.2547236 	
1.06643286573e-07 0 	0 	26719.6349023 	
1.07224448898e-07 0 	0 	28885.7820159 	
1.07805611222e-07 0 	0 	31051.9291295 	
1.08386773547e-07 0 	0 	33218.0762431 	
1.08967935872e-07 0 	0 	35384.2233567 	
1.09549098196e-07 0 	0 	37550.3704704 	
1.10130260521e-07 0 	0 	39716.517584 	
1.10711422846e-07 0 	0 	41882.6646976 	
1.1129258517e-07 0 	0 	44048.8118112 	
1.11873747495e-07 0 	0 	46214.9589248 	
1.1245490982e-07 0 	0 	48381.1060384 	
1.13036072144e-07 0 	0 	50547.2531521 	
1.13617234469e-07 0 	0 	54652.9698334 	
1.14198396794e-07 0 	0 	58922.3604485 	
1.14779559118e-07 0 	0 	63191.7510636 	
1.15360721443e-07 0 	0 	67461.1416786 	
1.15941883768e-07 0 	0 	71730.5322937 	
1.16523046092e-07 0 	0 	75999.9229088 	
1.17104208417e-07 0 	0 	80269.3135239 	
1.17685370741e-07 0 	0 	84538.704139 	
1.18266533066e-07 0 	0 	88808.0947541 	
1.18847695391e-07 0 	0 	93077.4853692 	
1.19428857715e-07 0 	0 	97346.8759843 	
1.2001002004e-07 0 	0 	102477.111954 	
1.20591182365e-07 0 	0 	111026.058497 	
1.21172344689e-07 0 	0 	119575.00504 	
1.21753507014e-07 0 	0 	128123.951582 	
1.22334669339e-07 0 	0 	136672.898125 	
1.22915831663e-07 0 	0 	145221.844668 	
1.23496993988e-07 0 	0 	153770.79121 	
1.24078156313e-07 0 	0 	162319.737753 	
1.24659318637e-07 0 	0 	170868.684295 	
1.25240480962e-07 0 	0 	179417.630838 	
1.25821643287e-07 0 	0 	187966.577381 	
1.26402805611e-07 0 	0 	196515.523923 	
1.26983967936e-07 0 	0 	206877.213156 	
1.27565130261e-07 0 	0 	224298.32527 	
1.28146292585e-07 0 	0 	241719.437383 	
1.2872745491e-07 0 	0 	259140.549496 	
1.29308617234e-07 0 	0 	276561.66161 	
1.29889779559e-07 0 	0 	293982.773723 	
1.30470941884e-07 0 	0 	311403.885836 	
1.31052104208e-07 0 	0 	328824.99795 	
1.31633266533e-07 0 	0 	346246.110063 	
1.32214428858e-07 0 	0 	363667.222177 	
1.32795591182e-07 0 	0 	381088.33429 	
1.33376753507e-07 0 	0 	398509.446403 	
1.33957915832e-07 0 	0 	415930.558517 	
1.34539078156e-07 0 	0 	450880.915797 	
1.35120240481e-07 0 	0 	487248.770794 	
1.35701402806e-07 0 	0 	523616.625792 	
1.3628256513e-07 0 	0 	559984.480789 	
1.36863727455e-07 0 	0 	596352.335786 	
1.3744488978e-07 0 	0 	632720.190784 	
1.38026052104e-07 0 	0 	669088.045781 	
1.38607214429e-07 0 	0 	705455.900778 	
1.39188376754e-07 0 	0 	741823.755775 	
1.39769539078e-07 0 	0 	778191.610773 	
1.40350701403e-07 0 	0 	814559.46577 	
1.40931863727e-07 0 	0 	850927.320767 	
1.41513026052e-07 0 	0 	891845.949126 	
1.42094188377e-07 0 	0 	940957.077428 	
1.42675350701e-07 0 	0 	990068.205731 	
1.43256513026e-07 0 	0 	1039179.33403 	
1.43837675351e-07 0 	0 	1088290.46234 	
1.44418837675e-07 0 	0 	1137401.59064 	
1.45e-07 0 	0 	1186512.71894 	
