-1.45e-07 0.0146939180708 1.53042128449 0.651424005023
-1.44418837675e-07 0.0140112723817 1.49069089538 0.66892486205
-1.43837675351e-07 0.0133663996334 1.45382810405 0.685758699455
-1.43256513026e-07 0.012769785321 1.42072951622 0.70180436285
-1.42675350701e-07 0.012208620783 1.39025171023 0.717223221328
-1.42094188377e-07 0.0116755192623 1.36179725033 0.732127203208
-1.41513026052e-07 0.0111763981319 1.33572744448 0.746383967227
-1.40931863727e-07 0.0107133463004 1.31206449344 0.759904222255
-1.40350701403e-07 0.0102695330251 1.28965403364 0.773018086833
-1.39769539078e-07 0.00985892970184 1.26935463836 0.785408325224
-1.39188376754e-07 0.00947233724759 1.25051215771 0.797242770611
-1.38607214429e-07 0.00910246387765 1.23268414588 0.808690210009
-1.38026052104e-07 0.00876594819635 1.21679232183 0.819320924302
-1.3744488978e-07 0.00843686581178 1.20132602278 0.829766411225
-1.36863727455e-07 0.00814117630357 1.18771802741 0.839350737354
-1.3628256513e-07 0.00785152645435 1.17443304389 0.848771672247
-1.35701402806e-07 0.00758924672183 1.16261186352 0.857452161827
-1.35120240481e-07 0.00733320869032 1.15111228672 0.86595620967
-1.34539078156e-07 0.00710188082802 1.1408859011 0.873761745169
-1.33957915832e-07 0.00687418315165 1.13084017229 0.881460456897
-1.33376753507e-07 0.00667136762333 1.1220327078 0.88842697338
-1.32795591182e-07 0.00646855209501 1.1132252433 0.895393489864
-1.32214428858e-07 0.00629062226529 1.10561698855 0.901600461662
-1.31633266533e-07 0.00611391485739 1.09806764073 0.907770123517
-1.31052104208e-07 0.00595322932646 1.09126783544 0.913434340998
-1.30470941884e-07 0.00580027801002 1.08482985559 0.918854566142
-1.29889779559e-07 0.00565346891337 1.07867155349 0.924075170663
-1.29308617234e-07 0.00552199023865 1.0732113016 0.928797540264
-1.2872745491e-07 0.00539051156392 1.06775104971 0.933519909866
-1.28146292585e-07 0.00527411911987 1.06296108101 0.937738756333
-1.27565130261e-07 0.00516191375963 1.05835714498 0.941817853275
-1.26983967936e-07 0.00505243906341 1.05387188382 0.945803628593
-1.26402805611e-07 0.00495740612736 1.05001426271 0.949295850501
-1.25821643287e-07 0.00486237319131 1.04615664159 0.95278807241
-1.25240480962e-07 0.00477355059457 1.04256365667 0.956063572601
-1.24659318637e-07 0.00469370036133 1.03935300385 0.959025964934
-1.24078156313e-07 0.00461385012808 1.03614235103 0.961988357268
-1.23496993988e-07 0.00454101365002 1.03322540357 0.964701467044
-1.22915831663e-07 0.00447447840187 1.03057232403 0.967190618802
-1.22334669339e-07 0.00440794315372 1.02791924449 0.96967977056
-1.21753507014e-07 0.00434726399621 1.0255076699 0.971957442263
-1.21172344689e-07 0.00429230669712 1.02333206451 0.974028481419
-1.20591182365e-07 0.00423734939803 1.02115645913 0.976099520575
-1.2001002004e-07 0.00418577949844 1.01911870487 0.978046537234
-1.19428857715e-07 0.00414080012271 1.01734915377 0.979752255745
-1.18847695391e-07 0.00409582074697 1.01557960266 0.981457974256
-1.18266533066e-07 0.0040510189109 1.01381719434 0.983157115584
-1.17685370741e-07 0.00401455830747 1.01239037124 0.984547245314
-1.17104208417e-07 0.00397809770404 1.01096354814 0.985937375043
-1.16523046092e-07 0.00394163710061 1.00953672503 0.987327504772
-1.15941883768e-07 0.00390908366693 1.00826556919 0.988571436829
-1.15360721443e-07 0.00387982492797 1.00712567872 0.989692088678
-1.14779559118e-07 0.00385056618902 1.00598578825 0.990812740527
-1.14198396794e-07 0.00382130745006 1.00484589778 0.991933392377
-1.13617234469e-07 0.00379745324374 1.00391956658 0.992850116481
-1.13036072144e-07 0.0037742206316 1.00301779758 0.993743386142
-1.1245490982e-07 0.00375098801946 1.00211602858 0.994636655804
-1.11873747495e-07 0.00372813337977 1.00122909287 0.995515563788
-1.1129258517e-07 0.0037098889497 1.00052308189 0.996219299376
-1.10711422846e-07 0.00369164451962 0.99981707092 0.996923034963
-1.10130260521e-07 0.00367340008955 0.999111059947 0.997626770551
-1.09549098196e-07 0.00365544492159 0.998416336734 0.998319451945
-1.08967935872e-07 0.00364128305416 0.997869637967 0.998867171816
-1.08386773547e-07 0.00362712118672 0.997322939201 0.999414891687
-1.07805611222e-07 0.00361295931928 0.996776240435 0.999962611558
-1.07224448898e-07 0.00359879745184 0.996229541668 1.00051033143
-1.06643286573e-07 0.00358751902498 0.995794843596 1.00094734481
-1.06062124248e-07 0.00357665914751 0.995376403124 1.00136828845
-1.05480961924e-07 0.00356579927005 0.994957962652 1.00178923209
-1.04899799599e-07 0.00355493939258 0.994539522179 1.00221017573
-1.04318637275e-07 0.00354532892566 0.994169432034 1.00258296925
-1.0373747495e-07 0.00353710675325 0.993853066819 1.00290226031
-1.03156312625e-07 0.00352888458083 0.993536701603 1.00322155138
-1.02575150301e-07 0.00352066240842 0.993220336388 1.00354084244
-1.01993987976e-07 0.00351244023601 0.992903971172 1.0038601335
-1.01412825651e-07 0.00350601176627 0.992656814755 1.00411009187
-1.00831663327e-07 0.00349986942689 0.992420698483 1.00434899033
-1.00250501002e-07 0.00349372708751 0.992184582212 1.0045878888
-9.96693386774e-08 0.00348758474814 0.99194846594 1.00482678726
-9.90881763527e-08 0.00348148983784 0.991714175457 1.00506384813
-9.85070140281e-08 0.00347696526189 0.991540335208 1.00524006798
-9.79258517034e-08 0.00347244068594 0.99136649496 1.00541628782
-9.73446893788e-08 0.00346791611 0.991192654712 1.00559250767
-9.67635270541e-08 0.00346339153405 0.991018814464 1.00576872752
-9.61823647295e-08 0.00345886695811 0.990844974216 1.00594494737
-9.56012024048e-08 0.00345553784456 0.990717071467 1.0060747661
-9.50200400802e-08 0.00345225379554 0.990590900393 1.00620283569
-9.44388777555e-08 0.00344896974651 0.990464729319 1.00633090527
-9.38577154309e-08 0.00344568569749 0.990338558244 1.00645897486
-9.32765531062e-08 0.00344240164847 0.99021238717 1.00658704444
-9.26953907816e-08 0.00343973078146 0.990109746821 1.00669128066
-9.21142284569e-08 0.00343738388337 0.990019538707 1.00678292474
-9.15330661323e-08 0.00343503698528 0.989929330593 1.00687456882
-9.09519038076e-08 0.00343269008719 0.989839122479 1.0069662129
-9.0370741483e-08 0.0034303431891 0.989748914365 1.00705785698
-8.97895791583e-08 0.00342805866039 0.989661097283 1.00714707431
-8.92084168337e-08 0.00342640874033 0.989597608957 1.00721159946
-8.8627254509e-08 0.00342475882027 0.989534120631 1.00727612462
-8.80460921844e-08 0.00342310890021 0.989470632305 1.00734064977
-8.74649298597e-08 0.00342145898015 0.98940714398 1.00740517492
-8.68837675351e-08 0.00341980906009 0.989343655654 1.00746970008
-8.63026052104e-08 0.00341829015529 0.989285186461 1.00752912347
-8.57214428858e-08 0.00341715016994 0.989241233494 1.00757379168
-8.51402805611e-08 0.0034160101846 0.989197280528 1.00761845989
-8.45591182365e-08 0.00341487019925 0.989153327561 1.0076631281
-8.39779559118e-08 0.00341373021391 0.989109374595 1.0077077963
-8.33967935872e-08 0.00341259022856 0.989065421628 1.00775246451
-8.28156312625e-08 0.00341150295976 0.989023487259 1.0077950787
-8.22344689379e-08 0.00341072971625 0.988993577401 1.00782545735
-8.16533066132e-08 0.00340995647274 0.988963667543 1.007855836
-8.10721442886e-08 0.00340918322922 0.988933757685 1.00788621465
-8.04909819639e-08 0.00340840998571 0.988903847827 1.0079165933
-7.99098196393e-08 0.0034076367422 0.988873937969 1.00794697195
-7.93286573146e-08 0.00340686349869 0.988844028111 1.0079773506
-7.874749499e-08 0.00340628103806 0.98882142169 1.00800029222
-7.81663326653e-08 0.00340576685698 0.988801429105 1.00802057218
-7.75851703407e-08 0.00340525267591 0.988781436521 1.00804085215
-7.7004008016e-08 0.00340473849484 0.988761443936 1.00806113211
-7.64228456914e-08 0.00340422431376 0.988741451352 1.00808141208
-7.58416833667e-08 0.00340371013269 0.988721458767 1.00810169205
-7.52605210421e-08 0.0034031996966 0.988701609536 1.00812182597
-7.46793587174e-08 0.00340286510281 0.988688491319 1.00813510263
-7.40981963928e-08 0.00340253050903 0.988675373102 1.00814837929
-7.35170340681e-08 0.00340219591524 0.988662254884 1.00816165595
-7.29358717435e-08 0.00340186132146 0.988649136667 1.00817493261
-7.23547094188e-08 0.00340152672767 0.98863601845 1.00818820927
-7.17735470942e-08 0.00340119213388 0.988622900233 1.00820148593
-7.11923847695e-08 0.0034008575401 0.988609782015 1.00821476259
-7.06112224449e-08 0.00340064283119 0.988601253484 1.00822336245
-7.00300601202e-08 0.00340043029951 0.988592808305 1.00823187737
-6.94488977956e-08 0.00340021776782 0.988584363127 1.00824039228
-6.88677354709e-08 0.00340000523614 0.988575917949 1.0082489072
-6.82865731463e-08 0.00339979270446 0.988567472771 1.00825742212
-6.77054108216e-08 0.00339958017278 0.988559027592 1.00826593704
-6.7124248497e-08 0.00339936764109 0.988550582414 1.00827445196
-6.65430861723e-08 0.00339920425959 0.988544019688 1.0082810487
-6.59619238477e-08 0.00339907299217 0.988538686931 1.00828639214
-6.5380761523e-08 0.00339894172475 0.988533354175 1.00829173558
-6.47995991984e-08 0.00339881045733 0.988528021419 1.00829707902
-6.42184368737e-08 0.00339867918991 0.988522688662 1.00830242246
-6.36372745491e-08 0.00339854792249 0.988517355906 1.0083077659
-6.30561122244e-08 0.00339841665507 0.988512023149 1.00831310934
-6.24749498998e-08 0.00339828538764 0.988506690393 1.00831845278
-6.18937875752e-08 0.00339820031076 0.988503128192 1.00832199256
-6.13126252505e-08 0.00339812198207 0.98849982466 1.00832526884
-6.07314629259e-08 0.00339804365338 0.988496521128 1.00832854512
-6.01503006012e-08 0.00339796532468 0.988493217596 1.0083318214
-5.95691382766e-08 0.00339788699599 0.988489914064 1.00833509768
-5.89879759519e-08 0.0033978086673 0.988486610532 1.00833837395
-5.84068136273e-08 0.00339773033861 0.988483307 1.00834165023
-5.78256513026e-08 0.00339765200992 0.988480003468 1.00834492651
-5.7244488978e-08 0.00339759957346 0.988477693912 1.00834719088
-5.66633266533e-08 0.00339755494928 0.98847568426 1.00834914994
-5.60821643287e-08 0.0033975103251 0.988473674609 1.008351109
-5.5501002004e-08 0.00339746570092 0.988471664958 1.00835306806
-5.49198396794e-08 0.00339742107674 0.988469655306 1.00835502712
-5.43386773547e-08 0.00339737645256 0.988467645655 1.00835698618
-5.37575150301e-08 0.00339733182838 0.988465636004 1.00835894524
-5.31763527054e-08 0.0033972872042 0.988463626353 1.0083609043
-5.25951903808e-08 0.00339724831779 0.988461837558 1.0083626388
-5.20140280561e-08 0.00339722463647 0.988460634033 1.00836377822
-5.14328657315e-08 0.00339720095514 0.988459430508 1.00836491765
-5.08517034068e-08 0.00339717727382 0.988458226984 1.00836605707
-5.02705410822e-08 0.0033971535925 0.988457023459 1.00836719649
-4.96893787575e-08 0.00339712991117 0.988455819934 1.00836833591
-4.91082164329e-08 0.00339710622985 0.988454616409 1.00836947533
-4.85270541082e-08 0.00339708254853 0.988453412884 1.00837061476
-4.79458917836e-08 0.0033970588672 0.98845220936 1.00837175418
-4.73647294589e-08 0.00339703988997 0.988451187779 1.00837270904
-4.67835671343e-08 0.00339702888646 0.988450474607 1.00837335104
-4.62024048096e-08 0.00339701788296 0.988449761434 1.00837399305
-4.5621242485e-08 0.00339700687945 0.988449048262 1.00837463506
-4.50400801603e-08 0.00339699587595 0.98844833509 1.00837527706
-4.44589178357e-08 0.00339698487244 0.988447621917 1.00837591907
-4.3877755511e-08 0.00339697386894 0.988446908745 1.00837656108
-4.32965931864e-08 0.00339696286543 0.988446195572 1.00837720308
-4.27154308617e-08 0.00339695186193 0.9884454824 1.00837784509
-4.21342685371e-08 0.00339694115508 0.988444780804 1.0083784754
-4.15531062124e-08 0.0033969376096 0.988444358671 1.00837882345
-4.09719438878e-08 0.00339693406411 0.988443936537 1.0083791715
-4.03907815631e-08 0.00339693051862 0.988443514404 1.00837951954
-3.98096192385e-08 0.00339692697314 0.98844309227 1.00837986759
-3.92284569138e-08 0.00339692342765 0.988442670137 1.00838021563
-3.86472945892e-08 0.00339691988217 0.988442248004 1.00838056368
-3.80661322645e-08 0.00339691633668 0.98844182587 1.00838091173
-3.74849699399e-08 0.0033969127912 0.988441403737 1.00838125977
-3.69038076152e-08 0.00339690924571 0.988440981603 1.00838160782
-3.63226452906e-08 0.00339690680239 0.988440603211 1.00838191204
-3.57414829659e-08 0.00339690750336 0.988440349606 1.00838209124
-3.51603206413e-08 0.00339690820434 0.988440096002 1.00838227045
-3.45791583166e-08 0.00339690890532 0.988439842397 1.00838244965
-3.3997995992e-08 0.0033969096063 0.988439588792 1.00838262885
-3.34168336673e-08 0.00339691030727 0.988439335187 1.00838280805
-3.28356713427e-08 0.00339691100825 0.988439081582 1.00838298725
-3.2254509018e-08 0.00339691170923 0.988438827977 1.00838316645
-3.16733466934e-08 0.00339691241021 0.988438574373 1.00838334566
-3.10921843687e-08 0.00339691311118 0.988438320768 1.00838352486
-3.05110220441e-08 0.00339691383252 0.988438067998 1.00838370324
-2.99298597194e-08 0.00339691685653 0.988437909677 1.00838378846
-2.93486973948e-08 0.00339691988053 0.988437751356 1.00838387369
-2.87675350701e-08 0.00339692290454 0.988437593035 1.00838395892
-2.81863727455e-08 0.00339692592855 0.988437434714 1.00838404415
-2.76052104208e-08 0.00339692895256 0.988437276393 1.00838412938
-2.70240480962e-08 0.00339693197657 0.988437118072 1.00838421461
-2.64428857715e-08 0.00339693500058 0.988436959751 1.00838429983
-2.58617234469e-08 0.00339693802459 0.98843680143 1.00838438506
-2.52805611222e-08 0.0033969410486 0.988436643109 1.00838447029
-2.46993987976e-08 0.0033969440726 0.988436484788 1.00838455552
-2.41182364729e-08 0.00339694741489 0.98843634043 1.0083846274
-2.35370741483e-08 0.00339695164093 0.988436234844 1.00838466222
-2.29559118236e-08 0.00339695586697 0.988436129257 1.00838469703
-2.2374749499e-08 0.00339696009302 0.988436023671 1.00838473185
-2.17935871743e-08 0.00339696431906 0.988435918085 1.00838476667
-2.12124248497e-08 0.0033969685451 0.988435812498 1.00838480149
-2.0631262525e-08 0.00339697277114 0.988435706912 1.00838483631
-2.00501002004e-08 0.00339697699719 0.988435601326 1.00838487112
-1.94689378758e-08 0.00339698122323 0.988435495739 1.00838490594
-1.88877755511e-08 0.00339698544927 0.988435390153 1.00838494076
-1.83066132265e-08 0.00339698967532 0.988435284567 1.00838497558
-1.77254509018e-08 0.00339699390355 0.988435179092 1.0083850103
-1.71442885772e-08 0.00339699869493 0.988435102223 1.00838501937
-1.65631262525e-08 0.0033970034863 0.988435025354 1.00838502844
-1.59819639279e-08 0.00339700827768 0.988434948484 1.00838503751
-1.54008016032e-08 0.00339701306906 0.988434871615 1.00838504659
-1.48196392786e-08 0.00339701786044 0.988434794746 1.00838505566
-1.42384769539e-08 0.00339702265182 0.988434717877 1.00838506473
-1.36573146293e-08 0.0033970274432 0.988434641008 1.0083850738
-1.30761523046e-08 0.00339703223457 0.988434564139 1.00838508288
-1.249498998e-08 0.00339703702595 0.98843448727 1.00838509195
-1.19138276553e-08 0.00339704181733 0.988434410401 1.00838510102
-1.13326653307e-08 0.00339704660871 0.988434333532 1.00838511009
-1.0751503006e-08 0.00339705144234 0.988434259776 1.00838511674
-1.01703406814e-08 0.00339705644378 0.988434198382 1.00838511375
-9.58917835671e-09 0.00339706144521 0.988434136988 1.00838511076
-9.00801603206e-09 0.00339706644664 0.988434075594 1.00838510777
-8.42685370741e-09 0.00339707144807 0.9884340142 1.00838510477
-7.84569138277e-09 0.00339707644951 0.988433952806 1.00838510178
-7.26452905812e-09 0.00339708145094 0.988433891412 1.00838509879
-6.68336673347e-09 0.00339708645237 0.988433830018 1.0083850958
-6.10220440882e-09 0.00339709145381 0.988433768625 1.00838509281
-5.52104208417e-09 0.00339709645524 0.988433707231 1.00838508982
-4.93987975952e-09 0.00339710145667 0.988433645837 1.00838508683
-4.35871743487e-09 0.0033971064581 0.988433584443 1.00838508384
-3.77755511022e-09 0.00339711145954 0.988433523049 1.00838508085
-3.19639278557e-09 0.00339711646805 0.988433468406 1.00838507421
-2.61523046092e-09 0.003397121478 0.98843341514 1.00838506683
-2.03406813627e-09 0.00339712648796 0.988433361874 1.00838505945
-1.45290581162e-09 0.00339713149791 0.988433308609 1.00838505207
-8.71743486974e-10 0.00339713650787 0.988433255343 1.00838504469
-2.90581162324e-10 0.00339714151782 0.988433202077 1.00838503731
2.90581162325e-10 0.00339714652778 0.988433148811 1.00838502992
8.71743486974e-10 0.00339715153773 0.988433095545 1.00838502254
1.45290581162e-09 0.00339715654769 0.988433042279 1.00838501516
2.03406813627e-09 0.00339716155764 0.988432989014 1.00838500778
2.61523046092e-09 0.0033971665676 0.988432935748 1.0083850004
3.19639278557e-09 0.00339717157755 0.988432882482 1.00838499302
3.77755511022e-09 0.0033971765681 0.988432829796 1.00838498571
4.35871743487e-09 0.00339718146348 0.988432779952 1.00838497874
4.93987975952e-09 0.00339718635886 0.988432730108 1.00838497177
5.52104208417e-09 0.00339719125424 0.988432680264 1.0083849648
6.10220440882e-09 0.00339719614962 0.988432630419 1.00838495783
6.68336673347e-09 0.003397201045 0.988432580575 1.00838495086
7.26452905812e-09 0.00339720594038 0.988432530731 1.0083849439
7.84569138277e-09 0.00339721083576 0.988432480887 1.00838493693
8.42685370742e-09 0.00339721573114 0.988432431043 1.00838492996
9.00801603206e-09 0.00339722062652 0.988432381199 1.00838492299
9.58917835671e-09 0.0033972255219 0.988432331355 1.00838491602
1.01703406814e-08 0.00339723041728 0.988432281511 1.00838490905
1.0751503006e-08 0.00339723531266 0.988432231667 1.00838490208
1.13326653307e-08 0.00339724004221 0.988432181429 1.00838489849
1.19138276553e-08 0.00339724473 0.988432131092 1.00838489575
1.249498998e-08 0.00339724941779 0.988432080755 1.008384893
1.30761523046e-08 0.00339725410558 0.988432030418 1.00838489026
1.36573146293e-08 0.00339725879337 0.988431980081 1.00838488752
1.42384769539e-08 0.00339726348116 0.988431929744 1.00838488478
1.48196392786e-08 0.00339726816895 0.988431879407 1.00838488203
1.54008016032e-08 0.00339727285674 0.98843182907 1.00838487929
1.59819639279e-08 0.00339727754453 0.988431778734 1.00838487655
1.65631262525e-08 0.00339728223232 0.988431728397 1.00838487381
1.71442885772e-08 0.00339728692011 0.98843167806 1.00838487106
1.77254509018e-08 0.0033972916079 0.988431627723 1.00838486832
1.83066132265e-08 0.00339729597239 0.9884315721 1.00838487451
1.88877755511e-08 0.00339730033562 0.988431516456 1.00838488073
1.94689378758e-08 0.00339730469886 0.988431460813 1.00838488696
2.00501002004e-08 0.00339730906209 0.988431405169 1.00838489318
2.06312625251e-08 0.00339731342532 0.988431349526 1.00838489941
2.12124248497e-08 0.00339731778856 0.988431293882 1.00838490563
2.17935871743e-08 0.00339732215179 0.988431238238 1.00838491186
2.2374749499e-08 0.00339732651502 0.988431182595 1.00838491808
2.29559118236e-08 0.00339733087825 0.988431126951 1.0083849243
2.35370741483e-08 0.00339733524149 0.988431071308 1.00838493053
2.41182364729e-08 0.00339733960472 0.988431015664 1.00838493675
2.46993987976e-08 0.00339734358783 0.98843095047 1.00838495521
2.52805611222e-08 0.00339734743405 0.988430881835 1.00838497808
2.58617234469e-08 0.00339735128027 0.988430813201 1.00838500095
2.64428857715e-08 0.00339735512649 0.988430744567 1.00838502382
2.70240480962e-08 0.00339735897271 0.988430675932 1.00838504668
2.76052104208e-08 0.00339736281893 0.988430607298 1.00838506955
2.81863727455e-08 0.00339736666515 0.988430538664 1.00838509242
2.87675350701e-08 0.00339737051137 0.988430470029 1.00838511529
2.93486973948e-08 0.00339737435759 0.988430401395 1.00838513815
2.99298597194e-08 0.00339737820381 0.988430332761 1.00838516102
3.05110220441e-08 0.00339738205003 0.988430264126 1.00838518389
3.10921843687e-08 0.00339738505215 0.988430169628 1.00838523635
3.16733466934e-08 0.0033973880468 0.9884300749 1.00838528907
3.2254509018e-08 0.00339739104146 0.988429980173 1.00838534179
3.28356713427e-08 0.00339739403612 0.988429885446 1.00838539452
3.34168336673e-08 0.00339739703078 0.988429790718 1.00838544724
3.3997995992e-08 0.00339740002543 0.988429695991 1.00838549996
3.45791583166e-08 0.00339740302009 0.988429601263 1.00838555268
3.51603206413e-08 0.00339740601475 0.988429506536 1.0083856054
3.57414829659e-08 0.0033974090094 0.988429411809 1.00838565812
3.63226452906e-08 0.00339741200406 0.988429317081 1.00838571085
3.69038076152e-08 0.0033974139425 0.988429186538 1.00838580239
3.74849699399e-08 0.0033974155107 0.988429043441 1.00838590755
3.80661322645e-08 0.00339741707891 0.988428900344 1.0083860127
3.86472945892e-08 0.00339741864711 0.988428757247 1.00838611785
3.92284569138e-08 0.00339742021532 0.98842861415 1.00838622301
3.98096192385e-08 0.00339742178352 0.988428471053 1.00838632816
4.03907815631e-08 0.00339742335173 0.988428327955 1.00838643332
4.09719438878e-08 0.00339742491993 0.988428184858 1.00838653847
4.15531062124e-08 0.00339742648814 0.988428041761 1.00838664362
4.21342685371e-08 0.00339742805634 0.988427898664 1.00838674878
4.27154308617e-08 0.00339742733044 0.988427673506 1.00838694048
4.32965931864e-08 0.0033974265095 0.988427444949 1.00838713576
4.3877755511e-08 0.00339742568857 0.988427216391 1.00838733105
4.44589178357e-08 0.00339742486763 0.988426987834 1.00838752633
4.50400801603e-08 0.00339742404669 0.988426759277 1.00838772162
4.5621242485e-08 0.00339742322576 0.98842653072 1.0083879169
4.62024048096e-08 0.00339742240482 0.988426302162 1.00838811219
4.67835671343e-08 0.00339742158388 0.988426073605 1.00838830747
4.73647294589e-08 0.00339742076295 0.988425845048 1.00838850276
4.79458917836e-08 0.00339741745312 0.988425524864 1.00838879329
4.85270541082e-08 0.00339741267499 0.988425150624 1.00838914001
4.91082164329e-08 0.00339740789685 0.988424776385 1.00838948673
4.96893787575e-08 0.00339740311871 0.988424402146 1.00838983345
5.02705410822e-08 0.00339739834057 0.988424027907 1.00839018016
5.08517034068e-08 0.00339739356243 0.988423653667 1.00839052688
5.14328657315e-08 0.0033973887843 0.988423279428 1.0083908736
5.20140280561e-08 0.00339738400616 0.988422905189 1.00839122032
5.25951903808e-08 0.00339737922802 0.988422530949 1.00839156704
5.31763527054e-08 0.00339736977173 0.988421981739 1.00839209421
5.37575150301e-08 0.0033973585501 0.988421366502 1.00839268948
5.43386773547e-08 0.00339734732847 0.988420751265 1.00839328475
5.49198396794e-08 0.00339733610684 0.988420136028 1.00839388002
5.5501002004e-08 0.00339732488521 0.988419520791 1.00839447529
5.60821643287e-08 0.00339731366358 0.988418905554 1.00839507056
5.66633266533e-08 0.00339730244196 0.988418290317 1.00839566584
5.7244488978e-08 0.00339729122033 0.98841767508 1.00839626111
5.78256513026e-08 0.0033972776146 0.988416969877 1.00839694876
5.84068136273e-08 0.00339725610726 0.9884159665 1.00839794258
5.89879759519e-08 0.00339723459992 0.988414963124 1.0083989364
5.95691382766e-08 0.00339721309259 0.988413959747 1.00839993022
6.01503006012e-08 0.00339719158525 0.988412956371 1.00840092404
6.07314629259e-08 0.00339717007791 0.988411952994 1.00840191786
6.13126252505e-08 0.00339714857058 0.988410949618 1.00840291168
6.18937875752e-08 0.00339712706324 0.988409946241 1.0084039055
6.24749498998e-08 0.0033971035062 0.988408865122 1.00840497895
6.30561122244e-08 0.00339706591921 0.988407251863 1.00840659746
6.36372745491e-08 0.00339702833222 0.988405638605 1.00840821597
6.42184368737e-08 0.00339699074523 0.988404025346 1.00840983448
6.47995991984e-08 0.00339695315825 0.988402412087 1.00841145298
6.5380761523e-08 0.00339691557126 0.988400798828 1.00841307149
6.59619238477e-08 0.00339687798427 0.98839918557 1.00841469
6.65430861723e-08 0.00339684039728 0.988397572311 1.00841630851
6.7124248497e-08 0.00339679308294 0.988395589003 1.0084183055
6.77054108216e-08 0.00339673088103 0.988393039341 1.00842088178
6.82865731463e-08 0.00339666867911 0.988390489679 1.00842345805
6.88677354709e-08 0.0033966064772 0.988387940017 1.00842603432
6.94488977956e-08 0.00339654427528 0.988385390355 1.00842861059
7.00300601202e-08 0.00339648207337 0.988382840693 1.00843118687
7.06112224449e-08 0.00339641987146 0.988380291031 1.00843376314
7.11923847695e-08 0.00339635701116 0.988377716278 1.00843636506
7.17735470942e-08 0.0033962578983 0.988373759964 1.0084403789
7.23547094188e-08 0.00339615878544 0.98836980365 1.00844439275
7.29358717435e-08 0.00339605967257 0.988365847336 1.0084484066
7.35170340681e-08 0.00339596055971 0.988361891022 1.00845242045
7.40981963928e-08 0.00339586144685 0.988357934707 1.00845643429
7.46793587174e-08 0.00339576233399 0.988353978393 1.00846044814
7.52605210421e-08 0.00339566322113 0.988350022079 1.00846446199
7.58416833667e-08 0.00339551098889 0.988344039297 1.00847054597
7.64228456914e-08 0.00339535762535 0.988338013356 1.00847667405
7.7004008016e-08 0.00339520426181 0.988331987415 1.00848280212
7.75851703407e-08 0.00339505089827 0.988325961474 1.00848893019
7.81663326653e-08 0.00339489753472 0.988319935532 1.00849505826
7.874749499e-08 0.00339474417118 0.988313909591 1.00850118634
7.93286573146e-08 0.00339457019459 0.988307096799 1.00850811808
7.99098196393e-08 0.0033943386222 0.98829808543 1.00851729539
8.04909819639e-08 0.0033941070498 0.988289074061 1.00852647269
8.10721442886e-08 0.00339387547741 0.988280062692 1.00853565
8.16533066132e-08 0.00339364390501 0.988271051323 1.00854482731
8.22344689379e-08 0.00339341233262 0.988262039954 1.00855400462
8.28156312625e-08 0.00339318076022 0.988253028585 1.00856318193
8.33967935872e-08 0.00339285442477 0.988240398713 1.00857605517
8.39779559118e-08 0.00339251218111 0.988227161389 1.00858954885
8.45591182365e-08 0.00339216993746 0.988213924065 1.00860304254
8.51402805611e-08 0.0033918276938 0.988200686741 1.00861653623
8.57214428858e-08 0.00339148545014 0.988187449417 1.00863002992
8.63026052104e-08 0.00339114320648 0.988174212093 1.00864352361
8.68837675351e-08 0.00339068664686 0.988156609125 1.00866147722
8.74649298597e-08 0.00339019056133 0.988137496693 1.0086809729
8.80460921844e-08 0.0033896944758 0.98811838426 1.00870046858
8.8627254509e-08 0.00338919839027 0.988099271827 1.00871996425
8.92084168337e-08 0.00338870230475 0.988080159394 1.00873945993
8.97895791583e-08 0.00338820621922 0.988061046961 1.00875895561
9.0370741483e-08 0.00338751871206 0.98803462458 1.00878592186
9.09519038076e-08 0.00338681239198 0.988007483777 1.00881362231
9.15330661323e-08 0.0033861060719 0.987980342974 1.00884132277
9.21142284569e-08 0.00338539975181 0.98795320217 1.00886902322
9.26953907816e-08 0.00338469343173 0.987926061367 1.00889672368
9.32765531062e-08 0.00338388940168 0.987895189937 1.00892823887
9.38577154309e-08 0.00338290043416 0.987857257478 1.0089669743
9.44388777555e-08 0.00338191146665 0.98781932502 1.00900570972
9.50200400802e-08 0.00338092249913 0.987781392562 1.00904444514
9.56012024048e-08 0.00337993353161 0.987743460104 1.00908318057
9.61823647295e-08 0.00337893097353 0.98770500892 1.00912244683
9.67635270541e-08 0.00337756788773 0.987652797082 1.00917579507
9.73446893788e-08 0.00337620480192 0.987600585244 1.00922914332
9.79258517034e-08 0.00337484171611 0.987548373407 1.00928249157
9.85070140281e-08 0.0033734786303 0.987496161569 1.00933583982
9.90881763527e-08 0.0033721155445 0.987443949731 1.00938918806
9.96693386774e-08 0.00337027890043 0.987373671828 1.00946104382
1.00250501002e-07 0.0033684279534 0.987302848272 1.00953345856
1.00831663327e-07 0.00336657700637 0.987232024717 1.0096058733
1.01412825651e-07 0.00336472605935 0.987161201161 1.00967828804
1.01993987976e-07 0.00336278882806 0.987087088069 1.00975407737
1.02575150301e-07 0.0033603106954 0.986992353434 1.0098510214
1.03156312625e-07 0.00335783256273 0.9868976188 1.00994796544
1.0373747495e-07 0.00335535443007 0.986802884165 1.01004490947
1.04318637275e-07 0.0033528762974 0.98670814953 1.01014185351
1.04899799599e-07 0.00334997952437 0.986597468305 1.01025518552
1.05480961924e-07 0.00334670599143 0.986472435774 1.01038326609
1.06062124248e-07 0.00334343245849 0.986347403243 1.01051134665
1.06643286573e-07 0.00334015892555 0.986222370712 1.01063942721
1.07224448898e-07 0.00333675918021 0.986092535892 1.01077245407
1.07805611222e-07 0.00333248994134 0.985929617492 1.01093955661
1.08386773547e-07 0.00332822070247 0.985766699091 1.01110665915
1.08967935872e-07 0.0033239514636 0.98560378069 1.0112737617
1.09549098196e-07 0.00331968222474 0.98544086229 1.01144086424
1.10130260521e-07 0.00331426913019 0.985234481326 1.0116528579
1.10711422846e-07 0.00330876880973 0.985024786079 1.01186827478
1.1129258517e-07 0.00330326848926 0.984815090832 1.01208369165
1.11873747495e-07 0.0032977681688 0.984605395585 1.01229910853
1.1245490982e-07 0.00329087765531 0.984342968067 1.01256917818
1.13036072144e-07 0.00328387316551 0.984076217244 1.0128437286
1.13617234469e-07 0.00327686867571 0.98380946642 1.01311827901
1.14198396794e-07 0.00326967674575 0.983535620475 1.01340021367
1.14779559118e-07 0.00326085509259 0.983200085058 1.01374635158
1.15360721443e-07 0.00325203343943 0.982864549642 1.0140924895
1.15941883768e-07 0.00324321178628 0.982529014225 1.01443862741
1.16523046092e-07 0.00323339662404 0.982155965845 1.01482400283
1.17104208417e-07 0.00322240326202 0.98173843094 1.01525590988
1.17685370741e-07 0.00321140990001 0.981320896035 1.01568781693
1.18266533066e-07 0.00320041653799 0.98090336113 1.01611972399
1.18847695391e-07 0.00318690789728 0.98039113679 1.01665126431
1.19428857715e-07 0.00317334571992 0.979876897025 1.01718492529
1.2001002004e-07 0.00315978354255 0.979362657259 1.01771858627
1.20591182365e-07 0.00314423402839 0.978773864901 1.01833124303
1.21172344689e-07 0.00312766306223 0.978146753979 1.01898450206
1.21753507014e-07 0.00311109209607 0.977519643056 1.0196377611
1.22334669339e-07 0.00309279577518 0.976828071907 1.02035988105
1.22915831663e-07 0.00307273362352 0.976070528325 1.02115247735
1.23496993988e-07 0.00305267147186 0.975312984743 1.02194507365
1.24078156313e-07 0.0030307093471 0.974484792193 1.02281385563
1.24659318637e-07 0.00300663240564 0.973577961891 1.02376743815
1.25240480962e-07 0.00298255546418 0.972671131589 1.02472102067
1.25821643287e-07 0.00295577333663 0.971664255138 1.02578365799
1.26402805611e-07 0.002927118779 0.970588130431 1.02692177904
1.26983967936e-07 0.00289846422136 0.969512005724 1.02805990008
1.27565130261e-07 0.00286545593615 0.968275856172 1.0293746006
1.28146292585e-07 0.0028316244433 0.967009448945 1.03072268896
1.2872745491e-07 0.00279653088843 0.965696974988 1.03212231414
1.29308617234e-07 0.00275689007353 0.96421852076 1.03370762855
1.29889779559e-07 0.00271724925863 0.962740066532 1.03529294296
1.30470941884e-07 0.00267298866114 0.961094292424 1.03706834685
1.31052104208e-07 0.00262687712177 0.959381480665 1.03891991115
1.31633266533e-07 0.00257843564209 0.957585009999 1.04086815505
1.32214428858e-07 0.00252516755504 0.955615235024 1.0430166764
1.32795591182e-07 0.00247153136885 0.953632368797 1.04518061375
1.33376753507e-07 0.00241040153012 0.951382994785 1.04765838544
1.33957915832e-07 0.00234927169138 0.949133620774 1.05013615713
1.34539078156e-07 0.00228065342122 0.946620703602 1.05293072816
1.35120240481e-07 0.00221094262487 0.94406933675 1.05577151869
1.35701402806e-07 0.00213380041779 0.941259408943 1.05893016044
1.3628256513e-07 0.00205478106274 0.938384169557 1.06216909028
1.36863727455e-07 0.00196753764765 0.935226319602 1.06576395506
1.3744488978e-07 0.00187847946067 0.932006107053 1.06943736264
1.38026052104e-07 0.00177939853292 0.928446054118 1.07355008074
1.38607214429e-07 0.00167808851989 0.924811138251 1.07776138788
1.39188376754e-07 0.00156677971654 0.920842029415 1.08241691258
1.39769539078e-07 0.00145046751541 0.916708235929 1.08729792819
1.40350701403e-07 0.00132696975757 0.912337932985 1.09250277929
1.40931863727e-07 0.00119355249018 0.907646413395 1.09816147793
1.41513026052e-07 0.00105439510899 0.902770558307 1.10408483939
1.42094188377e-07 0.000904488342648 0.897552566269 1.11050787162
1.42675350701e-07 0.000744481159966 0.892018882916 1.11740824321
1.43256513026e-07 0.000576145301249 0.886227400703 1.12470571945
1.43837675351e-07 0.000397303928005 0.880113768416 1.1325082992
1.44418837675e-07 0.000204210231771 0.873571717014 1.14100845211
1.45e-07 0 0.866690279818 1.15004654643
