-1.45e-07 0 	0 	848722.688393 	
-1.44418837675e-07 0 	0 	799559.54723 	
-1.43837675351e-07 0 	0 	751906.613904 	
-1.43256513026e-07 0 	0 	707654.577212 	
-1.42675350701e-07 0 	0 	666041.483281 	
-1.42094188377e-07 0 	0 	626602.319411 	
-1.41513026052e-07 0 	0 	589176.409158 	
-1.40931863727e-07 0 	0 	554698.582094 	
-1.40350701403e-07 0 	0 	522000.718047 	
-1.39769539078e-07 0 	0 	490857.027083 	
-1.39188376754e-07 0 	0 	461913.471902 	
-1.38607214429e-07 0 	0 	434714.788259 	
-1.38026052104e-07 0 	0 	408699.576913 	
-1.3744488978e-07 0 	0 	384584.000758 	
-1.36863727455e-07 0 	0 	361845.916491 	
-1.3628256513e-07 0 	0 	339998.341576 	
-1.35701402806e-07 0 	0 	320066.855926 	
-1.35120240481e-07 0 	0 	300931.644206 	
-1.34539078156e-07 0 	0 	282869.311216 	
-1.33957915832e-07 0 	0 	266129.800447 	
-1.33376753507e-07 0 	0 	249899.967931 	
-1.32795591182e-07 0 	0 	235165.846973 	
-1.32214428858e-07 0 	0 	220908.254167 	
-1.31633266533e-07 0 	0 	207647.049735 	
-1.31052104208e-07 0 	0 	195120.019395 	
-1.30470941884e-07 0 	0 	183213.292246 	
-1.29889779559e-07 0 	0 	172199.555073 	
-1.29308617234e-07 0 	0 	161535.468762 	
-1.2872745491e-07 0 	0 	151840.684232 	
-1.28146292585e-07 0 	0 	142313.870618 	
-1.27565130261e-07 0 	0 	133765.142034 	
-1.26983967936e-07 0 	0 	125276.559913 	
-1.26402805611e-07 0 	0 	117720.944575 	
-1.25821643287e-07 0 	0 	110177.729463 	
-1.25240480962e-07 0 	0 	103480.748218 	
-1.24659318637e-07 0 	0 	96796.051975 	
-1.24078156313e-07 0 	0 	90840.2049852 	
-1.23496993988e-07 0 	0 	84933.0245213 	
-1.22915831663e-07 0 	0 	79616.3219832 	
-1.22334669339e-07 0 	0 	74411.3167993 	
-1.21753507014e-07 0 	0 	69645.8345234 	
-1.21172344689e-07 0 	0 	65073.1332781 	
-1.20591182365e-07 0 	0 	60783.6036284 	
-1.2001002004e-07 0 	0 	56778.6002851 	
-1.19428857715e-07 0 	0 	52901.0490619 	
-1.18847695391e-07 0 	0 	49404.189536 	
-1.18266533066e-07 0 	0 	45907.33001 	
-1.17685370741e-07 0 	0 	42841.189384 	
-1.17104208417e-07 0 	0 	39797.7498201 	
-1.16523046092e-07 0 	0 	36994.2344996 	
-1.15941883768e-07 0 	0 	34354.0925267 	
-1.15360721443e-07 0 	0 	31779.9037387 	
-1.14779559118e-07 0 	0 	29497.3042126 	
-1.14198396794e-07 0 	0 	27214.7046865 	
-1.13617234469e-07 0 	0 	25158.7115276 	
-1.13036072144e-07 0 	0 	23192.0283484 	
-1.1245490982e-07 0 	0 	21278.7777269 	
-1.11873747495e-07 0 	0 	19590.2733996 	
-1.1129258517e-07 0 	0 	17901.7690723 	
-1.10711422846e-07 0 	0 	16361.5341508 	
-1.10130260521e-07 0 	0 	14917.1187488 	
-1.09549098196e-07 0 	0 	13472.7033469 	
-1.08967935872e-07 0 	0 	12233.5810292 	
-1.08386773547e-07 0 	0 	11002.5721831 	
-1.07805611222e-07 0 	0 	9818.8310409 	
-1.07224448898e-07 0 	0 	8773.71657196 	
-1.06643286573e-07 0 	0 	7728.60210303 	
-1.06062124248e-07 0 	0 	6761.38015115 	
-1.05480961924e-07 0 	0 	5877.58481931 	
-1.04899799599e-07 0 	0 	4993.78948746 	
-1.04318637275e-07 0 	0 	4200.10992236 	
-1.0373747495e-07 0 	0 	3455.76769211 	
-1.03156312625e-07 0 	0 	2711.42546186 	
-1.02575150301e-07 0 	0 	2056.2776383 	
-1.01993987976e-07 0 	0 	1432.01073149 	
-1.01412825651e-07 0 	0 	807.743824675 	
-1.00831663327e-07 0 	0 	262.880524457 	
-1.00250501002e-07 0 	0 	-258.413633891 	
-9.96693386774e-08 0 	0 	-779.707792239 	
-9.90881763527e-08 0 	0 	-1236.85077901 	
-9.85070140281e-08 0 	0 	-1670.20372029 	
-9.79258517034e-08 0 	0 	-2103.55666156 	
-9.73446893788e-08 0 	0 	-2490.82107385 	
-9.67635270541e-08 0 	0 	-2849.38777085 	
-9.61823647295e-08 0 	0 	-3207.95446786 	
-9.56012024048e-08 0 	0 	-3539.30429829 	
-9.50200400802e-08 0 	0 	-3834.54730583 	
-9.44388777555e-08 0 	0 	-4129.79031337 	
-9.38577154309e-08 0 	0 	-4416.04622317 	
-9.32765531062e-08 0 	0 	-4657.90898253 	
-9.26953907816e-08 0 	0 	-4899.77174189 	
-9.21142284569e-08 0 	0 	-5141.63450125 	
-9.15330661323e-08 0 	0 	-5346.31083794 	
-9.09519038076e-08 0 	0 	-5543.37981948 	
-9.0370741483e-08 0 	0 	-5740.44880102 	
-8.97895791583e-08 0 	0 	-5922.05000867 	
-8.92084168337e-08 0 	0 	-6081.70550156 	
-8.8627254509e-08 0 	0 	-6241.36099444 	
-8.80460921844e-08 0 	0 	-6401.01648733 	
-8.74649298597e-08 0 	0 	-6532.17548938 	
-8.68837675351e-08 0 	0 	-6660.73100913 	
-8.63026052104e-08 0 	0 	-6789.28652889 	
-8.57214428858e-08 0 	0 	-6909.17642912 	
-8.51402805611e-08 0 	0 	-7012.0068225 	
-8.45591182365e-08 0 	0 	-7114.83721587 	
-8.39779559118e-08 0 	0 	-7217.66760925 	
-8.33967935872e-08 0 	0 	-7306.24517756 	
-8.28156312625e-08 0 	0 	-7387.90363519 	
-8.22344689379e-08 0 	0 	-7469.56209282 	
-8.16533066132e-08 0 	0 	-7551.22055045 	
-8.10721442886e-08 0 	0 	-7616.87395599 	
-8.04909819639e-08 0 	0 	-7681.19825635 	
-7.99098196393e-08 0 	0 	-7745.5225567 	
-7.93286573146e-08 0 	0 	-7808.64394811 	
-7.874749499e-08 0 	0 	-7858.85233235 	
-7.81663326653e-08 0 	0 	-7909.06071659 	
-7.75851703407e-08 0 	0 	-7959.26910082 	
-7.7004008016e-08 0 	0 	-8007.68513745 	
-7.64228456914e-08 0 	0 	-8046.46228814 	
-7.58416833667e-08 0 	0 	-8085.23943883 	
-7.52605210421e-08 0 	0 	-8124.01658953 	
-7.46793587174e-08 0 	0 	-8161.54269878 	
-7.40981963928e-08 0 	0 	-8191.11637904 	
-7.35170340681e-08 0 	0 	-8220.69005931 	
-7.29358717435e-08 0 	0 	-8250.26373957 	
-7.23547094188e-08 0 	0 	-8279.68678069 	
-7.17735470942e-08 0 	0 	-8301.89571466 	
-7.11923847695e-08 0 	0 	-8324.10464863 	
-7.06112224449e-08 0 	0 	-8346.3135826 	
-7.00300601202e-08 0 	0 	-8368.52251658 	
-6.94488977956e-08 0 	0 	-8385.99955557 	
-6.88677354709e-08 0 	0 	-8402.35316431 	
-6.82865731463e-08 0 	0 	-8418.70677304 	
-6.77054108216e-08 0 	0 	-8435.06038177 	
-6.7124248497e-08 0 	0 	-8449.11777922 	
-6.65430861723e-08 0 	0 	-8460.84841991 	
-6.59619238477e-08 0 	0 	-8472.5790606 	
-6.5380761523e-08 0 	0 	-8484.30970128 	
-6.47995991984e-08 0 	0 	-8495.73677588 	
-6.42184368737e-08 0 	0 	-8503.84511748 	
-6.36372745491e-08 0 	0 	-8511.95345908 	
-6.30561122244e-08 0 	0 	-8520.06180068 	
-6.24749498998e-08 0 	0 	-8528.17014228 	
-6.18937875752e-08 0 	0 	-8534.68265043 	
-6.13126252505e-08 0 	0 	-8539.97683543 	
-6.07314629259e-08 0 	0 	-8545.27102043 	
-6.01503006012e-08 0 	0 	-8550.56520543 	
-5.95691382766e-08 0 	0 	-8555.85939043 	
-5.89879759519e-08 0 	0 	-8559.10971324 	
-5.84068136273e-08 0 	0 	-8562.23892474 	
-5.78256513026e-08 0 	0 	-8565.36813625 	
-5.7244488978e-08 0 	0 	-8568.49734776 	
-5.66633266533e-08 0 	0 	-8571.27714164 	
-5.60821643287e-08 0 	0 	-8572.76017438 	
-5.5501002004e-08 0 	0 	-8574.24320712 	
-5.49198396794e-08 0 	0 	-8575.72623986 	
-5.43386773547e-08 0 	0 	-8577.20927259 	
-5.37575150301e-08 0 	0 	-8578.23695689 	
-5.31763527054e-08 0 	0 	-8578.4863736 	
-5.25951903808e-08 0 	0 	-8578.73579031 	
-5.20140280561e-08 0 	0 	-8578.98520702 	
-5.14328657315e-08 0 	0 	-8579.23462373 	
-5.08517034068e-08 0 	0 	-8579.11034222 	
-5.02705410822e-08 0 	0 	-8578.45274582 	
-4.96893787575e-08 0 	0 	-8577.79514942 	
-4.91082164329e-08 0 	0 	-8577.13755302 	
-4.85270541082e-08 0 	0 	-8576.47995662 	
-4.79458917836e-08 0 	0 	-8575.60266945 	
-4.73647294589e-08 0 	0 	-8574.29559385 	
-4.67835671343e-08 0 	0 	-8572.98851826 	
-4.62024048096e-08 0 	0 	-8571.68144267 	
-4.5621242485e-08 0 	0 	-8570.37436707 	
-4.50400801603e-08 0 	0 	-8569.00241923 	
-4.44589178357e-08 0 	0 	-8567.24829822 	
-4.3877755511e-08 0 	0 	-8565.49417721 	
-4.32965931864e-08 0 	0 	-8563.74005621 	
-4.27154308617e-08 0 	0 	-8561.9859352 	
-4.21342685371e-08 0 	0 	-8560.23181419 	
-4.15531062124e-08 0 	0 	-8558.23851338 	
-4.09719438878e-08 0 	0 	-8556.19614401 	
-4.03907815631e-08 0 	0 	-8554.15377464 	
-3.98096192385e-08 0 	0 	-8552.11140528 	
-3.92284569138e-08 0 	0 	-8550.06903591 	
-3.86472945892e-08 0 	0 	-8547.96290763 	
-3.80661322645e-08 0 	0 	-8545.75678135 	
-3.74849699399e-08 0 	0 	-8543.55065508 	
-3.69038076152e-08 0 	0 	-8541.3445288 	
-3.63226452906e-08 0 	0 	-8539.13840252 	
-3.57414829659e-08 0 	0 	-8536.93227624 	
-3.51603206413e-08 0 	0 	-8534.6719365 	
-3.45791583166e-08 0 	0 	-8532.39976981 	
-3.3997995992e-08 0 	0 	-8530.12760313 	
-3.34168336673e-08 0 	0 	-8527.85543644 	
-3.28356713427e-08 0 	0 	-8525.58326975 	
-3.2254509018e-08 0 	0 	-8523.31243028 	
-3.16733466934e-08 0 	0 	-8521.05119214 	
-3.10921843687e-08 0 	0 	-8518.78995399 	
-3.05110220441e-08 0 	0 	-8516.52871585 	
-2.99298597194e-08 0 	0 	-8514.26747771 	
-2.93486973948e-08 0 	0 	-8512.00623956 	
-2.87675350701e-08 0 	0 	-8509.76570556 	
-2.81863727455e-08 0 	0 	-8507.57639127 	
-2.76052104208e-08 0 	0 	-8505.38707697 	
-2.70240480962e-08 0 	0 	-8503.19776268 	
-2.64428857715e-08 0 	0 	-8501.00844839 	
-2.58617234469e-08 0 	0 	-8498.8191341 	
-2.52805611222e-08 0 	0 	-8496.6680771 	
-2.46993987976e-08 0 	0 	-8494.59944491 	
-2.41182364729e-08 0 	0 	-8492.53081272 	
-2.35370741483e-08 0 	0 	-8490.46218052 	
-2.29559118236e-08 0 	0 	-8488.39354833 	
-2.2374749499e-08 0 	0 	-8486.32491613 	
-2.17935871743e-08 0 	0 	-8484.28920783 	
-2.12124248497e-08 0 	0 	-8482.38066804 	
-2.0631262525e-08 0 	0 	-8480.47212825 	
-2.00501002004e-08 0 	0 	-8478.56358846 	
-1.94689378758e-08 0 	0 	-8476.65504867 	
-1.88877755511e-08 0 	0 	-8474.74650888 	
-1.83066132265e-08 0 	0 	-8472.8379691 	
-1.77254509018e-08 0 	0 	-8471.11224976 	
-1.71442885772e-08 0 	0 	-8469.39605216 	
-1.65631262525e-08 0 	0 	-8467.67985456 	
-1.59819639279e-08 0 	0 	-8465.96365696 	
-1.54008016032e-08 0 	0 	-8464.24745936 	
-1.48196392786e-08 0 	0 	-8462.53126176 	
-1.42384769539e-08 0 	0 	-8460.93513021 	
-1.36573146293e-08 0 	0 	-8459.43797295 	
-1.30761523046e-08 0 	0 	-8457.94081569 	
-1.249498998e-08 0 	0 	-8456.44365843 	
-1.19138276553e-08 0 	0 	-8454.94650116 	
-1.13326653307e-08 0 	0 	-8453.4493439 	
-1.0751503006e-08 0 	0 	-8451.95218664 	
-1.01703406814e-08 0 	0 	-8450.69516964 	
-9.58917835671e-09 0 	0 	-8449.43932494 	
-9.00801603206e-09 0 	0 	-8448.18348024 	
-8.42685370741e-09 0 	0 	-8446.92763555 	
-7.84569138277e-09 0 	0 	-8445.67179085 	
-7.26452905812e-09 0 	0 	-8444.41594615 	
-6.68336673347e-09 0 	0 	-8443.23492362 	
-6.10220440882e-09 0 	0 	-8442.23893293 	
-5.52104208417e-09 0 	0 	-8441.24294224 	
-4.93987975952e-09 0 	0 	-8440.24695155 	
-4.35871743487e-09 0 	0 	-8439.25096086 	
-3.77755511022e-09 0 	0 	-8438.25497017 	
-3.19639278557e-09 0 	0 	-8437.25897948 	
-2.61523046092e-09 0 	0 	-8436.37927033 	
-2.03406813627e-09 0 	0 	-8435.65823592 	
-1.45290581162e-09 0 	0 	-8434.93720152 	
-8.71743486974e-10 0 	0 	-8434.21616712 	
-2.90581162324e-10 0 	0 	-8433.49513272 	
2.90581162325e-10 0 	0 	-8432.77409832 	
8.71743486974e-10 0 	0 	-8432.05306392 	
1.45290581162e-09 0 	0 	-8431.44557244 	
2.03406813627e-09 0 	0 	-8431.01101815 	
2.61523046092e-09 0 	0 	-8430.57646385 	
3.19639278557e-09 0 	0 	-8430.14190955 	
3.77755511022e-09 0 	0 	-8429.70735525 	
4.35871743487e-09 0 	0 	-8429.27280096 	
4.93987975952e-09 0 	0 	-8428.83824666 	
5.52104208417e-09 0 	0 	-8428.46374393 	
6.10220440882e-09 0 	0 	-8428.32294908 	
6.68336673347e-09 0 	0 	-8428.18215424 	
7.26452905812e-09 0 	0 	-8428.0413594 	
7.84569138277e-09 0 	0 	-8427.90056456 	
8.42685370742e-09 0 	0 	-8427.75976972 	
9.00801603206e-09 0 	0 	-8427.61897487 	
9.58917835671e-09 0 	0 	-8427.47818003 	
1.01703406814e-08 0 	0 	-8427.58648573 	
1.0751503006e-08 0 	0 	-8427.74108656 	
1.13326653307e-08 0 	0 	-8427.8956874 	
1.19138276553e-08 0 	0 	-8428.05028823 	
1.249498998e-08 0 	0 	-8428.20488906 	
1.30761523046e-08 0 	0 	-8428.35948989 	
1.36573146293e-08 0 	0 	-8428.51409073 	
1.42384769539e-08 0 	0 	-8428.75792658 	
1.48196392786e-08 0 	0 	-8429.20139286 	
1.54008016032e-08 0 	0 	-8429.64485914 	
1.59819639279e-08 0 	0 	-8430.08832542 	
1.65631262525e-08 0 	0 	-8430.5317917 	
1.71442885772e-08 0 	0 	-8430.97525798 	
1.77254509018e-08 0 	0 	-8431.41872426 	
1.83066132265e-08 0 	0 	-8431.86219054 	
1.88877755511e-08 0 	0 	-8432.46680703 	
1.94689378758e-08 0 	0 	-8433.18008813 	
2.00501002004e-08 0 	0 	-8433.89336923 	
2.06312625251e-08 0 	0 	-8434.60665033 	
2.12124248497e-08 0 	0 	-8435.31993144 	
2.17935871743e-08 0 	0 	-8436.03321254 	
2.2374749499e-08 0 	0 	-8436.74649364 	
2.29559118236e-08 0 	0 	-8437.45977475 	
2.35370741483e-08 0 	0 	-8438.33556611 	
2.41182364729e-08 0 	0 	-8439.27963782 	
2.46993987976e-08 0 	0 	-8440.22370952 	
2.52805611222e-08 0 	0 	-8441.16778123 	
2.58617234469e-08 0 	0 	-8442.11185293 	
2.64428857715e-08 0 	0 	-8443.05592464 	
2.70240480962e-08 0 	0 	-8443.99999634 	
2.76052104208e-08 0 	0 	-8444.94406805 	
2.81863727455e-08 0 	0 	-8445.98753999 	
2.87675350701e-08 0 	0 	-8447.09057667 	
2.93486973948e-08 0 	0 	-8448.19361335 	
2.99298597194e-08 0 	0 	-8449.29665003 	
3.05110220441e-08 0 	0 	-8450.39968671 	
3.10921843687e-08 0 	0 	-8451.50272339 	
3.16733466934e-08 0 	0 	-8452.60576007 	
3.2254509018e-08 0 	0 	-8453.70879676 	
3.28356713427e-08 0 	0 	-8454.82324555 	
3.34168336673e-08 0 	0 	-8455.95830783 	
3.3997995992e-08 0 	0 	-8457.09337011 	
3.45791583166e-08 0 	0 	-8458.2284324 	
3.51603206413e-08 0 	0 	-8459.36349468 	
3.57414829659e-08 0 	0 	-8460.49855696 	
3.63226452906e-08 0 	0 	-8461.63361925 	
3.69038076152e-08 0 	0 	-8462.76868153 	
3.74849699399e-08 0 	0 	-8463.90374381 	
3.80661322645e-08 0 	0 	-8464.86978379 	
3.86472945892e-08 0 	0 	-8465.81553185 	
3.92284569138e-08 0 	0 	-8466.76127991 	
3.98096192385e-08 0 	0 	-8467.70702797 	
4.03907815631e-08 0 	0 	-8468.65277603 	
4.09719438878e-08 0 	0 	-8469.59852409 	
4.15531062124e-08 0 	0 	-8470.54427214 	
4.21342685371e-08 0 	0 	-8471.4900202 	
4.27154308617e-08 0 	0 	-8472.30341654 	
4.32965931864e-08 0 	0 	-8472.67404258 	
4.3877755511e-08 0 	0 	-8473.04466862 	
4.44589178357e-08 0 	0 	-8473.41529466 	
4.50400801603e-08 0 	0 	-8473.78592069 	
4.5621242485e-08 0 	0 	-8474.15654673 	
4.62024048096e-08 0 	0 	-8474.52717277 	
4.67835671343e-08 0 	0 	-8474.89779881 	
4.73647294589e-08 0 	0 	-8475.26842485 	
4.79458917836e-08 0 	0 	-8475.18383608 	
4.85270541082e-08 0 	0 	-8474.30249893 	
4.91082164329e-08 0 	0 	-8473.42116177 	
4.96893787575e-08 0 	0 	-8472.53982461 	
5.02705410822e-08 0 	0 	-8471.65848746 	
5.08517034068e-08 0 	0 	-8470.7771503 	
5.14328657315e-08 0 	0 	-8469.89581315 	
5.20140280561e-08 0 	0 	-8469.01447599 	
5.25951903808e-08 0 	0 	-8468.13313883 	
5.31763527054e-08 0 	0 	-8466.54473794 	
5.37575150301e-08 0 	0 	-8463.21202146 	
5.43386773547e-08 0 	0 	-8459.87930497 	
5.49198396794e-08 0 	0 	-8456.54658849 	
5.5501002004e-08 0 	0 	-8453.213872 	
5.60821643287e-08 0 	0 	-8449.88115552 	
5.66633266533e-08 0 	0 	-8446.54843903 	
5.7244488978e-08 0 	0 	-8443.21572255 	
5.78256513026e-08 0 	0 	-8439.88300606 	
5.84068136273e-08 0 	0 	-8436.55028958 	
5.89879759519e-08 0 	0 	-8428.61649504 	
5.95691382766e-08 0 	0 	-8420.68141828 	
6.01503006012e-08 0 	0 	-8412.74634152 	
6.07314629259e-08 0 	0 	-8404.81126476 	
6.13126252505e-08 0 	0 	-8396.87618799 	
6.18937875752e-08 0 	0 	-8388.94111123 	
6.24749498998e-08 0 	0 	-8381.00603447 	
6.30561122244e-08 0 	0 	-8373.07095771 	
6.36372745491e-08 0 	0 	-8365.13588095 	
6.42184368737e-08 0 	0 	-8353.01023092 	
6.47995991984e-08 0 	0 	-8336.56524967 	
6.5380761523e-08 0 	0 	-8320.12026841 	
6.59619238477e-08 0 	0 	-8303.67528715 	
6.65430861723e-08 0 	0 	-8287.23030589 	
6.7124248497e-08 0 	0 	-8270.78532464 	
6.77054108216e-08 0 	0 	-8254.34034338 	
6.82865731463e-08 0 	0 	-8237.89536212 	
6.88677354709e-08 0 	0 	-8221.45038086 	
6.94488977956e-08 0 	0 	-8205.00539961 	
7.00300601202e-08 0 	0 	-8176.60278801 	
7.06112224449e-08 0 	0 	-8144.45367388 	
7.11923847695e-08 0 	0 	-8112.30455975 	
7.17735470942e-08 0 	0 	-8080.15544562 	
7.23547094188e-08 0 	0 	-8048.00633149 	
7.29358717435e-08 0 	0 	-8015.85721737 	
7.35170340681e-08 0 	0 	-7983.70810324 	
7.40981963928e-08 0 	0 	-7951.55898911 	
7.46793587174e-08 0 	0 	-7919.40987498 	
7.52605210421e-08 0 	0 	-7887.26076085 	
7.58416833667e-08 0 	0 	-7831.76414279 	
7.64228456914e-08 0 	0 	-7770.48340891 	
7.7004008016e-08 0 	0 	-7709.20267503 	
7.75851703407e-08 0 	0 	-7647.92194115 	
7.81663326653e-08 0 	0 	-7586.64120727 	
7.874749499e-08 0 	0 	-7525.36047339 	
7.93286573146e-08 0 	0 	-7464.07973951 	
7.99098196393e-08 0 	0 	-7402.79900563 	
8.04909819639e-08 0 	0 	-7341.51827175 	
8.10721442886e-08 0 	0 	-7280.23753787 	
8.16533066132e-08 0 	0 	-7185.84430786 	
8.22344689379e-08 0 	0 	-7070.02123493 	
8.28156312625e-08 0 	0 	-6954.198162 	
8.33967935872e-08 0 	0 	-6838.37508907 	
8.39779559118e-08 0 	0 	-6722.55201613 	
8.45591182365e-08 0 	0 	-6606.7289432 	
8.51402805611e-08 0 	0 	-6490.90587027 	
8.57214428858e-08 0 	0 	-6375.08279734 	
8.63026052104e-08 0 	0 	-6259.25972441 	
8.68837675351e-08 0 	0 	-6143.43665147 	
8.74649298597e-08 0 	0 	-6009.75532534 	
8.80460921844e-08 0 	0 	-5790.622838 	
8.8627254509e-08 0 	0 	-5571.49035066 	
8.92084168337e-08 0 	0 	-5352.35786332 	
8.97895791583e-08 0 	0 	-5133.22537598 	
9.0370741483e-08 0 	0 	-4914.09288864 	
9.09519038076e-08 0 	0 	-4694.9604013 	
9.15330661323e-08 0 	0 	-4475.82791395 	
9.21142284569e-08 0 	0 	-4256.69542661 	
9.26953907816e-08 0 	0 	-4037.56293927 	
9.32765531062e-08 0 	0 	-3818.43045193 	
9.38577154309e-08 0 	0 	-3501.54597365 	
9.44388777555e-08 0 	0 	-3084.17311818 	
9.50200400802e-08 0 	0 	-2666.80026271 	
9.56012024048e-08 0 	0 	-2249.42740724 	
9.61823647295e-08 0 	0 	-1832.05455177 	
9.67635270541e-08 0 	0 	-1414.6816963 	
9.73446893788e-08 0 	0 	-997.308840825 	
9.79258517034e-08 0 	0 	-579.935985354 	
9.85070140281e-08 0 	0 	-162.563129883 	
9.90881763527e-08 0 	0 	254.809725588 	
9.96693386774e-08 0 	0 	672.182581059 	
1.00250501002e-07 0 	0 	1306.34229759 	
1.00831663327e-07 0 	0 	2109.4369553 	
1.01412825651e-07 0 	0 	2912.53161301 	
1.01993987976e-07 0 	0 	3715.62627073 	
1.02575150301e-07 0 	0 	4518.72092844 	
1.03156312625e-07 0 	0 	5321.81558615 	
1.0373747495e-07 0 	0 	6124.91024387 	
1.04318637275e-07 0 	0 	6928.00490158 	
1.04899799599e-07 0 	0 	7731.09955929 	
1.05480961924e-07 0 	0 	8534.19421701 	
1.06062124248e-07 0 	0 	9337.28887472 	
1.06643286573e-07 0 	0 	10424.9757811 	
1.07224448898e-07 0 	0 	11989.5404779 	
1.07805611222e-07 0 	0 	13554.1051748 	
1.08386773547e-07 0 	0 	15118.6698716 	
1.08967935872e-07 0 	0 	16683.2345685 	
1.09549098196e-07 0 	0 	18247.7992653 	
1.10130260521e-07 0 	0 	19812.3639622 	
1.10711422846e-07 0 	0 	21376.928659 	
1.1129258517e-07 0 	0 	22941.4933559 	
1.11873747495e-07 0 	0 	24506.0580527 	
1.1245490982e-07 0 	0 	26070.6227496 	
1.13036072144e-07 0 	0 	27635.1874464 	
1.13617234469e-07 0 	0 	30606.9941719 	
1.14198396794e-07 0 	0 	33697.5534507 	
1.14779559118e-07 0 	0 	36788.1127294 	
1.15360721443e-07 0 	0 	39878.6720082 	
1.15941883768e-07 0 	0 	42969.231287 	
1.16523046092e-07 0 	0 	46059.7905658 	
1.17104208417e-07 0 	0 	49150.3498446 	
1.17685370741e-07 0 	0 	52240.9091234 	
1.18266533066e-07 0 	0 	55331.4684022 	
1.18847695391e-07 0 	0 	58422.027681 	
1.19428857715e-07 0 	0 	61512.5869598 	
1.2001002004e-07 0 	0 	65228.0169604 	
1.20591182365e-07 0 	0 	71425.0217645 	
1.21172344689e-07 0 	0 	77622.0265687 	
1.21753507014e-07 0 	0 	83819.0313728 	
1.22334669339e-07 0 	0 	90016.0361769 	
1.22915831663e-07 0 	0 	96213.040981 	
1.23496993988e-07 0 	0 	102410.045785 	
1.24078156313e-07 0 	0 	108607.050589 	
1.24659318637e-07 0 	0 	114804.055393 	
1.25240480962e-07 0 	0 	121001.060198 	
1.25821643287e-07 0 	0 	127198.065002 	
1.26402805611e-07 0 	0 	133395.069806 	
1.26983967936e-07 0 	0 	140906.652961 	
1.27565130261e-07 0 	0 	153537.641389 	
1.28146292585e-07 0 	0 	166168.629818 	
1.2872745491e-07 0 	0 	178799.618247 	
1.29308617234e-07 0 	0 	191430.606675 	
1.29889779559e-07 0 	0 	204061.595104 	
1.30470941884e-07 0 	0 	216692.583532 	
1.31052104208e-07 0 	0 	229323.571961 	
1.31633266533e-07 0 	0 	241954.56039 	
1.32214428858e-07 0 	0 	254585.548818 	
1.32795591182e-07 0 	0 	267216.537247 	
1.33376753507e-07 0 	0 	279847.525675 	
1.33957915832e-07 0 	0 	292478.514104 	
1.34539078156e-07 0 	0 	317728.130557 	
1.35120240481e-07 0 	0 	343998.148986 	
1.35701402806e-07 0 	0 	370268.167416 	
1.3628256513e-07 0 	0 	396538.185845 	
1.36863727455e-07 0 	0 	422808.204274 	
1.3744488978e-07 0 	0 	449078.222704 	
1.38026052104e-07 0 	0 	475348.241133 	
1.38607214429e-07 0 	0 	501618.259562 	
1.39188376754e-07 0 	0 	527888.277991 	
1.39769539078e-07 0 	0 	554158.296421 	
1.40350701403e-07 0 	0 	580428.31485 	
1.40931863727e-07 0 	0 	606698.333279 	
1.41513026052e-07 0 	0 	636234.051474 	
1.42094188377e-07 0 	0 	671648.824287 	
1.42675350701e-07 0 	0 	707063.5971 	
1.43256513026e-07 0 	0 	742478.369913 	
1.43837675351e-07 0 	0 	777893.142725 	
1.44418837675e-07 0 	0 	813307.915538 	
1.45e-07 0 	0 	848722.688351 	
