-1.45e-07 0 	0 	-616539.006116 	
-1.44418837675e-07 0 	0 	-581921.121896 	
-1.43837675351e-07 0 	0 	-548362.365505 	
-1.43256513026e-07 0 	0 	-517191.409489 	
-1.42675350701e-07 0 	0 	-487878.153742 	
-1.42094188377e-07 0 	0 	-460097.319419 	
-1.41513026052e-07 0 	0 	-433736.953649 	
-1.40931863727e-07 0 	0 	-409460.131954 	
-1.40350701403e-07 0 	0 	-386443.052171 	
-1.39769539078e-07 0 	0 	-364526.270603 	
-1.39188376754e-07 0 	0 	-344168.25071 	
-1.38607214429e-07 0 	0 	-325047.369308 	
-1.38026052104e-07 0 	0 	-306765.727959 	
-1.3744488978e-07 0 	0 	-289831.579858 	
-1.36863727455e-07 0 	0 	-273874.746756 	
-1.3628256513e-07 0 	0 	-258549.717808 	
-1.35701402806e-07 0 	0 	-244584.089884 	
-1.35120240481e-07 0 	0 	-231183.251143 	
-1.34539078156e-07 0 	0 	-218543.394621 	
-1.33957915832e-07 0 	0 	-206841.38185 	
-1.33376753507e-07 0 	0 	-195500.670616 	
-1.32795591182e-07 0 	0 	-185219.704635 	
-1.32214428858e-07 0 	0 	-175276.097168 	
-1.31633266533e-07 0 	0 	-166037.883707 	
-1.31052104208e-07 0 	0 	-157318.925716 	
-1.30470941884e-07 0 	0 	-149038.686316 	
-1.29889779559e-07 0 	0 	-141389.317807 	
-1.29308617234e-07 0 	0 	-133986.967246 	
-1.2872745491e-07 0 	0 	-127268.529316 	
-1.28146292585e-07 0 	0 	-120668.607035 	
-1.27565130261e-07 0 	0 	-114757.818915 	
-1.26983967936e-07 0 	0 	-108889.408482 	
-1.26402805611e-07 0 	0 	-103677.321806 	
-1.25821643287e-07 0 	0 	-98473.9584449 	
-1.25240480962e-07 0 	0 	-93864.896918 	
-1.24659318637e-07 0 	0 	-89264.4630289 	
-1.24078156313e-07 0 	0 	-85174.9563921 	
-1.23496993988e-07 0 	0 	-81119.5652522 	
-1.22915831663e-07 0 	0 	-77477.2875915 	
-1.22334669339e-07 0 	0 	-73913.1562605 	
-1.21753507014e-07 0 	0 	-70655.8777911 	
-1.21172344689e-07 0 	0 	-67533.1893734 	
-1.20591182365e-07 0 	0 	-64607.7516623 	
-1.2001002004e-07 0 	0 	-61880.5083175 	
-1.19428857715e-07 0 	0 	-59241.8318929 	
-1.18847695391e-07 0 	0 	-56867.6994484 	
-1.18266533066e-07 0 	0 	-54493.5670039 	
-1.17685370741e-07 0 	0 	-52417.9777423 	
-1.17104208417e-07 0 	0 	-50358.1232148 	
-1.16523046092e-07 0 	0 	-48464.1153514 	
-1.15941883768e-07 0 	0 	-46683.0386548 	
-1.15360721443e-07 0 	0 	-44947.4204882 	
-1.14779559118e-07 0 	0 	-43412.7815353 	
-1.14198396794e-07 0 	0 	-41878.1425824 	
-1.13617234469e-07 0 	0 	-40499.2159979 	
-1.13036072144e-07 0 	0 	-39181.6586884 	
-1.1245490982e-07 0 	0 	-37900.6986938 	
-1.11873747495e-07 0 	0 	-36773.6731403 	
-1.1129258517e-07 0 	0 	-35646.6475867 	
-1.10711422846e-07 0 	0 	-34620.8275532 	
-1.10130260521e-07 0 	0 	-33660.4118711 	
-1.09549098196e-07 0 	0 	-32699.996189 	
-1.08967935872e-07 0 	0 	-31879.2010349 	
-1.08386773547e-07 0 	0 	-31063.9238804 	
-1.07805611222e-07 0 	0 	-30280.670349 	
-1.07224448898e-07 0 	0 	-29591.3356664 	
-1.06643286573e-07 0 	0 	-28902.0009838 	
-1.06062124248e-07 0 	0 	-28265.2240837 	
-1.05480961924e-07 0 	0 	-27684.7390886 	
-1.04899799599e-07 0 	0 	-27104.2540934 	
-1.04318637275e-07 0 	0 	-26584.3139238 	
-1.0373747495e-07 0 	0 	-26097.5213424 	
-1.03156312625e-07 0 	0 	-25610.7287611 	
-1.02575150301e-07 0 	0 	-25183.5907028 	
-1.01993987976e-07 0 	0 	-24777.1062532 	
-1.01412825651e-07 0 	0 	-24370.6218035 	
-1.00831663327e-07 0 	0 	-24016.9898496 	
-1.00250501002e-07 0 	0 	-23679.0459484 	
-9.96693386774e-08 0 	0 	-23341.1020472 	
-9.90881763527e-08 0 	0 	-23045.6430078 	
-9.85070140281e-08 0 	0 	-22765.9392036 	
-9.79258517034e-08 0 	0 	-22486.2353994 	
-9.73446893788e-08 0 	0 	-22236.8919565 	
-9.67635270541e-08 0 	0 	-22006.4528487 	
-9.61823647295e-08 0 	0 	-21776.0137409 	
-9.56012024048e-08 0 	0 	-21563.4030136 	
-9.50200400802e-08 0 	0 	-21374.4440232 	
-9.44388777555e-08 0 	0 	-21185.4850329 	
-9.38577154309e-08 0 	0 	-21002.3783078 	
-9.32765531062e-08 0 	0 	-20848.1797459 	
-9.26953907816e-08 0 	0 	-20693.981184 	
-9.21142284569e-08 0 	0 	-20539.7826221 	
-9.15330661323e-08 0 	0 	-20409.6491239 	
-9.09519038076e-08 0 	0 	-20284.438699 	
-9.0370741483e-08 0 	0 	-20159.2282741 	
-8.97895791583e-08 0 	0 	-20043.9625718 	
-8.92084168337e-08 0 	0 	-19942.8064657 	
-8.8627254509e-08 0 	0 	-19841.6503597 	
-8.80460921844e-08 0 	0 	-19740.4942537 	
-8.74649298597e-08 0 	0 	-19657.5344155 	
-8.68837675351e-08 0 	0 	-19576.2370157 	
-8.63026052104e-08 0 	0 	-19494.9396159 	
-8.57214428858e-08 0 	0 	-19419.1361047 	
-8.51402805611e-08 0 	0 	-19354.1480962 	
-8.45591182365e-08 0 	0 	-19289.1600877 	
-8.39779559118e-08 0 	0 	-19224.1720792 	
-8.33967935872e-08 0 	0 	-19168.1529669 	
-8.28156312625e-08 0 	0 	-19116.4878535 	
-8.22344689379e-08 0 	0 	-19064.82274 	
-8.16533066132e-08 0 	0 	-19013.1576266 	
-8.10721442886e-08 0 	0 	-18971.4862889 	
-8.04909819639e-08 0 	0 	-18930.6448627 	
-7.99098196393e-08 0 	0 	-18889.8034366 	
-7.93286573146e-08 0 	0 	-18849.7071405 	
-7.874749499e-08 0 	0 	-18817.609678 	
-7.81663326653e-08 0 	0 	-18785.5122156 	
-7.75851703407e-08 0 	0 	-18753.4147532 	
-7.7004008016e-08 0 	0 	-18722.4184904 	
-7.64228456914e-08 0 	0 	-18697.3442578 	
-7.58416833667e-08 0 	0 	-18672.2700252 	
-7.52605210421e-08 0 	0 	-18647.1957927 	
-7.46793587174e-08 0 	0 	-18622.8838427 	
-7.40981963928e-08 0 	0 	-18603.4174543 	
-7.35170340681e-08 0 	0 	-18583.951066 	
-7.29358717435e-08 0 	0 	-18564.4846776 	
-7.23547094188e-08 0 	0 	-18545.1093227 	
-7.17735470942e-08 0 	0 	-18530.0935583 	
-7.11923847695e-08 0 	0 	-18515.077794 	
-7.06112224449e-08 0 	0 	-18500.0620297 	
-7.00300601202e-08 0 	0 	-18485.0462653 	
-6.94488977956e-08 0 	0 	-18472.8672811 	
-6.88677354709e-08 0 	0 	-18461.3617955 	
-6.82865731463e-08 0 	0 	-18449.8563098 	
-6.77054108216e-08 0 	0 	-18438.3508242 	
-6.7124248497e-08 0 	0 	-18428.2117233 	
-6.65430861723e-08 0 	0 	-18419.4571834 	
-6.59619238477e-08 0 	0 	-18410.7026436 	
-6.5380761523e-08 0 	0 	-18401.9481038 	
-6.47995991984e-08 0 	0 	-18393.3730507 	
-6.42184368737e-08 0 	0 	-18386.760234 	
-6.36372745491e-08 0 	0 	-18380.1474173 	
-6.30561122244e-08 0 	0 	-18373.5346006 	
-6.24749498998e-08 0 	0 	-18366.9217839 	
-6.18937875752e-08 0 	0 	-18361.2481208 	
-6.13126252505e-08 0 	0 	-18356.2914451 	
-6.07314629259e-08 0 	0 	-18351.3347694 	
-6.01503006012e-08 0 	0 	-18346.3780937 	
-5.95691382766e-08 0 	0 	-18341.421418 	
-5.89879759519e-08 0 	0 	-18337.6653024 	
-5.84068136273e-08 0 	0 	-18333.9803272 	
-5.78256513026e-08 0 	0 	-18330.2953521 	
-5.7244488978e-08 0 	0 	-18326.610377 	
-5.66633266533e-08 0 	0 	-18323.1311702 	
-5.60821643287e-08 0 	0 	-18320.4156123 	
-5.5501002004e-08 0 	0 	-18317.7000543 	
-5.49198396794e-08 0 	0 	-18314.9844964 	
-5.43386773547e-08 0 	0 	-18312.2689384 	
-5.37575150301e-08 0 	0 	-18309.8240895 	
-5.31763527054e-08 0 	0 	-18307.8419281 	
-5.25951903808e-08 0 	0 	-18305.8597668 	
-5.20140280561e-08 0 	0 	-18303.8776054 	
-5.14328657315e-08 0 	0 	-18301.8954441 	
-5.08517034068e-08 0 	0 	-18300.1400667 	
-5.02705410822e-08 0 	0 	-18298.7083388 	
-4.96893787575e-08 0 	0 	-18297.2766109 	
-4.91082164329e-08 0 	0 	-18295.844883 	
-4.85270541082e-08 0 	0 	-18294.4131551 	
-4.79458917836e-08 0 	0 	-18293.1199889 	
-4.73647294589e-08 0 	0 	-18292.0978959 	
-4.67835671343e-08 0 	0 	-18291.0758028 	
-4.62024048096e-08 0 	0 	-18290.0537098 	
-4.5621242485e-08 0 	0 	-18289.0316167 	
-4.50400801603e-08 0 	0 	-18288.0533615 	
-4.44589178357e-08 0 	0 	-18287.333362 	
-4.3877755511e-08 0 	0 	-18286.6133625 	
-4.32965931864e-08 0 	0 	-18285.8933631 	
-4.27154308617e-08 0 	0 	-18285.1733636 	
-4.21342685371e-08 0 	0 	-18284.4533641 	
-4.15531062124e-08 0 	0 	-18283.9164003 	
-4.09719438878e-08 0 	0 	-18283.4169869 	
-4.03907815631e-08 0 	0 	-18282.9175736 	
-3.98096192385e-08 0 	0 	-18282.4181602 	
-3.92284569138e-08 0 	0 	-18281.9187468 	
-3.86472945892e-08 0 	0 	-18281.4813547 	
-3.80661322645e-08 0 	0 	-18281.1412353 	
-3.74849699399e-08 0 	0 	-18280.8011159 	
-3.69038076152e-08 0 	0 	-18280.4609965 	
-3.63226452906e-08 0 	0 	-18280.1208771 	
-3.57414829659e-08 0 	0 	-18279.7807577 	
-3.51603206413e-08 0 	0 	-18279.5338772 	
-3.45791583166e-08 0 	0 	-18279.3073372 	
-3.3997995992e-08 0 	0 	-18279.0807972 	
-3.34168336673e-08 0 	0 	-18278.8542572 	
-3.28356713427e-08 0 	0 	-18278.6277172 	
-3.2254509018e-08 0 	0 	-18278.4108653 	
-3.16733466934e-08 0 	0 	-18278.2640995 	
-3.10921843687e-08 0 	0 	-18278.1173336 	
-3.05110220441e-08 0 	0 	-18277.9705677 	
-2.99298597194e-08 0 	0 	-18277.8238018 	
-2.93486973948e-08 0 	0 	-18277.677036 	
-2.87675350701e-08 0 	0 	-18277.546102 	
-2.81863727455e-08 0 	0 	-18277.4543346 	
-2.76052104208e-08 0 	0 	-18277.3625671 	
-2.70240480962e-08 0 	0 	-18277.2707996 	
-2.64428857715e-08 0 	0 	-18277.1790321 	
-2.58617234469e-08 0 	0 	-18277.0872647 	
-2.52805611222e-08 0 	0 	-18277.0072331 	
-2.46993987976e-08 0 	0 	-18276.9524863 	
-2.41182364729e-08 0 	0 	-18276.8977395 	
-2.35370741483e-08 0 	0 	-18276.8429928 	
-2.29559118236e-08 0 	0 	-18276.788246 	
-2.2374749499e-08 0 	0 	-18276.7334992 	
-2.17935871743e-08 0 	0 	-18276.6837137 	
-2.12124248497e-08 0 	0 	-18276.6530909 	
-2.0631262525e-08 0 	0 	-18276.6224682 	
-2.00501002004e-08 0 	0 	-18276.5918454 	
-1.94689378758e-08 0 	0 	-18276.5612227 	
-1.88877755511e-08 0 	0 	-18276.5305999 	
-1.83066132265e-08 0 	0 	-18276.4999772 	
-1.77254509018e-08 0 	0 	-18276.483618 	
-1.71442885772e-08 0 	0 	-18276.4680017 	
-1.65631262525e-08 0 	0 	-18276.4523854 	
-1.59819639279e-08 0 	0 	-18276.4367691 	
-1.54008016032e-08 0 	0 	-18276.4211528 	
-1.48196392786e-08 0 	0 	-18276.4055365 	
-1.42384769539e-08 0 	0 	-18276.3946896 	
-1.36573146293e-08 0 	0 	-18276.3877743 	
-1.30761523046e-08 0 	0 	-18276.380859 	
-1.249498998e-08 0 	0 	-18276.3739437 	
-1.19138276553e-08 0 	0 	-18276.3670284 	
-1.13326653307e-08 0 	0 	-18276.3601131 	
-1.0751503006e-08 0 	0 	-18276.3531978 	
-1.01703406814e-08 0 	0 	-18276.3507716 	
-9.58917835671e-09 0 	0 	-18276.3483674 	
-9.00801603206e-09 0 	0 	-18276.3459632 	
-8.42685370741e-09 0 	0 	-18276.3435589 	
-7.84569138277e-09 0 	0 	-18276.3411547 	
-7.26452905812e-09 0 	0 	-18276.3387505 	
-6.68336673347e-09 0 	0 	-18276.3369134 	
-6.10220440882e-09 0 	0 	-18276.3364791 	
-5.52104208417e-09 0 	0 	-18276.3360448 	
-4.93987975952e-09 0 	0 	-18276.3356105 	
-4.35871743487e-09 0 	0 	-18276.3351762 	
-3.77755511022e-09 0 	0 	-18276.3347419 	
-3.19639278557e-09 0 	0 	-18276.3343076 	
-2.61523046092e-09 0 	0 	-18276.33422 	
-2.03406813627e-09 0 	0 	-18276.3346054 	
-1.45290581162e-09 0 	0 	-18276.3349908 	
-8.71743486974e-10 0 	0 	-18276.3353762 	
-2.90581162324e-10 0 	0 	-18276.3357616 	
2.90581162325e-10 0 	0 	-18276.336147 	
8.71743486974e-10 0 	0 	-18276.3365324 	
1.45290581162e-09 0 	0 	-18276.3373229 	
2.03406813627e-09 0 	0 	-18276.3387305 	
2.61523046092e-09 0 	0 	-18276.3401381 	
3.19639278557e-09 0 	0 	-18276.3415458 	
3.77755511022e-09 0 	0 	-18276.3429534 	
4.35871743487e-09 0 	0 	-18276.344361 	
4.93987975952e-09 0 	0 	-18276.3457686 	
5.52104208417e-09 0 	0 	-18276.3477497 	
6.10220440882e-09 0 	0 	-18276.3519624 	
6.68336673347e-09 0 	0 	-18276.3561751 	
7.26452905812e-09 0 	0 	-18276.3603878 	
7.84569138277e-09 0 	0 	-18276.3646005 	
8.42685370742e-09 0 	0 	-18276.3688132 	
9.00801603206e-09 0 	0 	-18276.3730259 	
9.58917835671e-09 0 	0 	-18276.3772386 	
1.01703406814e-08 0 	0 	-18276.3871611 	
1.0751503006e-08 0 	0 	-18276.3981448 	
1.13326653307e-08 0 	0 	-18276.4091285 	
1.19138276553e-08 0 	0 	-18276.4201122 	
1.249498998e-08 0 	0 	-18276.4310959 	
1.30761523046e-08 0 	0 	-18276.4420796 	
1.36573146293e-08 0 	0 	-18276.4530633 	
1.42384769539e-08 0 	0 	-18276.4684072 	
1.48196392786e-08 0 	0 	-18276.4935052 	
1.54008016032e-08 0 	0 	-18276.5186032 	
1.59819639279e-08 0 	0 	-18276.5437012 	
1.65631262525e-08 0 	0 	-18276.5687992 	
1.71442885772e-08 0 	0 	-18276.5938972 	
1.77254509018e-08 0 	0 	-18276.6189952 	
1.83066132265e-08 0 	0 	-18276.6440932 	
1.88877755511e-08 0 	0 	-18276.6853274 	
1.94689378758e-08 0 	0 	-18276.7374422 	
2.00501002004e-08 0 	0 	-18276.7895571 	
2.06312625251e-08 0 	0 	-18276.841672 	
2.12124248497e-08 0 	0 	-18276.8937869 	
2.17935871743e-08 0 	0 	-18276.9459018 	
2.2374749499e-08 0 	0 	-18276.9980167 	
2.29559118236e-08 0 	0 	-18277.0501316 	
2.35370741483e-08 0 	0 	-18277.137016 	
2.41182364729e-08 0 	0 	-18277.2385092 	
2.46993987976e-08 0 	0 	-18277.3400024 	
2.52805611222e-08 0 	0 	-18277.4414956 	
2.58617234469e-08 0 	0 	-18277.5429888 	
2.64428857715e-08 0 	0 	-18277.644482 	
2.70240480962e-08 0 	0 	-18277.7459752 	
2.76052104208e-08 0 	0 	-18277.8474683 	
2.81863727455e-08 0 	0 	-18278.0040797 	
2.87675350701e-08 0 	0 	-18278.1937203 	
2.93486973948e-08 0 	0 	-18278.3833608 	
2.99298597194e-08 0 	0 	-18278.5730013 	
3.05110220441e-08 0 	0 	-18278.7626418 	
3.10921843687e-08 0 	0 	-18278.9522823 	
3.16733466934e-08 0 	0 	-18279.1419228 	
3.2254509018e-08 0 	0 	-18279.3315633 	
3.28356713427e-08 0 	0 	-18279.5767142 	
3.34168336673e-08 0 	0 	-18279.9221323 	
3.3997995992e-08 0 	0 	-18280.2675505 	
3.45791583166e-08 0 	0 	-18280.6129686 	
3.51603206413e-08 0 	0 	-18280.9583867 	
3.57414829659e-08 0 	0 	-18281.3038049 	
3.63226452906e-08 0 	0 	-18281.649223 	
3.69038076152e-08 0 	0 	-18281.9946411 	
3.74849699399e-08 0 	0 	-18282.3400592 	
3.80661322645e-08 0 	0 	-18282.9308199 	
3.86472945892e-08 0 	0 	-18283.5510351 	
3.92284569138e-08 0 	0 	-18284.1712503 	
3.98096192385e-08 0 	0 	-18284.7914655 	
4.03907815631e-08 0 	0 	-18285.4116807 	
4.09719438878e-08 0 	0 	-18286.0318959 	
4.15531062124e-08 0 	0 	-18286.652111 	
4.21342685371e-08 0 	0 	-18287.2723262 	
4.27154308617e-08 0 	0 	-18288.0044721 	
4.32965931864e-08 0 	0 	-18289.1110716 	
4.3877755511e-08 0 	0 	-18290.2176711 	
4.44589178357e-08 0 	0 	-18291.3242706 	
4.50400801603e-08 0 	0 	-18292.43087 	
4.5621242485e-08 0 	0 	-18293.5374695 	
4.62024048096e-08 0 	0 	-18294.644069 	
4.67835671343e-08 0 	0 	-18295.7506685 	
4.73647294589e-08 0 	0 	-18296.857268 	
4.79458917836e-08 0 	0 	-18298.2789847 	
4.85270541082e-08 0 	0 	-18300.2522414 	
4.91082164329e-08 0 	0 	-18302.2254982 	
4.96893787575e-08 0 	0 	-18304.1987549 	
5.02705410822e-08 0 	0 	-18306.1720116 	
5.08517034068e-08 0 	0 	-18308.1452684 	
5.14328657315e-08 0 	0 	-18310.1185251 	
5.20140280561e-08 0 	0 	-18312.0917818 	
5.25951903808e-08 0 	0 	-18314.0650386 	
5.31763527054e-08 0 	0 	-18316.4876574 	
5.37575150301e-08 0 	0 	-18320.0188456 	
5.43386773547e-08 0 	0 	-18323.5500339 	
5.49198396794e-08 0 	0 	-18327.0812221 	
5.5501002004e-08 0 	0 	-18330.6124103 	
5.60821643287e-08 0 	0 	-18334.1435986 	
5.66633266533e-08 0 	0 	-18337.6747868 	
5.7244488978e-08 0 	0 	-18341.205975 	
5.78256513026e-08 0 	0 	-18344.7371633 	
5.84068136273e-08 0 	0 	-18348.2683515 	
5.89879759519e-08 0 	0 	-18354.6281268 	
5.95691382766e-08 0 	0 	-18360.9886904 	
6.01503006012e-08 0 	0 	-18367.349254 	
6.07314629259e-08 0 	0 	-18373.7098176 	
6.13126252505e-08 0 	0 	-18380.0703812 	
6.18937875752e-08 0 	0 	-18386.4309447 	
6.24749498998e-08 0 	0 	-18392.7915083 	
6.30561122244e-08 0 	0 	-18399.1520719 	
6.36372745491e-08 0 	0 	-18405.5126355 	
6.42184368737e-08 0 	0 	-18414.4319083 	
6.47995991984e-08 0 	0 	-18425.9885082 	
6.5380761523e-08 0 	0 	-18437.5451081 	
6.59619238477e-08 0 	0 	-18449.101708 	
6.65430861723e-08 0 	0 	-18460.6583079 	
6.7124248497e-08 0 	0 	-18472.2149079 	
6.77054108216e-08 0 	0 	-18483.7715078 	
6.82865731463e-08 0 	0 	-18495.3281077 	
6.88677354709e-08 0 	0 	-18506.8847076 	
6.94488977956e-08 0 	0 	-18518.4413075 	
7.00300601202e-08 0 	0 	-18537.3495996 	
7.06112224449e-08 0 	0 	-18558.5612857 	
7.11923847695e-08 0 	0 	-18579.7729717 	
7.17735470942e-08 0 	0 	-18600.9846577 	
7.23547094188e-08 0 	0 	-18622.1963438 	
7.29358717435e-08 0 	0 	-18643.4080298 	
7.35170340681e-08 0 	0 	-18664.6197158 	
7.40981963928e-08 0 	0 	-18685.8314019 	
7.46793587174e-08 0 	0 	-18707.0430879 	
7.52605210421e-08 0 	0 	-18728.2547739 	
7.58416833667e-08 0 	0 	-18764.0208991 	
7.64228456914e-08 0 	0 	-18803.3927442 	
7.7004008016e-08 0 	0 	-18842.7645894 	
7.75851703407e-08 0 	0 	-18882.1364345 	
7.81663326653e-08 0 	0 	-18921.5082796 	
7.874749499e-08 0 	0 	-18960.8801248 	
7.93286573146e-08 0 	0 	-19000.2519699 	
7.99098196393e-08 0 	0 	-19039.6238151 	
8.04909819639e-08 0 	0 	-19078.9956602 	
8.10721442886e-08 0 	0 	-19118.3675054 	
8.16533066132e-08 0 	0 	-19178.7358021 	
8.22344689379e-08 0 	0 	-19252.6926444 	
8.28156312625e-08 0 	0 	-19326.6494866 	
8.33967935872e-08 0 	0 	-19400.6063289 	
8.39779559118e-08 0 	0 	-19474.5631712 	
8.45591182365e-08 0 	0 	-19548.5200134 	
8.51402805611e-08 0 	0 	-19622.4768557 	
8.57214428858e-08 0 	0 	-19696.4336979 	
8.63026052104e-08 0 	0 	-19770.3905402 	
8.68837675351e-08 0 	0 	-19844.3473825 	
8.74649298597e-08 0 	0 	-19929.8349161 	
8.80460921844e-08 0 	0 	-20070.4964335 	
8.8627254509e-08 0 	0 	-20211.1579509 	
8.92084168337e-08 0 	0 	-20351.8194682 	
8.97895791583e-08 0 	0 	-20492.4809856 	
9.0370741483e-08 0 	0 	-20633.142503 	
9.09519038076e-08 0 	0 	-20773.8040204 	
9.15330661323e-08 0 	0 	-20914.4655377 	
9.21142284569e-08 0 	0 	-21055.1270551 	
9.26953907816e-08 0 	0 	-21195.7885725 	
9.32765531062e-08 0 	0 	-21336.4500898 	
9.38577154309e-08 0 	0 	-21541.3715804 	
9.44388777555e-08 0 	0 	-21812.3518832 	
9.50200400802e-08 0 	0 	-22083.332186 	
9.56012024048e-08 0 	0 	-22354.3124888 	
9.61823647295e-08 0 	0 	-22625.2927916 	
9.67635270541e-08 0 	0 	-22896.2730943 	
9.73446893788e-08 0 	0 	-23167.2533971 	
9.79258517034e-08 0 	0 	-23438.2336999 	
9.85070140281e-08 0 	0 	-23709.2140027 	
9.90881763527e-08 0 	0 	-23980.1943055 	
9.96693386774e-08 0 	0 	-24251.1746083 	
1.00250501002e-07 0 	0 	-24667.1245113 	
1.00831663327e-07 0 	0 	-25196.0445027 	
1.01412825651e-07 0 	0 	-25724.9644942 	
1.01993987976e-07 0 	0 	-26253.8844856 	
1.02575150301e-07 0 	0 	-26782.8044771 	
1.03156312625e-07 0 	0 	-27311.7244685 	
1.0373747495e-07 0 	0 	-27840.64446 	
1.04318637275e-07 0 	0 	-28369.5644514 	
1.04899799599e-07 0 	0 	-28898.4844429 	
1.05480961924e-07 0 	0 	-29427.4044343 	
1.06062124248e-07 0 	0 	-29956.3244258 	
1.06643286573e-07 0 	0 	-30678.5940415 	
1.07224448898e-07 0 	0 	-31724.8504911 	
1.07805611222e-07 0 	0 	-32771.1069407 	
1.08386773547e-07 0 	0 	-33817.3633904 	
1.08967935872e-07 0 	0 	-34863.61984 	
1.09549098196e-07 0 	0 	-35909.8762896 	
1.10130260521e-07 0 	0 	-36956.1327393 	
1.10711422846e-07 0 	0 	-38002.3891889 	
1.1129258517e-07 0 	0 	-39048.6456385 	
1.11873747495e-07 0 	0 	-40094.9020882 	
1.1245490982e-07 0 	0 	-41141.1585378 	
1.13036072144e-07 0 	0 	-42187.4149874 	
1.13617234469e-07 0 	0 	-44203.4888913 	
1.14198396794e-07 0 	0 	-46301.4025191 	
1.14779559118e-07 0 	0 	-48399.3161468 	
1.15360721443e-07 0 	0 	-50497.2297745 	
1.15941883768e-07 0 	0 	-52595.1434022 	
1.16523046092e-07 0 	0 	-54693.05703 	
1.17104208417e-07 0 	0 	-56790.9706577 	
1.17685370741e-07 0 	0 	-58888.8842854 	
1.18266533066e-07 0 	0 	-60986.7979131 	
1.18847695391e-07 0 	0 	-63084.7115409 	
1.19428857715e-07 0 	0 	-65182.6251686 	
1.2001002004e-07 0 	0 	-67716.5637586 	
1.20591182365e-07 0 	0 	-71982.106219 	
1.21172344689e-07 0 	0 	-76247.6486793 	
1.21753507014e-07 0 	0 	-80513.1911396 	
1.22334669339e-07 0 	0 	-84778.7335999 	
1.22915831663e-07 0 	0 	-89044.2760602 	
1.23496993988e-07 0 	0 	-93309.8185205 	
1.24078156313e-07 0 	0 	-97575.3609808 	
1.24659318637e-07 0 	0 	-101840.903441 	
1.25240480962e-07 0 	0 	-106106.445901 	
1.25821643287e-07 0 	0 	-110371.988362 	
1.26402805611e-07 0 	0 	-114637.530822 	
1.26983967936e-07 0 	0 	-119829.484825 	
1.27565130261e-07 0 	0 	-128629.193463 	
1.28146292585e-07 0 	0 	-137428.902101 	
1.2872745491e-07 0 	0 	-146228.610739 	
1.29308617234e-07 0 	0 	-155028.319378 	
1.29889779559e-07 0 	0 	-163828.028016 	
1.30470941884e-07 0 	0 	-172627.736654 	
1.31052104208e-07 0 	0 	-181427.445292 	
1.31633266533e-07 0 	0 	-190227.15393 	
1.32214428858e-07 0 	0 	-199026.862568 	
1.32795591182e-07 0 	0 	-207826.571206 	
1.33376753507e-07 0 	0 	-216626.279844 	
1.33957915832e-07 0 	0 	-225425.988482 	
1.34539078156e-07 0 	0 	-243158.804718 	
1.35120240481e-07 0 	0 	-261613.994309 	
1.35701402806e-07 0 	0 	-280069.183899 	
1.3628256513e-07 0 	0 	-298524.373489 	
1.36863727455e-07 0 	0 	-316979.56308 	
1.3744488978e-07 0 	0 	-335434.75267 	
1.38026052104e-07 0 	0 	-353889.942261 	
1.38607214429e-07 0 	0 	-372345.131851 	
1.39188376754e-07 0 	0 	-390800.321442 	
1.39769539078e-07 0 	0 	-409255.511032 	
1.40350701403e-07 0 	0 	-427710.700622 	
1.40931863727e-07 0 	0 	-446165.890213 	
1.41513026052e-07 0 	0 	-466934.754304 	
1.42094188377e-07 0 	0 	-491868.795766 	
1.42675350701e-07 0 	0 	-516802.837228 	
1.43256513026e-07 0 	0 	-541736.87869 	
1.43837675351e-07 0 	0 	-566670.920152 	
1.44418837675e-07 0 	0 	-591604.961614 	
1.45e-07 0 	0 	-616539.003076 	
