-1.45e-07 0 	0 	730334.207042 	
-1.44418837675e-07 0 	0 	688634.503635 	
-1.43837675351e-07 0 	0 	648203.762107 	
-1.43256513026e-07 0 	0 	610632.943015 	
-1.42675350701e-07 0 	0 	575285.524076 	
-1.42094188377e-07 0 	0 	541771.617244 	
-1.41513026052e-07 0 	0 	509956.918684 	
-1.40931863727e-07 0 	0 	480633.901312 	
-1.40350701403e-07 0 	0 	452817.218112 	
-1.39769539078e-07 0 	0 	426316.23903 	
-1.39188376754e-07 0 	0 	401679.25988 	
-1.38607214429e-07 0 	0 	378522.010844 	
-1.38026052104e-07 0 	0 	356368.707915 	
-1.3744488978e-07 0 	0 	335827.742098 	
-1.36863727455e-07 0 	0 	316456.792966 	
-1.3628256513e-07 0 	0 	297842.279624 	
-1.35701402806e-07 0 	0 	280856.286242 	
-1.35120240481e-07 0 	0 	264547.430147 	
-1.34539078156e-07 0 	0 	249150.931176 	
-1.33957915832e-07 0 	0 	234879.866655 	
-1.33376753507e-07 0 	0 	221042.46306 	
-1.32795591182e-07 0 	0 	208478.102587 	
-1.32214428858e-07 0 	0 	196319.47146 	
-1.31633266533e-07 0 	0 	185009.193159 	
-1.31052104208e-07 0 	0 	174324.201364 	
-1.30470941884e-07 0 	0 	164167.513711 	
-1.29889779559e-07 0 	0 	154771.574941 	
-1.29308617234e-07 0 	0 	145673.507938 	
-1.2872745491e-07 0 	0 	137401.39092 	
-1.28146292585e-07 0 	0 	129272.403295 	
-1.27565130261e-07 0 	0 	121977.017939 	
-1.26983967936e-07 0 	0 	114732.894208 	
-1.26402805611e-07 0 	0 	108284.060409 	
-1.25821643287e-07 0 	0 	101845.796948 	
-1.25240480962e-07 0 	0 	96129.0028006 	
-1.24659318637e-07 0 	0 	90422.6824149 	
-1.24078156313e-07 0 	0 	85337.8401474 	
-1.23496993988e-07 0 	0 	80294.4950493 	
-1.22915831663e-07 0 	0 	75754.7040117 	
-1.22334669339e-07 0 	0 	71310.1674345 	
-1.21753507014e-07 0 	0 	67240.494058 	
-1.21172344689e-07 0 	0 	63335.2410399 	
-1.20591182365e-07 0 	0 	59671.5258333 	
-1.2001002004e-07 0 	0 	56250.5039699 	
-1.19428857715e-07 0 	0 	52938.2053761 	
-1.18847695391e-07 0 	0 	49950.6565468 	
-1.18266533066e-07 0 	0 	46963.1077174 	
-1.17685370741e-07 0 	0 	44343.015136 	
-1.17104208417e-07 0 	0 	41742.2893553 	
-1.16523046092e-07 0 	0 	39346.2639646 	
-1.15941883768e-07 0 	0 	37089.6266888 	
-1.15360721443e-07 0 	0 	34889.263685 	
-1.14779559118e-07 0 	0 	32937.6979679 	
-1.14198396794e-07 0 	0 	30986.1322509 	
-1.13617234469e-07 0 	0 	29227.9292107 	
-1.13036072144e-07 0 	0 	27545.9341647 	
-1.1245490982e-07 0 	0 	25909.5354391 	
-1.11873747495e-07 0 	0 	24464.9224804 	
-1.1129258517e-07 0 	0 	23020.3095216 	
-1.10711422846e-07 0 	0 	21702.2271376 	
-1.10130260521e-07 0 	0 	20465.9154927 	
-1.09549098196e-07 0 	0 	19229.6038479 	
-1.08967935872e-07 0 	0 	18168.4926064 	
-1.08386773547e-07 0 	0 	17114.3055314 	
-1.07805611222e-07 0 	0 	16100.4587211 	
-1.07224448898e-07 0 	0 	15204.9217973 	
-1.06643286573e-07 0 	0 	14309.3848736 	
-1.06062124248e-07 0 	0 	13480.3262497 	
-1.05480961924e-07 0 	0 	12722.4690719 	
-1.04899799599e-07 0 	0 	11964.6118941 	
-1.04318637275e-07 0 	0 	11283.6662115 	
-1.0373747495e-07 0 	0 	10644.8286785 	
-1.03156312625e-07 0 	0 	10005.9911454 	
-1.02575150301e-07 0 	0 	9443.27920449 	
-1.01993987976e-07 0 	0 	8906.923491 	
-1.01412825651e-07 0 	0 	8370.56777751 	
-1.00831663327e-07 0 	0 	7901.98124654 	
-1.00250501002e-07 0 	0 	7453.51044514 	
-9.96693386774e-08 0 	0 	7005.03964374 	
-9.90881763527e-08 0 	0 	6611.31984223 	
-9.85070140281e-08 0 	0 	6237.90409356 	
-9.79258517034e-08 0 	0 	5864.4883449 	
-9.73446893788e-08 0 	0 	5530.4070091 	
-9.67635270541e-08 0 	0 	5220.81783667 	
-9.61823647295e-08 0 	0 	4911.22866424 	
-9.56012024048e-08 0 	0 	4624.86729323 	
-9.50200400802e-08 0 	0 	4369.32071532 	
-9.44388777555e-08 0 	0 	4113.77413741 	
-9.38577154309e-08 0 	0 	3865.89726427 	
-9.32765531062e-08 0 	0 	3655.90607658 	
-9.26953907816e-08 0 	0 	3445.9148889 	
-9.21142284569e-08 0 	0 	3235.92370121 	
-9.15330661323e-08 0 	0 	3057.66718768 	
-9.09519038076e-08 0 	0 	2885.90274625 	
-9.0370741483e-08 0 	0 	2714.13830481 	
-8.97895791583e-08 0 	0 	2555.57381949 	
-8.92084168337e-08 0 	0 	2415.73746362 	
-8.8627254509e-08 0 	0 	2275.90110775 	
-8.80460921844e-08 0 	0 	2136.06475188 	
-8.74649298597e-08 0 	0 	2020.54711193 	
-8.68837675351e-08 0 	0 	1907.25126646 	
-8.63026052104e-08 0 	0 	1793.955421 	
-8.57214428858e-08 0 	0 	1688.05512671 	
-8.51402805611e-08 0 	0 	1596.71402876 	
-8.45591182365e-08 0 	0 	1505.37293082 	
-8.39779559118e-08 0 	0 	1414.03183287 	
-8.33967935872e-08 0 	0 	1334.85599944 	
-8.28156312625e-08 0 	0 	1261.58585917 	
-8.22344689379e-08 0 	0 	1188.31571891 	
-8.16533066132e-08 0 	0 	1115.04557864 	
-8.10721442886e-08 0 	0 	1055.43923701 	
-8.04909819639e-08 0 	0 	996.967576194 	
-7.99098196393e-08 0 	0 	938.49591538 	
-7.93286573146e-08 0 	0 	881.051580792 	
-7.874749499e-08 0 	0 	834.635405146 	
-7.81663326653e-08 0 	0 	788.2192295 	
-7.75851703407e-08 0 	0 	741.803053854 	
-7.7004008016e-08 0 	0 	696.918531871 	
-7.64228456914e-08 0 	0 	660.270936061 	
-7.58416833667e-08 0 	0 	623.623340252 	
-7.52605210421e-08 0 	0 	586.975744442 	
-7.46793587174e-08 0 	0 	551.398246545 	
-7.40981963928e-08 0 	0 	522.622983424 	
-7.35170340681e-08 0 	0 	493.847720303 	
-7.29358717435e-08 0 	0 	465.072457182 	
-7.23547094188e-08 0 	0 	436.426234439 	
-7.17735470942e-08 0 	0 	413.959753791 	
-7.11923847695e-08 0 	0 	391.493273143 	
-7.06112224449e-08 0 	0 	369.026792494 	
-7.00300601202e-08 0 	0 	346.560311846 	
-6.94488977956e-08 0 	0 	328.156259539 	
-6.88677354709e-08 0 	0 	310.716695026 	
-6.82865731463e-08 0 	0 	293.277130514 	
-6.77054108216e-08 0 	0 	275.837566001 	
-6.7124248497e-08 0 	0 	260.375904743 	
-6.65430861723e-08 0 	0 	246.918457918 	
-6.59619238477e-08 0 	0 	233.461011093 	
-6.5380761523e-08 0 	0 	220.003564268 	
-6.47995991984e-08 0 	0 	206.808897891 	
-6.42184368737e-08 0 	0 	196.487075963 	
-6.36372745491e-08 0 	0 	186.165254035 	
-6.30561122244e-08 0 	0 	175.843432107 	
-6.24749498998e-08 0 	0 	165.521610179 	
-6.18937875752e-08 0 	0 	156.591376718 	
-6.13126252505e-08 0 	0 	148.723537591 	
-6.07314629259e-08 0 	0 	140.855698464 	
-6.01503006012e-08 0 	0 	132.987859338 	
-5.95691382766e-08 0 	0 	125.120020211 	
-5.89879759519e-08 0 	0 	119.053929407 	
-5.84068136273e-08 0 	0 	113.094603174 	
-5.78256513026e-08 0 	0 	107.135276941 	
-5.7244488978e-08 0 	0 	101.175950708 	
-5.66633266533e-08 0 	0 	95.5296646638 	
-5.60821643287e-08 0 	0 	91.0451355769 	
-5.5501002004e-08 0 	0 	86.5606064901 	
-5.49198396794e-08 0 	0 	82.0760774032 	
-5.43386773547e-08 0 	0 	77.5915483163 	
-5.37575150301e-08 0 	0 	73.5249289963 	
-5.31763527054e-08 0 	0 	70.1725882418 	
-5.25951903808e-08 0 	0 	66.8202474874 	
-5.20140280561e-08 0 	0 	63.4679067329 	
-5.14328657315e-08 0 	0 	60.1155659785 	
-5.08517034068e-08 0 	0 	57.1189374933 	
-5.02705410822e-08 0 	0 	54.6299556537 	
-4.96893787575e-08 0 	0 	52.140973814 	
-4.91082164329e-08 0 	0 	49.6519919743 	
-4.85270541082e-08 0 	0 	47.1630101347 	
-4.79458917836e-08 0 	0 	44.8952006889 	
-4.73647294589e-08 0 	0 	43.0600782156 	
-4.67835671343e-08 0 	0 	41.2249557422 	
-4.62024048096e-08 0 	0 	39.3898332688 	
-4.5621242485e-08 0 	0 	37.5547107954 	
-4.50400801603e-08 0 	0 	35.7909461111 	
-4.44589178357e-08 0 	0 	34.4475619643 	
-4.3877755511e-08 0 	0 	33.1041778175 	
-4.32965931864e-08 0 	0 	31.7607936707 	
-4.27154308617e-08 0 	0 	30.417409524 	
-4.21342685371e-08 0 	0 	29.0740253772 	
-4.15531062124e-08 0 	0 	28.0353186115 	
-4.09719438878e-08 0 	0 	27.0591174525 	
-4.03907815631e-08 0 	0 	26.0829162934 	
-3.98096192385e-08 0 	0 	25.1067151343 	
-3.92284569138e-08 0 	0 	24.1305139753 	
-3.86472945892e-08 0 	0 	23.2602912734 	
-3.80661322645e-08 0 	0 	22.5562827417 	
-3.74849699399e-08 0 	0 	21.8522742101 	
-3.69038076152e-08 0 	0 	21.1482656785 	
-3.63226452906e-08 0 	0 	20.4442571468 	
-3.57414829659e-08 0 	0 	19.7402486152 	
-3.51603206413e-08 0 	0 	19.2006715458 	
-3.45791583166e-08 0 	0 	18.6969660687 	
-3.3997995992e-08 0 	0 	18.1932605916 	
-3.34168336673e-08 0 	0 	17.6895551145 	
-3.28356713427e-08 0 	0 	17.1858496374 	
-3.2254509018e-08 0 	0 	16.6999151079 	
-3.16733466934e-08 0 	0 	16.3425390135 	
-3.10921843687e-08 0 	0 	15.985162919 	
-3.05110220441e-08 0 	0 	15.6277868246 	
-2.99298597194e-08 0 	0 	15.2704107302 	
-2.93486973948e-08 0 	0 	14.9130346357 	
-2.87675350701e-08 0 	0 	14.586214952 	
-2.81863727455e-08 0 	0 	14.3349883891 	
-2.76052104208e-08 0 	0 	14.0837618262 	
-2.70240480962e-08 0 	0 	13.8325352634 	
-2.64428857715e-08 0 	0 	13.5813087005 	
-2.58617234469e-08 0 	0 	13.3300821376 	
-2.52805611222e-08 0 	0 	13.1031128445 	
-2.46993987976e-08 0 	0 	12.9284054914 	
-2.41182364729e-08 0 	0 	12.7536981383 	
-2.35370741483e-08 0 	0 	12.5789907852 	
-2.29559118236e-08 0 	0 	12.404283432 	
-2.2374749499e-08 0 	0 	12.2295760789 	
-2.17935871743e-08 0 	0 	12.0661617594 	
-2.12124248497e-08 0 	0 	11.9463667735 	
-2.0631262525e-08 0 	0 	11.8265717875 	
-2.00501002004e-08 0 	0 	11.7067768016 	
-1.94689378758e-08 0 	0 	11.5869818156 	
-1.88877755511e-08 0 	0 	11.4671868297 	
-1.83066132265e-08 0 	0 	11.3473918437 	
-1.77254509018e-08 0 	0 	11.2650367712 	
-1.71442885772e-08 0 	0 	11.1846316613 	
-1.65631262525e-08 0 	0 	11.1042265514 	
-1.59819639279e-08 0 	0 	11.0238214415 	
-1.54008016032e-08 0 	0 	10.9434163316 	
-1.48196392786e-08 0 	0 	10.8630112218 	
-1.42384769539e-08 0 	0 	10.7982249844 	
-1.36573146293e-08 0 	0 	10.7463138844 	
-1.30761523046e-08 0 	0 	10.6944027844 	
-1.249498998e-08 0 	0 	10.6424916844 	
-1.19138276553e-08 0 	0 	10.5905805844 	
-1.13326653307e-08 0 	0 	10.5386694844 	
-1.0751503006e-08 0 	0 	10.4867583844 	
-1.01703406814e-08 0 	0 	10.4559151526 	
-9.58917835671e-09 0 	0 	10.4251747689 	
-9.00801603206e-09 0 	0 	10.3944343853 	
-8.42685370741e-09 0 	0 	10.3636940016 	
-7.84569138277e-09 0 	0 	10.3329536179 	
-7.26452905812e-09 0 	0 	10.3022132342 	
-6.68336673347e-09 0 	0 	10.2762862528 	
-6.10220440882e-09 0 	0 	10.2622625988 	
-5.52104208417e-09 0 	0 	10.2482389448 	
-4.93987975952e-09 0 	0 	10.2342152909 	
-4.35871743487e-09 0 	0 	10.2201916369 	
-3.77755511022e-09 0 	0 	10.206167983 	
-3.19639278557e-09 0 	0 	10.192144329 	
-2.61523046092e-09 0 	0 	10.184361074 	
-2.03406813627e-09 0 	0 	10.185093305 	
-1.45290581162e-09 0 	0 	10.185825536 	
-8.71743486974e-10 0 	0 	10.186557767 	
-2.90581162324e-10 0 	0 	10.187289998 	
2.90581162325e-10 0 	0 	10.188022229 	
8.71743486974e-10 0 	0 	10.18875446 	
1.45290581162e-09 0 	0 	10.1955355683 	
2.03406813627e-09 0 	0 	10.2115297183 	
2.61523046092e-09 0 	0 	10.2275238683 	
3.19639278557e-09 0 	0 	10.2435180183 	
3.77755511022e-09 0 	0 	10.2595121684 	
4.35871743487e-09 0 	0 	10.2755063184 	
4.93987975952e-09 0 	0 	10.2915004684 	
5.52104208417e-09 0 	0 	10.3113046353 	
6.10220440882e-09 0 	0 	10.345936576 	
6.68336673347e-09 0 	0 	10.3805685166 	
7.26452905812e-09 0 	0 	10.4152004573 	
7.84569138277e-09 0 	0 	10.449832398 	
8.42685370742e-09 0 	0 	10.4844643386 	
9.00801603206e-09 0 	0 	10.5190962793 	
9.58917835671e-09 0 	0 	10.55372822 	
1.01703406814e-08 0 	0 	10.6101918432 	
1.0751503006e-08 0 	0 	10.6707128668 	
1.13326653307e-08 0 	0 	10.7312338903 	
1.19138276553e-08 0 	0 	10.7917549139 	
1.249498998e-08 0 	0 	10.8522759375 	
1.30761523046e-08 0 	0 	10.9127969611 	
1.36573146293e-08 0 	0 	10.9733179846 	
1.42384769539e-08 0 	0 	11.0458721593 	
1.48196392786e-08 0 	0 	11.145346068 	
1.54008016032e-08 0 	0 	11.2448199767 	
1.59819639279e-08 0 	0 	11.3442938854 	
1.65631262525e-08 0 	0 	11.4437677941 	
1.71442885772e-08 0 	0 	11.5432417028 	
1.77254509018e-08 0 	0 	11.6427156115 	
1.83066132265e-08 0 	0 	11.7421895202 	
1.88877755511e-08 0 	0 	11.8782771486 	
1.94689378758e-08 0 	0 	12.0390536404 	
2.00501002004e-08 0 	0 	12.1998301321 	
2.06312625251e-08 0 	0 	12.3606066239 	
2.12124248497e-08 0 	0 	12.5213831157 	
2.17935871743e-08 0 	0 	12.6821596075 	
2.2374749499e-08 0 	0 	12.8429360993 	
2.29559118236e-08 0 	0 	13.0037125911 	
2.35370741483e-08 0 	0 	13.2342174431 	
2.41182364729e-08 0 	0 	13.494019376 	
2.46993987976e-08 0 	0 	13.7538213088 	
2.52805611222e-08 0 	0 	14.0136232416 	
2.58617234469e-08 0 	0 	14.2734251745 	
2.64428857715e-08 0 	0 	14.5332271073 	
2.70240480962e-08 0 	0 	14.7930290401 	
2.76052104208e-08 0 	0 	15.052830973 	
2.81863727455e-08 0 	0 	15.4144065387 	
2.87675350701e-08 0 	0 	15.8369690755 	
2.93486973948e-08 0 	0 	16.2595316124 	
2.99298597194e-08 0 	0 	16.6820941492 	
3.05110220441e-08 0 	0 	17.104656686 	
3.10921843687e-08 0 	0 	17.5272192229 	
3.16733466934e-08 0 	0 	17.9497817597 	
3.2254509018e-08 0 	0 	18.3723442966 	
3.28356713427e-08 0 	0 	18.8915503924 	
3.34168336673e-08 0 	0 	19.585321946 	
3.3997995992e-08 0 	0 	20.2790934997 	
3.45791583166e-08 0 	0 	20.9728650533 	
3.51603206413e-08 0 	0 	21.666636607 	
3.57414829659e-08 0 	0 	22.3604081607 	
3.63226452906e-08 0 	0 	23.0541797143 	
3.69038076152e-08 0 	0 	23.747951268 	
3.74849699399e-08 0 	0 	24.4417228216 	
3.80661322645e-08 0 	0 	25.5439772669 	
3.86472945892e-08 0 	0 	26.695272012 	
3.92284569138e-08 0 	0 	27.8465667571 	
3.98096192385e-08 0 	0 	28.9978615021 	
4.03907815631e-08 0 	0 	30.1491562472 	
4.09719438878e-08 0 	0 	31.3004509923 	
4.15531062124e-08 0 	0 	32.4517457374 	
4.21342685371e-08 0 	0 	33.6030404824 	
4.27154308617e-08 0 	0 	34.9340866046 	
4.32965931864e-08 0 	0 	36.8664741223 	
4.3877755511e-08 0 	0 	38.7988616399 	
4.44589178357e-08 0 	0 	40.7312491575 	
4.50400801603e-08 0 	0 	42.6636366751 	
4.5621242485e-08 0 	0 	44.5960241927 	
4.62024048096e-08 0 	0 	46.5284117103 	
4.67835671343e-08 0 	0 	48.4607992279 	
4.73647294589e-08 0 	0 	50.3931867455 	
4.79458917836e-08 0 	0 	52.8162553146 	
4.85270541082e-08 0 	0 	56.0981477416 	
4.91082164329e-08 0 	0 	59.3800401686 	
4.96893787575e-08 0 	0 	62.6619325956 	
5.02705410822e-08 0 	0 	65.9438250226 	
5.08517034068e-08 0 	0 	69.2257174497 	
5.14328657315e-08 0 	0 	72.5076098767 	
5.20140280561e-08 0 	0 	75.7895023037 	
5.25951903808e-08 0 	0 	79.0713947307 	
5.31763527054e-08 0 	0 	83.0339751215 	
5.37575150301e-08 0 	0 	88.6758024757 	
5.43386773547e-08 0 	0 	94.31762983 	
5.49198396794e-08 0 	0 	99.9594571843 	
5.5501002004e-08 0 	0 	105.601284539 	
5.60821643287e-08 0 	0 	111.243111893 	
5.66633266533e-08 0 	0 	116.884939247 	
5.7244488978e-08 0 	0 	122.526766601 	
5.78256513026e-08 0 	0 	128.168593956 	
5.84068136273e-08 0 	0 	133.81042131 	
5.89879759519e-08 0 	0 	143.629192579 	
5.95691382766e-08 0 	0 	153.449127874 	
6.01503006012e-08 0 	0 	163.269063168 	
6.07314629259e-08 0 	0 	173.088998463 	
6.13126252505e-08 0 	0 	182.908933758 	
6.18937875752e-08 0 	0 	192.728869052 	
6.24749498998e-08 0 	0 	202.548804347 	
6.30561122244e-08 0 	0 	212.368739642 	
6.36372745491e-08 0 	0 	222.188674936 	
6.42184368737e-08 0 	0 	235.697319759 	
6.47995991984e-08 0 	0 	253.008012003 	
6.5380761523e-08 0 	0 	270.318704247 	
6.59619238477e-08 0 	0 	287.629396491 	
6.65430861723e-08 0 	0 	304.940088735 	
6.7124248497e-08 0 	0 	322.250780979 	
6.77054108216e-08 0 	0 	339.561473223 	
6.82865731463e-08 0 	0 	356.872165467 	
6.88677354709e-08 0 	0 	374.182857712 	
6.94488977956e-08 0 	0 	391.493549956 	
7.00300601202e-08 0 	0 	419.162513261 	
7.06112224449e-08 0 	0 	450.076876164 	
7.11923847695e-08 0 	0 	480.991239067 	
7.17735470942e-08 0 	0 	511.905601969 	
7.23547094188e-08 0 	0 	542.819964872 	
7.29358717435e-08 0 	0 	573.734327775 	
7.35170340681e-08 0 	0 	604.648690678 	
7.40981963928e-08 0 	0 	635.563053581 	
7.46793587174e-08 0 	0 	666.477416484 	
7.52605210421e-08 0 	0 	697.391779387 	
7.58416833667e-08 0 	0 	748.36785744 	
7.64228456914e-08 0 	0 	804.314029266 	
7.7004008016e-08 0 	0 	860.260201091 	
7.75851703407e-08 0 	0 	916.206372917 	
7.81663326653e-08 0 	0 	972.152544742 	
7.874749499e-08 0 	0 	1028.09871657 	
7.93286573146e-08 0 	0 	1084.04488839 	
7.99098196393e-08 0 	0 	1139.99106022 	
8.04909819639e-08 0 	0 	1195.93723204 	
8.10721442886e-08 0 	0 	1251.88340387 	
8.16533066132e-08 0 	0 	1336.17063626 	
8.22344689379e-08 0 	0 	1438.79971981 	
8.28156312625e-08 0 	0 	1541.42880337 	
8.33967935872e-08 0 	0 	1644.05788692 	
8.39779559118e-08 0 	0 	1746.68697048 	
8.45591182365e-08 0 	0 	1849.31605403 	
8.51402805611e-08 0 	0 	1951.94513759 	
8.57214428858e-08 0 	0 	2054.57422114 	
8.63026052104e-08 0 	0 	2157.2033047 	
8.68837675351e-08 0 	0 	2259.83238825 	
8.74649298597e-08 0 	0 	2377.71879892 	
8.80460921844e-08 0 	0 	2568.61102403 	
8.8627254509e-08 0 	0 	2759.50324913 	
8.92084168337e-08 0 	0 	2950.39547424 	
8.97895791583e-08 0 	0 	3141.28769934 	
9.0370741483e-08 0 	0 	3332.17992445 	
9.09519038076e-08 0 	0 	3523.07214955 	
9.15330661323e-08 0 	0 	3713.96437466 	
9.21142284569e-08 0 	0 	3904.85659976 	
9.26953907816e-08 0 	0 	4095.74882487 	
9.32765531062e-08 0 	0 	4286.64104997 	
9.38577154309e-08 0 	0 	4560.98180461 	
9.44388777555e-08 0 	0 	4921.10707609 	
9.50200400802e-08 0 	0 	5281.23234757 	
9.56012024048e-08 0 	0 	5641.35761905 	
9.61823647295e-08 0 	0 	6001.48289053 	
9.67635270541e-08 0 	0 	6361.60816201 	
9.73446893788e-08 0 	0 	6721.73343349 	
9.79258517034e-08 0 	0 	7081.85870497 	
9.85070140281e-08 0 	0 	7441.98397644 	
9.90881763527e-08 0 	0 	7802.10924792 	
9.96693386774e-08 0 	0 	8162.2345194 	
1.00250501002e-07 0 	0 	8707.35730188 	
1.00831663327e-07 0 	0 	9396.64262027 	
1.01412825651e-07 0 	0 	10085.9279387 	
1.01993987976e-07 0 	0 	10775.2132571 	
1.02575150301e-07 0 	0 	11464.4985754 	
1.03156312625e-07 0 	0 	12153.7838938 	
1.0373747495e-07 0 	0 	12843.0692122 	
1.04318637275e-07 0 	0 	13532.3545306 	
1.04899799599e-07 0 	0 	14221.639849 	
1.05480961924e-07 0 	0 	14910.9251674 	
1.06062124248e-07 0 	0 	15600.2104858 	
1.06643286573e-07 0 	0 	16532.2985459 	
1.07224448898e-07 0 	0 	17871.2396934 	
1.07805611222e-07 0 	0 	19210.1808408 	
1.08386773547e-07 0 	0 	20549.1219883 	
1.08967935872e-07 0 	0 	21888.0631357 	
1.09549098196e-07 0 	0 	23227.0042832 	
1.10130260521e-07 0 	0 	24565.9454306 	
1.10711422846e-07 0 	0 	25904.8865781 	
1.1129258517e-07 0 	0 	27243.8277255 	
1.11873747495e-07 0 	0 	28582.768873 	
1.1245490982e-07 0 	0 	29921.7100205 	
1.13036072144e-07 0 	0 	31260.6511679 	
1.13617234469e-07 0 	0 	33799.8842654 	
1.14198396794e-07 0 	0 	36440.4060758 	
1.14779559118e-07 0 	0 	39080.9278862 	
1.15360721443e-07 0 	0 	41721.4496967 	
1.15941883768e-07 0 	0 	44361.9715071 	
1.16523046092e-07 0 	0 	47002.4933175 	
1.17104208417e-07 0 	0 	49643.0151279 	
1.17685370741e-07 0 	0 	52283.5369383 	
1.18266533066e-07 0 	0 	54924.0587487 	
1.18847695391e-07 0 	0 	57564.5805592 	
1.19428857715e-07 0 	0 	60205.1023696 	
1.2001002004e-07 0 	0 	63378.3787755 	
1.20591182365e-07 0 	0 	68667.4054233 	
1.21172344689e-07 0 	0 	73956.432071 	
1.21753507014e-07 0 	0 	79245.4587188 	
1.22334669339e-07 0 	0 	84534.4853665 	
1.22915831663e-07 0 	0 	89823.5120142 	
1.23496993988e-07 0 	0 	95112.538662 	
1.24078156313e-07 0 	0 	100401.56531 	
1.24659318637e-07 0 	0 	105690.591957 	
1.25240480962e-07 0 	0 	110979.618605 	
1.25821643287e-07 0 	0 	116268.645253 	
1.26402805611e-07 0 	0 	121557.671901 	
1.26983967936e-07 0 	0 	127966.44096 	
1.27565130261e-07 0 	0 	138735.859351 	
1.28146292585e-07 0 	0 	149505.277742 	
1.2872745491e-07 0 	0 	160274.696133 	
1.29308617234e-07 0 	0 	171044.114523 	
1.29889779559e-07 0 	0 	181813.532914 	
1.30470941884e-07 0 	0 	192582.951305 	
1.31052104208e-07 0 	0 	203352.369696 	
1.31633266533e-07 0 	0 	214121.788087 	
1.32214428858e-07 0 	0 	224891.206478 	
1.32795591182e-07 0 	0 	235660.624869 	
1.33376753507e-07 0 	0 	246430.043259 	
1.33957915832e-07 0 	0 	257199.46165 	
1.34539078156e-07 0 	0 	278685.069674 	
1.35120240481e-07 0 	0 	301037.239503 	
1.35701402806e-07 0 	0 	323389.409332 	
1.3628256513e-07 0 	0 	345741.579162 	
1.36863727455e-07 0 	0 	368093.748991 	
1.3744488978e-07 0 	0 	390445.91882 	
1.38026052104e-07 0 	0 	412798.088649 	
1.38607214429e-07 0 	0 	435150.258478 	
1.39188376754e-07 0 	0 	457502.428308 	
1.39769539078e-07 0 	0 	479854.598137 	
1.40350701403e-07 0 	0 	502206.767966 	
1.40931863727e-07 0 	0 	524558.937795 	
1.41513026052e-07 0 	0 	549681.109701 	
1.42094188377e-07 0 	0 	579789.959706 	
1.42675350701e-07 0 	0 	609898.809711 	
1.43256513026e-07 0 	0 	640007.659716 	
1.43837675351e-07 0 	0 	670116.509721 	
1.44418837675e-07 0 	0 	700225.359726 	
1.45e-07 0 	0 	730334.209731 	
