-1.45e-07 0.0146946313073 1.53157078043 0.651067397611
-1.44418837675e-07 0.0140110385547 1.4917559492 0.668583380909
-1.43837675351e-07 0.0133652788539 1.45481549203 0.685432039134
-1.43256513026e-07 0.01276785363 1.42164879404 0.701492434263
-1.42675350701e-07 0.0122059334791 1.39110929776 0.716925868834
-1.42094188377e-07 0.0116721199252 1.3625980218 0.731844266916
-1.41513026052e-07 0.0111723392812 1.33647703726 0.746115206849
-1.40931863727e-07 0.0107086832164 1.3127683999 0.759649281883
-1.40350701403e-07 0.0102642950776 1.29031506262 0.772776748082
-1.39769539078e-07 0.00985316740092 1.2699774418 0.785180164537
-1.39188376754e-07 0.0094660868595 1.25109983738 0.797027410926
-1.38607214429e-07 0.0090957506551 1.2332388616 0.808487388773
-1.38026052104e-07 0.0087588222085 1.21731805898 0.819130018115
-1.3744488978e-07 0.00842933819493 1.20182364806 0.829587273768
-1.36863727455e-07 0.00813329689773 1.18819124219 0.839182644756
-1.3628256513e-07 0.00784330422837 1.17488247137 0.848614475684
-1.35701402806e-07 0.00758072232018 1.16304032794 0.857305186871
-1.35120240481e-07 0.00732439134 1.15152038989 0.86581928436
-1.34539078156e-07 0.00709280705768 1.14127602545 0.873634188738
-1.33957915832e-07 0.00686485830613 1.13121264617 0.881342159071
-1.33376753507e-07 0.00666182833745 1.12238978169 0.888317178305
-1.32795591182e-07 0.00645879836877 1.11356691722 0.89529219754
-1.32214428858e-07 0.00628069060825 1.10594538282 0.901506848417
-1.31633266533e-07 0.00610380706294 1.0983828595 0.907684148891
-1.31052104208e-07 0.0059429688267 1.09157117034 0.913355433138
-1.30470941884e-07 0.0057898761163 1.08512193013 0.918782448997
-1.29889779559e-07 0.00564293458443 1.07895283834 0.924009609953
-1.29308617234e-07 0.00551134583472 1.0734829715 0.928737951249
-1.2872745491e-07 0.00537975708501 1.06801310467 0.933466292546
-1.28146292585e-07 0.00526327651954 1.06321462509 0.937690500651
-1.27565130261e-07 0.00515098913094 1.05860248462 0.941774789915
-1.26983967936e-07 0.00504143637252 1.05410921082 0.945765641301
-1.26402805611e-07 0.00494634635023 1.05024459139 0.949262324457
-1.25821643287e-07 0.00485125632794 1.04637997196 0.952759007613
-1.25240480962e-07 0.0047623856517 1.04278040945 0.956038692409
-1.24659318637e-07 0.00468250035138 1.03956378688 0.95900486967
-1.24078156313e-07 0.00460261505107 1.03634716431 0.961971046932
-1.23496993988e-07 0.00452975366661 1.03342470776 0.964687616467
-1.22915831663e-07 0.00446320264051 1.03076653297 0.96717993585
-1.22334669339e-07 0.0043966516144 1.02810835819 0.969672255233
-1.21753507014e-07 0.00433596515626 1.02569206317 0.971952813289
-1.21172344689e-07 0.00428100883953 1.0235121036 0.974026463971
-1.20591182365e-07 0.00422605252281 1.02133214403 0.976100114653
-1.2001002004e-07 0.00417448850715 1.01929024803 0.978049574929
-1.19428857715e-07 0.00412952455183 1.01751696849 0.979757410377
-1.18847695391e-07 0.00408456059651 1.01574368894 0.981465245825
-1.18266533066e-07 0.00403977443769 1.01397756316 0.983166495036
-1.17685370741e-07 0.00400334157891 1.01254753796 0.984558307304
-1.17104208417e-07 0.00396690872012 1.01111751275 0.985950119572
-1.16523046092e-07 0.00393047586133 1.00968748755 0.98734193184
-1.15941883768e-07 0.00389795582399 1.00841336882 0.988587341985
-1.15360721443e-07 0.00386873524712 1.00727071718 0.989709299518
-1.14779559118e-07 0.00383951467026 1.00612806554 0.990831257052
-1.14198396794e-07 0.0038102940934 1.0049854139 0.991953214585
-1.13617234469e-07 0.00378648586349 1.00405665138 0.992870954714
-1.13036072144e-07 0.00376330012652 1.003152489 0.993765207085
-1.1245490982e-07 0.00374011438955 1.00224832662 0.994659459456
-1.11873747495e-07 0.00371730717087 1.00135902068 0.995539329428
-1.1129258517e-07 0.00369911681956 1.00065092181 0.996243774256
-1.10711422846e-07 0.00368092646824 0.999942822934 0.996948219083
-1.10130260521e-07 0.00366273611692 0.999234724062 0.997652663911
-1.09549098196e-07 0.00364483544426 0.998537930849 0.998346038336
-1.08967935872e-07 0.00363073353441 0.997989396803 0.998894238684
-1.08386773547e-07 0.00361663162456 0.997440862757 0.999442439031
-1.07805611222e-07 0.00360252971471 0.996892328711 0.999990639379
-1.07224448898e-07 0.00358842780486 0.996343794664 1.00053883973
-1.06643286573e-07 0.00357721346305 0.995907442989 1.00097616852
-1.06062124248e-07 0.00356641826976 0.995487375285 1.00139740361
-1.05480961924e-07 0.00355562307647 0.995067307582 1.0018186387
-1.04899799599e-07 0.00354482788318 0.994647239878 1.0022398738
-1.04318637275e-07 0.00353528386867 0.994275603353 1.00261288573
-1.0373747495e-07 0.00352713011346 0.993957781597 1.00293231403
-1.03156312625e-07 0.00351897635824 0.993639959842 1.00325174232
-1.02575150301e-07 0.00351082260303 0.993322138086 1.00357117062
-1.01993987976e-07 0.00350266884781 0.99300431633 1.00389059892
-1.01412825651e-07 0.00349631128189 0.992755823759 1.00414058747
-1.00831663327e-07 0.003490240243 0.992518390537 1.00437949903
-1.00250501002e-07 0.0034841692041 0.992280957316 1.0046184106
-9.96693386774e-08 0.00347809816521 0.992043524094 1.00485732216
-9.90881763527e-08 0.00347207461878 0.991807919999 1.00509439325
-9.85070140281e-08 0.00346762350532 0.991632876681 1.00527052774
-9.79258517034e-08 0.00346317239186 0.991457833362 1.00544666224
-9.73446893788e-08 0.0034587212784 0.991282790043 1.00562279673
-9.67635270541e-08 0.00345427016495 0.991107746724 1.00579893123
-9.61823647295e-08 0.00344981905149 0.990932703406 1.00597506573
-9.56012024048e-08 0.00344656489785 0.990803687 1.00610472513
-9.50200400802e-08 0.00344335586519 0.99067640564 1.00623263259
-9.44388777555e-08 0.00344014683252 0.99054912428 1.00636054005
-9.38577154309e-08 0.00343693779985 0.990421842919 1.00648844752
-9.32765531062e-08 0.00343372876718 0.990294561559 1.00661635498
-9.26953907816e-08 0.00343113359961 0.990190860396 1.0067203907
-9.21142284569e-08 0.00342886276185 0.990099617608 1.00681181401
-9.15330661323e-08 0.00342659192409 0.99000837482 1.00690323733
-9.09519038076e-08 0.00342432108633 0.989917132031 1.00699466064
-9.0370741483e-08 0.00342205024857 0.989825889243 1.00708608395
-8.97895791583e-08 0.00341984183552 0.989737043012 1.00717507661
-8.92084168337e-08 0.0034182685941 0.989672581762 1.00723933738
-8.8627254509e-08 0.00341669535268 0.989608120511 1.00730359814
-8.80460921844e-08 0.00341512211126 0.989543659261 1.0073678589
-8.74649298597e-08 0.00341354886984 0.989479198011 1.00743211967
-8.68837675351e-08 0.00341197562842 0.98941473676 1.00749638043
-8.63026052104e-08 0.00341053347008 0.98935530766 1.0075555314
-8.57214428858e-08 0.00340947042734 0.989310432431 1.00759990394
-8.51402805611e-08 0.00340840738461 0.989265557203 1.00764427648
-8.45591182365e-08 0.00340734434188 0.989220681974 1.00768864902
-8.39779559118e-08 0.00340628129914 0.989175806746 1.00773302157
-8.33967935872e-08 0.00340521825641 0.989130931517 1.00777739411
-8.28156312625e-08 0.00340420792581 0.989088080907 1.00781970958
-8.22344689379e-08 0.00340351159427 0.989057290677 1.00784977138
-8.16533066132e-08 0.00340281526272 0.989026500447 1.00787983318
-8.10721442886e-08 0.00340211893118 0.988995710217 1.00790989498
-8.04909819639e-08 0.00340142259963 0.988964919986 1.00793995678
-7.99098196393e-08 0.00340072626809 0.988934129756 1.00797001858
-7.93286573146e-08 0.00340002993655 0.988903339526 1.00800008038
-7.874749499e-08 0.00339952418483 0.988879878533 1.00802269558
-7.81663326653e-08 0.00339908664 0.988859040611 1.00804264571
-7.75851703407e-08 0.00339864909516 0.988838202689 1.00806259584
-7.7004008016e-08 0.00339821155033 0.988817364767 1.00808254596
-7.64228456914e-08 0.0033977740055 0.988796526845 1.00810249609
-7.58416833667e-08 0.00339733646066 0.988775688923 1.00812244622
-7.52605210421e-08 0.0033969026508 0.988754994975 1.00814225017
-7.46793587174e-08 0.00339664421317 0.988741061189 1.00815519062
-7.40981963928e-08 0.00339638577553 0.988727127404 1.00816813107
-7.35170340681e-08 0.00339612733789 0.988713193618 1.00818107151
-7.29358717435e-08 0.00339586890025 0.988699259833 1.00819401196
-7.23547094188e-08 0.00339561046261 0.988685326048 1.00820695241
-7.17735470942e-08 0.00339535202498 0.988671392262 1.00821989285
-7.11923847695e-08 0.00339509358734 0.988657458477 1.0082328333
-7.06112224449e-08 0.00339495439496 0.988648139735 1.0082410959
-7.00300601202e-08 0.0033948173682 0.988638904806 1.00824927355
-6.94488977956e-08 0.00339468034144 0.988629669878 1.00825745119
-6.88677354709e-08 0.00339454331467 0.988620434949 1.00826562884
-6.82865731463e-08 0.00339440628791 0.988611200021 1.00827380649
-6.77054108216e-08 0.00339426926115 0.988601965092 1.00828198413
-6.7124248497e-08 0.00339413223438 0.988592730164 1.00829016178
-6.65430861723e-08 0.00339404387672 0.988585391572 1.00829642318
-6.59619238477e-08 0.0033939873188 0.98857929202 1.00830143254
-6.5380761523e-08 0.00339393076087 0.988573192469 1.00830644189
-6.47995991984e-08 0.00339387420295 0.988567092917 1.00831145125
-6.42184368737e-08 0.00339381764503 0.988560993366 1.0083164606
-6.36372745491e-08 0.00339376108711 0.988554893815 1.00832146996
-6.30561122244e-08 0.00339370452919 0.988548794263 1.00832647931
-6.24749498998e-08 0.00339364797127 0.988542694712 1.00833148867
-6.18937875752e-08 0.00339363680297 0.988538384034 1.00833470008
-6.13126252505e-08 0.00339363226585 0.988534334701 1.00833764883
-6.07314629259e-08 0.00339362772873 0.988530285368 1.00834059757
-6.01503006012e-08 0.00339362319162 0.988526236036 1.00834354631
-5.95691382766e-08 0.0033936186545 0.988522186703 1.00834649506
-5.89879759519e-08 0.00339361411738 0.98851813737 1.0083494438
-5.84068136273e-08 0.00339360958026 0.988514088037 1.00835239254
-5.78256513026e-08 0.00339360504315 0.988510038705 1.00835534129
-5.7244488978e-08 0.00339362561226 0.988506998545 1.0083572852
-5.66633266533e-08 0.00339365375649 0.988504262876 1.00835892593
-5.60821643287e-08 0.00339368190073 0.988501527207 1.00836056666
-5.5501002004e-08 0.00339371004497 0.988498791538 1.00836220739
-5.49198396794e-08 0.00339373818921 0.98849605587 1.00836384812
-5.43386773547e-08 0.00339376633344 0.988493320201 1.00836548885
-5.37575150301e-08 0.00339379447768 0.988490584532 1.00836712958
-5.31763527054e-08 0.00339382262192 0.988487848863 1.00836877031
-5.25951903808e-08 0.0033938561985 0.98848533931 1.00837018958
-5.20140280561e-08 0.00339390417079 0.988483428962 1.00837102194
-5.14328657315e-08 0.00339395214307 0.988481518614 1.00837185431
-5.08517034068e-08 0.00339400011536 0.988479608266 1.00837268668
-5.02705410822e-08 0.00339404808765 0.988477697918 1.00837351904
-4.96893787575e-08 0.00339409605993 0.98847578757 1.00837435141
-4.91082164329e-08 0.00339414403222 0.988473877223 1.00837518378
-4.85270541082e-08 0.00339419200451 0.988471966875 1.00837601614
-4.79458917836e-08 0.00339423997679 0.988470056527 1.00837684851
-4.73647294589e-08 0.00339429220937 0.988468335218 1.00837750109
-4.67835671343e-08 0.00339435166341 0.988466934342 1.00837784893
-4.62024048096e-08 0.00339441111746 0.988465533466 1.00837819676
-4.5621242485e-08 0.0033944705715 0.988464132589 1.0083785446
-4.50400801603e-08 0.00339453002555 0.988462731713 1.00837889243
-4.44589178357e-08 0.00339458947959 0.988461330837 1.00837924027
-4.3877755511e-08 0.00339464893364 0.988459929961 1.0083795881
-4.32965931864e-08 0.00339470838768 0.988458529085 1.00837993594
-4.27154308617e-08 0.00339476784173 0.988457128209 1.00838028377
-4.21342685371e-08 0.00339482754192 0.988455739684 1.00838062047
-4.15531062124e-08 0.00339489318432 0.988454649313 1.00838068847
-4.09719438878e-08 0.00339495882672 0.988453558943 1.00838075647
-4.03907815631e-08 0.00339502446912 0.988452468572 1.00838082447
-3.98096192385e-08 0.00339509011152 0.988451378202 1.00838089247
-3.92284569138e-08 0.00339515575392 0.988450287831 1.00838096047
-3.86472945892e-08 0.00339522139632 0.988449197461 1.00838102847
-3.80661322645e-08 0.00339528703871 0.988448107091 1.00838109646
-3.74849699399e-08 0.00339535268111 0.98844701672 1.00838116446
-3.69038076152e-08 0.00339541832351 0.98844592635 1.00838123246
-3.63226452906e-08 0.00339548472079 0.988444884951 1.00838126055
-3.57414829659e-08 0.00339555327161 0.988443983264 1.0083811748
-3.51603206413e-08 0.00339562182244 0.988443081576 1.00838108905
-3.45791583166e-08 0.00339569037326 0.988442179888 1.00838100331
-3.3997995992e-08 0.00339575892409 0.9884412782 1.00838091756
-3.34168336673e-08 0.00339582747491 0.988440376512 1.00838083181
-3.28356713427e-08 0.00339589602573 0.988439474824 1.00838074606
-3.2254509018e-08 0.00339596457656 0.988438573137 1.00838066031
-3.16733466934e-08 0.00339603312738 0.988437671449 1.00838057456
-3.10921843687e-08 0.00339610167821 0.988436769761 1.00838048881
-3.05110220441e-08 0.00339617023709 0.988435869093 1.00838040237
-2.99298597194e-08 0.00339623970764 0.9884350838 1.00838023852
-2.93486973948e-08 0.00339630917819 0.988434298508 1.00838007467
-2.87675350701e-08 0.00339637864874 0.988433513215 1.00837991081
-2.81863727455e-08 0.00339644811928 0.988432727923 1.00837974696
-2.76052104208e-08 0.00339651758983 0.98843194263 1.00837958311
-2.70240480962e-08 0.00339658706038 0.988431157337 1.00837941925
-2.64428857715e-08 0.00339665653093 0.988430372045 1.0083792554
-2.58617234469e-08 0.00339672600148 0.988429586752 1.00837909155
-2.52805611222e-08 0.00339679547203 0.988428801459 1.00837892769
-2.46993987976e-08 0.00339686494257 0.988428016167 1.00837876384
-2.41182364729e-08 0.00339693434287 0.988427250735 1.00837859101
-2.35370741483e-08 0.0033970035481 0.988426540454 1.00837839326
-2.29559118236e-08 0.00339707275333 0.988425830172 1.00837819551
-2.2374749499e-08 0.00339714195856 0.988425119891 1.00837799776
-2.17935871743e-08 0.00339721116379 0.988424409609 1.0083778
-2.12124248497e-08 0.00339728036902 0.988423699328 1.00837760225
-2.0631262525e-08 0.00339734957424 0.988422989046 1.0083774045
-2.00501002004e-08 0.00339741877947 0.988422278764 1.00837720675
-1.94689378758e-08 0.0033974879847 0.988421568483 1.008377009
-1.88877755511e-08 0.00339755718993 0.988420858201 1.00837681125
-1.83066132265e-08 0.00339762639516 0.98842014792 1.0083766135
-1.77254509018e-08 0.00339769559665 0.98841943784 1.00837641571
-1.71442885772e-08 0.00339776383541 0.988418779873 1.0083762093
-1.65631262525e-08 0.00339783207418 0.988418121906 1.00837600289
-1.59819639279e-08 0.00339790031294 0.988417463939 1.00837579648
-1.54008016032e-08 0.0033979685517 0.988416805971 1.00837559007
-1.48196392786e-08 0.00339803679047 0.988416148004 1.00837538366
-1.42384769539e-08 0.00339810502923 0.988415490037 1.00837517725
-1.36573146293e-08 0.00339817326799 0.988414832069 1.00837497084
-1.30761523046e-08 0.00339824150676 0.988414174102 1.00837476443
-1.249498998e-08 0.00339830974552 0.988413516135 1.00837455802
-1.19138276553e-08 0.00339837798429 0.988412858167 1.00837435161
-1.13326653307e-08 0.00339844622305 0.9884122002 1.0083741452
-1.0751503006e-08 0.00339851418261 0.988411550381 1.00837393991
-1.01703406814e-08 0.00339858103341 0.988410932919 1.00837373907
-9.58917835671e-09 0.00339864788421 0.988410315457 1.00837353824
-9.00801603206e-09 0.00339871473501 0.988409697995 1.0083733374
-8.42685370741e-09 0.00339878158582 0.988409080533 1.00837313656
-7.84569138277e-09 0.00339884843662 0.988408463071 1.00837293573
-7.26452905812e-09 0.00339891528742 0.988407845609 1.00837273489
-6.68336673347e-09 0.00339898213822 0.988407228147 1.00837253406
-6.10220440882e-09 0.00339904898902 0.988406610685 1.00837233322
-5.52104208417e-09 0.00339911583983 0.988405993223 1.00837213238
-4.93987975952e-09 0.00339918269063 0.988405375761 1.00837193155
-4.35871743487e-09 0.00339924954143 0.988404758299 1.00837173071
-3.77755511022e-09 0.00339931639223 0.988404140838 1.00837152987
-3.19639278557e-09 0.0033993818654 0.988403552172 1.00837134051
-2.61523046092e-09 0.00339944705758 0.988402969379 1.00837115349
-2.03406813627e-09 0.00339951224976 0.988402386587 1.00837096647
-1.45290581162e-09 0.00339957744193 0.988401803795 1.00837077945
-8.71743486974e-10 0.00339964263411 0.988401221002 1.00837059243
-2.90581162324e-10 0.00339970782629 0.98840063821 1.00837040541
2.90581162325e-10 0.00339977301847 0.988400055417 1.00837021839
8.71743486974e-10 0.00339983821065 0.988399472625 1.00837003137
1.45290581162e-09 0.00339990340283 0.988398889832 1.00836984435
2.03406813627e-09 0.003399968595 0.98839830704 1.00836965733
2.61523046092e-09 0.00340003378718 0.988397724248 1.00836947031
3.19639278557e-09 0.00340009897936 0.988397141455 1.00836928329
3.77755511022e-09 0.00340016387083 0.988396563784 1.00836909938
4.35871743487e-09 0.00340022728799 0.98839601122 1.00836893074
4.93987975952e-09 0.00340029070516 0.988395458657 1.0083687621
5.52104208417e-09 0.00340035412233 0.988394906093 1.00836859346
6.10220440882e-09 0.00340041753949 0.988394353529 1.00836842481
6.68336673347e-09 0.00340048095666 0.988393800966 1.00836825617
7.26452905812e-09 0.00340054437383 0.988393248402 1.00836808753
7.84569138277e-09 0.00340060779099 0.988392695838 1.00836791889
8.42685370742e-09 0.00340067120816 0.988392143275 1.00836775025
9.00801603206e-09 0.00340073462533 0.988391590711 1.00836758161
9.58917835671e-09 0.00340079804249 0.988391038148 1.00836741297
1.01703406814e-08 0.00340086145966 0.988390485584 1.00836724433
1.0751503006e-08 0.00340092487682 0.98838993302 1.00836707568
1.13326653307e-08 0.00340098686642 0.988389400646 1.00836692398
1.19138276553e-08 0.00340104849654 0.988388873355 1.00836677654
1.249498998e-08 0.00340111012665 0.988388346065 1.0083666291
1.30761523046e-08 0.00340117175676 0.988387818774 1.00836648167
1.36573146293e-08 0.00340123338688 0.988387291484 1.00836633423
1.42384769539e-08 0.00340129501699 0.988386764194 1.00836618679
1.48196392786e-08 0.0034013566471 0.988386236903 1.00836603935
1.54008016032e-08 0.00340141827722 0.988385709613 1.00836589191
1.59819639279e-08 0.00340147990733 0.988385182322 1.00836574448
1.65631262525e-08 0.00340154153744 0.988384655032 1.00836559704
1.71442885772e-08 0.00340160316756 0.988384127741 1.0083654496
1.77254509018e-08 0.00340166479767 0.988383600451 1.00836530216
1.83066132265e-08 0.00340172460609 0.988383092473 1.0083651797
1.88877755511e-08 0.00340178440744 0.988382584571 1.00836505733
1.94689378758e-08 0.00340184420878 0.988382076669 1.00836493497
2.00501002004e-08 0.00340190401013 0.988381568766 1.0083648126
2.06312625251e-08 0.00340196381148 0.988381060864 1.00836469024
2.12124248497e-08 0.00340202361282 0.988380552961 1.00836456787
2.17935871743e-08 0.00340208341417 0.988380045059 1.00836444551
2.2374749499e-08 0.00340214321552 0.988379537156 1.00836432314
2.29559118236e-08 0.00340220301686 0.988379029254 1.00836420078
2.35370741483e-08 0.00340226281821 0.988378521351 1.00836407841
2.41182364729e-08 0.00340232261956 0.988378013449 1.00836395605
2.46993987976e-08 0.00340238098618 0.988377513343 1.00836385721
2.52805611222e-08 0.00340243883611 0.988377016046 1.00836376684
2.58617234469e-08 0.00340249668605 0.988376518748 1.00836367646
2.64428857715e-08 0.00340255453598 0.988376021451 1.00836358609
2.70240480962e-08 0.00340261238591 0.988375524153 1.00836349572
2.76052104208e-08 0.00340267023584 0.988375026856 1.00836340535
2.81863727455e-08 0.00340272808577 0.988374529558 1.00836331498
2.87675350701e-08 0.00340278593571 0.988374032261 1.00836322461
2.93486973948e-08 0.00340284378564 0.988373534963 1.00836313423
2.99298597194e-08 0.00340290163557 0.988373037666 1.00836304386
3.05110220441e-08 0.0034029594855 0.988372540368 1.00836295349
3.10921843687e-08 0.00340301513336 0.988372039474 1.0083629073
3.16733466934e-08 0.00340307076174 0.988371538548 1.00836286149
3.2254509018e-08 0.00340312639013 0.988371037621 1.00836281569
3.28356713427e-08 0.00340318201852 0.988370536695 1.00836276988
3.34168336673e-08 0.00340323764691 0.988370035769 1.00836272408
3.3997995992e-08 0.0034032932753 0.988369534843 1.00836267828
3.45791583166e-08 0.00340334890368 0.988369033916 1.00836263247
3.51603206413e-08 0.00340340453207 0.98836853299 1.00836258667
3.57414829659e-08 0.00340346016046 0.988368032064 1.00836254086
3.63226452906e-08 0.00340351578885 0.988367531138 1.00836249506
3.69038076152e-08 0.00340356939019 0.988367010157 1.00836249859
3.74849699399e-08 0.00340362228101 0.988366482147 1.00836251942
3.80661322645e-08 0.00340367517182 0.988365954137 1.00836254025
3.86472945892e-08 0.00340372806263 0.988365426126 1.00836256108
3.92284569138e-08 0.00340378095345 0.988364898116 1.00836258191
3.98096192385e-08 0.00340383384426 0.988364370106 1.00836260274
4.03907815631e-08 0.00340388673507 0.988363842096 1.00836262357
4.09719438878e-08 0.00340393962589 0.988363314086 1.00836264439
4.15531062124e-08 0.0034039925167 0.988362786076 1.00836266522
4.21342685371e-08 0.00340404540751 0.988362258066 1.00836268605
4.27154308617e-08 0.003404094796 0.988361667236 1.00836280671
4.32965931864e-08 0.0034041440394 0.988361073804 1.0083629315
4.3877755511e-08 0.0034041932828 0.988360480372 1.0083630563
4.44589178357e-08 0.0034042425262 0.98835988694 1.00836318109
4.50400801603e-08 0.00340429176961 0.988359293507 1.00836330589
4.5621242485e-08 0.00340434101301 0.988358700075 1.00836343068
4.62024048096e-08 0.00340439025641 0.988358106643 1.00836355548
4.67835671343e-08 0.00340443949981 0.988357513211 1.00836368027
4.73647294589e-08 0.00340448874322 0.988356919779 1.00836380507
4.79458917836e-08 0.00340453473533 0.988356246473 1.00836403369
4.85270541082e-08 0.00340457880935 0.988355526045 1.00836432357
4.91082164329e-08 0.00340462288338 0.988354805617 1.00836461345
4.96893787575e-08 0.0034046669574 0.988354085189 1.00836490333
5.02705410822e-08 0.00340471103143 0.988353364761 1.00836519322
5.08517034068e-08 0.00340475510545 0.988352644333 1.0083654831
5.14328657315e-08 0.00340479917948 0.988351923905 1.00836577298
5.20140280561e-08 0.0034048432535 0.988351203477 1.00836606286
5.25951903808e-08 0.00340488732753 0.988350483049 1.00836635274
5.31763527054e-08 0.00340492587106 0.988349600125 1.00836683302
5.37575150301e-08 0.0034049623276 0.988348655881 1.00836738514
5.43386773547e-08 0.00340499878415 0.988347711637 1.00836793726
5.49198396794e-08 0.0034050352407 0.988346767394 1.00836848938
5.5501002004e-08 0.00340507169725 0.98834582315 1.00836904151
5.60821643287e-08 0.0034051081538 0.988344878907 1.00836959363
5.66633266533e-08 0.00340514461035 0.988343934663 1.00837014575
5.7244488978e-08 0.00340518106689 0.98834299042 1.00837069787
5.78256513026e-08 0.00340521487388 0.988341959794 1.00837134562
5.84068136273e-08 0.00340523989942 0.988340642873 1.00837231032
5.89879759519e-08 0.00340526492497 0.988339325953 1.00837327502
5.95691382766e-08 0.00340528995051 0.988338009032 1.00837423971
6.01503006012e-08 0.00340531497605 0.988336692111 1.00837520441
6.07314629259e-08 0.0034053400016 0.98833537519 1.0083761691
6.13126252505e-08 0.00340536502714 0.988334058269 1.0083771338
6.18937875752e-08 0.00340539005269 0.988332741349 1.0083780985
6.24749498998e-08 0.0034054128847 0.988331348398 1.0083791447
6.30561122244e-08 0.00340542070228 0.988329435036 1.0083807488
6.36372745491e-08 0.00340542851987 0.988327521674 1.00838235291
6.42184368737e-08 0.00340543633745 0.988325608311 1.00838395701
6.47995991984e-08 0.00340544415504 0.988323694949 1.00838556111
6.5380761523e-08 0.00340545197262 0.988321781587 1.00838716522
6.59619238477e-08 0.0034054597902 0.988319868224 1.00838876932
6.65430861723e-08 0.00340546760779 0.988317954862 1.00839037343
6.7124248497e-08 0.00340546525308 0.988315675801 1.00839236231
6.77054108216e-08 0.0034054473298 0.988312837043 1.00839494008
6.82865731463e-08 0.00340542940653 0.988309998284 1.00839751786
6.88677354709e-08 0.00340541148326 0.988307159526 1.00840009563
6.94488977956e-08 0.00340539355999 0.988304320767 1.00840267341
7.00300601202e-08 0.00340537563672 0.988301482009 1.00840525118
7.06112224449e-08 0.00340535771344 0.98829864325 1.00840782896
7.11923847695e-08 0.00340533911142 0.988295779544 1.00841043269
7.17735470942e-08 0.00340528313527 0.988291542155 1.00841446576
7.23547094188e-08 0.00340522715912 0.988287304765 1.00841849883
7.29358717435e-08 0.00340517118296 0.988283067375 1.00842253191
7.35170340681e-08 0.00340511520681 0.988278829986 1.00842656498
7.40981963928e-08 0.00340505923066 0.988274592596 1.00843059805
7.46793587174e-08 0.00340500325451 0.988270355206 1.00843463112
7.52605210421e-08 0.00340494727836 0.988266117817 1.0084386642
7.58416833667e-08 0.00340483702639 0.988259858174 1.00844478732
7.64228456914e-08 0.00340472561849 0.988253555463 1.00845095495
7.7004008016e-08 0.00340461421059 0.988247252751 1.00845712259
7.75851703407e-08 0.00340450280268 0.98824095004 1.00846329022
7.81663326653e-08 0.00340439139478 0.988234647328 1.00846945786
7.874749499e-08 0.00340427998688 0.988228344617 1.00847562549
7.93286573146e-08 0.00340414763669 0.988221254961 1.00848260312
7.99098196393e-08 0.00340395677075 0.988211966467 1.00849184397
8.04909819639e-08 0.0034037659048 0.988202677974 1.00850108483
8.10721442886e-08 0.00340357503886 0.98819338948 1.00851032569
8.16533066132e-08 0.00340338417292 0.988184100987 1.00851956654
8.22344689379e-08 0.00340319330697 0.988174812494 1.0085288074
8.28156312625e-08 0.00340300244103 0.988165524 1.00853804825
8.33967935872e-08 0.00340271565322 0.988152611682 1.0085510098
8.39779559118e-08 0.00340241276268 0.98813909102 1.00856459596
8.45591182365e-08 0.00340210987213 0.988125570358 1.00857818212
8.51402805611e-08 0.00340180698158 0.988112049696 1.00859176827
8.57214428858e-08 0.00340150409104 0.988098529034 1.00860535443
8.63026052104e-08 0.00340120120049 0.988085008372 1.00861894059
8.68837675351e-08 0.00340078287806 0.988067111983 1.00863701302
8.74649298597e-08 0.00340032464388 0.98804770264 1.00865663664
8.80460921844e-08 0.0033998664097 0.988028293298 1.00867626025
8.8627254509e-08 0.00339940817552 0.988008883956 1.00869588386
8.92084168337e-08 0.00339894994134 0.987989474614 1.00871550747
8.97895791583e-08 0.00339849170716 0.987970065271 1.00873513108
9.0370741483e-08 0.00339784049994 0.987943325252 1.0087622653
9.09519038076e-08 0.0033971703273 0.987915864774 1.00879013765
9.15330661323e-08 0.00339650015467 0.987888404296 1.00881801001
9.21142284569e-08 0.00339582998204 0.987860943817 1.00884588237
9.26953907816e-08 0.00339515980941 0.987833483339 1.00887375472
9.32765531062e-08 0.0033943912457 0.98780228042 1.00890546078
9.38577154309e-08 0.00339343645536 0.987763994115 1.00894442294
9.44388777555e-08 0.00339248166503 0.98772570781 1.0089833851
9.50200400802e-08 0.00339152687469 0.987687421505 1.00902234726
9.56012024048e-08 0.00339057208435 0.9876491352 1.00906130942
9.61823647295e-08 0.00338960361945 0.987610328419 1.0091008049
9.67635270541e-08 0.0033882723985 0.987557714545 1.0091544484
9.73446893788e-08 0.00338694117754 0.987505100671 1.0092080919
9.79258517034e-08 0.00338560995658 0.987452486797 1.00926173539
9.85070140281e-08 0.00338427873562 0.987399872923 1.00931537889
9.90881763527e-08 0.00338294751466 0.987347259049 1.00936902239
9.96693386774e-08 0.00338114007365 0.987276515784 1.00944125636
1.00250501002e-07 0.00337931824929 0.987205224955 1.00951405181
1.00831663327e-07 0.00337749642492 0.987133934126 1.00958684727
1.01412825651e-07 0.00337567460056 0.987062643296 1.00965964273
1.01993987976e-07 0.00337376604175 0.986988051136 1.00973582739
1.02575150301e-07 0.00337131375942 0.986892763493 1.00983325835
1.03156312625e-07 0.00336886147709 0.98679747585 1.00993068931
1.0373747495e-07 0.00336640919476 0.986702188207 1.01002812026
1.04318637275e-07 0.00336395691243 0.986606900564 1.01012555122
1.04899799599e-07 0.00336108392904 0.986495608389 1.01023943924
1.05480961924e-07 0.00335783233122 0.986369912765 1.01036813797
1.06062124248e-07 0.0033545807334 0.986244217141 1.01049683669
1.06643286573e-07 0.00335132913557 0.986118521516 1.01062553542
1.07224448898e-07 0.00334795073175 0.985988006028 1.01075920087
1.07805611222e-07 0.0033436987451 0.985824285879 1.01092708267
1.08386773547e-07 0.00333944675844 0.98566056573 1.01109496448
1.08967935872e-07 0.00333519477179 0.98549684558 1.01126284628
1.09549098196e-07 0.00333094278514 0.985333125431 1.01143072809
1.10130260521e-07 0.00332554175208 0.985125783131 1.01164368339
1.10711422846e-07 0.00332005309729 0.984915114377 1.01186007582
1.1129258517e-07 0.00331456444249 0.984704445624 1.01207646824
1.11873747495e-07 0.0033090757877 0.98449377687 1.01229286067
1.1245490982e-07 0.00330219080668 0.984230182108 1.01256412521
1.13036072144e-07 0.00329519134652 0.983962248157 1.01283988849
1.13617234469e-07 0.00328819188636 0.983694314205 1.01311565177
1.14198396794e-07 0.0032810041774 0.983419259099 1.01339882865
1.14779559118e-07 0.00327217971439 0.983082288176 1.01374646409
1.15360721443e-07 0.00326335525139 0.982745317254 1.01409409954
1.15941883768e-07 0.00325453078838 0.982408346331 1.01444173498
1.16523046092e-07 0.00324470860616 0.982033725185 1.01482876291
1.17104208417e-07 0.00323370323136 0.981614454739 1.01526250627
1.17685370741e-07 0.00322269785657 0.981195184293 1.01569624963
1.18266533066e-07 0.00321169248177 0.980775913847 1.016129993
1.18847695391e-07 0.00319816132195 0.980261608848 1.01666376139
1.19428857715e-07 0.00318457640184 0.979745281078 1.01719965877
1.2001002004e-07 0.00317099148174 0.979228953308 1.01773555614
1.20591182365e-07 0.00315541102036 0.978637802542 1.01835075907
1.21172344689e-07 0.00313880489004 0.97800819423 1.01900672347
1.21753507014e-07 0.00312219875972 0.977378585917 1.01966268788
1.22334669339e-07 0.00310386021975 0.976684284926 1.02038778292
1.22915831663e-07 0.00308374862856 0.975923773594 1.02118363037
1.23496993988e-07 0.00306363703737 0.975163262262 1.02197947782
1.24078156313e-07 0.00304161776542 0.974331848875 1.02285180946
1.24659318637e-07 0.00301747509754 0.973421516028 1.02380927391
1.25240480962e-07 0.00299333242967 0.972511183181 1.02476673837
1.25821643287e-07 0.00296647367361 0.971500448464 1.02583368568
1.26402805611e-07 0.00293773494142 0.970420219271 1.02697641298
1.26983967936e-07 0.00290899620924 0.969339990078 1.02811914029
1.27565130261e-07 0.00287588630028 0.968099171814 1.0294391422
1.28146292585e-07 0.00284194988437 0.966827989191 1.03079266339
1.2872745491e-07 0.00280674637176 0.965510578923 1.03219792514
1.29308617234e-07 0.002766977459 0.9640266086 1.03378961016
1.29889779559e-07 0.00272720854625 0.962542638277 1.03538129519
1.30470941884e-07 0.00268280149417 0.960890769625 1.03716382511
1.31052104208e-07 0.00263653614549 0.959171631563 1.03902281812
1.31633266533e-07 0.00258793162962 0.957368548656 1.04097887739
1.32214428858e-07 0.00253448139233 0.955391569103 1.0431360151
1.32795591182e-07 0.00248066160236 0.953401454112 1.04530863092
1.33376753507e-07 0.00241931856925 0.951143931803 1.04779634557
1.33957915832e-07 0.00235797553614 0.948886409493 1.05028406021
1.34539078156e-07 0.00228911457436 0.946364466663 1.05308986135
1.35120240481e-07 0.00221915678288 0.943803946149 1.05594206978
1.35701402806e-07 0.00214173836962 0.940984016773 1.05911343292
1.3628256513e-07 0.00206243542978 0.93809856164 1.06236541342
1.36863727455e-07 0.00197487616105 0.93492958427 1.06597480347
1.3744488978e-07 0.0018854949998 0.931698043133 1.06966306173
1.38026052104e-07 0.00178605183097 0.928125584763 1.0737924707
1.38607214429e-07 0.00168437085118 0.924478029272 1.07802088495
1.39188376754e-07 0.00157265195768 0.920495242234 1.0826953995
1.39769539078e-07 0.00145591010932 0.916347269418 1.08759637267
1.40350701403e-07 0.00133195461764 0.911962067454 1.09282257107
1.40931863727e-07 0.00119804087541 0.907254693409 1.09850459039
1.41513026052e-07 0.00105836460795 0.902362441984 1.10445243105
1.42094188377e-07 0.00090789699942 0.897127060681 1.11090214498
1.42675350701e-07 0.000747289568756 0.891575095874 1.11783133236
1.43256513026e-07 0.000578320972711 0.885764614037 1.1251594132
1.43837675351e-07 0.000398805886192 0.87963109734 1.13299488893
1.44418837675e-07 0.000204982890749 0.873068020516 1.14153115001
1.45e-07 0 0.866164590224 1.15060775668
