-1.45e-07 -0.00156976312875 1.20474114024 0.829386083047
-1.44418837675e-07 -0.00183715277475 1.19233151707 0.838046433789
-1.43837675351e-07 -0.00208953012593 1.18063824218 0.846327533044
-1.43256513026e-07 -0.00232337159443 1.1698445531 0.854151381964
-1.42675350701e-07 -0.0025426937071 1.15973991063 0.861606638074
-1.42094188377e-07 -0.00274998998771 1.15019852057 0.868751403358
-1.41513026052e-07 -0.00294610756827 1.1411759389 0.875604210672
-1.40931863727e-07 -0.00312572957672 1.13290445668 0.882015686463
-1.40350701403e-07 -0.00329531666883 1.12508130053 0.888152181217
-1.39769539078e-07 -0.00345612286276 1.11764831146 0.894046380883
-1.39188376754e-07 -0.00360443762785 1.1107635068 0.899590510878
-1.38607214429e-07 -0.00374278006577 1.10430905376 0.904849224555
-1.38026052104e-07 -0.00387434334254 1.09814549039 0.909912505524
-1.3744488978e-07 -0.00399498195849 1.09244603403 0.914656896613
-1.36863727455e-07 -0.00410765187548 1.08708019119 0.919164366001
-1.3628256513e-07 -0.0042151670261 1.08192982908 0.923518279611
-1.35701402806e-07 -0.00431153537629 1.07723983624 0.927535053805
-1.35120240481e-07 -0.0044032465123 1.07273978768 0.931408705722
-1.34539078156e-07 -0.00448868263937 1.0684956651 0.935089518414
-1.33957915832e-07 -0.00456634192389 1.06456507376 0.93852777734
-1.33376753507e-07 -0.00464100181899 1.06075514891 0.941872227481
-1.32795591182e-07 -0.00470682459638 1.05729774761 0.944937254321
-1.32214428858e-07 -0.00476981827903 1.05395211904 0.947911688835
-1.31633266533e-07 -0.00482689651449 1.05084019973 0.950696700875
-1.31052104208e-07 -0.00487959549669 1.04789979382 0.953339839462
-1.30470941884e-07 -0.0049285944508 1.04510429946 0.955863109265
-1.29889779559e-07 -0.00497224228222 1.04251674554 0.958211157188
-1.29308617234e-07 -0.00501379487774 1.04001061085 0.960490596861
-1.2872745491e-07 -0.00504951278203 1.03772963131 0.962577102791
-1.28146292585e-07 -0.00508421958902 1.03548766905 0.964630175112
-1.27565130261e-07 -0.00511301260472 1.0334725162 0.966485947722
-1.26983967936e-07 -0.00514144195712 1.0314713108 0.968329587562
-1.26402805611e-07 -0.00516420550381 1.02968624594 0.969982666595
-1.25821643287e-07 -0.00518689374527 1.02790405384 0.971633212851
-1.25240480962e-07 -0.00520442053085 1.02631786441 0.973108889535
-1.24659318637e-07 -0.00522187238619 1.02473452039 0.974582027591
-1.24078156313e-07 -0.0052348595677 1.02332007178 0.975902908673
-1.23496993988e-07 -0.00524754863521 1.02191690061 0.977213623293
-1.22915831663e-07 -0.00525660514425 1.02065071971 0.978399732538
-1.22334669339e-07 -0.00526497450284 1.01941045249 0.979562270894
-1.21753507014e-07 -0.0052706284467 1.01827234058 0.980631181725
-1.21172344689e-07 -0.00527509137084 1.01717903545 0.981659026185
-1.20591182365e-07 -0.00527779742257 1.01615170835 0.98262601906
-1.2001002004e-07 -0.00527873819691 1.0151906749 0.983531869231
-1.19428857715e-07 -0.005278884891 1.01425942886 0.984410107554
-1.18847695391e-07 -0.00527665971589 1.01341715598 0.985205870973
-1.18266533066e-07 -0.00527443454079 1.0125748831 0.986001634392
-1.17685370741e-07 -0.0052695145495 1.01183364479 0.986703380414
-1.17104208417e-07 -0.00526445252778 1.01109773151 0.987400171244
-1.16523046092e-07 -0.00525788314261 1.0104183358 0.988044226125
-1.15941883768e-07 -0.00525028733757 1.00977742499 0.988652371134
-1.15360721443e-07 -0.00524227545128 1.00915212439 0.989245926274
-1.14779559118e-07 -0.00523242400524 1.00859583892 0.98977497734
-1.14198396794e-07 -0.00522257255921 1.00803955344 0.990304028405
-1.13617234469e-07 -0.00521128561845 1.00753718494 0.990782654324
-1.13036072144e-07 -0.00519943292127 1.00705606618 0.99124140671
-1.1245490982e-07 -0.00518724035675 1.00658773366 0.991688204665
-1.11873747495e-07 -0.0051736182532 1.00617318227 0.992084720281
-1.1129258517e-07 -0.00515999614966 1.00575863088 0.992481235898
-1.10711422846e-07 -0.00514542712523 1.00537977884 0.992844414761
-1.10130260521e-07 -0.00513024615052 1.0050239976 0.993186049654
-1.09549098196e-07 -0.00511506517581 1.00466821636 0.993527684547
-1.08967935872e-07 -0.00509856783324 1.00436218875 0.993822952364
-1.08386773547e-07 -0.00508201846596 1.00405812746 0.994116387689
-1.07805611222e-07 -0.00506516480889 1.00376560089 0.994399103025
-1.07224448898e-07 -0.00504741873102 1.0035069033 0.994650378788
-1.06643286573e-07 -0.00502967265315 1.00324820571 0.99490165455
-1.06062124248e-07 -0.00501142317405 1.00300865317 0.995135197803
-1.05480961924e-07 -0.0049926345281 1.00278960589 0.995349748689
-1.04899799599e-07 -0.00497384588215 1.00257055861 0.995564299574
-1.04318637275e-07 -0.00495447259842 1.00237382538 0.995758263411
-1.0373747495e-07 -0.0049347792323 1.00218930885 0.995940956078
-1.03156312625e-07 -0.00491508586618 1.00200479232 0.996123648745
-1.02575150301e-07 -0.00489481165689 1.00184252921 0.996285897942
-1.01993987976e-07 -0.00487433634789 1.00168797069 0.996441069193
-1.01412825651e-07 -0.0048538610389 1.00153341216 0.996596240444
-1.00831663327e-07 -0.00483286673918 1.00139881561 0.996733154863
-1.00250501002e-07 -0.00481171838895 1.00127014432 0.996864650158
-9.96693386774e-08 -0.00479057003872 1.00114147302 0.996996145454
-9.90881763527e-08 -0.00476900088458 1.00102905129 0.997112844422
-9.85070140281e-08 -0.00474727567803 1.00092265561 0.997224056268
-9.79258517034e-08 -0.00472555047149 1.00081625992 0.997335268114
-9.73446893788e-08 -0.00470352189262 1.00072162427 0.99743581475
-9.67635270541e-08 -0.00468130441443 1.00063431118 0.997529720533
-9.61823647295e-08 -0.00465908693623 1.00054699809 0.997623626316
-9.56012024048e-08 -0.00463668970543 1.00046667786 0.997711211004
-9.50200400802e-08 -0.0046140540087 1.00039563459 0.997790409914
-9.44388777555e-08 -0.00459141831198 1.00032459132 0.997869608823
-9.38577154309e-08 -0.00456872306959 1.00025587161 0.997946711619
-9.32765531062e-08 -0.00454573369229 1.00019862948 0.998013460342
-9.26953907816e-08 -0.00452274431498 1.00014138736 0.998080209065
-9.21142284569e-08 -0.00449975493768 1.00008414524 0.998146957788
-9.15330661323e-08 -0.00447651842129 1.00003656856 0.998204988245
-9.09519038076e-08 -0.0044532313468 0.999990969185 0.998261235176
-9.0370741483e-08 -0.00442994427231 0.999945369807 0.998317482107
-8.97895791583e-08 -0.0044065541029 0.99990380673 0.998370078814
-8.92084168337e-08 -0.00438301766216 0.999867970364 0.998417496574
-8.8627254509e-08 -0.00435948122142 0.999832133999 0.998464914334
-8.80460921844e-08 -0.00433594478068 0.999796297633 0.998512332093
-8.74649298597e-08 -0.00431221789358 0.999767913089 0.998552967809
-8.68837675351e-08 -0.004288473607 0.999740209354 0.998592983906
-8.63026052104e-08 -0.00426472932043 0.99971250562 0.998633000003
-8.57214428858e-08 -0.00424092697529 0.999687067061 0.998670930779
-8.51402805611e-08 -0.00421701033358 0.999666087824 0.998704756303
-8.45591182365e-08 -0.00419309369187 0.999645108588 0.998738581828
-8.39779559118e-08 -0.00416917705017 0.999624129351 0.998772407352
-8.33967935872e-08 -0.00414516469742 0.999606861909 0.998802752962
-8.28156312625e-08 -0.00412110588123 0.999591396377 0.998831409229
-8.22344689379e-08 -0.00409704706504 0.999575930845 0.998860065495
-8.16533066132e-08 -0.00407298824885 0.999560465313 0.998888721762
-8.10721442886e-08 -0.0040488217316 0.999549133936 0.998913395584
-8.04909819639e-08 -0.00402464627056 0.99953814587 0.998937738692
-7.99098196393e-08 -0.00400047080951 0.999527157804 0.9989620818
-7.93286573146e-08 -0.00397628723871 0.999516476096 0.998986118144
-7.874749499e-08 -0.00395201661122 0.999509083079 0.999006861435
-7.81663326653e-08 -0.00392774598373 0.999501690062 0.999027604725
-7.75851703407e-08 -0.00390347535624 0.999494297045 0.999048348016
-7.7004008016e-08 -0.00387919262474 0.999487350527 0.999068619539
-7.64228456914e-08 -0.0038548448003 0.999482805191 0.999086353987
-7.58416833667e-08 -0.00383049697587 0.999478259854 0.999104088434
-7.52605210421e-08 -0.00380614915144 0.999473714518 0.999121822881
-7.46793587174e-08 -0.0037817928654 0.999469470739 0.999139214526
-7.40981963928e-08 -0.00375738279191 0.999467143852 0.999154427095
-7.35170340681e-08 -0.00373297271842 0.999464816966 0.999169639664
-7.29358717435e-08 -0.00370856264493 0.999462490079 0.999184852233
-7.23547094188e-08 -0.00368415155103 0.999460197805 0.999200021388
-7.17735470942e-08 -0.00365969158964 0.999459563111 0.999213111433
-7.11923847695e-08 -0.00363523162826 0.999458928418 0.999226201478
-7.06112224449e-08 -0.00361077166688 0.999458293724 0.999239291523
-7.00300601202e-08 -0.0035863117055 0.99945765903 0.999252381567
-6.94488977956e-08 -0.00356181963872 0.999458038852 0.999264019995
-6.88677354709e-08 -0.00353731994959 0.999458659536 0.999275313784
-6.82865731463e-08 -0.00351282026046 0.99945928022 0.999286607574
-6.77054108216e-08 -0.00348832057133 0.999459900903 0.999297901363
-6.7124248497e-08 -0.00346380527157 0.999460966615 0.999308435044
-6.65430861723e-08 -0.00343927415352 0.999462483274 0.999318198505
-6.59619238477e-08 -0.00341474303546 0.999463999933 0.999327961966
-6.5380761523e-08 -0.00339021191741 0.999465516592 0.999337725426
-6.47995991984e-08 -0.00336567872986 0.999467083814 0.999347378795
-6.42184368737e-08 -0.00334112291763 0.999469203812 0.999355828591
-6.36372745491e-08 -0.0033165671054 0.999471323809 0.999364278386
-6.30561122244e-08 -0.00329201129317 0.999473443807 0.999372728182
-6.24749498998e-08 -0.00326745548094 0.999475563805 0.999381177977
-6.18937875752e-08 -0.00324288874392 0.999477892525 0.999388983158
-6.13126252505e-08 -0.00321831366647 0.999480380594 0.999396296214
-6.07314629259e-08 -0.00319373858902 0.999482868662 0.99940360927
-6.01503006012e-08 -0.00316916351156 0.99948535673 0.999410922326
-5.95691382766e-08 -0.00314458843411 0.999487844798 0.999418235382
-5.89879759519e-08 -0.00311999927209 0.999490504594 0.999424612446
-5.84068136273e-08 -0.00309540927547 0.999493174565 0.999430934048
-5.78256513026e-08 -0.00307081927885 0.999495844536 0.999437255649
-5.7244488978e-08 -0.00304622928223 0.999498514507 0.999443577251
-5.66633266533e-08 -0.00302163685205 0.999501192453 0.99944971397
-5.60821643287e-08 -0.0029970353904 0.999503899996 0.999455164552
-5.5501002004e-08 -0.00297243392875 0.999506607539 0.999460615135
-5.49198396794e-08 -0.00294783246711 0.999509315082 0.999466065718
-5.43386773547e-08 -0.00292323100546 0.999512022626 0.9994715163
-5.37575150301e-08 -0.00289862631762 0.999514703854 0.999476682728
-5.31763527054e-08 -0.00287401611567 0.999517340105 0.999481363488
-5.25951903808e-08 -0.00284940591372 0.999519976357 0.999486044248
-5.20140280561e-08 -0.00282479571177 0.999522612608 0.999490725009
-5.14328657315e-08 -0.00280018550982 0.99952524886 0.999495405769
-5.08517034068e-08 -0.0027755725854 0.999527823196 0.999499804998
-5.02705410822e-08 -0.00275095577569 0.999530309171 0.999503802446
-4.96893787575e-08 -0.00272633896599 0.999532795145 0.999507799894
-4.91082164329e-08 -0.00270172215628 0.99953528112 0.999511797343
-4.85270541082e-08 -0.00267710534657 0.999537767095 0.999515794791
-4.79458917836e-08 -0.0026524868617 0.999540183969 0.999519586622
-4.73647294589e-08 -0.00262786509966 0.999542465658 0.999522976199
-4.67835671343e-08 -0.00260324333761 0.999544747347 0.999526365775
-4.62024048096e-08 -0.00257862157557 0.999547029036 0.999529755351
-4.5621242485e-08 -0.00255399981353 0.999549310725 0.999533144927
-4.50400801603e-08 -0.00252937751772 0.99955155793 0.999536456039
-4.44589178357e-08 -0.00250475207739 0.999553601991 0.999539304903
-4.3877755511e-08 -0.00248012663705 0.999555646051 0.999542153766
-4.32965931864e-08 -0.00245550119672 0.999557690111 0.99954500263
-4.27154308617e-08 -0.00243087575639 0.999559734171 0.999547851494
-4.21342685371e-08 -0.00240625031606 0.999561778231 0.999550700358
-4.15531062124e-08 -0.00238162262988 0.999563611444 0.999553151136
-4.09719438878e-08 -0.00235699448297 0.999565401401 0.999555520245
-4.03907815631e-08 -0.00233236633605 0.999567191358 0.999557889354
-3.98096192385e-08 -0.00230773818913 0.999568981315 0.999560258463
-3.92284569138e-08 -0.00228311004221 0.999570771272 0.999562627573
-3.86472945892e-08 -0.00225848112731 0.999572461141 0.999564831779
-3.80661322645e-08 -0.00223385100792 0.999573994034 0.999566777354
-3.74849699399e-08 -0.00220922088853 0.999575526926 0.999568722929
-3.69038076152e-08 -0.00218459076914 0.999577059819 0.999570668504
-3.63226452906e-08 -0.00215996064975 0.999578592711 0.999572614079
-3.57414829659e-08 -0.00213533053036 0.999580125604 0.999574559655
-3.51603206413e-08 -0.00211069924254 0.999581453682 0.999576200585
-3.45791583166e-08 -0.00208606769982 0.999582737079 0.999577775056
-3.3997995992e-08 -0.0020614361571 0.999584020477 0.999579349527
-3.34168336673e-08 -0.00203680461438 0.999585303874 0.999580923998
-3.28356713427e-08 -0.00201217307166 0.999586587272 0.999582498469
-3.2254509018e-08 -0.00198754140546 0.999587842245 0.999584033841
-3.16733466934e-08 -0.00196290884597 0.99958889159 0.999585286363
-3.10921843687e-08 -0.00193827628648 0.999589940935 0.999586538884
-3.05110220441e-08 -0.001913643727 0.99959099028 0.999587791406
-2.99298597194e-08 -0.00188901116751 0.999592039625 0.999589043927
-2.93486973948e-08 -0.00186437860803 0.99959308897 0.999590296449
-2.87675350701e-08 -0.0018397458416 0.999594076966 0.999591469545
-2.81863727455e-08 -0.00181511256322 0.999594913189 0.999592446154
-2.76052104208e-08 -0.00179047928484 0.999595749413 0.999593422763
-2.70240480962e-08 -0.00176584600646 0.999596585636 0.999594399372
-2.64428857715e-08 -0.00174121272808 0.999597421859 0.99959537598
-2.58617234469e-08 -0.00171657944971 0.999598258083 0.999596352589
-2.52805611222e-08 -0.00169194601191 0.999599034436 0.999597255296
-2.46993987976e-08 -0.00166731223066 0.9995996818 0.999597998782
-2.41182364729e-08 -0.0016426784494 0.999600329164 0.999598742269
-2.35370741483e-08 -0.00161804466815 0.999600976528 0.999599485755
-2.29559118236e-08 -0.00159341088689 0.999601623891 0.999600229242
-2.2374749499e-08 -0.00156877710564 0.999602271255 0.999600972729
-2.17935871743e-08 -0.00154414325289 0.99960288505 0.999601676331
-2.12124248497e-08 -0.00151950912401 0.999603369187 0.999602225879
-2.0631262525e-08 -0.00149487499514 0.999603853324 0.999602775427
-2.00501002004e-08 -0.00147024086626 0.99960433746 0.999603324975
-1.94689378758e-08 -0.00144560673739 0.999604821597 0.999603874524
-1.88877755511e-08 -0.00142097260851 0.999605305734 0.999604424072
-1.83066132265e-08 -0.00139633847963 0.99960578987 0.99960497362
-1.77254509018e-08 -0.00137170412578 0.99960614281 0.999605372133
-1.71442885772e-08 -0.00134706976022 0.999606488917 0.99960576278
-1.65631262525e-08 -0.00132243539466 0.999606835024 0.999606153427
-1.59819639279e-08 -0.00129780102909 0.999607181131 0.999606544074
-1.54008016032e-08 -0.00127316666353 0.999607527237 0.999606934721
-1.48196392786e-08 -0.00124853229796 0.999607873344 0.999607325369
-1.42384769539e-08 -0.00122389784618 0.999608156444 0.999607645474
-1.36573146293e-08 -0.00119926332333 0.999608387604 0.999607907429
-1.30761523046e-08 -0.00117462880048 0.999608618765 0.999608169384
-1.249498998e-08 -0.00114999427763 0.999608849926 0.999608431339
-1.19138276553e-08 -0.00112535975478 0.999609081087 0.999608693294
-1.13326653307e-08 -0.00110072523193 0.999609312247 0.999608955249
-1.0751503006e-08 -0.00107609070908 0.999609543408 0.999609217204
-1.01703406814e-08 -0.00105145608727 0.999609679472 0.99960937557
-9.58917835671e-09 -0.00102682146498 0.999609815072 0.99960953343
-9.00801603206e-09 -0.00100218684269 0.999609950672 0.999609691291
-8.42685370741e-09 -0.000977552220398 0.999610086272 0.999609849151
-7.84569138277e-09 -0.000952917598106 0.999610221872 0.999610007011
-7.26452905812e-09 -0.000928282975815 0.999610357473 0.999610164871
-6.68336673347e-09 -0.000903648337636 0.999610469636 0.999610297977
-6.10220440882e-09 -0.00087901366017 0.999610523842 0.999610369869
-5.52104208417e-09 -0.000854378982704 0.999610578048 0.999610441761
-4.93987975952e-09 -0.000829744305237 0.999610632254 0.999610513653
-4.35871743487e-09 -0.000805109627771 0.99961068646 0.999610585544
-3.77755511022e-09 -0.000780474950305 0.999610740666 0.999610657436
-3.19639278557e-09 -0.000755840272838 0.999610794872 0.999610729328
-2.61523046092e-09 -0.000731205587895 0.999610817811 0.999610769414
-2.03406813627e-09 -0.000706570892748 0.999610798082 0.999610766097
-1.45290581162e-09 -0.000681936197601 0.999610778354 0.999610762781
-8.71743486974e-10 -0.000657301502454 0.999610758626 0.999610759465
-2.90581162324e-10 -0.000632666807307 0.999610738898 0.999610756149
2.90581162325e-10 -0.00060803211216 0.999610719169 0.999610752833
8.71743486974e-10 -0.000583397417013 0.999610699441 0.999610749517
1.45290581162e-09 -0.00055876272964 0.99961065012 0.999610717385
2.03406813627e-09 -0.000534128054109 0.999610555725 0.999610641363
2.61523046092e-09 -0.000509493378578 0.999610461331 0.999610565341
3.19639278557e-09 -0.000484858703046 0.999610366936 0.999610489319
3.77755511022e-09 -0.000460224027515 0.999610272541 0.999610413297
4.35871743487e-09 -0.000435589351984 0.999610178147 0.999610337275
4.93987975952e-09 -0.000410954676453 0.999610083752 0.999610261253
5.52104208417e-09 -0.000386320014067 0.99960997196 0.999610169024
6.10220440882e-09 -0.000361685402842 0.999609792459 0.999610013722
6.68336673347e-09 -0.000337050791617 0.999609612957 0.99960985842
7.26452905812e-09 -0.000312416180391 0.999609433456 0.999609703118
7.84569138277e-09 -0.000287781569166 0.999609253955 0.999609547816
8.42685370742e-09 -0.000263146957941 0.999609074454 0.999609392514
9.00801603206e-09 -0.000238512346716 0.999608894953 0.999609237211
9.58917835671e-09 -0.00021387773549 0.999608715452 0.999609081909
1.01703406814e-08 -0.000189243231232 0.99960844586 0.999608846015
1.0751503006e-08 -0.000164608746854 0.999608159524 0.999608595142
1.13326653307e-08 -0.000139974262475 0.999607873189 0.999608344269
1.19138276553e-08 -0.000115339778097 0.999607586853 0.999608093396
1.249498998e-08 -9.07052937185e-05 0.999607300518 0.999607842524
1.30761523046e-08 -6.60708093401e-05 0.999607014182 0.999607591651
1.36573146293e-08 -4.14363249617e-05 0.999606727847 0.999607340778
1.42384769539e-08 -1.68019096333e-05 0.999606397787 0.999607052264
1.48196392786e-08 7.83235122125e-06 0.999605969907 0.999606679541
1.54008016032e-08 3.24666120758e-05 0.999605542028 0.999606306818
1.59819639279e-08 5.71008729303e-05 0.999605114149 0.999605934095
1.65631262525e-08 8.17351337848e-05 0.99960468627 0.999605561372
1.71442885772e-08 0.000106369394639 0.999604258391 0.999605188649
1.77254509018e-08 0.000131003655494 0.999603830512 0.999604815927
1.83066132265e-08 0.000155637916348 0.999603402633 0.999604443204
1.88877755511e-08 0.00018027194938 0.999602860608 0.999603976281
1.94689378758e-08 0.00020490582879 0.999602241613 0.999603445839
2.00501002004e-08 0.0002295397082 0.999601622618 0.999602915398
2.06312625251e-08 0.00025417358761 0.999601003624 0.999602384956
2.12124248497e-08 0.00027880746702 0.999600384629 0.999601854514
2.17935871743e-08 0.00030344134643 0.999599765634 0.999601324073
2.2374749499e-08 0.000328075225839 0.99959914664 0.999600793631
2.29559118236e-08 0.000352709105249 0.999598527645 0.999600263189
2.35370741483e-08 0.000377342528945 0.999597727147 0.999599590802
2.41182364729e-08 0.000401975761168 0.999596850387 0.999598858774
2.46993987976e-08 0.000426608993391 0.999595973628 0.999598126746
2.52805611222e-08 0.000451242225614 0.999595096869 0.999597394719
2.58617234469e-08 0.000475875457837 0.99959422011 0.999596662691
2.64428857715e-08 0.00050050869006 0.99959334335 0.999595930664
2.70240480962e-08 0.000525141922283 0.999592466591 0.999595198636
2.76052104208e-08 0.000549775154506 0.999591589832 0.999594466608
2.81863727455e-08 0.000574407697615 0.999590497761 0.999593578377
2.87675350701e-08 0.000599039827778 0.999589276668 0.999592596542
2.93486973948e-08 0.00062367195794 0.999588055574 0.999591614708
2.99298597194e-08 0.000648304088103 0.999586834481 0.999590632873
3.05110220441e-08 0.000672936218266 0.999585613387 0.999589651038
3.10921843687e-08 0.000697568348429 0.999584392293 0.999588669203
3.16733466934e-08 0.000722200478592 0.9995831712 0.999587687368
3.2254509018e-08 0.000746832608755 0.999581950106 0.999586705533
3.28356713427e-08 0.000771464065649 0.999580566906 0.999585618491
3.34168336673e-08 0.000796094306428 0.999578890896 0.999584341414
3.3997995992e-08 0.000820724547208 0.999577214886 0.999583064338
3.45791583166e-08 0.000845354787988 0.999575538876 0.999581787261
3.51603206413e-08 0.000869985028768 0.999573862866 0.999580510184
3.57414829659e-08 0.000894615269548 0.999572186856 0.999579233107
3.63226452906e-08 0.000919245510327 0.999570510846 0.999577956031
3.69038076152e-08 0.000943875751107 0.999568834837 0.999576678954
3.74849699399e-08 0.000968505991887 0.999567158827 0.999575401877
3.80661322645e-08 0.00099313331869 0.999564950588 0.999573834798
3.86472945892e-08 0.00101776029566 0.999562678452 0.999572232902
3.92284569138e-08 0.00104238727262 0.999560406317 0.999570631006
3.98096192385e-08 0.00106701424959 0.999558134181 0.999569029111
4.03907815631e-08 0.00109164122656 0.999555862046 0.999567427215
4.09719438878e-08 0.00111626820352 0.99955358991 0.999565825319
4.15531062124e-08 0.00114089518049 0.999551317775 0.999564223423
4.21342685371e-08 0.00116552215746 0.999549045639 0.999562621528
4.27154308617e-08 0.00119014782696 0.999546594075 0.999560947053
4.32965931864e-08 0.00121476912246 0.999543542246 0.999559029774
4.3877755511e-08 0.00123939041797 0.999540490417 0.999557112494
4.44589178357e-08 0.00126401171347 0.999537438588 0.999555195215
4.50400801603e-08 0.00128863300897 0.999534386759 0.999553277935
4.5621242485e-08 0.00131325430448 0.999531334931 0.999551360656
4.62024048096e-08 0.00133787559998 0.999528283102 0.999549443376
4.67835671343e-08 0.00136249689548 0.999525231273 0.999547526097
4.73647294589e-08 0.00138711819099 0.999522179444 0.999545608817
4.79458917836e-08 0.00141173586273 0.999518753955 0.999543609187
4.85270541082e-08 0.00143634719192 0.99951467446 0.999541465422
4.91082164329e-08 0.00146095852111 0.999510594965 0.999539321656
4.96893787575e-08 0.0014855698503 0.99950651547 0.99953717789
5.02705410822e-08 0.00151018117949 0.999502435976 0.999535034125
5.08517034068e-08 0.00153479250868 0.999498356481 0.999532890359
5.14328657315e-08 0.00155940383787 0.999494276986 0.999530746594
5.20140280561e-08 0.00158401516706 0.999490197491 0.999528602828
5.25951903808e-08 0.00160862649625 0.999486117996 0.999526459062
5.31763527054e-08 0.00163323274303 0.99948163968 0.999524318865
5.37575150301e-08 0.00165782645159 0.999476177478 0.999522187472
5.43386773547e-08 0.00168242016015 0.999470715276 0.999520056079
5.49198396794e-08 0.00170701386871 0.999465253074 0.999517924686
5.5501002004e-08 0.00173160757727 0.999459790873 0.999515793293
5.60821643287e-08 0.00175620128582 0.999454328671 0.9995136619
5.66633266533e-08 0.00178079499438 0.999448866469 0.999511530506
5.7244488978e-08 0.00180538870294 0.999443404267 0.999509399113
5.78256513026e-08 0.0018299824115 0.999437942066 0.99950726772
5.84068136273e-08 0.00185457612006 0.999432479864 0.999505136327
5.89879759519e-08 0.00187913842693 0.999425089836 0.99950352955
5.95691382766e-08 0.00190370072505 0.99941769927 0.99950192292
6.01503006012e-08 0.00192826302317 0.999410308705 0.999500316289
6.07314629259e-08 0.00195282532128 0.99940291814 0.999498709659
6.13126252505e-08 0.0019773876194 0.999395527575 0.999497103028
6.18937875752e-08 0.00200194991752 0.999388137009 0.999495496398
6.24749498998e-08 0.00202651221564 0.999380746444 0.999493889768
6.30561122244e-08 0.00205107451376 0.999373355879 0.999492283137
6.36372745491e-08 0.00207563681188 0.999365965314 0.999490676507
6.42184368737e-08 0.00210017129659 0.999357181734 0.999489823174
6.47995991984e-08 0.00212467711329 0.999346962339 0.999489746284
6.5380761523e-08 0.00214918293 0.999336742943 0.999489669394
6.59619238477e-08 0.00217368874671 0.999326523548 0.999489592505
6.65430861723e-08 0.00219819456342 0.999316304153 0.999489515615
6.7124248497e-08 0.00222270038013 0.999306084757 0.999489438725
6.77054108216e-08 0.00224720619683 0.999295865362 0.999489361836
6.82865731463e-08 0.00227171201354 0.999285645967 0.999489284946
6.88677354709e-08 0.00229621783025 0.999275426571 0.999489208056
6.94488977956e-08 0.00232072364696 0.999265207176 0.999489131166
7.00300601202e-08 0.00234515140956 0.999251632232 0.999491659532
7.06112224449e-08 0.00236955471667 0.999237005944 0.999495004163
7.11923847695e-08 0.00239395802377 0.999222379657 0.999498348794
7.17735470942e-08 0.00241836133087 0.99920775337 0.999501693425
7.23547094188e-08 0.00244276463797 0.999193127082 0.999505038057
7.29358717435e-08 0.00246716794507 0.999178500795 0.999508382688
7.35170340681e-08 0.00249157125217 0.999163874508 0.999511727319
7.40981963928e-08 0.00251597455928 0.99914924822 0.99951507195
7.46793587174e-08 0.00254037786638 0.999134621933 0.999518416581
7.52605210421e-08 0.00256478117348 0.999119995646 0.999521761212
7.58416833667e-08 0.00258903389417 0.999099521104 0.999530653443
7.64228456914e-08 0.00261324930855 0.999077597714 0.999540920037
7.7004008016e-08 0.00263746472293 0.999055674324 0.999551186632
7.75851703407e-08 0.00266168013731 0.999033750935 0.999561453227
7.81663326653e-08 0.00268589555169 0.999011827545 0.999571719821
7.874749499e-08 0.00271011096607 0.998989904155 0.999581986416
7.93286573146e-08 0.00273432638045 0.998967980766 0.99959225301
7.99098196393e-08 0.00275854179483 0.998946057376 0.999602519605
8.04909819639e-08 0.00278275720921 0.998924133986 0.9996127862
8.10721442886e-08 0.00280697262358 0.998902210596 0.999623052794
8.16533066132e-08 0.00283097676183 0.998872547948 0.999641440912
8.22344689379e-08 0.00285484416576 0.998837876583 0.99966508514
8.28156312625e-08 0.00287871156969 0.998803205218 0.999688729368
8.33967935872e-08 0.00290257897362 0.998768533853 0.999712373597
8.39779559118e-08 0.00292644637756 0.998733862489 0.999736017825
8.45591182365e-08 0.00295031378149 0.998699191124 0.999759662053
8.51402805611e-08 0.00297418118542 0.998664519759 0.999783306282
8.57214428858e-08 0.00299804858935 0.998629848394 0.99980695051
8.63026052104e-08 0.00302191599328 0.998595177029 0.999830594739
8.68837675351e-08 0.00304578339721 0.998560505665 0.999854238967
8.74649298597e-08 0.00306953814871 0.998521820268 0.999882265011
8.80460921844e-08 0.00309275386193 0.998463927857 0.999931257899
8.8627254509e-08 0.00311596957516 0.998406035446 0.999980250787
8.92084168337e-08 0.00313918528838 0.998348143035 1.00002924368
8.97895791583e-08 0.00316240100161 0.998290250624 1.00007823656
9.0370741483e-08 0.00318561671483 0.998232358213 1.00012722945
9.09519038076e-08 0.00320883242806 0.998174465802 1.00017622234
9.15330661323e-08 0.00323204814129 0.998116573391 1.00022521523
9.21142284569e-08 0.00325526385451 0.998058680981 1.00027420812
9.26953907816e-08 0.00327847956774 0.99800078857 1.000323201
9.32765531062e-08 0.00330169528096 0.997942896159 1.00037219389
9.38577154309e-08 0.00332430230708 0.99786351287 1.00044475566
9.44388777555e-08 0.003346283607 0.997762037105 1.00054154608
9.50200400802e-08 0.00336826490693 0.99766056134 1.0006383365
9.56012024048e-08 0.00339024620686 0.997559085575 1.00073512692
9.61823647295e-08 0.00341222750679 0.99745760981 1.00083191734
9.67635270541e-08 0.00343420880672 0.997356134045 1.00092870776
9.73446893788e-08 0.00345619010665 0.99725465828 1.00102549817
9.79258517034e-08 0.00347817140658 0.997153182515 1.00112228859
9.85070140281e-08 0.00350015270651 0.99705170675 1.00121907901
9.90881763527e-08 0.00352213400644 0.996950230985 1.00131586943
9.96693386774e-08 0.00354411530637 0.99684875522 1.00141265985
1.00250501002e-07 0.00356476681939 0.996700359146 1.00156033656
1.00831663327e-07 0.00358438207278 0.996515399604 1.00174766729
1.01412825651e-07 0.00360399732618 0.996330440061 1.00193499802
1.01993987976e-07 0.00362361257957 0.996145480518 1.00212232875
1.02575150301e-07 0.00364322783296 0.995960520975 1.00230965949
1.03156312625e-07 0.00366284308635 0.995775561432 1.00249699022
1.0373747495e-07 0.00368245833975 0.99559060189 1.00268432095
1.04318637275e-07 0.00370207359314 0.995405642347 1.00287165168
1.04899799599e-07 0.00372168884653 0.995220682804 1.00305898242
1.05480961924e-07 0.00374130409992 0.995035723261 1.00324631315
1.06062124248e-07 0.00376091935332 0.994850763718 1.00343364388
1.06643286573e-07 0.00377881888988 0.994605236914 1.00368579693
1.07224448898e-07 0.00379384348079 0.994258220408 1.00404656965
1.07805611222e-07 0.0038088680717 0.993911203903 1.00440734238
1.08386773547e-07 0.0038238926626 0.993564187398 1.00476811511
1.08967935872e-07 0.00383891725351 0.993217170892 1.00512888784
1.09549098196e-07 0.00385394184441 0.992870154387 1.00548966057
1.10130260521e-07 0.00386896643532 0.992523137882 1.0058504333
1.10711422846e-07 0.00388399102623 0.992176121376 1.00621120602
1.1129258517e-07 0.00389901561713 0.991829104871 1.00657197875
1.11873747495e-07 0.00391404020804 0.991482088366 1.00693275148
1.1245490982e-07 0.00392906479895 0.99113507186 1.00729352421
1.13036072144e-07 0.00394408938985 0.990788055355 1.00765429694
1.13617234469e-07 0.00395079723593 0.990148700759 1.00832665364
1.14198396794e-07 0.0039568032591 0.989484676708 1.00902530389
1.14779559118e-07 0.00396280928228 0.988820652657 1.00972395414
1.15360721443e-07 0.00396881530546 0.988156628606 1.0104226044
1.15941883768e-07 0.00397482132863 0.987492604555 1.01112125465
1.16523046092e-07 0.00398082735181 0.986828580504 1.0118199049
1.17104208417e-07 0.00398683337498 0.986164556452 1.01251855515
1.17685370741e-07 0.00399283939816 0.985500532401 1.01321720541
1.18266533066e-07 0.00399884542133 0.98483650835 1.01391585566
1.18847695391e-07 0.00400485144451 0.984172484299 1.01461450591
1.19428857715e-07 0.00401085746768 0.983508460248 1.01531315617
1.2001002004e-07 0.00401325406845 0.982719522814 1.01614731164
1.20591182365e-07 0.00400131642153 0.981434511722 1.01751960455
1.21172344689e-07 0.00398937877461 0.980149500631 1.01889189746
1.21753507014e-07 0.00397744112768 0.97886448954 1.02026419037
1.22334669339e-07 0.00396550348076 0.977579478449 1.02163648328
1.22915831663e-07 0.00395356583384 0.976294467357 1.02300877619
1.23496993988e-07 0.00394162818692 0.975009456266 1.02438106911
1.24078156313e-07 0.00392969053999 0.973724445175 1.02575336202
1.24659318637e-07 0.00391775289307 0.972439434084 1.02712565493
1.25240480962e-07 0.00390581524615 0.971154422993 1.02849794784
1.25821643287e-07 0.00389387759923 0.969869411901 1.02987024075
1.26402805611e-07 0.0038819399523 0.96858440081 1.03124253366
1.26983967936e-07 0.00386261301881 0.967053043506 1.03289856288
1.27565130261e-07 0.00381450974604 0.964562332123 1.03565955561
1.28146292585e-07 0.00376640647327 0.962071620741 1.03842054835
1.2872745491e-07 0.00371830320051 0.959580909358 1.04118154109
1.29308617234e-07 0.00367019992774 0.957090197976 1.04394253382
1.29889779559e-07 0.00362209665497 0.954599486593 1.04670352656
1.30470941884e-07 0.0035739933822 0.95210877521 1.0494645193
1.31052104208e-07 0.00352589010943 0.949618063828 1.05222551203
1.31633266533e-07 0.00347778683666 0.947127352445 1.05498650477
1.32214428858e-07 0.0034296835639 0.944636641063 1.05774749751
1.32795591182e-07 0.00338158029113 0.94214592968 1.06050849024
1.33376753507e-07 0.00333347701836 0.939655218298 1.06326948298
1.33957915832e-07 0.00328537374559 0.937164506915 1.06603047571
1.34539078156e-07 0.00316892726724 0.93257095996 1.07158493864
1.35120240481e-07 0.00304695423387 0.92780736777 1.07736529478
1.35701402806e-07 0.0029249812005 0.92304377558 1.08314565092
1.3628256513e-07 0.00280300816713 0.918280183389 1.08892600706
1.36863727455e-07 0.00268103513376 0.913516591199 1.0947063632
1.3744488978e-07 0.00255906210039 0.908752999009 1.10048671935
1.38026052104e-07 0.00243708906703 0.903989406818 1.10626707549
1.38607214429e-07 0.00231511603366 0.899225814628 1.11204743163
1.39188376754e-07 0.00219314300029 0.894462222438 1.11782778777
1.39769539078e-07 0.00207116996692 0.889698630248 1.12360814391
1.40350701403e-07 0.00194919693355 0.884935038057 1.12938850006
1.40931863727e-07 0.00182722390018 0.880171445867 1.1351688562
1.41513026052e-07 0.00165056924925 0.873886141416 1.14336257315
1.42094188377e-07 0.00137547437437 0.864861384432 1.1559009271
1.42675350701e-07 0.0011003794995 0.855836627447 1.16843928105
1.43256513026e-07 0.000825284624624 0.846811870463 1.18097763499
1.43837675351e-07 0.000550189749749 0.837787113479 1.19351598894
1.44418837675e-07 0.000275094874874 0.828762356495 1.20605434289
1.45e-07 0 0.819737599511 1.21859269684
