-1.45e-07 0 	0 	473352.958052 	
-1.44418837675e-07 0 	0 	445104.420333 	
-1.43837675351e-07 0 	0 	417668.936707 	
-1.43256513026e-07 0 	0 	392070.742876 	
-1.42675350701e-07 0 	0 	367910.275496 	
-1.42094188377e-07 0 	0 	344940.030409 	
-1.41513026052e-07 0 	0 	323075.793496 	
-1.40931863727e-07 0 	0 	302842.641336 	
-1.40350701403e-07 0 	0 	283601.277232 	
-1.39769539078e-07 0 	0 	265227.674344 	
-1.39188376754e-07 0 	0 	248088.239875 	
-1.38607214429e-07 0 	0 	231933.884022 	
-1.38026052104e-07 0 	0 	216449.160061 	
-1.3744488978e-07 0 	0 	202043.490674 	
-1.36863727455e-07 0 	0 	188424.917105 	
-1.3628256513e-07 0 	0 	175315.503265 	
-1.35701402806e-07 0 	0 	163307.207629 	
-1.35120240481e-07 0 	0 	151759.04975 	
-1.34539078156e-07 0 	0 	140830.869487 	
-1.33957915832e-07 0 	0 	130671.24144 	
-1.33376753507e-07 0 	0 	120808.048908 	
-1.32795591182e-07 0 	0 	111818.46333 	
-1.32214428858e-07 0 	0 	103108.654855 	
-1.31633266533e-07 0 	0 	94983.8415164 	
-1.31052104208e-07 0 	0 	87292.2846998 	
-1.30470941884e-07 0 	0 	79966.7860231 	
-1.29889779559e-07 0 	0 	73170.9375056 	
-1.29308617234e-07 0 	0 	66582.4738855 	
-1.2872745491e-07 0 	0 	60571.8108486 	
-1.28146292585e-07 0 	0 	54661.2752383 	
-1.27565130261e-07 0 	0 	49336.6848521 	
-1.26983967936e-07 0 	0 	44048.1266428 	
-1.26402805611e-07 0 	0 	39321.2591063 	
-1.25821643287e-07 0 	0 	34601.8570993 	
-1.25240480962e-07 0 	0 	30394.4488446 	
-1.24659318637e-07 0 	0 	26194.4733393 	
-1.24078156313e-07 0 	0 	22437.6476119 	
-1.23496993988e-07 0 	0 	18710.4117621 	
-1.22915831663e-07 0 	0 	15343.9642408 	
-1.22334669339e-07 0 	0 	12045.7649977 	
-1.21753507014e-07 0 	0 	9017.44238145 	
-1.21172344689e-07 0 	0 	6107.4915117 	
-1.20591182365e-07 0 	0 	3372.27100265 	
-1.2001002004e-07 0 	0 	812.616775278 	
-1.19428857715e-07 0 	0 	-1668.00577404 	
-1.18847695391e-07 0 	0 	-3912.56552883 	
-1.18266533066e-07 0 	0 	-6157.12528362 	
-1.17685370741e-07 0 	0 	-8133.28401474 	
-1.17104208417e-07 0 	0 	-10095.2966559 	
-1.16523046092e-07 0 	0 	-11907.0640078 	
-1.15941883768e-07 0 	0 	-13616.5237497 	
-1.15360721443e-07 0 	0 	-15284.4786489 	
-1.14779559118e-07 0 	0 	-16768.9341993 	
-1.14198396794e-07 0 	0 	-18253.3897497 	
-1.13617234469e-07 0 	0 	-19594.5373749 	
-1.13036072144e-07 0 	0 	-20879.2045578 	
-1.1245490982e-07 0 	0 	-22129.91416 	
-1.11873747495e-07 0 	0 	-23237.7924857 	
-1.1129258517e-07 0 	0 	-24345.6708114 	
-1.10711422846e-07 0 	0 	-25358.8576295 	
-1.10130260521e-07 0 	0 	-26310.849795 	
-1.09549098196e-07 0 	0 	-27262.8419605 	
-1.08967935872e-07 0 	0 	-28083.0822691 	
-1.08386773547e-07 0 	0 	-28898.1155589 	
-1.07805611222e-07 0 	0 	-29682.6655465 	
-1.07224448898e-07 0 	0 	-30377.8141367 	
-1.06643286573e-07 0 	0 	-31072.9627269 	
-1.06062124248e-07 0 	0 	-31717.6337836 	
-1.05480961924e-07 0 	0 	-32308.2409821 	
-1.04899799599e-07 0 	0 	-32898.8481806 	
-1.04318637275e-07 0 	0 	-33430.7746764 	
-1.0373747495e-07 0 	0 	-33930.5741695 	
-1.03156312625e-07 0 	0 	-34430.3736627 	
-1.02575150301e-07 0 	0 	-34871.8140395 	
-1.01993987976e-07 0 	0 	-35293.0493039 	
-1.01412825651e-07 0 	0 	-35714.2845683 	
-1.00831663327e-07 0 	0 	-36083.3199752 	
-1.00250501002e-07 0 	0 	-36436.8610501 	
-9.96693386774e-08 0 	0 	-36790.402125 	
-9.90881763527e-08 0 	0 	-37101.5720828 	
-9.85070140281e-08 0 	0 	-37397.028987 	
-9.79258517034e-08 0 	0 	-37692.4858911 	
-9.73446893788e-08 0 	0 	-37957.3605513 	
-9.67635270541e-08 0 	0 	-38203.1927178 	
-9.61823647295e-08 0 	0 	-38449.0248842 	
-9.56012024048e-08 0 	0 	-38676.714543 	
-9.50200400802e-08 0 	0 	-38880.3357326 	
-9.44388777555e-08 0 	0 	-39083.9569222 	
-9.38577154309e-08 0 	0 	-39281.5604255 	
-9.32765531062e-08 0 	0 	-39449.4386425 	
-9.26953907816e-08 0 	0 	-39617.3168594 	
-9.21142284569e-08 0 	0 	-39785.1950764 	
-9.15330661323e-08 0 	0 	-39928.0634796 	
-9.09519038076e-08 0 	0 	-40065.8155387 	
-9.0370741483e-08 0 	0 	-40203.5675978 	
-8.97895791583e-08 0 	0 	-40330.871679 	
-8.92084168337e-08 0 	0 	-40443.3521441 	
-8.8627254509e-08 0 	0 	-40555.8326092 	
-8.80460921844e-08 0 	0 	-40668.3130743 	
-8.74649298597e-08 0 	0 	-40761.4634082 	
-8.68837675351e-08 0 	0 	-40852.8477123 	
-8.63026052104e-08 0 	0 	-40944.2320163 	
-8.57214428858e-08 0 	0 	-41029.7137344 	
-8.51402805611e-08 0 	0 	-41103.575371 	
-8.45591182365e-08 0 	0 	-41177.4370076 	
-8.39779559118e-08 0 	0 	-41251.2986443 	
-8.33967935872e-08 0 	0 	-41315.4125142 	
-8.28156312625e-08 0 	0 	-41374.7942783 	
-8.22344689379e-08 0 	0 	-41434.1760423 	
-8.16533066132e-08 0 	0 	-41493.5578064 	
-8.10721442886e-08 0 	0 	-41541.9497522 	
-8.04909819639e-08 0 	0 	-41589.429072 	
-7.99098196393e-08 0 	0 	-41636.9083919 	
-7.93286573146e-08 0 	0 	-41683.5584829 	
-7.874749499e-08 0 	0 	-41721.3069542 	
-7.81663326653e-08 0 	0 	-41759.0554256 	
-7.75851703407e-08 0 	0 	-41796.8038969 	
-7.7004008016e-08 0 	0 	-41833.3119435 	
-7.64228456914e-08 0 	0 	-41863.1492351 	
-7.58416833667e-08 0 	0 	-41892.9865266 	
-7.52605210421e-08 0 	0 	-41922.8238182 	
-7.46793587174e-08 0 	0 	-41951.7918352 	
-7.40981963928e-08 0 	0 	-41975.2341807 	
-7.35170340681e-08 0 	0 	-41998.6765263 	
-7.29358717435e-08 0 	0 	-42022.1188718 	
-7.23547094188e-08 0 	0 	-42045.4561078 	
-7.17735470942e-08 0 	0 	-42063.7596493 	
-7.11923847695e-08 0 	0 	-42082.0631908 	
-7.06112224449e-08 0 	0 	-42100.3667323 	
-7.00300601202e-08 0 	0 	-42118.6702739 	
-6.94488977956e-08 0 	0 	-42133.6570069 	
-6.88677354709e-08 0 	0 	-42147.8562747 	
-6.82865731463e-08 0 	0 	-42162.0555425 	
-6.77054108216e-08 0 	0 	-42176.2548103 	
-6.7124248497e-08 0 	0 	-42188.836133 	
-6.65430861723e-08 0 	0 	-42199.7779879 	
-6.59619238477e-08 0 	0 	-42210.7198427 	
-6.5380761523e-08 0 	0 	-42221.6616976 	
-6.47995991984e-08 0 	0 	-42232.3883006 	
-6.42184368737e-08 0 	0 	-42240.7616654 	
-6.36372745491e-08 0 	0 	-42249.1350303 	
-6.30561122244e-08 0 	0 	-42257.5083951 	
-6.24749498998e-08 0 	0 	-42265.8817599 	
-6.18937875752e-08 0 	0 	-42273.114379 	
-6.13126252505e-08 0 	0 	-42279.4761073 	
-6.07314629259e-08 0 	0 	-42285.8378356 	
-6.01503006012e-08 0 	0 	-42292.199564 	
-5.95691382766e-08 0 	0 	-42298.5612923 	
-5.89879759519e-08 0 	0 	-42303.4460378 	
-5.84068136273e-08 0 	0 	-42308.2432631 	
-5.78256513026e-08 0 	0 	-42313.0404883 	
-5.7244488978e-08 0 	0 	-42317.8377136 	
-5.66633266533e-08 0 	0 	-42322.3785475 	
-5.60821643287e-08 0 	0 	-42325.9678597 	
-5.5501002004e-08 0 	0 	-42329.5571719 	
-5.49198396794e-08 0 	0 	-42333.1464841 	
-5.43386773547e-08 0 	0 	-42336.7357962 	
-5.37575150301e-08 0 	0 	-42339.9834777 	
-5.31763527054e-08 0 	0 	-42342.6472544 	
-5.25951903808e-08 0 	0 	-42345.3110311 	
-5.20140280561e-08 0 	0 	-42347.9748077 	
-5.14328657315e-08 0 	0 	-42350.6385844 	
-5.08517034068e-08 0 	0 	-42353.0124883 	
-5.02705410822e-08 0 	0 	-42354.972707 	
-4.96893787575e-08 0 	0 	-42356.9329256 	
-4.91082164329e-08 0 	0 	-42358.8931442 	
-4.85270541082e-08 0 	0 	-42360.8533628 	
-4.79458917836e-08 0 	0 	-42362.6341738 	
-4.73647294589e-08 0 	0 	-42364.0640036 	
-4.67835671343e-08 0 	0 	-42365.4938334 	
-4.62024048096e-08 0 	0 	-42366.9236632 	
-4.5621242485e-08 0 	0 	-42368.3534931 	
-4.50400801603e-08 0 	0 	-42369.7258043 	
-4.44589178357e-08 0 	0 	-42370.7592644 	
-4.3877755511e-08 0 	0 	-42371.7927245 	
-4.32965931864e-08 0 	0 	-42372.8261845 	
-4.27154308617e-08 0 	0 	-42373.8596446 	
-4.21342685371e-08 0 	0 	-42374.8931047 	
-4.15531062124e-08 0 	0 	-42375.6830135 	
-4.09719438878e-08 0 	0 	-42376.4229571 	
-4.03907815631e-08 0 	0 	-42377.1629006 	
-3.98096192385e-08 0 	0 	-42377.9028441 	
-3.92284569138e-08 0 	0 	-42378.6427876 	
-3.86472945892e-08 0 	0 	-42379.298912 	
-3.80661322645e-08 0 	0 	-42379.8235764 	
-3.74849699399e-08 0 	0 	-42380.3482409 	
-3.69038076152e-08 0 	0 	-42380.8729053 	
-3.63226452906e-08 0 	0 	-42381.3975698 	
-3.57414829659e-08 0 	0 	-42381.9222342 	
-3.51603206413e-08 0 	0 	-42382.3185673 	
-3.45791583166e-08 0 	0 	-42382.6869042 	
-3.3997995992e-08 0 	0 	-42383.0552411 	
-3.34168336673e-08 0 	0 	-42383.4235779 	
-3.28356713427e-08 0 	0 	-42383.7919148 	
-3.2254509018e-08 0 	0 	-42384.1466062 	
-3.16733466934e-08 0 	0 	-42384.4025834 	
-3.10921843687e-08 0 	0 	-42384.6585606 	
-3.05110220441e-08 0 	0 	-42384.9145379 	
-2.99298597194e-08 0 	0 	-42385.1705151 	
-2.93486973948e-08 0 	0 	-42385.4264923 	
-2.87675350701e-08 0 	0 	-42385.6594603 	
-2.81863727455e-08 0 	0 	-42385.835506 	
-2.76052104208e-08 0 	0 	-42386.0115517 	
-2.70240480962e-08 0 	0 	-42386.1875975 	
-2.64428857715e-08 0 	0 	-42386.3636432 	
-2.58617234469e-08 0 	0 	-42386.5396889 	
-2.52805611222e-08 0 	0 	-42386.6978825 	
-2.46993987976e-08 0 	0 	-42386.8176139 	
-2.41182364729e-08 0 	0 	-42386.9373452 	
-2.35370741483e-08 0 	0 	-42387.0570766 	
-2.29559118236e-08 0 	0 	-42387.176808 	
-2.2374749499e-08 0 	0 	-42387.2965394 	
-2.17935871743e-08 0 	0 	-42387.4081752 	
-2.12124248497e-08 0 	0 	-42387.4885422 	
-2.0631262525e-08 0 	0 	-42387.5689092 	
-2.00501002004e-08 0 	0 	-42387.6492762 	
-1.94689378758e-08 0 	0 	-42387.7296431 	
-1.88877755511e-08 0 	0 	-42387.8100101 	
-1.83066132265e-08 0 	0 	-42387.8903771 	
-1.77254509018e-08 0 	0 	-42387.9446767 	
-1.71442885772e-08 0 	0 	-42387.9976187 	
-1.65631262525e-08 0 	0 	-42388.0505607 	
-1.59819639279e-08 0 	0 	-42388.1035027 	
-1.54008016032e-08 0 	0 	-42388.1564447 	
-1.48196392786e-08 0 	0 	-42388.2093866 	
-1.42384769539e-08 0 	0 	-42388.2517843 	
-1.36573146293e-08 0 	0 	-42388.28549 	
-1.30761523046e-08 0 	0 	-42388.3191956 	
-1.249498998e-08 0 	0 	-42388.3529013 	
-1.19138276553e-08 0 	0 	-42388.3866069 	
-1.13326653307e-08 0 	0 	-42388.4203126 	
-1.0751503006e-08 0 	0 	-42388.4540183 	
-1.01703406814e-08 0 	0 	-42388.4739186 	
-9.58917835671e-09 0 	0 	-42388.4937515 	
-9.00801603206e-09 0 	0 	-42388.5135844 	
-8.42685370741e-09 0 	0 	-42388.5334173 	
-7.84569138277e-09 0 	0 	-42388.5532502 	
-7.26452905812e-09 0 	0 	-42388.5730832 	
-6.68336673347e-09 0 	0 	-42388.5898344 	
-6.10220440882e-09 0 	0 	-42388.5989649 	
-5.52104208417e-09 0 	0 	-42388.6080953 	
-4.93987975952e-09 0 	0 	-42388.6172258 	
-4.35871743487e-09 0 	0 	-42388.6263563 	
-3.77755511022e-09 0 	0 	-42388.6354867 	
-3.19639278557e-09 0 	0 	-42388.6446172 	
-2.61523046092e-09 0 	0 	-42388.6497861 	
-2.03406813627e-09 0 	0 	-42388.6495492 	
-1.45290581162e-09 0 	0 	-42388.6493122 	
-8.71743486974e-10 0 	0 	-42388.6490753 	
-2.90581162324e-10 0 	0 	-42388.6488384 	
2.90581162325e-10 0 	0 	-42388.6486015 	
8.71743486974e-10 0 	0 	-42388.6483645 	
1.45290581162e-09 0 	0 	-42388.6442425 	
2.03406813627e-09 0 	0 	-42388.6342033 	
2.61523046092e-09 0 	0 	-42388.624164 	
3.19639278557e-09 0 	0 	-42388.6141247 	
3.77755511022e-09 0 	0 	-42388.6040854 	
4.35871743487e-09 0 	0 	-42388.5940461 	
4.93987975952e-09 0 	0 	-42388.5840068 	
5.52104208417e-09 0 	0 	-42388.5714527 	
6.10220440882e-09 0 	0 	-42388.5491114 	
6.68336673347e-09 0 	0 	-42388.5267702 	
7.26452905812e-09 0 	0 	-42388.5044289 	
7.84569138277e-09 0 	0 	-42388.4820876 	
8.42685370742e-09 0 	0 	-42388.4597463 	
9.00801603206e-09 0 	0 	-42388.4374051 	
9.58917835671e-09 0 	0 	-42388.4150638 	
1.01703406814e-08 0 	0 	-42388.377824 	
1.0751503006e-08 0 	0 	-42388.3378154 	
1.13326653307e-08 0 	0 	-42388.2978067 	
1.19138276553e-08 0 	0 	-42388.2577981 	
1.249498998e-08 0 	0 	-42388.2177894 	
1.30761523046e-08 0 	0 	-42388.1777808 	
1.36573146293e-08 0 	0 	-42388.1377722 	
1.42384769539e-08 0 	0 	-42388.0892732 	
1.48196392786e-08 0 	0 	-42388.0217803 	
1.54008016032e-08 0 	0 	-42387.9542875 	
1.59819639279e-08 0 	0 	-42387.8867946 	
1.65631262525e-08 0 	0 	-42387.8193017 	
1.71442885772e-08 0 	0 	-42387.7518089 	
1.77254509018e-08 0 	0 	-42387.684316 	
1.83066132265e-08 0 	0 	-42387.6168231 	
1.88877755511e-08 0 	0 	-42387.522676 	
1.94689378758e-08 0 	0 	-42387.4105558 	
2.00501002004e-08 0 	0 	-42387.2984356 	
2.06312625251e-08 0 	0 	-42387.1863154 	
2.12124248497e-08 0 	0 	-42387.0741952 	
2.17935871743e-08 0 	0 	-42386.962075 	
2.2374749499e-08 0 	0 	-42386.8499548 	
2.29559118236e-08 0 	0 	-42386.7378346 	
2.35370741483e-08 0 	0 	-42386.5734927 	
2.41182364729e-08 0 	0 	-42386.3872093 	
2.46993987976e-08 0 	0 	-42386.2009259 	
2.52805611222e-08 0 	0 	-42386.0146425 	
2.58617234469e-08 0 	0 	-42385.8283591 	
2.64428857715e-08 0 	0 	-42385.6420757 	
2.70240480962e-08 0 	0 	-42385.4557923 	
2.76052104208e-08 0 	0 	-42385.2695089 	
2.81863727455e-08 0 	0 	-42385.0050873 	
2.87675350701e-08 0 	0 	-42384.693842 	
2.93486973948e-08 0 	0 	-42384.3825967 	
2.99298597194e-08 0 	0 	-42384.0713514 	
3.05110220441e-08 0 	0 	-42383.7601061 	
3.10921843687e-08 0 	0 	-42383.4488609 	
3.16733466934e-08 0 	0 	-42383.1376156 	
3.2254509018e-08 0 	0 	-42382.8263703 	
3.28356713427e-08 0 	0 	-42382.4393687 	
3.34168336673e-08 0 	0 	-42381.9155298 	
3.3997995992e-08 0 	0 	-42381.391691 	
3.45791583166e-08 0 	0 	-42380.8678521 	
3.51603206413e-08 0 	0 	-42380.3440133 	
3.57414829659e-08 0 	0 	-42379.8201745 	
3.63226452906e-08 0 	0 	-42379.2963356 	
3.69038076152e-08 0 	0 	-42378.7724968 	
3.74849699399e-08 0 	0 	-42378.2486579 	
3.80661322645e-08 0 	0 	-42377.3993244 	
3.86472945892e-08 0 	0 	-42376.5109137 	
3.92284569138e-08 0 	0 	-42375.6225031 	
3.98096192385e-08 0 	0 	-42374.7340924 	
4.03907815631e-08 0 	0 	-42373.8456817 	
4.09719438878e-08 0 	0 	-42372.957271 	
4.15531062124e-08 0 	0 	-42372.0688603 	
4.21342685371e-08 0 	0 	-42371.1804496 	
4.27154308617e-08 0 	0 	-42370.1470724 	
4.32965931864e-08 0 	0 	-42368.6287234 	
4.3877755511e-08 0 	0 	-42367.1103743 	
4.44589178357e-08 0 	0 	-42365.5920252 	
4.50400801603e-08 0 	0 	-42364.0736761 	
4.5621242485e-08 0 	0 	-42362.555327 	
4.62024048096e-08 0 	0 	-42361.0369779 	
4.67835671343e-08 0 	0 	-42359.5186288 	
4.73647294589e-08 0 	0 	-42358.0002798 	
4.79458917836e-08 0 	0 	-42356.0830783 	
4.85270541082e-08 0 	0 	-42353.4677777 	
4.91082164329e-08 0 	0 	-42350.8524772 	
4.96893787575e-08 0 	0 	-42348.2371767 	
5.02705410822e-08 0 	0 	-42345.6218761 	
5.08517034068e-08 0 	0 	-42343.0065756 	
5.14328657315e-08 0 	0 	-42340.391275 	
5.20140280561e-08 0 	0 	-42337.7759745 	
5.25951903808e-08 0 	0 	-42335.160674 	
5.31763527054e-08 0 	0 	-42331.9898231 	
5.37575150301e-08 0 	0 	-42327.4484377 	
5.43386773547e-08 0 	0 	-42322.9070523 	
5.49198396794e-08 0 	0 	-42318.365667 	
5.5501002004e-08 0 	0 	-42313.8242816 	
5.60821643287e-08 0 	0 	-42309.2828963 	
5.66633266533e-08 0 	0 	-42304.7415109 	
5.7244488978e-08 0 	0 	-42300.2001256 	
5.78256513026e-08 0 	0 	-42295.6587402 	
5.84068136273e-08 0 	0 	-42291.1173548 	
5.89879759519e-08 0 	0 	-42283.1646903 	
5.95691382766e-08 0 	0 	-42275.2110752 	
6.01503006012e-08 0 	0 	-42267.25746 	
6.07314629259e-08 0 	0 	-42259.3038448 	
6.13126252505e-08 0 	0 	-42251.3502297 	
6.18937875752e-08 0 	0 	-42243.3966145 	
6.24749498998e-08 0 	0 	-42235.4429994 	
6.30561122244e-08 0 	0 	-42227.4893842 	
6.36372745491e-08 0 	0 	-42219.535769 	
6.42184368737e-08 0 	0 	-42208.576716 	
6.47995991984e-08 0 	0 	-42194.519881 	
6.5380761523e-08 0 	0 	-42180.4630461 	
6.59619238477e-08 0 	0 	-42166.4062111 	
6.65430861723e-08 0 	0 	-42152.3493762 	
6.7124248497e-08 0 	0 	-42138.2925412 	
6.77054108216e-08 0 	0 	-42124.2357063 	
6.82865731463e-08 0 	0 	-42110.1788714 	
6.88677354709e-08 0 	0 	-42096.1220364 	
6.94488977956e-08 0 	0 	-42082.0652015 	
7.00300601202e-08 0 	0 	-42059.6111708 	
7.06112224449e-08 0 	0 	-42034.5261746 	
7.11923847695e-08 0 	0 	-42009.4411783 	
7.17735470942e-08 0 	0 	-41984.356182 	
7.23547094188e-08 0 	0 	-41959.2711857 	
7.29358717435e-08 0 	0 	-41934.1861894 	
7.35170340681e-08 0 	0 	-41909.1011931 	
7.40981963928e-08 0 	0 	-41884.0161969 	
7.46793587174e-08 0 	0 	-41858.9312006 	
7.52605210421e-08 0 	0 	-41833.8462043 	
7.58416833667e-08 0 	0 	-41792.6182981 	
7.64228456914e-08 0 	0 	-41747.3911438 	
7.7004008016e-08 0 	0 	-41702.1639895 	
7.75851703407e-08 0 	0 	-41656.9368352 	
7.81663326653e-08 0 	0 	-41611.709681 	
7.874749499e-08 0 	0 	-41566.4825267 	
7.93286573146e-08 0 	0 	-41521.2553724 	
7.99098196393e-08 0 	0 	-41476.0282181 	
8.04909819639e-08 0 	0 	-41430.8010638 	
8.10721442886e-08 0 	0 	-41385.5739096 	
8.16533066132e-08 0 	0 	-41317.7613818 	
8.22344689379e-08 0 	0 	-41235.3319854 	
8.28156312625e-08 0 	0 	-41152.902589 	
8.33967935872e-08 0 	0 	-41070.4731925 	
8.39779559118e-08 0 	0 	-40988.0437961 	
8.45591182365e-08 0 	0 	-40905.6143997 	
8.51402805611e-08 0 	0 	-40823.1850033 	
8.57214428858e-08 0 	0 	-40740.7556069 	
8.63026052104e-08 0 	0 	-40658.3262105 	
8.68837675351e-08 0 	0 	-40575.8968141 	
8.74649298597e-08 0 	0 	-40481.4514204 	
8.80460921844e-08 0 	0 	-40329.5098702 	
8.8627254509e-08 0 	0 	-40177.56832 	
8.92084168337e-08 0 	0 	-40025.6267698 	
8.97895791583e-08 0 	0 	-39873.6852196 	
9.0370741483e-08 0 	0 	-39721.7436694 	
9.09519038076e-08 0 	0 	-39569.8021192 	
9.15330661323e-08 0 	0 	-39417.860569 	
9.21142284569e-08 0 	0 	-39265.9190188 	
9.26953907816e-08 0 	0 	-39113.9774686 	
9.32765531062e-08 0 	0 	-38962.0359184 	
9.38577154309e-08 0 	0 	-38745.282715 	
9.44388777555e-08 0 	0 	-38461.9035759 	
9.50200400802e-08 0 	0 	-38178.5244369 	
9.56012024048e-08 0 	0 	-37895.1452978 	
9.61823647295e-08 0 	0 	-37611.7661587 	
9.67635270541e-08 0 	0 	-37328.3870197 	
9.73446893788e-08 0 	0 	-37045.0078806 	
9.79258517034e-08 0 	0 	-36761.6287416 	
9.85070140281e-08 0 	0 	-36478.2496025 	
9.90881763527e-08 0 	0 	-36194.8704634 	
9.96693386774e-08 0 	0 	-35911.4913244 	
1.00250501002e-07 0 	0 	-35486.7223679 	
1.00831663327e-07 0 	0 	-34951.772931 	
1.01412825651e-07 0 	0 	-34416.8234941 	
1.01993987976e-07 0 	0 	-33881.8740572 	
1.02575150301e-07 0 	0 	-33346.9246203 	
1.03156312625e-07 0 	0 	-32811.9751834 	
1.0373747495e-07 0 	0 	-32277.0257465 	
1.04318637275e-07 0 	0 	-31742.0763096 	
1.04899799599e-07 0 	0 	-31207.1268727 	
1.05480961924e-07 0 	0 	-30672.1774358 	
1.06062124248e-07 0 	0 	-30137.2279989 	
1.06643286573e-07 0 	0 	-29420.0803788 	
1.07224448898e-07 0 	0 	-28397.6318678 	
1.07805611222e-07 0 	0 	-27375.1833568 	
1.08386773547e-07 0 	0 	-26352.7348459 	
1.08967935872e-07 0 	0 	-25330.2863349 	
1.09549098196e-07 0 	0 	-24307.8378239 	
1.10130260521e-07 0 	0 	-23285.3893129 	
1.10711422846e-07 0 	0 	-22262.940802 	
1.1129258517e-07 0 	0 	-21240.492291 	
1.11873747495e-07 0 	0 	-20218.04378 	
1.1245490982e-07 0 	0 	-19195.595269 	
1.13036072144e-07 0 	0 	-18173.1467581 	
1.13617234469e-07 0 	0 	-16268.5138686 	
1.14198396794e-07 0 	0 	-14289.436324 	
1.14779559118e-07 0 	0 	-12310.3587793 	
1.15360721443e-07 0 	0 	-10331.2812347 	
1.15941883768e-07 0 	0 	-8352.20369012 	
1.16523046092e-07 0 	0 	-6373.1261455 	
1.17104208417e-07 0 	0 	-4394.04860089 	
1.17685370741e-07 0 	0 	-2414.97105628 	
1.18266533066e-07 0 	0 	-435.893511666 	
1.18847695391e-07 0 	0 	1543.18403295 	
1.19428857715e-07 0 	0 	3522.26157756 	
1.2001002004e-07 0 	0 	5883.79801965 	
1.20591182365e-07 0 	0 	9764.20921501 	
1.21172344689e-07 0 	0 	13644.6204104 	
1.21753507014e-07 0 	0 	17525.0316057 	
1.22334669339e-07 0 	0 	21405.4428011 	
1.22915831663e-07 0 	0 	25285.8539965 	
1.23496993988e-07 0 	0 	29166.2651918 	
1.24078156313e-07 0 	0 	33046.6763872 	
1.24659318637e-07 0 	0 	36927.0875825 	
1.25240480962e-07 0 	0 	40807.4987779 	
1.25821643287e-07 0 	0 	44687.9099733 	
1.26402805611e-07 0 	0 	48568.3211686 	
1.26983967936e-07 0 	0 	53231.1238983 	
1.27565130261e-07 0 	0 	60940.8194542 	
1.28146292585e-07 0 	0 	68650.51501 	
1.2872745491e-07 0 	0 	76360.2105659 	
1.29308617234e-07 0 	0 	84069.9061217 	
1.29889779559e-07 0 	0 	91779.6016776 	
1.30470941884e-07 0 	0 	99489.2972334 	
1.31052104208e-07 0 	0 	107198.992789 	
1.31633266533e-07 0 	0 	114908.688345 	
1.32214428858e-07 0 	0 	122618.383901 	
1.32795591182e-07 0 	0 	130328.079457 	
1.33376753507e-07 0 	0 	138037.775013 	
1.33957915832e-07 0 	0 	145747.470569 	
1.34539078156e-07 0 	0 	160700.410146 	
1.35120240481e-07 0 	0 	176239.072711 	
1.35701402806e-07 0 	0 	191777.735276 	
1.3628256513e-07 0 	0 	207316.397842 	
1.36863727455e-07 0 	0 	222855.060407 	
1.3744488978e-07 0 	0 	238393.722972 	
1.38026052104e-07 0 	0 	253932.385538 	
1.38607214429e-07 0 	0 	269471.048103 	
1.39188376754e-07 0 	0 	285009.710669 	
1.39769539078e-07 0 	0 	300548.373234 	
1.40350701403e-07 0 	0 	316087.035799 	
1.40931863727e-07 0 	0 	331625.698365 	
1.41513026052e-07 0 	0 	349015.701649 	
1.42094188377e-07 0 	0 	369738.568939 	
1.42675350701e-07 0 	0 	390461.436229 	
1.43256513026e-07 0 	0 	411184.303518 	
1.43837675351e-07 0 	0 	431907.170808 	
1.44418837675e-07 0 	0 	452630.038098 	
1.45e-07 0 	0 	473352.905388 	
