-1.45e-07 0 	0 	-596842.785392 	
-1.44418837675e-07 0 	0 	-562806.591031 	
-1.43837675351e-07 0 	0 	-529796.6214 	
-1.43256513026e-07 0 	0 	-499101.463182 	
-1.42675350701e-07 0 	0 	-470209.554475 	
-1.42094188377e-07 0 	0 	-442806.35092 	
-1.41513026052e-07 0 	0 	-416783.870094 	
-1.40931863727e-07 0 	0 	-392789.151076 	
-1.40350701403e-07 0 	0 	-370022.069556 	
-1.39769539078e-07 0 	0 	-348327.683723 	
-1.39188376754e-07 0 	0 	-328154.367118 	
-1.38607214429e-07 0 	0 	-309189.909614 	
-1.38026052104e-07 0 	0 	-291045.917896 	
-1.3744488978e-07 0 	0 	-274220.427083 	
-1.36863727455e-07 0 	0 	-258352.558481 	
-1.3628256513e-07 0 	0 	-243103.86116 	
-1.35701402806e-07 0 	0 	-229189.063723 	
-1.35120240481e-07 0 	0 	-215829.261221 	
-1.34539078156e-07 0 	0 	-203217.244424 	
-1.33957915832e-07 0 	0 	-191528.164374 	
-1.33376753507e-07 0 	0 	-180194.750123 	
-1.32795591182e-07 0 	0 	-169905.801807 	
-1.32214428858e-07 0 	0 	-159949.857259 	
-1.31633266533e-07 0 	0 	-150690.201235 	
-1.31052104208e-07 0 	0 	-141943.89948 	
-1.30470941884e-07 0 	0 	-133631.330397 	
-1.29889779559e-07 0 	0 	-125943.45904 	
-1.29308617234e-07 0 	0 	-118500.188524 	
-1.2872745491e-07 0 	0 	-111735.244439 	
-1.28146292585e-07 0 	0 	-105087.847967 	
-1.27565130261e-07 0 	0 	-99125.0983672 	
-1.26983967936e-07 0 	0 	-93204.4505134 	
-1.26402805611e-07 0 	0 	-87936.9668908 	
-1.25821643287e-07 0 	0 	-82678.1645889 	
-1.25240480962e-07 0 	0 	-78011.8373667 	
-1.24659318637e-07 0 	0 	-73354.1112628 	
-1.24078156313e-07 0 	0 	-69206.6538452 	
-1.23496993988e-07 0 	0 	-65093.2679508 	
-1.22915831663e-07 0 	0 	-61393.2194111 	
-1.22334669339e-07 0 	0 	-57771.3595504 	
-1.21753507014e-07 0 	0 	-54457.0953996 	
-1.21172344689e-07 0 	0 	-51277.7471245 	
-1.20591182365e-07 0 	0 	-48296.5075057 	
-1.2001002004e-07 0 	0 	-45514.3243076 	
-1.19428857715e-07 0 	0 	-42821.2686476 	
-1.18847695391e-07 0 	0 	-40394.4314997 	
-1.18266533066e-07 0 	0 	-37967.5943518 	
-1.17685370741e-07 0 	0 	-35841.7973178 	
-1.17104208417e-07 0 	0 	-33731.8666187 	
-1.16523046092e-07 0 	0 	-31789.5161383 	
-1.15941883768e-07 0 	0 	-29961.2772665 	
-1.15360721443e-07 0 	0 	-28179.0696594 	
-1.14779559118e-07 0 	0 	-26600.3734147 	
-1.14198396794e-07 0 	0 	-25021.6771701 	
-1.13617234469e-07 0 	0 	-23600.9985497 	
-1.13036072144e-07 0 	0 	-22242.5977505 	
-1.1245490982e-07 0 	0 	-20921.4190251 	
-1.11873747495e-07 0 	0 	-19756.8025814 	
-1.1129258517e-07 0 	0 	-18592.1861376 	
-1.10711422846e-07 0 	0 	-17530.7386686 	
-1.10130260521e-07 0 	0 	-16535.9644391 	
-1.09549098196e-07 0 	0 	-15541.1902097 	
-1.08967935872e-07 0 	0 	-14689.0796014 	
-1.08386773547e-07 0 	0 	-13842.6072601 	
-1.07805611222e-07 0 	0 	-13028.935349 	
-1.07224448898e-07 0 	0 	-12311.4605058 	
-1.06643286573e-07 0 	0 	-11593.9856625 	
-1.06062124248e-07 0 	0 	-10930.4765192 	
-1.05480961924e-07 0 	0 	-10324.7672277 	
-1.04899799599e-07 0 	0 	-9719.05793619 	
-1.04318637275e-07 0 	0 	-9175.67285825 	
-1.0373747495e-07 0 	0 	-8666.40956283 	
-1.03156312625e-07 0 	0 	-8157.14626742 	
-1.02575150301e-07 0 	0 	-7709.45029828 	
-1.01993987976e-07 0 	0 	-7283.07018904 	
-1.01412825651e-07 0 	0 	-6856.6900798 	
-1.00831663327e-07 0 	0 	-6485.00249534 	
-1.00250501002e-07 0 	0 	-6129.54913413 	
-9.96693386774e-08 0 	0 	-5774.09577292 	
-9.90881763527e-08 0 	0 	-5462.72645937 	
-9.85070140281e-08 0 	0 	-5167.70542869 	
-9.79258517034e-08 0 	0 	-4872.68439801 	
-9.73446893788e-08 0 	0 	-4609.2547439 	
-9.67635270541e-08 0 	0 	-4365.49593523 	
-9.61823647295e-08 0 	0 	-4121.73712655 	
-9.56012024048e-08 0 	0 	-3896.58282729 	
-9.50200400802e-08 0 	0 	-3696.10990437 	
-9.44388777555e-08 0 	0 	-3495.63698144 	
-9.38577154309e-08 0 	0 	-3301.28905251 	
-9.32765531062e-08 0 	0 	-3137.19647277 	
-9.26953907816e-08 0 	0 	-2973.10389303 	
-9.21142284569e-08 0 	0 	-2809.01131328 	
-9.15330661323e-08 0 	0 	-2670.18116698 	
-9.09519038076e-08 0 	0 	-2536.51904409 	
-9.0370741483e-08 0 	0 	-2402.8569212 	
-8.97895791583e-08 0 	0 	-2279.66654771 	
-8.92084168337e-08 0 	0 	-2171.33351744 	
-8.8627254509e-08 0 	0 	-2063.00048716 	
-8.80460921844e-08 0 	0 	-1954.66745689 	
-8.74649298597e-08 0 	0 	-1865.55554614 	
-8.68837675351e-08 0 	0 	-1778.1997058 	
-8.63026052104e-08 0 	0 	-1690.84386546 	
-8.57214428858e-08 0 	0 	-1609.31012204 	
-8.51402805611e-08 0 	0 	-1539.23800603 	
-8.45591182365e-08 0 	0 	-1469.16589002 	
-8.39779559118e-08 0 	0 	-1399.09377401 	
-8.33967935872e-08 0 	0 	-1338.55783499 	
-8.28156312625e-08 0 	0 	-1282.65128445 	
-8.22344689379e-08 0 	0 	-1226.7447339 	
-8.16533066132e-08 0 	0 	-1170.83818335 	
-8.10721442886e-08 0 	0 	-1125.59352861 	
-8.04909819639e-08 0 	0 	-1081.23426813 	
-7.99098196393e-08 0 	0 	-1036.87500764 	
-7.93286573146e-08 0 	0 	-993.313449864 	
-7.874749499e-08 0 	0 	-958.315084706 	
-7.81663326653e-08 0 	0 	-923.316719549 	
-7.75851703407e-08 0 	0 	-888.318354391 	
-7.7004008016e-08 0 	0 	-854.503071024 	
-7.64228456914e-08 0 	0 	-827.050164212 	
-7.58416833667e-08 0 	0 	-799.5972574 	
-7.52605210421e-08 0 	0 	-772.144350587 	
-7.46793587174e-08 0 	0 	-745.51338973 	
-7.40981963928e-08 0 	0 	-724.107249233 	
-7.35170340681e-08 0 	0 	-702.701108736 	
-7.29358717435e-08 0 	0 	-681.294968238 	
-7.23547094188e-08 0 	0 	-659.987352791 	
-7.17735470942e-08 0 	0 	-643.398100797 	
-7.11923847695e-08 0 	0 	-626.808848804 	
-7.06112224449e-08 0 	0 	-610.21959681 	
-7.00300601202e-08 0 	0 	-593.630344817 	
-6.94488977956e-08 0 	0 	-580.12310555 	
-6.88677354709e-08 0 	0 	-567.347587167 	
-6.82865731463e-08 0 	0 	-554.572068785 	
-6.77054108216e-08 0 	0 	-541.796550402 	
-6.7124248497e-08 0 	0 	-530.511414363 	
-6.65430861723e-08 0 	0 	-520.73648657 	
-6.59619238477e-08 0 	0 	-510.961558778 	
-6.5380761523e-08 0 	0 	-501.186630985 	
-6.47995991984e-08 0 	0 	-491.608281008 	
-6.42184368737e-08 0 	0 	-484.179015905 	
-6.36372745491e-08 0 	0 	-476.749750802 	
-6.30561122244e-08 0 	0 	-469.320485699 	
-6.24749498998e-08 0 	0 	-461.891220596 	
-6.18937875752e-08 0 	0 	-455.494937376 	
-6.13126252505e-08 0 	0 	-449.887273872 	
-6.07314629259e-08 0 	0 	-444.279610368 	
-6.01503006012e-08 0 	0 	-438.671946864 	
-5.95691382766e-08 0 	0 	-433.06428336 	
-5.89879759519e-08 0 	0 	-428.783072565 	
-5.84068136273e-08 0 	0 	-424.58046218 	
-5.78256513026e-08 0 	0 	-420.377851794 	
-5.7244488978e-08 0 	0 	-416.175241409 	
-5.66633266533e-08 0 	0 	-412.20106965 	
-5.60821643287e-08 0 	0 	-409.074680934 	
-5.5501002004e-08 0 	0 	-405.948292217 	
-5.49198396794e-08 0 	0 	-402.821903501 	
-5.43386773547e-08 0 	0 	-399.695514785 	
-5.37575150301e-08 0 	0 	-396.871229054 	
-5.31763527054e-08 0 	0 	-394.563288486 	
-5.25951903808e-08 0 	0 	-392.255347919 	
-5.20140280561e-08 0 	0 	-389.947407352 	
-5.14328657315e-08 0 	0 	-387.639466784 	
-5.08517034068e-08 0 	0 	-385.586075662 	
-5.02705410822e-08 0 	0 	-383.895958971 	
-4.96893787575e-08 0 	0 	-382.20584228 	
-4.91082164329e-08 0 	0 	-380.515725589 	
-4.85270541082e-08 0 	0 	-378.825608898 	
-4.79458917836e-08 0 	0 	-377.292044874 	
-4.73647294589e-08 0 	0 	-376.064750083 	
-4.67835671343e-08 0 	0 	-374.837455291 	
-4.62024048096e-08 0 	0 	-373.610160499 	
-4.5621242485e-08 0 	0 	-372.382865708 	
-4.50400801603e-08 0 	0 	-371.205484899 	
-4.44589178357e-08 0 	0 	-370.322155617 	
-4.3877755511e-08 0 	0 	-369.438826336 	
-4.32965931864e-08 0 	0 	-368.555497055 	
-4.27154308617e-08 0 	0 	-367.672167773 	
-4.21342685371e-08 0 	0 	-366.788838492 	
-4.15531062124e-08 0 	0 	-366.115878662 	
-4.09719438878e-08 0 	0 	-365.486076845 	
-4.03907815631e-08 0 	0 	-364.856275028 	
-3.98096192385e-08 0 	0 	-364.226473211 	
-3.92284569138e-08 0 	0 	-363.596671393 	
-3.86472945892e-08 0 	0 	-363.038999605 	
-3.80661322645e-08 0 	0 	-362.594454892 	
-3.74849699399e-08 0 	0 	-362.149910178 	
-3.69038076152e-08 0 	0 	-361.705365465 	
-3.63226452906e-08 0 	0 	-361.260820751 	
-3.57414829659e-08 0 	0 	-360.816276038 	
-3.51603206413e-08 0 	0 	-360.481849786 	
-3.45791583166e-08 0 	0 	-360.171446459 	
-3.3997995992e-08 0 	0 	-359.861043132 	
-3.34168336673e-08 0 	0 	-359.550639805 	
-3.28356713427e-08 0 	0 	-359.240236478 	
-3.2254509018e-08 0 	0 	-358.9415155 	
-3.16733466934e-08 0 	0 	-358.727306863 	
-3.10921843687e-08 0 	0 	-358.513098226 	
-3.05110220441e-08 0 	0 	-358.298889589 	
-2.99298597194e-08 0 	0 	-358.084680952 	
-2.93486973948e-08 0 	0 	-357.870472315 	
-2.87675350701e-08 0 	0 	-357.675918636 	
-2.81863727455e-08 0 	0 	-357.52998911 	
-2.76052104208e-08 0 	0 	-357.384059583 	
-2.70240480962e-08 0 	0 	-357.238130057 	
-2.64428857715e-08 0 	0 	-357.092200531 	
-2.58617234469e-08 0 	0 	-356.946271005 	
-2.52805611222e-08 0 	0 	-356.815540146 	
-2.46993987976e-08 0 	0 	-356.717554596 	
-2.41182364729e-08 0 	0 	-356.619569047 	
-2.35370741483e-08 0 	0 	-356.521583497 	
-2.29559118236e-08 0 	0 	-356.423597948 	
-2.2374749499e-08 0 	0 	-356.325612398 	
-2.17935871743e-08 0 	0 	-356.234475483 	
-2.12124248497e-08 0 	0 	-356.169791412 	
-2.0631262525e-08 0 	0 	-356.105107342 	
-2.00501002004e-08 0 	0 	-356.040423271 	
-1.94689378758e-08 0 	0 	-355.9757392 	
-1.88877755511e-08 0 	0 	-355.911055129 	
-1.83066132265e-08 0 	0 	-355.846371058 	
-1.77254509018e-08 0 	0 	-355.803467819 	
-1.71442885772e-08 0 	0 	-355.761698979 	
-1.65631262525e-08 0 	0 	-355.719930139 	
-1.59819639279e-08 0 	0 	-355.678161299 	
-1.54008016032e-08 0 	0 	-355.636392459 	
-1.48196392786e-08 0 	0 	-355.594623619 	
-1.42384769539e-08 0 	0 	-355.561467813 	
-1.36573146293e-08 0 	0 	-355.535412008 	
-1.30761523046e-08 0 	0 	-355.509356203 	
-1.249498998e-08 0 	0 	-355.483300398 	
-1.19138276553e-08 0 	0 	-355.457244593 	
-1.13326653307e-08 0 	0 	-355.431188788 	
-1.0751503006e-08 0 	0 	-355.405132983 	
-1.01703406814e-08 0 	0 	-355.389950021 	
-9.58917835671e-09 0 	0 	-355.374820137 	
-9.00801603206e-09 0 	0 	-355.359690254 	
-8.42685370741e-09 0 	0 	-355.34456037 	
-7.84569138277e-09 0 	0 	-355.329430486 	
-7.26452905812e-09 0 	0 	-355.314300603 	
-6.68336673347e-09 0 	0 	-355.301485386 	
-6.10220440882e-09 0 	0 	-355.294394239 	
-5.52104208417e-09 0 	0 	-355.287303091 	
-4.93987975952e-09 0 	0 	-355.280211944 	
-4.35871743487e-09 0 	0 	-355.273120796 	
-3.77755511022e-09 0 	0 	-355.266029649 	
-3.19639278557e-09 0 	0 	-355.258938501 	
-2.61523046092e-09 0 	0 	-355.254710841 	
-2.03406813627e-09 0 	0 	-355.254390621 	
-1.45290581162e-09 0 	0 	-355.254070401 	
-8.71743486974e-10 0 	0 	-355.253750181 	
-2.90581162324e-10 0 	0 	-355.253429961 	
2.90581162325e-10 0 	0 	-355.253109741 	
8.71743486974e-10 0 	0 	-355.252789521 	
1.45290581162e-09 0 	0 	-355.255278503 	
2.03406813627e-09 0 	0 	-355.262046181 	
2.61523046092e-09 0 	0 	-355.268813859 	
3.19639278557e-09 0 	0 	-355.275581537 	
3.77755511022e-09 0 	0 	-355.282349215 	
4.35871743487e-09 0 	0 	-355.289116893 	
4.93987975952e-09 0 	0 	-355.295884571 	
5.52104208417e-09 0 	0 	-355.304544197 	
6.10220440882e-09 0 	0 	-355.320566881 	
6.68336673347e-09 0 	0 	-355.336589566 	
7.26452905812e-09 0 	0 	-355.352612251 	
7.84569138277e-09 0 	0 	-355.368634936 	
8.42685370742e-09 0 	0 	-355.38465762 	
9.00801603206e-09 0 	0 	-355.400680305 	
9.58917835671e-09 0 	0 	-355.41670299 	
1.01703406814e-08 0 	0 	-355.444495915 	
1.0751503006e-08 0 	0 	-355.474476329 	
1.13326653307e-08 0 	0 	-355.504456744 	
1.19138276553e-08 0 	0 	-355.534437158 	
1.249498998e-08 0 	0 	-355.564417573 	
1.30761523046e-08 0 	0 	-355.594397987 	
1.36573146293e-08 0 	0 	-355.624378402 	
1.42384769539e-08 0 	0 	-355.661322269 	
1.48196392786e-08 0 	0 	-355.713844291 	
1.54008016032e-08 0 	0 	-355.766366312 	
1.59819639279e-08 0 	0 	-355.818888334 	
1.65631262525e-08 0 	0 	-355.871410355 	
1.71442885772e-08 0 	0 	-355.923932377 	
1.77254509018e-08 0 	0 	-355.976454398 	
1.83066132265e-08 0 	0 	-356.02897642 	
1.88877755511e-08 0 	0 	-356.103869342 	
1.94689378758e-08 0 	0 	-356.193847104 	
2.00501002004e-08 0 	0 	-356.283824866 	
2.06312625251e-08 0 	0 	-356.373802628 	
2.12124248497e-08 0 	0 	-356.463780391 	
2.17935871743e-08 0 	0 	-356.553758153 	
2.2374749499e-08 0 	0 	-356.643735915 	
2.29559118236e-08 0 	0 	-356.733713677 	
2.35370741483e-08 0 	0 	-356.868088115 	
2.41182364729e-08 0 	0 	-357.021116268 	
2.46993987976e-08 0 	0 	-357.174144422 	
2.52805611222e-08 0 	0 	-357.327172575 	
2.58617234469e-08 0 	0 	-357.480200729 	
2.64428857715e-08 0 	0 	-357.633228882 	
2.70240480962e-08 0 	0 	-357.786257036 	
2.76052104208e-08 0 	0 	-357.939285189 	
2.81863727455e-08 0 	0 	-358.15924503 	
2.87675350701e-08 0 	0 	-358.419313107 	
2.93486973948e-08 0 	0 	-358.679381184 	
2.99298597194e-08 0 	0 	-358.939449261 	
3.05110220441e-08 0 	0 	-359.199517338 	
3.10921843687e-08 0 	0 	-359.459585415 	
3.16733466934e-08 0 	0 	-359.719653492 	
3.2254509018e-08 0 	0 	-359.979721569 	
3.28356713427e-08 0 	0 	-360.305063048 	
3.34168336673e-08 0 	0 	-360.748306657 	
3.3997995992e-08 0 	0 	-361.191550265 	
3.45791583166e-08 0 	0 	-361.634793873 	
3.51603206413e-08 0 	0 	-362.078037481 	
3.57414829659e-08 0 	0 	-362.52128109 	
3.63226452906e-08 0 	0 	-362.964524698 	
3.69038076152e-08 0 	0 	-363.407768306 	
3.74849699399e-08 0 	0 	-363.851011914 	
3.80661322645e-08 0 	0 	-364.576544514 	
3.86472945892e-08 0 	0 	-365.33596724 	
3.92284569138e-08 0 	0 	-366.095389965 	
3.98096192385e-08 0 	0 	-366.854812691 	
4.03907815631e-08 0 	0 	-367.614235417 	
4.09719438878e-08 0 	0 	-368.373658143 	
4.15531062124e-08 0 	0 	-369.133080868 	
4.21342685371e-08 0 	0 	-369.892503594 	
4.27154308617e-08 0 	0 	-370.778714115 	
4.32965931864e-08 0 	0 	-372.089081328 	
4.3877755511e-08 0 	0 	-373.399448542 	
4.44589178357e-08 0 	0 	-374.709815755 	
4.50400801603e-08 0 	0 	-376.020182968 	
4.5621242485e-08 0 	0 	-377.330550182 	
4.62024048096e-08 0 	0 	-378.640917395 	
4.67835671343e-08 0 	0 	-379.951284608 	
4.73647294589e-08 0 	0 	-381.261651822 	
4.79458917836e-08 0 	0 	-382.924662071 	
4.85270541082e-08 0 	0 	-385.204892512 	
4.91082164329e-08 0 	0 	-387.485122954 	
4.96893787575e-08 0 	0 	-389.765353395 	
5.02705410822e-08 0 	0 	-392.045583836 	
5.08517034068e-08 0 	0 	-394.325814277 	
5.14328657315e-08 0 	0 	-396.606044718 	
5.20140280561e-08 0 	0 	-398.886275159 	
5.25951903808e-08 0 	0 	-401.166505601 	
5.31763527054e-08 0 	0 	-403.944522455 	
5.37575150301e-08 0 	0 	-407.950570898 	
5.43386773547e-08 0 	0 	-411.956619342 	
5.49198396794e-08 0 	0 	-415.962667786 	
5.5501002004e-08 0 	0 	-419.96871623 	
5.60821643287e-08 0 	0 	-423.974764674 	
5.66633266533e-08 0 	0 	-427.980813117 	
5.7244488978e-08 0 	0 	-431.986861561 	
5.78256513026e-08 0 	0 	-435.992910005 	
5.84068136273e-08 0 	0 	-439.998958449 	
5.89879759519e-08 0 	0 	-447.109816225 	
5.95691382766e-08 0 	0 	-454.221539247 	
6.01503006012e-08 0 	0 	-461.333262268 	
6.07314629259e-08 0 	0 	-468.444985289 	
6.13126252505e-08 0 	0 	-475.55670831 	
6.18937875752e-08 0 	0 	-482.668431331 	
6.24749498998e-08 0 	0 	-489.780154352 	
6.30561122244e-08 0 	0 	-496.891877373 	
6.36372745491e-08 0 	0 	-504.003600394 	
6.42184368737e-08 0 	0 	-513.899473097 	
6.47995991984e-08 0 	0 	-526.665040213 	
6.5380761523e-08 0 	0 	-539.430607328 	
6.59619238477e-08 0 	0 	-552.196174443 	
6.65430861723e-08 0 	0 	-564.961741558 	
6.7124248497e-08 0 	0 	-577.727308673 	
6.77054108216e-08 0 	0 	-590.492875788 	
6.82865731463e-08 0 	0 	-603.258442903 	
6.88677354709e-08 0 	0 	-616.024010018 	
6.94488977956e-08 0 	0 	-628.789577134 	
7.00300601202e-08 0 	0 	-649.485821786 	
7.06112224449e-08 0 	0 	-672.666865064 	
7.11923847695e-08 0 	0 	-695.847908342 	
7.17735470942e-08 0 	0 	-719.02895162 	
7.23547094188e-08 0 	0 	-742.209994897 	
7.29358717435e-08 0 	0 	-765.391038175 	
7.35170340681e-08 0 	0 	-788.572081453 	
7.40981963928e-08 0 	0 	-811.753124731 	
7.46793587174e-08 0 	0 	-834.934168009 	
7.52605210421e-08 0 	0 	-858.115211286 	
7.58416833667e-08 0 	0 	-896.86088611 	
7.64228456914e-08 0 	0 	-939.462546214 	
7.7004008016e-08 0 	0 	-982.064206319 	
7.75851703407e-08 0 	0 	-1024.66586642 	
7.81663326653e-08 0 	0 	-1067.26752653 	
7.874749499e-08 0 	0 	-1109.86918663 	
7.93286573146e-08 0 	0 	-1152.47084674 	
7.99098196393e-08 0 	0 	-1195.07250684 	
8.04909819639e-08 0 	0 	-1237.67416694 	
8.10721442886e-08 0 	0 	-1280.27582705 	
8.16533066132e-08 0 	0 	-1345.1333094 	
8.22344689379e-08 0 	0 	-1424.39438043 	
8.28156312625e-08 0 	0 	-1503.65545146 	
8.33967935872e-08 0 	0 	-1582.91652249 	
8.39779559118e-08 0 	0 	-1662.17759352 	
8.45591182365e-08 0 	0 	-1741.43866455 	
8.51402805611e-08 0 	0 	-1820.69973558 	
8.57214428858e-08 0 	0 	-1899.96080661 	
8.63026052104e-08 0 	0 	-1979.22187765 	
8.68837675351e-08 0 	0 	-2058.48294868 	
8.74649298597e-08 0 	0 	-2149.85641627 	
8.80460921844e-08 0 	0 	-2299.18730779 	
8.8627254509e-08 0 	0 	-2448.51819931 	
8.92084168337e-08 0 	0 	-2597.84909083 	
8.97895791583e-08 0 	0 	-2747.17998235 	
9.0370741483e-08 0 	0 	-2896.51087387 	
9.09519038076e-08 0 	0 	-3045.84176538 	
9.15330661323e-08 0 	0 	-3195.1726569 	
9.21142284569e-08 0 	0 	-3344.50354842 	
9.26953907816e-08 0 	0 	-3493.83443994 	
9.32765531062e-08 0 	0 	-3643.16533146 	
9.38577154309e-08 0 	0 	-3859.37928728 	
9.44388777555e-08 0 	0 	-4144.34857513 	
9.50200400802e-08 0 	0 	-4429.31786298 	
9.56012024048e-08 0 	0 	-4714.28715082 	
9.61823647295e-08 0 	0 	-4999.25643867 	
9.67635270541e-08 0 	0 	-5284.22572652 	
9.73446893788e-08 0 	0 	-5569.19501436 	
9.79258517034e-08 0 	0 	-5854.16430221 	
9.85070140281e-08 0 	0 	-6139.13359006 	
9.90881763527e-08 0 	0 	-6424.1028779 	
9.96693386774e-08 0 	0 	-6709.07216575 	
1.00250501002e-07 0 	0 	-7143.5217755 	
1.00831663327e-07 0 	0 	-7694.45653232 	
1.01412825651e-07 0 	0 	-8245.39128913 	
1.01993987976e-07 0 	0 	-8796.32604594 	
1.02575150301e-07 0 	0 	-9347.26080275 	
1.03156312625e-07 0 	0 	-9898.19555956 	
1.0373747495e-07 0 	0 	-10449.1303164 	
1.04318637275e-07 0 	0 	-11000.0650732 	
1.04899799599e-07 0 	0 	-11550.99983 	
1.05480961924e-07 0 	0 	-12101.9345868 	
1.06062124248e-07 0 	0 	-12652.8693436 	
1.06643286573e-07 0 	0 	-13401.2825924 	
1.07224448898e-07 0 	0 	-14480.6012239 	
1.07805611222e-07 0 	0 	-15559.9198554 	
1.08386773547e-07 0 	0 	-16639.2384868 	
1.08967935872e-07 0 	0 	-17718.5571183 	
1.09549098196e-07 0 	0 	-18797.8757497 	
1.10130260521e-07 0 	0 	-19877.1943812 	
1.10711422846e-07 0 	0 	-20956.5130127 	
1.1129258517e-07 0 	0 	-22035.8316441 	
1.11873747495e-07 0 	0 	-23115.1502756 	
1.1245490982e-07 0 	0 	-24194.4689071 	
1.13036072144e-07 0 	0 	-25273.7875385 	
1.13617234469e-07 0 	0 	-27334.1266216 	
1.14198396794e-07 0 	0 	-29477.2508129 	
1.14779559118e-07 0 	0 	-31620.3750042 	
1.15360721443e-07 0 	0 	-33763.4991955 	
1.15941883768e-07 0 	0 	-35906.6233867 	
1.16523046092e-07 0 	0 	-38049.747578 	
1.17104208417e-07 0 	0 	-40192.8717693 	
1.17685370741e-07 0 	0 	-42335.9959605 	
1.18266533066e-07 0 	0 	-44479.1201518 	
1.18847695391e-07 0 	0 	-46622.2443431 	
1.19428857715e-07 0 	0 	-48765.3685344 	
1.2001002004e-07 0 	0 	-51345.2595307 	
1.20591182365e-07 0 	0 	-55659.7005081 	
1.21172344689e-07 0 	0 	-59974.1414855 	
1.21753507014e-07 0 	0 	-64288.5824629 	
1.22334669339e-07 0 	0 	-68603.0234402 	
1.22915831663e-07 0 	0 	-72917.4644176 	
1.23496993988e-07 0 	0 	-77231.905395 	
1.24078156313e-07 0 	0 	-81546.3463723 	
1.24659318637e-07 0 	0 	-85860.7873497 	
1.25240480962e-07 0 	0 	-90175.2283271 	
1.25821643287e-07 0 	0 	-94489.6693045 	
1.26402805611e-07 0 	0 	-98804.1102818 	
1.26983967936e-07 0 	0 	-104037.326732 	
1.27565130261e-07 0 	0 	-112848.560419 	
1.28146292585e-07 0 	0 	-121659.794106 	
1.2872745491e-07 0 	0 	-130471.027793 	
1.29308617234e-07 0 	0 	-139282.261481 	
1.29889779559e-07 0 	0 	-148093.495168 	
1.30470941884e-07 0 	0 	-156904.728855 	
1.31052104208e-07 0 	0 	-165715.962542 	
1.31633266533e-07 0 	0 	-174527.196229 	
1.32214428858e-07 0 	0 	-183338.429916 	
1.32795591182e-07 0 	0 	-192149.663604 	
1.33376753507e-07 0 	0 	-200960.897291 	
1.33957915832e-07 0 	0 	-209772.130978 	
1.34539078156e-07 0 	0 	-227351.744827 	
1.35120240481e-07 0 	0 	-245640.411391 	
1.35701402806e-07 0 	0 	-263929.077954 	
1.3628256513e-07 0 	0 	-282217.744517 	
1.36863727455e-07 0 	0 	-300506.411081 	
1.3744488978e-07 0 	0 	-318795.077644 	
1.38026052104e-07 0 	0 	-337083.744207 	
1.38607214429e-07 0 	0 	-355372.41077 	
1.39188376754e-07 0 	0 	-373661.077334 	
1.39769539078e-07 0 	0 	-391949.743897 	
1.40350701403e-07 0 	0 	-410238.41046 	
1.40931863727e-07 0 	0 	-428527.077024 	
1.41513026052e-07 0 	0 	-449079.324397 	
1.42094188377e-07 0 	0 	-473706.568301 	
1.42675350701e-07 0 	0 	-498333.812205 	
1.43256513026e-07 0 	0 	-522961.05611 	
1.43837675351e-07 0 	0 	-547588.300014 	
1.44418837675e-07 0 	0 	-572215.543918 	
1.45e-07 0 	0 	-596842.787822 	
