-1.45e-07 0 	0 	-358170.528757 	
-1.44418837675e-07 0 	0 	-336065.070891 	
-1.43837675351e-07 0 	0 	-314573.751286 	
-1.43256513026e-07 0 	0 	-294472.228245 	
-1.42675350701e-07 0 	0 	-275462.144757 	
-1.42094188377e-07 0 	0 	-257357.568119 	
-1.41513026052e-07 0 	0 	-240095.689989 	
-1.40931863727e-07 0 	0 	-224080.610732 	
-1.40350701403e-07 0 	0 	-208826.204742 	
-1.39769539078e-07 0 	0 	-194238.024814 	
-1.39188376754e-07 0 	0 	-180599.559055 	
-1.38607214429e-07 0 	0 	-167721.616093 	
-1.38026052104e-07 0 	0 	-155361.270906 	
-1.3744488978e-07 0 	0 	-143836.711147 	
-1.36863727455e-07 0 	0 	-132923.768215 	
-1.3628256513e-07 0 	0 	-122406.612881 	
-1.35701402806e-07 0 	0 	-112747.837418 	
-1.35120240481e-07 0 	0 	-103448.913345 	
-1.34539078156e-07 0 	0 	-94634.8436522 	
-1.33957915832e-07 0 	0 	-86423.7454649 	
-1.33376753507e-07 0 	0 	-78445.3674861 	
-1.32795591182e-07 0 	0 	-71154.5771445 	
-1.32214428858e-07 0 	0 	-64084.6966895 	
-1.31633266533e-07 0 	0 	-57476.7239765 	
-1.31052104208e-07 0 	0 	-51211.9480571 	
-1.30470941884e-07 0 	0 	-45237.1388744 	
-1.29889779559e-07 0 	0 	-39683.2384197 	
-1.29308617234e-07 0 	0 	-34294.1450775 	
-1.2872745491e-07 0 	0 	-29365.7160253 	
-1.28146292585e-07 0 	0 	-24517.1157775 	
-1.27565130261e-07 0 	0 	-20137.1988063 	
-1.26983967936e-07 0 	0 	-15786.1030935 	
-1.26402805611e-07 0 	0 	-11885.7668051 	
-1.25821643287e-07 0 	0 	-7991.42163939 	
-1.25240480962e-07 0 	0 	-4509.31406934 	
-1.24659318637e-07 0 	0 	-1033.19106207 	
-1.24078156313e-07 0 	0 	2084.93460332 	
-1.23496993988e-07 0 	0 	5179.15616668 	
-1.22915831663e-07 0 	0 	7980.93558904 	
-1.22334669339e-07 0 	0 	10727.3953932 	
-1.21753507014e-07 0 	0 	13254.3608404 	
-1.21172344689e-07 0 	0 	15685.0529249 	
-1.20591182365e-07 0 	0 	17973.1480361 	
-1.2001002004e-07 0 	0 	20117.9639812 	
-1.19428857715e-07 0 	0 	22198.059594 	
-1.18847695391e-07 0 	0 	24084.8395279 	
-1.18266533066e-07 0 	0 	25971.6194618 	
-1.17685370741e-07 0 	0 	27637.8349582 	
-1.17104208417e-07 0 	0 	29292.4255944 	
-1.16523046092e-07 0 	0 	30823.114053 	
-1.15941883768e-07 0 	0 	32269.4329071 	
-1.15360721443e-07 0 	0 	33681.4023715 	
-1.14779559118e-07 0 	0 	34941.5078553 	
-1.14198396794e-07 0 	0 	36201.6133391 	
-1.13617234469e-07 0 	0 	37342.6909722 	
-1.13036072144e-07 0 	0 	38436.857413 	
-1.1245490982e-07 0 	0 	39502.7171197 	
-1.11873747495e-07 0 	0 	40449.5139579 	
-1.1129258517e-07 0 	0 	41396.3107961 	
-1.10711422846e-07 0 	0 	42263.8838205 	
-1.10130260521e-07 0 	0 	43080.2582327 	
-1.09549098196e-07 0 	0 	43896.632645 	
-1.08967935872e-07 0 	0 	44602.3673808 	
-1.08386773547e-07 0 	0 	45303.7294809 	
-1.07805611222e-07 0 	0 	45979.3968601 	
-1.07224448898e-07 0 	0 	46579.7067877 	
-1.06643286573e-07 0 	0 	47180.0167154 	
-1.06062124248e-07 0 	0 	47737.6169185 	
-1.05480961924e-07 0 	0 	48249.4729589 	
-1.04899799599e-07 0 	0 	48761.3289993 	
-1.04318637275e-07 0 	0 	49223.3436202 	
-1.0373747495e-07 0 	0 	49658.0706431 	
-1.03156312625e-07 0 	0 	50092.797666 	
-1.02575150301e-07 0 	0 	50477.7635018 	
-1.01993987976e-07 0 	0 	50845.5010029 	
-1.01412825651e-07 0 	0 	51213.2385041 	
-1.00831663327e-07 0 	0 	51536.2912305 	
-1.00250501002e-07 0 	0 	51846.0803051 	
-9.96693386774e-08 0 	0 	52155.8693797 	
-9.90881763527e-08 0 	0 	52429.242596 	
-9.85070140281e-08 0 	0 	52689.1112276 	
-9.79258517034e-08 0 	0 	52948.9798592 	
-9.73446893788e-08 0 	0 	53182.4582496 	
-9.67635270541e-08 0 	0 	53399.5043596 	
-9.61823647295e-08 0 	0 	53616.5504696 	
-9.56012024048e-08 0 	0 	53817.8767154 	
-9.50200400802e-08 0 	0 	53998.3484535 	
-9.44388777555e-08 0 	0 	54178.8201916 	
-9.38577154309e-08 0 	0 	54354.0561248 	
-9.32765531062e-08 0 	0 	54503.4289951 	
-9.26953907816e-08 0 	0 	54652.8018653 	
-9.21142284569e-08 0 	0 	54802.1747356 	
-9.15330661323e-08 0 	0 	54929.6955258 	
-9.09519038076e-08 0 	0 	55052.7459604 	
-9.0370741483e-08 0 	0 	55175.796395 	
-8.97895791583e-08 0 	0 	55289.6789276 	
-8.92084168337e-08 0 	0 	55390.5540186 	
-8.8627254509e-08 0 	0 	55491.4291097 	
-8.80460921844e-08 0 	0 	55592.3042008 	
-8.74649298597e-08 0 	0 	55676.1437546 	
-8.68837675351e-08 0 	0 	55758.4269162 	
-8.63026052104e-08 0 	0 	55840.7100777 	
-8.57214428858e-08 0 	0 	55917.7683709 	
-8.51402805611e-08 0 	0 	55984.5407664 	
-8.45591182365e-08 0 	0 	56051.3131619 	
-8.39779559118e-08 0 	0 	56118.0855573 	
-8.33967935872e-08 0 	0 	56176.1907394 	
-8.28156312625e-08 0 	0 	56230.088376 	
-8.22344689379e-08 0 	0 	56283.9860126 	
-8.16533066132e-08 0 	0 	56337.8836492 	
-8.10721442886e-08 0 	0 	56381.9652561 	
-8.04909819639e-08 0 	0 	56425.2317118 	
-7.99098196393e-08 0 	0 	56468.4981675 	
-7.93286573146e-08 0 	0 	56511.0205423 	
-7.874749499e-08 0 	0 	56545.5553443 	
-7.81663326653e-08 0 	0 	56580.0901463 	
-7.75851703407e-08 0 	0 	56614.6249483 	
-7.7004008016e-08 0 	0 	56648.0414841 	
-7.64228456914e-08 0 	0 	56675.4442086 	
-7.58416833667e-08 0 	0 	56702.8469332 	
-7.52605210421e-08 0 	0 	56730.2496577 	
-7.46793587174e-08 0 	0 	56756.864997 	
-7.40981963928e-08 0 	0 	56778.4752057 	
-7.35170340681e-08 0 	0 	56800.0854145 	
-7.29358717435e-08 0 	0 	56821.6956233 	
-7.23547094188e-08 0 	0 	56843.2101674 	
-7.17735470942e-08 0 	0 	56860.1433309 	
-7.11923847695e-08 0 	0 	56877.0764945 	
-7.06112224449e-08 0 	0 	56894.0096581 	
-7.00300601202e-08 0 	0 	56910.9428216 	
-6.94488977956e-08 0 	0 	56924.8426042 	
-6.88677354709e-08 0 	0 	56938.0222118 	
-6.82865731463e-08 0 	0 	56951.2018195 	
-6.77054108216e-08 0 	0 	56964.3814271 	
-6.7124248497e-08 0 	0 	56976.0741501 	
-6.65430861723e-08 0 	0 	56986.2602088 	
-6.59619238477e-08 0 	0 	56996.4462676 	
-6.5380761523e-08 0 	0 	57006.6323264 	
-6.47995991984e-08 0 	0 	57016.6196085 	
-6.42184368737e-08 0 	0 	57024.4337657 	
-6.36372745491e-08 0 	0 	57032.2479229 	
-6.30561122244e-08 0 	0 	57040.0620802 	
-6.24749498998e-08 0 	0 	57047.8762374 	
-6.18937875752e-08 0 	0 	57054.6318879 	
-6.13126252505e-08 0 	0 	57060.5794321 	
-6.07314629259e-08 0 	0 	57066.5269763 	
-6.01503006012e-08 0 	0 	57072.4745205 	
-5.95691382766e-08 0 	0 	57078.4220647 	
-5.89879759519e-08 0 	0 	57082.9926455 	
-5.84068136273e-08 0 	0 	57087.4816327 	
-5.78256513026e-08 0 	0 	57091.97062 	
-5.7244488978e-08 0 	0 	57096.4596073 	
-5.66633266533e-08 0 	0 	57100.7084821 	
-5.60821643287e-08 0 	0 	57104.0662496 	
-5.5501002004e-08 0 	0 	57107.4240171 	
-5.49198396794e-08 0 	0 	57110.7817846 	
-5.43386773547e-08 0 	0 	57114.1395522 	
-5.37575150301e-08 0 	0 	57117.1760239 	
-5.31763527054e-08 0 	0 	57119.6633466 	
-5.25951903808e-08 0 	0 	57122.1506694 	
-5.20140280561e-08 0 	0 	57124.6379921 	
-5.14328657315e-08 0 	0 	57127.1253148 	
-5.08517034068e-08 0 	0 	57129.3389864 	
-5.02705410822e-08 0 	0 	57131.162123 	
-4.96893787575e-08 0 	0 	57132.9852596 	
-4.91082164329e-08 0 	0 	57134.8083962 	
-4.85270541082e-08 0 	0 	57136.6315328 	
-4.79458917836e-08 0 	0 	57138.2847747 	
-4.73647294589e-08 0 	0 	57139.605646 	
-4.67835671343e-08 0 	0 	57140.9265172 	
-4.62024048096e-08 0 	0 	57142.2473884 	
-4.5621242485e-08 0 	0 	57143.5682597 	
-4.50400801603e-08 0 	0 	57144.8345468 	
-4.44589178357e-08 0 	0 	57145.7792696 	
-4.3877755511e-08 0 	0 	57146.7239925 	
-4.32965931864e-08 0 	0 	57147.6687153 	
-4.27154308617e-08 0 	0 	57148.6134382 	
-4.21342685371e-08 0 	0 	57149.558161 	
-4.15531062124e-08 0 	0 	57150.2716012 	
-4.09719438878e-08 0 	0 	57150.937593 	
-4.03907815631e-08 0 	0 	57151.6035848 	
-3.98096192385e-08 0 	0 	57152.2695766 	
-3.92284569138e-08 0 	0 	57152.9355684 	
-3.86472945892e-08 0 	0 	57153.5220763 	
-3.80661322645e-08 0 	0 	57153.9839235 	
-3.74849699399e-08 0 	0 	57154.4457707 	
-3.69038076152e-08 0 	0 	57154.9076178 	
-3.63226452906e-08 0 	0 	57155.369465 	
-3.57414829659e-08 0 	0 	57155.8313122 	
-3.51603206413e-08 0 	0 	57156.1720094 	
-3.45791583166e-08 0 	0 	57156.4862772 	
-3.3997995992e-08 0 	0 	57156.8005449 	
-3.34168336673e-08 0 	0 	57157.1148127 	
-3.28356713427e-08 0 	0 	57157.4290804 	
-3.2254509018e-08 0 	0 	57157.7305815 	
-3.16733466934e-08 0 	0 	57157.939726 	
-3.10921843687e-08 0 	0 	57158.1488705 	
-3.05110220441e-08 0 	0 	57158.358015 	
-2.99298597194e-08 0 	0 	57158.5671595 	
-2.93486973948e-08 0 	0 	57158.776304 	
-2.87675350701e-08 0 	0 	57158.9642565 	
-2.81863727455e-08 0 	0 	57159.0997826 	
-2.76052104208e-08 0 	0 	57159.2353088 	
-2.70240480962e-08 0 	0 	57159.3708349 	
-2.64428857715e-08 0 	0 	57159.506361 	
-2.58617234469e-08 0 	0 	57159.6418872 	
-2.52805611222e-08 0 	0 	57159.7613916 	
-2.46993987976e-08 0 	0 	57159.8463774 	
-2.41182364729e-08 0 	0 	57159.9313632 	
-2.35370741483e-08 0 	0 	57160.0163491 	
-2.29559118236e-08 0 	0 	57160.1013349 	
-2.2374749499e-08 0 	0 	57160.1863208 	
-2.17935871743e-08 0 	0 	57160.2643367 	
-2.12124248497e-08 0 	0 	57160.3154314 	
-2.0631262525e-08 0 	0 	57160.3665261 	
-2.00501002004e-08 0 	0 	57160.4176208 	
-1.94689378758e-08 0 	0 	57160.4687155 	
-1.88877755511e-08 0 	0 	57160.5198102 	
-1.83066132265e-08 0 	0 	57160.5709049 	
-1.77254509018e-08 0 	0 	57160.6009878 	
-1.71442885772e-08 0 	0 	57160.6299764 	
-1.65631262525e-08 0 	0 	57160.658965 	
-1.59819639279e-08 0 	0 	57160.6879536 	
-1.54008016032e-08 0 	0 	57160.7169422 	
-1.48196392786e-08 0 	0 	57160.7459308 	
-1.42384769539e-08 0 	0 	57160.7672527 	
-1.36573146293e-08 0 	0 	57160.7822546 	
-1.30761523046e-08 0 	0 	57160.7972566 	
-1.249498998e-08 0 	0 	57160.8122586 	
-1.19138276553e-08 0 	0 	57160.8272606 	
-1.13326653307e-08 0 	0 	57160.8422625 	
-1.0751503006e-08 0 	0 	57160.8572645 	
-1.01703406814e-08 0 	0 	57160.8636672 	
-9.58917835671e-09 0 	0 	57160.8700278 	
-9.00801603206e-09 0 	0 	57160.8763885 	
-8.42685370741e-09 0 	0 	57160.8827491 	
-7.84569138277e-09 0 	0 	57160.8891098 	
-7.26452905812e-09 0 	0 	57160.8954704 	
-6.68336673347e-09 0 	0 	57160.9002605 	
-6.10220440882e-09 0 	0 	57160.9011664 	
-5.52104208417e-09 0 	0 	57160.9020724 	
-4.93987975952e-09 0 	0 	57160.9029783 	
-4.35871743487e-09 0 	0 	57160.9038843 	
-3.77755511022e-09 0 	0 	57160.9047902 	
-3.19639278557e-09 0 	0 	57160.9056962 	
-2.61523046092e-09 0 	0 	57160.9048797 	
-2.03406813627e-09 0 	0 	57160.9017127 	
-1.45290581162e-09 0 	0 	57160.8985458 	
-8.71743486974e-10 0 	0 	57160.8953789 	
-2.90581162324e-10 0 	0 	57160.8922119 	
2.90581162325e-10 0 	0 	57160.889045 	
8.71743486974e-10 0 	0 	57160.8858781 	
1.45290581162e-09 0 	0 	57160.8809564 	
2.03406813627e-09 0 	0 	57160.8733621 	
2.61523046092e-09 0 	0 	57160.8657678 	
3.19639278557e-09 0 	0 	57160.8581735 	
3.77755511022e-09 0 	0 	57160.8505792 	
4.35871743487e-09 0 	0 	57160.8429849 	
4.93987975952e-09 0 	0 	57160.8353906 	
5.52104208417e-09 0 	0 	57160.8264057 	
6.10220440882e-09 0 	0 	57160.8120086 	
6.68336673347e-09 0 	0 	57160.7976115 	
7.26452905812e-09 0 	0 	57160.7832144 	
7.84569138277e-09 0 	0 	57160.7688173 	
8.42685370742e-09 0 	0 	57160.7544202 	
9.00801603206e-09 0 	0 	57160.7400231 	
9.58917835671e-09 0 	0 	57160.7256259 	
1.01703406814e-08 0 	0 	57160.7011279 	
1.0751503006e-08 0 	0 	57160.6747527 	
1.13326653307e-08 0 	0 	57160.6483774 	
1.19138276553e-08 0 	0 	57160.6220022 	
1.249498998e-08 0 	0 	57160.5956269 	
1.30761523046e-08 0 	0 	57160.5692517 	
1.36573146293e-08 0 	0 	57160.5428764 	
1.42384769539e-08 0 	0 	57160.5098609 	
1.48196392786e-08 0 	0 	57160.4619904 	
1.54008016032e-08 0 	0 	57160.4141198 	
1.59819639279e-08 0 	0 	57160.3662493 	
1.65631262525e-08 0 	0 	57160.3183787 	
1.71442885772e-08 0 	0 	57160.2705082 	
1.77254509018e-08 0 	0 	57160.2226376 	
1.83066132265e-08 0 	0 	57160.1747671 	
1.88877755511e-08 0 	0 	57160.104121 	
1.94689378758e-08 0 	0 	57160.0181173 	
2.00501002004e-08 0 	0 	57159.9321136 	
2.06312625251e-08 0 	0 	57159.8461098 	
2.12124248497e-08 0 	0 	57159.7601061 	
2.17935871743e-08 0 	0 	57159.6741024 	
2.2374749499e-08 0 	0 	57159.5880987 	
2.29559118236e-08 0 	0 	57159.502095 	
2.35370741483e-08 0 	0 	57159.3690902 	
2.41182364729e-08 0 	0 	57159.2163374 	
2.46993987976e-08 0 	0 	57159.0635847 	
2.52805611222e-08 0 	0 	57158.910832 	
2.58617234469e-08 0 	0 	57158.7580792 	
2.64428857715e-08 0 	0 	57158.6053265 	
2.70240480962e-08 0 	0 	57158.4525737 	
2.76052104208e-08 0 	0 	57158.299821 	
2.81863727455e-08 0 	0 	57158.0746801 	
2.87675350701e-08 0 	0 	57157.8061613 	
2.93486973948e-08 0 	0 	57157.5376425 	
2.99298597194e-08 0 	0 	57157.2691237 	
3.05110220441e-08 0 	0 	57157.0006049 	
3.10921843687e-08 0 	0 	57156.7320861 	
3.16733466934e-08 0 	0 	57156.4635673 	
3.2254509018e-08 0 	0 	57156.1950485 	
3.28356713427e-08 0 	0 	57155.8553264 	
3.34168336673e-08 0 	0 	57155.3869911 	
3.3997995992e-08 0 	0 	57154.9186559 	
3.45791583166e-08 0 	0 	57154.4503207 	
3.51603206413e-08 0 	0 	57153.9819854 	
3.57414829659e-08 0 	0 	57153.5136502 	
3.63226452906e-08 0 	0 	57153.0453149 	
3.69038076152e-08 0 	0 	57152.5769797 	
3.74849699399e-08 0 	0 	57152.1086444 	
3.80661322645e-08 0 	0 	57151.3327519 	
3.86472945892e-08 0 	0 	57150.5199356 	
3.92284569138e-08 0 	0 	57149.7071194 	
3.98096192385e-08 0 	0 	57148.8943032 	
4.03907815631e-08 0 	0 	57148.0814869 	
4.09719438878e-08 0 	0 	57147.2686707 	
4.15531062124e-08 0 	0 	57146.4558544 	
4.21342685371e-08 0 	0 	57145.6430382 	
4.27154308617e-08 0 	0 	57144.6933269 	
4.32965931864e-08 0 	0 	57143.285646 	
4.3877755511e-08 0 	0 	57141.8779652 	
4.44589178357e-08 0 	0 	57140.4702843 	
4.50400801603e-08 0 	0 	57139.0626035 	
4.5621242485e-08 0 	0 	57137.6549226 	
4.62024048096e-08 0 	0 	57136.2472417 	
4.67835671343e-08 0 	0 	57134.8395609 	
4.73647294589e-08 0 	0 	57133.43188 	
4.79458917836e-08 0 	0 	57131.6492307 	
4.85270541082e-08 0 	0 	57129.2102858 	
4.91082164329e-08 0 	0 	57126.7713408 	
4.96893787575e-08 0 	0 	57124.3323959 	
5.02705410822e-08 0 	0 	57121.893451 	
5.08517034068e-08 0 	0 	57119.454506 	
5.14328657315e-08 0 	0 	57117.0155611 	
5.20140280561e-08 0 	0 	57114.5766162 	
5.25951903808e-08 0 	0 	57112.1376712 	
5.31763527054e-08 0 	0 	57109.1800935 	
5.37575150301e-08 0 	0 	57104.9430567 	
5.43386773547e-08 0 	0 	57100.7060198 	
5.49198396794e-08 0 	0 	57096.4689829 	
5.5501002004e-08 0 	0 	57092.231946 	
5.60821643287e-08 0 	0 	57087.9949091 	
5.66633266533e-08 0 	0 	57083.7578723 	
5.7244488978e-08 0 	0 	57079.5208354 	
5.78256513026e-08 0 	0 	57075.2837985 	
5.84068136273e-08 0 	0 	57071.0467616 	
5.89879759519e-08 0 	0 	57063.6527904 	
5.95691382766e-08 0 	0 	57056.2579393 	
6.01503006012e-08 0 	0 	57048.8630883 	
6.07314629259e-08 0 	0 	57041.4682372 	
6.13126252505e-08 0 	0 	57034.0733861 	
6.18937875752e-08 0 	0 	57026.6785351 	
6.24749498998e-08 0 	0 	57019.283684 	
6.30561122244e-08 0 	0 	57011.888833 	
6.36372745491e-08 0 	0 	57004.4939819 	
6.42184368737e-08 0 	0 	56994.3451496 	
6.47995991984e-08 0 	0 	56981.3577183 	
6.5380761523e-08 0 	0 	56968.370287 	
6.59619238477e-08 0 	0 	56955.3828556 	
6.65430861723e-08 0 	0 	56942.3954243 	
6.7124248497e-08 0 	0 	56929.407993 	
6.77054108216e-08 0 	0 	56916.4205616 	
6.82865731463e-08 0 	0 	56903.4331303 	
6.88677354709e-08 0 	0 	56890.445699 	
6.94488977956e-08 0 	0 	56877.4582677 	
7.00300601202e-08 0 	0 	56856.8582718 	
7.06112224449e-08 0 	0 	56833.8731468 	
7.11923847695e-08 0 	0 	56810.8880219 	
7.17735470942e-08 0 	0 	56787.9028969 	
7.23547094188e-08 0 	0 	56764.917772 	
7.29358717435e-08 0 	0 	56741.932647 	
7.35170340681e-08 0 	0 	56718.9475221 	
7.40981963928e-08 0 	0 	56695.9623971 	
7.46793587174e-08 0 	0 	56672.9772721 	
7.52605210421e-08 0 	0 	56649.9921472 	
7.58416833667e-08 0 	0 	56612.5378696 	
7.64228456914e-08 0 	0 	56571.499001 	
7.7004008016e-08 0 	0 	56530.4601324 	
7.75851703407e-08 0 	0 	56489.4212637 	
7.81663326653e-08 0 	0 	56448.3823951 	
7.874749499e-08 0 	0 	56407.3435265 	
7.93286573146e-08 0 	0 	56366.3046579 	
7.99098196393e-08 0 	0 	56325.2657892 	
8.04909819639e-08 0 	0 	56284.2269206 	
8.10721442886e-08 0 	0 	56243.188052 	
8.16533066132e-08 0 	0 	56182.1454597 	
8.22344689379e-08 0 	0 	56108.1567986 	
8.28156312625e-08 0 	0 	56034.1681375 	
8.33967935872e-08 0 	0 	55960.1794763 	
8.39779559118e-08 0 	0 	55886.1908152 	
8.45591182365e-08 0 	0 	55812.2021541 	
8.51402805611e-08 0 	0 	55738.2134929 	
8.57214428858e-08 0 	0 	55664.2248318 	
8.63026052104e-08 0 	0 	55590.2361707 	
8.68837675351e-08 0 	0 	55516.2475096 	
8.74649298597e-08 0 	0 	55431.7482796 	
8.80460921844e-08 0 	0 	55296.9563191 	
8.8627254509e-08 0 	0 	55162.1643586 	
8.92084168337e-08 0 	0 	55027.3723981 	
8.97895791583e-08 0 	0 	54892.5804376 	
9.0370741483e-08 0 	0 	54757.7884771 	
9.09519038076e-08 0 	0 	54622.9965166 	
9.15330661323e-08 0 	0 	54488.2045561 	
9.21142284569e-08 0 	0 	54353.4125956 	
9.26953907816e-08 0 	0 	54218.6206351 	
9.32765531062e-08 0 	0 	54083.8286746 	
9.38577154309e-08 0 	0 	53893.0815882 	
9.44388777555e-08 0 	0 	53644.8130158 	
9.50200400802e-08 0 	0 	53396.5444433 	
9.56012024048e-08 0 	0 	53148.2758709 	
9.61823647295e-08 0 	0 	52900.0072984 	
9.67635270541e-08 0 	0 	52651.7387259 	
9.73446893788e-08 0 	0 	52403.4701535 	
9.79258517034e-08 0 	0 	52155.201581 	
9.85070140281e-08 0 	0 	51906.9330085 	
9.90881763527e-08 0 	0 	51658.6644361 	
9.96693386774e-08 0 	0 	51410.3958636 	
1.00250501002e-07 0 	0 	51041.7293728 	
1.00831663327e-07 0 	0 	50579.2407048 	
1.01412825651e-07 0 	0 	50116.7520369 	
1.01993987976e-07 0 	0 	49654.263369 	
1.02575150301e-07 0 	0 	49191.774701 	
1.03156312625e-07 0 	0 	48729.2860331 	
1.0373747495e-07 0 	0 	48266.7973652 	
1.04318637275e-07 0 	0 	47804.3086972 	
1.04899799599e-07 0 	0 	47341.8200293 	
1.05480961924e-07 0 	0 	46879.3313614 	
1.06062124248e-07 0 	0 	46416.8426934 	
1.06643286573e-07 0 	0 	45801.4602857 	
1.07224448898e-07 0 	0 	44929.8810591 	
1.07805611222e-07 0 	0 	44058.3018324 	
1.08386773547e-07 0 	0 	43186.7226057 	
1.08967935872e-07 0 	0 	42315.1433791 	
1.09549098196e-07 0 	0 	41443.5641524 	
1.10130260521e-07 0 	0 	40571.9849258 	
1.10711422846e-07 0 	0 	39700.4056991 	
1.1129258517e-07 0 	0 	38828.8264724 	
1.11873747495e-07 0 	0 	37957.2472458 	
1.1245490982e-07 0 	0 	37085.6680191 	
1.13036072144e-07 0 	0 	36214.0887925 	
1.13617234469e-07 0 	0 	34613.730308 	
1.14198396794e-07 0 	0 	32951.872525 	
1.14779559118e-07 0 	0 	31290.0147419 	
1.15360721443e-07 0 	0 	29628.1569589 	
1.15941883768e-07 0 	0 	27966.2991759 	
1.16523046092e-07 0 	0 	26304.4413928 	
1.17104208417e-07 0 	0 	24642.5836098 	
1.17685370741e-07 0 	0 	22980.7258267 	
1.18266533066e-07 0 	0 	21318.8680437 	
1.18847695391e-07 0 	0 	19657.0102607 	
1.19428857715e-07 0 	0 	17995.1524776 	
1.2001002004e-07 0 	0 	16022.6671705 	
1.20591182365e-07 0 	0 	12816.5739981 	
1.21172344689e-07 0 	0 	9610.48082579 	
1.21753507014e-07 0 	0 	6404.38765345 	
1.22334669339e-07 0 	0 	3198.29448111 	
1.22915831663e-07 0 	0 	-7.79869122379 	
1.23496993988e-07 0 	0 	-3213.89186356 	
1.24078156313e-07 0 	0 	-6419.9850359 	
1.24659318637e-07 0 	0 	-9626.07820824 	
1.25240480962e-07 0 	0 	-12832.1713806 	
1.25821643287e-07 0 	0 	-16038.2645529 	
1.26402805611e-07 0 	0 	-19244.3577253 	
1.26983967936e-07 0 	0 	-23074.0792979 	
1.27565130261e-07 0 	0 	-29332.4172549 	
1.28146292585e-07 0 	0 	-35590.7552118 	
1.2872745491e-07 0 	0 	-41849.0931687 	
1.29308617234e-07 0 	0 	-48107.4311256 	
1.29889779559e-07 0 	0 	-54365.7690826 	
1.30470941884e-07 0 	0 	-60624.1070395 	
1.31052104208e-07 0 	0 	-66882.4449964 	
1.31633266533e-07 0 	0 	-73140.7829533 	
1.32214428858e-07 0 	0 	-79399.1209102 	
1.32795591182e-07 0 	0 	-85657.4588672 	
1.33376753507e-07 0 	0 	-91915.7968241 	
1.33957915832e-07 0 	0 	-98174.134781 	
1.34539078156e-07 0 	0 	-110082.276898 	
1.35120240481e-07 0 	0 	-122447.288915 	
1.35701402806e-07 0 	0 	-134812.300933 	
1.3628256513e-07 0 	0 	-147177.31295 	
1.36863727455e-07 0 	0 	-159542.324967 	
1.3744488978e-07 0 	0 	-171907.336985 	
1.38026052104e-07 0 	0 	-184272.349002 	
1.38607214429e-07 0 	0 	-196637.361019 	
1.39188376754e-07 0 	0 	-209002.373037 	
1.39769539078e-07 0 	0 	-221367.385054 	
1.40350701403e-07 0 	0 	-233732.397071 	
1.40931863727e-07 0 	0 	-246097.409089 	
1.41513026052e-07 0 	0 	-259895.900475 	
1.42094188377e-07 0 	0 	-276275.003708 	
1.42675350701e-07 0 	0 	-292654.106941 	
1.43256513026e-07 0 	0 	-309033.210173 	
1.43837675351e-07 0 	0 	-325412.313406 	
1.44418837675e-07 0 	0 	-341791.416639 	
1.45e-07 0 	0 	-358170.519872 	
