-1.45e-07 0 	0 	-482894.337032 	
-1.44418837675e-07 0 	0 	-457076.983294 	
-1.43837675351e-07 0 	0 	-432079.253568 	
-1.43256513026e-07 0 	0 	-408927.970398 	
-1.42675350701e-07 0 	0 	-387210.293719 	
-1.42094188377e-07 0 	0 	-366673.508947 	
-1.41513026052e-07 0 	0 	-347230.235239 	
-1.40931863727e-07 0 	0 	-329387.012707 	
-1.40350701403e-07 0 	0 	-312508.475535 	
-1.39769539078e-07 0 	0 	-296471.737065 	
-1.39188376754e-07 0 	0 	-281625.015502 	
-1.38607214429e-07 0 	0 	-267719.667283 	
-1.38026052104e-07 0 	0 	-254452.106543 	
-1.3744488978e-07 0 	0 	-242206.296522 	
-1.36863727455e-07 0 	0 	-230698.791227 	
-1.3628256513e-07 0 	0 	-219668.368709 	
-1.35701402806e-07 0 	0 	-209660.867219 	
-1.35120240481e-07 0 	0 	-200076.606221 	
-1.34539078156e-07 0 	0 	-191062.608428 	
-1.33957915832e-07 0 	0 	-182748.375612 	
-1.33376753507e-07 0 	0 	-174703.481061 	
-1.32795591182e-07 0 	0 	-167445.740714 	
-1.32214428858e-07 0 	0 	-160437.404172 	
-1.31633266533e-07 0 	0 	-153950.554242 	
-1.31052104208e-07 0 	0 	-147845.70314 	
-1.30470941884e-07 0 	0 	-142063.602587 	
-1.29889779559e-07 0 	0 	-136743.252536 	
-1.29308617234e-07 0 	0 	-131603.701224 	
-1.2872745491e-07 0 	0 	-126962.080782 	
-1.28146292585e-07 0 	0 	-122406.747095 	
-1.27565130261e-07 0 	0 	-118350.399074 	
-1.26983967936e-07 0 	0 	-114324.73573 	
-1.26402805611e-07 0 	0 	-110771.604314 	
-1.25821643287e-07 0 	0 	-107224.753403 	
-1.25240480962e-07 0 	0 	-104103.265404 	
-1.24659318637e-07 0 	0 	-100987.952512 	
-1.24078156313e-07 0 	0 	-98236.1021746 	
-1.23496993988e-07 0 	0 	-95508.5208606 	
-1.22915831663e-07 0 	0 	-93072.9669372 	
-1.22334669339e-07 0 	0 	-90692.654176 	
-1.21753507014e-07 0 	0 	-88527.8380445 	
-1.21172344689e-07 0 	0 	-86457.5418154 	
-1.20591182365e-07 0 	0 	-84524.834623 	
-1.2001002004e-07 0 	0 	-82730.374702 	
-1.19428857715e-07 0 	0 	-80997.2608378 	
-1.18847695391e-07 0 	0 	-79447.3838979 	
-1.18266533066e-07 0 	0 	-77897.5069579 	
-1.17685370741e-07 0 	0 	-76552.9176292 	
-1.17104208417e-07 0 	0 	-75219.1479947 	
-1.16523046092e-07 0 	0 	-73998.5632097 	
-1.15941883768e-07 0 	0 	-72855.0502017 	
-1.15360721443e-07 0 	0 	-71742.3196605 	
-1.14779559118e-07 0 	0 	-70765.6831802 	
-1.14198396794e-07 0 	0 	-69789.0466999 	
-1.13617234469e-07 0 	0 	-68917.0007102 	
-1.13036072144e-07 0 	0 	-68086.1758684 	
-1.1245490982e-07 0 	0 	-67279.7273171 	
-1.11873747495e-07 0 	0 	-66575.8095296 	
-1.1129258517e-07 0 	0 	-65871.8917421 	
-1.10711422846e-07 0 	0 	-65234.7981087 	
-1.10130260521e-07 0 	0 	-64640.8897726 	
-1.09549098196e-07 0 	0 	-64046.9814364 	
-1.08967935872e-07 0 	0 	-63544.4303776 	
-1.08386773547e-07 0 	0 	-63045.4898869 	
-1.07805611222e-07 0 	0 	-62567.3068726 	
-1.07224448898e-07 0 	0 	-62150.0013638 	
-1.06643286573e-07 0 	0 	-61732.6958549 	
-1.06062124248e-07 0 	0 	-61349.1259073 	
-1.05480961924e-07 0 	0 	-61001.688363 	
-1.04899799599e-07 0 	0 	-60654.2508188 	
-1.04318637275e-07 0 	0 	-60345.2813793 	
-1.0373747495e-07 0 	0 	-60057.37278 	
-1.03156312625e-07 0 	0 	-59769.4641807 	
-1.02575150301e-07 0 	0 	-59519.0576805 	
-1.01993987976e-07 0 	0 	-59281.6351693 	
-1.01412825651e-07 0 	0 	-59044.212658 	
-1.00831663327e-07 0 	0 	-58839.6502479 	
-1.00250501002e-07 0 	0 	-58644.8416062 	
-9.96693386774e-08 0 	0 	-58450.0329644 	
-9.90881763527e-08 0 	0 	-58281.3349433 	
-9.85070140281e-08 0 	0 	-58122.3198762 	
-9.79258517034e-08 0 	0 	-57963.3048092 	
-9.73446893788e-08 0 	0 	-57822.72472 	
-9.67635270541e-08 0 	0 	-57693.6234468 	
-9.61823647295e-08 0 	0 	-57564.5221736 	
-9.56012024048e-08 0 	0 	-57446.1103546 	
-9.50200400802e-08 0 	0 	-57341.8795297 	
-9.44388777555e-08 0 	0 	-57237.6487048 	
-9.38577154309e-08 0 	0 	-57136.8805347 	
-9.32765531062e-08 0 	0 	-57053.21668 	
-9.26953907816e-08 0 	0 	-56969.5528253 	
-9.21142284569e-08 0 	0 	-56885.8889707 	
-9.15330661323e-08 0 	0 	-56816.2669739 	
-9.09519038076e-08 0 	0 	-56749.5175686 	
-9.0370741483e-08 0 	0 	-56682.7681632 	
-8.97895791583e-08 0 	0 	-56621.7370405 	
-8.92084168337e-08 0 	0 	-56568.8190307 	
-8.8627254509e-08 0 	0 	-56515.901021 	
-8.80460921844e-08 0 	0 	-56462.9830113 	
-8.74649298597e-08 0 	0 	-56420.3674075 	
-8.68837675351e-08 0 	0 	-56378.6930471 	
-8.63026052104e-08 0 	0 	-56337.0186867 	
-8.57214428858e-08 0 	0 	-56298.4044061 	
-8.51402805611e-08 0 	0 	-56265.8143287 	
-8.45591182365e-08 0 	0 	-56233.2242513 	
-8.39779559118e-08 0 	0 	-56200.6341739 	
-8.33967935872e-08 0 	0 	-56172.9537569 	
-8.28156312625e-08 0 	0 	-56147.6567609 	
-8.22344689379e-08 0 	0 	-56122.3597649 	
-8.16533066132e-08 0 	0 	-56097.0627689 	
-8.10721442886e-08 0 	0 	-56077.1361858 	
-8.04909819639e-08 0 	0 	-56057.655577 	
-7.99098196393e-08 0 	0 	-56038.1749682 	
-7.93286573146e-08 0 	0 	-56019.0869276 	
-7.874749499e-08 0 	0 	-56004.2130341 	
-7.81663326653e-08 0 	0 	-55989.3391407 	
-7.75851703407e-08 0 	0 	-55974.4652472 	
-7.7004008016e-08 0 	0 	-55960.1592964 	
-7.64228456914e-08 0 	0 	-55948.9076272 	
-7.58416833667e-08 0 	0 	-55937.6559581 	
-7.52605210421e-08 0 	0 	-55926.4042889 	
-7.46793587174e-08 0 	0 	-55915.536818 	
-7.40981963928e-08 0 	0 	-55907.11156 	
-7.35170340681e-08 0 	0 	-55898.6863019 	
-7.29358717435e-08 0 	0 	-55890.2610439 	
-7.23547094188e-08 0 	0 	-55881.880531 	
-7.17735470942e-08 0 	0 	-55875.6428631 	
-7.11923847695e-08 0 	0 	-55869.4051953 	
-7.06112224449e-08 0 	0 	-55863.1675274 	
-7.00300601202e-08 0 	0 	-55856.9298595 	
-6.94488977956e-08 0 	0 	-55852.0486578 	
-6.88677354709e-08 0 	0 	-55847.4895036 	
-6.82865731463e-08 0 	0 	-55842.9303495 	
-6.77054108216e-08 0 	0 	-55838.3711953 	
-6.7124248497e-08 0 	0 	-55834.4457707 	
-6.65430861723e-08 0 	0 	-55831.1625057 	
-6.59619238477e-08 0 	0 	-55827.8792408 	
-6.5380761523e-08 0 	0 	-55824.5959759 	
-6.47995991984e-08 0 	0 	-55821.3931589 	
-6.42184368737e-08 0 	0 	-55819.0698382 	
-6.36372745491e-08 0 	0 	-55816.7465174 	
-6.30561122244e-08 0 	0 	-55814.4231966 	
-6.24749498998e-08 0 	0 	-55812.0998759 	
-6.18937875752e-08 0 	0 	-55810.1814874 	
-6.13126252505e-08 0 	0 	-55808.5722404 	
-6.07314629259e-08 0 	0 	-55806.9629934 	
-6.01503006012e-08 0 	0 	-55805.3537464 	
-5.95691382766e-08 0 	0 	-55803.7444994 	
-5.89879759519e-08 0 	0 	-55802.6303353 	
-5.84068136273e-08 0 	0 	-55801.5455079 	
-5.78256513026e-08 0 	0 	-55800.4606806 	
-5.7244488978e-08 0 	0 	-55799.3758532 	
-5.66633266533e-08 0 	0 	-55798.3715709 	
-5.60821643287e-08 0 	0 	-55797.6662081 	
-5.5501002004e-08 0 	0 	-55796.9608453 	
-5.49198396794e-08 0 	0 	-55796.2554825 	
-5.43386773547e-08 0 	0 	-55795.5501196 	
-5.37575150301e-08 0 	0 	-55794.9443442 	
-5.31763527054e-08 0 	0 	-55794.5087805 	
-5.25951903808e-08 0 	0 	-55794.0732168 	
-5.20140280561e-08 0 	0 	-55793.6376531 	
-5.14328657315e-08 0 	0 	-55793.2020894 	
-5.08517034068e-08 0 	0 	-55792.8438801 	
-5.02705410822e-08 0 	0 	-55792.5960652 	
-4.96893787575e-08 0 	0 	-55792.3482503 	
-4.91082164329e-08 0 	0 	-55792.1004354 	
-4.85270541082e-08 0 	0 	-55791.8526205 	
-4.79458917836e-08 0 	0 	-55791.6477993 	
-4.73647294589e-08 0 	0 	-55791.5270879 	
-4.67835671343e-08 0 	0 	-55791.4063765 	
-4.62024048096e-08 0 	0 	-55791.2856652 	
-4.5621242485e-08 0 	0 	-55791.1649538 	
-4.50400801603e-08 0 	0 	-55791.056273 	
-4.44589178357e-08 0 	0 	-55791.0184662 	
-4.3877755511e-08 0 	0 	-55790.9806593 	
-4.32965931864e-08 0 	0 	-55790.9428525 	
-4.27154308617e-08 0 	0 	-55790.9050456 	
-4.21342685371e-08 0 	0 	-55790.8672388 	
-4.15531062124e-08 0 	0 	-55790.8719377 	
-4.09719438878e-08 0 	0 	-55790.8853568 	
-4.03907815631e-08 0 	0 	-55790.8987759 	
-3.98096192385e-08 0 	0 	-55790.912195 	
-3.92284569138e-08 0 	0 	-55790.9256141 	
-3.86472945892e-08 0 	0 	-55790.9503118 	
-3.80661322645e-08 0 	0 	-55790.9926984 	
-3.74849699399e-08 0 	0 	-55791.0350851 	
-3.69038076152e-08 0 	0 	-55791.0774717 	
-3.63226452906e-08 0 	0 	-55791.1198584 	
-3.57414829659e-08 0 	0 	-55791.162245 	
-3.51603206413e-08 0 	0 	-55791.2158816 	
-3.45791583166e-08 0 	0 	-55791.2719725 	
-3.3997995992e-08 0 	0 	-55791.3280633 	
-3.34168336673e-08 0 	0 	-55791.3841542 	
-3.28356713427e-08 0 	0 	-55791.440245 	
-3.2254509018e-08 0 	0 	-55791.4967723 	
-3.16733466934e-08 0 	0 	-55791.5564575 	
-3.10921843687e-08 0 	0 	-55791.6161426 	
-3.05110220441e-08 0 	0 	-55791.6758277 	
-2.99298597194e-08 0 	0 	-55791.7355128 	
-2.93486973948e-08 0 	0 	-55791.7951979 	
-2.87675350701e-08 0 	0 	-55791.8540716 	
-2.81863727455e-08 0 	0 	-55791.9109379 	
-2.76052104208e-08 0 	0 	-55791.9678043 	
-2.70240480962e-08 0 	0 	-55792.0246707 	
-2.64428857715e-08 0 	0 	-55792.0815371 	
-2.58617234469e-08 0 	0 	-55792.1384035 	
-2.52805611222e-08 0 	0 	-55792.1931749 	
-2.46993987976e-08 0 	0 	-55792.243433 	
-2.41182364729e-08 0 	0 	-55792.293691 	
-2.35370741483e-08 0 	0 	-55792.3439491 	
-2.29559118236e-08 0 	0 	-55792.3942071 	
-2.2374749499e-08 0 	0 	-55792.4444652 	
-2.17935871743e-08 0 	0 	-55792.4929519 	
-2.12124248497e-08 0 	0 	-55792.5345966 	
-2.0631262525e-08 0 	0 	-55792.5762414 	
-2.00501002004e-08 0 	0 	-55792.6178861 	
-1.94689378758e-08 0 	0 	-55792.6595308 	
-1.88877755511e-08 0 	0 	-55792.7011756 	
-1.83066132265e-08 0 	0 	-55792.7428203 	
-1.77254509018e-08 0 	0 	-55792.7754821 	
-1.71442885772e-08 0 	0 	-55792.807676 	
-1.65631262525e-08 0 	0 	-55792.8398699 	
-1.59819639279e-08 0 	0 	-55792.8720638 	
-1.54008016032e-08 0 	0 	-55792.9042577 	
-1.48196392786e-08 0 	0 	-55792.9364516 	
-1.42384769539e-08 0 	0 	-55792.963392 	
-1.36573146293e-08 0 	0 	-55792.9860017 	
-1.30761523046e-08 0 	0 	-55793.0086114 	
-1.249498998e-08 0 	0 	-55793.0312211 	
-1.19138276553e-08 0 	0 	-55793.0538308 	
-1.13326653307e-08 0 	0 	-55793.0764406 	
-1.0751503006e-08 0 	0 	-55793.0990503 	
-1.01703406814e-08 0 	0 	-55793.1123306 	
-9.58917835671e-09 0 	0 	-55793.1255653 	
-9.00801603206e-09 0 	0 	-55793.1388001 	
-8.42685370741e-09 0 	0 	-55793.1520349 	
-7.84569138277e-09 0 	0 	-55793.1652697 	
-7.26452905812e-09 0 	0 	-55793.1785044 	
-6.68336673347e-09 0 	0 	-55793.1891293 	
-6.10220440882e-09 0 	0 	-55793.1932999 	
-5.52104208417e-09 0 	0 	-55793.1974705 	
-4.93987975952e-09 0 	0 	-55793.2016411 	
-4.35871743487e-09 0 	0 	-55793.2058117 	
-3.77755511022e-09 0 	0 	-55793.2099824 	
-3.19639278557e-09 0 	0 	-55793.214153 	
-2.61523046092e-09 0 	0 	-55793.2145876 	
-2.03406813627e-09 0 	0 	-55793.2099241 	
-1.45290581162e-09 0 	0 	-55793.2052606 	
-8.71743486974e-10 0 	0 	-55793.2005972 	
-2.90581162324e-10 0 	0 	-55793.1959337 	
2.90581162325e-10 0 	0 	-55793.1912702 	
8.71743486974e-10 0 	0 	-55793.1866068 	
1.45290581162e-09 0 	0 	-55793.1784626 	
2.03406813627e-09 0 	0 	-55793.1650171 	
2.61523046092e-09 0 	0 	-55793.1515716 	
3.19639278557e-09 0 	0 	-55793.138126 	
3.77755511022e-09 0 	0 	-55793.1246805 	
4.35871743487e-09 0 	0 	-55793.111235 	
4.93987975952e-09 0 	0 	-55793.0977894 	
5.52104208417e-09 0 	0 	-55793.0825205 	
6.10220440882e-09 0 	0 	-55793.0601554 	
6.68336673347e-09 0 	0 	-55793.0377903 	
7.26452905812e-09 0 	0 	-55793.0154252 	
7.84569138277e-09 0 	0 	-55792.9930601 	
8.42685370742e-09 0 	0 	-55792.9706949 	
9.00801603206e-09 0 	0 	-55792.9483298 	
9.58917835671e-09 0 	0 	-55792.9259647 	
1.01703406814e-08 0 	0 	-55792.8959123 	
1.0751503006e-08 0 	0 	-55792.8644311 	
1.13326653307e-08 0 	0 	-55792.83295 	
1.19138276553e-08 0 	0 	-55792.8014689 	
1.249498998e-08 0 	0 	-55792.7699878 	
1.30761523046e-08 0 	0 	-55792.7385066 	
1.36573146293e-08 0 	0 	-55792.7070255 	
1.42384769539e-08 0 	0 	-55792.6727562 	
1.48196392786e-08 0 	0 	-55792.6322495 	
1.54008016032e-08 0 	0 	-55792.5917428 	
1.59819639279e-08 0 	0 	-55792.5512361 	
1.65631262525e-08 0 	0 	-55792.5107294 	
1.71442885772e-08 0 	0 	-55792.4702226 	
1.77254509018e-08 0 	0 	-55792.4297159 	
1.83066132265e-08 0 	0 	-55792.3892092 	
1.88877755511e-08 0 	0 	-55792.3439782 	
1.94689378758e-08 0 	0 	-55792.2955616 	
2.00501002004e-08 0 	0 	-55792.2471449 	
2.06312625251e-08 0 	0 	-55792.1987283 	
2.12124248497e-08 0 	0 	-55792.1503117 	
2.17935871743e-08 0 	0 	-55792.1018951 	
2.2374749499e-08 0 	0 	-55792.0534785 	
2.29559118236e-08 0 	0 	-55792.0050619 	
2.35370741483e-08 0 	0 	-55791.9536199 	
2.41182364729e-08 0 	0 	-55791.9009067 	
2.46993987976e-08 0 	0 	-55791.8481936 	
2.52805611222e-08 0 	0 	-55791.7954804 	
2.58617234469e-08 0 	0 	-55791.7427673 	
2.64428857715e-08 0 	0 	-55791.6900542 	
2.70240480962e-08 0 	0 	-55791.637341 	
2.76052104208e-08 0 	0 	-55791.5846279 	
2.81863727455e-08 0 	0 	-55791.5348179 	
2.87675350701e-08 0 	0 	-55791.4867476 	
2.93486973948e-08 0 	0 	-55791.4386774 	
2.99298597194e-08 0 	0 	-55791.3906071 	
3.05110220441e-08 0 	0 	-55791.3425368 	
3.10921843687e-08 0 	0 	-55791.2944665 	
3.16733466934e-08 0 	0 	-55791.2463962 	
3.2254509018e-08 0 	0 	-55791.198326 	
3.28356713427e-08 0 	0 	-55791.1589127 	
3.34168336673e-08 0 	0 	-55791.1351364 	
3.3997995992e-08 0 	0 	-55791.1113602 	
3.45791583166e-08 0 	0 	-55791.0875839 	
3.51603206413e-08 0 	0 	-55791.0638077 	
3.57414829659e-08 0 	0 	-55791.0400314 	
3.63226452906e-08 0 	0 	-55791.0162552 	
3.69038076152e-08 0 	0 	-55790.9924789 	
3.74849699399e-08 0 	0 	-55790.9687027 	
3.80661322645e-08 0 	0 	-55791.002934 	
3.86472945892e-08 0 	0 	-55791.0441294 	
3.92284569138e-08 0 	0 	-55791.0853247 	
3.98096192385e-08 0 	0 	-55791.1265201 	
4.03907815631e-08 0 	0 	-55791.1677155 	
4.09719438878e-08 0 	0 	-55791.2089109 	
4.15531062124e-08 0 	0 	-55791.2501063 	
4.21342685371e-08 0 	0 	-55791.2913016 	
4.27154308617e-08 0 	0 	-55791.3662037 	
4.32965931864e-08 0 	0 	-55791.5538682 	
4.3877755511e-08 0 	0 	-55791.7415327 	
4.44589178357e-08 0 	0 	-55791.9291972 	
4.50400801603e-08 0 	0 	-55792.1168617 	
4.5621242485e-08 0 	0 	-55792.3045262 	
4.62024048096e-08 0 	0 	-55792.4921907 	
4.67835671343e-08 0 	0 	-55792.6798552 	
4.73647294589e-08 0 	0 	-55792.8675198 	
4.79458917836e-08 0 	0 	-55793.1668352 	
4.85270541082e-08 0 	0 	-55793.6615698 	
4.91082164329e-08 0 	0 	-55794.1563044 	
4.96893787575e-08 0 	0 	-55794.651039 	
5.02705410822e-08 0 	0 	-55795.1457736 	
5.08517034068e-08 0 	0 	-55795.6405083 	
5.14328657315e-08 0 	0 	-55796.1352429 	
5.20140280561e-08 0 	0 	-55796.6299775 	
5.25951903808e-08 0 	0 	-55797.1247121 	
5.31763527054e-08 0 	0 	-55797.7987108 	
5.37575150301e-08 0 	0 	-55798.9149513 	
5.43386773547e-08 0 	0 	-55800.0311918 	
5.49198396794e-08 0 	0 	-55801.1474323 	
5.5501002004e-08 0 	0 	-55802.2636728 	
5.60821643287e-08 0 	0 	-55803.3799132 	
5.66633266533e-08 0 	0 	-55804.4961537 	
5.7244488978e-08 0 	0 	-55805.6123942 	
5.78256513026e-08 0 	0 	-55806.7286347 	
5.84068136273e-08 0 	0 	-55807.8448752 	
5.89879759519e-08 0 	0 	-55810.1977661 	
5.95691382766e-08 0 	0 	-55812.5510017 	
6.01503006012e-08 0 	0 	-55814.9042372 	
6.07314629259e-08 0 	0 	-55817.2574727 	
6.13126252505e-08 0 	0 	-55819.6107082 	
6.18937875752e-08 0 	0 	-55821.9639438 	
6.24749498998e-08 0 	0 	-55824.3171793 	
6.30561122244e-08 0 	0 	-55826.6704148 	
6.36372745491e-08 0 	0 	-55829.0236504 	
6.42184368737e-08 0 	0 	-55832.5816317 	
6.47995991984e-08 0 	0 	-55837.3813754 	
6.5380761523e-08 0 	0 	-55842.181119 	
6.59619238477e-08 0 	0 	-55846.9808627 	
6.65430861723e-08 0 	0 	-55851.7806064 	
6.7124248497e-08 0 	0 	-55856.58035 	
6.77054108216e-08 0 	0 	-55861.3800937 	
6.82865731463e-08 0 	0 	-55866.1798373 	
6.88677354709e-08 0 	0 	-55870.979581 	
6.94488977956e-08 0 	0 	-55875.7793247 	
7.00300601202e-08 0 	0 	-55884.2637198 	
7.06112224449e-08 0 	0 	-55893.9025707 	
7.11923847695e-08 0 	0 	-55903.5414217 	
7.17735470942e-08 0 	0 	-55913.1802726 	
7.23547094188e-08 0 	0 	-55922.8191235 	
7.29358717435e-08 0 	0 	-55932.4579745 	
7.35170340681e-08 0 	0 	-55942.0968254 	
7.40981963928e-08 0 	0 	-55951.7356763 	
7.46793587174e-08 0 	0 	-55961.3745273 	
7.52605210421e-08 0 	0 	-55971.0133782 	
7.58416833667e-08 0 	0 	-55988.3556223 	
7.64228456914e-08 0 	0 	-56007.6063068 	
7.7004008016e-08 0 	0 	-56026.8569913 	
7.75851703407e-08 0 	0 	-56046.1076757 	
7.81663326653e-08 0 	0 	-56065.3583602 	
7.874749499e-08 0 	0 	-56084.6090446 	
7.93286573146e-08 0 	0 	-56103.8597291 	
7.99098196393e-08 0 	0 	-56123.1104135 	
8.04909819639e-08 0 	0 	-56142.361098 	
8.10721442886e-08 0 	0 	-56161.6117824 	
8.16533066132e-08 0 	0 	-56192.5331591 	
8.22344689379e-08 0 	0 	-56231.0076088 	
8.28156312625e-08 0 	0 	-56269.4820585 	
8.33967935872e-08 0 	0 	-56307.9565082 	
8.39779559118e-08 0 	0 	-56346.4309579 	
8.45591182365e-08 0 	0 	-56384.9054076 	
8.51402805611e-08 0 	0 	-56423.3798573 	
8.57214428858e-08 0 	0 	-56461.854307 	
8.63026052104e-08 0 	0 	-56500.3287566 	
8.68837675351e-08 0 	0 	-56538.8032063 	
8.74649298597e-08 0 	0 	-56583.9817536 	
8.80460921844e-08 0 	0 	-56661.2391899 	
8.8627254509e-08 0 	0 	-56738.4966262 	
8.92084168337e-08 0 	0 	-56815.7540625 	
8.97895791583e-08 0 	0 	-56893.0114988 	
9.0370741483e-08 0 	0 	-56970.2689351 	
9.09519038076e-08 0 	0 	-57047.5263714 	
9.15330661323e-08 0 	0 	-57124.7838077 	
9.21142284569e-08 0 	0 	-57202.041244 	
9.26953907816e-08 0 	0 	-57279.2986803 	
9.32765531062e-08 0 	0 	-57356.5561166 	
9.38577154309e-08 0 	0 	-57472.778885 	
9.44388777555e-08 0 	0 	-57629.0577478 	
9.50200400802e-08 0 	0 	-57785.3366107 	
9.56012024048e-08 0 	0 	-57941.6154735 	
9.61823647295e-08 0 	0 	-58097.8943364 	
9.67635270541e-08 0 	0 	-58254.1731992 	
9.73446893788e-08 0 	0 	-58410.452062 	
9.79258517034e-08 0 	0 	-58566.7309249 	
9.85070140281e-08 0 	0 	-58723.0097877 	
9.90881763527e-08 0 	0 	-58879.2886505 	
9.96693386774e-08 0 	0 	-59035.5675134 	
1.00250501002e-07 0 	0 	-59283.3168279 	
1.00831663327e-07 0 	0 	-59602.3460867 	
1.01412825651e-07 0 	0 	-59921.3753455 	
1.01993987976e-07 0 	0 	-60240.4046043 	
1.02575150301e-07 0 	0 	-60559.4338631 	
1.03156312625e-07 0 	0 	-60878.4631219 	
1.0373747495e-07 0 	0 	-61197.4923807 	
1.04318637275e-07 0 	0 	-61516.5216395 	
1.04899799599e-07 0 	0 	-61835.5508983 	
1.05480961924e-07 0 	0 	-62154.5801571 	
1.06062124248e-07 0 	0 	-62473.6094159 	
1.06643286573e-07 0 	0 	-62919.3514248 	
1.07224448898e-07 0 	0 	-63577.4200045 	
1.07805611222e-07 0 	0 	-64235.4885842 	
1.08386773547e-07 0 	0 	-64893.5571639 	
1.08967935872e-07 0 	0 	-65551.6257437 	
1.09549098196e-07 0 	0 	-66209.6943234 	
1.10130260521e-07 0 	0 	-66867.7629031 	
1.10711422846e-07 0 	0 	-67525.8314828 	
1.1129258517e-07 0 	0 	-68183.9000625 	
1.11873747495e-07 0 	0 	-68841.9686423 	
1.1245490982e-07 0 	0 	-69500.037222 	
1.13036072144e-07 0 	0 	-70158.1058017 	
1.13617234469e-07 0 	0 	-71475.3068083 	
1.14198396794e-07 0 	0 	-72848.1298452 	
1.14779559118e-07 0 	0 	-74220.952882 	
1.15360721443e-07 0 	0 	-75593.7759189 	
1.15941883768e-07 0 	0 	-76966.5989557 	
1.16523046092e-07 0 	0 	-78339.4219926 	
1.17104208417e-07 0 	0 	-79712.2450294 	
1.17685370741e-07 0 	0 	-81085.0680663 	
1.18266533066e-07 0 	0 	-82457.8911032 	
1.18847695391e-07 0 	0 	-83830.71414 	
1.19428857715e-07 0 	0 	-85203.5371769 	
1.2001002004e-07 0 	0 	-86883.2611222 	
1.20591182365e-07 0 	0 	-89781.7932709 	
1.21172344689e-07 0 	0 	-92680.3254196 	
1.21753507014e-07 0 	0 	-95578.8575683 	
1.22334669339e-07 0 	0 	-98477.389717 	
1.22915831663e-07 0 	0 	-101375.921866 	
1.23496993988e-07 0 	0 	-104274.454014 	
1.24078156313e-07 0 	0 	-107172.986163 	
1.24659318637e-07 0 	0 	-110071.518312 	
1.25240480962e-07 0 	0 	-112970.05046 	
1.25821643287e-07 0 	0 	-115868.582609 	
1.26402805611e-07 0 	0 	-118767.114758 	
1.26983967936e-07 0 	0 	-122339.937718 	
1.27565130261e-07 0 	0 	-128538.673342 	
1.28146292585e-07 0 	0 	-134737.408966 	
1.2872745491e-07 0 	0 	-140936.144589 	
1.29308617234e-07 0 	0 	-147134.880213 	
1.29889779559e-07 0 	0 	-153333.615837 	
1.30470941884e-07 0 	0 	-159532.35146 	
1.31052104208e-07 0 	0 	-165731.087084 	
1.31633266533e-07 0 	0 	-171929.822708 	
1.32214428858e-07 0 	0 	-178128.558331 	
1.32795591182e-07 0 	0 	-184327.293955 	
1.33376753507e-07 0 	0 	-190526.029579 	
1.33957915832e-07 0 	0 	-196724.765202 	
1.34539078156e-07 0 	0 	-209629.98052 	
1.35120240481e-07 0 	0 	-223077.513522 	
1.35701402806e-07 0 	0 	-236525.046524 	
1.3628256513e-07 0 	0 	-249972.579526 	
1.36863727455e-07 0 	0 	-263420.112528 	
1.3744488978e-07 0 	0 	-276867.64553 	
1.38026052104e-07 0 	0 	-290315.178532 	
1.38607214429e-07 0 	0 	-303762.711534 	
1.39188376754e-07 0 	0 	-317210.244536 	
1.39769539078e-07 0 	0 	-330657.777538 	
1.40350701403e-07 0 	0 	-344105.31054 	
1.40931863727e-07 0 	0 	-357552.843542 	
1.41513026052e-07 0 	0 	-372753.533912 	
1.42094188377e-07 0 	0 	-391110.334353 	
1.42675350701e-07 0 	0 	-409467.134794 	
1.43256513026e-07 0 	0 	-427823.935236 	
1.43837675351e-07 0 	0 	-446180.735677 	
1.44418837675e-07 0 	0 	-464537.536118 	
1.45e-07 0 	0 	-482894.336559 	
