-1.45e-07 0.0237732614684 1.5513110217 0.640419422723
-1.44418837675e-07 0.023105767807 1.51191847332 0.657236409346
-1.43837675351e-07 0.0224745329721 1.47532763064 0.673428133159
-1.43256513026e-07 0.021887775938 1.44227399088 0.688913304782
-1.42675350701e-07 0.0213356215251 1.41183558518 0.703805420808
-1.42094188377e-07 0.0208120130015 1.38349121119 0.718186277488
-1.41513026052e-07 0.0203148664623 1.35704744409 0.732078991244
-1.40931863727e-07 0.0198565437936 1.33327231467 0.745210320112
-1.40350701403e-07 0.0194217036409 1.31104183421 0.757852786898
-1.39769539078e-07 0.0190073770246 1.2901438517 0.770060798364
-1.39188376754e-07 0.0186221215585 1.27108000144 0.781629293272
-1.38607214429e-07 0.0182599532317 1.25341638021 0.792663389417
-1.38026052104e-07 0.017913450728 1.23669025369 0.803328527718
-1.3744488978e-07 0.0175921131282 1.22143456845 0.813383166085
-1.36863727455e-07 0.017289042473 1.20720947752 0.822975040397
-1.3628256513e-07 0.0169977820705 1.19364829623 0.832266363123
-1.35701402806e-07 0.0167319539861 1.18147547957 0.840887183859
-1.35120240481e-07 0.016476703206 1.16986253995 0.849218719131
-1.34539078156e-07 0.0162357040101 1.15900396404 0.857160478713
-1.33957915832e-07 0.0160122885833 1.14904968179 0.864604832683
-1.33376753507e-07 0.0157956489283 1.13944200605 0.871856304256
-1.32795591182e-07 0.0155989030853 1.13083030566 0.878527332844
-1.32214428858e-07 0.0154084986466 1.1225282571 0.885008014404
-1.31633266533e-07 0.0152313536584 1.11487366972 0.891090693105
-1.31052104208e-07 0.0150639831673 1.10768545645 0.89687226122
-1.30470941884e-07 0.0149048711421 1.10089128235 0.902399421206
-1.29889779559e-07 0.0147576527997 1.09465259076 0.907551399305
-1.29308617234e-07 0.0146150914372 1.08863139876 0.912556474667
-1.2872745491e-07 0.0144854447269 1.0832016047 0.917145263601
-1.28146292585e-07 0.0143580360047 1.07787429437 0.921661913998
-1.27565130261e-07 0.0142436630584 1.07313321917 0.925750031593
-1.26983967936e-07 0.0141300917355 1.06842819397 0.929811796947
-1.26402805611e-07 0.0140289583489 1.06427331851 0.933457319338
-1.25821643287e-07 0.013927990277 1.06012575519 0.937097309371
-1.25240480962e-07 0.0138383066964 1.05646981974 0.940353501429
-1.24659318637e-07 0.0137487869357 1.05282102137 0.94360412179
-1.24078156313e-07 0.0136689885608 1.04958995058 0.94651923966
-1.23496993988e-07 0.0135898392996 1.04638677219 0.949411955449
-1.22915831663e-07 0.0135185674587 1.04351787525 0.952029201155
-1.22334669339e-07 0.0134487857447 1.04071221243 0.954594337751
-1.21753507014e-07 0.0133848687069 1.03815261636 0.956951943909
-1.21172344689e-07 0.0133235239999 1.03570094868 0.959218524251
-1.20591182365e-07 0.0132659583867 1.03340623036 0.961349946132
-1.2001002004e-07 0.0132121899467 1.03126921225 0.963345562948
-1.19428857715e-07 0.0131601227038 1.02920220049 0.965279755232
-1.18847695391e-07 0.0131131368323 1.02734429339 0.967030476195
-1.18266533066e-07 0.0130661509608 1.0254863863 0.968781197158
-1.17685370741e-07 0.0130249150609 1.02386315806 0.970322536019
-1.17104208417e-07 0.0129839822136 1.02225229858 0.971852839386
-1.16523046092e-07 0.0129462527227 1.02077122303 0.973265609893
-1.15941883768e-07 0.0129107045162 1.01937852219 0.974598347902
-1.15360721443e-07 0.0128760369968 1.01802126966 0.975898555777
-1.14779559118e-07 0.0128452631313 1.01682073958 0.977054942883
-1.14198396794e-07 0.0128144892659 1.0156202095 0.978211329988
-1.13617234469e-07 0.012786741674 1.01454078408 0.979255270371
-1.13036072144e-07 0.0127601867954 1.01350908836 0.980254893311
-1.1245490982e-07 0.012734345571 1.01250580526 0.981227860124
-1.11873747495e-07 0.0127115060961 1.01162203041 0.982088706803
-1.1129258517e-07 0.0126886666213 1.01073825555 0.982949553483
-1.10711422846e-07 0.0126678076461 1.00993297419 0.983736084451
-1.10130260521e-07 0.0126482285744 1.00917841948 0.984474588682
-1.09549098196e-07 0.0126286495028 1.00842386476 0.985213092913
-1.08967935872e-07 0.0126118128535 1.00777756992 0.985848275597
-1.08386773547e-07 0.0125950845885 1.00713555367 0.986479374868
-1.07805611222e-07 0.0125789877992 1.00651837896 0.987086599114
-1.07224448898e-07 0.0125647430007 1.00597405952 0.987623802708
-1.06643286573e-07 0.0125504982022 1.00542974008 0.988161006301
-1.06062124248e-07 0.0125372940782 1.00492623544 0.988658742624
-1.05480961924e-07 0.0125252045664 1.00446644539 0.989114207606
-1.04899799599e-07 0.0125131150546 1.00400665534 0.989569672589
-1.04318637275e-07 0.0125022295856 1.00359396255 0.989979352317
-1.0373747495e-07 0.012492003316 1.00320705495 0.990363965151
-1.03156312625e-07 0.0124817770464 1.00282014736 0.990748577984
-1.02575150301e-07 0.0124727425551 1.00247975021 0.991087766541
-1.01993987976e-07 0.0124641206817 1.00215545592 0.99141122829
-1.01412825651e-07 0.0124554988082 1.00183116163 0.991734690038
-1.00831663327e-07 0.0124479379203 1.00154819087 0.992017631035
-1.00250501002e-07 0.0124406919616 1.00127748606 0.992288544376
-9.96693386774e-08 0.0124334460029 1.00100678125 0.992559457717
-9.90881763527e-08 0.0124270572399 1.0007694049 0.992797576034
-9.85070140281e-08 0.0124209863623 1.00054438819 0.99302353253
-9.79258517034e-08 0.0124149154847 1.00031937147 0.993249489027
-9.73446893788e-08 0.0124094604492 1.00011826311 0.993451848426
-9.67635270541e-08 0.012404388877 0.999932041649 0.993639514738
-9.61823647295e-08 0.0123993173048 0.999745820185 0.993827181051
-9.56012024048e-08 0.0123946094061 0.999573698729 0.994000893999
-9.50200400802e-08 0.0123903839688 0.999420282824 0.99415609594
-9.44388777555e-08 0.0123861585316 0.999266866919 0.994311297881
-9.38577154309e-08 0.0123820531788 0.999118101406 0.994461887027
-9.32765531062e-08 0.0123785410015 0.998992307221 0.994589690564
-9.26953907816e-08 0.0123750288242 0.998866513035 0.9947174941
-9.21142284569e-08 0.012371516647 0.99874071885 0.994845297637
-9.15330661323e-08 0.0123685013416 0.998634146533 0.994953994797
-9.09519038076e-08 0.012365587683 0.998531506501 0.995058783299
-9.0370741483e-08 0.0123626740245 0.998428866468 0.995163571802
-8.97895791583e-08 0.0123599670385 0.998334214125 0.995260405421
-8.92084168337e-08 0.0123575532799 0.998250894736 0.995345952632
-8.8627254509e-08 0.0123551395214 0.998167575346 0.995431499844
-8.80460921844e-08 0.0123527257629 0.998084255956 0.995517047055
-8.74649298597e-08 0.0123506927617 0.998015639304 0.995587925558
-8.68837675351e-08 0.0123486945471 0.997948365915 0.995657463907
-8.63026052104e-08 0.0123466963324 0.997881092526 0.995727002255
-8.57214428858e-08 0.0123448139083 0.997818286415 0.995792075826
-8.51402805611e-08 0.0123431594341 0.997764274776 0.995848359847
-8.45591182365e-08 0.0123415049599 0.997710263137 0.995904643867
-8.39779559118e-08 0.0123398504858 0.997656251498 0.995960927888
-8.33967935872e-08 0.0123383864767 0.997609581571 0.996009861121
-8.28156312625e-08 0.0123370149299 0.997566475717 0.996055225873
-8.22344689379e-08 0.0123356433831 0.997523369863 0.996100590626
-8.16533066132e-08 0.0123342718363 0.997480264009 0.996145955378
-8.10721442886e-08 0.0123331142108 0.997445396105 0.996183056106
-8.04909819639e-08 0.0123319743499 0.997411212304 0.996219470566
-7.99098196393e-08 0.012330834489 0.997377028503 0.996255885027
-7.93286573146e-08 0.0123297107114 0.997343463392 0.996291677496
-7.874749499e-08 0.0123287595855 0.997316539796 0.996320793004
-7.81663326653e-08 0.0123278084596 0.997289616201 0.996349908513
-7.75851703407e-08 0.0123268573337 0.997262692606 0.996379024021
-7.7004008016e-08 0.0123259301857 0.997236690215 0.996407211058
-7.64228456914e-08 0.0123251319858 0.997215641876 0.99643040496
-7.58416833667e-08 0.0123243337859 0.997194593537 0.996453598861
-7.52605210421e-08 0.0123235355859 0.997173545198 0.996476792763
-7.46793587174e-08 0.0123227541374 0.997153139438 0.996499337018
-7.40981963928e-08 0.0123220791717 0.997136818328 0.996517751697
-7.35170340681e-08 0.0123214042061 0.997120497218 0.996536166377
-7.29358717435e-08 0.0123207292404 0.997104176109 0.996554581056
-7.23547094188e-08 0.0123200562946 0.997087932331 0.996572917251
-7.17735470942e-08 0.0123194800815 0.997075392018 0.996587494804
-7.11923847695e-08 0.0123189038683 0.997062851705 0.996602072357
-7.06112224449e-08 0.0123183276552 0.997050311392 0.996616649911
-7.00300601202e-08 0.0123177514421 0.997037771079 0.996631227464
-6.94488977956e-08 0.0123172388146 0.997027659155 0.996643328298
-6.88677354709e-08 0.0123167412834 0.99701812377 0.996654841118
-6.82865731463e-08 0.0123162437522 0.997008588386 0.996666353938
-6.77054108216e-08 0.012315746221 0.996999053001 0.996677866758
-6.7124248497e-08 0.0123152796458 0.996990696041 0.996688169998
-6.65430861723e-08 0.0123148444384 0.996983533182 0.996697247566
-6.59619238477e-08 0.012314409231 0.996976370324 0.996706325134
-6.5380761523e-08 0.0123139740236 0.996969207465 0.996715402703
-6.47995991984e-08 0.0123135429286 0.996962200489 0.996724318915
-6.42184368737e-08 0.0123131567924 0.996956897705 0.996731471112
-6.36372745491e-08 0.0123127706561 0.99695159492 0.996738623308
-6.30561122244e-08 0.0123123845198 0.996946292136 0.996745775505
-6.24749498998e-08 0.0123119983835 0.996940989351 0.996752927701
-6.18937875752e-08 0.0123116340229 0.996936507291 0.996759220808
-6.13126252505e-08 0.0123112862866 0.996932651805 0.99676485805
-6.07314629259e-08 0.0123109385503 0.996928796318 0.996770495293
-6.01503006012e-08 0.0123105908141 0.996924940832 0.996776132536
-5.95691382766e-08 0.0123102430778 0.996921085346 0.996781769779
-5.89879759519e-08 0.0123099235322 0.996918284212 0.996786286688
-5.84068136273e-08 0.0123096056572 0.996915545554 0.996790737212
-5.78256513026e-08 0.0123092877821 0.996912806897 0.996795187735
-5.7244488978e-08 0.012308969907 0.996910068239 0.996799638258
-5.66633266533e-08 0.0123086569292 0.996907510828 0.99680389224
-5.60821643287e-08 0.0123083621264 0.996905626056 0.996807416815
-5.5501002004e-08 0.0123080673236 0.996903741284 0.99681094139
-5.49198396794e-08 0.0123077725208 0.996901856512 0.996814465965
-5.43386773547e-08 0.012307477718 0.996899971741 0.99681799054
-5.37575150301e-08 0.0123071894522 0.99689832541 0.996821249282
-5.31763527054e-08 0.0123069123593 0.996897086616 0.99682405367
-5.25951903808e-08 0.0123066352664 0.996895847822 0.996826858059
-5.20140280561e-08 0.0123063581735 0.996894609028 0.996829662447
-5.14328657315e-08 0.0123060810806 0.996893370234 0.996832466836
-5.08517034068e-08 0.0123058095509 0.996892330285 0.99683504092
-5.02705410822e-08 0.0123055459607 0.996891574113 0.996837286332
-4.96893787575e-08 0.0123052823704 0.996890817941 0.996839531743
-4.91082164329e-08 0.0123050187801 0.996890061769 0.996841777154
-4.85270541082e-08 0.0123047551899 0.996889305598 0.996844022565
-4.79458917836e-08 0.012304495058 0.996888669535 0.996846121309
-4.73647294589e-08 0.0123042416918 0.996888268445 0.99684793312
-4.67835671343e-08 0.0123039883257 0.996887867356 0.996849744932
-4.62024048096e-08 0.0123037349595 0.996887466266 0.996851556743
-4.5621242485e-08 0.0123034815933 0.996887065177 0.996853368555
-4.50400801603e-08 0.0123032293427 0.996886701256 0.996855131486
-4.44589178357e-08 0.0123029836637 0.996886556299 0.996856606461
-4.3877755511e-08 0.0123027379846 0.996886411342 0.996858081435
-4.32965931864e-08 0.0123024923056 0.996886266386 0.996859556409
-4.27154308617e-08 0.0123022466265 0.996886121429 0.996861031383
-4.21342685371e-08 0.0123020009475 0.996885976472 0.996862506357
-4.15531062124e-08 0.0123017600296 0.996885980739 0.996863763299
-4.09719438878e-08 0.0123015200885 0.99688601562 0.99686497551
-4.03907815631e-08 0.0123012801474 0.996886050501 0.996866187722
-3.98096192385e-08 0.0123010402062 0.996886085381 0.996867399934
-3.92284569138e-08 0.0123008002651 0.996886120262 0.996868612145
-3.86472945892e-08 0.0123005619792 0.996886202395 0.996869743939
-3.80661322645e-08 0.0123003262892 0.996886358636 0.996870749609
-3.74849699399e-08 0.0123000905992 0.996886514878 0.996871755279
-3.69038076152e-08 0.0122998549092 0.996886671119 0.996872760949
-3.63226452906e-08 0.0122996192192 0.996886827361 0.996873766618
-3.57414829659e-08 0.0122993835292 0.996886983602 0.996874772288
-3.51603206413e-08 0.0122991504048 0.996887202881 0.996875643111
-3.45791583166e-08 0.0122989178401 0.996887435911 0.996876484516
-3.3997995992e-08 0.0122986852754 0.996887668942 0.996877325921
-3.34168336673e-08 0.0122984527107 0.996887901972 0.996878167326
-3.28356713427e-08 0.012298220146 0.996888135003 0.996879008731
-3.2254509018e-08 0.0122979878581 0.996888373253 0.996879834009
-3.16733466934e-08 0.0122977575725 0.996888649265 0.996880542623
-3.10921843687e-08 0.0122975272868 0.996888925277 0.996881251236
-3.05110220441e-08 0.0122972970012 0.996889201289 0.99688195985
-2.99298597194e-08 0.0122970667156 0.996889477301 0.996882668463
-2.93486973948e-08 0.01229683643 0.996889753313 0.996883377076
-2.87675350701e-08 0.0122966066186 0.996890034344 0.996884054135
-2.81863727455e-08 0.0122963779805 0.996890327792 0.996884653129
-2.76052104208e-08 0.0122961493424 0.99689062124 0.996885252123
-2.70240480962e-08 0.0122959207043 0.996890914687 0.996885851116
-2.64428857715e-08 0.0122956920662 0.996891208135 0.99688645011
-2.58617234469e-08 0.0122954634281 0.996891501583 0.996887049104
-2.52805611222e-08 0.0122952351638 0.996891794451 0.99688761869
-2.46993987976e-08 0.0122950077051 0.996892086069 0.996888124917
-2.41182364729e-08 0.0122947802463 0.996892377687 0.996888631143
-2.35370741483e-08 0.0122945527875 0.996892669305 0.996889137369
-2.29559118236e-08 0.0122943253288 0.996892960923 0.996889643596
-2.2374749499e-08 0.01229409787 0.996893252541 0.996890149822
-2.17935871743e-08 0.0122938705828 0.996893540792 0.996890639457
-2.12124248497e-08 0.012293643958 0.996893816037 0.996891065007
-2.0631262525e-08 0.0122934173333 0.996894091283 0.996891490558
-2.00501002004e-08 0.0122931907085 0.996894366528 0.996891916108
-1.94689378758e-08 0.0122929640838 0.996894641773 0.996892341659
-1.88877755511e-08 0.012292737459 0.996894917019 0.996892767209
-1.83066132265e-08 0.0122925108343 0.996895192264 0.996893192759
-1.77254509018e-08 0.0122922847607 0.996895441451 0.996893549758
-1.71442885772e-08 0.0122920587159 0.99689568928 0.996893903187
-1.65631262525e-08 0.0122918326711 0.996895937109 0.996894256616
-1.59819639279e-08 0.0122916066263 0.996896184938 0.996894610044
-1.54008016032e-08 0.0122913805814 0.996896432767 0.996894963473
-1.48196392786e-08 0.0122911545366 0.996896680596 0.996895316902
-1.42384769539e-08 0.0122909287067 0.996896908736 0.996895634075
-1.36573146293e-08 0.012290703054 0.996897120645 0.996895921362
-1.30761523046e-08 0.0122904774014 0.996897332554 0.996896208649
-1.249498998e-08 0.0122902517487 0.996897544463 0.996896495936
-1.19138276553e-08 0.012290026096 0.996897756372 0.996896783223
-1.13326653307e-08 0.0122898004433 0.996897968281 0.99689707051
-1.0751503006e-08 0.0122895747906 0.99689818019 0.996897357797
-1.01703406814e-08 0.0122893493874 0.996898349654 0.996897583418
-9.58917835671e-09 0.0122891239855 0.996898518911 0.996897808737
-9.00801603206e-09 0.0122888985835 0.996898688168 0.996898034057
-8.42685370741e-09 0.0122886731815 0.996898857425 0.996898259376
-7.84569138277e-09 0.0122884477796 0.996899026682 0.996898484695
-7.26452905812e-09 0.0122882223776 0.99689919594 0.996898710015
-6.68336673347e-09 0.0122879970157 0.996899351306 0.996898918356
-6.10220440882e-09 0.012287771753 0.99689947232 0.996899084711
-5.52104208417e-09 0.0122875464902 0.996899593334 0.996899251067
-4.93987975952e-09 0.0122873212275 0.996899714349 0.996899417422
-4.35871743487e-09 0.0122870959647 0.996899835363 0.996899583777
-3.77755511022e-09 0.012286870702 0.996899956377 0.996899750133
-3.19639278557e-09 0.0122866454393 0.996900077392 0.996899916488
-2.61523046092e-09 0.0122864201947 0.996900175883 0.996900058922
-2.03406813627e-09 0.012286194975 0.99690024364 0.996900168713
-1.45290581162e-09 0.0122859697553 0.996900311397 0.996900278504
-8.71743486974e-10 0.0122857445356 0.996900379154 0.996900388294
-2.90581162324e-10 0.0122855193159 0.996900446911 0.996900498085
2.90581162325e-10 0.0122852940962 0.996900514668 0.996900607876
8.71743486974e-10 0.0122850688765 0.996900582425 0.996900717667
1.45290581162e-09 0.012284843636 0.996900627091 0.996900805977
2.03406813627e-09 0.0122846183637 0.996900636588 0.996900861568
2.61523046092e-09 0.0122843930915 0.996900646085 0.996900917159
3.19639278557e-09 0.0122841678193 0.996900655583 0.99690097275
3.77755511022e-09 0.0122839425471 0.99690066508 0.996901028341
4.35871743487e-09 0.0122837172748 0.996900674577 0.996901083932
4.93987975952e-09 0.0122834920026 0.996900684074 0.996901139523
5.52104208417e-09 0.0122832666967 0.996900680506 0.996901184647
6.10220440882e-09 0.0122830412598 0.99690062609 0.996901189034
6.68336673347e-09 0.0122828158228 0.996900571674 0.996901193421
7.26452905812e-09 0.0122825903859 0.996900517258 0.996901197808
7.84569138277e-09 0.012282364949 0.996900462842 0.996901202195
8.42685370742e-09 0.012282139512 0.996900408426 0.996901206582
9.00801603206e-09 0.0122819140751 0.99690035401 0.996901210969
9.58917835671e-09 0.0122816886381 0.996900299594 0.996901215355
1.01703406814e-08 0.0122814629339 0.996900185209 0.996901180384
1.0751503006e-08 0.0122812371801 0.996900059678 0.996901138097
1.13326653307e-08 0.0122810114263 0.996899934147 0.996901095811
1.19138276553e-08 0.0122807856724 0.996899808617 0.996901053524
1.249498998e-08 0.0122805599186 0.996899683086 0.996901011238
1.30761523046e-08 0.0122803341647 0.996899557555 0.996900968951
1.36573146293e-08 0.0122801084109 0.996899432024 0.996900926665
1.42384769539e-08 0.0122798824889 0.996899281403 0.996900872254
1.48196392786e-08 0.0122796561908 0.99689907465 0.996900790722
1.54008016032e-08 0.0122794298926 0.996898867897 0.996900709189
1.59819639279e-08 0.0122792035945 0.996898661144 0.996900627657
1.65631262525e-08 0.0122789772964 0.996898454391 0.996900546124
1.71442885772e-08 0.0122787509983 0.996898247638 0.996900464591
1.77254509018e-08 0.0122785247001 0.996898040885 0.996900383059
1.83066132265e-08 0.012278298402 0.996897834132 0.996900301526
1.88877755511e-08 0.0122780715641 0.99689756979 0.99690020403
1.94689378758e-08 0.0122778443623 0.996897266616 0.996900095771
2.00501002004e-08 0.0122776171605 0.996896963441 0.996899987511
2.06312625251e-08 0.0122773899587 0.996896660266 0.996899879251
2.12124248497e-08 0.0122771627569 0.996896357091 0.996899770991
2.17935871743e-08 0.0122769355551 0.996896053917 0.996899662731
2.2374749499e-08 0.0122767083533 0.996895750742 0.996899554471
2.29559118236e-08 0.0122764811515 0.996895447567 0.996899446211
2.35370741483e-08 0.0122762529004 0.99689505963 0.996899334115
2.41182364729e-08 0.0122760242085 0.996894636079 0.996899220407
2.46993987976e-08 0.0122757955165 0.996894212529 0.996899106699
2.52805611222e-08 0.0122755668246 0.996893788978 0.996898992991
2.58617234469e-08 0.0122753381327 0.996893365427 0.996898879283
2.64428857715e-08 0.0122751094407 0.996892941876 0.996898765576
2.70240480962e-08 0.0122748807488 0.996892518325 0.996898651868
2.76052104208e-08 0.0122746520569 0.996892094774 0.99689853816
2.81863727455e-08 0.0122744218227 0.996891571577 0.996898443759
2.87675350701e-08 0.0122741906644 0.996890988667 0.996898360927
2.93486973948e-08 0.0122739595061 0.996890405757 0.996898278096
2.99298597194e-08 0.0122737283478 0.996889822847 0.996898195265
3.05110220441e-08 0.0122734971895 0.996889239938 0.996898112433
3.10921843687e-08 0.0122732660312 0.996888657028 0.996898029602
3.16733466934e-08 0.0122730348729 0.996888074118 0.99689794677
3.2254509018e-08 0.0122728037147 0.996887491209 0.996897863939
3.28356713427e-08 0.0122725710897 0.996886828373 0.996897814312
3.34168336673e-08 0.0122723358156 0.99688602117 0.996897824663
3.3997995992e-08 0.0122721005415 0.996885213967 0.996897835013
3.45791583166e-08 0.0122718652673 0.996884406763 0.996897845364
3.51603206413e-08 0.0122716299932 0.99688359956 0.996897855714
3.57414829659e-08 0.0122713947191 0.996882792356 0.996897866065
3.63226452906e-08 0.012271159445 0.996881985153 0.996897876416
3.69038076152e-08 0.0122709241708 0.99688117795 0.996897886766
3.74849699399e-08 0.0122706888967 0.996880370746 0.996897897117
3.80661322645e-08 0.012270447428 0.99687926494 0.996898086706
3.86472945892e-08 0.0122702052156 0.996878123286 0.996898297814
3.92284569138e-08 0.0122699630033 0.996876981631 0.996898508922
3.98096192385e-08 0.0122697207909 0.996875839976 0.99689872003
4.03907815631e-08 0.0122694785785 0.996874698322 0.996898931137
4.09719438878e-08 0.0122692363662 0.996873556667 0.996899142245
4.15531062124e-08 0.0122689941538 0.996872415012 0.996899353353
4.21342685371e-08 0.0122687519414 0.996871273358 0.996899564461
4.27154308617e-08 0.0122685070075 0.996870011061 0.996899864868
4.32965931864e-08 0.012268252969 0.996868345165 0.996900464017
4.3877755511e-08 0.0122679989305 0.99686667927 0.996901063166
4.44589178357e-08 0.0122677448919 0.996865013374 0.996901662315
4.50400801603e-08 0.0122674908534 0.996863347479 0.996902261465
4.5621242485e-08 0.0122672368149 0.996861681583 0.996902860614
4.62024048096e-08 0.0122669827764 0.996860015688 0.996903459763
4.67835671343e-08 0.0122667287378 0.996858349792 0.996904058912
4.73647294589e-08 0.0122664746993 0.996856683897 0.996904658061
4.79458917836e-08 0.0122662132463 0.99685470682 0.996905518006
4.85270541082e-08 0.0122659388158 0.996852185092 0.996906834412
4.91082164329e-08 0.0122656643853 0.996849663364 0.996908150819
4.96893787575e-08 0.0122653899549 0.996847141636 0.996909467226
5.02705410822e-08 0.0122651155244 0.996844619908 0.996910783632
5.08517034068e-08 0.0122648410939 0.99684209818 0.996912100039
5.14328657315e-08 0.0122645666634 0.996839576452 0.996913416446
5.20140280561e-08 0.012264292233 0.996837054724 0.996914732852
5.25951903808e-08 0.0122640178025 0.996834532996 0.996916049259
5.31763527054e-08 0.0122637331084 0.996831595092 0.99691774126
5.37575150301e-08 0.0122634230943 0.996827630487 0.996920359848
5.43386773547e-08 0.0122631130801 0.996823665882 0.996922978435
5.49198396794e-08 0.0122628030659 0.996819701276 0.996925597023
5.5501002004e-08 0.0122624930517 0.996815736671 0.99692821561
5.60821643287e-08 0.0122621830375 0.996811772066 0.996930834198
5.66633266533e-08 0.0122618730233 0.996807807461 0.996933452785
5.7244488978e-08 0.0122615630091 0.996803842856 0.996936071373
5.78256513026e-08 0.012261252995 0.996799878251 0.99693868996
5.84068136273e-08 0.0122609429808 0.996795913646 0.996941308547
5.89879759519e-08 0.0122605701275 0.996789454106 0.99694627986
5.95691382766e-08 0.0122601972567 0.996782993872 0.996951251827
6.01503006012e-08 0.0122598243859 0.996776533637 0.996956223795
6.07314629259e-08 0.0122594515151 0.996770073402 0.996961195763
6.13126252505e-08 0.0122590786444 0.996763613168 0.99696616773
6.18937875752e-08 0.0122587057736 0.996757152933 0.996971139698
6.24749498998e-08 0.0122583329028 0.996750692698 0.996976111666
6.30561122244e-08 0.012257960032 0.996744232464 0.996981083634
6.36372745491e-08 0.0122575871612 0.996737772229 0.996986055601
6.42184368737e-08 0.0122571589265 0.996729141456 0.996993128021
6.47995991984e-08 0.0122566736269 0.996718273452 0.997002365431
6.5380761523e-08 0.0122561883272 0.996707405448 0.997011602841
6.59619238477e-08 0.0122557030275 0.996696537444 0.997020840251
6.65430861723e-08 0.0122552177279 0.996685669441 0.99703007766
6.7124248497e-08 0.0122547324282 0.996674801437 0.99703931507
6.77054108216e-08 0.0122542471285 0.996663933433 0.99704855248
6.82865731463e-08 0.0122537618289 0.99665306543 0.99705778989
6.88677354709e-08 0.0122532765292 0.996642197426 0.997067027299
6.94488977956e-08 0.0122527912295 0.996631329422 0.997076264709
7.00300601202e-08 0.0122521508402 0.996614426741 0.997091431628
7.06112224449e-08 0.0122514618589 0.996595633306 0.997108456349
7.11923847695e-08 0.0122507728776 0.996576839872 0.99712548107
7.17735470942e-08 0.0122500838963 0.996558046437 0.997142505791
7.23547094188e-08 0.0122493949151 0.996539253002 0.997159530512
7.29358717435e-08 0.0122487059338 0.996520459567 0.997176555233
7.35170340681e-08 0.0122480169525 0.996501666133 0.997193579954
7.40981963928e-08 0.0122473279713 0.996482872698 0.997210604675
7.46793587174e-08 0.01224663899 0.996464079263 0.997227629396
7.52605210421e-08 0.0122459500087 0.996445285829 0.997244654118
7.58416833667e-08 0.0122449614089 0.996414887395 0.997273187341
7.64228456914e-08 0.0122438985816 0.996381613936 0.997304571683
7.7004008016e-08 0.0122428357542 0.996348340478 0.997335956025
7.75851703407e-08 0.0122417729269 0.996315067019 0.997367340367
7.81663326653e-08 0.0122407100995 0.99628179356 0.997398724709
7.874749499e-08 0.0122396472722 0.996248520102 0.997430109052
7.93286573146e-08 0.0122385844448 0.996215246643 0.997461493394
7.99098196393e-08 0.0122375216174 0.996181973184 0.997492877736
8.04909819639e-08 0.0122364587901 0.996148699726 0.997524262078
8.10721442886e-08 0.0122353959627 0.996115426267 0.99755564642
8.16533066132e-08 0.0122339109715 0.996065851974 0.997603296665
8.22344689379e-08 0.012232152763 0.996005728058 0.997661473926
8.28156312625e-08 0.0122303945546 0.995945604142 0.997719651186
8.33967935872e-08 0.0122286363461 0.995885480226 0.997777828447
8.39779559118e-08 0.0122268781376 0.99582535631 0.997836005707
8.45591182365e-08 0.0122251199291 0.995765232394 0.997894182968
8.51402805611e-08 0.0122233617206 0.995705108478 0.997952360228
8.57214428858e-08 0.0122216035121 0.995644984562 0.998010537489
8.63026052104e-08 0.0122198453037 0.995584860646 0.998068714749
8.68837675351e-08 0.0122180870952 0.99552473673 0.99812689201
8.74649298597e-08 0.0122161022318 0.995455884632 0.99819382564
8.80460921844e-08 0.012213032832 0.995345268468 0.998302658213
8.8627254509e-08 0.0122099634322 0.995234652303 0.998411490787
8.92084168337e-08 0.0122068940324 0.995124036139 0.998520323361
8.97895791583e-08 0.0122038246326 0.995013419975 0.998629155935
9.0370741483e-08 0.0122007552328 0.994902803811 0.998737988509
9.09519038076e-08 0.012197685833 0.994792187647 0.998846821083
9.15330661323e-08 0.0121946164331 0.994681571483 0.998955653657
9.21142284569e-08 0.0121915470333 0.994570955319 0.999064486231
9.26953907816e-08 0.0121884776335 0.994460339154 0.999173318805
9.32765531062e-08 0.0121854082337 0.99434972299 0.999282151379
9.38577154309e-08 0.0121811026526 0.994191662018 0.999438899979
9.44388777555e-08 0.0121755262855 0.993984828108 0.999644905927
9.50200400802e-08 0.0121699499185 0.993777994197 0.999850911876
9.56012024048e-08 0.0121643735514 0.993571160287 1.00005691782
9.61823647295e-08 0.0121587971843 0.993364326377 1.00026292377
9.67635270541e-08 0.0121532208173 0.993157492466 1.00046892972
9.73446893788e-08 0.0121476444502 0.992950658556 1.00067493567
9.79258517034e-08 0.0121420680831 0.992743824646 1.00088094162
9.85070140281e-08 0.0121364917161 0.992536990735 1.00108694756
9.90881763527e-08 0.012130915349 0.992330156825 1.00129295351
9.96693386774e-08 0.0121253389819 0.992123322915 1.00149895946
1.00250501002e-07 0.0121170301252 0.991812186476 1.00181145556
1.00831663327e-07 0.0121065919284 0.991419770474 1.00220693597
1.01412825651e-07 0.0120961537315 0.991027354472 1.00260241638
1.01993987976e-07 0.0120857155346 0.990634938469 1.00299789679
1.02575150301e-07 0.0120752773377 0.990242522467 1.0033933772
1.03156312625e-07 0.0120648391409 0.989850106465 1.0037888576
1.0373747495e-07 0.012054400944 0.989457690463 1.00418433801
1.04318637275e-07 0.0120439627471 0.98906527446 1.00457981842
1.04899799599e-07 0.0120335245502 0.988672858458 1.00497529883
1.05480961924e-07 0.0120230863534 0.988280442456 1.00537077924
1.06062124248e-07 0.0120126481565 0.987888026454 1.00576625965
1.06643286573e-07 0.0119986345739 0.98736051255 1.00630249101
1.07224448898e-07 0.0119786298864 0.986606621473 1.00707457209
1.07805611222e-07 0.0119586251989 0.985852730395 1.00784665318
1.08386773547e-07 0.0119386205114 0.985098839318 1.00861873427
1.08967935872e-07 0.0119186158239 0.984344948241 1.00939081535
1.09549098196e-07 0.0118986111364 0.983591057163 1.01016289644
1.10130260521e-07 0.0118786064488 0.982837166086 1.01093497752
1.10711422846e-07 0.0118586017613 0.982083275009 1.01170705861
1.1129258517e-07 0.0118385970738 0.981329383931 1.0124791397
1.11873747495e-07 0.0118185923863 0.980575492854 1.01325122078
1.1245490982e-07 0.0117985876988 0.979821601777 1.01402330187
1.13036072144e-07 0.0117785830113 0.979067710699 1.01479538295
1.13617234469e-07 0.0117409599077 0.977661251702 1.01627487953
1.14198396794e-07 0.0117018500437 0.976199724631 1.01781407259
1.14779559118e-07 0.0116627401796 0.974738197561 1.01935326565
1.15360721443e-07 0.0116236303156 0.973276670491 1.02089245871
1.15941883768e-07 0.0115845204516 0.97181514342 1.02243165177
1.16523046092e-07 0.0115454105875 0.97035361635 1.02397084482
1.17104208417e-07 0.0115063007235 0.968892089279 1.02551003788
1.17685370741e-07 0.0114671908594 0.967430562209 1.02704923094
1.18266533066e-07 0.0114280809954 0.965969035139 1.028588424
1.18847695391e-07 0.0113889711314 0.964507508068 1.03012761706
1.19428857715e-07 0.0113498612673 0.963045980998 1.03166681012
1.2001002004e-07 0.011302958474 0.961307226941 1.0335315654
1.20591182365e-07 0.0112251073001 0.958467509947 1.03668923935
1.21172344689e-07 0.0111472561261 0.955627792953 1.0398469133
1.21753507014e-07 0.0110694049522 0.952788075959 1.04300458725
1.22334669339e-07 0.0109915537783 0.949948358965 1.0461622612
1.22915831663e-07 0.0109137026044 0.947108641971 1.04931993515
1.23496993988e-07 0.0108358514304 0.944268924976 1.0524776091
1.24078156313e-07 0.0107580002565 0.941429207982 1.05563528305
1.24659318637e-07 0.0106801490826 0.938589490988 1.058792957
1.25240480962e-07 0.0106022979086 0.935749773994 1.06195063095
1.25821643287e-07 0.0105244467347 0.932910057 1.0651083049
1.26402805611e-07 0.0104465955608 0.930070340006 1.06826597885
1.26983967936e-07 0.010352434484 0.926696897227 1.07216241396
1.27565130261e-07 0.0101947572217 0.921244948743 1.0789358307
1.28146292585e-07 0.0100370799594 0.915793000259 1.08570924744
1.2872745491e-07 0.00987940269705 0.910341051775 1.09248266418
1.29308617234e-07 0.00972172543472 0.904889103291 1.09925608092
1.29889779559e-07 0.00956404817238 0.899437154807 1.10602949765
1.30470941884e-07 0.00940637091005 0.893985206322 1.11280291439
1.31052104208e-07 0.00924869364772 0.888533257838 1.11957633113
1.31633266533e-07 0.00909101638539 0.883081309354 1.12634974787
1.32214428858e-07 0.00893333912306 0.87762936087 1.13312316461
1.32795591182e-07 0.00877566186073 0.872177412386 1.13989658135
1.33376753507e-07 0.0086179845984 0.866725463902 1.14666999809
1.33957915832e-07 0.00846030733607 0.861273515418 1.15344341483
1.34539078156e-07 0.00814766670883 0.8515763726 1.16851095701
1.35120240481e-07 0.00782249501057 0.841535943279 1.18424920142
1.35701402806e-07 0.00749732331232 0.831495513958 1.19998744583
1.3628256513e-07 0.00717215161407 0.821455084637 1.21572569025
1.36863727455e-07 0.00684697991582 0.811414655315 1.23146393466
1.3744488978e-07 0.00652180821757 0.801374225994 1.24720217907
1.38026052104e-07 0.00619663651932 0.791333796673 1.26294042349
1.38607214429e-07 0.00587146482106 0.781293367352 1.2786786679
1.39188376754e-07 0.00554629312281 0.771252938031 1.29441691231
1.39769539078e-07 0.00522112142456 0.761212508709 1.31015515673
1.40350701403e-07 0.00489594972631 0.751172079388 1.32589340114
1.40931863727e-07 0.00457077802806 0.741131650067 1.34163164555
1.41513026052e-07 0.00411670813557 0.728269353251 1.36570545612
1.42094188377e-07 0.00343059011298 0.710327007957 1.40478531507
1.42675350701e-07 0.00274447209038 0.692384662662 1.44386517402
1.43256513026e-07 0.00205835406779 0.674442317368 1.48294503298
1.43837675351e-07 0.00137223604519 0.656499972073 1.52202489193
1.44418837675e-07 0.000686118022595 0.638557626779 1.56110475088
1.45e-07 0 0.620615281484 1.60018460983
