-1.45e-07 0 	0 	-945261.069199 	
-1.44418837675e-07 0 	0 	-890471.302542 	
-1.43837675351e-07 0 	0 	-837361.808186 	
-1.43256513026e-07 0 	0 	-788034.914893 	
-1.42675350701e-07 0 	0 	-741640.975141 	
-1.42094188377e-07 0 	0 	-697662.358695 	
-1.41513026052e-07 0 	0 	-655920.044501 	
-1.40931863727e-07 0 	0 	-617451.3018 	
-1.40350701403e-07 0 	0 	-580958.635195 	
-1.39769539078e-07 0 	0 	-546191.344096 	
-1.39188376754e-07 0 	0 	-513866.440295 	
-1.38607214429e-07 0 	0 	-483478.65671 	
-1.38026052104e-07 0 	0 	-454404.825622 	
-1.3744488978e-07 0 	0 	-427440.310398 	
-1.36863727455e-07 0 	0 	-402005.769375 	
-1.3628256513e-07 0 	0 	-377560.35495 	
-1.35701402806e-07 0 	0 	-355243.938909 	
-1.35120240481e-07 0 	0 	-333812.686295 	
-1.34539078156e-07 0 	0 	-313574.079801 	
-1.33957915832e-07 0 	0 	-294806.759099 	
-1.33376753507e-07 0 	0 	-276606.388467 	
-1.32795591182e-07 0 	0 	-260070.610413 	
-1.32214428858e-07 0 	0 	-244065.521585 	
-1.31633266533e-07 0 	0 	-229170.068301 	
-1.31052104208e-07 0 	0 	-215092.828937 	
-1.30470941884e-07 0 	0 	-201706.897955 	
-1.29889779559e-07 0 	0 	-189316.951826 	
-1.29308617234e-07 0 	0 	-177316.984276 	
-1.2872745491e-07 0 	0 	-166399.008097 	
-1.28146292585e-07 0 	0 	-155668.530883 	
-1.27565130261e-07 0 	0 	-146030.798206 	
-1.26983967936e-07 0 	0 	-136460.262875 	
-1.26402805611e-07 0 	0 	-127933.011744 	
-1.25821643287e-07 0 	0 	-119419.627087 	
-1.25240480962e-07 0 	0 	-111853.432691 	
-1.24659318637e-07 0 	0 	-104300.988907 	
-1.24078156313e-07 0 	0 	-97565.1460351 	
-1.23496993988e-07 0 	0 	-90883.8290191 	
-1.22915831663e-07 0 	0 	-84864.7517518 	
-1.22334669339e-07 0 	0 	-78970.9466152 	
-1.21753507014e-07 0 	0 	-73570.5946592 	
-1.21172344689e-07 0 	0 	-68386.6783225 	
-1.20591182365e-07 0 	0 	-63521.0203958 	
-1.2001002004e-07 0 	0 	-58975.1434474 	
-1.19428857715e-07 0 	0 	-54572.6685925 	
-1.18847695391e-07 0 	0 	-50598.5270312 	
-1.18266533066e-07 0 	0 	-46624.3854699 	
-1.17685370741e-07 0 	0 	-43135.4125623 	
-1.17104208417e-07 0 	0 	-39672.0104939 	
-1.16523046092e-07 0 	0 	-36479.1756791 	
-1.15941883768e-07 0 	0 	-33470.5801782 	
-1.15360721443e-07 0 	0 	-30536.4494582 	
-1.14779559118e-07 0 	0 	-27931.5390868 	
-1.14198396794e-07 0 	0 	-25326.6287154 	
-1.13617234469e-07 0 	0 	-22977.8793157 	
-1.13036072144e-07 0 	0 	-20730.0879404 	
-1.1245490982e-07 0 	0 	-18542.7727148 	
-1.11873747495e-07 0 	0 	-16609.8303115 	
-1.1129258517e-07 0 	0 	-14676.8879082 	
-1.10711422846e-07 0 	0 	-12911.9723375 	
-1.10130260521e-07 0 	0 	-11255.644579 	
-1.09549098196e-07 0 	0 	-9599.31682046 	
-1.08967935872e-07 0 	0 	-8175.93868633 	
-1.08386773547e-07 0 	0 	-6761.7670491 	
-1.07805611222e-07 0 	0 	-5401.30162995 	
-1.07224448898e-07 0 	0 	-4198.34575197 	
-1.06643286573e-07 0 	0 	-2995.38987399 	
-1.06062124248e-07 0 	0 	-1881.05570008 	
-1.05480961924e-07 0 	0 	-861.639619894 	
-1.04899799599e-07 0 	0 	157.776460296 	
-1.04318637275e-07 0 	0 	1074.52300466 	
-1.0373747495e-07 0 	0 	1935.05917149 	
-1.03156312625e-07 0 	0 	2795.59533833 	
-1.02575150301e-07 0 	0 	3554.36908805 	
-1.01993987976e-07 0 	0 	4277.91062034 	
-1.01412825651e-07 0 	0 	5001.45215263 	
-1.00831663327e-07 0 	0 	5634.27181176 	
-1.00250501002e-07 0 	0 	6240.16276083 	
-9.96693386774e-08 0 	0 	6846.05370991 	
-9.90881763527e-08 0 	0 	7378.54195672 	
-9.85070140281e-08 0 	0 	7883.80928796 	
-9.79258517034e-08 0 	0 	8389.07661919 	
-9.73446893788e-08 0 	0 	8841.52975131 	
-9.67635270541e-08 0 	0 	9261.09732856 	
-9.61823647295e-08 0 	0 	9680.66490581 	
-9.56012024048e-08 0 	0 	10068.9959725 	
-9.50200400802e-08 0 	0 	10415.8876197 	
-9.44388777555e-08 0 	0 	10762.7792668 	
-9.38577154309e-08 0 	0 	11099.3402406 	
-9.32765531062e-08 0 	0 	11384.8712656 	
-9.26953907816e-08 0 	0 	11670.4022905 	
-9.21142284569e-08 0 	0 	11955.9333154 	
-9.15330661323e-08 0 	0 	12198.6489863 	
-9.09519038076e-08 0 	0 	12432.605772 	
-9.0370741483e-08 0 	0 	12666.5625577 	
-8.97895791583e-08 0 	0 	12882.6801878 	
-8.92084168337e-08 0 	0 	13073.487581 	
-8.8627254509e-08 0 	0 	13264.2949741 	
-8.80460921844e-08 0 	0 	13455.1023673 	
-8.74649298597e-08 0 	0 	13612.9866601 	
-8.68837675351e-08 0 	0 	13767.8630488 	
-8.63026052104e-08 0 	0 	13922.7394376 	
-8.57214428858e-08 0 	0 	14067.585571 	
-8.51402805611e-08 0 	0 	14192.6857173 	
-8.45591182365e-08 0 	0 	14317.7858636 	
-8.39779559118e-08 0 	0 	14442.8860099 	
-8.33967935872e-08 0 	0 	14551.4563111 	
-8.28156312625e-08 0 	0 	14652.0021101 	
-8.22344689379e-08 0 	0 	14752.5479091 	
-8.16533066132e-08 0 	0 	14853.0937081 	
-8.10721442886e-08 0 	0 	14935.0378964 	
-8.04909819639e-08 0 	0 	15015.4373538 	
-7.99098196393e-08 0 	0 	15095.8368112 	
-7.93286573146e-08 0 	0 	15174.8349163 	
-7.874749499e-08 0 	0 	15238.7897606 	
-7.81663326653e-08 0 	0 	15302.744605 	
-7.75851703407e-08 0 	0 	15366.6994494 	
-7.7004008016e-08 0 	0 	15428.5607144 	
-7.64228456914e-08 0 	0 	15479.16313 	
-7.58416833667e-08 0 	0 	15529.7655456 	
-7.52605210421e-08 0 	0 	15580.3679612 	
-7.46793587174e-08 0 	0 	15629.5045764 	
-7.40981963928e-08 0 	0 	15669.3236163 	
-7.35170340681e-08 0 	0 	15709.1426562 	
-7.29358717435e-08 0 	0 	15748.9616961 	
-7.23547094188e-08 0 	0 	15788.6035885 	
-7.17735470942e-08 0 	0 	15819.7618911 	
-7.11923847695e-08 0 	0 	15850.9201937 	
-7.06112224449e-08 0 	0 	15882.0784963 	
-7.00300601202e-08 0 	0 	15913.2367989 	
-6.94488977956e-08 0 	0 	15938.8053604 	
-6.88677354709e-08 0 	0 	15963.0468248 	
-6.82865731463e-08 0 	0 	15987.2882893 	
-6.77054108216e-08 0 	0 	16011.5297537 	
-6.7124248497e-08 0 	0 	16033.0431817 	
-6.65430861723e-08 0 	0 	16051.7922836 	
-6.59619238477e-08 0 	0 	16070.5413854 	
-6.5380761523e-08 0 	0 	16089.2904873 	
-6.47995991984e-08 0 	0 	16107.6762403 	
-6.42184368737e-08 0 	0 	16122.0896861 	
-6.36372745491e-08 0 	0 	16136.5031319 	
-6.30561122244e-08 0 	0 	16150.9165777 	
-6.24749498998e-08 0 	0 	16165.3300236 	
-6.18937875752e-08 0 	0 	16177.8142678 	
-6.13126252505e-08 0 	0 	16188.8256824 	
-6.07314629259e-08 0 	0 	16199.837097 	
-6.01503006012e-08 0 	0 	16210.8485116 	
-5.95691382766e-08 0 	0 	16221.8599262 	
-5.89879759519e-08 0 	0 	16230.3666648 	
-5.84068136273e-08 0 	0 	16238.7249861 	
-5.78256513026e-08 0 	0 	16247.0833075 	
-5.7244488978e-08 0 	0 	16255.4416288 	
-5.66633266533e-08 0 	0 	16263.363529 	
-5.60821643287e-08 0 	0 	16269.6657798 	
-5.5501002004e-08 0 	0 	16275.9680306 	
-5.49198396794e-08 0 	0 	16282.2702814 	
-5.43386773547e-08 0 	0 	16288.5725322 	
-5.37575150301e-08 0 	0 	16294.2904012 	
-5.31763527054e-08 0 	0 	16299.0094626 	
-5.25951903808e-08 0 	0 	16303.728524 	
-5.20140280561e-08 0 	0 	16308.4475855 	
-5.14328657315e-08 0 	0 	16313.1666469 	
-5.08517034068e-08 0 	0 	16317.3867346 	
-5.02705410822e-08 0 	0 	16320.8947234 	
-4.96893787575e-08 0 	0 	16324.4027122 	
-4.91082164329e-08 0 	0 	16327.910701 	
-4.85270541082e-08 0 	0 	16331.4186898 	
-4.79458917836e-08 0 	0 	16334.6154176 	
-4.73647294589e-08 0 	0 	16337.2032154 	
-4.67835671343e-08 0 	0 	16339.7910131 	
-4.62024048096e-08 0 	0 	16342.3788108 	
-4.5621242485e-08 0 	0 	16344.9666085 	
-4.50400801603e-08 0 	0 	16347.4536477 	
-4.44589178357e-08 0 	0 	16349.3471012 	
-4.3877755511e-08 0 	0 	16351.2405547 	
-4.32965931864e-08 0 	0 	16353.1340082 	
-4.27154308617e-08 0 	0 	16355.0274617 	
-4.21342685371e-08 0 	0 	16356.9209152 	
-4.15531062124e-08 0 	0 	16358.3827281 	
-4.09719438878e-08 0 	0 	16359.7559886 	
-4.03907815631e-08 0 	0 	16361.129249 	
-3.98096192385e-08 0 	0 	16362.5025094 	
-3.92284569138e-08 0 	0 	16363.8757698 	
-3.86472945892e-08 0 	0 	16365.0984114 	
-3.80661322645e-08 0 	0 	16366.0848259 	
-3.74849699399e-08 0 	0 	16367.0712404 	
-3.69038076152e-08 0 	0 	16368.0576549 	
-3.63226452906e-08 0 	0 	16369.0440694 	
-3.57414829659e-08 0 	0 	16370.0304839 	
-3.51603206413e-08 0 	0 	16370.7825531 	
-3.45791583166e-08 0 	0 	16371.4834987 	
-3.3997995992e-08 0 	0 	16372.1844443 	
-3.34168336673e-08 0 	0 	16372.8853899 	
-3.28356713427e-08 0 	0 	16373.5863355 	
-3.2254509018e-08 0 	0 	16374.2619034 	
-3.16733466934e-08 0 	0 	16374.7538837 	
-3.10921843687e-08 0 	0 	16375.2458641 	
-3.05110220441e-08 0 	0 	16375.7378444 	
-2.99298597194e-08 0 	0 	16376.2298248 	
-2.93486973948e-08 0 	0 	16376.7218052 	
-2.87675350701e-08 0 	0 	16377.1701223 	
-2.81863727455e-08 0 	0 	16377.5104214 	
-2.76052104208e-08 0 	0 	16377.8507206 	
-2.70240480962e-08 0 	0 	16378.1910198 	
-2.64428857715e-08 0 	0 	16378.5313189 	
-2.58617234469e-08 0 	0 	16378.8716181 	
-2.52805611222e-08 0 	0 	16379.1773147 	
-2.46993987976e-08 0 	0 	16379.4084606 	
-2.41182364729e-08 0 	0 	16379.6396064 	
-2.35370741483e-08 0 	0 	16379.8707523 	
-2.29559118236e-08 0 	0 	16380.1018982 	
-2.2374749499e-08 0 	0 	16380.3330441 	
-2.17935871743e-08 0 	0 	16380.548169 	
-2.12124248497e-08 0 	0 	16380.7014131 	
-2.0631262525e-08 0 	0 	16380.8546572 	
-2.00501002004e-08 0 	0 	16381.0079013 	
-1.94689378758e-08 0 	0 	16381.1611454 	
-1.88877755511e-08 0 	0 	16381.3143895 	
-1.83066132265e-08 0 	0 	16381.4676336 	
-1.77254509018e-08 0 	0 	16381.5683604 	
-1.71442885772e-08 0 	0 	16381.6663519 	
-1.65631262525e-08 0 	0 	16381.7643435 	
-1.59819639279e-08 0 	0 	16381.8623351 	
-1.54008016032e-08 0 	0 	16381.9603266 	
-1.48196392786e-08 0 	0 	16382.0583182 	
-1.42384769539e-08 0 	0 	16382.1348249 	
-1.36573146293e-08 0 	0 	16382.1936209 	
-1.30761523046e-08 0 	0 	16382.2524169 	
-1.249498998e-08 0 	0 	16382.3112129 	
-1.19138276553e-08 0 	0 	16382.3700089 	
-1.13326653307e-08 0 	0 	16382.4288049 	
-1.0751503006e-08 0 	0 	16382.4876009 	
-1.01703406814e-08 0 	0 	16382.518255 	
-9.58917835671e-09 0 	0 	16382.5487718 	
-9.00801603206e-09 0 	0 	16382.5792885 	
-8.42685370741e-09 0 	0 	16382.6098053 	
-7.84569138277e-09 0 	0 	16382.6403221 	
-7.26452905812e-09 0 	0 	16382.6708388 	
-6.68336673347e-09 0 	0 	16382.6951536 	
-6.10220440882e-09 0 	0 	16382.7041313 	
-5.52104208417e-09 0 	0 	16382.713109 	
-4.93987975952e-09 0 	0 	16382.7220867 	
-4.35871743487e-09 0 	0 	16382.7310644 	
-3.77755511022e-09 0 	0 	16382.7400421 	
-3.19639278557e-09 0 	0 	16382.7490198 	
-2.61523046092e-09 0 	0 	16382.7501856 	
-2.03406813627e-09 0 	0 	16382.7406913 	
-1.45290581162e-09 0 	0 	16382.7311971 	
-8.71743486974e-10 0 	0 	16382.7217029 	
-2.90581162324e-10 0 	0 	16382.7122086 	
2.90581162325e-10 0 	0 	16382.7027144 	
8.71743486974e-10 0 	0 	16382.6932201 	
1.45290581162e-09 0 	0 	16382.6761689 	
2.03406813627e-09 0 	0 	16382.6476077 	
2.61523046092e-09 0 	0 	16382.6190465 	
3.19639278557e-09 0 	0 	16382.5904853 	
3.77755511022e-09 0 	0 	16382.5619241 	
4.35871743487e-09 0 	0 	16382.5333629 	
4.93987975952e-09 0 	0 	16382.5048017 	
5.52104208417e-09 0 	0 	16382.4713513 	
6.10220440882e-09 0 	0 	16382.4188734 	
6.68336673347e-09 0 	0 	16382.3663954 	
7.26452905812e-09 0 	0 	16382.3139174 	
7.84569138277e-09 0 	0 	16382.2614395 	
8.42685370742e-09 0 	0 	16382.2089615 	
9.00801603206e-09 0 	0 	16382.1564835 	
9.58917835671e-09 0 	0 	16382.1040056 	
1.01703406814e-08 0 	0 	16382.0224661 	
1.0751503006e-08 0 	0 	16381.9355256 	
1.13326653307e-08 0 	0 	16381.848585 	
1.19138276553e-08 0 	0 	16381.7616445 	
1.249498998e-08 0 	0 	16381.6747039 	
1.30761523046e-08 0 	0 	16381.5877634 	
1.36573146293e-08 0 	0 	16381.5008229 	
1.42384769539e-08 0 	0 	16381.397369 	
1.48196392786e-08 0 	0 	16381.2569727 	
1.54008016032e-08 0 	0 	16381.1165764 	
1.59819639279e-08 0 	0 	16380.9761801 	
1.65631262525e-08 0 	0 	16380.8357837 	
1.71442885772e-08 0 	0 	16380.6953874 	
1.77254509018e-08 0 	0 	16380.5549911 	
1.83066132265e-08 0 	0 	16380.4145948 	
1.88877755511e-08 0 	0 	16380.2229587 	
1.94689378758e-08 0 	0 	16379.9967713 	
2.00501002004e-08 0 	0 	16379.7705838 	
2.06312625251e-08 0 	0 	16379.5443964 	
2.12124248497e-08 0 	0 	16379.318209 	
2.17935871743e-08 0 	0 	16379.0920215 	
2.2374749499e-08 0 	0 	16378.8658341 	
2.29559118236e-08 0 	0 	16378.6396467 	
2.35370741483e-08 0 	0 	16378.3148768 	
2.41182364729e-08 0 	0 	16377.9486865 	
2.46993987976e-08 0 	0 	16377.5824961 	
2.52805611222e-08 0 	0 	16377.2163058 	
2.58617234469e-08 0 	0 	16376.8501155 	
2.64428857715e-08 0 	0 	16376.4839252 	
2.70240480962e-08 0 	0 	16376.1177348 	
2.76052104208e-08 0 	0 	16375.7515445 	
2.81863727455e-08 0 	0 	16375.2409493 	
2.87675350701e-08 0 	0 	16374.6438206 	
2.93486973948e-08 0 	0 	16374.046692 	
2.99298597194e-08 0 	0 	16373.4495633 	
3.05110220441e-08 0 	0 	16372.8524347 	
3.10921843687e-08 0 	0 	16372.255306 	
3.16733466934e-08 0 	0 	16371.6581774 	
3.2254509018e-08 0 	0 	16371.0610488 	
3.28356713427e-08 0 	0 	16370.3268802 	
3.34168336673e-08 0 	0 	16369.3451791 	
3.3997995992e-08 0 	0 	16368.363478 	
3.45791583166e-08 0 	0 	16367.381777 	
3.51603206413e-08 0 	0 	16366.4000759 	
3.57414829659e-08 0 	0 	16365.4183748 	
3.63226452906e-08 0 	0 	16364.4366737 	
3.69038076152e-08 0 	0 	16363.4549726 	
3.74849699399e-08 0 	0 	16362.4732715 	
3.80661322645e-08 0 	0 	16360.9141339 	
3.86472945892e-08 0 	0 	16359.2856722 	
3.92284569138e-08 0 	0 	16357.6572106 	
3.98096192385e-08 0 	0 	16356.028749 	
4.03907815631e-08 0 	0 	16354.4002874 	
4.09719438878e-08 0 	0 	16352.7718258 	
4.15531062124e-08 0 	0 	16351.1433642 	
4.21342685371e-08 0 	0 	16349.5149026 	
4.27154308617e-08 0 	0 	16347.633462 	
4.32965931864e-08 0 	0 	16344.9057038 	
4.3877755511e-08 0 	0 	16342.1779456 	
4.44589178357e-08 0 	0 	16339.4501874 	
4.50400801603e-08 0 	0 	16336.7224292 	
4.5621242485e-08 0 	0 	16333.994671 	
4.62024048096e-08 0 	0 	16331.2669128 	
4.67835671343e-08 0 	0 	16328.5391546 	
4.73647294589e-08 0 	0 	16325.8113964 	
4.79458917836e-08 0 	0 	16322.3965321 	
4.85270541082e-08 0 	0 	16317.7790473 	
4.91082164329e-08 0 	0 	16313.1615626 	
4.96893787575e-08 0 	0 	16308.5440778 	
5.02705410822e-08 0 	0 	16303.9265931 	
5.08517034068e-08 0 	0 	16299.3091083 	
5.14328657315e-08 0 	0 	16294.6916236 	
5.20140280561e-08 0 	0 	16290.0741388 	
5.25951903808e-08 0 	0 	16285.4566541 	
5.31763527054e-08 0 	0 	16279.8909936 	
5.37575150301e-08 0 	0 	16271.986198 	
5.43386773547e-08 0 	0 	16264.0814024 	
5.49198396794e-08 0 	0 	16256.1766069 	
5.5501002004e-08 0 	0 	16248.2718113 	
5.60821643287e-08 0 	0 	16240.3670157 	
5.66633266533e-08 0 	0 	16232.4622201 	
5.7244488978e-08 0 	0 	16224.5574245 	
5.78256513026e-08 0 	0 	16216.6526289 	
5.84068136273e-08 0 	0 	16208.7478333 	
5.89879759519e-08 0 	0 	16195.0553259 	
5.95691382766e-08 0 	0 	16181.3612057 	
6.01503006012e-08 0 	0 	16167.6670854 	
6.07314629259e-08 0 	0 	16153.9729652 	
6.13126252505e-08 0 	0 	16140.2788449 	
6.18937875752e-08 0 	0 	16126.5847246 	
6.24749498998e-08 0 	0 	16112.8906044 	
6.30561122244e-08 0 	0 	16099.1964841 	
6.36372745491e-08 0 	0 	16085.5023639 	
6.42184368737e-08 0 	0 	16066.7236452 	
6.47995991984e-08 0 	0 	16042.7041008 	
6.5380761523e-08 0 	0 	16018.6845563 	
6.59619238477e-08 0 	0 	15994.6650119 	
6.65430861723e-08 0 	0 	15970.6454674 	
6.7124248497e-08 0 	0 	15946.625923 	
6.77054108216e-08 0 	0 	15922.6063785 	
6.82865731463e-08 0 	0 	15898.5868341 	
6.88677354709e-08 0 	0 	15874.5672896 	
6.94488977956e-08 0 	0 	15850.5477452 	
7.00300601202e-08 0 	0 	15812.3233635 	
7.06112224449e-08 0 	0 	15769.648396 	
7.11923847695e-08 0 	0 	15726.9734286 	
7.17735470942e-08 0 	0 	15684.2984611 	
7.23547094188e-08 0 	0 	15641.6234937 	
7.29358717435e-08 0 	0 	15598.9485262 	
7.35170340681e-08 0 	0 	15556.2735588 	
7.40981963928e-08 0 	0 	15513.5985913 	
7.46793587174e-08 0 	0 	15470.9236239 	
7.52605210421e-08 0 	0 	15428.2486564 	
7.58416833667e-08 0 	0 	15358.2015272 	
7.64228456914e-08 0 	0 	15281.3732126 	
7.7004008016e-08 0 	0 	15204.5448979 	
7.75851703407e-08 0 	0 	15127.7165833 	
7.81663326653e-08 0 	0 	15050.8882686 	
7.874749499e-08 0 	0 	14974.059954 	
7.93286573146e-08 0 	0 	14897.2316393 	
7.99098196393e-08 0 	0 	14820.4033247 	
8.04909819639e-08 0 	0 	14743.57501 	
8.10721442886e-08 0 	0 	14666.7466954 	
8.16533066132e-08 0 	0 	14551.4448473 	
8.22344689379e-08 0 	0 	14411.2435845 	
8.28156312625e-08 0 	0 	14271.0423217 	
8.33967935872e-08 0 	0 	14130.8410589 	
8.39779559118e-08 0 	0 	13990.6397961 	
8.45591182365e-08 0 	0 	13850.4385333 	
8.51402805611e-08 0 	0 	13710.2372705 	
8.57214428858e-08 0 	0 	13570.0360077 	
8.63026052104e-08 0 	0 	13429.8347449 	
8.68837675351e-08 0 	0 	13289.6334821 	
8.74649298597e-08 0 	0 	13128.8244916 	
8.80460921844e-08 0 	0 	12869.4081939 	
8.8627254509e-08 0 	0 	12609.9918962 	
8.92084168337e-08 0 	0 	12350.5755984 	
8.97895791583e-08 0 	0 	12091.1593007 	
9.0370741483e-08 0 	0 	11831.743003 	
9.09519038076e-08 0 	0 	11572.3267052 	
9.15330661323e-08 0 	0 	11312.9104075 	
9.21142284569e-08 0 	0 	11053.4941097 	
9.26953907816e-08 0 	0 	10794.077812 	
9.32765531062e-08 0 	0 	10534.6615143 	
9.38577154309e-08 0 	0 	10163.1035035 	
9.44388777555e-08 0 	0 	9676.26457995 	
9.50200400802e-08 0 	0 	9189.42565635 	
9.56012024048e-08 0 	0 	8702.58673275 	
9.61823647295e-08 0 	0 	8215.74780916 	
9.67635270541e-08 0 	0 	7728.90888556 	
9.73446893788e-08 0 	0 	7242.06996196 	
9.79258517034e-08 0 	0 	6755.23103836 	
9.85070140281e-08 0 	0 	6268.39211476 	
9.90881763527e-08 0 	0 	5781.55319117 	
9.96693386774e-08 0 	0 	5294.71426757 	
1.00250501002e-07 0 	0 	4560.53420186 	
1.00831663327e-07 0 	0 	3633.60923874 	
1.01412825651e-07 0 	0 	2706.68427562 	
1.01993987976e-07 0 	0 	1779.7593125 	
1.02575150301e-07 0 	0 	852.834349383 	
1.03156312625e-07 0 	0 	-74.0906137372 	
1.0373747495e-07 0 	0 	-1001.01557686 	
1.04318637275e-07 0 	0 	-1927.94053998 	
1.04899799599e-07 0 	0 	-2854.8655031 	
1.05480961924e-07 0 	0 	-3781.79046622 	
1.06062124248e-07 0 	0 	-4708.71542934 	
1.06643286573e-07 0 	0 	-5958.60112722 	
1.07224448898e-07 0 	0 	-7749.65687572 	
1.07805611222e-07 0 	0 	-9540.71262421 	
1.08386773547e-07 0 	0 	-11331.7683727 	
1.08967935872e-07 0 	0 	-13122.8241212 	
1.09549098196e-07 0 	0 	-14913.8798697 	
1.10130260521e-07 0 	0 	-16704.9356182 	
1.10711422846e-07 0 	0 	-18495.9913667 	
1.1129258517e-07 0 	0 	-20287.0471152 	
1.11873747495e-07 0 	0 	-22078.1028637 	
1.1245490982e-07 0 	0 	-23869.1586122 	
1.13036072144e-07 0 	0 	-25660.2143607 	
1.13617234469e-07 0 	0 	-29039.6039477 	
1.14198396794e-07 0 	0 	-32553.0278338 	
1.14779559118e-07 0 	0 	-36066.4517199 	
1.15360721443e-07 0 	0 	-39579.875606 	
1.15941883768e-07 0 	0 	-43093.2994921 	
1.16523046092e-07 0 	0 	-46606.7233782 	
1.17104208417e-07 0 	0 	-50120.1472643 	
1.17685370741e-07 0 	0 	-53633.5711504 	
1.18266533066e-07 0 	0 	-57146.9950364 	
1.18847695391e-07 0 	0 	-60660.4189225 	
1.19428857715e-07 0 	0 	-64173.8428086 	
1.2001002004e-07 0 	0 	-68388.7014766 	
1.20591182365e-07 0 	0 	-75389.1969494 	
1.21172344689e-07 0 	0 	-82389.6924223 	
1.21753507014e-07 0 	0 	-89390.1878952 	
1.22334669339e-07 0 	0 	-96390.683368 	
1.22915831663e-07 0 	0 	-103391.178841 	
1.23496993988e-07 0 	0 	-110391.674314 	
1.24078156313e-07 0 	0 	-117392.169787 	
1.24659318637e-07 0 	0 	-124392.66526 	
1.25240480962e-07 0 	0 	-131393.160732 	
1.25821643287e-07 0 	0 	-138393.656205 	
1.26402805611e-07 0 	0 	-145394.151678 	
1.26983967936e-07 0 	0 	-153862.50615 	
1.27565130261e-07 0 	0 	-168047.191714 	
1.28146292585e-07 0 	0 	-182231.877278 	
1.2872745491e-07 0 	0 	-196416.562842 	
1.29308617234e-07 0 	0 	-210601.248406 	
1.29889779559e-07 0 	0 	-224785.93397 	
1.30470941884e-07 0 	0 	-238970.619534 	
1.31052104208e-07 0 	0 	-253155.305098 	
1.31633266533e-07 0 	0 	-267339.990662 	
1.32214428858e-07 0 	0 	-281524.676226 	
1.32795591182e-07 0 	0 	-295709.36179 	
1.33376753507e-07 0 	0 	-309894.047354 	
1.33957915832e-07 0 	0 	-324078.732918 	
1.34539078156e-07 0 	0 	-352297.925407 	
1.35120240481e-07 0 	0 	-381652.014542 	
1.35701402806e-07 0 	0 	-411006.103676 	
1.3628256513e-07 0 	0 	-440360.192811 	
1.36863727455e-07 0 	0 	-469714.281945 	
1.3744488978e-07 0 	0 	-499068.371079 	
1.38026052104e-07 0 	0 	-528422.460214 	
1.38607214429e-07 0 	0 	-557776.549348 	
1.39188376754e-07 0 	0 	-587130.638483 	
1.39769539078e-07 0 	0 	-616484.727617 	
1.40350701403e-07 0 	0 	-645838.816751 	
1.40931863727e-07 0 	0 	-675192.905886 	
1.41513026052e-07 0 	0 	-708175.323079 	
1.42094188377e-07 0 	0 	-747689.614102 	
1.42675350701e-07 0 	0 	-787203.905125 	
1.43256513026e-07 0 	0 	-826718.196148 	
1.43837675351e-07 0 	0 	-866232.48717 	
1.44418837675e-07 0 	0 	-905746.778193 	
1.45e-07 0 	0 	-945261.069216 	
