-1.45e-07 -0.00156976291681 0.815927377876 1.22338612622
-1.44418837675e-07 -0.00127614040539 0.825282895639 1.20956632671
-1.43837675351e-07 -0.000998803984998 0.834228665801 1.19656234479
-1.43256513026e-07 -0.000741558279529 0.842682254625 1.18458285544
-1.42675350701e-07 -0.000500034254661 0.850738552817 1.17338575506
-1.42094188377e-07 -0.000271523910232 0.858459939733 1.16282707508
-1.41513026052e-07 -5.51053756269e-05 0.865866251635 1.15285570632
-1.40931863727e-07 0.000143486863422 0.872795838593 1.14373236536
-1.40350701403e-07 0.000331245363826 0.879428145069 1.13511384172
-1.39769539078e-07 0.000509526850087 0.885798452499 1.12693430033
-1.39188376754e-07 0.000674335891101 0.891790045858 1.11937040524
-1.38607214429e-07 0.000828400124295 0.897472705187 1.11228859928
-1.38026052104e-07 0.000975162732231 0.902943797854 1.10553236525
-1.3744488978e-07 0.00111016620546 0.908069589148 1.0992947575
-1.36863727455e-07 0.00123660093962 0.912938768183 1.09342906476
-1.3628256513e-07 0.00135749338632 0.917641626682 1.08780353011
-1.35701402806e-07 0.00146641186568 0.921979273163 1.08269002997
-1.35120240481e-07 0.0015703326688 0.926161874835 1.07778731451
-1.34539078156e-07 0.00166751973327 0.930135573175 1.0731686048
-1.33957915832e-07 0.00175637009137 0.933846530814 1.06889706194
-1.33376753507e-07 0.00184200581092 0.937455875732 1.06475907329
-1.32795591182e-07 0.00191817815871 0.94076259236 1.06101058922
-1.32214428858e-07 0.00199132414248 0.943971218386 1.05738534385
-1.31633266533e-07 0.00205814220227 0.946974743551 1.05401778235
-1.31052104208e-07 0.00212028069046 0.949824704169 1.05083893897
-1.30470941884e-07 0.0021784654118 0.952544918205 1.04781954339
-1.29889779559e-07 0.00223093828186 0.955075548976 1.04502848327
-1.29308617234e-07 0.00228117467247 0.957531948283 1.04232682806
-1.2872745491e-07 0.0023251899363 0.959779700197 1.039871917
-1.28146292585e-07 0.00236812713716 0.961991295472 1.03745976439
-1.27565130261e-07 0.00240476595196 0.963989635906 1.03529567676
-1.26983967936e-07 0.00244101745314 0.965974862424 1.03314684366
-1.26402805611e-07 0.00247124155885 0.967754238583 1.03123394196
-1.25821643287e-07 0.00250138555339 0.969530878749 1.02932417605
-1.25240480962e-07 0.00252604504485 0.971118737492 1.02762794015
-1.24659318637e-07 0.00255062491633 0.972703855645 1.02593480411
-1.24078156313e-07 0.00257046625485 0.974124712923 1.02442530549
-1.23496993988e-07 0.00258999119332 0.975534602218 1.02292806866
-1.22915831663e-07 0.0026056653609 0.976810154922 1.02157948519
-1.22334669339e-07 0.00262061110002 0.978060295936 1.02025902164
-1.21753507014e-07 0.00263268180056 0.979209568727 1.01904918964
-1.21172344689e-07 0.00264349146808 0.980314599274 1.01788788222
-1.20591182365e-07 0.00265244328207 0.981354119023 1.01679788268
-1.2001002004e-07 0.00265952835445 0.982327814566 1.01577953216
-1.19428857715e-07 0.00266577475808 0.983271805215 1.01479330893
-1.18847695391e-07 0.00266951610939 0.984127069157 1.0139030479
-1.18266533066e-07 0.0026732574607 0.9849823331 1.01301278688
-1.17685370741e-07 0.00267415630937 0.985736523228 1.01223126657
-1.17104208417e-07 0.00267490534378 0.986485386255 1.01145547744
-1.16523046092e-07 0.00267406646768 0.987177593165 1.01074038417
-1.15941883768e-07 0.00267214632422 0.987831220815 1.01006662097
-1.15360721443e-07 0.00266978844408 0.988469183889 1.00940958426
-1.14779559118e-07 0.00266549526216 0.989037891436 1.00882649795
-1.14198396794e-07 0.00266120208024 0.989606598983 1.00824341164
-1.13617234469e-07 0.00265540071749 0.990121197975 1.00771796256
-1.13036072144e-07 0.00264900495132 0.990614471733 1.00721522943
-1.1245490982e-07 0.0026422525958 0.991094924231 1.00672613132
-1.11873747495e-07 0.00263400036572 0.991521448363 1.0062943844
-1.1129258517e-07 0.00262574813563 0.991947972494 1.00586263748
-1.10711422846e-07 0.00261650377305 0.992338757175 1.00546886174
-1.10130260521e-07 0.00260661824207 0.992706445136 1.00509962498
-1.09549098196e-07 0.00259673271108 0.993074133097 1.00473038822
-1.08967935872e-07 0.00258546990676 0.99339212682 1.00441392757
-1.08386773547e-07 0.00257415267067 0.993708156557 1.0040995527
-1.07805611222e-07 0.00256251752262 0.994012698894 1.00379737802
-1.07224448898e-07 0.00254995000269 0.994283550997 1.00353098401
-1.06643286573e-07 0.00253738248275 0.994554403099 1.00326459001
-1.06062124248e-07 0.00252428979261 0.994806253192 1.0030183834
-1.05480961924e-07 0.00251063461999 0.995037751223 1.00279379846
-1.04899799599e-07 0.00249697944738 0.995269249253 1.00256921352
-1.04318637275e-07 0.00248271525878 0.995478682015 1.00236808015
-1.0373747495e-07 0.00246811764099 0.995676034299 1.00217978623
-1.03156312625e-07 0.00245352002321 0.995873386583 1.00199149231
-1.02575150301e-07 0.00243831825302 0.996048818196 1.00182650349
-1.01993987976e-07 0.00242290731297 0.996216660428 1.00166958337
-1.01412825651e-07 0.00240749637293 0.996384502659 1.00151266324
-1.00831663327e-07 0.00239154644007 0.996532755412 1.00137656853
-1.00250501002e-07 0.00237543651955 0.996675193476 1.00124665536
-9.96693386774e-08 0.00235932659903 0.99681763154 1.00111674219
-9.90881763527e-08 0.0023427803344 0.996944177512 1.00100371107
-9.85070140281e-08 0.00232607225438 0.997064830005 1.00089694055
-9.79258517034e-08 0.00230936417437 0.997185482498 1.00079017003
-9.73446893788e-08 0.00229234201319 0.997294664656 1.00069556195
-9.67635270541e-08 0.00227512428464 0.997396704637 1.00060852701
-9.61823647295e-08 0.0022579065561 0.997498744618 1.00052149207
-9.56012024048e-08 0.00224050302617 0.997593974591 1.00044165339
-9.50200400802e-08 0.00222285300577 0.997680170177 1.00037136152
-9.44388777555e-08 0.00220520298538 0.997766365763 1.00030106964
-9.38577154309e-08 0.00218749151473 0.997850298234 1.00023315586
-9.32765531062e-08 0.00216947650107 0.997923051701 1.00017698899
-9.26953907816e-08 0.00215146148741 0.997995805168 1.00012082213
-9.21142284569e-08 0.00213344647376 0.998068558635 1.00006465526
-9.15330661323e-08 0.00211517683099 0.99813187445 1.00001832086
-9.09519038076e-08 0.00209685509787 0.998193259572 0.999973997907
-9.0370741483e-08 0.00207853336475 0.998254644694 0.999929674958
-8.97895791583e-08 0.00206010558632 0.998312065986 0.999889430428
-8.92084168337e-08 0.00204152735057 0.998363863388 0.999854972367
-8.8627254509e-08 0.00202294911481 0.998415660789 0.999820514306
-8.80460921844e-08 0.00200437087906 0.99846745819 0.999786056245
-8.74649298597e-08 0.00198559706944 0.998511863882 0.999759071029
-8.68837675351e-08 0.0019668053919 0.998555594255 0.999732768543
-8.63026052104e-08 0.00194801371436 0.998599324629 0.999706466057
-8.57214428858e-08 0.00192916251349 0.998640772711 0.99968241583
-8.51402805611e-08 0.00191019413246 0.998677727777 0.999662799493
-8.45591182365e-08 0.00189122575143 0.998714682844 0.999643183156
-8.39779559118e-08 0.00187225737039 0.99875163791 0.99962356682
-8.33967935872e-08 0.00185319102509 0.998784766592 0.999607605408
-8.28156312625e-08 0.00183407712251 0.998816037735 0.999593418299
-8.22344689379e-08 0.00181496321992 0.998847308878 0.99957923119
-8.16533066132e-08 0.00179584931734 0.99887858002 0.999565044082
-8.10721442886e-08 0.00177662535812 0.998905450055 0.999554882484
-8.04909819639e-08 0.00175739225949 0.998931954609 0.999545055176
-7.99098196393e-08 0.00173815916086 0.998958459162 0.999535227869
-7.93286573146e-08 0.00171891778842 0.998984622905 0.999525694996
-7.874749499e-08 0.00169958759819 0.999007128096 0.999519322831
-7.81663326653e-08 0.00168025740795 0.999029633288 0.999512950665
-7.75851703407e-08 0.00166092721771 0.99905213848 0.9995065785
-7.7004008016e-08 0.00164158469797 0.99907411675 0.999500628846
-7.64228456914e-08 0.0016221758726 0.999093261339 0.999496951373
-7.58416833667e-08 0.00160276704723 0.999112405928 0.9994932739
-7.52605210421e-08 0.00158335822186 0.999131550517 0.999489596427
-7.46793587174e-08 0.00156394079026 0.999150310295 0.999486198967
-7.40981963928e-08 0.00154446865182 0.999166623972 0.999484581445
-7.35170340681e-08 0.00152499651339 0.999182937648 0.999482963923
-7.29358717435e-08 0.00150552437496 0.999199251325 0.999481346401
-7.23547094188e-08 0.00148605120015 0.999215516054 0.999479760263
-7.17735470942e-08 0.0014665283936 0.999229436687 0.999479677083
-7.11923847695e-08 0.00144700558704 0.999243357321 0.999479593903
-7.06112224449e-08 0.00142748278048 0.999257277954 0.999479510723
-7.00300601202e-08 0.00140795997392 0.999271198588 0.999479427543
-6.94488977956e-08 0.00138840460284 0.99928347726 0.999480235804
-6.88677354709e-08 0.0013688415004 0.999295366103 0.999481255706
-6.82865731463e-08 0.00134927839796 0.999307254946 0.999482275609
-6.77054108216e-08 0.00132971529552 0.99931914379 0.999483295512
-6.7124248497e-08 0.00131013637777 0.999330171422 0.99948468945
-6.65430861723e-08 0.00129054143433 0.999340326386 0.999486462399
-6.59619238477e-08 0.00127094649088 0.999350481351 0.999488235348
-6.5380761523e-08 0.00125135154744 0.999360636315 0.999490008298
-6.47995991984e-08 0.00123175450943 0.999370666593 0.999491820854
-6.42184368737e-08 0.00121213457258 0.99937933373 0.999494066423
-6.36372745491e-08 0.00119251463573 0.999388000867 0.999496311991
-6.30561122244e-08 0.00117289469889 0.999396668005 0.999498557559
-6.24749498998e-08 0.00115327476204 0.999405335142 0.999500803127
-6.18937875752e-08 0.00113364377613 0.999413274263 0.99950319135
-6.13126252505e-08 0.00111400435493 0.999420657587 0.999505688482
-6.07314629259e-08 0.00109436493372 0.999428040911 0.999508185614
-6.01503006012e-08 0.00107472551252 0.999435424235 0.999510682746
-5.95691382766e-08 0.00105508609132 0.999442807559 0.999513179877
-5.89879759519e-08 0.00103543243128 0.999449139643 0.999515753369
-5.84068136273e-08 0.0010157779275 0.999455409435 0.999518331384
-5.78256513026e-08 0.000996123423717 0.999461679227 0.9995209094
-5.7244488978e-08 0.000976468919937 0.999467949019 0.999523487416
-5.66633266533e-08 0.000956811955971 0.999474012908 0.999526055391
-5.60821643287e-08 0.000937145861742 0.999479312649 0.999528586101
-5.5501002004e-08 0.000917479767514 0.99948461239 0.999531116812
-5.49198396794e-08 0.000897813673285 0.999489912131 0.999533647522
-5.43386773547e-08 0.000878147579057 0.999495211873 0.999536178232
-5.37575150301e-08 0.000858478221724 0.999500198724 0.999538657301
-5.31763527054e-08 0.000838803287192 0.999504650792 0.999541048107
-5.25951903808e-08 0.000819128352661 0.999509102861 0.999543438912
-5.20140280561e-08 0.000799453418129 0.99951355493 0.999545829717
-5.14328657315e-08 0.000779778483598 0.999518006999 0.999548220523
-5.08517034068e-08 0.00076010079233 0.999522153443 0.999550527714
-5.02705410822e-08 0.00074041916685 0.999525863723 0.999552715579
-4.96893787575e-08 0.00072073754137 0.999529574002 0.999554903443
-4.91082164329e-08 0.00070105591589 0.999533284281 0.999557091307
-4.85270541082e-08 0.00068137429041 0.999536994561 0.999559279172
-4.79458917836e-08 0.000661690965402 0.999540485394 0.999561385288
-4.73647294589e-08 0.000642004315551 0.999543546915 0.999563331478
-4.67835671343e-08 0.000622317665701 0.999546608437 0.999565277668
-4.62024048096e-08 0.00060263101585 0.999549669958 0.999567223857
-4.5621242485e-08 0.000582944365999 0.99955273148 0.999569170047
-4.50400801603e-08 0.000563257173036 0.999555710902 0.999571078407
-4.44589178357e-08 0.000543566780507 0.99955820666 0.9995727639
-4.3877755511e-08 0.000523876387977 0.999560702419 0.999574449393
-4.32965931864e-08 0.000504185995448 0.999563198177 0.999576134886
-4.27154308617e-08 0.000484495602919 0.999565693935 0.999577820379
-4.21342685371e-08 0.000464805210389 0.999568189694 0.999579505872
-4.15531062124e-08 0.00044511252329 0.999570278279 0.999580972294
-4.09719438878e-08 0.000425419365451 0.999572283331 0.999582393773
-4.03907815631e-08 0.000405726207613 0.999574288384 0.999583815252
-3.98096192385e-08 0.000386033049775 0.999576293436 0.999585236731
-3.92284569138e-08 0.000366339891936 0.999578298489 0.999586658209
-3.86472945892e-08 0.000346645945084 0.999580139201 0.999587980353
-3.80661322645e-08 0.000326950760761 0.999581722166 0.999589146703
-3.74849699399e-08 0.000307255576437 0.999583305131 0.999590313053
-3.69038076152e-08 0.000287560392114 0.999584888096 0.999591479402
-3.63226452906e-08 0.000267865207791 0.999586471061 0.999592645752
-3.57414829659e-08 0.000248170023467 0.999588054026 0.999593812101
-3.51603206413e-08 0.000228473629988 0.999589342356 0.99959478381
-3.45791583166e-08 0.000208776972724 0.999590566409 0.999595713057
-3.3997995992e-08 0.00018908031546 0.999591790462 0.999596642304
-3.34168336673e-08 0.000169383658196 0.999593014515 0.999597571551
-3.28356713427e-08 0.000149687000932 0.999594238569 0.999598500798
-3.2254509018e-08 0.000129990214706 0.999595426116 0.999599404224
-3.16733466934e-08 0.000110292495544 0.999596349576 0.999600120849
-3.10921843687e-08 9.0594776381e-05 0.999597273035 0.999600837475
-3.05110220441e-08 7.08970572184e-05 0.999598196494 0.999601554101
-2.99298597194e-08 5.11993380557e-05 0.999599119953 0.999602270727
-2.93486973948e-08 3.15016188931e-05 0.999600043413 0.999602987353
-2.87675350701e-08 1.18036811577e-05 0.999600895804 0.999603651
-2.81863727455e-08 -7.89479730206e-06 0.999601572382 0.999604183582
-2.76052104208e-08 -2.75932757618e-05 0.99960224896 0.999604716165
-2.70240480962e-08 -4.72917542216e-05 0.999602925538 0.999605248747
-2.64428857715e-08 -6.69902326813e-05 0.999603602115 0.999605781329
-2.58617234469e-08 -8.66887111411e-05 0.999604278693 0.999606313911
-2.52805611222e-08 -0.000106387360227 0.999604892571 0.999606797846
-2.46993987976e-08 -0.000126086376926 0.999605371362 0.99960717697
-2.41182364729e-08 -0.000145785393625 0.999605850153 0.999607556093
-2.35370741483e-08 -0.000165484410324 0.999606328944 0.999607935217
-2.29559118236e-08 -0.000185183427023 0.999606807735 0.999608314341
-2.2374749499e-08 -0.000204882443722 0.999607286526 0.999608693465
-2.17935871743e-08 -0.000224581538089 0.999607733742 0.999609047351
-2.12124248497e-08 -0.000244280932446 0.999608059 0.999609303754
-2.0631262525e-08 -0.000263980326803 0.999608384258 0.999609560156
-2.00501002004e-08 -0.00028367972116 0.999608709516 0.999609816559
-1.94689378758e-08 -0.000303379115517 0.999609034774 0.999610072962
-1.88877755511e-08 -0.000323078509874 0.999609360032 0.999610329365
-1.83066132265e-08 -0.000342777904232 0.999609685289 0.999610585768
-1.77254509018e-08 -0.000362477546818 0.999609901709 0.999610753296
-1.71442885772e-08 -0.000382177202333 0.99961011246 0.999610916196
-1.65631262525e-08 -0.000401876857848 0.999610323211 0.999611079095
-1.59819639279e-08 -0.000421576513363 0.999610533962 0.999611241994
-1.54008016032e-08 -0.000441276168878 0.999610744712 0.999611404894
-1.48196392786e-08 -0.000460975824392 0.999610955463 0.999611567793
-1.42384769539e-08 -0.00048067557639 0.999611121689 0.999611693783
-1.36573146293e-08 -0.00050037540792 0.999611251211 0.999611789348
-1.30761523046e-08 -0.000520075239451 0.999611380732 0.999611884912
-1.249498998e-08 -0.000539775070981 0.999611510254 0.999611980476
-1.19138276553e-08 -0.000559474902512 0.999611639776 0.999612076041
-1.13326653307e-08 -0.000579174734042 0.999611769298 0.999612171605
-1.0751503006e-08 -0.000598874565573 0.99961189882 0.99961226717
-1.01703406814e-08 -0.000618574508849 0.999611974279 0.999612317308
-9.58917835671e-09 -0.00063827445267 0.999612049475 0.999612367225
-9.00801603206e-09 -0.000657974396491 0.99961212467 0.999612417141
-8.42685370741e-09 -0.000677674340312 0.999612199866 0.999612467058
-7.84569138277e-09 -0.000697374284134 0.999612275062 0.999612516975
-7.26452905812e-09 -0.000717074227955 0.999612350257 0.999612566891
-6.68336673347e-09 -0.00073677418963 0.999612415514 0.999612608221
-6.10220440882e-09 -0.000756474195458 0.999612456191 0.999612628314
-5.52104208417e-09 -0.000776174201285 0.999612496869 0.999612648408
-4.93987975952e-09 -0.000795874207112 0.999612537547 0.999612668501
-4.35871743487e-09 -0.00081557421294 0.999612578225 0.999612688594
-3.77755511022e-09 -0.000835274218767 0.999612618902 0.999612708688
-3.19639278557e-09 -0.000854974224594 0.99961265958 0.999612728781
-2.61523046092e-09 -0.000874674238167 0.999612690701 0.999612739891
-2.03406813627e-09 -0.000894374262308 0.999612708782 0.999612738741
-1.45290581162e-09 -0.00091407428645 0.999612726862 0.999612737592
-8.71743486974e-10 -0.000933774310592 0.999612744942 0.999612736442
-2.90581162324e-10 -0.000953474334733 0.999612763023 0.999612735293
2.90581162325e-10 -0.000973174358875 0.999612781103 0.999612734143
8.71743486974e-10 -0.000992874383017 0.999612799184 0.999612732994
1.45290581162e-09 -0.00101257439708 0.999612809569 0.999612723385
2.03406813627e-09 -0.00103227439578 0.999612808234 0.99961270089
2.61523046092e-09 -0.00105197439448 0.9996128069 0.999612678396
3.19639278557e-09 -0.00107167439318 0.999612805565 0.999612655902
3.77755511022e-09 -0.00109137439188 0.99961280423 0.999612633407
4.35871743487e-09 -0.00111107439058 0.999612802896 0.999612610913
4.93987975952e-09 -0.00113077438928 0.999612801561 0.999612588419
5.52104208417e-09 -0.00115047437225 0.999612794944 0.999612559448
6.10220440882e-09 -0.00117017429397 0.999612767773 0.999612505272
6.68336673347e-09 -0.00118987421569 0.999612740602 0.999612451096
7.26452905812e-09 -0.00120957413741 0.99961271343 0.999612396919
7.84569138277e-09 -0.00122927405913 0.999612686259 0.999612342743
8.42685370742e-09 -0.00124897398085 0.999612659087 0.999612288567
9.00801603206e-09 -0.00126867390258 0.999612631916 0.999612234391
9.58917835671e-09 -0.0012883738243 0.999612604744 0.999612180215
1.01703406814e-08 -0.00130807362215 0.999612541589 0.999612080504
1.0751503006e-08 -0.00132777339698 0.999612471746 0.999611972332
1.13326653307e-08 -0.00134747317181 0.999612401904 0.999611864159
1.19138276553e-08 -0.00136717294664 0.999612332061 0.999611755986
1.249498998e-08 -0.00138687272147 0.999612262218 0.999611647813
1.30761523046e-08 -0.0014065724963 0.999612192375 0.99961153964
1.36573146293e-08 -0.00142627227113 0.999612122532 0.999611431468
1.42384769539e-08 -0.00144597196823 0.999612030903 0.999611295397
1.48196392786e-08 -0.00146567149144 0.999611890533 0.999611096915
1.54008016032e-08 -0.00148537101466 0.999611750163 0.999610898434
1.59819639279e-08 -0.00150507053787 0.999611609793 0.999610699952
1.65631262525e-08 -0.00152477006108 0.999611469423 0.999610501471
1.71442885772e-08 -0.00154446958429 0.999611329053 0.999610302989
1.77254509018e-08 -0.0015641691075 0.999611188683 0.999610104508
1.83066132265e-08 -0.00158386863071 0.999611048313 0.999609906026
1.88877755511e-08 -0.00160356790405 0.999610842516 0.999609622111
1.94689378758e-08 -0.00162326700888 0.9996105926 0.999609280587
2.00501002004e-08 -0.00164296611371 0.999610342685 0.999608939064
2.06312625251e-08 -0.00166266521855 0.999610092769 0.99960859754
2.12124248497e-08 -0.00168236432338 0.999609842854 0.999608256017
2.17935871743e-08 -0.00170206342822 0.999609592938 0.999607914493
2.2374749499e-08 -0.00172176253305 0.999609343023 0.99960757297
2.29559118236e-08 -0.00174146163789 0.999609093108 0.999607231446
2.35370741483e-08 -0.00176116025415 0.999608731278 0.999606738369
2.41182364729e-08 -0.00178085866513 0.999608322427 0.999606181615
2.46993987976e-08 -0.00180055707612 0.999607913575 0.999605624862
2.52805611222e-08 -0.0018202554871 0.999607504724 0.999605068108
2.58617234469e-08 -0.00183995389809 0.999607095872 0.999604511354
2.64428857715e-08 -0.00185965230907 0.999606687021 0.9996039546
2.70240480962e-08 -0.00187935072006 0.999606278169 0.999603397846
2.76052104208e-08 -0.00189904913104 0.999605869318 0.999602841093
2.81863727455e-08 -0.00191874681703 0.999605325308 0.999602089945
2.87675350701e-08 -0.00193844406856 0.999604700304 0.999601222309
2.93486973948e-08 -0.0019581413201 0.999604075301 0.999600354673
2.99298597194e-08 -0.00197783857163 0.999603450297 0.999599487037
3.05110220441e-08 -0.00199753582316 0.999602825294 0.9995986194
3.10921843687e-08 -0.0020172330747 0.99960220029 0.999597751764
3.16733466934e-08 -0.00203693032623 0.999601575287 0.999596884128
3.2254509018e-08 -0.00205662757777 0.999600950284 0.999596016492
3.28356713427e-08 -0.00207632413127 0.999600227115 0.999594993601
3.34168336673e-08 -0.00209601942395 0.999599326632 0.999593690279
3.3997995992e-08 -0.00211571471662 0.999598426149 0.999592386956
3.45791583166e-08 -0.00213541000929 0.999597525666 0.999591083633
3.51603206413e-08 -0.00215510530196 0.999596625183 0.999589780311
3.57414829659e-08 -0.00217480059464 0.9995957247 0.999588476988
3.63226452906e-08 -0.00219449588731 0.999594824217 0.999587173665
3.69038076152e-08 -0.00221419117998 0.999593923734 0.999585870342
3.74849699399e-08 -0.00223388647265 0.999593023252 0.99958456702
3.80661322645e-08 -0.00225357877623 0.999591832082 0.999582729447
3.86472945892e-08 -0.00227327072095 0.999590606013 0.999580827735
3.92284569138e-08 -0.00229296266567 0.999589379945 0.999578926023
3.98096192385e-08 -0.00231265461039 0.999588153877 0.999577024311
4.03907815631e-08 -0.00233234655511 0.999586927808 0.999575122599
4.09719438878e-08 -0.00235203849983 0.99958570174 0.999573220887
4.15531062124e-08 -0.00237173044455 0.999584475672 0.999571319175
4.21342685371e-08 -0.00239142238928 0.999583249604 0.999569417464
4.27154308617e-08 -0.00241111300237 0.999581944081 0.999567328536
4.32965931864e-08 -0.00243079916064 0.999580372752 0.999564613295
4.3877755511e-08 -0.0024504853189 0.999578801422 0.999561898053
4.44589178357e-08 -0.00247017147717 0.999577230093 0.999559182812
4.50400801603e-08 -0.00248985763543 0.999575658763 0.999556467571
4.5621242485e-08 -0.0025095437937 0.999574087434 0.99955375233
4.62024048096e-08 -0.00252922995196 0.999572516105 0.999551037089
4.67835671343e-08 -0.00254891611023 0.999570944775 0.999548321848
4.73647294589e-08 -0.0025686022685 0.999569373446 0.999545606606
4.79458917836e-08 -0.00258828475147 0.999567694519 0.999542488911
4.85270541082e-08 -0.00260796080171 0.999565827268 0.999538666813
4.91082164329e-08 -0.00262763685195 0.999563960017 0.999534844714
4.96893787575e-08 -0.00264731290218 0.999562092766 0.999531022616
5.02705410822e-08 -0.00266698895242 0.999560225515 0.999527200518
5.08517034068e-08 -0.00268666500265 0.999558358264 0.999523378419
5.14328657315e-08 -0.00270634105289 0.999556491013 0.999519556321
5.20140280561e-08 -0.00272601710313 0.999554623762 0.999515734223
5.25951903808e-08 -0.00274569315336 0.999552756511 0.999511912124
5.31763527054e-08 -0.00276536405822 0.999550858053 0.999507649864
5.37575150301e-08 -0.00278502226949 0.999548882606 0.999502301733
5.43386773547e-08 -0.00280468048076 0.99954690716 0.999496953602
5.49198396794e-08 -0.00282433869203 0.999544931713 0.999491605471
5.5501002004e-08 -0.0028439969033 0.999542956267 0.99948625734
5.60821643287e-08 -0.00286365511457 0.99954098082 0.999480909209
5.66633266533e-08 -0.00288331332584 0.999539005374 0.999475561077
5.7244488978e-08 -0.00290297153711 0.999537029927 0.999470212946
5.78256513026e-08 -0.00292262974838 0.999535054481 0.999464864815
5.84068136273e-08 -0.00294228795965 0.999533079034 0.999459516684
5.89879759519e-08 -0.00296191437771 0.999531445969 0.999452007442
5.95691382766e-08 -0.00298154078692 0.999529812998 0.999444497598
6.01503006012e-08 -0.00300116719612 0.999528180028 0.999436987754
6.07314629259e-08 -0.00302079360532 0.999526547058 0.99942947791
6.13126252505e-08 -0.00304042001453 0.999524914087 0.999421968066
6.18937875752e-08 -0.00306004642373 0.999523281117 0.999414458222
6.24749498998e-08 -0.00307967283293 0.999521648147 0.999406948378
6.30561122244e-08 -0.00309929924214 0.999520015176 0.999399438534
6.36372745491e-08 -0.00311892565134 0.999518382206 0.99939192869
6.42184368737e-08 -0.00313852385721 0.99951738008 0.999382848442
6.47995991984e-08 -0.00315809299319 0.999517028182 0.999372149537
6.5380761523e-08 -0.00317766212916 0.999516676284 0.999361450633
6.59619238477e-08 -0.00319723126513 0.999516324386 0.999350751728
6.65430861723e-08 -0.0032168004011 0.999515972487 0.999340052824
6.7124248497e-08 -0.00323636953708 0.999515620589 0.999329353919
6.77054108216e-08 -0.00325593867305 0.999515268691 0.999318655014
6.82865731463e-08 -0.00327550780902 0.999514916793 0.99930795611
6.88677354709e-08 -0.003295076945 0.999514564895 0.999297257205
6.94488977956e-08 -0.00331464608097 0.999514212997 0.999286558301
7.00300601202e-08 -0.00333413585949 0.999516235544 0.999272090622
7.06112224449e-08 -0.00335360077415 0.999519002041 0.99925644213
7.11923847695e-08 -0.00337306568881 0.999521768537 0.999240793638
7.17735470942e-08 -0.00339253060347 0.999524535033 0.999225145146
7.23547094188e-08 -0.00341199551812 0.99952730153 0.999209496654
7.29358717435e-08 -0.00343146043278 0.999530068026 0.999193848163
7.35170340681e-08 -0.00345092534744 0.999532834523 0.999178199671
7.40981963928e-08 -0.0034703902621 0.999535601019 0.999162551179
7.46793587174e-08 -0.00348985517676 0.999538367516 0.999146902687
7.52605210421e-08 -0.00350932009142 0.999541134012 0.999131254196
7.58416833667e-08 -0.00352863137236 0.999549202297 0.99910910356
7.64228456914e-08 -0.00354790459206 0.999558584047 0.999085342081
7.7004008016e-08 -0.00356717781176 0.999567965798 0.999061580603
7.75851703407e-08 -0.00358645103146 0.999577347549 0.999037819124
7.81663326653e-08 -0.00360572425116 0.9995867293 0.999014057646
7.874749499e-08 -0.00362499747086 0.999596111051 0.998990296167
7.93286573146e-08 -0.00364427069056 0.999605492802 0.998966534689
7.99098196393e-08 -0.00366354391026 0.999614874552 0.998942773211
8.04909819639e-08 -0.00368281712995 0.999624256303 0.998919011732
8.10721442886e-08 -0.00370209034965 0.999633638054 0.998895250254
8.16533066132e-08 -0.00372114713146 0.999651035756 0.998862990276
8.22344689379e-08 -0.00374006383835 0.999673621245 0.998825230214
8.28156312625e-08 -0.00375898054524 0.999696206734 0.998787470152
8.33967935872e-08 -0.00377789725213 0.999718792223 0.99874971009
8.39779559118e-08 -0.00379681395902 0.999741377711 0.998711950028
8.45591182365e-08 -0.00381573066591 0.9997639632 0.998674189966
8.51402805611e-08 -0.0038346473728 0.999786548689 0.998636429905
8.57214428858e-08 -0.00385356407969 0.999809134178 0.998598669843
8.63026052104e-08 -0.00387248078657 0.999831719667 0.998560909781
8.68837675351e-08 -0.00389139749346 0.999854305156 0.998523149719
8.74649298597e-08 -0.00391019826554 0.999881320582 0.998481030596
8.80460921844e-08 -0.00392844429329 0.999929533113 0.998418053507
8.8627254509e-08 -0.00394669032103 0.999977745645 0.998355076417
8.92084168337e-08 -0.00396493634878 1.00002595818 0.998292099328
8.97895791583e-08 -0.00398318237653 1.00007417071 0.998229122239
9.0370741483e-08 -0.00400142840428 1.00012238324 0.99816614515
9.09519038076e-08 -0.00401967443203 1.00017059577 0.998103168061
9.15330661323e-08 -0.00403792045978 1.0002188083 0.998040190971
9.21142284569e-08 -0.00405616648752 1.00026702083 0.997977213882
9.26953907816e-08 -0.00407441251527 1.00031523336 0.997914236793
9.32765531062e-08 -0.00409265854302 1.0003634459 0.997851259704
9.38577154309e-08 -0.00411027503338 1.00043593758 0.997765128331
9.44388777555e-08 -0.0041272443636 1.00053338807 0.997655194513
9.50200400802e-08 -0.00414421369383 1.00063083855 0.997545260695
9.56012024048e-08 -0.00416118302406 1.00072828904 0.997435326877
9.61823647295e-08 -0.00417815235429 1.00082573952 0.997325393059
9.67635270541e-08 -0.00419512168452 1.00092319001 0.997215459241
9.73446893788e-08 -0.00421209101475 1.0010206405 0.997105525423
9.79258517034e-08 -0.00422906034497 1.00111809098 0.996995591605
9.85070140281e-08 -0.0042460296752 1.00121554147 0.996885657787
9.90881763527e-08 -0.00426299900543 1.00131299195 0.996775723969
9.96693386774e-08 -0.00427996833566 1.00141044244 0.996665790151
1.00250501002e-07 -0.00429555505592 1.00156111289 0.996505517896
1.00831663327e-07 -0.00431006435324 1.00175325594 0.996306018536
1.01412825651e-07 -0.00432457365057 1.00194539898 0.996106519176
1.01993987976e-07 -0.0043390829479 1.00213754202 0.995907019816
1.02575150301e-07 -0.00435359224523 1.00232968506 0.995707520456
1.03156312625e-07 -0.00436810154256 1.00252182811 0.995508021096
1.0373747495e-07 -0.00438261083988 1.00271397115 0.995308521736
1.04318637275e-07 -0.00439712013721 1.00290611419 0.995109022376
1.04899799599e-07 -0.00441162943454 1.00309825723 0.994909523016
1.05480961924e-07 -0.00442613873187 1.00329040028 0.994710023656
1.06062124248e-07 -0.0044406480292 1.00348254332 0.994510524296
1.06643286573e-07 -0.00445336351949 1.00374334306 0.994246107778
1.07224448898e-07 -0.00446307321205 1.00411918758 0.993872912646
1.07805611222e-07 -0.00447278290462 1.0044950321 0.993499717514
1.08386773547e-07 -0.00448249259718 1.00487087662 0.993126522382
1.08967935872e-07 -0.00449220228975 1.00524672115 0.99275332725
1.09549098196e-07 -0.00450191198231 1.00562256567 0.992380132117
1.10130260521e-07 -0.00451162167487 1.00599841019 0.992006936985
1.10711422846e-07 -0.00452133136744 1.00637425471 0.991633741853
1.1129258517e-07 -0.00453104106 1.00675009924 0.991260546721
1.11873747495e-07 -0.00454075075256 1.00712594376 0.990887351588
1.1245490982e-07 -0.00455046044513 1.00750178828 0.990514156456
1.13036072144e-07 -0.00456017013769 1.0078776328 0.990140961324
1.13617234469e-07 -0.00456113369574 1.00858715478 0.989453950825
1.14198396794e-07 -0.0045613591961 1.00932483471 0.988740458474
1.14779559118e-07 -0.00456158469646 1.01006251464 0.988026966123
1.15360721443e-07 -0.00456181019682 1.01080019457 0.987313473772
1.15941883768e-07 -0.00456203569718 1.0115378745 0.986599981421
1.16523046092e-07 -0.00456226119754 1.01227555442 0.98588648907
1.17104208417e-07 -0.0045624866979 1.01301323435 0.985172996719
1.17685370741e-07 -0.00456271219826 1.01375091428 0.984459504369
1.18266533066e-07 -0.00456293769862 1.01448859421 0.983746012018
1.18847695391e-07 -0.00456316319899 1.01522627414 0.983032519667
1.19428857715e-07 -0.00456338869935 1.01596395407 0.982319027316
1.2001002004e-07 -0.00455979508867 1.01684826772 0.981471029001
1.20591182365e-07 -0.00454103448525 1.01831491394 0.980088861618
1.21172344689e-07 -0.00452227388182 1.01978156017 0.978706694236
1.21753507014e-07 -0.00450351327839 1.02124820639 0.977324526853
1.22334669339e-07 -0.00448475267496 1.02271485261 0.975942359471
1.22915831663e-07 -0.00446599207153 1.02418149883 0.974560192088
1.23496993988e-07 -0.00444723146811 1.02564814505 0.973178024706
1.24078156313e-07 -0.00442847086468 1.02711479127 0.971795857323
1.24659318637e-07 -0.00440971026125 1.02858143749 0.970413689941
1.25240480962e-07 -0.00439094965782 1.03004808372 0.969031522558
1.25821643287e-07 -0.00437218905439 1.03151472994 0.967649355175
1.26402805611e-07 -0.00435342845097 1.03298137616 0.966267187793
1.26983967936e-07 -0.00432679845999 1.03475848844 0.964618841979
1.27565130261e-07 -0.00426952245686 1.0377446588 0.961933908833
1.28146292585e-07 -0.00421224645374 1.04073082916 0.959248975687
1.2872745491e-07 -0.00415497045061 1.04371699952 0.956564042541
1.29308617234e-07 -0.00409769444749 1.04670316987 0.953879109395
1.29889779559e-07 -0.00404041844436 1.04968934023 0.95119417625
1.30470941884e-07 -0.00398314244124 1.05267551059 0.948509243104
1.31052104208e-07 -0.00392586643811 1.05566168095 0.945824309958
1.31633266533e-07 -0.00386859043498 1.05864785131 0.943139376812
1.32214428858e-07 -0.00381131443186 1.06163402167 0.940454443666
1.32795591182e-07 -0.00375403842873 1.06462019203 0.93776951052
1.33376753507e-07 -0.00369676242561 1.06760636239 0.935084577374
1.33957915832e-07 -0.00363948642248 1.07059253274 0.932399644228
1.34539078156e-07 -0.00350891918973 1.07667827406 0.927438558657
1.35120240481e-07 -0.00337242528133 1.08301466135 0.922293412629
1.35701402806e-07 -0.00323593137292 1.08935104863 0.917148266602
1.3628256513e-07 -0.00309943746451 1.09568743592 0.912003120574
1.36863727455e-07 -0.0029629435561 1.10202382321 0.906857974547
1.3744488978e-07 -0.00282644964769 1.1083602105 0.901712828519
1.38026052104e-07 -0.00268995573929 1.11469659779 0.896567682492
1.38607214429e-07 -0.00255346183088 1.12103298508 0.891422536464
1.39188376754e-07 -0.00241696792247 1.12736937236 0.886277390436
1.39769539078e-07 -0.00228047401406 1.13370575965 0.881132244409
1.40350701403e-07 -0.00214398010566 1.14004214694 0.875987098381
1.40931863727e-07 -0.00200748619725 1.14637853423 0.870841952354
1.41513026052e-07 -0.00181189439482 1.15543391092 0.864046386042
1.42094188377e-07 -0.00150991199569 1.16938413047 0.854279661419
1.42675350701e-07 -0.00120792959655 1.18333435003 0.844512936797
1.43256513026e-07 -0.000905947197412 1.19728456958 0.834746212175
1.43837675351e-07 -0.000603964798274 1.21123478914 0.824979487552
1.44418837675e-07 -0.000301982399137 1.22518500869 0.81521276293
1.45e-07 0 1.23913522825 0.805446038308
