-1.45e-07 0.025 1.09725510022 0.909891076618
-1.44418837675e-07 0.0248093482143 1.0893111984 0.916538380812
-1.43837675351e-07 0.0246259405882 1.08192089211 0.922779630162
-1.43256513026e-07 0.0244516147598 1.07523991886 0.928510989983
-1.42675350701e-07 0.0242838053293 1.06906859581 0.933865076063
-1.42094188377e-07 0.0241210891742 1.0632962682 0.938919756452
-1.41513026052e-07 0.023964457178 1.05800139515 0.943610949737
-1.40931863727e-07 0.0238140966081 1.05320141545 0.947915192077
-1.40350701403e-07 0.0236670258117 1.04866208042 0.952012981305
-1.39769539078e-07 0.0235255437362 1.04456725893 0.955754285978
-1.39188376754e-07 0.0233879582958 1.0407855995 0.959238326469
-1.38607214429e-07 0.0232530861336 1.03722199894 0.962543230521
-1.38026052104e-07 0.0231234136916 1.03408175919 0.965492300681
-1.3744488978e-07 0.0229948830578 1.03103496377 0.968362267228
-1.36863727455e-07 0.0228713300589 1.02839989776 0.970878573249
-1.3628256513e-07 0.0227486337837 1.02583703447 0.973331561123
-1.35701402806e-07 0.0226298199508 1.02360137458 0.975497608111
-1.35120240481e-07 0.0225118440789 1.0214378886 0.977599093013
-1.34539078156e-07 0.0223971855971 1.01956013075 0.979444984119
-1.33957915832e-07 0.0222829855722 1.01772285524 0.981253962206
-1.33376753507e-07 0.0221719279197 1.0161630553 0.982809929778
-1.32795591182e-07 0.0220608702672 1.01460325535 0.984365897351
-1.32214428858e-07 0.0219527489603 1.01331013567 0.985674125442
-1.31633266533e-07 0.0218447718909 1.01203011572 0.986970184208
-1.31052104208e-07 0.021738547622 1.0109143693 0.988110816709
-1.30470941884e-07 0.0216331694797 1.00987792239 0.989176420544
-1.29889779559e-07 0.0215284090175 1.00890141341 0.990184272413
-1.29308617234e-07 0.0214251902289 1.00807450407 0.991047980631
-1.2872745491e-07 0.0213219714402 1.00724759474 0.991911688849
-1.28146292585e-07 0.0212201337358 1.00655991002 0.992638768296
-1.27565130261e-07 0.0211186793422 1.00591086617 0.993327927329
-1.26983967936e-07 0.0210174500352 1.00528547312 0.993993438921
-1.26402805611e-07 0.0209174111522 1.00478516285 0.994533885445
-1.25821643287e-07 0.0208173722692 1.00428485259 0.99507433197
-1.25240480962e-07 0.0207177886535 1.003834566 0.995563789824
-1.24659318637e-07 0.0206188627835 1.00345655094 0.995979581994
-1.24078156313e-07 0.0205199369134 1.00307853587 0.996395374164
-1.23496993988e-07 0.0204214619696 1.00275249578 0.996757116989
-1.22915831663e-07 0.0203233921425 1.00247315054 0.997070301328
-1.22334669339e-07 0.0202253223154 1.0021938053 0.997383485666
-1.21753507014e-07 0.0201275775157 1.0019538776 0.997654809373
-1.21172344689e-07 0.0200301502932 1.00175246392 0.997885231972
-1.20591182365e-07 0.0199327230706 1.00155105023 0.998115654571
-1.2001002004e-07 0.0198354552943 1.00137003895 0.998323925123
-1.19428857715e-07 0.0197384977364 1.00122872258 0.998489096658
-1.18847695391e-07 0.0196415401785 1.00108740621 0.998654268193
-1.18266533066e-07 0.0195445895673 1.00094703013 0.998818394606
-1.17685370741e-07 0.0194479653295 1.00085083086 0.998933418748
-1.17104208417e-07 0.0193513410917 1.0007546316 0.999048442889
-1.16523046092e-07 0.0192547168539 1.00065843233 0.999163467031
-1.15941883768e-07 0.019158216867 1.0005800645 0.999258173354
-1.15360721443e-07 0.0190618216539 1.00051673291 0.999335746813
-1.14779559118e-07 0.0189654264409 1.00045340132 0.999413320272
-1.14198396794e-07 0.0188690312278 1.00039006974 0.999490893731
-1.13617234469e-07 0.0187727722115 1.00034750245 0.999544176572
-1.13036072144e-07 0.0186765288596 1.00030732333 0.999594665663
-1.1245490982e-07 0.0185802855077 1.00026714422 0.999645154755
-1.11873747495e-07 0.0184840494932 1.00022815542 0.999694212032
-1.1129258517e-07 0.0183879029745 1.00020368512 0.999725805161
-1.10711422846e-07 0.0182917564558 1.00017921483 0.99975739829
-1.10130260521e-07 0.0181956099371 1.00015474454 0.999788991418
-1.09549098196e-07 0.0180994676093 1.00013099858 0.999819687199
-1.08967935872e-07 0.018003380241 1.00011675138 0.999838615412
-1.08386773547e-07 0.0179072928727 1.00010250419 0.999857543624
-1.07805611222e-07 0.0178112055044 1.00008825699 0.999876471837
-1.07224448898e-07 0.017715118136 1.00007400979 0.999895400049
-1.06643286573e-07 0.0176190608698 1.00006530992 0.999907239057
-1.06062124248e-07 0.0175230079731 1.00005741528 0.999918049023
-1.05480961924e-07 0.0174269550763 1.00004952065 0.999928858988
-1.04899799599e-07 0.0173309021796 1.00004162601 0.999939668954
-1.04318637275e-07 0.0172348583216 1.00003550811 0.999948132897
-1.0373747495e-07 0.0171388245072 1.00003136445 0.999953990035
-1.03156312625e-07 0.0170427906927 1.00002722079 0.999959847172
-1.02575150301e-07 0.0169467568782 1.00002307714 0.99996570431
-1.01993987976e-07 0.0168507230638 1.00001893348 0.999971561448
-1.01412825651e-07 0.0167546978625 1.00001659563 0.999974950981
-1.00831663327e-07 0.0166586740352 1.00001454584 0.999977946884
-1.00250501002e-07 0.0165626502079 1.00001249606 0.999980942787
-9.96693386774e-08 0.0164666263806 1.00001044627 0.99998393869
-9.90881763527e-08 0.0163706026974 1.00000842871 0.999986888951
-9.85070140281e-08 0.016274583788 1.00000747802 0.99998832805
-9.79258517034e-08 0.0161785648786 1.00000652734 0.999989767149
-9.73446893788e-08 0.0160825459692 1.00000557665 0.999991206248
-9.67635270541e-08 0.0159865270598 1.00000462597 0.999992645347
-9.61823647295e-08 0.0158905081504 1.00000367529 0.999994084446
-9.56012024048e-08 0.0157944914256 1.00000324451 0.999994758985
-9.50200400802e-08 0.0156984747832 1.00000283334 0.999995404704
-9.44388777555e-08 0.0156024581407 1.00000242216 0.999996050422
-9.38577154309e-08 0.0155064414983 1.00000201099 0.999996696141
-9.32765531062e-08 0.0154104248559 1.00000159981 0.999997341859
-9.26953907816e-08 0.0153144088502 1.00000134976 0.999997741195
-9.21142284569e-08 0.0152183931809 1.00000118483 0.999998010356
-9.15330661323e-08 0.0151223775116 1.0000010199 0.999998279518
-9.09519038076e-08 0.0150263618423 1.00000085498 0.99999854868
-9.0370741483e-08 0.014930346173 1.00000069005 0.999998817841
-8.97895791583e-08 0.0148343305383 1.00000053442 0.999999072193
-8.92084168337e-08 0.014738315256 1.0000004734 0.999999175856
-8.8627254509e-08 0.0146422999738 1.00000041238 0.999999279519
-8.80460921844e-08 0.0145462846915 1.00000035137 0.999999383183
-8.74649298597e-08 0.0144502694092 1.00000029035 0.999999486846
-8.68837675351e-08 0.0143542541269 1.00000022933 0.999999590509
-8.63026052104e-08 0.0142582388811 1.00000017867 0.999999676964
-8.57214428858e-08 0.0141622237406 1.00000015796 0.999999713653
-8.51402805611e-08 0.0140662086002 1.00000013725 0.999999750341
-8.45591182365e-08 0.0139701934598 1.00000011655 0.999999787029
-8.39779559118e-08 0.0138741783193 1.00000009584 0.999999823718
-8.33967935872e-08 0.0137781631789 1.00000007513 0.999999860406
-8.28156312625e-08 0.0136821480453 1.00000005648 0.999999893527
-8.22344689379e-08 0.0135861329525 1.00000005007 0.999999905397
-8.16533066132e-08 0.0134901178597 1.00000004365 0.999999917267
-8.10721442886e-08 0.0133941027669 1.00000003724 0.999999929137
-8.04909819639e-08 0.0132980876741 1.00000003083 0.999999941007
-7.99098196393e-08 0.0132020725813 1.00000002441 0.999999952877
-7.93286573146e-08 0.0131060574886 1.000000018 0.999999964747
-7.874749499e-08 0.0130100424065 1.00000001498 0.999999970449
-7.81663326653e-08 0.0129140273284 1.00000001318 0.999999973942
-7.75851703407e-08 0.0128180122502 1.00000001138 0.999999977435
-7.7004008016e-08 0.012721997172 1.00000000957 0.999999980928
-7.64228456914e-08 0.0126259820939 1.00000000777 0.999999984421
-7.58416833667e-08 0.0125299670157 1.00000000597 0.999999987915
-7.52605210421e-08 0.0124339519376 1.00000000419 0.999999991354
-7.46793587174e-08 0.0123379368635 1.00000000373 0.999999992285
-7.40981963928e-08 0.0122419217894 1.00000000328 0.999999993216
-7.35170340681e-08 0.0121459067153 1.00000000282 0.999999994147
-7.29358717435e-08 0.0120498916412 1.00000000236 0.999999995077
-7.23547094188e-08 0.0119538765671 1.0000000019 0.999999996008
-7.17735470942e-08 0.011857861493 1.00000000145 0.999999996939
-7.11923847695e-08 0.0117618464189 1.00000000099 0.999999997869
-7.06112224449e-08 0.0116658313458 1.00000000088 0.999999998106
-7.00300601202e-08 0.0115698162728 1.00000000077 0.999999998329
-6.94488977956e-08 0.0114738011997 1.00000000066 0.999999998553
-6.88677354709e-08 0.0113777861266 1.00000000056 0.999999998776
-6.82865731463e-08 0.0112817710536 1.00000000045 0.999999999
-6.77054108216e-08 0.0111857559805 1.00000000035 0.999999999223
-6.7124248497e-08 0.0110897409074 1.00000000024 0.999999999447
-6.65430861723e-08 0.0109937258345 1.00000000019 0.999999999564
-6.59619238477e-08 0.0108977107616 1.00000000017 0.999999999612
-6.5380761523e-08 0.0108016956888 1.00000000015 0.999999999661
-6.47995991984e-08 0.010705680616 1.00000000013 0.999999999709
-6.42184368737e-08 0.0106096655431 1.0000000001 0.999999999757
-6.36372745491e-08 0.0105136504703 1.00000000008 0.999999999805
-6.30561122244e-08 0.0104176353974 1.00000000006 0.999999999854
-6.24749498998e-08 0.0103216203246 1.00000000004 0.999999999902
-6.18937875752e-08 0.0102256052518 1.00000000004 0.999999999916
-6.13126252505e-08 0.010129590179 1.00000000003 0.999999999926
-6.07314629259e-08 0.0100335751062 1.00000000003 0.999999999935
-6.01503006012e-08 0.00993756003337 1.00000000003 0.999999999944
-5.95691382766e-08 0.00984154496058 1.00000000002 0.999999999954
-5.89879759519e-08 0.00974552988778 1.00000000002 0.999999999963
-5.84068136273e-08 0.00964951481498 1.00000000001 0.999999999972
-5.78256513026e-08 0.00955349974218 1.00000000001 0.999999999982
-5.7244488978e-08 0.00945748466939 1.00000000001 0.999999999985
-5.66633266533e-08 0.0093614695966 1.00000000001 0.999999999987
-5.60821643287e-08 0.00926545452381 1.00000000001 0.999999999988
-5.5501002004e-08 0.00916943945103 1.00000000001 0.99999999999
-5.49198396794e-08 0.00907342437824 1 0.999999999991
-5.43386773547e-08 0.00897740930545 1 0.999999999993
-5.37575150301e-08 0.00888139423267 1 0.999999999994
-5.31763527054e-08 0.00878537915988 1 0.999999999996
-5.25951903808e-08 0.00868936408709 1 0.999999999997
-5.20140280561e-08 0.00859334901431 1 0.999999999997
-5.14328657315e-08 0.00849733394152 1 0.999999999998
-5.08517034068e-08 0.00840131886874 1 0.999999999998
-5.02705410822e-08 0.00830530379595 1 0.999999999998
-4.96893787575e-08 0.00820928872317 1 0.999999999999
-4.91082164329e-08 0.00811327365038 1 0.999999999999
-4.85270541082e-08 0.00801725857759 1 0.999999999999
-4.79458917836e-08 0.00792124350481 1 1
-4.73647294589e-08 0.00782522843202 1 1
-4.67835671343e-08 0.00772921335924 1 1
-4.62024048096e-08 0.00763319828645 1 1
-4.5621242485e-08 0.00753718321366 1 1
-4.50400801603e-08 0.00744116814088 1 1
-4.44589178357e-08 0.00734515306809 1 1
-4.3877755511e-08 0.00724913799531 1 1
-4.32965931864e-08 0.00715312292252 1 1
-4.27154308617e-08 0.00705710784973 1 1
-4.21342685371e-08 0.00696109277695 1 1
-4.15531062124e-08 0.00686507770416 1 1
-4.09719438878e-08 0.00676906263138 1 1
-4.03907815631e-08 0.00667304755859 1 1
-3.98096192385e-08 0.00657703248581 1 1
-3.92284569138e-08 0.00648101741302 1 1
-3.86472945892e-08 0.00638500234023 1 1
-3.80661322645e-08 0.00628898726745 1 1
-3.74849699399e-08 0.00619297219466 1 1
-3.69038076152e-08 0.00609695712188 1 1
-3.63226452906e-08 0.00600094204909 1 1
-3.57414829659e-08 0.00590492697631 1 1
-3.51603206413e-08 0.00580891190352 1 1
-3.45791583166e-08 0.00571289683074 1 1
-3.3997995992e-08 0.00561688175795 1 1
-3.34168336673e-08 0.00552086668517 1 1
-3.28356713427e-08 0.00542485161238 1 1
-3.2254509018e-08 0.0053288365396 1 1
-3.16733466934e-08 0.00523282146681 1 1
-3.10921843687e-08 0.00513680639402 1 1
-3.05110220441e-08 0.00504079132124 1 1
-2.99298597194e-08 0.00494477624845 1 1
-2.93486973948e-08 0.00484876117567 1 1
-2.87675350701e-08 0.00475274610288 1 1
-2.81863727455e-08 0.0046567310301 1 1
-2.76052104208e-08 0.00456071595731 1 1
-2.70240480962e-08 0.00446470088453 1 1
-2.64428857715e-08 0.00436868581175 1 1
-2.58617234469e-08 0.00427267073896 1 1
-2.52805611222e-08 0.00417665566618 1 1
-2.46993987976e-08 0.00408064059339 1 1
-2.41182364729e-08 0.00398462552061 1 1
-2.35370741483e-08 0.00388861044782 1 1
-2.29559118236e-08 0.00379259537503 1 1
-2.2374749499e-08 0.00369658030225 1 1
-2.17935871743e-08 0.00360056522946 1 1
-2.12124248497e-08 0.00350455015668 1 1
-2.0631262525e-08 0.00340853508389 1 1
-2.00501002004e-08 0.00331252001111 1 1
-1.94689378758e-08 0.00321650493832 1 1
-1.88877755511e-08 0.00312048986553 1 1
-1.83066132265e-08 0.00302447479275 1 1
-1.77254509018e-08 0.00292845971996 1 1
-1.71442885772e-08 0.00283244464718 1 1
-1.65631262525e-08 0.00273642957439 1 1
-1.59819639279e-08 0.00264041450161 1 1
-1.54008016032e-08 0.00254439942882 1 1
-1.48196392786e-08 0.00244838435603 1 1
-1.42384769539e-08 0.00235236928325 1 1
-1.36573146293e-08 0.00225635421046 1 1
-1.30761523046e-08 0.00216033913768 1 1
-1.249498998e-08 0.00206432406489 1 1
-1.19138276553e-08 0.00196830899211 1 1
-1.13326653307e-08 0.00187229391932 1 1
-1.0751503006e-08 0.00177627884654 1 1
-1.01703406814e-08 0.00168026377375 1 1
-9.58917835671e-09 0.00158424870096 1 1
-9.00801603206e-09 0.00148823362818 1 1
-8.42685370741e-09 0.00139221855539 1 1
-7.84569138277e-09 0.00129620348261 1 1
-7.26452905812e-09 0.00120018840982 1 1
-6.68336673347e-09 0.00110417333704 1 1
-6.10220440882e-09 0.00100815826425 1 1
-5.52104208417e-09 0.000912143191464 1 1
-4.93987975952e-09 0.000816128118679 1 1
-4.35871743487e-09 0.000720113045893 1 1
-3.77755511022e-09 0.000624097973107 1 1
-3.19639278557e-09 0.000528082900322 1 1
-2.61523046092e-09 0.000432067827536 1 1
-2.03406813627e-09 0.000336052754751 1 1
-1.45290581162e-09 0.000240037681965 1 1
-8.71743486974e-10 0.00014402260918 1 1
-2.90581162324e-10 4.80075363942e-05 1 1
2.90581162325e-10 -4.80075363913e-05 1 1
8.71743486974e-10 -0.000144022609177 1 1
1.45290581162e-09 -0.000240037681962 1 1
2.03406813627e-09 -0.000336052754748 1 1
2.61523046092e-09 -0.000432067827533 1 1
3.19639278557e-09 -0.000528082900319 1 1
3.77755511022e-09 -0.000624097973104 1 1
4.35871743487e-09 -0.000720113045889 1 1
4.93987975952e-09 -0.000816128118674 1 1
5.52104208417e-09 -0.00091214319146 1 1
6.10220440882e-09 -0.00100815826424 1 1
6.68336673347e-09 -0.00110417333703 1 1
7.26452905812e-09 -0.00120018840982 1 1
7.84569138277e-09 -0.0012962034826 1 1
8.42685370742e-09 -0.00139221855539 1 1
9.00801603206e-09 -0.00148823362817 1 1
9.58917835671e-09 -0.00158424870096 1 1
1.01703406814e-08 -0.00168026377374 1 1
1.0751503006e-08 -0.00177627884653 1 1
1.13326653307e-08 -0.00187229391931 1 1
1.19138276553e-08 -0.0019683089921 1 1
1.249498998e-08 -0.00206432406488 1 1
1.30761523046e-08 -0.00216033913767 1 1
1.36573146293e-08 -0.00225635421045 1 1
1.42384769539e-08 -0.00235236928324 1 1
1.48196392786e-08 -0.00244838435602 1 1
1.54008016032e-08 -0.00254439942881 1 1
1.59819639279e-08 -0.0026404145016 1 1
1.65631262525e-08 -0.00273642957438 1 1
1.71442885772e-08 -0.00283244464717 1 1
1.77254509018e-08 -0.00292845971995 1 1
1.83066132265e-08 -0.00302447479274 1 1
1.88877755511e-08 -0.00312048986552 1 1
1.94689378758e-08 -0.00321650493831 1 1
2.00501002004e-08 -0.0033125200111 1 1
2.06312625251e-08 -0.00340853508388 1 1
2.12124248497e-08 -0.00350455015667 1 1
2.17935871743e-08 -0.00360056522945 1 1
2.2374749499e-08 -0.00369658030224 1 1
2.29559118236e-08 -0.00379259537502 1 1
2.35370741483e-08 -0.00388861044781 1 1
2.41182364729e-08 -0.0039846255206 1 1
2.46993987976e-08 -0.00408064059338 1 1
2.52805611222e-08 -0.00417665566617 1 1
2.58617234469e-08 -0.00427267073895 1 1
2.64428857715e-08 -0.00436868581174 1 1
2.70240480962e-08 -0.00446470088452 1 1
2.76052104208e-08 -0.00456071595731 1 1
2.81863727455e-08 -0.0046567310301 1 1
2.87675350701e-08 -0.00475274610288 1 1
2.93486973948e-08 -0.00484876117567 1 1
2.99298597194e-08 -0.00494477624845 1 1
3.05110220441e-08 -0.00504079132124 1 1
3.10921843687e-08 -0.00513680639402 1 1
3.16733466934e-08 -0.00523282146681 1 1
3.2254509018e-08 -0.0053288365396 1 1
3.28356713427e-08 -0.00542485161238 1 1
3.34168336673e-08 -0.00552086668517 1 1
3.3997995992e-08 -0.00561688175795 1 1
3.45791583166e-08 -0.00571289683074 1 1
3.51603206413e-08 -0.00580891190352 1 1
3.57414829659e-08 -0.00590492697631 1 1
3.63226452906e-08 -0.00600094204909 1 1
3.69038076152e-08 -0.00609695712188 1 1
3.74849699399e-08 -0.00619297219466 1 1
3.80661322645e-08 -0.00628898726745 1 1
3.86472945892e-08 -0.00638500234023 1 1
3.92284569138e-08 -0.00648101741302 1 1
3.98096192385e-08 -0.00657703248581 1 1
4.03907815631e-08 -0.00667304755859 1 1
4.09719438878e-08 -0.00676906263138 1 1
4.15531062124e-08 -0.00686507770416 1 1
4.21342685371e-08 -0.00696109277695 1 1
4.27154308617e-08 -0.00705710784973 1 1
4.32965931864e-08 -0.00715312292252 1 1
4.3877755511e-08 -0.00724913799531 1 1
4.44589178357e-08 -0.00734515306809 1 1
4.50400801603e-08 -0.00744116814088 1 1
4.5621242485e-08 -0.00753718321366 1 1
4.62024048096e-08 -0.00763319828645 1 1
4.67835671343e-08 -0.00772921335924 1 1
4.73647294589e-08 -0.00782522843202 1 1
4.79458917836e-08 -0.00792124350481 1 1
4.85270541082e-08 -0.00801725857759 1 1
4.91082164329e-08 -0.00811327365038 0.999999999999 1
4.96893787575e-08 -0.00820928872317 0.999999999999 1
5.02705410822e-08 -0.00830530379595 0.999999999999 1
5.08517034068e-08 -0.00840131886874 0.999999999999 1
5.14328657315e-08 -0.00849733394152 0.999999999999 1
5.20140280561e-08 -0.00859334901431 0.999999999998 1
5.25951903808e-08 -0.00868936408709 0.999999999998 1
5.31763527054e-08 -0.00878537915988 0.999999999997 1
5.37575150301e-08 -0.00888139423267 0.999999999995 1
5.43386773547e-08 -0.00897740930545 0.999999999994 1
5.49198396794e-08 -0.00907342437824 0.999999999992 1
5.5501002004e-08 -0.00916943945103 0.99999999999 1.00000000001
5.60821643287e-08 -0.00926545452381 0.999999999989 1.00000000001
5.66633266533e-08 -0.0093614695966 0.999999999987 1.00000000001
5.7244488978e-08 -0.00945748466939 0.999999999985 1.00000000001
5.78256513026e-08 -0.00955349974218 0.999999999982 1.00000000001
5.84068136273e-08 -0.00964951481498 0.999999999972 1.00000000001
5.89879759519e-08 -0.00974552988778 0.999999999963 1.00000000002
5.95691382766e-08 -0.00984154496058 0.999999999954 1.00000000002
6.01503006012e-08 -0.00993756003337 0.999999999944 1.00000000003
6.07314629259e-08 -0.0100335751062 0.999999999935 1.00000000003
6.13126252505e-08 -0.010129590179 0.999999999926 1.00000000003
6.18937875752e-08 -0.0102256052518 0.999999999916 1.00000000004
6.24749498998e-08 -0.0103216203246 0.999999999902 1.00000000004
6.30561122244e-08 -0.0104176353974 0.999999999854 1.00000000006
6.36372745491e-08 -0.0105136504702 0.999999999805 1.00000000008
6.42184368737e-08 -0.0106096655431 0.999999999757 1.0000000001
6.47995991984e-08 -0.0107056806159 0.999999999709 1.00000000013
6.5380761523e-08 -0.0108016956887 0.999999999661 1.00000000015
6.59619238477e-08 -0.0108977107616 0.999999999612 1.00000000017
6.65430861723e-08 -0.0109937258344 0.999999999564 1.00000000019
6.7124248497e-08 -0.0110897409073 0.999999999447 1.00000000024
6.77054108216e-08 -0.0111857559804 0.999999999223 1.00000000035
6.82865731463e-08 -0.0112817710535 0.999999999 1.00000000045
6.88677354709e-08 -0.0113777861266 0.999999998776 1.00000000056
6.94488977956e-08 -0.0114738011997 0.999999998553 1.00000000066
7.00300601202e-08 -0.0115698162728 0.999999998329 1.00000000077
7.06112224449e-08 -0.0116658313458 0.999999998106 1.00000000088
7.11923847695e-08 -0.0117618464189 0.999999997869 1.00000000099
7.17735470942e-08 -0.011857861493 0.999999996939 1.00000000145
7.23547094188e-08 -0.0119538765671 0.999999996008 1.0000000019
7.29358717435e-08 -0.0120498916412 0.999999995077 1.00000000236
7.35170340681e-08 -0.0121459067153 0.999999994147 1.00000000282
7.40981963928e-08 -0.0122419217894 0.999999993216 1.00000000328
7.46793587174e-08 -0.0123379368635 0.999999992285 1.00000000373
7.52605210421e-08 -0.0124339519376 0.999999991354 1.00000000419
7.58416833667e-08 -0.0125299670157 0.999999987915 1.00000000597
7.64228456914e-08 -0.0126259820939 0.999999984421 1.00000000777
7.7004008016e-08 -0.012721997172 0.999999980928 1.00000000957
7.75851703407e-08 -0.0128180122502 0.999999977435 1.00000001138
7.81663326653e-08 -0.0129140273284 0.999999973942 1.00000001318
7.874749499e-08 -0.0130100424065 0.999999970449 1.00000001498
7.93286573146e-08 -0.0131060574886 0.999999964747 1.000000018
7.99098196393e-08 -0.0132020725813 0.999999952877 1.00000002441
8.04909819639e-08 -0.0132980876741 0.999999941007 1.00000003083
8.10721442886e-08 -0.0133941027669 0.999999929137 1.00000003724
8.16533066132e-08 -0.0134901178597 0.999999917267 1.00000004365
8.22344689379e-08 -0.0135861329525 0.999999905397 1.00000005007
8.28156312625e-08 -0.0136821480453 0.999999893527 1.00000005648
8.33967935872e-08 -0.0137781631789 0.999999860406 1.00000007513
8.39779559118e-08 -0.0138741783193 0.999999823718 1.00000009584
8.45591182365e-08 -0.0139701934598 0.999999787029 1.00000011655
8.51402805611e-08 -0.0140662086002 0.999999750341 1.00000013725
8.57214428858e-08 -0.0141622237406 0.999999713653 1.00000015796
8.63026052104e-08 -0.0142582388811 0.999999676964 1.00000017867
8.68837675351e-08 -0.0143542541269 0.999999590509 1.00000022933
8.74649298597e-08 -0.0144502694092 0.999999486846 1.00000029035
8.80460921844e-08 -0.0145462846915 0.999999383183 1.00000035137
8.8627254509e-08 -0.0146422999738 0.999999279519 1.00000041238
8.92084168337e-08 -0.014738315256 0.999999175856 1.0000004734
8.97895791583e-08 -0.0148343305383 0.999999072193 1.00000053442
9.0370741483e-08 -0.014930346173 0.999998817841 1.00000069005
9.09519038076e-08 -0.0150263618423 0.99999854868 1.00000085498
9.15330661323e-08 -0.0151223775116 0.999998279518 1.0000010199
9.21142284569e-08 -0.0152183931809 0.999998010356 1.00000118483
9.26953907816e-08 -0.0153144088502 0.999997741195 1.00000134976
9.32765531062e-08 -0.0154104248559 0.999997341859 1.00000159981
9.38577154309e-08 -0.0155064414983 0.999996696141 1.00000201099
9.44388777555e-08 -0.0156024581407 0.999996050422 1.00000242216
9.50200400802e-08 -0.0156984747832 0.999995404704 1.00000283334
9.56012024048e-08 -0.0157944914256 0.999994758985 1.00000324451
9.61823647295e-08 -0.0158905081504 0.999994084446 1.00000367529
9.67635270541e-08 -0.0159865270598 0.999992645347 1.00000462597
9.73446893788e-08 -0.0160825459692 0.999991206248 1.00000557665
9.79258517034e-08 -0.0161785648786 0.999989767149 1.00000652734
9.85070140281e-08 -0.016274583788 0.99998832805 1.00000747802
9.90881763527e-08 -0.0163706026974 0.999986888951 1.00000842871
9.96693386774e-08 -0.0164666263806 0.99998393869 1.00001044627
1.00250501002e-07 -0.0165626502079 0.999980942787 1.00001249606
1.00831663327e-07 -0.0166586740352 0.999977946884 1.00001454584
1.01412825651e-07 -0.0167546978625 0.999974950981 1.00001659563
1.01993987976e-07 -0.0168507230638 0.999971561448 1.00001893348
1.02575150301e-07 -0.0169467568782 0.99996570431 1.00002307714
1.03156312625e-07 -0.0170427906927 0.999959847172 1.00002722079
1.0373747495e-07 -0.0171388245072 0.999953990035 1.00003136445
1.04318637275e-07 -0.0172348583216 0.999948132897 1.00003550811
1.04899799599e-07 -0.0173309021796 0.999939668954 1.00004162601
1.05480961924e-07 -0.0174269550763 0.999928858989 1.00004952065
1.06062124248e-07 -0.0175230079731 0.999918049023 1.00005741528
1.06643286573e-07 -0.0176190608698 0.999907239058 1.00006530992
1.07224448898e-07 -0.017715118136 0.99989540005 1.00007400979
1.07805611222e-07 -0.0178112055044 0.999876471837 1.00008825699
1.08386773547e-07 -0.0179072928727 0.999857543625 1.00010250419
1.08967935872e-07 -0.018003380241 0.999838615412 1.00011675139
1.09549098196e-07 -0.0180994676093 0.999819687199 1.00013099859
1.10130260521e-07 -0.0181956099371 0.999788991419 1.00015474455
1.10711422846e-07 -0.0182917564558 0.99975739829 1.00017921484
1.1129258517e-07 -0.0183879029745 0.999725805161 1.00020368513
1.11873747495e-07 -0.0184840494932 0.999694212033 1.00022815542
1.1245490982e-07 -0.0185802855077 0.999645154756 1.00026714422
1.13036072144e-07 -0.0186765288596 0.999594665664 1.00030732333
1.13617234469e-07 -0.0187727722115 0.999544176572 1.00034750245
1.14198396794e-07 -0.0188690312278 0.999490893731 1.00039006974
1.14779559118e-07 -0.0189654264409 0.999413320272 1.00045340132
1.15360721443e-07 -0.0190618216539 0.999335746814 1.00051673291
1.15941883768e-07 -0.019158216867 0.999258173355 1.0005800645
1.16523046092e-07 -0.0192547168539 0.999163467032 1.00065843233
1.17104208417e-07 -0.0193513410917 0.99904844289 1.0007546316
1.17685370741e-07 -0.0194479653295 0.998933418748 1.00085083086
1.18266533066e-07 -0.0195445895673 0.998818394606 1.00094703013
1.18847695391e-07 -0.0196415401785 0.998654268193 1.00108740621
1.19428857715e-07 -0.0197384977364 0.998489096658 1.00122872258
1.2001002004e-07 -0.0198354552943 0.998323925124 1.00137003895
1.20591182365e-07 -0.0199327230706 0.998115654572 1.00155105023
1.21172344689e-07 -0.0200301502932 0.997885231973 1.00175246392
1.21753507014e-07 -0.0201275775157 0.997654809373 1.0019538776
1.22334669339e-07 -0.0202253223154 0.997383485666 1.0021938053
1.22915831663e-07 -0.0203233921425 0.997070301328 1.00247315054
1.23496993988e-07 -0.0204214619696 0.996757116989 1.00275249578
1.24078156313e-07 -0.0205199369134 0.996395374164 1.00307853587
1.24659318637e-07 -0.0206188627835 0.995979581994 1.00345655094
1.25240480962e-07 -0.0207177886535 0.995563789825 1.003834566
1.25821643287e-07 -0.0208173722692 0.995074331971 1.00428485259
1.26402805611e-07 -0.0209174111522 0.994533885446 1.00478516285
1.26983967936e-07 -0.0210174500352 0.993993438921 1.00528547312
1.27565130261e-07 -0.0211186793422 0.993327927329 1.00591086617
1.28146292585e-07 -0.0212201337358 0.992638768297 1.00655991002
1.2872745491e-07 -0.0213219714402 0.99191168885 1.00724759474
1.29308617234e-07 -0.0214251902289 0.991047980632 1.00807450407
1.29889779559e-07 -0.0215284090175 0.990184272413 1.00890141341
1.30470941884e-07 -0.0216331694797 0.989176420544 1.00987792239
1.31052104208e-07 -0.021738547622 0.988110816709 1.0109143693
1.31633266533e-07 -0.0218447718909 0.986970184208 1.01203011572
1.32214428858e-07 -0.0219527489603 0.985674125442 1.01331013567
1.32795591182e-07 -0.0220608702672 0.984365897351 1.01460325535
1.33376753507e-07 -0.0221719279197 0.982809929778 1.0161630553
1.33957915832e-07 -0.0222829855722 0.981253962206 1.01772285524
1.34539078156e-07 -0.0223971855971 0.979444984119 1.01956013075
1.35120240481e-07 -0.0225118440789 0.977599093013 1.0214378886
1.35701402806e-07 -0.0226298199508 0.975497608111 1.02360137458
1.3628256513e-07 -0.0227486337837 0.973331561123 1.02583703447
1.36863727455e-07 -0.0228713300589 0.970878573249 1.02839989776
1.3744488978e-07 -0.0229948830578 0.968362267228 1.03103496377
1.38026052104e-07 -0.0231234136916 0.965492300681 1.03408175919
1.38607214429e-07 -0.0232530861336 0.962543230521 1.03722199894
1.39188376754e-07 -0.0233879582958 0.959238326469 1.0407855995
1.39769539078e-07 -0.0235255437362 0.955754285978 1.04456725893
1.40350701403e-07 -0.0236670258117 0.952012981305 1.04866208042
1.40931863727e-07 -0.0238140966081 0.947915192077 1.05320141545
1.41513026052e-07 -0.023964457178 0.943610949737 1.05800139515
1.42094188377e-07 -0.0241210891742 0.938919756452 1.0632962682
1.42675350701e-07 -0.0242838053293 0.933865076063 1.06906859581
1.43256513026e-07 -0.0244516147598 0.928510989983 1.07523991886
1.43837675351e-07 -0.0246259405882 0.922779630162 1.08192089211
1.44418837675e-07 -0.0248093482143 0.916538380812 1.0893111984
1.45e-07 -0.025 0.909891076618 1.09725510022
