-1.45e-07 0.025 1.62428538367 0.596881820154
-1.44418837675e-07 0.0242226289347 1.57645723861 0.615153928082
-1.43837675351e-07 0.0234854302723 1.53217165743 0.632777291029
-1.43256513026e-07 0.0227995032943 1.49255144286 0.649653053627
-1.42675350701e-07 0.0221512049252 1.45616271679 0.665927202418
-1.42094188377e-07 0.0215326839865 1.42226299561 0.681704406243
-1.41513026052e-07 0.0209502061016 1.3912891309 0.696853546395
-1.40931863727e-07 0.0204059670662 1.36325449545 0.711280597406
-1.40350701403e-07 0.0198821202972 1.33674596632 0.725307160343
-1.39769539078e-07 0.0193934693604 1.31280395228 0.738617367948
-1.39188376754e-07 0.018930261214 1.29062570051 0.751372295987
-1.38607214429e-07 0.0184847692176 1.26967557964 0.763740575549
-1.38026052104e-07 0.0180746248421 1.2510601155 0.775285710556
-1.3744488978e-07 0.0176723576507 1.23295712922 0.786643619354
-1.36863727455e-07 0.0173054815515 1.21708651985 0.797126277466
-1.3628256513e-07 0.016945008571 1.20160258719 0.807441519547
-1.35701402806e-07 0.0166135528097 1.18787096981 0.816998077019
-1.35120240481e-07 0.0162887173595 1.17452308442 0.826372419093
-1.34539078156e-07 0.0159900909524 1.16269434935 0.83502539158
-1.33957915832e-07 0.0156953171264 1.15108051118 0.843567194835
-1.33376753507e-07 0.0154269497973 1.14093962693 0.851347018043
-1.32795591182e-07 0.0151585824683 1.13079874268 0.859126841251
-1.32214428858e-07 0.0149166431827 1.1220802497 0.866110243942
-1.31633266533e-07 0.0146760020813 1.11343162665 0.873054525295
-1.31052104208e-07 0.0144523887979 1.10566961109 0.879464860726
-1.30470941884e-07 0.0142369953254 1.09833558611 0.885617445313
-1.29889779559e-07 0.0140281351566 1.09133150871 0.891557582455
-1.29308617234e-07 0.0138355815197 1.08515095048 0.8969674701
-1.2872745491e-07 0.0136430278828 1.07897039224 0.902377357744
-1.28146292585e-07 0.013466535328 1.07357852807 0.907247357575
-1.27565130261e-07 0.0132945004206 1.06840556072 0.911967515104
-1.26983967936e-07 0.013125375338 1.06337185944 0.916586851065
-1.26402805611e-07 0.0129716395496 1.05907469952 0.920672968403
-1.25821643287e-07 0.0128179037612 1.05477753959 0.92475908574
-1.25240480962e-07 0.0126707921174 1.05079004748 0.928609236965
-1.24659318637e-07 0.0125332506809 1.04724994672 0.932118477071
-1.24078156313e-07 0.0123957092443 1.04370984596 0.935627717177
-1.23496993988e-07 0.0122656561578 1.04051234004 0.938863334098
-1.22915831663e-07 0.012142330682 1.03762262484 0.941853125132
-1.22334669339e-07 0.0120190052062 1.03473290964 0.944842916166
-1.21753507014e-07 0.011901938137 1.032123867 0.947598585171
-1.21172344689e-07 0.0117909860201 1.0297890634 0.95012549865
-1.20591182365e-07 0.0116800339033 1.02745425979 0.95265241213
-1.2001002004e-07 0.0115727053614 1.02527896036 0.955040759021
-1.19428857715e-07 0.0114724268461 1.02341399223 0.957159510785
-1.18847695391e-07 0.0113721483308 1.02154902409 0.95927826255
-1.18266533066e-07 0.0112720599109 1.01969227597 0.961389591801
-1.17685370741e-07 0.01118090262 1.01822172374 0.963152193847
-1.17104208417e-07 0.011089745329 1.0167511715 0.964914795894
-1.16523046092e-07 0.0109985880381 1.01528061927 0.96667739794
-1.15941883768e-07 0.0109116180246 1.01398799211 0.968273163363
-1.15360721443e-07 0.0108281789049 1.01284539909 0.96972824492
-1.14779559118e-07 0.0107447397851 1.01170280606 0.971183326477
-1.14198396794e-07 0.0106613006654 1.01056021304 0.972638408033
-1.13617234469e-07 0.0105836586164 1.0096595968 0.973857819535
-1.13036072144e-07 0.0105066833088 1.00878681115 0.9750501258
-1.1245490982e-07 0.0104297080012 1.0079140255 0.976242432065
-1.11873747495e-07 0.0103531384652 1.00705785909 0.977417898506
-1.1129258517e-07 0.0102815182117 1.006404401 0.978387966065
-1.10711422846e-07 0.0102098979583 1.0057509429 0.979358033624
-1.10130260521e-07 0.0101382777048 1.00509748481 0.980328101183
-1.09549098196e-07 0.010066968251 1.00445649003 0.981284985254
-1.08967935872e-07 0.00999973453591 1.00397893552 0.982068984849
-1.08386773547e-07 0.00993250082078 1.00350138101 0.982852984443
-1.07805611222e-07 0.00986526710564 1.0030238265 0.983636984038
-1.07224448898e-07 0.00979803339051 1.00254627199 0.984420983633
-1.06643286573e-07 0.00973390048697 1.00219003731 0.985070268779
-1.06062124248e-07 0.00967021768558 1.00185141296 0.985699999282
-1.05480961924e-07 0.00960653488419 1.00151278861 0.986329729785
-1.04899799599e-07 0.00954285208281 1.00117416426 0.986959460287
-1.04318637275e-07 0.00948051412246 1.00088660653 0.987529167798
-1.0373747495e-07 0.00941967049511 1.00065579194 0.988032180184
-1.03156312625e-07 0.00935882686777 1.00042497736 0.988535192571
-1.02575150301e-07 0.00929798324043 1.00019416278 0.989038204957
-1.01993987976e-07 0.00923713961309 0.999963348198 0.989541217343
-1.01412825651e-07 0.00917822871599 0.999803211474 0.989955239852
-1.00831663327e-07 0.00911962612684 0.999654349239 0.990355066749
-1.00250501002e-07 0.00906102353769 0.999505487004 0.990754893645
-9.96693386774e-08 0.00900242094855 0.999356624769 0.991154720542
-9.90881763527e-08 0.0089438695292 0.999209544395 0.99155210346
-9.85070140281e-08 0.00888701229621 0.999121459834 0.991868568419
-9.79258517034e-08 0.00883015506322 0.999033375273 0.992185033377
-9.73446893788e-08 0.00877329783023 0.998945290712 0.992501498336
-9.67635270541e-08 0.00871644059723 0.998857206151 0.992817963294
-9.61823647295e-08 0.00865958336424 0.99876912159 0.993134428253
-9.56012024048e-08 0.008604017952 0.998723168504 0.993386438763
-9.50200400802e-08 0.00854850123663 0.99867880362 0.993636019578
-9.44388777555e-08 0.00849298452126 0.998634438736 0.993885600393
-9.38577154309e-08 0.0084374678059 0.998590073852 0.994135181208
-9.32765531062e-08 0.00838195109053 0.998545708967 0.994384762022
-9.26953907816e-08 0.00832709839176 0.998521125212 0.994599429878
-9.21142284569e-08 0.00827259651989 0.99850699263 0.994795651802
-9.15330661323e-08 0.00821809464802 0.998492860047 0.994991873726
-9.09519038076e-08 0.00816359277614 0.998478727465 0.99518809565
-9.0370741483e-08 0.00810909090427 0.998464594882 0.995384317574
-8.97895791583e-08 0.00805465676761 0.998452233756 0.995576746692
-8.92084168337e-08 0.00800091183699 0.998457897198 0.995730583993
-8.8627254509e-08 0.00794716690637 0.99846356064 0.995884421295
-8.80460921844e-08 0.00789342197575 0.998469224082 0.996038258597
-8.74649298597e-08 0.00783967704513 0.998474887525 0.996192095899
-8.68837675351e-08 0.00778593211451 0.998480550967 0.996345933201
-8.63026052104e-08 0.00773233003673 0.998489278071 0.996491145602
-8.57214428858e-08 0.00767914111483 0.998506865834 0.996611413256
-8.51402805611e-08 0.00762595219292 0.998524453597 0.99673168091
-8.45591182365e-08 0.00757276327102 0.998542041359 0.996851948564
-8.39779559118e-08 0.00751957434912 0.998559629122 0.996972216218
-8.33967935872e-08 0.00746638542721 0.998577216885 0.997092483872
-8.28156312625e-08 0.00741325430076 0.998595691452 0.997208935645
-8.22344689379e-08 0.007360467454 0.998619448591 0.997302656735
-8.16533066132e-08 0.00730768060724 0.99864320573 0.997396377826
-8.10721442886e-08 0.00725489376048 0.99866696287 0.997490098916
-8.04909819639e-08 0.00720210691372 0.998690720009 0.997583820007
-7.99098196393e-08 0.00714932006695 0.998714477149 0.997677541097
-7.93286573146e-08 0.00709653322019 0.998738234288 0.997771262188
-7.874749499e-08 0.00704395712181 0.998763557489 0.997849530861
-7.81663326653e-08 0.00699145644846 0.998789441168 0.997922269247
-7.75851703407e-08 0.0069389557751 0.998815324848 0.997995007634
-7.7004008016e-08 0.00688645510175 0.998841208528 0.99806774602
-7.64228456914e-08 0.0068339544284 0.998867092208 0.998140484406
-7.58416833667e-08 0.00678145375505 0.998892975888 0.998213222793
-7.52605210421e-08 0.00672895726158 0.99891884783 0.998285615291
-7.46793587174e-08 0.00667665703051 0.998944168648 0.998341766948
-7.40981963928e-08 0.00662435679944 0.998969489466 0.998397918606
-7.35170340681e-08 0.00657205656837 0.998994810284 0.998454070263
-7.29358717435e-08 0.00651975633731 0.999020131102 0.99851022192
-7.23547094188e-08 0.00646745610624 0.999045451919 0.998566373578
-7.17735470942e-08 0.00641515587517 0.999070772737 0.998622525235
-7.11923847695e-08 0.0063628556441 0.999096093555 0.998678676893
-7.06112224449e-08 0.00631069111131 0.99911924336 0.998721950806
-7.00300601202e-08 0.00625852904294 0.999142353738 0.998764990847
-6.94488977956e-08 0.00620636697457 0.999165464115 0.998808030887
-6.88677354709e-08 0.00615420490619 0.999188574492 0.998851070928
-6.82865731463e-08 0.00610204283782 0.99921168487 0.998894110968
-6.77054108216e-08 0.00604988076945 0.999234795247 0.998937151009
-6.7124248497e-08 0.00599771870108 0.999257905624 0.99898019105
-6.65430861723e-08 0.00594561332598 0.999279152356 0.999016968461
-6.59619238477e-08 0.00589354499353 0.999299181406 0.999049653953
-6.5380761523e-08 0.00584147666108 0.999319210455 0.999082339444
-6.47995991984e-08 0.00578940832863 0.999339239505 0.999115024936
-6.42184368737e-08 0.00573733999618 0.999359268555 0.999147710428
-6.36372745491e-08 0.00568527166372 0.999379297605 0.999180395919
-6.30561122244e-08 0.00563320333127 0.999399326655 0.999213081411
-6.24749498998e-08 0.00558113499882 0.999419355705 0.999245766903
-6.18937875752e-08 0.00552912129947 0.999436421468 0.999271337578
-6.13126252505e-08 0.00547711558173 0.999453054311 0.999295868816
-6.07314629259e-08 0.00542510986399 0.999469687153 0.999320400054
-6.01503006012e-08 0.00537310414625 0.999486319995 0.999344931292
-5.95691382766e-08 0.00532109842851 0.999502952838 0.999369462529
-5.89879759519e-08 0.00526909271076 0.99951958568 0.999393993767
-5.84068136273e-08 0.00521708699302 0.999536218523 0.999418525005
-5.78256513026e-08 0.00516508127528 0.999552851365 0.999443056243
-5.7244488978e-08 0.00511310720799 0.999566922636 0.999462681311
-5.66633266533e-08 0.00506114269038 0.999580221022 0.999480826075
-5.60821643287e-08 0.00500917817276 0.999593519408 0.999498970838
-5.5501002004e-08 0.00495721365514 0.999606817794 0.999517115601
-5.49198396794e-08 0.00490524913752 0.99962011618 0.999535260364
-5.43386773547e-08 0.00485328461991 0.999633414566 0.999553405128
-5.37575150301e-08 0.00480132010229 0.999646712951 0.999571549891
-5.31763527054e-08 0.00474935558467 0.999660011337 0.999589694654
-5.25951903808e-08 0.00469739838683 0.999672477382 0.999606480994
-5.20140280561e-08 0.00464546058636 0.999682737727 0.999619667513
-5.14328657315e-08 0.0045935227859 0.999692998072 0.999632854033
-5.08517034068e-08 0.00454158498544 0.999703258416 0.999646040553
-5.02705410822e-08 0.00448964718497 0.999713518761 0.999659227072
-4.96893787575e-08 0.00443770938451 0.999723779106 0.999672413592
-4.91082164329e-08 0.00438577158405 0.99973403945 0.999685600112
-4.85270541082e-08 0.00433383378358 0.999744299795 0.999698786631
-4.79458917836e-08 0.00428189598312 0.99975456014 0.999711973151
-4.73647294589e-08 0.00422996452072 0.99976384988 0.999723749078
-4.67835671343e-08 0.00417804380173 0.999771494384 0.99973313396
-4.62024048096e-08 0.00412612308274 0.999779138889 0.999742518842
-4.5621242485e-08 0.00407420236376 0.999786783393 0.999751903724
-4.50400801603e-08 0.00402228164477 0.999794427897 0.999761288606
-4.44589178357e-08 0.00397036092578 0.999802072401 0.999770673488
-4.3877755511e-08 0.0039184402068 0.999809716905 0.99978005837
-4.32965931864e-08 0.00386651948781 0.999817361409 0.999789443252
-4.27154308617e-08 0.00381459876883 0.999825005913 0.999798828134
-4.21342685371e-08 0.00376267847815 0.999832564971 0.999808098951
-4.15531062124e-08 0.00371076852694 0.999838061331 0.999814616208
-4.09719438878e-08 0.00365885857573 0.999843557692 0.999821133466
-4.03907815631e-08 0.00360694862452 0.999849054053 0.999827650723
-3.98096192385e-08 0.00355503867331 0.999854550414 0.999834167981
-3.92284569138e-08 0.00350312872211 0.999860046775 0.999840685238
-3.86472945892e-08 0.0034512187709 0.999865543136 0.999847202496
-3.80661322645e-08 0.00339930881969 0.999871039496 0.999853719753
-3.74849699399e-08 0.00334739886848 0.999876535857 0.999860237011
-3.69038076152e-08 0.00329548891727 0.999882032218 0.999866754268
-3.63226452906e-08 0.00324358070185 0.999887089642 0.999872721144
-3.57414829659e-08 0.00319167743836 0.999890894844 0.999877117861
-3.51603206413e-08 0.00313977417487 0.999894700046 0.999881514579
-3.45791583166e-08 0.00308787091137 0.999898505248 0.999885911297
-3.3997995992e-08 0.00303596764788 0.999902310451 0.999890308015
-3.34168336673e-08 0.00298406438439 0.999906115653 0.999894704733
-3.28356713427e-08 0.0029321611209 0.999909920855 0.999899101451
-3.2254509018e-08 0.00288025785741 0.999913726057 0.999903498169
-3.16733466934e-08 0.00282835459391 0.99991753126 0.999907894887
-3.10921843687e-08 0.00277645133042 0.999921336462 0.999912291605
-3.05110220441e-08 0.00272454810271 0.999925130435 0.999916674885
-2.99298597194e-08 0.00267264892197 0.999927654129 0.999919537983
-2.93486973948e-08 0.00262074974124 0.999930177822 0.999922401081
-2.87675350701e-08 0.0025688505605 0.999932701516 0.999925264179
-2.81863727455e-08 0.00251695137977 0.99993522521 0.999928127277
-2.76052104208e-08 0.00246505219903 0.999937748903 0.999930990376
-2.70240480962e-08 0.0024131530183 0.999940272597 0.999933853474
-2.64428857715e-08 0.00236125383756 0.99994279629 0.999936716572
-2.58617234469e-08 0.00230935465683 0.999945319984 0.99993957967
-2.52805611222e-08 0.00225745547609 0.999947843678 0.999942442768
-2.46993987976e-08 0.00220555629536 0.999950367371 0.999945305866
-2.41182364729e-08 0.0021536577592 0.999952641971 0.999947881433
-2.35370741483e-08 0.00210176101285 0.999954224904 0.999949658605
-2.29559118236e-08 0.0020498642665 0.999955807837 0.999951435776
-2.2374749499e-08 0.00199796752016 0.99995739077 0.999953212948
-2.17935871743e-08 0.00194607077381 0.999958973703 0.999954990119
-2.12124248497e-08 0.00189417402746 0.999960556636 0.99995676729
-2.0631262525e-08 0.00184227728112 0.999962139569 0.999958544462
-2.00501002004e-08 0.00179038053477 0.999963722501 0.999960321633
-1.94689378758e-08 0.00173848378842 0.999965305434 0.999962098804
-1.88877755511e-08 0.00168658704208 0.999966888367 0.999963875976
-1.83066132265e-08 0.00163469029573 0.9999684713 0.999965653147
-1.77254509018e-08 0.00158279355477 0.999970051601 0.999967427375
-1.71442885772e-08 0.00153089820013 0.999970954337 0.999968443647
-1.65631262525e-08 0.0014790028455 0.999971857072 0.999969459919
-1.59819639279e-08 0.00142710749086 0.999972759807 0.999970476191
-1.54008016032e-08 0.00137521213623 0.999973662543 0.999971492463
-1.48196392786e-08 0.00132331678159 0.999974565278 0.999972508735
-1.42384769539e-08 0.00127142142695 0.999975468013 0.999973525007
-1.36573146293e-08 0.00121952607232 0.999976370749 0.99997454128
-1.30761523046e-08 0.00116763071768 0.999977273484 0.999975557552
-1.249498998e-08 0.00111573536305 0.999978176219 0.999976573824
-1.19138276553e-08 0.00106384000841 0.999979078954 0.999977590096
-1.13326653307e-08 0.00101194465378 0.99997998169 0.999978606368
-1.0751503006e-08 0.000960049442757 0.999980782601 0.999979512648
-1.01703406814e-08 0.000908154802058 0.999981179156 0.999979982135
-9.58917835671e-09 0.000856260161359 0.99998157571 0.999980451621
-9.00801603206e-09 0.00080436552066 0.999981972265 0.999980921107
-8.42685370741e-09 0.000752470879961 0.999982368819 0.999981390594
-7.84569138277e-09 0.000700576239262 0.999982765374 0.99998186008
-7.26452905812e-09 0.000648681598563 0.999983161929 0.999982329566
-6.68336673347e-09 0.000596786957864 0.999983558483 0.999982799053
-6.10220440882e-09 0.000544892317165 0.999983955038 0.999983268539
-5.52104208417e-09 0.000492997676466 0.999984351592 0.999983738025
-4.93987975952e-09 0.000441103035767 0.999984748147 0.999984207512
-4.35871743487e-09 0.000389208395068 0.999985144701 0.999984676998
-3.77755511022e-09 0.000337313754369 0.999985541256 0.999985146484
-3.19639278557e-09 0.000285419298687 0.99998558335 0.999985251108
-2.61523046092e-09 0.000233524880744 0.999985553146 0.999985281312
-2.03406813627e-09 0.0001816304628 0.999985522942 0.999985311516
-1.45290581162e-09 0.000129736044856 0.999985492739 0.999985341719
-8.71743486974e-10 7.78416269119e-05 0.999985462535 0.999985371923
-2.90581162324e-10 2.59472089679e-05 0.999985432331 0.999985402127
2.90581162325e-10 -2.5947208976e-05 0.999985402127 0.999985432331
8.71743486974e-10 -7.78416269199e-05 0.999985371923 0.999985462535
1.45290581162e-09 -0.000129736044864 0.999985341719 0.999985492739
2.03406813627e-09 -0.000181630462808 0.999985311516 0.999985522942
2.61523046092e-09 -0.000233524880752 0.999985281312 0.999985553146
3.19639278557e-09 -0.000285419298696 0.999985251108 0.99998558335
3.77755511022e-09 -0.000337313754377 0.999985146484 0.999985541256
4.35871743487e-09 -0.000389208395076 0.999984676998 0.999985144701
4.93987975952e-09 -0.000441103035775 0.999984207512 0.999984748147
5.52104208417e-09 -0.000492997676474 0.999983738025 0.999984351592
6.10220440882e-09 -0.000544892317173 0.999983268539 0.999983955038
6.68336673347e-09 -0.000596786957872 0.999982799053 0.999983558483
7.26452905812e-09 -0.000648681598572 0.999982329566 0.999983161929
7.84569138277e-09 -0.000700576239271 0.99998186008 0.999982765374
8.42685370742e-09 -0.00075247087997 0.999981390594 0.999982368819
9.00801603206e-09 -0.000804365520669 0.999980921107 0.999981972265
9.58917835671e-09 -0.000856260161368 0.999980451621 0.99998157571
1.01703406814e-08 -0.000908154802067 0.999979982135 0.999981179156
1.0751503006e-08 -0.000960049442766 0.999979512648 0.999980782601
1.13326653307e-08 -0.00101194465379 0.999978606368 0.99997998169
1.19138276553e-08 -0.00106384000842 0.999977590096 0.999979078954
1.249498998e-08 -0.00111573536306 0.999976573824 0.999978176219
1.30761523046e-08 -0.00116763071769 0.999975557552 0.999977273484
1.36573146293e-08 -0.00121952607233 0.99997454128 0.999976370749
1.42384769539e-08 -0.00127142142696 0.999973525007 0.999975468013
1.48196392786e-08 -0.0013233167816 0.999972508735 0.999974565278
1.54008016032e-08 -0.00137521213624 0.999971492463 0.999973662543
1.59819639279e-08 -0.00142710749087 0.999970476191 0.999972759807
1.65631262525e-08 -0.00147900284551 0.999969459919 0.999971857072
1.71442885772e-08 -0.00153089820014 0.999968443647 0.999970954337
1.77254509018e-08 -0.00158279355478 0.999967427375 0.999970051601
1.83066132265e-08 -0.00163469029574 0.999965653147 0.9999684713
1.88877755511e-08 -0.00168658704209 0.999963875976 0.999966888367
1.94689378758e-08 -0.00173848378843 0.999962098804 0.999965305435
2.00501002004e-08 -0.00179038053478 0.999960321633 0.999963722502
2.06312625251e-08 -0.00184227728113 0.999958544462 0.999962139569
2.12124248497e-08 -0.00189417402747 0.99995676729 0.999960556636
2.17935871743e-08 -0.00194607077382 0.999954990119 0.999958973703
2.2374749499e-08 -0.00199796752017 0.999953212948 0.999957390771
2.29559118236e-08 -0.00204986426651 0.999951435776 0.999955807838
2.35370741483e-08 -0.00210176101286 0.999949658605 0.999954224905
2.41182364729e-08 -0.00215365775921 0.999947881433 0.999952641972
2.46993987976e-08 -0.00220555629537 0.999945305866 0.999950367372
2.52805611222e-08 -0.0022574554761 0.999942442768 0.999947843679
2.58617234469e-08 -0.00230935465684 0.99993957967 0.999945319985
2.64428857715e-08 -0.00236125383757 0.999936716572 0.999942796291
2.70240480962e-08 -0.00241315301831 0.999933853474 0.999940272598
2.76052104208e-08 -0.00246505219904 0.999930990376 0.999937748904
2.81863727455e-08 -0.00251695137978 0.999928127278 0.999935225211
2.87675350701e-08 -0.00256885056051 0.99992526418 0.999932701517
2.93486973948e-08 -0.00262074974125 0.999922401082 0.999930177823
2.99298597194e-08 -0.00267264892198 0.999919537984 0.99992765413
3.05110220441e-08 -0.00272454810272 0.999916674886 0.999925130436
3.10921843687e-08 -0.00277645133043 0.999912291606 0.999921336463
3.16733466934e-08 -0.00282835459392 0.999907894888 0.999917531261
3.2254509018e-08 -0.00288025785741 0.99990349817 0.999913726058
3.28356713427e-08 -0.0029321611209 0.999899101452 0.999909920856
3.34168336673e-08 -0.0029840643844 0.999894704734 0.999906115654
3.3997995992e-08 -0.00303596764789 0.999890308016 0.999902310452
3.45791583166e-08 -0.00308787091138 0.999885911298 0.999898505249
3.51603206413e-08 -0.00313977417487 0.99988151458 0.999894700047
3.57414829659e-08 -0.00319167743836 0.999877117862 0.999890894845
3.63226452906e-08 -0.00324358070185 0.999872721144 0.999887089643
3.69038076152e-08 -0.00329548891727 0.999866754268 0.999882032219
3.74849699399e-08 -0.00334739886848 0.999860237011 0.999876535858
3.80661322645e-08 -0.00339930881969 0.999853719754 0.999871039497
3.86472945892e-08 -0.0034512187709 0.999847202496 0.999865543137
3.92284569138e-08 -0.00350312872211 0.999840685239 0.999860046776
3.98096192385e-08 -0.00355503867332 0.999834167981 0.999854550415
4.03907815631e-08 -0.00360694862453 0.999827650724 0.999849054054
4.09719438878e-08 -0.00365885857574 0.999821133466 0.999843557693
4.15531062124e-08 -0.00371076852695 0.999814616209 0.999838061332
4.21342685371e-08 -0.00376267847816 0.999808098952 0.999832564972
4.27154308617e-08 -0.00381459876884 0.999798828135 0.999825005914
4.32965931864e-08 -0.00386651948782 0.999789443253 0.99981736141
4.3877755511e-08 -0.00391844020681 0.999780058371 0.999809716906
4.44589178357e-08 -0.00397036092579 0.999770673489 0.999802072402
4.50400801603e-08 -0.00402228164478 0.999761288607 0.999794427898
4.5621242485e-08 -0.00407420236377 0.999751903725 0.999786783394
4.62024048096e-08 -0.00412612308275 0.999742518843 0.99977913889
4.67835671343e-08 -0.00417804380174 0.999733133961 0.999771494385
4.73647294589e-08 -0.00422996452073 0.999723749079 0.999763849881
4.79458917836e-08 -0.00428189598313 0.999711973152 0.999754560141
4.85270541082e-08 -0.0043338337836 0.999698786632 0.999744299796
4.91082164329e-08 -0.00438577158406 0.999685600113 0.999734039451
4.96893787575e-08 -0.00443770938452 0.999672413593 0.999723779107
5.02705410822e-08 -0.00448964718498 0.999659227073 0.999713518762
5.08517034068e-08 -0.00454158498545 0.999646040554 0.999703258417
5.14328657315e-08 -0.00459352278591 0.999632854034 0.999692998073
5.20140280561e-08 -0.00464546058637 0.999619667514 0.999682737728
5.25951903808e-08 -0.00469739838684 0.999606480995 0.999672477383
5.31763527054e-08 -0.00474935558468 0.999589694655 0.999660011338
5.37575150301e-08 -0.0048013201023 0.999571549892 0.999646712953
5.43386773547e-08 -0.00485328461992 0.999553405129 0.999633414567
5.49198396794e-08 -0.00490524913753 0.999535260365 0.999620116181
5.5501002004e-08 -0.00495721365515 0.999517115602 0.999606817795
5.60821643287e-08 -0.00500917817277 0.999498970839 0.99959351941
5.66633266533e-08 -0.00506114269039 0.999480826076 0.999580221024
5.7244488978e-08 -0.005113107208 0.999462681312 0.999566922638
5.78256513026e-08 -0.00516508127529 0.999443056244 0.999552851367
5.84068136273e-08 -0.00521708699303 0.999418525006 0.999536218525
5.89879759519e-08 -0.00526909271078 0.999393993769 0.999519585682
5.95691382766e-08 -0.00532109842852 0.999369462531 0.99950295284
6.01503006012e-08 -0.00537310414626 0.999344931293 0.999486319997
6.07314629259e-08 -0.005425109864 0.999320400055 0.999469687155
6.13126252505e-08 -0.00547711558174 0.999295868818 0.999453054313
6.18937875752e-08 -0.00552912129948 0.99927133758 0.99943642147
6.24749498998e-08 -0.00558113499883 0.999245766905 0.999419355707
6.30561122244e-08 -0.00563320333128 0.999213081413 0.999399326657
6.36372745491e-08 -0.00568527166373 0.999180395921 0.999379297607
6.42184368737e-08 -0.00573733999619 0.99914771043 0.999359268557
6.47995991984e-08 -0.00578940832864 0.999115024938 0.999339239507
6.5380761523e-08 -0.00584147666109 0.999082339446 0.999319210457
6.59619238477e-08 -0.00589354499354 0.999049653955 0.999299181408
6.65430861723e-08 -0.00594561332599 0.999016968463 0.999279152358
6.7124248497e-08 -0.00599771870109 0.998980191052 0.999257905626
6.77054108216e-08 -0.00604988076946 0.998937151011 0.999234795249
6.82865731463e-08 -0.00610204283783 0.99889411097 0.999211684872
6.88677354709e-08 -0.0061542049062 0.99885107093 0.999188574494
6.94488977956e-08 -0.00620636697458 0.998808030889 0.999165464117
7.00300601202e-08 -0.00625852904295 0.998764990849 0.99914235374
7.06112224449e-08 -0.00631069111132 0.998721950808 0.999119243362
7.11923847695e-08 -0.00636285564411 0.998678676895 0.999096093557
7.17735470942e-08 -0.00641515587518 0.998622525237 0.999070772739
7.23547094188e-08 -0.00646745610624 0.99856637358 0.999045451921
7.29358717435e-08 -0.00651975633731 0.998510221922 0.999020131104
7.35170340681e-08 -0.00657205656838 0.998454070265 0.998994810286
7.40981963928e-08 -0.00662435679945 0.998397918608 0.998969489468
7.46793587174e-08 -0.00667665703051 0.99834176695 0.99894416865
7.52605210421e-08 -0.00672895726158 0.998285615293 0.998918847832
7.58416833667e-08 -0.00678145375505 0.998213222795 0.99889297589
7.64228456914e-08 -0.0068339544284 0.998140484408 0.99886709221
7.7004008016e-08 -0.00688645510175 0.998067746022 0.99884120853
7.75851703407e-08 -0.0069389557751 0.997995007636 0.99881532485
7.81663326653e-08 -0.00699145644846 0.997922269249 0.99878944117
7.874749499e-08 -0.00704395712181 0.997849530863 0.998763557491
7.93286573146e-08 -0.00709653322019 0.99777126219 0.99873823429
7.99098196393e-08 -0.00714932006695 0.997677541099 0.998714477151
8.04909819639e-08 -0.00720210691372 0.997583820009 0.998690720011
8.10721442886e-08 -0.00725489376048 0.997490098918 0.998666962872
8.16533066132e-08 -0.00730768060724 0.997396377828 0.998643205732
8.22344689379e-08 -0.007360467454 0.997302656737 0.998619448593
8.28156312625e-08 -0.00741325430076 0.997208935647 0.998595691454
8.33967935872e-08 -0.00746638542721 0.997092483874 0.998577216887
8.39779559118e-08 -0.00751957434912 0.99697221622 0.998559629124
8.45591182365e-08 -0.00757276327102 0.996851948566 0.998542041361
8.51402805611e-08 -0.00762595219292 0.996731680912 0.998524453599
8.57214428858e-08 -0.00767914111483 0.996611413258 0.998506865836
8.63026052104e-08 -0.00773233003673 0.996491145604 0.998489278073
8.68837675351e-08 -0.00778593211451 0.996345933203 0.998480550969
8.74649298597e-08 -0.00783967704514 0.996192095901 0.998474887527
8.80460921844e-08 -0.00789342197576 0.996038258599 0.998469224084
8.8627254509e-08 -0.00794716690638 0.995884421297 0.998463560642
8.92084168337e-08 -0.008000911837 0.995730583995 0.9984578972
8.97895791583e-08 -0.00805465676762 0.995576746694 0.998452233758
9.0370741483e-08 -0.00810909090428 0.995384317576 0.998464594884
9.09519038076e-08 -0.00816359277615 0.995188095652 0.998478727467
9.15330661323e-08 -0.00821809464802 0.994991873728 0.998492860049
9.21142284569e-08 -0.00827259651989 0.994795651804 0.998506992632
9.26953907816e-08 -0.00832709839177 0.99459942988 0.998521125214
9.32765531062e-08 -0.00838195109053 0.994384762024 0.99854570897
9.38577154309e-08 -0.0084374678059 0.99413518121 0.998590073854
9.44388777555e-08 -0.00849298452126 0.993885600395 0.998634438738
9.50200400802e-08 -0.00854850123663 0.99363601958 0.998678803623
9.56012024048e-08 -0.008604017952 0.993386438765 0.998723168507
9.61823647295e-08 -0.00865958336424 0.993134428255 0.998769121593
9.67635270541e-08 -0.00871644059723 0.992817963296 0.998857206154
9.73446893788e-08 -0.00877329783023 0.992501498338 0.998945290715
9.79258517034e-08 -0.00883015506322 0.992185033379 0.999033375276
9.85070140281e-08 -0.00888701229621 0.991868568421 0.999121459837
9.90881763527e-08 -0.0089438695292 0.991552103462 0.999209544398
9.96693386774e-08 -0.00900242094855 0.991154720545 0.999356624772
1.00250501002e-07 -0.00906102353769 0.990754893648 0.999505487007
1.00831663327e-07 -0.00911962612684 0.990355066751 0.999654349241
1.01412825651e-07 -0.00917822871599 0.989955239855 0.999803211476
1.01993987976e-07 -0.00923713961309 0.989541217346 0.9999633482
1.02575150301e-07 -0.00929798324043 0.98903820496 1.00019416278
1.03156312625e-07 -0.00935882686777 0.988535192574 1.00042497737
1.0373747495e-07 -0.00941967049511 0.988032180187 1.00065579195
1.04318637275e-07 -0.00948051412246 0.987529167801 1.00088660654
1.04899799599e-07 -0.00954285208281 0.98695946029 1.00117416427
1.05480961924e-07 -0.00960653488419 0.986329729788 1.00151278862
1.06062124248e-07 -0.00967021768558 0.985699999285 1.00185141297
1.06643286573e-07 -0.00973390048697 0.985070268782 1.00219003731
1.07224448898e-07 -0.00979803339051 0.984420983636 1.00254627199
1.07805611222e-07 -0.00986526710564 0.983636984041 1.0030238265
1.08386773547e-07 -0.00993250082078 0.982852984446 1.00350138101
1.08967935872e-07 -0.00999973453591 0.982068984851 1.00397893552
1.09549098196e-07 -0.010066968251 0.981284985256 1.00445649003
1.10130260521e-07 -0.0101382777048 0.980328101185 1.00509748482
1.10711422846e-07 -0.0102098979583 0.979358033626 1.00575094291
1.1129258517e-07 -0.0102815182117 0.978387966067 1.006404401
1.11873747495e-07 -0.0103531384652 0.977417898508 1.0070578591
1.1245490982e-07 -0.0104297080012 0.976242432067 1.00791402551
1.13036072144e-07 -0.0105066833088 0.975050125802 1.00878681115
1.13617234469e-07 -0.0105836586164 0.973857819537 1.0096595968
1.14198396794e-07 -0.0106613006654 0.972638408035 1.01056021304
1.14779559118e-07 -0.0107447397851 0.971183326479 1.01170280606
1.15360721443e-07 -0.0108281789049 0.969728244922 1.01284539909
1.15941883768e-07 -0.0109116180246 0.968273163365 1.01398799211
1.16523046092e-07 -0.0109985880381 0.966677397942 1.01528061927
1.17104208417e-07 -0.011089745329 0.964914795896 1.0167511715
1.17685370741e-07 -0.01118090262 0.96315219385 1.01822172374
1.18266533066e-07 -0.0112720599109 0.961389591804 1.01969227597
1.18847695391e-07 -0.0113721483308 0.959278262553 1.02154902409
1.19428857715e-07 -0.0114724268461 0.957159510788 1.02341399223
1.2001002004e-07 -0.0115727053614 0.955040759024 1.02527896036
1.20591182365e-07 -0.0116800339033 0.952652412132 1.02745425979
1.21172344689e-07 -0.0117909860201 0.950125498653 1.0297890634
1.21753507014e-07 -0.0119019381369 0.947598585173 1.03212386701
1.22334669339e-07 -0.0120190052062 0.944842916168 1.03473290965
1.22915831663e-07 -0.012142330682 0.941853125134 1.03762262484
1.23496993988e-07 -0.0122656561578 0.9388633341 1.04051234004
1.24078156313e-07 -0.0123957092443 0.935627717179 1.04370984596
1.24659318637e-07 -0.0125332506809 0.932118477073 1.04724994672
1.25240480962e-07 -0.0126707921174 0.928609236967 1.05079004749
1.25821643287e-07 -0.0128179037612 0.924759085742 1.0547775396
1.26402805611e-07 -0.0129716395496 0.920672968405 1.05907469953
1.26983967936e-07 -0.013125375338 0.916586851067 1.06337185945
1.27565130261e-07 -0.0132945004206 0.911967515106 1.06840556073
1.28146292585e-07 -0.013466535328 0.907247357577 1.07357852807
1.2872745491e-07 -0.0136430278828 0.902377357746 1.07897039224
1.29308617234e-07 -0.0138355815197 0.896967470102 1.08515095048
1.29889779559e-07 -0.0140281351566 0.891557582457 1.09133150871
1.30470941884e-07 -0.0142369953254 0.885617445315 1.09833558611
1.31052104208e-07 -0.0144523887979 0.879464860728 1.10566961109
1.31633266533e-07 -0.0146760020813 0.873054525297 1.11343162665
1.32214428858e-07 -0.0149166431827 0.866110243944 1.1220802497
1.32795591182e-07 -0.0151585824683 0.859126841253 1.13079874268
1.33376753507e-07 -0.0154269497973 0.851347018045 1.14093962694
1.33957915832e-07 -0.0156953171264 0.843567194837 1.15108051119
1.34539078156e-07 -0.0159900909524 0.835025391581 1.16269434935
1.35120240481e-07 -0.0162887173595 0.826372419095 1.17452308442
1.35701402806e-07 -0.0166135528097 0.816998077021 1.18787096981
1.3628256513e-07 -0.016945008571 0.807441519549 1.20160258719
1.36863727455e-07 -0.0173054815515 0.797126277468 1.21708651985
1.3744488978e-07 -0.0176723576507 0.786643619356 1.23295712923
1.38026052104e-07 -0.0180746248421 0.775285710557 1.25106011551
1.38607214429e-07 -0.0184847692176 0.76374057555 1.26967557964
1.39188376754e-07 -0.018930261214 0.751372295988 1.29062570051
1.39769539078e-07 -0.0193934693604 0.738617367949 1.31280395228
1.40350701403e-07 -0.0198821202972 0.725307160344 1.33674596633
1.40931863727e-07 -0.0204059670662 0.711280597407 1.36325449546
1.41513026052e-07 -0.0209502061016 0.696853546396 1.3912891309
1.42094188377e-07 -0.0215326839865 0.681704406245 1.42226299561
1.42675350701e-07 -0.0221512049252 0.665927202419 1.45616271679
1.43256513026e-07 -0.0227995032943 0.649653053628 1.49255144286
1.43837675351e-07 -0.0234854302723 0.63277729103 1.53217165743
1.44418837675e-07 -0.0242226289347 0.615153928083 1.57645723861
1.45e-07 -0.025 0.596881820155 1.62428538367
