-1.45e-07 0 	0 	236206.211847 	
-1.44418837675e-07 0 	0 	225019.760127 	
-1.43837675351e-07 0 	0 	214227.652306 	
-1.43256513026e-07 0 	0 	204321.640492 	
-1.42675350701e-07 0 	0 	195098.981299 	
-1.42094188377e-07 0 	0 	186436.683644 	
-1.41513026052e-07 0 	0 	178291.633232 	
-1.40931863727e-07 0 	0 	170897.839135 	
-1.40350701403e-07 0 	0 	163953.214695 	
-1.39769539078e-07 0 	0 	157399.483402 	
-1.39188376754e-07 0 	0 	151394.930526 	
-1.38607214429e-07 0 	0 	145820.725101 	
-1.38026052104e-07 0 	0 	140537.030258 	
-1.3744488978e-07 0 	0 	135715.775859 	
-1.36863727455e-07 0 	0 	131225.157378 	
-1.3628256513e-07 0 	0 	126947.927753 	
-1.35701402806e-07 0 	0 	123123.701805 	
-1.35120240481e-07 0 	0 	119484.711191 	
-1.34539078156e-07 0 	0 	116095.301837 	
-1.33957915832e-07 0 	0 	113008.364838 	
-1.33376753507e-07 0 	0 	110037.545375 	
-1.32795591182e-07 0 	0 	107402.53771 	
-1.32214428858e-07 0 	0 	104872.467761 	
-1.31633266533e-07 0 	0 	102561.815533 	
-1.31052104208e-07 0 	0 	100409.562994 	
-1.30470941884e-07 0 	0 	98391.1422432 	
-1.29889779559e-07 0 	0 	96561.2656376 	
-1.29308617234e-07 0 	0 	94805.2136262 	
-1.2872745491e-07 0 	0 	93249.20028 	
-1.28146292585e-07 0 	0 	91727.85176 	
-1.27565130261e-07 0 	0 	90403.550476 	
-1.26983967936e-07 0 	0 	89091.3664353 	
-1.26402805611e-07 0 	0 	87962.4212132 	
-1.25821643287e-07 0 	0 	86835.9114504 	
-1.25240480962e-07 0 	0 	85871.2027929 	
-1.24659318637e-07 0 	0 	84908.8430451 	
-1.24078156313e-07 0 	0 	84081.9421076 	
-1.23496993988e-07 0 	0 	83264.0859893 	
-1.22915831663e-07 0 	0 	82552.727852 	
-1.22334669339e-07 0 	0 	81861.5153327 	
-1.21753507014e-07 0 	0 	81247.0954981 	
-1.21172344689e-07 0 	0 	80666.3580328 	
-1.20591182365e-07 0 	0 	80133.4565588 	
-1.2001002004e-07 0 	0 	79648.6199266 	
-1.19428857715e-07 0 	0 	79184.5567577 	
-1.18847695391e-07 0 	0 	78782.5426552 	
-1.18266533066e-07 0 	0 	78380.5285526 	
-1.17685370741e-07 0 	0 	78046.0938873 	
-1.17104208417e-07 0 	0 	77715.2209998 	
-1.16523046092e-07 0 	0 	77420.4934621 	
-1.15941883768e-07 0 	0 	77150.3786385 	
-1.15360721443e-07 0 	0 	76889.7775174 	
-1.14779559118e-07 0 	0 	76671.2379509 	
-1.14198396794e-07 0 	0 	76452.6983844 	
-1.13617234469e-07 0 	0 	76265.3590542 	
-1.13036072144e-07 0 	0 	76090.3163444 	
-1.1245490982e-07 0 	0 	75922.2709429 	
-1.11873747495e-07 0 	0 	75783.6573932 	
-1.1129258517e-07 0 	0 	75645.0438435 	
-1.10711422846e-07 0 	0 	75524.8244508 	
-1.10130260521e-07 0 	0 	75416.4923335 	
-1.09549098196e-07 0 	0 	75308.1602163 	
-1.08967935872e-07 0 	0 	75223.8453293 	
-1.08386773547e-07 0 	0 	75140.479637 	
-1.07805611222e-07 0 	0 	75062.301324 	
-1.07224448898e-07 0 	0 	74999.3365515 	
-1.06643286573e-07 0 	0 	74936.371779 	
-1.06062124248e-07 0 	0 	74881.3768395 	
-1.05480961924e-07 0 	0 	74834.9179732 	
-1.04899799599e-07 0 	0 	74788.459107 	
-1.04318637275e-07 0 	0 	74750.5347305 	
-1.0373747495e-07 0 	0 	74717.282888 	
-1.03156312625e-07 0 	0 	74684.0310454 	
-1.02575150301e-07 0 	0 	74658.530328 	
-1.01993987976e-07 0 	0 	74635.7132075 	
-1.01412825651e-07 0 	0 	74612.8960871 	
-1.00831663327e-07 0 	0 	74596.3438441 	
-1.00250501002e-07 0 	0 	74581.6511865 	
-9.96693386774e-08 0 	0 	74566.9585289 	
-9.90881763527e-08 0 	0 	74556.8008444 	
-9.85070140281e-08 0 	0 	74548.3249252 	
-9.79258517034e-08 0 	0 	74539.8490061 	
-9.73446893788e-08 0 	0 	74534.2431059 	
-9.67635270541e-08 0 	0 	74530.4242661 	
-9.61823647295e-08 0 	0 	74526.6054263 	
-9.56012024048e-08 0 	0 	74524.2462433 	
-9.50200400802e-08 0 	0 	74523.823491 	
-9.44388777555e-08 0 	0 	74523.4007387 	
-9.38577154309e-08 0 	0 	74523.380227 	
-9.32765531062e-08 0 	0 	74525.3466448 	
-9.26953907816e-08 0 	0 	74527.3130627 	
-9.21142284569e-08 0 	0 	74529.2794805 	
-9.15330661323e-08 0 	0 	74532.5712464 	
-9.09519038076e-08 0 	0 	74536.1341432 	
-9.0370741483e-08 0 	0 	74539.69704 	
-8.97895791583e-08 0 	0 	74543.6662283 	
-8.92084168337e-08 0 	0 	74548.2118638 	
-8.8627254509e-08 0 	0 	74552.7574992 	
-8.80460921844e-08 0 	0 	74557.3031347 	
-8.74649298597e-08 0 	0 	74562.3223677 	
-8.68837675351e-08 0 	0 	74567.3848693 	
-8.63026052104e-08 0 	0 	74572.4473709 	
-8.57214428858e-08 0 	0 	74577.567741 	
-8.51402805611e-08 0 	0 	74582.8020332 	
-8.45591182365e-08 0 	0 	74588.0363254 	
-8.39779559118e-08 0 	0 	74593.2706176 	
-8.33967935872e-08 0 	0 	74598.4538929 	
-8.28156312625e-08 0 	0 	74603.6124018 	
-8.22344689379e-08 0 	0 	74608.7709107 	
-8.16533066132e-08 0 	0 	74613.9294196 	
-8.10721442886e-08 0 	0 	74618.8609141 	
-8.04909819639e-08 0 	0 	74623.7735565 	
-7.99098196393e-08 0 	0 	74628.686199 	
-7.93286573146e-08 0 	0 	74633.5685635 	
-7.874749499e-08 0 	0 	74638.1258996 	
-7.81663326653e-08 0 	0 	74642.6832357 	
-7.75851703407e-08 0 	0 	74647.2405719 	
-7.7004008016e-08 0 	0 	74651.7323372 	
-7.64228456914e-08 0 	0 	74655.8714764 	
-7.58416833667e-08 0 	0 	74660.0106155 	
-7.52605210421e-08 0 	0 	74664.1497547 	
-7.46793587174e-08 0 	0 	74668.2282411 	
-7.40981963928e-08 0 	0 	74671.9211791 	
-7.35170340681e-08 0 	0 	74675.6141172 	
-7.29358717435e-08 0 	0 	74679.3070553 	
-7.23547094188e-08 0 	0 	74682.9908136 	
-7.17735470942e-08 0 	0 	74686.234955 	
-7.11923847695e-08 0 	0 	74689.4790963 	
-7.06112224449e-08 0 	0 	74692.7232376 	
-7.00300601202e-08 0 	0 	74695.967379 	
-6.94488977956e-08 0 	0 	74698.8611176 	
-6.88677354709e-08 0 	0 	74701.6716648 	
-6.82865731463e-08 0 	0 	74704.4822121 	
-6.77054108216e-08 0 	0 	74707.2927593 	
-6.7124248497e-08 0 	0 	74709.9013476 	
-6.65430861723e-08 0 	0 	74712.3052905 	
-6.59619238477e-08 0 	0 	74714.7092335 	
-6.5380761523e-08 0 	0 	74717.1131764 	
-6.47995991984e-08 0 	0 	74719.4859042 	
-6.42184368737e-08 0 	0 	74721.5173736 	
-6.36372745491e-08 0 	0 	74723.548843 	
-6.30561122244e-08 0 	0 	74725.5803124 	
-6.24749498998e-08 0 	0 	74727.6117817 	
-6.18937875752e-08 0 	0 	74729.453453 	
-6.13126252505e-08 0 	0 	74731.1502247 	
-6.07314629259e-08 0 	0 	74732.8469964 	
-6.01503006012e-08 0 	0 	74734.5437682 	
-5.95691382766e-08 0 	0 	74736.2405399 	
-5.89879759519e-08 0 	0 	74737.6580086 	
-5.84068136273e-08 0 	0 	74739.0589268 	
-5.78256513026e-08 0 	0 	74740.4598451 	
-5.7244488978e-08 0 	0 	74741.8607633 	
-5.66633266533e-08 0 	0 	74743.2069655 	
-5.60821643287e-08 0 	0 	74744.3501052 	
-5.5501002004e-08 0 	0 	74745.4932448 	
-5.49198396794e-08 0 	0 	74746.6363845 	
-5.43386773547e-08 0 	0 	74747.7795241 	
-5.37575150301e-08 0 	0 	74748.840838 	
-5.31763527054e-08 0 	0 	74749.7622978 	
-5.25951903808e-08 0 	0 	74750.6837577 	
-5.20140280561e-08 0 	0 	74751.6052175 	
-5.14328657315e-08 0 	0 	74752.5266773 	
-5.08517034068e-08 0 	0 	74753.3705452 	
-5.02705410822e-08 0 	0 	74754.1036795 	
-4.96893787575e-08 0 	0 	74754.8368138 	
-4.91082164329e-08 0 	0 	74755.5699481 	
-4.85270541082e-08 0 	0 	74756.3030824 	
-4.79458917836e-08 0 	0 	74756.9827312 	
-4.73647294589e-08 0 	0 	74757.5577445 	
-4.67835671343e-08 0 	0 	74758.1327577 	
-4.62024048096e-08 0 	0 	74758.707771 	
-4.5621242485e-08 0 	0 	74759.2827843 	
-4.50400801603e-08 0 	0 	74759.8387567 	
-4.44589178357e-08 0 	0 	74760.2825563 	
-4.3877755511e-08 0 	0 	74760.7263559 	
-4.32965931864e-08 0 	0 	74761.1701554 	
-4.27154308617e-08 0 	0 	74761.613955 	
-4.21342685371e-08 0 	0 	74762.0577545 	
-4.15531062124e-08 0 	0 	74762.412287 	
-4.09719438878e-08 0 	0 	74762.748506 	
-4.03907815631e-08 0 	0 	74763.084725 	
-3.98096192385e-08 0 	0 	74763.420944 	
-3.92284569138e-08 0 	0 	74763.757163 	
-3.86472945892e-08 0 	0 	74764.0594882 	
-3.80661322645e-08 0 	0 	74764.308655 	
-3.74849699399e-08 0 	0 	74764.5578219 	
-3.69038076152e-08 0 	0 	74764.8069888 	
-3.63226452906e-08 0 	0 	74765.0561557 	
-3.57414829659e-08 0 	0 	74765.3053226 	
-3.51603206413e-08 0 	0 	74765.4974956 	
-3.45791583166e-08 0 	0 	74765.6772352 	
-3.3997995992e-08 0 	0 	74765.8569747 	
-3.34168336673e-08 0 	0 	74766.0367143 	
-3.28356713427e-08 0 	0 	74766.2164539 	
-3.2254509018e-08 0 	0 	74766.3895819 	
-3.16733466934e-08 0 	0 	74766.5148805 	
-3.10921843687e-08 0 	0 	74766.6401791 	
-3.05110220441e-08 0 	0 	74766.7654777 	
-2.99298597194e-08 0 	0 	74766.8907764 	
-2.93486973948e-08 0 	0 	74767.016075 	
-2.87675350701e-08 0 	0 	74767.129337 	
-2.81863727455e-08 0 	0 	74767.212822 	
-2.76052104208e-08 0 	0 	74767.2963069 	
-2.70240480962e-08 0 	0 	74767.3797918 	
-2.64428857715e-08 0 	0 	74767.4632767 	
-2.58617234469e-08 0 	0 	74767.5467616 	
-2.52805611222e-08 0 	0 	74767.6203305 	
-2.46993987976e-08 0 	0 	74767.6725352 	
-2.41182364729e-08 0 	0 	74767.7247399 	
-2.35370741483e-08 0 	0 	74767.7769447 	
-2.29559118236e-08 0 	0 	74767.8291494 	
-2.2374749499e-08 0 	0 	74767.8813542 	
-2.17935871743e-08 0 	0 	74767.9289061 	
-2.12124248497e-08 0 	0 	74767.9584868 	
-2.0631262525e-08 0 	0 	74767.9880675 	
-2.00501002004e-08 0 	0 	74768.0176481 	
-1.94689378758e-08 0 	0 	74768.0472288 	
-1.88877755511e-08 0 	0 	74768.0768095 	
-1.83066132265e-08 0 	0 	74768.1063901 	
-1.77254509018e-08 0 	0 	74768.1211138 	
-1.71442885772e-08 0 	0 	74768.1350637 	
-1.65631262525e-08 0 	0 	74768.1490136 	
-1.59819639279e-08 0 	0 	74768.1629634 	
-1.54008016032e-08 0 	0 	74768.1769133 	
-1.48196392786e-08 0 	0 	74768.1908632 	
-1.42384769539e-08 0 	0 	74768.1992623 	
-1.36573146293e-08 0 	0 	74768.2030858 	
-1.30761523046e-08 0 	0 	74768.2069093 	
-1.249498998e-08 0 	0 	74768.2107327 	
-1.19138276553e-08 0 	0 	74768.2145562 	
-1.13326653307e-08 0 	0 	74768.2183797 	
-1.0751503006e-08 0 	0 	74768.2222031 	
-1.01703406814e-08 0 	0 	74768.2200423 	
-9.58917835671e-09 0 	0 	74768.2178523 	
-9.00801603206e-09 0 	0 	74768.2156623 	
-8.42685370741e-09 0 	0 	74768.2134723 	
-7.84569138277e-09 0 	0 	74768.2112822 	
-7.26452905812e-09 0 	0 	74768.2090922 	
-6.68336673347e-09 0 	0 	74768.2059741 	
-6.10220440882e-09 0 	0 	74768.200561 	
-5.52104208417e-09 0 	0 	74768.1951479 	
-4.93987975952e-09 0 	0 	74768.1897348 	
-4.35871743487e-09 0 	0 	74768.1843216 	
-3.77755511022e-09 0 	0 	74768.1789085 	
-3.19639278557e-09 0 	0 	74768.1734954 	
-2.61523046092e-09 0 	0 	74768.1673367 	
-2.03406813627e-09 0 	0 	74768.1601607 	
-1.45290581162e-09 0 	0 	74768.1529847 	
-8.71743486974e-10 0 	0 	74768.1458086 	
-2.90581162324e-10 0 	0 	74768.1386326 	
2.90581162325e-10 0 	0 	74768.1314566 	
8.71743486974e-10 0 	0 	74768.1242806 	
1.45290581162e-09 0 	0 	74768.116421 	
2.03406813627e-09 0 	0 	74768.1075203 	
2.61523046092e-09 0 	0 	74768.0986197 	
3.19639278557e-09 0 	0 	74768.089719 	
3.77755511022e-09 0 	0 	74768.0808183 	
4.35871743487e-09 0 	0 	74768.0719176 	
4.93987975952e-09 0 	0 	74768.063017 	
5.52104208417e-09 0 	0 	74768.0534387 	
6.10220440882e-09 0 	0 	74768.0412233 	
6.68336673347e-09 0 	0 	74768.0290079 	
7.26452905812e-09 0 	0 	74768.0167925 	
7.84569138277e-09 0 	0 	74768.0045771 	
8.42685370742e-09 0 	0 	74767.9923617 	
9.00801603206e-09 0 	0 	74767.9801463 	
9.58917835671e-09 0 	0 	74767.9679309 	
1.01703406814e-08 0 	0 	74767.949918 	
1.0751503006e-08 0 	0 	74767.9308277 	
1.13326653307e-08 0 	0 	74767.9117373 	
1.19138276553e-08 0 	0 	74767.892647 	
1.249498998e-08 0 	0 	74767.8735566 	
1.30761523046e-08 0 	0 	74767.8544663 	
1.36573146293e-08 0 	0 	74767.8353759 	
1.42384769539e-08 0 	0 	74767.8122816 	
1.48196392786e-08 0 	0 	74767.7802298 	
1.54008016032e-08 0 	0 	74767.7481781 	
1.59819639279e-08 0 	0 	74767.7161263 	
1.65631262525e-08 0 	0 	74767.6840745 	
1.71442885772e-08 0 	0 	74767.6520227 	
1.77254509018e-08 0 	0 	74767.6199709 	
1.83066132265e-08 0 	0 	74767.5879192 	
1.88877755511e-08 0 	0 	74767.5424697 	
1.94689378758e-08 0 	0 	74767.4879862 	
2.00501002004e-08 0 	0 	74767.4335027 	
2.06312625251e-08 0 	0 	74767.3790191 	
2.12124248497e-08 0 	0 	74767.3245356 	
2.17935871743e-08 0 	0 	74767.2700521 	
2.2374749499e-08 0 	0 	74767.2155685 	
2.29559118236e-08 0 	0 	74767.161085 	
2.35370741483e-08 0 	0 	74767.0808711 	
2.41182364729e-08 0 	0 	74766.9898463 	
2.46993987976e-08 0 	0 	74766.8988215 	
2.52805611222e-08 0 	0 	74766.8077967 	
2.58617234469e-08 0 	0 	74766.7167719 	
2.64428857715e-08 0 	0 	74766.6257472 	
2.70240480962e-08 0 	0 	74766.5347224 	
2.76052104208e-08 0 	0 	74766.4436976 	
2.81863727455e-08 0 	0 	74766.3169329 	
2.87675350701e-08 0 	0 	74766.1687513 	
2.93486973948e-08 0 	0 	74766.0205697 	
2.99298597194e-08 0 	0 	74765.8723881 	
3.05110220441e-08 0 	0 	74765.7242066 	
3.10921843687e-08 0 	0 	74765.576025 	
3.16733466934e-08 0 	0 	74765.4278434 	
3.2254509018e-08 0 	0 	74765.2796618 	
3.28356713427e-08 0 	0 	74765.1004825 	
3.34168336673e-08 0 	0 	74764.8653123 	
3.3997995992e-08 0 	0 	74764.6301422 	
3.45791583166e-08 0 	0 	74764.3949721 	
3.51603206413e-08 0 	0 	74764.159802 	
3.57414829659e-08 0 	0 	74763.9246318 	
3.63226452906e-08 0 	0 	74763.6894617 	
3.69038076152e-08 0 	0 	74763.4542916 	
3.74849699399e-08 0 	0 	74763.2191215 	
3.80661322645e-08 0 	0 	74762.868022 	
3.86472945892e-08 0 	0 	74762.5030046 	
3.92284569138e-08 0 	0 	74762.1379873 	
3.98096192385e-08 0 	0 	74761.7729699 	
4.03907815631e-08 0 	0 	74761.4079526 	
4.09719438878e-08 0 	0 	74761.0429352 	
4.15531062124e-08 0 	0 	74760.6779179 	
4.21342685371e-08 0 	0 	74760.3129005 	
4.27154308617e-08 0 	0 	74759.9039561 	
4.32965931864e-08 0 	0 	74759.3480579 	
4.3877755511e-08 0 	0 	74758.7921597 	
4.44589178357e-08 0 	0 	74758.2362615 	
4.50400801603e-08 0 	0 	74757.6803633 	
4.5621242485e-08 0 	0 	74757.1244651 	
4.62024048096e-08 0 	0 	74756.5685669 	
4.67835671343e-08 0 	0 	74756.0126687 	
4.73647294589e-08 0 	0 	74755.4567705 	
4.79458917836e-08 0 	0 	74754.8003613 	
4.85270541082e-08 0 	0 	74753.968031 	
4.91082164329e-08 0 	0 	74753.1357007 	
4.96893787575e-08 0 	0 	74752.3033704 	
5.02705410822e-08 0 	0 	74751.4710401 	
5.08517034068e-08 0 	0 	74750.6387098 	
5.14328657315e-08 0 	0 	74749.8063795 	
5.20140280561e-08 0 	0 	74748.9740492 	
5.25951903808e-08 0 	0 	74748.1417189 	
5.31763527054e-08 0 	0 	74747.1961236 	
5.37575150301e-08 0 	0 	74745.9711052 	
5.43386773547e-08 0 	0 	74744.7460869 	
5.49198396794e-08 0 	0 	74743.5210686 	
5.5501002004e-08 0 	0 	74742.2960502 	
5.60821643287e-08 0 	0 	74741.0710319 	
5.66633266533e-08 0 	0 	74739.8460136 	
5.7244488978e-08 0 	0 	74738.6209953 	
5.78256513026e-08 0 	0 	74737.3959769 	
5.84068136273e-08 0 	0 	74736.1709586 	
5.89879759519e-08 0 	0 	74734.4050748 	
5.95691382766e-08 0 	0 	74732.6390403 	
6.01503006012e-08 0 	0 	74730.8730058 	
6.07314629259e-08 0 	0 	74729.1069713 	
6.13126252505e-08 0 	0 	74727.3409368 	
6.18937875752e-08 0 	0 	74725.5749023 	
6.24749498998e-08 0 	0 	74723.8088677 	
6.30561122244e-08 0 	0 	74722.0428332 	
6.36372745491e-08 0 	0 	74720.2767987 	
6.42184368737e-08 0 	0 	74718.1637135 	
6.47995991984e-08 0 	0 	74715.6929142 	
6.5380761523e-08 0 	0 	74713.2221149 	
6.59619238477e-08 0 	0 	74710.7513157 	
6.65430861723e-08 0 	0 	74708.2805164 	
6.7124248497e-08 0 	0 	74705.8097171 	
6.77054108216e-08 0 	0 	74703.3389178 	
6.82865731463e-08 0 	0 	74700.8681185 	
6.88677354709e-08 0 	0 	74698.3973193 	
6.94488977956e-08 0 	0 	74695.92652 	
7.00300601202e-08 0 	0 	74692.8351049 	
7.06112224449e-08 0 	0 	74689.5492418 	
7.11923847695e-08 0 	0 	74686.2633786 	
7.17735470942e-08 0 	0 	74682.9775154 	
7.23547094188e-08 0 	0 	74679.6916523 	
7.29358717435e-08 0 	0 	74676.4057891 	
7.35170340681e-08 0 	0 	74673.1199259 	
7.40981963928e-08 0 	0 	74669.8340628 	
7.46793587174e-08 0 	0 	74666.5481996 	
7.52605210421e-08 0 	0 	74663.2623364 	
7.58416833667e-08 0 	0 	74659.4426661 	
7.64228456914e-08 0 	0 	74655.4907502 	
7.7004008016e-08 0 	0 	74651.5388344 	
7.75851703407e-08 0 	0 	74647.5869185 	
7.81663326653e-08 0 	0 	74643.6350027 	
7.874749499e-08 0 	0 	74639.6830869 	
7.93286573146e-08 0 	0 	74635.731171 	
7.99098196393e-08 0 	0 	74631.7792552 	
8.04909819639e-08 0 	0 	74627.8273393 	
8.10721442886e-08 0 	0 	74623.8754235 	
8.16533066132e-08 0 	0 	74620.0996731 	
8.22344689379e-08 0 	0 	74616.4379341 	
8.28156312625e-08 0 	0 	74612.7761951 	
8.33967935872e-08 0 	0 	74609.114456 	
8.39779559118e-08 0 	0 	74605.452717 	
8.45591182365e-08 0 	0 	74601.7909779 	
8.51402805611e-08 0 	0 	74598.1292389 	
8.57214428858e-08 0 	0 	74594.4674999 	
8.63026052104e-08 0 	0 	74590.8057608 	
8.68837675351e-08 0 	0 	74587.1440218 	
8.74649298597e-08 0 	0 	74584.0757245 	
8.80460921844e-08 0 	0 	74583.8470267 	
8.8627254509e-08 0 	0 	74583.6183288 	
8.92084168337e-08 0 	0 	74583.389631 	
8.97895791583e-08 0 	0 	74583.1609332 	
9.0370741483e-08 0 	0 	74582.9322353 	
9.09519038076e-08 0 	0 	74582.7035375 	
9.15330661323e-08 0 	0 	74582.4748397 	
9.21142284569e-08 0 	0 	74582.2461419 	
9.26953907816e-08 0 	0 	74582.017444 	
9.32765531062e-08 0 	0 	74581.7887462 	
9.38577154309e-08 0 	0 	74587.5434992 	
9.44388777555e-08 0 	0 	74599.4491986 	
9.50200400802e-08 0 	0 	74611.3548979 	
9.56012024048e-08 0 	0 	74623.2605973 	
9.61823647295e-08 0 	0 	74635.1662967 	
9.67635270541e-08 0 	0 	74647.0719961 	
9.73446893788e-08 0 	0 	74658.9776955 	
9.79258517034e-08 0 	0 	74670.8833949 	
9.85070140281e-08 0 	0 	74682.7890943 	
9.90881763527e-08 0 	0 	74694.6947936 	
9.96693386774e-08 0 	0 	74706.600493 	
1.00250501002e-07 0 	0 	74737.9003205 	
1.00831663327e-07 0 	0 	74784.3133603 	
1.01412825651e-07 0 	0 	74830.7264002 	
1.01993987976e-07 0 	0 	74877.1394401 	
1.02575150301e-07 0 	0 	74923.5524799 	
1.03156312625e-07 0 	0 	74969.9655198 	
1.0373747495e-07 0 	0 	75016.3785597 	
1.04318637275e-07 0 	0 	75062.7915995 	
1.04899799599e-07 0 	0 	75109.2046394 	
1.05480961924e-07 0 	0 	75155.6176793 	
1.06062124248e-07 0 	0 	75202.0307191 	
1.06643286573e-07 0 	0 	75282.0522811 	
1.07224448898e-07 0 	0 	75418.3900562 	
1.07805611222e-07 0 	0 	75554.7278314 	
1.08386773547e-07 0 	0 	75691.0656065 	
1.08967935872e-07 0 	0 	75827.4033817 	
1.09549098196e-07 0 	0 	75963.7411568 	
1.10130260521e-07 0 	0 	76100.078932 	
1.10711422846e-07 0 	0 	76236.4167072 	
1.1129258517e-07 0 	0 	76372.7544823 	
1.11873747495e-07 0 	0 	76509.0922575 	
1.1245490982e-07 0 	0 	76645.4300326 	
1.13036072144e-07 0 	0 	76781.7678078 	
1.13617234469e-07 0 	0 	77125.1713829 	
1.14198396794e-07 0 	0 	77486.0485638 	
1.14779559118e-07 0 	0 	77846.9257447 	
1.15360721443e-07 0 	0 	78207.8029256 	
1.15941883768e-07 0 	0 	78568.6801064 	
1.16523046092e-07 0 	0 	78929.5572873 	
1.17104208417e-07 0 	0 	79290.4344682 	
1.17685370741e-07 0 	0 	79651.3116491 	
1.18266533066e-07 0 	0 	80012.18883 	
1.18847695391e-07 0 	0 	80373.0660109 	
1.19428857715e-07 0 	0 	80733.9431918 	
1.2001002004e-07 0 	0 	81205.1449793 	
1.20591182365e-07 0 	0 	82114.4834158 	
1.21172344689e-07 0 	0 	83023.8218522 	
1.21753507014e-07 0 	0 	83933.1602886 	
1.22334669339e-07 0 	0 	84842.498725 	
1.22915831663e-07 0 	0 	85751.8371614 	
1.23496993988e-07 0 	0 	86661.1755978 	
1.24078156313e-07 0 	0 	87570.5140342 	
1.24659318637e-07 0 	0 	88479.8524706 	
1.25240480962e-07 0 	0 	89389.1909071 	
1.25821643287e-07 0 	0 	90298.5293435 	
1.26402805611e-07 0 	0 	91207.8677799 	
1.26983967936e-07 0 	0 	92388.0402831 	
1.27565130261e-07 0 	0 	94622.9307109 	
1.28146292585e-07 0 	0 	96857.8211386 	
1.2872745491e-07 0 	0 	99092.7115663 	
1.29308617234e-07 0 	0 	101327.601994 	
1.29889779559e-07 0 	0 	103562.492422 	
1.30470941884e-07 0 	0 	105797.38285 	
1.31052104208e-07 0 	0 	108032.273277 	
1.31633266533e-07 0 	0 	110267.163705 	
1.32214428858e-07 0 	0 	112502.054133 	
1.32795591182e-07 0 	0 	114736.944561 	
1.33376753507e-07 0 	0 	116971.834988 	
1.33957915832e-07 0 	0 	119206.725416 	
1.34539078156e-07 0 	0 	124395.776972 	
1.35120240481e-07 0 	0 	129823.715976 	
1.35701402806e-07 0 	0 	135251.65498 	
1.3628256513e-07 0 	0 	140679.593985 	
1.36863727455e-07 0 	0 	146107.532989 	
1.3744488978e-07 0 	0 	151535.471993 	
1.38026052104e-07 0 	0 	156963.410997 	
1.38607214429e-07 0 	0 	162391.350002 	
1.39188376754e-07 0 	0 	167819.289006 	
1.39769539078e-07 0 	0 	173247.22801 	
1.40350701403e-07 0 	0 	178675.167014 	
1.40931863727e-07 0 	0 	184103.106019 	
1.41513026052e-07 0 	0 	190323.538623 	
1.42094188377e-07 0 	0 	197970.652641 	
1.42675350701e-07 0 	0 	205617.76666 	
1.43256513026e-07 0 	0 	213264.880678 	
1.43837675351e-07 0 	0 	220911.994696 	
1.44418837675e-07 0 	0 	228559.108715 	
1.45e-07 0 	0 	236206.222733 	
