-1.45e-07 0.0242145790598 1.07856101412 0.928165336269
-1.44418837675e-07 0.0240803652856 1.07302688639 0.932958591326
-1.43837675351e-07 0.023952103468 1.06784986161 0.937472649077
-1.43256513026e-07 0.0238310775369 1.06311185222 0.941648848808
-1.42675350701e-07 0.0237156184282 1.05870965204 0.94556103415
-1.42094188377e-07 0.0236047169366 1.05458154734 0.949255033215
-1.41513026052e-07 0.0234980176388 1.05070563155 0.95274654174
-1.40931863727e-07 0.023397405658 1.04719361379 0.95594059395
-1.40350701403e-07 0.0233004224809 1.04389780882 0.95895475568
-1.39769539078e-07 0.0232065942774 1.04078984254 0.96181184478
-1.39188376754e-07 0.0231171888453 1.03794473661 0.964446572396
-1.38607214429e-07 0.0230312375223 1.03530456977 0.966905215587
-1.38026052104e-07 0.0229476149146 1.03280252454 0.969244556467
-1.3744488978e-07 0.0228676906759 1.03051970922 0.97139276152
-1.36863727455e-07 0.0227904005652 1.02839301731 0.973402968834
-1.3628256513e-07 0.0227148097275 1.02636704757 0.975324020813
-1.35701402806e-07 0.0226428131361 1.02455424494 0.97705420489
-1.35120240481e-07 0.0225722798221 1.02282835034 0.97870561898
-1.34539078156e-07 0.02250371809 1.02121955333 0.980250900444
-1.33957915832e-07 0.0224375345785 1.01975231859 0.981666389749
-1.33376753507e-07 0.0223722631476 1.0183394072 0.983031964247
-1.32795591182e-07 0.0223096188406 1.01708334515 0.98425215067
-1.32214428858e-07 0.0222477910684 1.01587621972 0.985426501442
-1.31633266533e-07 0.0221876706158 1.01477141746 0.986505012946
-1.31052104208e-07 0.0221287755679 1.01374039793 0.987513723821
-1.30470941884e-07 0.0220709158637 1.01277171737 0.988463460193
-1.29889779559e-07 0.0220145056838 1.01189079486 0.989329371816
-1.29308617234e-07 0.021958663066 1.01104423408 0.990162461798
-1.2872745491e-07 0.0219043479999 1.0102907477 0.990905814026
-1.28146292585e-07 0.0218502976442 1.00955339025 0.991633615542
-1.27565130261e-07 0.0217977410404 1.00890771677 0.992272207767
-1.26983967936e-07 0.0217452762936 1.00826768131 0.992905314147
-1.26402805611e-07 0.0216941896383 1.00771293783 0.993454678847
-1.25821643287e-07 0.0216431212995 1.00715932799 0.994002930522
-1.25240480962e-07 0.0215932593411 1.00668108832 0.99447651557
-1.24659318637e-07 0.0215434148961 1.00620394283 0.994949016664
-1.24078156313e-07 0.0214945709116 1.0057899679 0.995358372251
-1.23496993988e-07 0.0214457937296 1.00538021098 0.995763511503
-1.22915831663e-07 0.0213977949781 1.005020194 0.996118477858
-1.22334669339e-07 0.021349943478 1.00466958604 0.996463953291
-1.21753507014e-07 0.0213026468821 1.00435491304 0.996772845815
-1.21172344689e-07 0.0212555936751 1.00405600164 0.997065692553
-1.20591182365e-07 0.0212088817647 1.00377952799 0.99733548142
-1.2001002004e-07 0.0211625127834 1.00352559945 0.997582102106
-1.19428857715e-07 0.0211162899293 1.00328144279 0.997818583826
-1.18847695391e-07 0.021070503548 1.00306647417 0.998024781072
-1.18266533066e-07 0.0210247171666 1.00285150554 0.998230978319
-1.17685370741e-07 0.0209793986626 1.00266843624 0.998403750341
-1.17104208417e-07 0.0209341048181 1.0024870482 0.998574760685
-1.16523046092e-07 0.0208890567672 1.00232279253 0.998727637406
-1.15941883768e-07 0.0208441760864 1.00217020294 0.99886816627
-1.15360721443e-07 0.020799358791 1.00202214526 0.999003848995
-1.14779559118e-07 0.0207548217321 1.00189412388 0.999118106186
-1.14198396794e-07 0.0207102846731 1.0017661025 0.999232363377
-1.13617234469e-07 0.0206659506614 1.00165303374 0.999330465657
-1.13036072144e-07 0.0206216966746 1.00154585809 0.999422200972
-1.1245490982e-07 0.0205774870006 1.00144206079 0.999510248973
-1.11873747495e-07 0.0205334637137 1.00135247338 0.999582787518
-1.1129258517e-07 0.0204894404269 1.00126288597 0.999655326063
-1.10711422846e-07 0.0204455299547 1.00118226099 0.999717986621
-1.10130260521e-07 0.0204016923894 1.00110742799 0.999774263501
-1.09549098196e-07 0.0203578548241 1.00103259499 0.999830540382
-1.08967935872e-07 0.0203141590422 1.00096959882 0.999873654652
-1.08386773547e-07 0.0202704688639 1.00090707045 0.999916248718
-1.07805611222e-07 0.0202268079229 1.00084713593 0.999955937047
-1.07224448898e-07 0.0201832327291 1.00079480863 0.999987103438
-1.06643286573e-07 0.0201396575354 1.00074248133 1.00001826983
-1.06062124248e-07 0.0200961247567 1.00069421369 1.00004486601
-1.05480961924e-07 0.0200526374064 1.00065029414 1.00006656728
-1.04899799599e-07 0.0200091500562 1.00060637459 1.00008826855
-1.04318637275e-07 0.0199657049265 1.00056690791 1.00010495161
-1.0373747495e-07 0.0199222829121 1.00052987913 1.00011888724
-1.03156312625e-07 0.0198788608977 1.00049285035 1.00013282288
-1.02575150301e-07 0.0198354737056 1.00045999492 1.00014207768
-1.01993987976e-07 0.0197920985696 1.00042858439 1.00014971188
-1.01412825651e-07 0.0197487234337 1.00039717386 1.00015734608
-1.00831663327e-07 0.0197053729224 1.00036927999 1.00016108881
-1.00250501002e-07 0.0196620297203 1.00034242996 1.00016367645
-9.96693386774e-08 0.0196186865183 1.00031557994 1.0001662641
-9.90881763527e-08 0.0195753579131 1.00029142165 1.00016595062
-9.85070140281e-08 0.0195320347211 1.00026826159 1.00016456129
-9.79258517034e-08 0.0194887115291 1.00024510152 1.00016317195
-9.73446893788e-08 0.0194453949069 1.00022377873 1.00015989033
-9.67635270541e-08 0.0194020823755 1.00020359996 1.00015543046
-9.61823647295e-08 0.0193587698441 1.00018342119 1.00015097059
-9.56012024048e-08 0.0193154588098 1.00016427879 1.00014551913
-9.50200400802e-08 0.0192721497616 1.0001465113 1.00013875221
-9.44388777555e-08 0.0192288407135 1.00012874381 1.00013198529
-9.38577154309e-08 0.0191855313487 1.00011130612 1.00012493752
-9.32765531062e-08 0.0191422204199 1.00009549754 1.00011650243
-9.26953907816e-08 0.019098909491 1.00007968895 1.00010806734
-9.21142284569e-08 0.0190555985622 1.00006388037 1.00009963226
-9.15330661323e-08 0.0190122828606 1.00004940438 1.00009025292
-9.09519038076e-08 0.0189689661826 1.00003520099 1.00008068041
-9.0370741483e-08 0.0189256495047 1.00002099761 1.0000711079
-8.97895791583e-08 0.0188823293537 1.00000734541 1.00006124596
-8.92084168337e-08 0.0188390042753 0.999994475241 1.00005097339
-8.8627254509e-08 0.0187956791969 0.999981605069 1.00004070082
-8.80460921844e-08 0.0187523541186 0.999968734896 1.00003042824
-8.74649298597e-08 0.018709019807 0.999956898237 1.00001984136
-8.68837675351e-08 0.0186656846519 0.999945156002 1.00000922577
-8.63026052104e-08 0.0186223494967 0.999933413766 0.999998610176
-8.57214428858e-08 0.0185790106411 0.999922000366 0.999987976132
-8.51402805611e-08 0.0185356645003 0.999911234325 0.999977305767
-8.45591182365e-08 0.0184923183596 0.999900468284 0.999966635401
-8.39779559118e-08 0.0184489722188 0.999889702243 0.999955965035
-8.33967935872e-08 0.0184056184684 0.99987951955 0.999945412325
-8.28156312625e-08 0.0183622610237 0.999869620046 0.999934916731
-8.22344689379e-08 0.0183189035791 0.999859720542 0.999924421138
-8.16533066132e-08 0.0182755461345 0.999849821037 0.999913925544
-8.10721442886e-08 0.0182321783672 0.999840650146 0.999903757159
-8.04909819639e-08 0.0181888097428 0.999831539762 0.999893615947
-7.99098196393e-08 0.0181454411183 0.999822429377 0.999883474735
-7.93286573146e-08 0.018102071579 0.999813381676 0.999873375419
-7.874749499e-08 0.0180586922184 0.999805006881 0.999863725851
-7.81663326653e-08 0.0180153128579 0.999796632086 0.999854076283
-7.75851703407e-08 0.0179719334973 0.999788257291 0.999844426715
-7.7004008016e-08 0.0179285525574 0.999779992088 0.999834870139
-7.64228456914e-08 0.0178851631237 0.99977231625 0.99982581366
-7.58416833667e-08 0.0178417736899 0.999764640412 0.999816757181
-7.52605210421e-08 0.0177983842562 0.999756964574 0.999807700702
-7.46793587174e-08 0.0177549935623 0.999749380282 0.999798734524
-7.40981963928e-08 0.0177115948572 0.999742377914 0.999790342357
-7.35170340681e-08 0.0176681961522 0.999735375546 0.999781950189
-7.29358717435e-08 0.0176247974472 0.999728373179 0.999773558021
-7.23547094188e-08 0.0175813985705 0.999721384198 0.999765180378
-7.17735470942e-08 0.0175379914715 0.999715036321 0.999757498302
-7.11923847695e-08 0.0174945843726 0.999708688444 0.999749816227
-7.06112224449e-08 0.0174511772736 0.999702340567 0.999742134151
-7.00300601202e-08 0.0174077701747 0.999695992691 0.999734452075
-6.94488977956e-08 0.017364357023 0.999690160704 0.999727363584
-6.88677354709e-08 0.0173209424344 0.999684451198 0.99972041602
-6.82865731463e-08 0.0172775278458 0.999678741692 0.999713468456
-6.77054108216e-08 0.0172341132572 0.999673032186 0.999706520892
-6.7124248497e-08 0.017190695393 0.999667631794 0.999699941408
-6.65430861723e-08 0.0171472742096 0.999662544628 0.999693734902
-6.59619238477e-08 0.0171038530261 0.999657457462 0.999687528396
-6.5380761523e-08 0.0170604318427 0.999652370296 0.99968132189
-6.47995991984e-08 0.0170170101786 0.99964733378 0.999675176789
-6.42184368737e-08 0.0169735832597 0.999642850998 0.999669703001
-6.36372745491e-08 0.0169301563408 0.999638368216 0.999664229212
-6.30561122244e-08 0.0168867294218 0.999633885434 0.999658755423
-6.24749498998e-08 0.0168433025029 0.999629402652 0.999653281635
-6.18937875752e-08 0.0167998727885 0.999625250558 0.999648211638
-6.13126252505e-08 0.0167564409401 0.999621350925 0.999643449912
-6.07314629259e-08 0.0167130090916 0.999617451291 0.999638688186
-6.01503006012e-08 0.0166695772432 0.999613551658 0.99963392646
-5.95691382766e-08 0.0166261453947 0.999609652024 0.999629164734
-5.89879759519e-08 0.0165827095925 0.999606279016 0.99962504622
-5.84068136273e-08 0.0165392735561 0.999602937213 0.999620965821
-5.78256513026e-08 0.0164958375197 0.999599595411 0.999616885422
-5.7244488978e-08 0.0164524014832 0.999596253608 0.999612805022
-5.66633266533e-08 0.0164089647003 0.999593023898 0.999608860992
-5.60821643287e-08 0.0163655251469 0.999590210186 0.999605423057
-5.5501002004e-08 0.0163220855936 0.999587396475 0.999601985122
-5.49198396794e-08 0.0162786460402 0.999584582763 0.999598547187
-5.43386773547e-08 0.0162352064869 0.999581769051 0.999595109251
-5.37575150301e-08 0.0161917658564 0.999579137671 0.999591891755
-5.31763527054e-08 0.0161483233848 0.999576817926 0.999589051027
-5.25951903808e-08 0.0161048809133 0.999574498182 0.999586210298
-5.20140280561e-08 0.0160614384418 0.999572178437 0.999583369569
-5.14328657315e-08 0.0160179959703 0.999569858692 0.999580528841
-5.08517034068e-08 0.0159745525136 0.999567726739 0.999577913524
-5.02705410822e-08 0.015931107651 0.999565862787 0.999575619897
-4.96893787575e-08 0.0158876627884 0.999563998836 0.99957332627
-4.91082164329e-08 0.0158442179258 0.999562134884 0.999571032643
-4.85270541082e-08 0.0158007730633 0.999560270932 0.999568739017
-4.79458917836e-08 0.015757327547 0.999558547065 0.999566612336
-4.73647294589e-08 0.0157138807519 0.999557097248 0.999564812259
-4.67835671343e-08 0.0156704339568 0.999555647432 0.999563012181
-4.62024048096e-08 0.0156269871618 0.999554197616 0.999561212104
-4.5621242485e-08 0.0155835403667 0.9995527478 0.999559412026
-4.50400801603e-08 0.0155400933484 0.999551351635 0.999557675482
-4.44589178357e-08 0.0154966450149 0.999550271543 0.999556313225
-4.3877755511e-08 0.0154531966815 0.99954919145 0.999554950968
-4.32965931864e-08 0.0154097483481 0.999548111358 0.999553588711
-4.27154308617e-08 0.0153663000146 0.999547031266 0.999552226454
-4.21342685371e-08 0.0153228516812 0.999545951173 0.999550864197
-4.15531062124e-08 0.0152794023491 0.99954513943 0.99954981815
-4.09719438878e-08 0.0152359528122 0.999544382739 0.999548836974
-4.03907815631e-08 0.0151925032753 0.999543626049 0.999547855798
-3.98096192385e-08 0.0151490537383 0.999542869358 0.999546874623
-3.92284569138e-08 0.0151056042014 0.999542112667 0.999545893447
-3.86472945892e-08 0.0150621543052 0.999541463467 0.999545038577
-3.80661322645e-08 0.0150187038457 0.999540982852 0.999544381803
-3.74849699399e-08 0.0149752533862 0.999540502238 0.999543725029
-3.69038076152e-08 0.0149318029267 0.999540021623 0.999543068254
-3.63226452906e-08 0.0148883524671 0.999539541008 0.99954241148
-3.57414829659e-08 0.0148449020076 0.999539060394 0.999541754705
-3.51603206413e-08 0.0148014509816 0.999538767505 0.99954131856
-3.45791583166e-08 0.0147579998319 0.99953851557 0.999540930547
-3.3997995992e-08 0.0147145486823 0.999538263635 0.999540542533
-3.34168336673e-08 0.0146710975327 0.9995380117 0.99954015452
-3.28356713427e-08 0.0146276463831 0.999537759765 0.999539766506
-3.2254509018e-08 0.0145841951726 0.99953752995 0.999539404611
-3.16733466934e-08 0.0145407435224 0.999537460157 0.999539231657
-3.10921843687e-08 0.0144972918722 0.999537390363 0.999539058702
-3.05110220441e-08 0.0144538402219 0.99953732057 0.999538885748
-2.99298597194e-08 0.0144103885717 0.999537250777 0.999538712794
-2.93486973948e-08 0.0143669369215 0.999537180983 0.99953853984
-2.87675350701e-08 0.0143234851708 0.999537150732 0.99953841413
-2.81863727455e-08 0.0142800331716 0.999537218303 0.999538405297
-2.76052104208e-08 0.0142365811723 0.999537285874 0.999538396465
-2.70240480962e-08 0.0141931291731 0.999537353444 0.999538387632
-2.64428857715e-08 0.0141496771739 0.999537421015 0.999538378799
-2.58617234469e-08 0.0141062251747 0.999537488586 0.999538369966
-2.52805611222e-08 0.0140627731024 0.999537586338 0.999538398128
-2.46993987976e-08 0.0140193208728 0.999537749117 0.999538505995
-2.41182364729e-08 0.0139758686432 0.999537911896 0.999538613861
-2.35370741483e-08 0.0139324164135 0.999538074675 0.999538721728
-2.29559118236e-08 0.0138889641839 0.999538237454 0.999538829595
-2.2374749499e-08 0.0138455119543 0.999538400233 0.999538937462
-2.17935871743e-08 0.0138020596958 0.99953857463 0.999539060442
-2.12124248497e-08 0.0137586073257 0.999538793902 0.999539241799
-2.0631262525e-08 0.0137151549557 0.999539013174 0.999539423156
-2.00501002004e-08 0.0136717025856 0.999539232446 0.999539604514
-1.94689378758e-08 0.0136282502156 0.999539451718 0.999539785871
-1.88877755511e-08 0.0135847978455 0.999539670989 0.999539967228
-1.83066132265e-08 0.0135413454755 0.999539890261 0.999540148585
-1.77254509018e-08 0.0134978930345 0.999540130442 0.999540363347
-1.71442885772e-08 0.0134544405898 0.999540371711 0.999540579848
-1.65631262525e-08 0.0134109881451 0.99954061298 0.99954079635
-1.59819639279e-08 0.0133675357004 0.99954085425 0.999541012852
-1.54008016032e-08 0.0133240832557 0.999541095519 0.999541229353
-1.48196392786e-08 0.013280630811 0.999541336788 0.999541445855
-1.42384769539e-08 0.0132371783504 0.999541573937 0.999541663612
-1.36573146293e-08 0.0131937258765 0.999541807689 0.999541882405
-1.30761523046e-08 0.0131502734026 0.999542041441 0.999542101197
-1.249498998e-08 0.0131068209288 0.999542275193 0.99954231999
-1.19138276553e-08 0.0130633684549 0.999542508945 0.999542538782
-1.13326653307e-08 0.0130199159811 0.999542742697 0.999542757575
-1.0751503006e-08 0.0129764635072 0.999542976449 0.999542976367
-1.01703406814e-08 0.0129330110334 0.999543179066 0.999543170839
-9.58917835671e-09 0.0128895585596 0.99954338153 0.999543365192
-9.00801603206e-09 0.0128461060858 0.999543583994 0.999543559545
-8.42685370741e-09 0.012802653612 0.999543786458 0.999543753898
-7.84569138277e-09 0.0127592011381 0.999543988922 0.999543948251
-7.26452905812e-09 0.0127157486643 0.999544191386 0.999544142604
-6.68336673347e-09 0.0126722961954 0.999544379883 0.99954432418
-6.10220440882e-09 0.0126288437386 0.99954453384 0.999544474158
-5.52104208417e-09 0.0125853912818 0.999544687797 0.999544624136
-4.93987975952e-09 0.0125419388251 0.999544841755 0.999544774114
-4.35871743487e-09 0.0124984863683 0.999544995712 0.999544924092
-3.77755511022e-09 0.0124550339115 0.999545149669 0.999545074071
-3.19639278557e-09 0.0124115814547 0.999545303626 0.999545224049
-2.61523046092e-09 0.012368129009 0.999545432936 0.999545350021
-2.03406813627e-09 0.0123246765784 0.999545528615 0.999545443233
-1.45290581162e-09 0.0122812241477 0.999545624293 0.999545536446
-8.71743486974e-10 0.0122377717171 0.999545719972 0.999545629659
-2.90581162324e-10 0.0121943192865 0.99954581565 0.999545722872
2.90581162325e-10 0.0121508668559 0.999545911329 0.999545816084
8.71743486974e-10 0.0121074144253 0.999546007008 0.999545909297
1.45290581162e-09 0.0120639620075 0.999546079079 0.999545978437
2.03406813627e-09 0.0120205096093 0.999546115194 0.999546010912
2.61523046092e-09 0.0119770572111 0.999546151309 0.999546043388
3.19639278557e-09 0.011933604813 0.999546187424 0.999546075863
3.77755511022e-09 0.0118901524148 0.999546223539 0.999546108338
4.35871743487e-09 0.0118467000166 0.999546259654 0.999546140813
4.93987975952e-09 0.0118032476184 0.999546295769 0.999546173289
5.52104208417e-09 0.0117597952288 0.999546321434 0.99954619447
6.10220440882e-09 0.0117163428726 0.999546306429 0.999546171697
6.68336673347e-09 0.0116728905164 0.999546291425 0.999546148924
7.26452905812e-09 0.0116294381602 0.99954627642 0.999546126151
7.84569138277e-09 0.011585985804 0.999546261416 0.999546103378
8.42685370742e-09 0.0115425334477 0.999546246411 0.999546080605
9.00801603206e-09 0.0114990810915 0.999546231407 0.999546057832
9.58917835671e-09 0.0114556287353 0.999546216403 0.999546035059
1.01703406814e-08 0.0114121764318 0.999546174882 0.999545979358
1.0751503006e-08 0.0113687241382 0.999546128434 0.999545917537
1.13326653307e-08 0.0113252718445 0.999546081986 0.999545855716
1.19138276553e-08 0.0112818195509 0.999546035538 0.999545793895
1.249498998e-08 0.0112383672572 0.99954598909 0.999545732074
1.30761523046e-08 0.0111949149635 0.999545942642 0.999545670253
1.36573146293e-08 0.0111514626699 0.999545896194 0.999545608432
1.42384769539e-08 0.0111080104085 0.99954585014 0.999545543317
1.48196392786e-08 0.0110645582195 0.999545804969 0.999545470836
1.54008016032e-08 0.0110211060305 0.999545759798 0.999545398355
1.59819639279e-08 0.0109776538414 0.999545714627 0.999545325874
1.65631262525e-08 0.0109342016524 0.999545669457 0.999545253393
1.71442885772e-08 0.0108907494634 0.999545624286 0.999545180912
1.77254509018e-08 0.0108472972743 0.999545579115 0.999545108431
1.83066132265e-08 0.0108038450853 0.999545533944 0.99954503595
1.88877755511e-08 0.0107603930054 0.999545518155 0.999544982345
1.94689378758e-08 0.010716940999 0.999545522179 0.99954494147
2.00501002004e-08 0.0106734889926 0.999545526202 0.999544900594
2.06312625251e-08 0.0106300369863 0.999545530226 0.999544859718
2.12124248497e-08 0.0105865849799 0.99954553425 0.999544818842
2.17935871743e-08 0.0105431329735 0.999545538273 0.999544777966
2.2374749499e-08 0.0104996809672 0.999545542297 0.99954473709
2.29559118236e-08 0.0104562289608 0.999545546321 0.999544696214
2.35370741483e-08 0.0104127771778 0.999545631165 0.999544718418
2.41182364729e-08 0.0103693254886 0.999545749968 0.999544767126
2.46993987976e-08 0.0103258737994 0.99954586877 0.999544815834
2.52805611222e-08 0.0102824221102 0.999545987573 0.999544864542
2.58617234469e-08 0.010238970421 0.999546106376 0.99954491325
2.64428857715e-08 0.0101955187318 0.999546225178 0.999544961958
2.70240480962e-08 0.0101520670427 0.999546343981 0.999545010666
2.76052104208e-08 0.0101086153535 0.999546462783 0.999545059374
2.81863727455e-08 0.0100651640004 0.999546707102 0.99954521132
2.87675350701e-08 0.0100217128488 0.999547026634 0.99954542513
2.93486973948e-08 0.00997826169717 0.999547346166 0.99954563894
2.99298597194e-08 0.00993481054555 0.999547665699 0.999545852751
3.05110220441e-08 0.00989135939393 0.999547985231 0.999546066561
3.10921843687e-08 0.00984790824231 0.999548304764 0.999546280371
3.16733466934e-08 0.00980445709069 0.999548624296 0.999546494181
3.2254509018e-08 0.00976100593907 0.999548943829 0.999546707992
3.28356713427e-08 0.00971755510339 0.999549373741 0.999547014348
3.34168336673e-08 0.00967410483841 0.999550003029 0.999547487867
3.3997995992e-08 0.00963065457343 0.999550632318 0.999547961386
3.45791583166e-08 0.00958720430845 0.999551261606 0.999548434906
3.51603206413e-08 0.00954375404347 0.999551890895 0.999548908425
3.57414829659e-08 0.00950030377849 0.999552520183 0.999549381945
3.63226452906e-08 0.00945685351351 0.999553149472 0.999549855464
3.69038076152e-08 0.00941340324853 0.99955377876 0.999550328984
3.74849699399e-08 0.00936995298355 0.999554408049 0.999550802503
3.80661322645e-08 0.00932650399245 0.999555433871 0.999551610164
3.86472945892e-08 0.00928305515428 0.9995565073 0.999552457941
3.92284569138e-08 0.00923960631611 0.999557580728 0.999553305717
3.98096192385e-08 0.00919615747795 0.999558654156 0.999554153494
4.03907815631e-08 0.00915270863978 0.999559727585 0.99955500127
4.09719438878e-08 0.00910925980162 0.999560801013 0.999555849047
4.15531062124e-08 0.00906581096345 0.999561874441 0.999556696823
4.21342685371e-08 0.00902236212528 0.99956294787 0.9995575446
4.27154308617e-08 0.00897891380456 0.999564160513 0.999558509361
4.32965931864e-08 0.00893546721488 0.999565838889 0.999559865485
4.3877755511e-08 0.00889202062521 0.999567517265 0.999561221609
4.44589178357e-08 0.00884857403553 0.99956919564 0.999562577733
4.50400801603e-08 0.00880512744586 0.999570874016 0.999563933857
4.5621242485e-08 0.00876168085618 0.999572552392 0.99956528998
4.62024048096e-08 0.00871823426651 0.999574230768 0.999566646104
4.67835671343e-08 0.00867478767683 0.999575909143 0.999568002228
4.73647294589e-08 0.00863134108716 0.999577587519 0.999569358352
4.79458917836e-08 0.00858789576299 0.999579553352 0.999570954353
4.85270541082e-08 0.00854445265379 0.999582022313 0.999572970203
4.91082164329e-08 0.00850100954459 0.999584491275 0.999574986053
4.96893787575e-08 0.00845756643539 0.999586960236 0.999577001903
5.02705410822e-08 0.00841412332619 0.999589429197 0.999579017754
5.08517034068e-08 0.00837068021699 0.999591898158 0.999581033604
5.14328657315e-08 0.00832723710779 0.999594367119 0.999583049454
5.20140280561e-08 0.00828379399859 0.999596836081 0.999585065304
5.25951903808e-08 0.00824035088939 0.999599305042 0.999587081155
5.31763527054e-08 0.00819690930866 0.999602060756 0.999589334675
5.37575150301e-08 0.00815347149865 0.999605523887 0.999592174523
5.43386773547e-08 0.00811003368863 0.999608987017 0.999595014371
5.49198396794e-08 0.00806659587862 0.999612450147 0.999597854219
5.5501002004e-08 0.0080231580686 0.999615913278 0.999600694068
5.60821643287e-08 0.00797972025859 0.999619376408 0.999603533916
5.66633266533e-08 0.00793628244857 0.999622839538 0.999606373764
5.7244488978e-08 0.00789284463856 0.999626302669 0.999609213612
5.78256513026e-08 0.00784940682854 0.999629765799 0.999612053461
5.84068136273e-08 0.00780596901853 0.999633228929 0.999614893309
5.89879759519e-08 0.00776253913303 0.999637890254 0.999618728485
5.95691382766e-08 0.00771910924975 0.999642551912 0.999622563938
6.01503006012e-08 0.00767567936646 0.999647213571 0.999626399391
6.07314629259e-08 0.00763224948317 0.99965187523 0.999630234844
6.13126252505e-08 0.00758881959988 0.999656536888 0.999634070297
6.18937875752e-08 0.00754538971659 0.999661198547 0.99963790575
6.24749498998e-08 0.0075019598333 0.999665860205 0.999641741203
6.30561122244e-08 0.00745852995002 0.999670521864 0.999645576656
6.36372745491e-08 0.00741510006673 0.999675183522 0.99964941211
6.42184368737e-08 0.00737167589023 0.999680518024 0.999653824933
6.47995991984e-08 0.00732825759588 0.999686546042 0.999658832867
6.5380761523e-08 0.00728483930152 0.99969257406 0.999663840802
6.59619238477e-08 0.00724142100717 0.999698602078 0.999668848736
6.65430861723e-08 0.00719800271281 0.999704630096 0.99967385667
6.7124248497e-08 0.00715458441846 0.999710658114 0.999678864604
6.77054108216e-08 0.0071111661241 0.999716686131 0.999683872539
6.82865731463e-08 0.00706774782974 0.999722714149 0.999688880473
6.88677354709e-08 0.00702432953539 0.999728742167 0.999693888407
6.94488977956e-08 0.00698091124103 0.999734770185 0.999698896341
7.00300601202e-08 0.00693750540161 0.999741879427 0.99970494749
7.06112224449e-08 0.00689410346451 0.999749327433 0.999711325493
7.11923847695e-08 0.0068507015274 0.999756775439 0.999717703495
7.17735470942e-08 0.0068072995903 0.999764223445 0.999724081498
7.23547094188e-08 0.0067638976532 0.999771671451 0.999730459501
7.29358717435e-08 0.00672049571609 0.999779119457 0.999736837503
7.35170340681e-08 0.00667709377899 0.999786567463 0.999743215506
7.40981963928e-08 0.00663369184188 0.999794015468 0.999749593509
7.46793587174e-08 0.00659028990478 0.999801463474 0.999755971512
7.52605210421e-08 0.00654688796767 0.99980891148 0.999762349514
7.58416833667e-08 0.00650350340783 0.999817319842 0.999770056285
7.64228456914e-08 0.00646012315304 0.999825966123 0.999778092245
7.7004008016e-08 0.00641674289825 0.999834612404 0.999786128206
7.75851703407e-08 0.00637336264346 0.999843258685 0.999794164166
7.81663326653e-08 0.00632998238867 0.999851904966 0.999802200126
7.874749499e-08 0.00628660213387 0.999860551247 0.999810236086
7.93286573146e-08 0.00624322187908 0.999869197528 0.999818272046
7.99098196393e-08 0.00619984162429 0.999877843809 0.999826308007
8.04909819639e-08 0.0061564613695 0.99988649009 0.999834343967
8.10721442886e-08 0.00611308111471 0.999895136371 0.999842379927
8.16533066132e-08 0.00606971612508 0.99990400262 0.99985178171
8.22344689379e-08 0.0060263610148 0.999913011229 0.999862067429
8.28156312625e-08 0.00598300590453 0.999922019838 0.999872353148
8.33967935872e-08 0.00593965079425 0.999931028447 0.999882638868
8.39779559118e-08 0.00589629568398 0.999940037056 0.999892924587
8.45591182365e-08 0.0058529405737 0.999949045664 0.999903210307
8.51402805611e-08 0.00580958546343 0.999958054273 0.999913496026
8.57214428858e-08 0.00576623035315 0.999967062882 0.999923781746
8.63026052104e-08 0.00572287524288 0.999976071491 0.999934067465
8.68837675351e-08 0.0056795201326 0.9999850801 0.999944353185
8.74649298597e-08 0.0056361683525 0.999993774953 0.999955281386
8.80460921844e-08 0.00559283250716 1.00000096849 0.99996928384
8.8627254509e-08 0.00554949666183 1.00000816203 0.999983286295
8.92084168337e-08 0.00550616081649 1.00001535558 0.99999728875
8.97895791583e-08 0.00546282497116 1.00002254912 1.0000112912
9.0370741483e-08 0.00541948912583 1.00002974266 1.00002529366
9.09519038076e-08 0.00537615328049 1.0000369362 1.00003929611
9.15330661323e-08 0.00533281743516 1.00004412974 1.00005329857
9.21142284569e-08 0.00528948158982 1.00005132328 1.00006730102
9.26953907816e-08 0.00524614574449 1.00005851682 1.00008130348
9.32765531062e-08 0.00520280989915 1.00006571036 1.00009530593
9.38577154309e-08 0.00515946595417 1.0000694884 1.00011300086
9.44388777555e-08 0.0051161136828 1.00006975533 1.00013449161
9.50200400802e-08 0.00507276141143 1.00007002226 1.00015598237
9.56012024048e-08 0.00502940914006 1.00007028919 1.00017747312
9.61823647295e-08 0.00498605686869 1.00007055612 1.00019896388
9.67635270541e-08 0.00494270459732 1.00007082305 1.00022045463
9.73446893788e-08 0.00489935232596 1.00007108998 1.00024194539
9.79258517034e-08 0.00485600005459 1.00007135691 1.00026343615
9.85070140281e-08 0.00481264778322 1.00007162383 1.0002849269
9.90881763527e-08 0.00476929551185 1.00007189076 1.00030641766
9.96693386774e-08 0.00472594324048 1.00007215769 1.00032790841
1.00250501002e-07 0.00468251518441 1.00006201393 1.00035896461
1.00831663327e-07 0.00463902807179 1.00004375745 1.00039747483
1.01412825651e-07 0.00459554095918 1.00002550097 1.00043598506
1.01993987976e-07 0.00455205384656 1.00000724449 1.00047449529
1.02575150301e-07 0.00450856673394 0.999988988012 1.00051300551
1.03156312625e-07 0.00446507962132 0.999970731533 1.00055151574
1.0373747495e-07 0.00442159250871 0.999952475054 1.00059002597
1.04318637275e-07 0.00437810539609 0.999934218575 1.0006285362
1.04899799599e-07 0.00433461828347 0.999915962096 1.00066704642
1.05480961924e-07 0.00429113117085 0.999897705617 1.00070555665
1.06062124248e-07 0.00424764405824 0.999879449138 1.00074406688
1.06643286573e-07 0.00420398176086 0.999844510099 1.00079772167
1.07224448898e-07 0.00416002591467 0.999781616881 1.0008767535
1.07805611222e-07 0.00411607006847 0.999718723663 1.00095578533
1.08386773547e-07 0.00407211422228 0.999655830444 1.00103481715
1.08967935872e-07 0.00402815837608 0.999592937226 1.00111384898
1.09549098196e-07 0.00398420252989 0.999530044008 1.00119288081
1.10130260521e-07 0.0039402466837 0.99946715079 1.00127191263
1.10711422846e-07 0.0038962908375 0.999404257572 1.00135094446
1.1129258517e-07 0.00385233499131 0.999341364354 1.00142997629
1.11873747495e-07 0.00380837914511 0.999278471136 1.00150900812
1.1245490982e-07 0.00376442329892 0.999215577918 1.00158803994
1.13036072144e-07 0.00372046745272 0.9991526847 1.00166707177
1.13617234469e-07 0.00367527036951 0.998994240319 1.00183593616
1.14198396794e-07 0.00362996854236 0.998827732687 1.00201238123
1.14779559118e-07 0.00358466671521 0.998661225055 1.0021888263
1.15360721443e-07 0.00353936488806 0.998494717424 1.00236527137
1.15941883768e-07 0.00349406306092 0.998328209792 1.00254171644
1.16523046092e-07 0.00344876123377 0.99816170216 1.00271816151
1.17104208417e-07 0.00340345940662 0.997995194529 1.00289460658
1.17685370741e-07 0.00335815757947 0.997828686897 1.00307105165
1.18266533066e-07 0.00331285575232 0.997662179265 1.00324749672
1.18847695391e-07 0.00326755392518 0.997495671634 1.00342394179
1.19428857715e-07 0.00322225209803 0.997329164002 1.00360038686
1.2001002004e-07 0.00317623205836 0.997114871765 1.00382387578
1.20591182365e-07 0.00312735975176 0.99671081056 1.00423419189
1.21172344689e-07 0.00307848744517 0.996306749355 1.004644508
1.21753507014e-07 0.00302961513857 0.99590268815 1.00505482412
1.22334669339e-07 0.00298074283198 0.995498626944 1.00546514023
1.22915831663e-07 0.00293187052538 0.995094565739 1.00587545634
1.23496993988e-07 0.00288299821879 0.994690504534 1.00628577245
1.24078156313e-07 0.00283412591219 0.994286443329 1.00669608856
1.24659318637e-07 0.0027852536056 0.993882382123 1.00710640467
1.25240480962e-07 0.002736381299 0.993478320918 1.00751672078
1.25821643287e-07 0.00268750899241 0.993074259713 1.00792703689
1.26402805611e-07 0.00263863668581 0.992670198508 1.00833735301
1.26983967936e-07 0.00258790313808 0.992155314975 1.00886246441
1.27565130261e-07 0.00252992129841 0.991208852446 1.00983462687
1.28146292585e-07 0.00247193945873 0.990262389917 1.01080678933
1.2872745491e-07 0.00241395761906 0.989315927387 1.01177895179
1.29308617234e-07 0.00235597577938 0.988369464858 1.01275111425
1.29889779559e-07 0.00229799393971 0.987423002329 1.0137232767
1.30470941884e-07 0.00224001210003 0.986476539799 1.01469543916
1.31052104208e-07 0.00218203026035 0.98553007727 1.01566760162
1.31633266533e-07 0.00212404842068 0.984583614741 1.01663976408
1.32214428858e-07 0.002066066581 0.983637152212 1.01761192654
1.32795591182e-07 0.00200808474133 0.982690689682 1.018584089
1.33376753507e-07 0.00195010290165 0.981744227153 1.01955625145
1.33957915832e-07 0.00189212106198 0.980797764624 1.02052841391
1.34539078156e-07 0.00181305649156 0.978713468788 1.02276347556
1.35120240481e-07 0.00173228707176 0.976537162367 1.0251006612
1.35701402806e-07 0.00165151765197 0.974360855946 1.02743784685
1.3628256513e-07 0.00157074823217 0.972184549524 1.0297750325
1.36863727455e-07 0.00148997881237 0.970008243103 1.03211221815
1.3744488978e-07 0.00140920939258 0.967831936682 1.0344494038
1.38026052104e-07 0.00132843997278 0.965655630261 1.03678658945
1.38607214429e-07 0.00124767055299 0.96347932384 1.0391237751
1.39188376754e-07 0.00116690113319 0.961303017418 1.04146096075
1.39769539078e-07 0.00108613171339 0.959126710997 1.04379814639
1.40350701403e-07 0.0010053622936 0.956950404576 1.04613533204
1.40931863727e-07 0.000924592873802 0.954774098155 1.04847251769
1.41513026052e-07 0.000823644945002 0.951597297689 1.05200008383
1.42094188377e-07 0.000686370787502 0.946619364369 1.05767062464
1.42675350701e-07 0.000549096630001 0.94164143105 1.06334116546
1.43256513026e-07 0.000411822472501 0.936663497731 1.06901170627
1.43837675351e-07 0.000274548315001 0.931685564412 1.07468224708
1.44418837675e-07 0.0001372741575 0.926707631092 1.0803527879
1.45e-07 0 0.921729697773 1.08602332871
