-1.45e-07 0 	0 	-1206393.07753 	
-1.44418837675e-07 -4.34356499076e-13 	4.34356499076e-13 	-1134446.73686 	
-1.43837675351e-07 -8.28993083128e-13 	8.28993083128e-13 	-1064824.90759 	
-1.43256513026e-07 0 	0 	-1000576.57244 	
-1.42675350701e-07 -8.71454299825e-14 	8.71454299825e-14 	-940245.888763 	
-1.42094188377e-07 -2.26217108231e-12 	2.26217108231e-12 	-883006.464637 	
-1.41513026052e-07 0 	0 	-829497.319015 	
-1.40931863727e-07 0 	0 	-779924.622191 	
-1.40350701403e-07 0 	0 	-732446.050365 	
-1.39769539078e-07 0 	0 	-688573.442936 	
-1.39188376754e-07 0 	0 	-647296.545469 	
-1.38607214429e-07 0 	0 	-607827.075035 	
-1.38026052104e-07 0 	0 	-571950.32236 	
-1.3744488978e-07 0 	0 	-536873.320821 	
-1.36863727455e-07 -6.11836085085e-14 	6.11836085085e-14 	-505381.553923 	
-1.3628256513e-07 -3.05435599726e-13 	3.05435599726e-13 	-474536.54851 	
-1.35701402806e-07 0 	0 	-446622.492904 	
-1.35120240481e-07 0 	0 	-419375.409816 	
-1.34539078156e-07 0 	0 	-394768.793445 	
-1.33957915832e-07 0 	0 	-370549.423186 	
-1.33376753507e-07 0 	0 	-348984.328842 	
-1.32795591182e-07 0 	0 	-327419.234498 	
-1.32214428858e-07 0 	0 	-308505.185719 	
-1.31633266533e-07 0 	0 	-289721.360164 	
-1.31052104208e-07 0 	0 	-272642.530995 	
-1.30470941884e-07 0 	0 	-256386.751944 	
-1.29889779559e-07 0 	0 	-240784.090291 	
-1.29308617234e-07 -2.04966754303e-14 	2.04966754303e-14 	-226811.550257 	
-1.2872745491e-07 -3.41743685996e-13 	3.41743685996e-13 	-212839.010222 	
-1.28146292585e-07 -1.51154443838e-13 	1.51154443838e-13 	-200469.70549 	
-1.27565130261e-07 -2.10071439176e-13 	2.10071439176e-13 	-188545.368141 	
-1.26983967936e-07 -4.69535996407e-13 	4.69535996407e-13 	-176911.108349 	
-1.26402805611e-07 -7.28585805537e-14 	7.28585805537e-14 	-166810.992078 	
-1.25821643287e-07 0 	0 	-156710.875807 	
-1.25240480962e-07 0 	0 	-147270.321208 	
-1.24659318637e-07 -1.45172862465e-15 	1.45172862465e-15 	-138782.665764 	
-1.24078156313e-07 -8.29600890817e-13 	8.29600890817e-13 	-130295.01032 	
-1.23496993988e-07 -7.49630714548e-13 	7.49630714548e-13 	-122552.152278 	
-1.22915831663e-07 0 	0 	-115478.427894 	
-1.22334669339e-07 0 	0 	-108404.703511 	
-1.21753507014e-07 0 	0 	-101952.830366 	
-1.21172344689e-07 0 	0 	-96108.5544989 	
-1.20591182365e-07 0 	0 	-90264.2786317 	
-1.2001002004e-07 0 	0 	-84779.7291974 	
-1.19428857715e-07 0 	0 	-79995.0634446 	
-1.18847695391e-07 0 	0 	-75210.3976919 	
-1.18266533066e-07 0 	0 	-70444.588334 	
-1.17685370741e-07 0 	0 	-66564.6969674 	
-1.17104208417e-07 -7.77610134516e-14 	7.77610134516e-14 	-62684.8056007 	
-1.16523046092e-07 -3.18852886172e-13 	3.18852886172e-13 	-58804.914234 	
-1.15941883768e-07 -2.89685743975e-13 	2.89685743975e-13 	-55340.0807227 	
-1.15360721443e-07 -5.5594910513e-14 	5.5594910513e-14 	-52225.2419687 	
-1.14779559118e-07 -1.62484513351e-13 	1.62484513351e-13 	-49110.4032146 	
-1.14198396794e-07 -3.75576972421e-13 	3.75576972421e-13 	-45995.5644605 	
-1.13617234469e-07 -2.01263274603e-13 	2.01263274603e-13 	-43454.9877831 	
-1.13036072144e-07 -8.84833743365e-15 	8.84833743365e-15 	-40980.4589941 	
-1.1245490982e-07 -2.92511062948e-13 	2.92511062948e-13 	-38505.9302051 	
-1.11873747495e-07 -5.21776559497e-13 	5.21776559497e-13 	-36071.5747836 	
-1.1129258517e-07 -2.44183564186e-13 	2.44183564186e-13 	-34127.2223875 	
-1.10711422846e-07 0 	0 	-32182.8699914 	
-1.10130260521e-07 0 	0 	-30238.5175953 	
-1.09549098196e-07 0 	0 	-28324.9201433 	
-1.08967935872e-07 0 	0 	-26814.6342088 	
-1.08386773547e-07 0 	0 	-25304.3482742 	
-1.07805611222e-07 0 	0 	-23794.0623397 	
-1.07224448898e-07 0 	0 	-22283.7764051 	
-1.06643286573e-07 0 	0 	-21080.1794722 	
-1.06062124248e-07 0 	0 	-19921.1003617 	
-1.05480961924e-07 0 	0 	-18762.0212512 	
-1.04899799599e-07 0 	0 	-17602.9421408 	
-1.04318637275e-07 0 	0 	-16576.8088024 	
-1.0373747495e-07 0 	0 	-15698.3994327 	
-1.03156312625e-07 -2.69821198497e-14 	2.69821198497e-14 	-14819.990063 	
-1.02575150301e-07 -1.48407116606e-13 	1.48407116606e-13 	-13941.5806932 	
-1.01993987976e-07 -2.69832113362e-13 	2.69832113362e-13 	-13063.1713235 	
-1.01412825651e-07 -1.80023618716e-13 	1.80023618716e-13 	-12375.7122942 	
-1.00831663327e-07 -5.97962460931e-14 	5.97962460931e-14 	-11718.7135471 	
-1.00250501002e-07 0 	0 	-11061.7148 	
-9.96693386774e-08 0 	0 	-10404.716053 	
-9.90881763527e-08 0 	0 	-9752.76896456 	
-9.85070140281e-08 0 	0 	-9268.07778424 	
-9.79258517034e-08 0 	0 	-8783.38660391 	
-9.73446893788e-08 -1.09909841853e-13 	1.09909841853e-13 	-8298.69542359 	
-9.67635270541e-08 -3.0759117916e-13 	3.0759117916e-13 	-7814.00424327 	
-9.61823647295e-08 -5.05272516466e-13 	5.05272516466e-13 	-7329.31306295 	
-9.56012024048e-08 -3.19947682664e-13 	3.19947682664e-13 	-6972.02022094 	
-9.50200400802e-08 -1.23497921113e-13 	1.23497921113e-13 	-6619.52982621 	
-9.44388777555e-08 -1.33366068885e-13 	1.33366068885e-13 	-6267.03943148 	
-9.38577154309e-08 -4.92503443264e-13 	4.92503443264e-13 	-5914.54903674 	
-9.32765531062e-08 -8.51640817643e-13 	8.51640817643e-13 	-5562.05864201 	
-9.26953907816e-08 -7.37186270696e-13 	7.37186270696e-13 	-5274.95284507 	
-9.21142284569e-08 -3.79804599893e-13 	3.79804599893e-13 	-5022.3923817 	
-9.15330661323e-08 -2.24229290899e-14 	2.24229290899e-14 	-4769.83191832 	
-9.09519038076e-08 -1.51827194157e-13 	1.51827194157e-13 	-4517.27145495 	
-9.0370741483e-08 -3.13818059192e-13 	3.13818059192e-13 	-4264.71099157 	
-8.97895791583e-08 -4.45110988224e-13 	4.45110988224e-13 	-4018.80534667 	
-8.92084168337e-08 -2.83738728282e-13 	2.83738728282e-13 	-3840.6125002 	
-8.8627254509e-08 -1.22366468339e-13 	1.22366468339e-13 	-3662.41965373 	
-8.80460921844e-08 -1.06843880367e-13 	1.06843880367e-13 	-3484.22680727 	
-8.74649298597e-08 -5.48871531318e-13 	5.48871531318e-13 	-3306.0339608 	
-8.68837675351e-08 -9.90899182269e-13 	9.90899182269e-13 	-3127.84111434 	
-8.63026052104e-08 -1.20219355624e-12 	1.20219355624e-12 	-2963.63729054 	
-8.57214428858e-08 -7.61484479105e-13 	7.61484479105e-13 	-2839.89221306 	
-8.51402805611e-08 -3.20775401966e-13 	3.20775401966e-13 	-2716.14713557 	
-8.45591182365e-08 0 	0 	-2592.40205809 	
-8.39779559118e-08 0 	0 	-2468.6569806 	
-8.33967935872e-08 0 	0 	-2344.91190312 	
-8.28156312625e-08 0 	0 	-2226.79980394 	
-8.22344689379e-08 0 	0 	-2142.24259308 	
-8.16533066132e-08 0 	0 	-2057.68538222 	
-8.10721442886e-08 0 	0 	-1973.12817136 	
-8.04909819639e-08 0 	0 	-1888.5709605 	
-7.99098196393e-08 0 	0 	-1804.01374964 	
-7.93286573146e-08 0 	0 	-1719.45653878 	
-7.874749499e-08 0 	0 	-1655.30199667 	
-7.81663326653e-08 0 	0 	-1598.44939432 	
-7.75851703407e-08 0 	0 	-1541.59679196 	
-7.7004008016e-08 -2.51662797215e-14 	2.51662797215e-14 	-1484.74418961 	
-7.64228456914e-08 -8.01716595113e-14 	8.01716595113e-14 	-1427.89158726 	
-7.58416833667e-08 -1.35177039301e-13 	1.35177039301e-13 	-1371.03898491 	
-7.52605210421e-08 -1.87602719851e-13 	1.87602719851e-13 	-1314.58724599 	
-7.46793587174e-08 -1.32680954789e-13 	1.32680954789e-13 	-1276.95767144 	
-7.40981963928e-08 -7.77591897271e-14 	7.77591897271e-14 	-1239.32809689 	
-7.35170340681e-08 -2.28374246652e-14 	2.28374246652e-14 	-1201.69852235 	
-7.29358717435e-08 -2.98479212463e-14 	2.98479212463e-14 	-1164.0689478 	
-7.23547094188e-08 -8.09413985629e-14 	8.09413985629e-14 	-1126.43937325 	
-7.17735470942e-08 -1.3203487588e-13 	1.3203487588e-13 	-1088.80979871 	
-7.11923847695e-08 -1.83128353196e-13 	1.83128353196e-13 	-1051.18022416 	
-7.06112224449e-08 -1.33686938928e-13 	1.33686938928e-13 	-1026.3968176 	
-7.00300601202e-08 -8.26585993637e-14 	8.26585993637e-14 	-1001.84671025 	
-6.94488977956e-08 -3.16302597993e-14 	3.16302597993e-14 	-977.296602896 	
-6.88677354709e-08 0 	0 	-952.746495546 	
-6.82865731463e-08 0 	0 	-928.196388196 	
-6.77054108216e-08 0 	0 	-903.646280846 	
-6.7124248497e-08 0 	0 	-879.096173496 	
-6.65430861723e-08 0 	0 	-859.819621413 	
-6.59619238477e-08 0 	0 	-843.988740912 	
-6.5380761523e-08 0 	0 	-828.157860411 	
-6.47995991984e-08 0 	0 	-812.32697991 	
-6.42184368737e-08 -6.93925591231e-14 	6.93925591231e-14 	-796.496099408 	
-6.36372745491e-08 -1.53048950586e-13 	1.53048950586e-13 	-780.665218907 	
-6.30561122244e-08 -2.3670534205e-13 	2.3670534205e-13 	-764.834338406 	
-6.24749498998e-08 -3.20361733513e-13 	3.20361733513e-13 	-749.003457905 	
-6.18937875752e-08 -2.57775203474e-13 	2.57775203474e-13 	-738.137184009 	
-6.13126252505e-08 -1.74202392814e-13 	1.74202392814e-13 	-727.996213122 	
-6.07314629259e-08 -9.06295821547e-14 	9.06295821547e-14 	-717.855242236 	
-6.01503006012e-08 -7.05677149489e-15 	7.05677149489e-15 	-707.714271349 	
-5.95691382766e-08 0 	0 	-697.573300463 	
-5.89879759519e-08 0 	0 	-687.432329576 	
-5.84068136273e-08 0 	0 	-677.29135869 	
-5.78256513026e-08 0 	0 	-667.150387804 	
-5.7244488978e-08 0 	0 	-659.799282322 	
-5.66633266533e-08 0 	0 	-653.289943767 	
-5.60821643287e-08 0 	0 	-646.780605212 	
-5.5501002004e-08 0 	0 	-640.271266657 	
-5.49198396794e-08 0 	0 	-633.761928102 	
-5.43386773547e-08 0 	0 	-627.252589547 	
-5.37575150301e-08 0 	0 	-620.743250992 	
-5.31763527054e-08 0 	0 	-614.233912437 	
-5.25951903808e-08 0 	0 	-608.34520614 	
-5.20140280561e-08 0 	0 	-604.101173702 	
-5.14328657315e-08 0 	0 	-599.857141265 	
-5.08517034068e-08 0 	0 	-595.613108827 	
-5.02705410822e-08 0 	0 	-591.36907639 	
-4.96893787575e-08 -5.76407393605e-14 	5.76407393605e-14 	-587.125043952 	
-4.91082164329e-08 -1.19815111778e-13 	1.19815111778e-13 	-582.881011515 	
-4.85270541082e-08 -1.81989484196e-13 	1.81989484196e-13 	-578.636979077 	
-4.79458917836e-08 -2.44163856613e-13 	2.44163856613e-13 	-574.39294664 	
-4.73647294589e-08 -2.59968851312e-13 	2.59968851312e-13 	-570.660989944 	
-4.67835671343e-08 -1.97849425664e-13 	1.97849425664e-13 	-567.797034823 	
-4.62024048096e-08 -1.35730000016e-13 	1.35730000016e-13 	-564.933079703 	
-4.5621242485e-08 -7.36105743681e-14 	7.36105743681e-14 	-562.069124583 	
-4.50400801603e-08 -1.14911487202e-14 	1.14911487202e-14 	-559.205169463 	
-4.44589178357e-08 0 	0 	-556.341214343 	
-4.3877755511e-08 0 	0 	-553.477259223 	
-4.32965931864e-08 0 	0 	-550.613304103 	
-4.27154308617e-08 0 	0 	-547.749348983 	
-4.21342685371e-08 0 	0 	-544.91804549 	
-4.15531062124e-08 0 	0 	-542.874961677 	
-4.09719438878e-08 0 	0 	-540.831877863 	
-4.03907815631e-08 0 	0 	-538.78879405 	
-3.98096192385e-08 0 	0 	-536.745710237 	
-3.92284569138e-08 0 	0 	-534.702626423 	
-3.86472945892e-08 0 	0 	-532.65954261 	
-3.80661322645e-08 0 	0 	-530.616458797 	
-3.74849699399e-08 0 	0 	-528.573374983 	
-3.69038076152e-08 0 	0 	-526.53029117 	
-3.63226452906e-08 0 	0 	-524.610950939 	
-3.57414829659e-08 0 	0 	-523.044632335 	
-3.51603206413e-08 0 	0 	-521.478313731 	
-3.45791583166e-08 0 	0 	-519.911995127 	
-3.3997995992e-08 0 	0 	-518.345676522 	
-3.34168336673e-08 -5.95337575639e-15 	5.95337575639e-15 	-516.779357918 	
-3.28356713427e-08 -2.93404707424e-14 	2.93404707424e-14 	-515.213039314 	
-3.2254509018e-08 -5.27275657285e-14 	5.27275657285e-14 	-513.64672071 	
-3.16733466934e-08 -7.61146607145e-14 	7.61146607145e-14 	-512.080402106 	
-3.10921843687e-08 -9.95017557006e-14 	9.95017557006e-14 	-510.514083502 	
-3.05110220441e-08 -1.22367726098e-13 	1.22367726098e-13 	-508.950136653 	
-2.99298597194e-08 -9.90018789635e-14 	9.90018789635e-14 	-507.654495698 	
-2.93486973948e-08 -7.56360318293e-14 	7.56360318293e-14 	-506.358854742 	
-2.87675350701e-08 -5.22701846952e-14 	5.22701846952e-14 	-505.063213787 	
-2.81863727455e-08 -2.8904337561e-14 	2.8904337561e-14 	-503.767572832 	
-2.76052104208e-08 -5.53849042685e-15 	5.53849042685e-15 	-502.471931876 	
-2.70240480962e-08 -6.49128413155e-14 	6.49128413155e-14 	-501.176290921 	
-2.64428857715e-08 -1.49992393608e-13 	1.49992393608e-13 	-499.880649965 	
-2.58617234469e-08 -2.35071945901e-13 	2.35071945901e-13 	-498.58500901 	
-2.52805611222e-08 -3.20151498194e-13 	3.20151498194e-13 	-497.289368055 	
-2.46993987976e-08 -4.05231050486e-13 	4.05231050486e-13 	-495.993727099 	
-2.41182364729e-08 -4.44843287567e-13 	4.44843287567e-13 	-494.737973223 	
-2.35370741483e-08 -3.59842609256e-13 	3.59842609256e-13 	-493.592975253 	
-2.29559118236e-08 -2.74841930945e-13 	2.74841930945e-13 	-492.447977282 	
-2.2374749499e-08 -1.89841252634e-13 	1.89841252634e-13 	-491.302979311 	
-2.17935871743e-08 -1.04840574323e-13 	1.04840574323e-13 	-490.157981341 	
-2.12124248497e-08 -1.98398960121e-14 	1.98398960121e-14 	-489.01298337 	
-2.0631262525e-08 0 	0 	-487.8679854 	
-2.00501002004e-08 0 	0 	-486.722987429 	
-1.94689378758e-08 0 	0 	-485.577989458 	
-1.88877755511e-08 0 	0 	-484.432991488 	
-1.83066132265e-08 0 	0 	-483.287993517 	
-1.77254509018e-08 0 	0 	-482.143315681 	
-1.71442885772e-08 0 	0 	-481.081066866 	
-1.65631262525e-08 0 	0 	-480.018818051 	
-1.59819639279e-08 0 	0 	-478.956569236 	
-1.54008016032e-08 0 	0 	-477.894320421 	
-1.48196392786e-08 0 	0 	-476.832071606 	
-1.42384769539e-08 -8.48454397863e-15 	8.48454397863e-15 	-475.769822791 	
-1.36573146293e-08 -4.36687832991e-14 	4.36687832991e-14 	-474.707573976 	
-1.30761523046e-08 -7.88530226197e-14 	7.88530226197e-14 	-473.645325161 	
-1.249498998e-08 -1.1403726194e-13 	1.1403726194e-13 	-472.583076346 	
-1.19138276553e-08 -1.49221501261e-13 	1.49221501261e-13 	-471.520827531 	
-1.13326653307e-08 -1.84405740581e-13 	1.84405740581e-13 	-470.458578716 	
-1.0751503006e-08 -2.05235749342e-13 	2.05235749342e-13 	-469.405520348 	
-1.01703406814e-08 -1.70085565217e-13 	1.70085565217e-13 	-468.388958573 	
-9.58917835671e-09 -1.34935381093e-13 	1.34935381093e-13 	-467.372396798 	
-9.00801603206e-09 -9.97851969685e-14 	9.97851969685e-14 	-466.355835023 	
-8.42685370741e-09 -6.46350128441e-14 	6.46350128441e-14 	-465.339273248 	
-7.84569138277e-09 -2.94848287197e-14 	2.94848287197e-14 	-464.322711473 	
-7.26452905812e-09 -5.15716270252e-15 	5.15716270252e-15 	-463.306149698 	
-6.68336673347e-09 -3.71543112669e-14 	3.71543112669e-14 	-462.289587923 	
-6.10220440882e-09 -6.91514598313e-14 	6.91514598313e-14 	-461.273026148 	
-5.52104208417e-09 -1.01148608396e-13 	1.01148608396e-13 	-460.256464373 	
-4.93987975952e-09 -1.3314575696e-13 	1.3314575696e-13 	-459.239902598 	
-4.35871743487e-09 -1.65142905524e-13 	1.65142905524e-13 	-458.223340823 	
-3.77755511022e-09 -1.97140054089e-13 	1.97140054089e-13 	-457.206779048 	
-3.19639278557e-09 -1.75812450326e-13 	1.75812450326e-13 	-456.212066538 	
-2.61523046092e-09 -1.43846550267e-13 	1.43846550267e-13 	-455.221810548 	
-2.03406813627e-09 -1.11880650207e-13 	1.11880650207e-13 	-454.231554559 	
-1.45290581162e-09 -7.99147501481e-14 	7.99147501481e-14 	-453.241298569 	
-8.71743486974e-10 -4.79488500888e-14 	4.79488500888e-14 	-452.251042579 	
-2.90581162324e-10 -1.59829500296e-14 	1.59829500296e-14 	-451.260786589 	
2.90581162325e-10 0 	0 	-450.270530599 	
8.71743486974e-10 0 	0 	-449.280274609 	
1.45290581162e-09 0 	0 	-448.290018619 	
2.03406813627e-09 0 	0 	-447.299762629 	
2.61523046092e-09 0 	0 	-446.30950664 	
3.19639278557e-09 0 	0 	-445.31925065 	
3.77755511022e-09 0 	0 	-444.332089508 	
4.35871743487e-09 0 	0 	-443.36010168 	
4.93987975952e-09 0 	0 	-442.388113852 	
5.52104208417e-09 0 	0 	-441.416126024 	
6.10220440882e-09 0 	0 	-440.444138196 	
6.68336673347e-09 0 	0 	-439.472150367 	
7.26452905812e-09 0 	0 	-438.500162539 	
7.84569138277e-09 -1.47682113897e-13 	1.47682113897e-13 	-437.528174711 	
8.42685370742e-09 -3.2374057246e-13 	3.2374057246e-13 	-436.556186883 	
9.00801603206e-09 -4.99799031022e-13 	4.99799031022e-13 	-435.584199054 	
9.58917835671e-09 -6.75857489584e-13 	6.75857489584e-13 	-434.612211226 	
1.01703406814e-08 -8.51915948146e-13 	8.51915948146e-13 	-433.640223398 	
1.0751503006e-08 -1.02797440671e-12 	1.02797440671e-12 	-432.66823557 	
1.13326653307e-08 -9.21922703457e-13 	9.21922703457e-13 	-431.71096452 	
1.19138276553e-08 -7.46021731333e-13 	7.46021731333e-13 	-430.757399398 	
1.249498998e-08 -5.7012075921e-13 	5.7012075921e-13 	-429.803834277 	
1.30761523046e-08 -3.94219787086e-13 	3.94219787086e-13 	-428.850269156 	
1.36573146293e-08 -2.18318814962e-13 	2.18318814962e-13 	-427.896704034 	
1.42384769539e-08 -4.24178428378e-14 	4.24178428378e-14 	-426.943138913 	
1.48196392786e-08 0 	0 	-425.989573792 	
1.54008016032e-08 0 	0 	-425.03600867 	
1.59819639279e-08 0 	0 	-424.082443549 	
1.65631262525e-08 0 	0 	-423.128878428 	
1.71442885772e-08 0 	0 	-422.175313306 	
1.77254509018e-08 0 	0 	-421.221748185 	
1.83066132265e-08 0 	0 	-420.294462328 	
1.88877755511e-08 0 	0 	-419.367278534 	
1.94689378758e-08 0 	0 	-418.440094739 	
2.00501002004e-08 0 	0 	-417.512910945 	
2.06312625251e-08 0 	0 	-416.58572715 	
2.12124248497e-08 0 	0 	-415.658543356 	
2.17935871743e-08 0 	0 	-414.731359561 	
2.2374749499e-08 0 	0 	-413.804175767 	
2.29559118236e-08 0 	0 	-412.876991972 	
2.35370741483e-08 0 	0 	-411.949808178 	
2.41182364729e-08 0 	0 	-411.022624383 	
2.46993987976e-08 0 	0 	-410.128422919 	
2.52805611222e-08 0 	0 	-409.246099546 	
2.58617234469e-08 0 	0 	-408.363776174 	
2.64428857715e-08 0 	0 	-407.481452801 	
2.70240480962e-08 0 	0 	-406.599129429 	
2.76052104208e-08 -5.4983473547e-15 	5.4983473547e-15 	-405.716806056 	
2.81863727455e-08 -2.86948384342e-14 	2.86948384342e-14 	-404.834482684 	
2.87675350701e-08 -5.18913295137e-14 	5.18913295137e-14 	-403.952159311 	
2.93486973948e-08 -7.50878205931e-14 	7.50878205931e-14 	-403.069835939 	
2.99298597194e-08 -9.82843116726e-14 	9.82843116726e-14 	-402.187512566 	
3.05110220441e-08 -1.21480802752e-13 	1.21480802752e-13 	-401.305189194 	
3.10921843687e-08 -9.86195004273e-14 	9.86195004273e-14 	-400.501729805 	
3.16733466934e-08 -7.54397725146e-14 	7.54397725146e-14 	-399.698967554 	
3.2254509018e-08 -5.2260044602e-14 	5.2260044602e-14 	-398.896205302 	
3.28356713427e-08 -2.90803166893e-14 	2.90803166893e-14 	-398.093443051 	
3.34168336673e-08 -5.9005887767e-15 	5.9005887767e-15 	-397.2906808 	
3.3997995992e-08 0 	0 	-396.487918548 	
3.45791583166e-08 0 	0 	-395.685156297 	
3.51603206413e-08 0 	0 	-394.882394046 	
3.57414829659e-08 0 	0 	-394.079631794 	
3.63226452906e-08 0 	0 	-393.276869543 	
3.69038076152e-08 0 	0 	-392.578001843 	
3.74849699399e-08 0 	0 	-391.91555198 	
3.80661322645e-08 0 	0 	-391.253102117 	
3.86472945892e-08 0 	0 	-390.590652253 	
3.92284569138e-08 0 	0 	-389.92820239 	
3.98096192385e-08 0 	0 	-389.265752527 	
4.03907815631e-08 0 	0 	-388.603302663 	
4.09719438878e-08 0 	0 	-387.9408528 	
4.15531062124e-08 0 	0 	-387.278402937 	
4.21342685371e-08 0 	0 	-386.615953073 	
4.27154308617e-08 0 	0 	-386.186342579 	
4.32965931864e-08 0 	0 	-385.766377346 	
4.3877755511e-08 0 	0 	-385.346412112 	
4.44589178357e-08 0 	0 	-384.926446879 	
4.50400801603e-08 -5.70861648155e-14 	5.70861648155e-14 	-384.506481645 	
4.5621242485e-08 -3.65685405598e-13 	3.65685405598e-13 	-384.086516412 	
4.62024048096e-08 -6.7428464638e-13 	6.7428464638e-13 	-383.666551178 	
4.67835671343e-08 -9.82883887162e-13 	9.82883887162e-13 	-383.246585945 	
4.73647294589e-08 -1.29148312794e-12 	1.29148312794e-12 	-382.826620711 	
4.79458917836e-08 -1.21116784606e-12 	1.21116784606e-12 	-382.663899988 	
4.85270541082e-08 -9.02753645178e-13 	9.02753645178e-13 	-382.652940134 	
4.91082164329e-08 -5.94339444299e-13 	5.94339444299e-13 	-382.64198028 	
4.96893787575e-08 -2.85925243419e-13 	2.85925243419e-13 	-382.631020425 	
5.02705410822e-08 -2.45685111531e-15 	2.45685111531e-15 	-382.620060571 	
5.08517034068e-08 -3.61501770403e-14 	3.61501770403e-14 	-382.609100717 	
5.14328657315e-08 -6.98435029654e-14 	6.98435029654e-14 	-382.598140863 	
5.20140280561e-08 -1.0353682889e-13 	1.0353682889e-13 	-382.587181008 	
5.25951903808e-08 -1.37230154815e-13 	1.37230154815e-13 	-382.576221154 	
5.31763527054e-08 -1.21929130183e-13 	1.21929130183e-13 	-383.053817262 	
5.37575150301e-08 -8.8255083733e-14 	8.8255083733e-14 	-383.715774292 	
5.43386773547e-08 -5.45810372834e-14 	5.45810372834e-14 	-384.377731322 	
5.49198396794e-08 -2.09069908337e-14 	2.09069908337e-14 	-385.039688352 	
5.5501002004e-08 0 	0 	-385.701645383 	
5.60821643287e-08 0 	0 	-386.363602413 	
5.66633266533e-08 0 	0 	-387.025559443 	
5.7244488978e-08 0 	0 	-387.687516473 	
5.78256513026e-08 0 	0 	-388.599904005 	
5.84068136273e-08 0 	0 	-390.342292537 	
5.89879759519e-08 0 	0 	-392.08468107 	
5.95691382766e-08 0 	0 	-393.827069603 	
6.01503006012e-08 0 	0 	-395.569458136 	
6.07314629259e-08 0 	0 	-397.311846669 	
6.13126252505e-08 0 	0 	-399.054235202 	
6.18937875752e-08 0 	0 	-400.796623734 	
6.24749498998e-08 0 	0 	-402.754998968 	
6.30561122244e-08 0 	0 	-406.191775627 	
6.36372745491e-08 0 	0 	-409.628552285 	
6.42184368737e-08 0 	0 	-413.065328943 	
6.47995991984e-08 0 	0 	-416.502105602 	
6.5380761523e-08 0 	0 	-419.93888226 	
6.59619238477e-08 0 	0 	-423.375658918 	
6.65430861723e-08 0 	0 	-426.812435577 	
6.7124248497e-08 0 	0 	-431.275875995 	
6.77054108216e-08 0 	0 	-437.310611865 	
6.82865731463e-08 0 	0 	-443.345347736 	
6.88677354709e-08 0 	0 	-449.380083606 	
6.94488977956e-08 0 	0 	-455.414819476 	
7.00300601202e-08 0 	0 	-461.449555346 	
7.06112224449e-08 0 	0 	-467.484291216 	
7.11923847695e-08 0 	0 	-473.588563061 	
7.17735470942e-08 0 	0 	-483.521698265 	
7.23547094188e-08 0 	0 	-493.454833468 	
7.29358717435e-08 0 	0 	-503.387968672 	
7.35170340681e-08 0 	0 	-513.321103876 	
7.40981963928e-08 0 	0 	-523.25423908 	
7.46793587174e-08 0 	0 	-533.187374284 	
7.52605210421e-08 0 	0 	-543.120509488 	
7.58416833667e-08 0 	0 	-558.664686179 	
7.64228456914e-08 0 	0 	-574.328363545 	
7.7004008016e-08 0 	0 	-589.99204091 	
7.75851703407e-08 -6.46649627377e-14 	6.46649627377e-14 	-605.655718276 	
7.81663326653e-08 -1.83868317609e-13 	1.83868317609e-13 	-621.319395642 	
7.874749499e-08 -3.03071672479e-13 	3.03071672479e-13 	-636.983073008 	
7.93286573146e-08 -3.591762623e-13 	3.591762623e-13 	-654.823718488 	
7.99098196393e-08 -2.40060233681e-13 	2.40060233681e-13 	-678.747125644 	
8.04909819639e-08 -1.20944205062e-13 	1.20944205062e-13 	-702.670532799 	
8.10721442886e-08 -1.8281764439e-15 	1.8281764439e-15 	-726.593939955 	
8.16533066132e-08 0 	0 	-750.51734711 	
8.22344689379e-08 0 	0 	-774.440754266 	
8.28156312625e-08 0 	0 	-798.364161421 	
8.33967935872e-08 0 	0 	-832.29190943 	
8.39779559118e-08 0 	0 	-867.899121677 	
8.45591182365e-08 0 	0 	-903.506333924 	
8.51402805611e-08 0 	0 	-939.113546172 	
8.57214428858e-08 0 	0 	-974.720758419 	
8.63026052104e-08 0 	0 	-1010.32797067 	
8.68837675351e-08 0 	0 	-1057.99813146 	
8.74649298597e-08 0 	0 	-1109.8391793 	
8.80460921844e-08 0 	0 	-1161.68022714 	
8.8627254509e-08 -5.91657489736e-14 	5.91657489736e-14 	-1213.52127498 	
8.92084168337e-08 -1.37191295944e-13 	1.37191295944e-13 	-1265.36232282 	
8.97895791583e-08 -2.15216842915e-13 	2.15216842915e-13 	-1317.20337066 	
9.0370741483e-08 -1.50959215057e-13 	1.50959215057e-13 	-1389.23347794 	
9.09519038076e-08 -7.30350385611e-14 	7.30350385611e-14 	-1463.24776737 	
9.15330661323e-08 0 	0 	-1537.26205679 	
9.21142284569e-08 0 	0 	-1611.27634622 	
9.26953907816e-08 0 	0 	-1685.29063564 	
9.32765531062e-08 0 	0 	-1769.60495892 	
9.38577154309e-08 0 	0 	-1873.41434856 	
9.44388777555e-08 0 	0 	-1977.2237382 	
9.50200400802e-08 -8.85312862187e-14 	8.85312862187e-14 	-2081.03312784 	
9.56012024048e-08 -2.29359163408e-13 	2.29359163408e-13 	-2184.84251748 	
9.61823647295e-08 -3.59217432501e-13 	3.59217432501e-13 	-2290.08382342 	
9.67635270541e-08 -2.18678257845e-13 	2.18678257845e-13 	-2433.31071201 	
9.73446893788e-08 -7.81390831887e-14 	7.81390831887e-14 	-2576.5376006 	
9.79258517034e-08 0 	0 	-2719.76448919 	
9.85070140281e-08 0 	0 	-2862.99137778 	
9.90881763527e-08 0 	0 	-3006.21826637 	
9.96693386774e-08 0 	0 	-3199.31581965 	
1.00250501002e-07 0 	0 	-3393.9196251 	
1.00831663327e-07 -5.60901234376e-14 	5.60901234376e-14 	-3588.52343054 	
1.01412825651e-07 -1.68865901377e-13 	1.68865901377e-13 	-3783.12723599 	
1.01993987976e-07 -2.49799188004e-13 	2.49799188004e-13 	-3986.81362849 	
1.02575150301e-07 -1.37389048176e-13 	1.37389048176e-13 	-4247.43721788 	
1.03156312625e-07 -2.49789083481e-14 	2.49789083481e-14 	-4508.06080727 	
1.0373747495e-07 -4.80234024638e-14 	4.80234024638e-14 	-4768.68439666 	
1.04318637275e-07 -1.09766984186e-13 	1.09766984186e-13 	-5029.30798605 	
1.04899799599e-07 -1.06084831516e-13 	1.06084831516e-13 	-5333.98115454 	
1.05480961924e-07 -4.4591170883e-14 	4.4591170883e-14 	-5678.29721482 	
1.06062124248e-07 -3.71361607564e-14 	3.71361607564e-14 	-6022.61327511 	
1.06643286573e-07 -1.72242793006e-13 	1.72242793006e-13 	-6366.92933539 	
1.07224448898e-07 -2.71727655907e-13 	2.71727655907e-13 	-6724.52063925 	
1.07805611222e-07 -1.37298997671e-13 	1.37298997671e-13 	-7173.56680255 	
1.08386773547e-07 -2.87033943517e-15 	2.87033943517e-15 	-7622.61296584 	
1.08967935872e-07 -1.42715769937e-13 	1.42715769937e-13 	-8071.65912914 	
1.09549098196e-07 -2.88545312582e-13 	2.88545312582e-13 	-8520.70529243 	
1.10130260521e-07 -1.62372194416e-13 	1.62372194416e-13 	-9090.02459596 	
1.10711422846e-07 -1.74428306177e-14 	1.74428306177e-14 	-9668.51545436 	
1.1129258517e-07 -2.12732857313e-13 	2.12732857313e-13 	-10247.0063128 	
1.11873747495e-07 -4.54572029656e-13 	4.54572029656e-13 	-10825.4971712 	
1.1245490982e-07 -2.4750450559e-13 	2.4750450559e-13 	-11550.1203839 	
1.13036072144e-07 -7.48690787862e-15 	7.48690787862e-15 	-12286.7243977 	
1.13617234469e-07 -8.51481765716e-14 	8.51481765716e-14 	-13023.3284115 	
1.14198396794e-07 -1.53494000898e-13 	1.53494000898e-13 	-13779.6305139 	
1.14779559118e-07 -6.64055569686e-14 	6.64055569686e-14 	-14707.2002455 	
1.15360721443e-07 -2.27210022734e-14 	2.27210022734e-14 	-15634.7699771 	
1.15941883768e-07 -1.18391240973e-13 	1.18391240973e-13 	-16562.3397088 	
1.16523046092e-07 -1.251420544e-13 	1.251420544e-13 	-17594.2946768 	
1.17104208417e-07 -3.05193190891e-14 	3.05193190891e-14 	-18750.0398202 	
1.17685370741e-07 0 	0 	-19905.7849635 	
1.18266533066e-07 0 	0 	-21061.5301069 	
1.18847695391e-07 0 	0 	-22481.5003863 	
1.19428857715e-07 0 	0 	-23907.0945876 	
1.2001002004e-07 0 	0 	-25332.6887889 	
1.20591182365e-07 0 	0 	-26967.0176835 	
1.21172344689e-07 -9.79193096563e-15 	9.79193096563e-15 	-28708.632101 	
1.21753507014e-07 -2.53576836125e-13 	2.53576836125e-13 	-30450.2465184 	
1.22334669339e-07 -2.51743946393e-13 	2.51743946393e-13 	-32373.0577585 	
1.22915831663e-07 -1.23890242578e-14 	1.23890242578e-14 	-34481.3166174 	
1.23496993988e-07 0 	0 	-36589.5754764 	
1.24078156313e-07 0 	0 	-38897.3523876 	
1.24659318637e-07 0 	0 	-41427.2082886 	
1.25240480962e-07 -8.49076346485e-13 	8.49076346485e-13 	-43957.0641896 	
1.25821643287e-07 -6.77175175758e-13 	6.77175175758e-13 	-46770.9786305 	
1.26402805611e-07 0 	0 	-49781.5079229 	
1.26983967936e-07 0 	0 	-52792.0372153 	
1.27565130261e-07 0 	0 	-56259.7193177 	
1.28146292585e-07 -8.05280731336e-14 	8.05280731336e-14 	-59813.8403801 	
1.2872745491e-07 -1.66233728036e-13 	1.66233728036e-13 	-63500.4822455 	
1.29308617234e-07 -9.97015865608e-15 	9.97015865608e-15 	-67664.6018725 	
1.29889779559e-07 0 	0 	-71828.7214995 	
1.30470941884e-07 0 	0 	-76477.953613 	
1.31052104208e-07 0 	0 	-81321.5487732 	
1.31633266533e-07 0 	0 	-86409.8238961 	
1.32214428858e-07 0 	0 	-92004.9678501 	
1.32795591182e-07 0 	0 	-97638.7722905 	
1.33376753507e-07 0 	0 	-104059.615381 	
1.33957915832e-07 0 	0 	-110480.458472 	
1.34539078156e-07 0 	0 	-117687.912088 	
1.35120240481e-07 -1.66956291458e-13 	1.66956291458e-13 	-125010.128404 	
1.35701402806e-07 -4.12128784208e-14 	4.12128784208e-14 	-133113.119128 	
1.3628256513e-07 0 	0 	-141413.330696 	
1.36863727455e-07 0 	0 	-150577.806879 	
1.3744488978e-07 0 	0 	-159932.997031 	
1.38026052104e-07 0 	0 	-170341.78716 	
1.38607214429e-07 0 	0 	-180984.956045 	
1.39188376754e-07 0 	0 	-192679.578725 	
1.39769539078e-07 0 	0 	-204900.567675 	
1.40350701403e-07 -2.91187164572e-13 	2.91187164572e-13 	-217877.489865 	
1.40931863727e-07 -1.31169655673e-14 	1.31169655673e-14 	-231898.464954 	
1.41513026052e-07 0 	0 	-246523.763595 	
1.42094188377e-07 -3.76477332403e-14 	3.76477332403e-14 	-262281.088224 	
1.42675350701e-07 -1.04066927685e-15 	1.04066927685e-15 	-279102.766207 	
1.43256513026e-07 -9.93646094662e-14 	9.93646094662e-14 	-296802.416348 	
1.43837675351e-07 0 	0 	-315609.896265 	
1.44418837675e-07 -7.99339437841e-15 	7.99339437841e-15 	-335921.514483 	
1.45e-07 0 	0 	-356880.90917 	
