-1.45e-07 0.00920311368918 1.25400420566 0.794299284666
-1.44418837675e-07 0.00886413877732 1.23768980026 0.804811562008
-1.43837675351e-07 0.00854351539566 1.22237707729 0.814861624092
-1.43256513026e-07 0.0082454904357 1.20832182755 0.82436008773
-1.42675350701e-07 0.00796511450233 1.19522199444 0.833412402164
-1.42094188377e-07 0.00769932963983 1.18289939737 0.842088222126
-1.41513026052e-07 0.00744709064018 1.17129027591 0.850409600143
-1.40931863727e-07 0.00721478397404 1.16070666344 0.858193997598
-1.40350701403e-07 0.00699456679928 1.15073067674 0.865643181596
-1.39769539078e-07 0.0067849186194 1.14128234953 0.872796862056
-1.39188376754e-07 0.0065902743071 1.13257169388 0.879523164176
-1.38607214429e-07 0.00640757195297 1.12443613701 0.885900645342
-1.38026052104e-07 0.00623297870074 1.11668836387 0.892039217111
-1.3744488978e-07 0.00607142804087 1.1095566216 0.897787785647
-1.36863727455e-07 0.00591936172675 1.10286479547 0.903246496421
-1.3628256513e-07 0.00577342848215 1.09645690969 0.908517341441
-1.35701402806e-07 0.0056407209609 1.09065220072 0.913375707624
-1.35120240481e-07 0.00551352187464 1.08509480083 0.918059016196
-1.34539078156e-07 0.00539374471002 1.07987061872 0.92250645671
-1.33957915832e-07 0.00528313650596 1.07505215665 0.926657384872
-1.33376753507e-07 0.00517606230345 1.07038965334 0.930693654351
-1.32795591182e-07 0.00507937348849 1.06618058449 0.934388615086
-1.32214428858e-07 0.00498599853178 1.06211443273 0.937973034487
-1.31633266533e-07 0.00489955263019 1.05834711099 0.941326319378
-1.31052104208e-07 0.00481821929128 1.05479781178 0.944506705953
-1.30470941884e-07 0.00474120555308 1.05143271965 0.947541010859
-1.29889779559e-07 0.00467041785889 1.04833042541 0.950362084213
-1.29308617234e-07 0.00460206797666 1.04533102987 0.953099666601
-1.2872745491e-07 0.00454048342813 1.042614552 0.955602841537
-1.28146292585e-07 0.00448007124854 1.0399471011 0.958065395858
-1.27565130261e-07 0.00442649213577 1.03756301176 0.960288659453
-1.26983967936e-07 0.00437333321632 1.03519634749 0.96249720808
-1.26402805611e-07 0.0043266975297 1.03309816472 0.964475074006
-1.25821643287e-07 0.00428014854452 1.03100355039 0.966449873888
-1.25240480962e-07 0.00423952058763 1.02915099698 0.968213405845
-1.24659318637e-07 0.00419897858788 1.02730195763 0.96997387077
-1.24078156313e-07 0.00416353940026 1.02566028571 0.971550766129
-1.23496993988e-07 0.00412844093623 1.02403246007 0.973115404231
-1.22915831663e-07 0.00409747863538 1.02257183449 0.974530128527
-1.22334669339e-07 0.00406729874902 1.02114283718 0.975916494481
-1.21753507014e-07 0.00404019889878 1.0198377718 0.977190457268
-1.21172344689e-07 0.00401444999641 1.01858706474 0.978415118417
-1.20591182365e-07 0.00399068610532 1.01741590685 0.979566881134
-1.2001002004e-07 0.00396891672191 1.0163246787 0.980645396667
-1.19428857715e-07 0.00394804096896 1.01526913736 0.981690903574
-1.18847695391e-07 0.00392983443561 1.01432019032 0.982637815733
-1.18266533066e-07 0.00391162790225 1.01337124328 0.983584727891
-1.17685370741e-07 0.00389644174093 1.01254254842 0.984419475755
-1.17104208417e-07 0.00388141476848 1.01172019145 0.985248311993
-1.16523046092e-07 0.00386807028865 1.01096464533 0.986014355111
-1.15941883768e-07 0.00385587148066 1.0102545932 0.986737640056
-1.15360721443e-07 0.00384413514175 1.0095628637 0.98744358388
-1.14779559118e-07 0.00383444345036 1.00895214136 0.988072859917
-1.14198396794e-07 0.00382475175897 1.00834141902 0.988702135955
-1.13617234469e-07 0.00381664876196 1.00779351341 0.989271574423
-1.13036072144e-07 0.00380917190031 1.0072703651 0.989817429741
-1.1245490982e-07 0.00380206953421 1.00676199754 0.990349118708
-1.11873747495e-07 0.00379654235913 1.00631580037 0.990821221633
-1.1129258517e-07 0.00379101518405 1.00586960319 0.991293324557
-1.10711422846e-07 0.00378652676401 1.00546433463 0.991725965487
-1.10130260521e-07 0.00378270964233 1.00508551629 0.992133103993
-1.09549098196e-07 0.00377889252065 1.00470669796 0.992540242499
-1.08967935872e-07 0.00377651288071 1.00438442367 0.992892535402
-1.08386773547e-07 0.00377419005207 1.00406438408 0.99324266073
-1.07805611222e-07 0.00377219797446 1.00375733173 0.993580110108
-1.07224448898e-07 0.0037711759231 1.00348836832 0.993880383472
-1.06643286573e-07 0.00377015387174 1.0032194049 0.994180656837
-1.06062124248e-07 0.00376967642314 1.00297178335 0.994459959224
-1.05480961924e-07 0.0037697822702 1.00274701996 0.994716800687
-1.04899799599e-07 0.00376988811727 1.00252225657 0.994973642151
-1.04318637275e-07 0.0037706234231 1.00232210255 0.995206119737
-1.0373747495e-07 0.00377170335028 1.00213542188 0.995425258384
-1.03156312625e-07 0.00377278327747 1.00194874121 0.99564439703
-1.02575150301e-07 0.00377448553008 1.00178632113 0.995839309329
-1.01993987976e-07 0.00377640324439 1.00163230056 0.996025833974
-1.01412825651e-07 0.00377832095871 1.00147827998 0.996212358619
-1.00831663327e-07 0.00378079197281 1.0013457514 0.996377203503
-1.00250501002e-07 0.00378342722129 1.00121960222 0.996535613247
-9.96693386774e-08 0.00378606246976 1.00109345304 0.996694022991
-9.90881763527e-08 0.0037891440809 1.00098456272 0.99683481167
-9.85070140281e-08 0.00379239122274 1.00088207274 0.996969065693
-9.79258517034e-08 0.00379563836458 1.00077958276 0.997103319715
-9.73446893788e-08 0.00379920565942 1.00068939936 0.99722482438
-9.67635270541e-08 0.00380297230232 1.00060687883 0.997338390465
-9.61823647295e-08 0.00380673894522 1.00052435831 0.997451956551
-9.56012024048e-08 0.0038106942997 1.00044903764 0.997557930237
-9.50200400802e-08 0.00381490000538 1.00038326854 0.997653831587
-9.44388777555e-08 0.00381910571106 1.00031749943 0.997749732938
-9.38577154309e-08 0.00382337360178 1.00025408023 0.997843101925
-9.32765531062e-08 0.00382794866508 1.00020226877 0.997923961914
-9.26953907816e-08 0.00383252372838 1.00015045731 0.998004821902
-9.21142284569e-08 0.00383709879168 1.00009864584 0.998085681891
-9.15330661323e-08 0.00384193057745 1.00005641778 0.998155936122
-9.09519038076e-08 0.00384681488182 1.00001615022 0.998224020696
-9.0370741483e-08 0.00385169918619 0.999975882663 0.99829210527
-8.97895791583e-08 0.00385669000896 0.999939529946 0.998355713646
-8.92084168337e-08 0.00386183196029 0.999908731614 0.99841297118
-8.8627254509e-08 0.00386697391162 0.999877933282 0.998470228714
-8.80460921844e-08 0.00387211586296 0.99984713495 0.998527486248
-8.74649298597e-08 0.00387745352236 0.999823388117 0.998576351422
-8.68837675351e-08 0.00388280906195 0.999800285521 0.998624449858
-8.63026052104e-08 0.00388816460155 0.999777182924 0.998672548293
-8.57214428858e-08 0.00389357948032 0.999756164993 0.998718040406
-8.51402805611e-08 0.00389911117674 0.999739251024 0.998758401601
-8.45591182365e-08 0.00390464287316 0.999722337055 0.998798762797
-8.39779559118e-08 0.00391017456958 0.999705423086 0.998839123992
-8.33967935872e-08 0.00391580355764 0.999691818578 0.998875089261
-8.28156312625e-08 0.00392147977645 0.999679820665 0.998908920504
-8.22344689379e-08 0.00392715599525 0.999667822753 0.998942751747
-8.16533066132e-08 0.00393283221406 0.999655824841 0.99897658299
-8.10721442886e-08 0.00393861732111 0.999647380822 0.999005328058
-8.04909819639e-08 0.00394441147056 0.999639231928 0.999033650755
-7.99098196393e-08 0.00395020562 0.999631083034 0.999061973451
-7.93286573146e-08 0.00395600792472 0.999623186486 0.999089900137
-7.874749499e-08 0.00396189777478 0.999617998822 0.999113575719
-7.81663326653e-08 0.00396778762484 0.999612811158 0.9991372513
-7.75851703407e-08 0.0039736774749 0.999607623493 0.999160926882
-7.7004008016e-08 0.00397957943283 0.99960278532 0.999183987448
-7.64228456914e-08 0.00398554650444 0.999599826639 0.999203740586
-7.58416833667e-08 0.00399151357605 0.999596867959 0.999223493723
-7.52605210421e-08 0.00399748064766 0.999593909278 0.99924324686
-7.46793587174e-08 0.00400345614012 0.999591172302 0.999262549533
-7.40981963928e-08 0.0040094851609 0.999589844622 0.999278988761
-7.35170340681e-08 0.00401551418168 0.999588516942 0.999295427989
-7.29358717435e-08 0.00402154320247 0.999587189262 0.999311867217
-7.23547094188e-08 0.00402757323371 0.999585885069 0.999328249106
-7.17735470942e-08 0.00403365165614 0.999585705666 0.999341884998
-7.11923847695e-08 0.00403973007857 0.999585526263 0.99935552089
-7.06112224449e-08 0.00404580850099 0.999585346859 0.999369156782
-7.00300601202e-08 0.00405188692342 0.999585167456 0.999382792674
-6.94488977956e-08 0.00405799698861 0.999585605394 0.999394509362
-6.88677354709e-08 0.00406411456632 0.999586189899 0.999405770399
-6.82865731463e-08 0.00407023214403 0.999586774404 0.999417031436
-6.77054108216e-08 0.00407634972174 0.999587358909 0.999428292474
-6.7124248497e-08 0.00408248261757 0.999588173356 0.999438552802
-6.65430861723e-08 0.0040886310353 0.999589220803 0.999447799109
-6.59619238477e-08 0.00409477945303 0.999590268251 0.999457045416
-6.5380761523e-08 0.00410092787077 0.999591315698 0.999466291723
-6.47995991984e-08 0.00410707831112 0.999592382605 0.999475394624
-6.42184368737e-08 0.00411325086371 0.999593662256 0.999482929737
-6.36372745491e-08 0.00411942341631 0.999594941907 0.99949046485
-6.30561122244e-08 0.00412559596891 0.999596221557 0.999497999963
-6.24749498998e-08 0.00413176852151 0.999597501208 0.999505535075
-6.18937875752e-08 0.0041379517143 0.999598814961 0.999512245514
-6.13126252505e-08 0.00414414303022 0.999600154748 0.999518326363
-6.07314629259e-08 0.00415033434615 0.999601494536 0.999524407212
-6.01503006012e-08 0.00415652566208 0.999602834323 0.999530488062
-5.95691382766e-08 0.00416271697801 0.999604174111 0.999536568911
-5.89879759519e-08 0.00416892197236 0.999605454095 0.999541483315
-5.84068136273e-08 0.00417512777724 0.999606730535 0.9995463286
-5.78256513026e-08 0.00418133358211 0.999608006976 0.999551173886
-5.7244488978e-08 0.00418753938699 0.999609283417 0.999556019171
-5.66633266533e-08 0.00419374755028 0.999610528651 0.999560641976
-5.60821643287e-08 0.0041999644661 0.999611658073 0.999564439112
-5.5501002004e-08 0.00420618138193 0.999612787495 0.999568236248
-5.49198396794e-08 0.00421239829776 0.999613916917 0.999572033383
-5.43386773547e-08 0.00421861521359 0.999615046339 0.999575830519
-5.37575150301e-08 0.00422483525219 0.999616102502 0.999579300494
-5.31763527054e-08 0.00423106062815 0.999617033454 0.999582211297
-5.25951903808e-08 0.0042372860041 0.999617964407 0.999585122099
-5.20140280561e-08 0.00424351138006 0.999618895359 0.999588032902
-5.14328657315e-08 0.00424973675601 0.999619826311 0.999590943704
-5.08517034068e-08 0.00425596476674 0.999620664874 0.999593547346
-5.02705410822e-08 0.00426219653764 0.999621371585 0.999595712629
-4.96893787575e-08 0.00426842830853 0.999622078297 0.999597877912
-4.91082164329e-08 0.00427466007943 0.999622785008 0.999600043195
-4.85270541082e-08 0.00428089185032 0.99962349172 0.999602208478
-4.79458917836e-08 0.00428712524413 0.999624120652 0.999604163349
-4.73647294589e-08 0.00429336181291 0.999624597423 0.999605706583
-4.67835671343e-08 0.00429959838169 0.999625074194 0.999607249817
-4.62024048096e-08 0.00430583495047 0.999625550966 0.999608793051
-4.5621242485e-08 0.00431207151924 0.999626027737 0.999610336286
-4.50400801603e-08 0.0043183086064 0.999626472532 0.99961180507
-4.44589178357e-08 0.00432454874737 0.999626728953 0.999612835254
-4.3877755511e-08 0.00433078888835 0.999626985373 0.999613865439
-4.32965931864e-08 0.00433702902933 0.999627241794 0.999614895623
-4.27154308617e-08 0.00434326917031 0.999627498214 0.999615925808
-4.21342685371e-08 0.00434950931129 0.999627754635 0.999616955993
-4.15531062124e-08 0.00435575164188 0.999627845493 0.999617640738
-4.09719438878e-08 0.00436199442167 0.999627902386 0.999618254615
-4.03907815631e-08 0.00436823720146 0.999627959278 0.999618868493
-3.98096192385e-08 0.00437447998126 0.999628016171 0.99961948237
-3.92284569138e-08 0.00438072276105 0.999628073064 0.999620096247
-3.86472945892e-08 0.00438696629371 0.999628063421 0.999620581584
-3.80661322645e-08 0.00439321100715 0.999627949427 0.999620865322
-3.74849699399e-08 0.00439945572059 0.999627835433 0.999621149059
-3.69038076152e-08 0.00440570043403 0.999627721438 0.999621432796
-3.63226452906e-08 0.00441194514746 0.999627607444 0.999621716533
-3.57414829659e-08 0.0044181898609 0.99962749345 0.99962200027
-3.51603206413e-08 0.00442443572786 0.999627266757 0.999622076074
-3.45791583166e-08 0.00443068184646 0.999627015479 0.999622106516
-3.3997995992e-08 0.00443692796507 0.999626764201 0.999622136957
-3.34168336673e-08 0.00444317408367 0.999626512923 0.999622167399
-3.28356713427e-08 0.00444942020228 0.999626261645 0.99962219784
-3.2254509018e-08 0.00445566644382 0.99962599809 0.999622205832
-3.16733466934e-08 0.00446191357474 0.999625645727 0.99962205142
-3.10921843687e-08 0.00446816070566 0.999625293364 0.999621897007
-3.05110220441e-08 0.00447440783657 0.999624941 0.999621742594
-2.99298597194e-08 0.00448065496749 0.999624588637 0.999621588182
-2.93486973948e-08 0.00448690209841 0.999624236273 0.999621433769
-2.87675350701e-08 0.00449314943734 0.999623865418 0.999621243616
-2.81863727455e-08 0.00449939729087 0.999623448818 0.999620965047
-2.76052104208e-08 0.00450564514441 0.999623032217 0.999620686477
-2.70240480962e-08 0.00451189299794 0.999622615616 0.999620407907
-2.64428857715e-08 0.00451814085147 0.999622199015 0.999620129337
-2.58617234469e-08 0.004524388705 0.999621782414 0.999619850768
-2.52805611222e-08 0.00453063672039 0.999621356833 0.999619549773
-2.46993987976e-08 0.00453688508452 0.999620911904 0.999619200463
-2.41182364729e-08 0.00454313344864 0.999620466975 0.999618851153
-2.35370741483e-08 0.00454938181276 0.999620022046 0.999618501843
-2.29559118236e-08 0.00455563017688 0.999619577117 0.999618152533
-2.2374749499e-08 0.004561878541 0.999619132189 0.999617803222
-2.17935871743e-08 0.00456812697842 0.999618688361 0.999617448917
-2.12124248497e-08 0.00457437569893 0.999618248784 0.999617075315
-2.0631262525e-08 0.00458062441945 0.999617809207 0.999616701712
-2.00501002004e-08 0.00458687313997 0.99961736963 0.99961632811
-1.94689378758e-08 0.00459312186048 0.999616930053 0.999615954508
-1.88877755511e-08 0.004599370581 0.999616490476 0.999615580906
-1.83066132265e-08 0.00460561930151 0.999616050899 0.999615207304
-1.77254509018e-08 0.00461186825456 0.999615645296 0.999614848318
-1.71442885772e-08 0.00461811721971 0.999615241463 0.999614490093
-1.65631262525e-08 0.00462436618487 0.999614837631 0.999614131869
-1.59819639279e-08 0.00463061515002 0.999614433798 0.999613773644
-1.54008016032e-08 0.00463686411518 0.999614029965 0.99961341542
-1.48196392786e-08 0.00464311308033 0.999613626132 0.999613057195
-1.42384769539e-08 0.00464936213505 0.999613256261 0.999612725475
-1.36573146293e-08 0.00465561126359 0.999612914387 0.999612415602
-1.30761523046e-08 0.00466186039213 0.999612572513 0.999612105729
-1.249498998e-08 0.00466810952068 0.99961223064 0.999611795856
-1.19138276553e-08 0.00467435864922 0.999611888766 0.999611485984
-1.13326653307e-08 0.00468060777776 0.999611546892 0.999611176111
-1.0751503006e-08 0.00468685690631 0.999611205018 0.999610866238
-1.01703406814e-08 0.00469310613762 0.999610945944 0.999610630608
-9.58917835671e-09 0.00469935536944 0.999610687274 0.999610395339
-9.00801603206e-09 0.00470560460126 0.999610428605 0.999610160071
-8.42685370741e-09 0.00471185383308 0.999610169935 0.999609924802
-7.84569138277e-09 0.0047181030649 0.999609911265 0.999609689534
-7.26452905812e-09 0.00472435229672 0.999609652596 0.999609454265
-6.68336673347e-09 0.00473060154486 0.999609422347 0.999609246059
-6.10220440882e-09 0.00473685083339 0.999609262382 0.999609104775
-5.52104208417e-09 0.00474310012192 0.999609102416 0.999608963491
-4.93987975952e-09 0.00474934941044 0.999608942451 0.999608822208
-4.35871743487e-09 0.00475559869897 0.999608782486 0.999608680924
-3.77755511022e-09 0.0047618479875 0.999608622521 0.99960853964
-3.19639278557e-09 0.00476809727603 0.999608462555 0.999608398357
-2.61523046092e-09 0.00477434657177 0.9996083481 0.999608301984
-2.03406813627e-09 0.00478059587737 0.999608295747 0.999608266894
-1.45290581162e-09 0.00478684518296 0.999608243394 0.999608231805
-8.71743486974e-10 0.00479309448856 0.999608191041 0.999608196716
-2.90581162324e-10 0.00479934379415 0.999608138688 0.999608161627
2.90581162325e-10 0.00480559309975 0.999608086335 0.999608126538
8.71743486974e-10 0.00481184240534 0.999608033982 0.999608091449
1.45290581162e-09 0.00481809170214 0.999608024791 0.999608100255
2.03406813627e-09 0.00482434098553 0.999608081341 0.999608175919
2.61523046092e-09 0.00483059026893 0.99960813789 0.999608251583
3.19639278557e-09 0.00483683955232 0.99960819444 0.999608327247
3.77755511022e-09 0.00484308883571 0.99960825099 0.999608402911
4.35871743487e-09 0.00484933811911 0.99960830754 0.999608478575
4.93987975952e-09 0.0048555874025 0.999608364089 0.999608554239
5.52104208417e-09 0.00486183667184 0.999608441337 0.99960865177
6.10220440882e-09 0.0048680858865 0.999608599138 0.999608834405
6.68336673347e-09 0.00487433510116 0.999608756938 0.99960901704
7.26452905812e-09 0.00488058431581 0.999608914738 0.999609199675
7.84569138277e-09 0.00488683353047 0.999609072539 0.999609382311
8.42685370742e-09 0.00489308274513 0.999609230339 0.999609564946
9.00801603206e-09 0.00489933195978 0.99960938814 0.999609747581
9.58917835671e-09 0.00490558117444 0.99960954594 0.999609930216
1.01703406814e-08 0.00491183027695 0.999609773631 0.999610192069
1.0751503006e-08 0.00491807935862 0.999610014311 0.999610468644
1.13326653307e-08 0.00492432844029 0.999610254992 0.999610745219
1.19138276553e-08 0.00493057752197 0.999610495672 0.999611021794
1.249498998e-08 0.00493682660364 0.999610736352 0.999611298369
1.30761523046e-08 0.00494307568531 0.999610977032 0.999611574944
1.36573146293e-08 0.00494932476698 0.999611217713 0.999611851519
1.42384769539e-08 0.00495557377731 0.999611474263 0.999612149894
1.48196392786e-08 0.00496182262803 0.999611766319 0.999612497036
1.54008016032e-08 0.00496807147875 0.999612058374 0.999612844178
1.59819639279e-08 0.00497432032947 0.999612350429 0.99961319132
1.65631262525e-08 0.0049805691802 0.999612642485 0.999613538462
1.71442885772e-08 0.00498681803092 0.99961293454 0.999613885604
1.77254509018e-08 0.00499306688164 0.999613226595 0.999614232746
1.83066132265e-08 0.00499931573236 0.99961351865 0.999614579888
1.88877755511e-08 0.00500556435084 0.999613812755 0.999614948354
1.94689378758e-08 0.00501181281271 0.999614108241 0.9996153312
2.00501002004e-08 0.00501806127458 0.999614403727 0.999615714046
2.06312625251e-08 0.00502430973645 0.999614699212 0.999616096892
2.12124248497e-08 0.00503055819832 0.999614994698 0.999616479737
2.17935871743e-08 0.00503680666019 0.999615290184 0.999616862583
2.2374749499e-08 0.00504305512206 0.99961558567 0.999617245429
2.29559118236e-08 0.00504930358393 0.999615881156 0.999617628275
2.35370741483e-08 0.00505555158718 0.999616130516 0.999618002987
2.41182364729e-08 0.00506179939775 0.999616360497 0.999618374281
2.46993987976e-08 0.00506804720831 0.999616590477 0.999618745576
2.52805611222e-08 0.00507429501887 0.999616820457 0.99961911687
2.58617234469e-08 0.00508054282943 0.999617050437 0.999619488165
2.64428857715e-08 0.00508679064 0.999617280417 0.999619859459
2.70240480962e-08 0.00509303845056 0.999617510397 0.999620230754
2.76052104208e-08 0.00509928626112 0.999617740377 0.999620602049
2.81863727455e-08 0.00510553338642 0.99961786919 0.999620928801
2.87675350701e-08 0.00511178010109 0.99961793738 0.999621228862
2.93486973948e-08 0.00511802681575 0.999618005569 0.999621528923
2.99298597194e-08 0.00512427353041 0.999618073759 0.999621828984
3.05110220441e-08 0.00513052024507 0.999618141949 0.999622129044
3.10921843687e-08 0.00513676695974 0.999618210139 0.999622429105
3.16733466934e-08 0.0051430136744 0.999618278328 0.999622729166
3.2254509018e-08 0.00514926038906 0.999618346518 0.999623029227
3.28356713427e-08 0.00515550644108 0.999618309763 0.999623278928
3.34168336673e-08 0.00516175129618 0.999618083447 0.999623437666
3.3997995992e-08 0.00516799615127 0.999617857131 0.999623596403
3.45791583166e-08 0.00517424100637 0.999617630815 0.999623755141
3.51603206413e-08 0.00518048586146 0.999617404499 0.999623913879
3.57414829659e-08 0.00518673071656 0.999617178184 0.999624072616
3.63226452906e-08 0.00519297557165 0.999616951868 0.999624231354
3.69038076152e-08 0.00519922042675 0.999616725552 0.999624390092
3.74849699399e-08 0.00520546528184 0.999616499236 0.999624548829
3.80661322645e-08 0.00521170729152 0.99961584695 0.999624515144
3.86472945892e-08 0.00521794895959 0.999615143525 0.999624458358
3.92284569138e-08 0.00522419062766 0.999614440099 0.999624401571
3.98096192385e-08 0.00523043229574 0.999613736674 0.999624344785
4.03907815631e-08 0.00523667396381 0.999613033248 0.999624287998
4.09719438878e-08 0.00524291563188 0.999612329823 0.999624231211
4.15531062124e-08 0.00524915729995 0.999611626397 0.999624174425
4.21342685371e-08 0.00525539896802 0.999610922972 0.999624117638
4.27154308617e-08 0.00526163936569 0.999610051441 0.999623996604
4.32965931864e-08 0.00526787551332 0.999608617531 0.999623660636
4.3877755511e-08 0.00527411166095 0.999607183622 0.999623324667
4.44589178357e-08 0.00528034780858 0.999605749712 0.999622988699
4.50400801603e-08 0.00528658395621 0.999604315802 0.99962265273
4.5621242485e-08 0.00529282010384 0.999602881892 0.999622316762
4.62024048096e-08 0.00529905625147 0.999601447983 0.999621980793
4.67835671343e-08 0.0053052923991 0.999600014073 0.999621644825
4.73647294589e-08 0.00531152854674 0.999598580163 0.999621308856
4.79458917836e-08 0.00531776117924 0.999596750383 0.999620863158
4.85270541082e-08 0.00532398765931 0.999594227723 0.999620225403
4.91082164329e-08 0.00533021413939 0.999591705063 0.999619587648
4.96893787575e-08 0.00533644061946 0.999589182403 0.999618949893
5.02705410822e-08 0.00534266709954 0.999586659743 0.999618312137
5.08517034068e-08 0.00534889357962 0.999584137083 0.999617674382
5.14328657315e-08 0.00535512005969 0.999581614423 0.999617036627
5.20140280561e-08 0.00536134653977 0.999579091763 0.999616398872
5.25951903808e-08 0.00536757301985 0.999576569103 0.999615761117
5.31763527054e-08 0.0053737945619 0.999573581909 0.999615059003
5.37575150301e-08 0.00538000392195 0.999569448717 0.999614198117
5.43386773547e-08 0.00538621328199 0.999565315524 0.999613337231
5.49198396794e-08 0.00539242264203 0.999561182332 0.999612476345
5.5501002004e-08 0.00539863200208 0.999557049139 0.99961161546
5.60821643287e-08 0.00540484136212 0.999552915947 0.999610754574
5.66633266533e-08 0.00541105072217 0.999548782754 0.999609893688
5.7244488978e-08 0.00541726008221 0.999544649562 0.999609032802
5.78256513026e-08 0.00542346944225 0.999540516369 0.999608171916
5.84068136273e-08 0.0054296788023 0.999536383177 0.99960731103
5.89879759519e-08 0.00543585750774 0.999529849626 0.999606522623
5.95691382766e-08 0.00544203620465 0.999523315406 0.999605734236
6.01503006012e-08 0.00544821490155 0.999516781186 0.999604945849
6.07314629259e-08 0.00545439359846 0.999510246966 0.999604157462
6.13126252505e-08 0.00546057229536 0.999503712746 0.999603369075
6.18937875752e-08 0.00546675099227 0.999497178526 0.999602580688
6.24749498998e-08 0.00547292968917 0.999490644306 0.999601792301
6.30561122244e-08 0.00547910838608 0.999484110086 0.999601003915
6.36372745491e-08 0.00548528708298 0.999477575867 0.999600215528
6.42184368737e-08 0.00549143842206 0.999469241524 0.999599823582
6.47995991984e-08 0.00549756156273 0.999459051749 0.999599840258
6.5380761523e-08 0.00550368470339 0.999448861974 0.999599856934
6.59619238477e-08 0.00550980784406 0.999438672199 0.99959987361
6.65430861723e-08 0.00551593098473 0.999428482424 0.999599890286
6.7124248497e-08 0.00552205412539 0.999418292649 0.999599906962
6.77054108216e-08 0.00552817726606 0.999408102874 0.999599923638
6.82865731463e-08 0.00553430040672 0.999397913099 0.999599940314
6.88677354709e-08 0.00554042354739 0.999387723324 0.99959995699
6.94488977956e-08 0.00554654668805 0.99937753355 0.999599973666
7.00300601202e-08 0.00555259228107 0.99936296853 0.999601811828
7.06112224449e-08 0.00555861357726 0.99934703268 0.999604220689
7.11923847695e-08 0.00556463487344 0.999331096831 0.999606629549
7.17735470942e-08 0.00557065616963 0.999315160982 0.99960903841
7.23547094188e-08 0.00557667746582 0.999299225133 0.999611447271
7.29358717435e-08 0.005582698762 0.999283289284 0.999613856132
7.35170340681e-08 0.00558872005819 0.999267353435 0.999616264993
7.40981963928e-08 0.00559474135438 0.999251417586 0.999618673853
7.46793587174e-08 0.00560076265056 0.999235481737 0.999621082714
7.52605210421e-08 0.00560678394675 0.999219545888 0.999623491575
7.58416833667e-08 0.00561265381901 0.999196081129 0.999630413388
7.64228456914e-08 0.00561848617748 0.999170751156 0.999638453241
7.7004008016e-08 0.00562431853594 0.999145421183 0.999646493094
7.75851703407e-08 0.00563015089441 0.999120091211 0.999654532947
7.81663326653e-08 0.00563598325288 0.999094761238 0.9996625728
7.874749499e-08 0.00564181561134 0.999069431265 0.999670612653
7.93286573146e-08 0.00564764796981 0.999044101293 0.999678652506
7.99098196393e-08 0.00565348032827 0.99901877132 0.999686692359
8.04909819639e-08 0.00565931268674 0.998993441347 0.999694732212
8.10721442886e-08 0.0056651450452 0.998968111375 0.999702772065
8.16533066132e-08 0.0056707620137 0.998933056497 0.999718132248
8.22344689379e-08 0.00567623958547 0.998891707827 0.999738230024
8.28156312625e-08 0.00568171715725 0.998850359157 0.9997583278
8.33967935872e-08 0.00568719472902 0.998809010487 0.999778425576
8.39779559118e-08 0.0056926723008 0.998767661817 0.999798523353
8.45591182365e-08 0.00569814987257 0.998726313146 0.999818621129
8.51402805611e-08 0.00570362744435 0.998684964476 0.999838718905
8.57214428858e-08 0.00570910501612 0.998643615806 0.999858816681
8.63026052104e-08 0.0057145825879 0.998602267136 0.999878914458
8.68837675351e-08 0.00572006015967 0.998560918466 0.999899012234
8.74649298597e-08 0.00572542113775 0.99851465356 0.99992337503
8.80460921844e-08 0.00573022421876 0.998444864625 0.999968145806
8.8627254509e-08 0.00573502729978 0.998375075689 1.00001291658
8.92084168337e-08 0.00573983038079 0.998305286754 1.00005768736
8.97895791583e-08 0.00574463346181 0.998235497819 1.00010245813
9.0370741483e-08 0.00574943654282 0.998165708883 1.00014722891
9.09519038076e-08 0.00575423962384 0.998095919948 1.00019199968
9.15330661323e-08 0.00575904270485 0.998026131013 1.00023677046
9.21142284569e-08 0.00576384578587 0.997956342078 1.00028154124
9.26953907816e-08 0.00576864886688 0.997886553142 1.00032631201
9.32765531062e-08 0.0057734519479 0.997816764207 1.00037108279
9.38577154309e-08 0.0057776147464 0.997721180104 1.00044022527
9.44388777555e-08 0.00578111933887 0.997599078745 1.0005344217
9.50200400802e-08 0.00578462393134 0.997476977386 1.00062861814
9.56012024048e-08 0.00578812852381 0.997354876027 1.00072281457
9.61823647295e-08 0.00579163311628 0.997232774668 1.000817011
9.67635270541e-08 0.00579513770875 0.997110673309 1.00091120744
9.73446893788e-08 0.00579864230122 0.99698857195 1.00100540387
9.79258517034e-08 0.00580214689369 0.99686647059 1.0010996003
9.85070140281e-08 0.00580565148616 0.996744369231 1.00119379673
9.90881763527e-08 0.00580915607862 0.996622267872 1.00128799317
9.96693386774e-08 0.00581266067109 0.996500166513 1.0013821896
1.00250501002e-07 0.0058147422589 0.996322403482 1.00153165189
1.00831663327e-07 0.00581571494551 0.996101265124 1.00172418105
1.01412825651e-07 0.00581668763212 0.995880126765 1.00191671022
1.01993987976e-07 0.00581766031873 0.995658988406 1.00210923939
1.02575150301e-07 0.00581863300534 0.995437850047 1.00230176855
1.03156312625e-07 0.00581960569195 0.995216711688 1.00249429772
1.0373747495e-07 0.00582057837857 0.994995573329 1.00268682689
1.04318637275e-07 0.00582155106518 0.99477443497 1.00287935605
1.04899799599e-07 0.00582252375179 0.994553296611 1.00307188522
1.05480961924e-07 0.0058234964384 0.994332158252 1.00326441439
1.06062124248e-07 0.00582446912501 0.994111019893 1.00345694355
1.06643286573e-07 0.00582357255338 0.993818251181 1.00372280858
1.07224448898e-07 0.005819543754 0.993405454871 1.00411155904
1.07805611222e-07 0.00581551495462 0.99299265856 1.00450030951
1.08386773547e-07 0.00581148615525 0.99257986225 1.00488905997
1.08967935872e-07 0.00580745735587 0.992167065939 1.00527781043
1.09549098196e-07 0.00580342855649 0.991754269628 1.00566656089
1.10130260521e-07 0.00579939975711 0.991341473318 1.00605531135
1.10711422846e-07 0.00579537095773 0.990928677007 1.00644406182
1.1129258517e-07 0.00579134215835 0.990515880696 1.00683281228
1.11873747495e-07 0.00578731335897 0.990103084386 1.00722156274
1.1245490982e-07 0.0057832845596 0.989690288075 1.0076103132
1.13036072144e-07 0.00577925576022 0.989277491765 1.00799906367
1.13617234469e-07 0.00576599474441 0.988517526566 1.00875297048
1.14198396794e-07 0.00575195465204 0.98772826492 1.00953769164
1.14779559118e-07 0.00573791455968 0.986939003274 1.0103224128
1.15360721443e-07 0.00572387446731 0.986149741628 1.01110713396
1.15941883768e-07 0.00570983437494 0.985360479982 1.01189185512
1.16523046092e-07 0.00569579428258 0.984571218336 1.01267657628
1.17104208417e-07 0.00568175419021 0.98378195669 1.01346129744
1.17685370741e-07 0.00566771409784 0.982992695044 1.0142460186
1.18266533066e-07 0.00565367400548 0.982203433397 1.01503073976
1.18847695391e-07 0.00563963391311 0.981414171751 1.01581546092
1.19428857715e-07 0.00562559382075 0.980624910105 1.01660018209
1.2001002004e-07 0.00560746814002 0.97968595511 1.01754893375
1.20591182365e-07 0.00557311719414 0.978152516761 1.01914910647
1.21172344689e-07 0.00553876624826 0.976619078411 1.0207492792
1.21753507014e-07 0.00550441530238 0.975085640062 1.02234945192
1.22334669339e-07 0.0054700643565 0.973552201712 1.02394962465
1.22915831663e-07 0.00543571341063 0.972018763363 1.02554979738
1.23496993988e-07 0.00540136246475 0.970485325013 1.0271499701
1.24078156313e-07 0.00536701151887 0.968951886664 1.02875014283
1.24659318637e-07 0.00533266057299 0.967418448314 1.03035031556
1.25240480962e-07 0.00529830962712 0.965885009965 1.03195048828
1.25821643287e-07 0.00526395868124 0.964351571615 1.03355066101
1.26402805611e-07 0.00522960773536 0.962818133266 1.03515083374
1.26983967936e-07 0.00518672058704 0.960986274119 1.03710601247
1.27565130261e-07 0.00511059062761 0.957992265144 1.04044370266
1.28146292585e-07 0.00503446066817 0.954998256169 1.04378139285
1.2872745491e-07 0.00495833070874 0.952004247194 1.04711908304
1.29308617234e-07 0.0048822007493 0.949010238219 1.05045677322
1.29889779559e-07 0.00480607078987 0.946016229244 1.05379446341
1.30470941884e-07 0.00472994083044 0.943022220269 1.0571321536
1.31052104208e-07 0.004653810871 0.940028211294 1.06046984379
1.31633266533e-07 0.00457768091157 0.937034202319 1.06380753398
1.32214428858e-07 0.00450155095214 0.934040193344 1.06714522417
1.32795591182e-07 0.0044254209927 0.931046184369 1.07048291435
1.33376753507e-07 0.00434929103327 0.928052175394 1.07382060454
1.33957915832e-07 0.00427316107384 0.925058166419 1.07715829473
1.34539078156e-07 0.00411636056141 0.919498643193 1.08413232985
1.35120240481e-07 0.00395303664632 0.913731660345 1.09140041703
1.35701402806e-07 0.00378971273123 0.907964677496 1.09866850421
1.3628256513e-07 0.00362638881615 0.902197694647 1.10593659139
1.36863727455e-07 0.00346306490106 0.896430711799 1.11320467857
1.3744488978e-07 0.00329974098597 0.89066372895 1.12047276575
1.38026052104e-07 0.00313641707088 0.884896746102 1.12774085294
1.38607214429e-07 0.00297309315579 0.879129763253 1.13500894012
1.39188376754e-07 0.0028097692407 0.873362780404 1.1422770273
1.39769539078e-07 0.00264644532561 0.867595797556 1.14954511448
1.40350701403e-07 0.00248312141052 0.861828814707 1.15681320166
1.40931863727e-07 0.00231979749543 0.856061831859 1.16408128884
1.41513026052e-07 0.00209038180793 0.848423025979 1.17462663909
1.42094188377e-07 0.00174198483995 0.837414482945 1.19107186073
1.42675350701e-07 0.00139358787196 0.826405939911 1.20751708236
1.43256513026e-07 0.00104519090397 0.815397396878 1.223962304
1.43837675351e-07 0.000696793935978 0.804388853844 1.24040752564
1.44418837675e-07 0.000348396967989 0.79338031081 1.25685274727
1.45e-07 0 0.782371767776 1.27329796891
