-1.45e-07 -0.0237764129073 0.499890900625 1.98462978995
-1.44418837675e-07 -0.0226645456181 0.52200588136 1.9015943139
-1.43837675351e-07 -0.021615955074 0.543485598116 1.82554194486
-1.43256513026e-07 -0.0206477080065 0.564303603195 1.75865418116
-1.42675350701e-07 -0.019738124575 0.584552594217 1.69793951902
-1.42094188377e-07 -0.0188748616945 0.604317631055 1.64192000475
-1.41513026052e-07 -0.0180675348252 0.62345402354 1.59134175108
-1.40931863727e-07 -0.0173193117699 0.641831422386 1.54609079488
-1.40350701403e-07 -0.0166025499784 0.659778102652 1.50357221328
-1.39769539078e-07 -0.0159399938082 0.676939039931 1.46559236744
-1.39188376754e-07 -0.0153164984917 0.69346775423 1.43065936101
-1.38607214429e-07 -0.0147202017623 0.709556243341 1.39784790899
-1.38026052104e-07 -0.0141780206658 0.72467629139 1.36898069304
-1.3744488978e-07 -0.0136478892808 0.739573831364 1.34097344321
-1.36863727455e-07 -0.013171806502 0.753411505764 1.31665904145
-1.3628256513e-07 -0.0127054811243 0.767041251943 1.29297173294
-1.35701402806e-07 -0.0122833736749 0.779728723125 1.27212624308
-1.35120240481e-07 -0.0118713350798 0.79218481257 1.25189162696
-1.34539078156e-07 -0.0114991579093 0.803724888599 1.23407538896
-1.33957915832e-07 -0.0111328300376 0.815121049063 1.21659539583
-1.33376753507e-07 -0.0108065946364 0.8255307784 1.20142010415
-1.32795591182e-07 -0.0104803592352 0.835940507736 1.18624481247
-1.32214428858e-07 -0.0101941869522 0.845301914211 1.17325992185
-1.31633266533e-07 -0.00990998262792 0.854611825537 1.16038262692
-1.31052104208e-07 -0.00965155525779 0.863208867026 1.14885090484
-1.30470941884e-07 -0.00940557115459 0.871461786023 1.13796872893
-1.29889779559e-07 -0.00916946469065 0.879427678738 1.12758075104
-1.29308617234e-07 -0.00895801191592 0.886677179959 1.11842624645
-1.2872745491e-07 -0.00874655914118 0.893926681179 1.10927174185
-1.28146292585e-07 -0.00855936069723 0.900439668254 1.10128478057
-1.27565130261e-07 -0.0083788938828 0.906748240687 1.09362186322
-1.26983967936e-07 -0.00820281657211 0.912918223575 1.0861630112
-1.26402805611e-07 -0.00804995418636 0.918355242997 1.0797834067
-1.25821643287e-07 -0.00789709180062 0.923792262419 1.07340380219
-1.25240480962e-07 -0.00775421210363 0.928903108559 1.06747403895
-1.24659318637e-07 -0.00762575485728 0.933542717121 1.06219418212
-1.24078156313e-07 -0.00749729761094 0.938182325684 1.05691432529
-1.23496993988e-07 -0.00738011505628 0.942442345468 1.05212866572
-1.22915831663e-07 -0.00727306180078 0.946361338782 1.04778699806
-1.22334669339e-07 -0.00716600854528 0.950280332097 1.0434453304
-1.21753507014e-07 -0.00706837012267 0.953874007669 1.03950641882
-1.21172344689e-07 -0.00697993072789 0.957149822371 1.03596103142
-1.20591182365e-07 -0.00689149133311 0.960425637073 1.03241564402
-1.2001002004e-07 -0.00680849877658 0.963508983935 1.02909838004
-1.19428857715e-07 -0.00673610358755 0.966217865404 1.02622495292
-1.18847695391e-07 -0.00666370839852 0.968926746873 1.0233515258
-1.18266533066e-07 -0.00659159874762 0.971625343956 1.0204898409
-1.17685370741e-07 -0.00653290435287 0.97384075623 1.01817983305
-1.17104208417e-07 -0.00647420995812 0.976056168504 1.01586982521
-1.16523046092e-07 -0.00641551556337 0.978271580778 1.01355981736
-1.15941883768e-07 -0.00636310660275 0.980256913591 1.01150428286
-1.15360721443e-07 -0.00631599779237 0.98204823344 1.00966333129
-1.14779559118e-07 -0.006268888982 0.983839553288 1.00782237972
-1.14198396794e-07 -0.00622178017162 0.985630873136 1.00598142815
-1.13617234469e-07 -0.00618336789406 0.987099503333 1.00448795376
-1.13036072144e-07 -0.00614595583513 0.988531019865 1.00303444394
-1.1245490982e-07 -0.00610854377619 0.989962536398 1.00158093411
-1.11873747495e-07 -0.00607174009292 0.991371222751 1.00015146611
-1.1129258517e-07 -0.00604235689575 0.992501444609 0.999015241239
-1.10711422846e-07 -0.00601297369857 0.993631666468 0.997879016372
-1.10130260521e-07 -0.00598359050139 0.994761888326 0.996742791505
-1.09549098196e-07 -0.00595467303422 0.995874470144 0.995624804692
-1.08967935872e-07 -0.00593186301679 0.996755725544 0.994745986481
-1.08386773547e-07 -0.00590905299935 0.997636980944 0.99386716827
-1.07805611222e-07 -0.00588624298192 0.998518236344 0.992988350059
-1.07224448898e-07 -0.00586343296449 0.999399491744 0.992109531848
-1.06643286573e-07 -0.00584526693377 1.00010351912 0.991411228074
-1.06062124248e-07 -0.00582777500671 1.00078182074 0.990739127095
-1.05480961924e-07 -0.00581028307965 1.00146012236 0.990067026117
-1.04899799599e-07 -0.00579279115259 1.00213842398 0.989394925139
-1.04318637275e-07 -0.00577731215313 1.00273943902 0.98880060161
-1.0373747495e-07 -0.00576406983744 1.00325457635 0.98829270124
-1.03156312625e-07 -0.00575082752176 1.00376971367 0.987784800869
-1.02575150301e-07 -0.00573758520607 1.004284851 0.987276900498
-1.01993987976e-07 -0.00572434289039 1.00479998832 0.986769000127
-1.01412825651e-07 -0.00571399139893 1.00520359578 0.986372269515
-1.00831663327e-07 -0.00570410105001 1.00558941207 0.985993272637
-1.00250501002e-07 -0.00569421070108 1.00597522835 0.985614275758
-9.96693386774e-08 -0.00568432035216 1.00636104464 0.985235278879
-9.90881763527e-08 -0.00567450646932 1.00674389962 0.984859211704
-9.85070140281e-08 -0.00566722431027 1.0070287087 0.984580144378
-9.79258517034e-08 -0.00565994215123 1.00731351777 0.984301077053
-9.73446893788e-08 -0.00565265999218 1.00759832685 0.984022009727
-9.67635270541e-08 -0.00564537783314 1.00788313593 0.983742942402
-9.61823647295e-08 -0.00563809567409 1.008167945 0.983463875076
-9.56012024048e-08 -0.00563274155954 1.0083778673 0.983258468624
-9.50200400802e-08 -0.00562746012514 1.00858496664 0.983055838914
-9.44388777555e-08 -0.00562217869075 1.00879206598 0.982853209205
-9.38577154309e-08 -0.00561689725635 1.00899916532 0.982650579495
-9.32765531062e-08 -0.00561161582196 1.00920626466 0.982447949786
-9.26953907816e-08 -0.00560732369256 1.00937485199 0.982283036096
-9.21142284569e-08 -0.00560355425308 1.00952309188 0.982138049308
-9.15330661323e-08 -0.00559978481361 1.00967133176 0.98199306252
-9.09519038076e-08 -0.00559601537414 1.00981957164 0.981848075732
-9.0370741483e-08 -0.00559224593467 1.00996781153 0.981703088943
-8.97895791583e-08 -0.00558857715879 1.01011212603 0.981561933944
-8.92084168337e-08 -0.00558593263535 1.01021649979 0.981459767401
-8.8627254509e-08 -0.00558328811191 1.01032087355 0.981357600859
-8.80460921844e-08 -0.00558064358847 1.01042524731 0.981255434316
-8.74649298597e-08 -0.00557799906503 1.01052962107 0.981153267774
-8.68837675351e-08 -0.00557535454159 1.01063399483 0.981051101231
-8.63026052104e-08 -0.00557292155202 1.01073010911 0.980956978451
-8.57214428858e-08 -0.00557110035613 1.01080233554 0.980886119667
-8.51402805611e-08 -0.00556927916024 1.01087456196 0.980815260882
-8.45591182365e-08 -0.00556745796434 1.01094678839 0.980744402098
-8.39779559118e-08 -0.00556563676845 1.01101901481 0.980673543313
-8.33967935872e-08 -0.00556381557255 1.01109124123 0.980602684529
-8.28156312625e-08 -0.00556207952035 1.01116013987 0.980535061478
-8.22344689379e-08 -0.00556085065756 1.01120921531 0.980486713249
-8.16533066132e-08 -0.00555962179478 1.01125829075 0.98043836502
-8.10721442886e-08 -0.00555839293199 1.0113073662 0.980390016792
-8.04909819639e-08 -0.00555716406921 1.01135644164 0.980341668563
-7.99098196393e-08 -0.00555593520642 1.01140551708 0.980293320334
-7.93286573146e-08 -0.00555470634363 1.01145459253 0.980244972106
-7.874749499e-08 -0.00555378570881 1.01149161157 0.980208335456
-7.81663326653e-08 -0.00555297538612 1.01152431572 0.98017589028
-7.75851703407e-08 -0.00555216506343 1.01155701988 0.980143445103
-7.7004008016e-08 -0.00555135474074 1.01158972404 0.980110999927
-7.64228456914e-08 -0.00555054441805 1.01162242819 0.980078554751
-7.58416833667e-08 -0.00554973409536 1.01165513235 0.980046109575
-7.52605210421e-08 -0.00554892982428 1.01168759964 0.980013894403
-7.46793587174e-08 -0.00554840970081 1.01170894485 0.979992478869
-7.40981963928e-08 -0.00554788957733 1.01173029007 0.979971063334
-7.35170340681e-08 -0.00554736945385 1.01175163529 0.9799496478
-7.29358717435e-08 -0.00554684933037 1.0117729805 0.979928232266
-7.23547094188e-08 -0.0055463292069 1.01179432572 0.979906816732
-7.17735470942e-08 -0.00554580908342 1.01181567094 0.979885401198
-7.11923847695e-08 -0.00554528895994 1.01183701615 0.979863985664
-7.06112224449e-08 -0.00554496256871 1.01185077316 0.979849939676
-7.00300601202e-08 -0.00554463969585 1.01186439236 0.979836027526
-6.94488977956e-08 -0.00554431682299 1.01187801156 0.979822115376
-6.88677354709e-08 -0.00554399395013 1.01189163076 0.979808203226
-6.82865731463e-08 -0.00554367107727 1.01190524996 0.979794291076
-6.77054108216e-08 -0.00554334820441 1.01191886916 0.979780378926
-6.7124248497e-08 -0.00554302533155 1.01193248836 0.979766466775
-6.65430861723e-08 -0.0055427818645 1.01194299481 0.979755580356
-6.59619238477e-08 -0.00554259028015 1.01195146743 0.979746670908
-6.5380761523e-08 -0.0055423986958 1.01195994005 0.97973776146
-6.47995991984e-08 -0.00554220711145 1.01196841267 0.979728852013
-6.42184368737e-08 -0.0055420155271 1.01197688529 0.979719942565
-6.36372745491e-08 -0.00554182394275 1.0119853579 0.979711033118
-6.30561122244e-08 -0.0055416323584 1.01199383052 0.97970212367
-6.24749498998e-08 -0.00554144077405 1.01200230314 0.979693214222
-6.18937875752e-08 -0.00554132375598 1.01200784934 0.979687154771
-6.13126252505e-08 -0.00554121763165 1.012012968 0.97968151169
-6.07314629259e-08 -0.00554111150731 1.01201808666 0.979675868609
-6.01503006012e-08 -0.00554100538298 1.01202320532 0.979670225527
-5.95691382766e-08 -0.00554089925865 1.01202832398 0.979664582446
-5.89879759519e-08 -0.00554079313432 1.01203344264 0.979658939364
-5.84068136273e-08 -0.00554068700998 1.01203856131 0.979653296283
-5.78256513026e-08 -0.00554058088565 1.01204367997 0.979647653202
-5.7244488978e-08 -0.00554051648783 1.01204715803 0.979643613492
-5.66633266533e-08 -0.00554046467985 1.01205014108 0.979640057556
-5.60821643287e-08 -0.00554041287188 1.01205312414 0.97963650162
-5.5501002004e-08 -0.00554036106391 1.01205610719 0.979632945684
-5.49198396794e-08 -0.00554030925594 1.01205909024 0.979629389748
-5.43386773547e-08 -0.00554025744796 1.0120620733 0.979625833812
-5.37575150301e-08 -0.00554020563999 1.01206505635 0.979622277876
-5.31763527054e-08 -0.00554015383202 1.0120680394 0.97961872194
-5.25951903808e-08 -0.00554011123893 1.01207065901 0.979615523445
-5.20140280561e-08 -0.00554009306527 1.01207231549 0.979613272168
-5.14328657315e-08 -0.00554007489161 1.01207397196 0.979611020891
-5.08517034068e-08 -0.00554005671795 1.01207562844 0.979608769613
-5.02705410822e-08 -0.00554003854429 1.01207728492 0.979606518336
-4.96893787575e-08 -0.00554002037062 1.0120789414 0.979604267059
-4.91082164329e-08 -0.00554000219696 1.01208059787 0.979602015782
-4.85270541082e-08 -0.0055399840233 1.01208225435 0.979599764504
-4.79458917836e-08 -0.00553996584964 1.01208391083 0.979597513227
-4.73647294589e-08 -0.00553995518045 1.01208526966 0.979595558016
-4.67835671343e-08 -0.00553995723184 1.01208612395 0.979594104657
-4.62024048096e-08 -0.00553995928323 1.01208697825 0.979592651298
-4.5621242485e-08 -0.00553996133461 1.01208783255 0.979591197939
-4.50400801603e-08 -0.005539963386 1.01208868684 0.979589744581
-4.44589178357e-08 -0.00553996543738 1.01208954114 0.979588291222
-4.3877755511e-08 -0.00553996748877 1.01209039544 0.979586837863
-4.32965931864e-08 -0.00553996954016 1.01209124974 0.979585384504
-4.27154308617e-08 -0.00553997159154 1.01209210403 0.979583931145
-4.21342685371e-08 -0.00553997411009 1.01209293961 0.979582496801
-4.15531062124e-08 -0.00553998790601 1.01209332318 0.979581521482
-4.09719438878e-08 -0.00554000170193 1.01209370676 0.979580546164
-4.03907815631e-08 -0.00554001549785 1.01209409033 0.979579570845
-3.98096192385e-08 -0.00554002929378 1.0120944739 0.979578595527
-3.92284569138e-08 -0.0055400430897 1.01209485748 0.979577620208
-3.86472945892e-08 -0.00554005688562 1.01209524105 0.97957664489
-3.80661322645e-08 -0.00554007068154 1.01209562462 0.979575669571
-3.74849699399e-08 -0.00554008447746 1.0120960082 0.979574694253
-3.69038076152e-08 -0.00554009827339 1.01209639177 0.979573718934
-3.63226452906e-08 -0.0055401137607 1.01209670615 0.979572816676
-3.57414829659e-08 -0.00554013407331 1.0120968231 0.979572122849
-3.51603206413e-08 -0.00554015438591 1.01209694006 0.979571429022
-3.45791583166e-08 -0.00554017469852 1.01209705702 0.979570735195
-3.3997995992e-08 -0.00554019501113 1.01209717397 0.979570041368
-3.34168336673e-08 -0.00554021532373 1.01209729093 0.979569347541
-3.28356713427e-08 -0.00554023563634 1.01209740789 0.979568653714
-3.2254509018e-08 -0.00554025594895 1.01209752484 0.979567959887
-3.16733466934e-08 -0.00554027626155 1.0120976418 0.97956726606
-3.10921843687e-08 -0.00554029657416 1.01209775876 0.979566572233
-3.05110220441e-08 -0.00554031691635 1.01209787445 0.979565879844
-2.99298597194e-08 -0.00554034060553 1.01209784714 0.979565350141
-2.93486973948e-08 -0.0055403642947 1.01209781983 0.979564820438
-2.87675350701e-08 -0.00554038798388 1.01209779252 0.979564290735
-2.81863727455e-08 -0.00554041167305 1.01209776521 0.979563761032
-2.76052104208e-08 -0.00554043536223 1.0120977379 0.979563231329
-2.70240480962e-08 -0.00554045905141 1.0120977106 0.979562701626
-2.64428857715e-08 -0.00554048274058 1.01209768329 0.979562171923
-2.58617234469e-08 -0.00554050642976 1.01209765598 0.97956164222
-2.52805611222e-08 -0.00554053011893 1.01209762867 0.979561112517
-2.46993987976e-08 -0.00554055380811 1.01209760136 0.979560582814
-2.41182364729e-08 -0.00554057790445 1.01209755475 0.979560078567
-2.35370741483e-08 -0.00554060313139 1.01209745455 0.979559645004
-2.29559118236e-08 -0.00554062835834 1.01209735435 0.979559211441
-2.2374749499e-08 -0.00554065358528 1.01209725415 0.979558777879
-2.17935871743e-08 -0.00554067881222 1.01209715395 0.979558344316
-2.12124248497e-08 -0.00554070403916 1.01209705376 0.979557910753
-2.0631262525e-08 -0.0055407292661 1.01209695356 0.97955747719
-2.00501002004e-08 -0.00554075449305 1.01209685336 0.979557043628
-1.94689378758e-08 -0.00554077971999 1.01209675316 0.979556610065
-1.88877755511e-08 -0.00554080494693 1.01209665296 0.979556176502
-1.83066132265e-08 -0.00554083017387 1.01209655276 0.979555742939
-1.77254509018e-08 -0.00554085540269 1.01209645244 0.979555309601
-1.71442885772e-08 -0.00554088111425 1.01209631994 0.979554934041
-1.65631262525e-08 -0.00554090682581 1.01209618744 0.979554558482
-1.59819639279e-08 -0.00554093253737 1.01209605494 0.979554182922
-1.54008016032e-08 -0.00554095824893 1.01209592244 0.979553807362
-1.48196392786e-08 -0.00554098396049 1.01209578995 0.979553431803
-1.42384769539e-08 -0.00554100967205 1.01209565745 0.979553056243
-1.36573146293e-08 -0.00554103538361 1.01209552495 0.979552680683
-1.30761523046e-08 -0.00554106109516 1.01209539245 0.979552305124
-1.249498998e-08 -0.00554108680672 1.01209525995 0.979551929564
-1.19138276553e-08 -0.00554111251828 1.01209512745 0.979551554004
-1.13326653307e-08 -0.00554113822984 1.01209499495 0.979551178445
-1.0751503006e-08 -0.00554116391884 1.01209486052 0.979550810377
-1.01703406814e-08 -0.00554118951827 1.01209471841 0.979550472058
-9.58917835671e-09 -0.0055412151177 1.01209457631 0.979550133739
-9.00801603206e-09 -0.00554124071713 1.0120944342 0.97954979542
-8.42685370741e-09 -0.00554126631655 1.01209429209 0.979549457102
-7.84569138277e-09 -0.00554129191598 1.01209414998 0.979549118783
-7.26452905812e-09 -0.00554131751541 1.01209400787 0.979548780464
-6.68336673347e-09 -0.00554134311484 1.01209386576 0.979548442146
-6.10220440882e-09 -0.00554136871427 1.01209372365 0.979548103827
-5.52104208417e-09 -0.00554139431369 1.01209358154 0.979547765508
-4.93987975952e-09 -0.00554141991312 1.01209343943 0.97954742719
-4.35871743487e-09 -0.00554144551255 1.01209329732 0.979547088871
-3.77755511022e-09 -0.00554147111198 1.01209315521 0.979546750552
-3.19639278557e-09 -0.00554149632932 1.01209301585 0.979546433824
-2.61523046092e-09 -0.00554152146874 1.01209287705 0.9795461215
-2.03406813627e-09 -0.00554154660816 1.01209273824 0.979545809176
-1.45290581162e-09 -0.00554157174757 1.01209259944 0.979545496852
-8.71743486974e-10 -0.00554159688699 1.01209246063 0.979545184528
-2.90581162324e-10 -0.00554162202641 1.01209232183 0.979544872204
2.90581162325e-10 -0.00554164716582 1.01209218302 0.97954455988
8.71743486974e-10 -0.00554167230524 1.01209204422 0.979544247556
1.45290581162e-09 -0.00554169744466 1.01209190541 0.979543935232
2.03406813627e-09 -0.00554172258407 1.01209176661 0.979543622908
2.61523046092e-09 -0.00554174772349 1.0120916278 0.979543310584
3.19639278557e-09 -0.00554177286291 1.012091489 0.97954299826
3.77755511022e-09 -0.00554179789066 1.01209135207 0.979542689051
4.35871743487e-09 -0.00554182237094 1.01209122434 0.979542395117
4.93987975952e-09 -0.00554184685123 1.0120910966 0.979542101183
5.52104208417e-09 -0.00554187133152 1.01209096887 0.979541807249
6.10220440882e-09 -0.0055418958118 1.01209084113 0.979541513315
6.68336673347e-09 -0.00554192029209 1.0120907134 0.979541219381
7.26452905812e-09 -0.00554194477238 1.01209058566 0.979540925447
7.84569138277e-09 -0.00554196925266 1.01209045793 0.979540631513
8.42685370742e-09 -0.00554199373295 1.01209033019 0.979540337579
9.00801603206e-09 -0.00554201821323 1.01209020246 0.979540043645
9.58917835671e-09 -0.00554204269352 1.01209007472 0.979539749711
1.01703406814e-08 -0.00554206717381 1.01208994699 0.979539455777
1.0751503006e-08 -0.00554209165409 1.01208981926 0.979539161843
1.13326653307e-08 -0.00554211550428 1.01208970494 0.979538877043
1.19138276553e-08 -0.0055421391958 1.012089594 0.979538594544
1.249498998e-08 -0.00554216288732 1.01208948306 0.979538312045
1.30761523046e-08 -0.00554218657885 1.01208937212 0.979538029546
1.36573146293e-08 -0.00554221027037 1.01208926118 0.979537747046
1.42384769539e-08 -0.00554223396189 1.01208915024 0.979537464547
1.48196392786e-08 -0.00554225765341 1.0120890393 0.979537182048
1.54008016032e-08 -0.00554228134493 1.01208892836 0.979536899548
1.59819639279e-08 -0.00554230503645 1.01208881743 0.979536617049
1.65631262525e-08 -0.00554232872797 1.01208870649 0.97953633455
1.71442885772e-08 -0.00554235241949 1.01208859555 0.97953605205
1.77254509018e-08 -0.00554237611101 1.01208848461 0.979535769551
1.83066132265e-08 -0.00554239884622 1.0120883977 0.979535490044
1.88877755511e-08 -0.00554242157772 1.01208831089 0.979535210548
1.94689378758e-08 -0.00554244430921 1.01208822408 0.979534931052
2.00501002004e-08 -0.00554246704071 1.01208813726 0.979534651556
2.06312625251e-08 -0.00554248977221 1.01208805045 0.97953437206
2.12124248497e-08 -0.0055425125037 1.01208796363 0.979534092565
2.17935871743e-08 -0.0055425352352 1.01208787682 0.979533813069
2.2374749499e-08 -0.00554255796669 1.01208779001 0.979533533573
2.29559118236e-08 -0.00554258069819 1.01208770319 0.979533254077
2.35370741483e-08 -0.00554260342968 1.01208761638 0.979532974581
2.41182364729e-08 -0.00554262616118 1.01208752957 0.979532695086
2.46993987976e-08 -0.00554264796821 1.01208746949 0.979532408156
2.52805611222e-08 -0.00554266944231 1.01208741904 0.97953211855
2.58617234469e-08 -0.00554269091641 1.01208736859 0.979531828944
2.64428857715e-08 -0.00554271239051 1.01208731815 0.979531539338
2.70240480962e-08 -0.00554273386461 1.0120872677 0.979531249731
2.76052104208e-08 -0.00554275533872 1.01208721725 0.979530960125
2.81863727455e-08 -0.00554277681282 1.0120871668 0.979530670519
2.87675350701e-08 -0.00554279828692 1.01208711636 0.979530380912
2.93486973948e-08 -0.00554281976102 1.01208706591 0.979530091306
2.99298597194e-08 -0.00554284123512 1.01208701546 0.9795298017
3.05110220441e-08 -0.00554286270922 1.01208696501 0.979529512094
3.10921843687e-08 -0.00554288240871 1.01208697186 0.97952919071
3.16733466934e-08 -0.00554290209251 1.01208697922 0.979528869046
3.2254509018e-08 -0.00554292177631 1.01208698658 0.979528547382
3.28356713427e-08 -0.00554294146012 1.01208699394 0.979528225718
3.34168336673e-08 -0.00554296114392 1.01208700129 0.979527904053
3.3997995992e-08 -0.00554298082772 1.01208700865 0.979527582389
3.45791583166e-08 -0.00554300051152 1.01208701601 0.979527260725
3.51603206413e-08 -0.00554302019533 1.01208702337 0.979526939061
3.57414829659e-08 -0.00554303987913 1.01208703072 0.979526617397
3.63226452906e-08 -0.00554305956293 1.01208703808 0.979526295732
3.69038076152e-08 -0.00554307723259 1.0120871156 0.979525923006
3.74849699399e-08 -0.00554309419622 1.01208721771 0.979525532382
3.80661322645e-08 -0.00554311115986 1.01208731983 0.979525141757
3.86472945892e-08 -0.0055431281235 1.01208742194 0.979524751132
3.92284569138e-08 -0.00554314508714 1.01208752406 0.979524360508
3.98096192385e-08 -0.00554316205078 1.01208762617 0.979523969883
4.03907815631e-08 -0.00554317901442 1.01208772829 0.979523579259
4.09719438878e-08 -0.00554319597805 1.0120878304 0.979523188634
4.15531062124e-08 -0.00554321294169 1.01208793251 0.979522798009
4.21342685371e-08 -0.00554322990533 1.01208803463 0.979522407385
4.27154308617e-08 -0.0055432427504 1.01208828722 0.979521891933
4.32965931864e-08 -0.00554325542486 1.01208854604 0.979521371311
4.3877755511e-08 -0.00554326809932 1.01208880487 0.979520850689
4.44589178357e-08 -0.00554328077378 1.01208906369 0.979520330067
4.50400801603e-08 -0.00554329344823 1.01208932252 0.979519809444
4.5621242485e-08 -0.00554330612269 1.01208958134 0.979519288822
4.62024048096e-08 -0.00554331879715 1.01208984016 0.9795187682
4.67835671343e-08 -0.00554333147161 1.01209009899 0.979518247577
4.73647294589e-08 -0.00554334414607 1.01209035781 0.979517726955
4.79458917836e-08 -0.00554335250942 1.01209077868 0.97951706249
4.85270541082e-08 -0.00554335832943 1.01209129515 0.979516313164
4.91082164329e-08 -0.00554336414944 1.01209181161 0.979515563838
4.96893787575e-08 -0.00554336996945 1.01209232808 0.979514814512
5.02705410822e-08 -0.00554337578946 1.01209284454 0.979514065187
5.08517034068e-08 -0.00554338160948 1.01209336101 0.979513315861
5.14328657315e-08 -0.00554338742949 1.01209387747 0.979512566535
5.20140280561e-08 -0.0055433932495 1.01209439394 0.97951181721
5.25951903808e-08 -0.00554339906951 1.0120949104 0.979511067884
5.31763527054e-08 -0.0055433969547 1.01209573009 0.979510039385
5.37575150301e-08 -0.0055433918456 1.0120966642 0.979508905539
5.43386773547e-08 -0.0055433867365 1.01209759831 0.979507771692
5.49198396794e-08 -0.0055433816274 1.01209853242 0.979506637845
5.5501002004e-08 -0.00554337651831 1.01209946653 0.979505503998
5.60821643287e-08 -0.00554337140921 1.01210040064 0.979504370152
5.66633266533e-08 -0.00554336630011 1.01210133475 0.979503236305
5.7244488978e-08 -0.00554336119101 1.01210226886 0.979502102458
5.78256513026e-08 -0.00554335208809 1.01210335706 0.979500823831
5.84068136273e-08 -0.00554332974846 1.01210495598 0.979499065356
5.89879759519e-08 -0.00554330740883 1.01210655489 0.979497306882
5.95691382766e-08 -0.00554328506919 1.01210815381 0.979495548408
6.01503006012e-08 -0.00554326272956 1.01210975273 0.979493789934
6.07314629259e-08 -0.00554324038993 1.01211135165 0.97949203146
6.13126252505e-08 -0.00554321805029 1.01211295056 0.979490272986
6.18937875752e-08 -0.00554319571066 1.01211454948 0.979488514511
6.24749498998e-08 -0.00554316996312 1.01211628063 0.979486630352
6.30561122244e-08 -0.00554312088893 1.0121189169 0.979483885894
6.36372745491e-08 -0.00554307181474 1.01212155317 0.979481141436
6.42184368737e-08 -0.00554302274054 1.01212418944 0.979478396978
6.47995991984e-08 -0.00554297366635 1.01212682571 0.97947565252
6.5380761523e-08 -0.00554292459215 1.01212946198 0.979472908062
6.59619238477e-08 -0.00554287551796 1.01213209824 0.979470163605
6.65430861723e-08 -0.00554282644376 1.01213473451 0.979467419147
6.7124248497e-08 -0.00554276127245 1.0121379975 0.979464074992
6.77054108216e-08 -0.00554267146472 1.01214221967 0.97945981301
6.82865731463e-08 -0.00554258165699 1.01214644184 0.979455551028
6.88677354709e-08 -0.00554249184925 1.01215066402 0.979451289046
6.94488977956e-08 -0.00554240204152 1.01215488619 0.979447027064
7.00300601202e-08 -0.00554231223379 1.01215910836 0.979442765082
7.06112224449e-08 -0.00554222242606 1.01216333053 0.9794385031
7.11923847695e-08 -0.00554213153214 1.01216759508 0.979434200407
7.17735470942e-08 -0.00554198082954 1.01217419306 0.97942765607
7.23547094188e-08 -0.00554183012694 1.01218079104 0.979421111733
7.29358717435e-08 -0.00554167942433 1.01218738902 0.979414567396
7.35170340681e-08 -0.00554152872173 1.01219398699 0.979408023059
7.40981963928e-08 -0.00554137801913 1.01220058497 0.979401478721
7.46793587174e-08 -0.00554122731653 1.01220718295 0.979394934384
7.52605210421e-08 -0.00554107661393 1.01221378093 0.979388390047
7.58416833667e-08 -0.00554083845819 1.01222379546 0.979378555985
7.64228456914e-08 -0.00554059843992 1.01223388276 0.97936865186
7.7004008016e-08 -0.00554035842166 1.01224397006 0.979358747736
7.75851703407e-08 -0.00554011840339 1.01225405736 0.979348843611
7.81663326653e-08 -0.00553987838513 1.01226414465 0.979338939487
7.874749499e-08 -0.00553963836686 1.01227423195 0.979329035362
7.93286573146e-08 -0.00553936446261 1.0122856443 0.979317853742
7.99098196393e-08 -0.00553899587606 1.01230075903 0.979303102617
8.04909819639e-08 -0.00553862728951 1.01231587376 0.979288351492
8.10721442886e-08 -0.00553825870295 1.01233098849 0.979273600368
8.16533066132e-08 -0.0055378901164 1.01234610322 0.979258849243
8.22344689379e-08 -0.00553752152985 1.01236121795 0.979244098118
8.28156312625e-08 -0.0055371529433 1.01237633268 0.979229346993
8.33967935872e-08 -0.00553662874796 1.01239753645 0.979208721858
8.39779559118e-08 -0.00553607843003 1.01241976241 0.979187110632
8.45591182365e-08 -0.0055355281121 1.01244198837 0.979165499406
8.51402805611e-08 -0.00553497779417 1.01246421433 0.979143888181
8.57214428858e-08 -0.00553442747624 1.01248644029 0.979122276955
8.63026052104e-08 -0.0055338771583 1.01250866624 0.979100665729
8.68837675351e-08 -0.00553313928785 1.01253823561 0.979071969764
8.74649298597e-08 -0.0055323365692 1.01257034404 0.979040824179
8.80460921844e-08 -0.00553153385055 1.01260245247 0.979009678594
8.8627254509e-08 -0.0055307311319 1.0126345609 0.978978533009
8.92084168337e-08 -0.00552992841325 1.01266666933 0.978947387423
8.97895791583e-08 -0.00552912569461 1.01269877775 0.978916241838
9.0370741483e-08 -0.00552800914414 1.0127431812 0.978873238267
9.09519038076e-08 -0.00552686175026 1.012788793 0.978829069291
9.15330661323e-08 -0.00552571435637 1.01283440481 0.978784900316
9.21142284569e-08 -0.00552456696249 1.01288001661 0.978740731341
9.26953907816e-08 -0.00552341956861 1.01292562841 0.978696562366
9.32765531062e-08 -0.00552211207811 1.01297751645 0.978646344714
9.38577154309e-08 -0.00552050156974 1.01304128363 0.978584678621
9.44388777555e-08 -0.00551889106137 1.01310505081 0.978523012527
9.50200400802e-08 -0.005517280553 1.01316881799 0.978461346433
9.56012024048e-08 -0.00551567004463 1.01323258517 0.978399680339
9.61823647295e-08 -0.00551403728001 1.01329722553 0.978337173699
9.67635270541e-08 -0.00551181410613 1.0133850296 0.978252369211
9.73446893788e-08 -0.00550959093225 1.01347283367 0.978167564724
9.79258517034e-08 -0.00550736775836 1.01356063773 0.978082760236
9.85070140281e-08 -0.00550514458448 1.0136484418 0.977997955748
9.90881763527e-08 -0.0055029214106 1.01373624587 0.97791315126
9.96693386774e-08 -0.00549992308952 1.01385449069 0.977799092136
1.00250501002e-07 -0.00549690135654 1.01397365492 0.977684149429
1.00831663327e-07 -0.00549387962356 1.01409281915 0.977569206722
1.01412825651e-07 -0.00549085789057 1.01421198338 0.977454264015
1.01993987976e-07 -0.00548769498252 1.01433669833 0.977333998634
1.02575150301e-07 -0.00548364707192 1.01449620984 0.977180366305
1.03156312625e-07 -0.00547959916132 1.01465572135 0.977026733976
1.0373747495e-07 -0.00547555125072 1.01481523286 0.976873101647
1.04318637275e-07 -0.00547150334012 1.01497474437 0.976719469319
1.04899799599e-07 -0.00546677073192 1.01516121724 0.976540057345
1.05480961924e-07 -0.00546142192277 1.01537195429 0.976337444703
1.06062124248e-07 -0.00545607311361 1.01558269133 0.976134832061
1.06643286573e-07 -0.00545072430445 1.01579342837 0.975932219419
1.07224448898e-07 -0.0054451691455 1.01601230604 0.975721851248
1.07805611222e-07 -0.00543819241631 1.01628726555 0.975458054245
1.08386773547e-07 -0.00543121568712 1.01656222506 0.975194257242
1.08967935872e-07 -0.00542423895794 1.01683718457 0.974930460239
1.09549098196e-07 -0.00541726222875 1.01711214408 0.974666663236
1.10130260521e-07 -0.00540841598547 1.01746102731 0.974332759126
1.10711422846e-07 -0.00539942718044 1.01781554767 0.973993508924
1.1129258517e-07 -0.0053904383754 1.01817006802 0.973654258723
1.11873747495e-07 -0.00538144957037 1.01852458838 0.973315008521
1.1245490982e-07 -0.00537018934139 1.01896917813 0.972890816016
1.13036072144e-07 -0.00535874288754 1.01942115231 0.972459659435
1.13617234469e-07 -0.00534729643369 1.01987312649 0.972028502854
1.14198396794e-07 -0.00533554381129 1.02033728273 0.971585935573
1.14779559118e-07 -0.00532112916607 1.02090735751 0.971044156451
1.15360721443e-07 -0.00530671452085 1.0214774323 0.97050237733
1.15941883768e-07 -0.00529229987563 1.02204750708 0.969960598208
1.16523046092e-07 -0.00527626284763 1.02268239865 0.969358600758
1.17104208417e-07 -0.00525830184018 1.02339415628 0.968685190554
1.17685370741e-07 -0.00524034083273 1.02410591392 0.968011780349
1.18266533066e-07 -0.00522237982528 1.02481767155 0.967338370144
1.18847695391e-07 -0.00520031243322 1.02569428218 0.966513283227
1.19428857715e-07 -0.00517815763847 1.02657440164 0.965684967934
1.2001002004e-07 -0.00515600284372 1.0274545211 0.964856652641
1.20591182365e-07 -0.00513060431381 1.02846560433 0.963909210328
1.21172344689e-07 -0.00510353856789 1.02954400037 0.962900539073
1.21753507014e-07 -0.00507647282196 1.03062239641 0.961891867818
1.22334669339e-07 -0.00504659153929 1.0318152217 0.96078048621
1.22915831663e-07 -0.00501382866865 1.03312516068 0.95956398471
1.23496993988e-07 -0.004981065798 1.03443509967 0.958347483211
1.24078156313e-07 -0.00494520302574 1.0358719878 0.957018771457
1.24659318637e-07 -0.00490588982374 1.03745018014 0.95556516103
1.25240480962e-07 -0.00486657662174 1.03902837247 0.954111550603
1.25821643287e-07 -0.00482285051581 1.04078886244 0.952499616497
1.26402805611e-07 -0.00477606996042 1.04267553212 0.950778096576
1.26983967936e-07 -0.00472928940504 1.0445622018 0.949056576655
1.27565130261e-07 -0.00467540775509 1.04674511924 0.947082852947
1.28146292585e-07 -0.00462018342231 1.04898405153 0.945061442267
1.2872745491e-07 -0.00456290086804 1.05130980389 0.942967761872
1.29308617234e-07 -0.00449820245929 1.0539483724 0.9406136908
1.29889779559e-07 -0.00443350405055 1.05658694092 0.938259619728
1.30470941884e-07 -0.00436127222595 1.0595472202 0.93564439603
1.31052104208e-07 -0.00428602209591 1.06263639471 0.932924540064
1.31633266533e-07 -0.00420697281111 1.06589003358 0.930074847212
1.32214428858e-07 -0.00412005335538 1.06948436994 0.926956189667
1.32795591182e-07 -0.0040325337039 1.07310507978 0.923817341185
1.33376753507e-07 -0.00393279544629 1.07726269292 0.92026745161
1.33957915832e-07 -0.00383305718868 1.08142030607 0.916717562036
1.34539078156e-07 -0.00372110879414 1.0861232637 0.912763973779
1.35120240481e-07 -0.00360737899924 1.09090578447 0.908751487823
1.35701402806e-07 -0.00348153151513 1.09623915733 0.904345876259
1.3628256513e-07 -0.00335262314575 1.10171167347 0.899840962564
1.36863727455e-07 -0.0032103034173 1.10780554293 0.894909817656
1.3744488978e-07 -0.00306502425553 1.11403652405 0.889884617936
1.38026052104e-07 -0.00290339832162 1.12104041001 0.884351328532
1.38607214429e-07 -0.0027381363627 1.12821871911 0.878706806306
1.39188376754e-07 -0.00255656361427 1.13618509174 0.872567304749
1.39769539078e-07 -0.00236682692894 1.14455503897 0.866186323795
1.40350701403e-07 -0.00216536572477 1.15350457397 0.859458545727
1.40931863727e-07 -0.00194771406637 1.16327397703 0.852264781243
1.41513026052e-07 -0.00172069178104 1.17352378369 0.844805057872
1.42094188377e-07 -0.00147611792954 1.18468509201 0.836854614454
1.42675350701e-07 -0.00121504475509 1.19672609053 0.828456802199
1.43256513026e-07 -0.000940362796463 1.20950294106 0.8196959995
1.43837675351e-07 -0.000648510776744 1.22322057437 0.81048443982
1.44418837675e-07 -0.000333350883524 1.23825182809 0.800681389307
1.45e-07 0 1.25429108474 0.790403497216
