-1.45e-07 0.0249506682101 1.23743949561 0.803233716789
-1.44418837675e-07 0.0246123371104 1.22141556425 0.81381213837
-1.43837675351e-07 0.0242912972564 1.20641615261 0.823894148004
-1.43256513026e-07 0.023991474566 1.19269716192 0.833384548511
-1.42675350701e-07 0.0237081548853 1.17994824806 0.842399423227
-1.42094188377e-07 0.0234384435921 1.16798706457 0.851014590766
-1.41513026052e-07 0.0231813430725 1.15674805263 0.859254468199
-1.40931863727e-07 0.0229427239419 1.14654403019 0.866929153696
-1.40350701403e-07 0.0227152653122 1.13695129645 0.874253229111
-1.39769539078e-07 0.0224975501586 1.12788887116 0.881268833844
-1.39188376754e-07 0.022293623971 1.11956609877 0.887840237409
-1.38607214429e-07 0.0221006224848 1.11181796871 0.894051365495
-1.38026052104e-07 0.0219150266644 1.10445680862 0.900016310844
-1.3744488978e-07 0.0217413064369 1.09770895532 0.905580972387
-1.36863727455e-07 0.021576180439 1.0913974062 0.910849998051
-1.3628256513e-07 0.0214166088618 1.0853673424 0.915927549055
-1.35701402806e-07 0.0212689627972 1.07993311411 0.920587026247
-1.35120240481e-07 0.0211262586187 1.07474216003 0.925070175946
-1.34539078156e-07 0.0209902130085 1.06987898727 0.929315746578
-1.33957915832e-07 0.0208623509011 1.06541315476 0.933264506059
-1.33376753507e-07 0.0207376396199 1.06109991874 0.937098635659
-1.32795591182e-07 0.0206221485975 1.05722869076 0.940593221417
-1.32214428858e-07 0.0205095837557 1.05349609759 0.94397851254
-1.31633266533e-07 0.0204031373607 1.05005338052 0.947135275918
-1.31052104208e-07 0.020301180455 1.04682106476 0.950122133817
-1.30470941884e-07 0.0202030167156 1.04376651692 0.952965438694
-1.29889779559e-07 0.0201102892918 1.04096420531 0.955600472224
-1.29308617234e-07 0.0200196904613 1.03826065698 0.958153956959
-1.2872745491e-07 0.0199349646006 1.03582710436 0.960479862695
-1.28146292585e-07 0.0198512564704 1.03344033948 0.962766331124
-1.27565130261e-07 0.0197734449287 1.03132236546 0.964821862811
-1.26983967936e-07 0.0196959959925 1.0292209205 0.966863193249
-1.26402805611e-07 0.0196241421057 1.02737253521 0.968683206632
-1.25821643287e-07 0.0195523625836 1.02552751339 0.970500278451
-1.25240480962e-07 0.0194856300463 1.02390912233 0.972115840928
-1.24659318637e-07 0.0194189707775 1.02229402133 0.97372847804
-1.24078156313e-07 0.0193566334103 1.02087170082 0.975167032247
-1.23496993988e-07 0.019294584624 1.01946225259 0.976593962637
-1.22915831663e-07 0.0192360162334 1.01820708868 0.977879533138
-1.22334669339e-07 0.0191781062095 1.01698110986 0.979138363393
-1.21753507014e-07 0.0191227706469 1.01586859481 0.980291795981
-1.21172344689e-07 0.0190685642799 1.0148058466 0.981398999646
-1.20591182365e-07 0.0190160057932 1.01381532797 0.982438223337
-1.2001002004e-07 0.0189651030704 1.01289738447 0.983409141835
-1.19428857715e-07 0.0189149370364 1.01201156276 0.984349444434
-1.18847695391e-07 0.0188669714467 1.01122168686 0.985198299214
-1.18266533066e-07 0.0188190058569 1.01043181096 0.986047153994
-1.17685370741e-07 0.0187735124458 1.00974918433 0.986792522786
-1.17104208417e-07 0.018728149331 1.00907221029 0.987532437344
-1.16523046092e-07 0.0186841532981 1.00845424872 0.988214714923
-1.15941883768e-07 0.0186410881623 1.00787647094 0.988857745338
-1.15360721443e-07 0.0185983959961 1.00731471287 0.98948493821
-1.14779559118e-07 0.0185573527867 1.00682378036 0.990042110855
-1.14198396794e-07 0.0185163095773 1.00633284785 0.990599283499
-1.13617234469e-07 0.0184765378404 1.00589624957 0.991102072348
-1.13036072144e-07 0.0184372672155 1.00548106546 0.991583427486
-1.1245490982e-07 0.0183982939724 1.00507852217 0.992051967995
-1.11873747495e-07 0.0183605715666 1.00472914826 0.992466608028
-1.1129258517e-07 0.0183228491608 1.00437977435 0.992881248061
-1.10711422846e-07 0.0182859450428 1.00406498791 0.993260353565
-1.10130260521e-07 0.0182495697455 1.00377255371 0.99361649478
-1.09549098196e-07 0.0182131944481 1.00348011951 0.993972635995
-1.08967935872e-07 0.0181779423169 1.00323487099 0.994279606051
-1.08386773547e-07 0.0181427345747 1.00299148731 0.994584632794
-1.07805611222e-07 0.0181077831124 1.00275879842 0.994878342802
-1.07224448898e-07 0.018073583267 1.0025574752 0.995138863103
-1.06643286573e-07 0.0180393834217 1.00235615197 0.995399383405
-1.06062124248e-07 0.0180056019716 1.00217215889 0.995641256854
-1.05480961924e-07 0.0179722686427 1.00200672724 0.99586315863
-1.04899799599e-07 0.0179389353138 1.00184129558 0.996085060406
-1.04318637275e-07 0.0179060813758 1.00169555395 0.996285382231
-1.0373747495e-07 0.0178734898987 1.00156059237 0.996473889282
-1.03156312625e-07 0.0178408984217 1.0014256308 0.996662396334
-1.02575150301e-07 0.0178087767063 1.00130977925 0.996829525072
-1.01993987976e-07 0.0177768176319 1.00120054399 0.996989252203
-1.01412825651e-07 0.0177448585576 1.00109130872 0.997148979335
-1.00831663327e-07 0.0177133133687 1.00099872538 0.997289644212
-1.00250501002e-07 0.0176818910323 1.00091108478 0.997424650897
-9.96693386774e-08 0.0176504686959 1.00082344418 0.997559657581
-9.90881763527e-08 0.0176193771783 1.0007489441 0.997679225175
-9.85070140281e-08 0.0175884083426 1.00067931708 0.997793067282
-9.79258517034e-08 0.017557439507 1.00060969007 0.997906909389
-9.73446893788e-08 0.0175267057245 1.00054926125 0.998009619867
-9.67635270541e-08 0.0174961183014 1.0004945598 0.998105399069
-9.61823647295e-08 0.0174655308783 1.00043985836 0.998201178271
-9.56012024048e-08 0.0174350806819 1.00039043367 0.99829035194
-9.50200400802e-08 0.0174048125353 1.0003480093 0.998370762484
-9.44388777555e-08 0.0173745443887 1.00030558493 0.998451173028
-9.38577154309e-08 0.0173443210222 1.00026484727 0.99852938851
-9.32765531062e-08 0.0173143188541 1.00023244137 0.998596761144
-9.26953907816e-08 0.0172843166861 1.00020003546 0.998664133778
-9.21142284569e-08 0.0172543145181 1.00016762956 0.998731506413
-9.15330661323e-08 0.0172244953931 1.00014195136 0.998789722494
-9.09519038076e-08 0.0171947137139 1.00011764947 0.998846065388
-9.0370741483e-08 0.0171649320346 1.00009334758 0.998902408281
-8.97895791583e-08 0.0171352255415 1.00007172956 0.998954903687
-8.92084168337e-08 0.0171056257228 1.0000539194 0.999001940267
-8.8627254509e-08 0.017076025904 1.00003610925 0.999048976848
-8.80460921844e-08 0.0170464260852 1.0000182991 0.999096013428
-8.74649298597e-08 0.017016963003 1.00000520166 0.999135872822
-8.68837675351e-08 0.0169875124133 0.999992534775 0.999175076497
-8.63026052104e-08 0.0169580618236 0.999979867894 0.999214280172
-8.57214428858e-08 0.0169286522662 0.999968556463 0.99925126806
-8.51402805611e-08 0.0168993234865 0.99995991343 0.999283893856
-8.45591182365e-08 0.0168699947069 0.999951270396 0.999316519653
-8.39779559118e-08 0.0168406659272 0.999942627363 0.99934914545
-8.33967935872e-08 0.0168114037237 0.999936072598 0.999378060187
-8.28156312625e-08 0.0167821738398 0.999930531595 0.999405173372
-8.22344689379e-08 0.016752943956 0.999924990591 0.999432286556
-8.16533066132e-08 0.0167237140722 0.999919449587 0.999459399741
-8.10721442886e-08 0.0166945579183 0.999916078043 0.999482255109
-8.04909819639e-08 0.0166654078872 0.999912886657 0.999504756895
-7.99098196393e-08 0.0166362578561 0.99990969527 0.999527258682
-7.93286573146e-08 0.0166071132887 0.999906652285 0.999549432274
-7.874749499e-08 0.016578027374 0.999905202351 0.999568082757
-7.81663326653e-08 0.0165489414592 0.999903752417 0.999586733241
-7.75851703407e-08 0.0165198555445 0.999902302484 0.999605383724
-7.7004008016e-08 0.0164907776558 0.999901049362 0.999623530584
-7.64228456914e-08 0.0164617429291 0.999900854656 0.999638969056
-7.58416833667e-08 0.0164327082023 0.999900659949 0.999654407528
-7.52605210421e-08 0.0164036734756 0.999900465243 0.999669846
-7.46793587174e-08 0.0163746442717 0.999900388973 0.999684920766
-7.40981963928e-08 0.0163456501744 0.99990106556 0.999697683585
-7.35170340681e-08 0.016316656077 0.999901742147 0.999710446405
-7.29358717435e-08 0.0162876619796 0.999902418735 0.999723209224
-7.23547094188e-08 0.016258668538 0.999903107031 0.999735926501
-7.17735470942e-08 0.0162297064987 0.999904356079 0.999746462714
-7.11923847695e-08 0.0162007444594 0.999905605127 0.999756998928
-7.06112224449e-08 0.0161717824202 0.999906854176 0.999767535141
-7.00300601202e-08 0.0161428203809 0.999908103224 0.999778071354
-6.94488977956e-08 0.0161138786606 0.999909630103 0.999787111451
-6.88677354709e-08 0.0160849417644 0.999911222943 0.999795796344
-6.82865731463e-08 0.0160560048681 0.999912815783 0.999804481237
-6.77054108216e-08 0.0160270679719 0.999914408624 0.99981316613
-6.7124248497e-08 0.0159981408104 0.999916087097 0.999821087051
-6.65430861723e-08 0.0159692235132 0.999917852342 0.999828233837
-6.59619238477e-08 0.015940306216 0.999919617588 0.999835380623
-6.5380761523e-08 0.0159113889188 0.999921382834 0.999842527409
-6.47995991984e-08 0.015882472894 0.999923152041 0.99984956718
-6.42184368737e-08 0.0158535707797 0.999924964558 0.999855437007
-6.36372745491e-08 0.0158246686653 0.999926777076 0.999861306834
-6.30561122244e-08 0.0157957665509 0.999928589593 0.999867176662
-6.24749498998e-08 0.0157668644366 0.999930402111 0.999873046489
-6.18937875752e-08 0.01573796895 0.999932191396 0.999878315585
-6.13126252505e-08 0.0157090785234 0.999933962944 0.999883126058
-6.07314629259e-08 0.0156801880968 0.999935734492 0.999887936532
-6.01503006012e-08 0.0156512976702 0.99993750604 0.999892747006
-5.95691382766e-08 0.0156224072436 0.999939277587 0.999897557479
-5.89879759519e-08 0.0155935252568 0.999940954539 0.99990153899
-5.84068136273e-08 0.0155646437702 0.999942625885 0.999905471379
-5.78256513026e-08 0.0155357622835 0.999944297231 0.999909403768
-5.7244488978e-08 0.0155068807969 0.999945968577 0.999913336158
-5.66633266533e-08 0.0154780007523 0.999947610843 0.999917114216
-5.60821643287e-08 0.0154491260599 0.99994914519 0.999920319517
-5.5501002004e-08 0.0154202513674 0.999950679536 0.999923524819
-5.49198396794e-08 0.015391376675 0.999952213883 0.999926730121
-5.43386773547e-08 0.0153625019825 0.99995374823 0.999929935422
-5.37575150301e-08 0.0153336291836 0.999955224701 0.999932918778
-5.31763527054e-08 0.0153047596211 0.999956602255 0.999935522791
-5.25951903808e-08 0.0152758900586 0.999957979809 0.999938126805
-5.20140280561e-08 0.0152470204961 0.999959357362 0.999940730818
-5.14328657315e-08 0.0152181509336 0.999960734916 0.999943334831
-5.08517034068e-08 0.0151892829565 0.999962044893 0.999945734298
-5.02705410822e-08 0.015160417242 0.999963258429 0.999947841851
-4.96893787575e-08 0.0151315515275 0.999964471966 0.999949949403
-4.91082164329e-08 0.015102685813 0.999965685502 0.999952056956
-4.85270541082e-08 0.0150738200985 0.999966899039 0.999954164508
-4.79458917836e-08 0.0150449553539 0.999968057692 0.999956133681
-4.73647294589e-08 0.0150160925069 0.999969108974 0.999957832138
-4.67835671343e-08 0.0149872296598 0.999970160257 0.999959530594
-4.62024048096e-08 0.0149583668127 0.99997121154 0.99996122905
-4.5621242485e-08 0.0149295039656 0.999972262822 0.999962927506
-4.50400801603e-08 0.0149006414265 0.999973291706 0.999964577162
-4.44589178357e-08 0.014871780702 0.999974188636 0.999965939323
-4.3877755511e-08 0.0148429199775 0.999975085566 0.999967301483
-4.32965931864e-08 0.014814059253 0.999975982496 0.999968663644
-4.27154308617e-08 0.0147851985285 0.999976879426 0.999970025805
-4.21342685371e-08 0.014756337804 0.999977776356 0.999971387966
-4.15531062124e-08 0.0147274783746 0.999978555001 0.999972521392
-4.09719438878e-08 0.0146986192109 0.99997930938 0.999973607891
-4.03907815631e-08 0.0146697600471 0.99998006376 0.999974694391
-3.98096192385e-08 0.0146409008834 0.999980818139 0.99997578089
-3.92284569138e-08 0.0146120417197 0.999981572518 0.99997686739
-3.86472945892e-08 0.0145831829999 0.99998227684 0.9999778662
-3.80661322645e-08 0.0145543249762 0.999982902653 0.999978727479
-3.74849699399e-08 0.0145254669524 0.999983528466 0.999979588759
-3.69038076152e-08 0.0144966089287 0.999984154279 0.999980450038
-3.63226452906e-08 0.014467750905 0.999984780091 0.999981311318
-3.57414829659e-08 0.0144388928813 0.999985405904 0.999982172597
-3.51603206413e-08 0.0144100355366 0.999985938381 0.999982883368
-3.45791583166e-08 0.0143811783399 0.999986450495 0.999983561304
-3.3997995992e-08 0.0143523211432 0.99998696261 0.99998423924
-3.34168336673e-08 0.0143234639465 0.999987474724 0.999984917176
-3.28356713427e-08 0.0142946067498 0.999987986839 0.999985595112
-3.2254509018e-08 0.0142657496255 0.999988486943 0.99998625499
-3.16733466934e-08 0.0142368930246 0.999988900158 0.999986784238
-3.10921843687e-08 0.0142080364237 0.999989313374 0.999987313486
-3.05110220441e-08 0.0141791798228 0.999989726589 0.999987842733
-2.99298597194e-08 0.0141503232218 0.999990139804 0.999988371981
-2.93486973948e-08 0.0141214666209 0.99999055302 0.999988901229
-2.87675350701e-08 0.0140926101427 0.999990941811 0.99998939589
-2.81863727455e-08 0.0140637539678 0.999991270178 0.999989804989
-2.76052104208e-08 0.014034897793 0.999991598545 0.999990214088
-2.70240480962e-08 0.0140060416181 0.999991926913 0.999990623187
-2.64428857715e-08 0.0139771854433 0.99999225528 0.999991032286
-2.58617234469e-08 0.0139483292684 0.999992583648 0.999991441385
-2.52805611222e-08 0.0139194731893 0.999992889187 0.999991819794
-2.46993987976e-08 0.0138906173165 0.999993145542 0.99999213208
-2.41182364729e-08 0.0138617614438 0.999993401897 0.999992444367
-2.35370741483e-08 0.013832905571 0.999993658252 0.999992756654
-2.29559118236e-08 0.0138040496982 0.999993914607 0.99999306894
-2.2374749499e-08 0.0137751938255 0.999994170962 0.999993381227
-2.17935871743e-08 0.0137463379963 0.999994414833 0.999993677486
-2.12124248497e-08 0.0137174823355 0.999994610486 0.99999391184
-2.0631262525e-08 0.0136886266747 0.999994806139 0.999994146195
-2.00501002004e-08 0.013659771014 0.999995001792 0.999994380549
-1.94689378758e-08 0.0136309153532 0.999995197445 0.999994614903
-1.88877755511e-08 0.0136020596924 0.999995393097 0.999994849257
-1.83066132265e-08 0.0135732040316 0.99999558875 0.999995083611
-1.77254509018e-08 0.0135443485101 0.999995735815 0.999995258174
-1.71442885772e-08 0.0135154929958 0.999995880349 0.999995429623
-1.65631262525e-08 0.0134866374815 0.999996024882 0.999995601071
-1.59819639279e-08 0.0134577819672 0.999996169416 0.99999577252
-1.54008016032e-08 0.0134289264529 0.99999631395 0.999995943969
-1.48196392786e-08 0.0134000709387 0.999996458484 0.999996115417
-1.42384769539e-08 0.0133712154784 0.999996579227 0.999996258771
-1.36573146293e-08 0.0133423600628 0.99999668036 0.999996378966
-1.30761523046e-08 0.0133135046471 0.999996781493 0.99999649916
-1.249498998e-08 0.0132846492314 0.999996882626 0.999996619355
-1.19138276553e-08 0.0132557938157 0.999996983758 0.999996739549
-1.13326653307e-08 0.0132269384001 0.999997084891 0.999996859744
-1.0751503006e-08 0.0131980829844 0.999997186024 0.999996979938
-1.01703406814e-08 0.0131692276312 0.999997249673 0.999997057717
-9.58917835671e-09 0.0131403722784 0.99999731314 0.999997135289
-9.00801603206e-09 0.0131115169255 0.999997376606 0.999997212861
-8.42685370741e-09 0.0130826615727 0.999997440073 0.999997290433
-7.84569138277e-09 0.0130538062198 0.999997503539 0.999997368005
-7.26452905812e-09 0.0130249508669 0.999997567006 0.999997445577
-6.68336673347e-09 0.0129960955241 0.999997620667 0.99999751256
-6.10220440882e-09 0.012967240206 0.999997650078 0.999997553359
-5.52104208417e-09 0.012938384888 0.99999767949 0.999997594157
-4.93987975952e-09 0.0129095295699 0.999997708901 0.999997634955
-4.35871743487e-09 0.0128806742518 0.999997738313 0.999997675753
-3.77755511022e-09 0.0128518189338 0.999997767724 0.999997716552
-3.19639278557e-09 0.0128229636157 0.999997797136 0.99999775735
-2.61523046092e-09 0.0127941083021 0.999997812683 0.99999778394
-2.03406813627e-09 0.0127652529946 0.999997809312 0.999997791142
-1.45290581162e-09 0.0127363976871 0.999997805941 0.999997798343
-8.71743486974e-10 0.0127075423797 0.99999780257 0.999997805545
-2.90581162324e-10 0.0126786870722 0.999997799199 0.999997812747
2.90581162325e-10 0.0126498317647 0.999997795828 0.999997819949
8.71743486974e-10 0.0126209764572 0.999997792457 0.999997827151
1.45290581162e-09 0.0125921211444 0.999997775534 0.999997821226
2.03406813627e-09 0.0125632658235 0.999997737971 0.99999779531
2.61523046092e-09 0.0125344105026 0.999997700407 0.999997769394
3.19639278557e-09 0.0125055551817 0.999997662843 0.999997743478
3.77755511022e-09 0.0124766998608 0.99999762528 0.999997717562
4.35871743487e-09 0.0124478445399 0.999997587716 0.999997691646
4.93987975952e-09 0.012418989219 0.999997550153 0.99999766573
5.52104208417e-09 0.0123901338896 0.99999750465 0.999997632553
6.10220440882e-09 0.0123612785269 0.999997428248 0.999997571118
6.68336673347e-09 0.0123324231642 0.999997351846 0.999997509683
7.26452905812e-09 0.0123035678015 0.999997275445 0.999997448248
7.84569138277e-09 0.0122747124388 0.999997199043 0.999997386813
8.42685370742e-09 0.0122458570762 0.999997122641 0.999997325378
9.00801603206e-09 0.0122170017135 0.99999704624 0.999997263942
9.58917835671e-09 0.0121881463508 0.999996969838 0.999997202507
1.01703406814e-08 0.0121592909202 0.999996853309 0.999997106367
1.0751503006e-08 0.012130435477 0.999996729322 0.999997003776
1.13326653307e-08 0.0121015800338 0.999996605335 0.999996901186
1.19138276553e-08 0.0120727245906 0.999996481348 0.999996798596
1.249498998e-08 0.0120438691474 0.999996357361 0.999996696005
1.30761523046e-08 0.0120150137042 0.999996233374 0.999996593415
1.36573146293e-08 0.011986158261 0.999996109387 0.999996490825
1.42384769539e-08 0.0119573027749 0.999995966319 0.999996372613
1.48196392786e-08 0.0119284471927 0.999995780564 0.999996219455
1.54008016032e-08 0.0118995916106 0.999995594809 0.999996066296
1.59819639279e-08 0.0118707360284 0.999995409054 0.999995913138
1.65631262525e-08 0.0118418804463 0.999995223299 0.99999575998
1.71442885772e-08 0.0118130248641 0.999995037545 0.999995606821
1.77254509018e-08 0.0117841692819 0.99999485179 0.999995453663
1.83066132265e-08 0.0117553136998 0.999994666035 0.999995300505
1.88877755511e-08 0.0117264579788 0.999994430453 0.999995108836
1.94689378758e-08 0.0116976021643 0.999994161274 0.999994891201
2.00501002004e-08 0.0116687463497 0.999993892095 0.999994673565
2.06312625251e-08 0.0116398905351 0.999993622915 0.99999445593
2.12124248497e-08 0.0116110347206 0.999993353736 0.999994238294
2.17935871743e-08 0.011582178906 0.999993084557 0.999994020659
2.2374749499e-08 0.0115533230914 0.999992815377 0.999993803023
2.29559118236e-08 0.0115244672769 0.999992546198 0.999993585387
2.35370741483e-08 0.0114956111896 0.999992195575 0.999993308805
2.41182364729e-08 0.0114667549876 0.999991810733 0.999993007457
2.46993987976e-08 0.0114378987857 0.999991425891 0.999992706108
2.52805611222e-08 0.0114090425838 0.999991041049 0.999992404759
2.58617234469e-08 0.0113801863818 0.999990656207 0.99999210341
2.64428857715e-08 0.0113513301799 0.999990271365 0.999991802061
2.70240480962e-08 0.011322473978 0.999989886524 0.999991500712
2.76052104208e-08 0.011293617776 0.999989501682 0.999991199363
2.81863727455e-08 0.0112647611676 0.999989014756 0.999990829845
2.87675350701e-08 0.0112359043156 0.999988466658 0.999990419476
2.93486973948e-08 0.0112070474636 0.99998791856 0.999990009107
2.99298597194e-08 0.0111781906115 0.999987370462 0.999989598738
3.05110220441e-08 0.0111493337595 0.999986822363 0.999989188369
3.10921843687e-08 0.0111204769075 0.999986274265 0.999988778
3.16733466934e-08 0.0110916200555 0.999985726167 0.999988367631
3.2254509018e-08 0.0110627632035 0.999985178069 0.999987957262
3.28356713427e-08 0.0110339059582 0.999984546716 0.999987496798
3.34168336673e-08 0.0110050480024 0.999983764982 0.999986945848
3.3997995992e-08 0.0109761900467 0.999982983248 0.999986394898
3.45791583166e-08 0.010947332091 0.999982201514 0.999985843949
3.51603206413e-08 0.0109184741353 0.99998141978 0.999985292999
3.57414829659e-08 0.0108896161796 0.999980638046 0.999984742049
3.63226452906e-08 0.0108607582239 0.999979856312 0.9999841911
3.69038076152e-08 0.0108319002682 0.999979074577 0.99998364015
3.74849699399e-08 0.0108030423125 0.999978292843 0.9999830892
3.80661322645e-08 0.0107741826613 0.999977208815 0.999982380246
3.86472945892e-08 0.0107453228065 0.999976088496 0.999981652323
3.92284569138e-08 0.0107164629518 0.999974968176 0.999980924399
3.98096192385e-08 0.010687603097 0.999973847856 0.999980196476
4.03907815631e-08 0.0106587432422 0.999972727536 0.999979468553
4.09719438878e-08 0.0106298833875 0.999971607216 0.999978740629
4.15531062124e-08 0.0106010235327 0.999970486897 0.999978012706
4.21342685371e-08 0.010572163678 0.999969366577 0.999977284783
4.27154308617e-08 0.0105433030606 0.999968131828 0.999976507848
4.32965931864e-08 0.0105144398916 0.999966514268 0.999975566953
4.3877755511e-08 0.0104855767226 0.999964896708 0.999974626057
4.44589178357e-08 0.0104567135537 0.999963279148 0.999973685161
4.50400801603e-08 0.0104278503847 0.999961661588 0.999972744265
4.5621242485e-08 0.0103989872158 0.999960044028 0.99997180337
4.62024048096e-08 0.0103701240468 0.999958426468 0.999970862474
4.67835671343e-08 0.0103412608779 0.999956808908 0.999969921578
4.73647294589e-08 0.0103123977089 0.999955191348 0.999968980682
4.79458917836e-08 0.0102835324063 0.999953304169 0.999967954332
4.85270541082e-08 0.0102546633694 0.999950945085 0.999966778412
4.91082164329e-08 0.0102257943324 0.999948586 0.999965602493
4.96893787575e-08 0.0101969252955 0.999946226916 0.999964426573
5.02705410822e-08 0.0101680562585 0.999943867832 0.999963250654
5.08517034068e-08 0.0101391872215 0.999941508748 0.999962074734
5.14328657315e-08 0.0101103181846 0.999939149663 0.999960898815
5.20140280561e-08 0.0100814491476 0.999936790579 0.999959722896
5.25951903808e-08 0.0100525801107 0.999934431495 0.999958546976
5.31763527054e-08 0.0100237080332 0.999931747553 0.99995730989
5.37575150301e-08 0.00999482845503 0.999928262194 0.999955921907
5.43386773547e-08 0.00996594887682 0.999924776835 0.999954533924
5.49198396794e-08 0.00993706929861 0.999921291476 0.999953145941
5.5501002004e-08 0.00990818972041 0.999917806117 0.999951757958
5.60821643287e-08 0.0098793101422 0.999914320758 0.999950369975
5.66633266533e-08 0.00985043056399 0.999910835399 0.999948981992
5.7244488978e-08 0.00982155098578 0.99990735004 0.99994759401
5.78256513026e-08 0.00979267140758 0.999903864681 0.999946206027
5.84068136273e-08 0.00976379182937 0.999900379322 0.999944818044
5.89879759519e-08 0.009734893045 0.99989514592 0.99994335313
5.95691382766e-08 0.00970599425528 0.999889912032 0.999941888195
6.01503006012e-08 0.00967709546556 0.999884678143 0.99994042326
6.07314629259e-08 0.00964819667584 0.999879444254 0.999938958325
6.13126252505e-08 0.00961929788612 0.999874210365 0.99993749339
6.18937875752e-08 0.0095903990964 0.999868976476 0.999936028454
6.24749498998e-08 0.00956150030668 0.999863742587 0.999934563519
6.30561122244e-08 0.00953260151695 0.999858508699 0.999933098584
6.36372745491e-08 0.00950370272723 0.99985327481 0.999931633649
6.42184368737e-08 0.00947478644681 0.999846669461 0.999930321901
6.47995991984e-08 0.00944585213829 0.999838650513 0.999929168046
6.5380761523e-08 0.00941691782976 0.999830631564 0.999928014191
6.59619238477e-08 0.00938798352123 0.999822612616 0.999926860336
6.65430861723e-08 0.0093590492127 0.999814593668 0.999925706481
6.7124248497e-08 0.00933011490418 0.99980657472 0.999924552626
6.77054108216e-08 0.00930118059565 0.999798555772 0.999923398771
6.82865731463e-08 0.00927224628712 0.999790536823 0.999922244917
6.88677354709e-08 0.00924331197859 0.999782517875 0.999921091062
6.94488977956e-08 0.00921437767006 0.999774498927 0.999919937207
7.00300601202e-08 0.00918539264269 0.999763002705 0.999919729606
7.06112224449e-08 0.00915639172434 0.999750417002 0.999919818481
7.11923847695e-08 0.00912739080599 0.9997378313 0.999919907356
7.17735470942e-08 0.00909838988765 0.999725245597 0.999919996231
7.23547094188e-08 0.0090693889693 0.999712659894 0.999920085106
7.29358717435e-08 0.00904038805096 0.999700074191 0.999920173981
7.35170340681e-08 0.00901138713261 0.999687488488 0.999920262856
7.40981963928e-08 0.00898238621427 0.999674902785 0.999920351731
7.46793587174e-08 0.00895338529592 0.999662317082 0.999920440606
7.52605210421e-08 0.00892438437758 0.999649731379 0.999920529481
7.58416833667e-08 0.00889528191951 0.999630951655 0.999923274952
7.64228456914e-08 0.00886615430597 0.999610637423 0.999926678569
7.7004008016e-08 0.00883702669243 0.99959032319 0.999930082186
7.75851703407e-08 0.00880789907889 0.999570008957 0.999933485803
7.81663326653e-08 0.00877877146535 0.999549694725 0.99993688942
7.874749499e-08 0.00874964385181 0.999529380492 0.999940293037
7.93286573146e-08 0.00872051623827 0.99950906626 0.999943696654
7.99098196393e-08 0.00869138862473 0.999488752027 0.999947100271
8.04909819639e-08 0.00866226101119 0.999468437794 0.999950503888
8.10721442886e-08 0.00863313339765 0.999448123562 0.999953907505
8.16533066132e-08 0.00860385741268 0.999419603905 0.999962017622
8.22344689379e-08 0.00857448540425 0.999385773838 0.999973173706
8.28156312625e-08 0.00854511339582 0.999351943771 0.99998432979
8.33967935872e-08 0.0085157413874 0.999318113705 0.999995485874
8.39779559118e-08 0.00848636937897 0.999284283638 1.00000664196
8.45591182365e-08 0.00845699737054 0.999250453571 1.00001779804
8.51402805611e-08 0.00842762536211 0.999216623504 1.00002895413
8.57214428858e-08 0.00839825335369 0.999182793437 1.00004011021
8.63026052104e-08 0.00836888134526 0.99914896337 1.00005126629
8.68837675351e-08 0.00833950933683 0.999115133303 1.00006242238
8.74649298597e-08 0.00831005468398 0.999077082047 1.00007653166
8.80460921844e-08 0.00828020458028 0.999018832541 1.00010477189
8.8627254509e-08 0.00825035447657 0.998960583034 1.00013301213
8.92084168337e-08 0.00822050437286 0.998902333527 1.00016125237
8.97895791583e-08 0.00819065426915 0.99884408402 1.0001894926
9.0370741483e-08 0.00816080416545 0.998785834513 1.00021773284
9.09519038076e-08 0.00813095406174 0.998727585007 1.00024597307
9.15330661323e-08 0.00810110395803 0.9986693355 1.00027421331
9.21142284569e-08 0.00807125385432 0.998611085993 1.00030245355
9.26953907816e-08 0.00804140375062 0.998552836486 1.00033069378
9.32765531062e-08 0.00801155364691 0.998494586979 1.00035893402
9.38577154309e-08 0.00798123585639 0.998413899597 1.00040520737
9.44388777555e-08 0.00795043728702 0.998310146233 1.00047001864
9.50200400802e-08 0.00791963871765 0.998206392869 1.0005348299
9.56012024048e-08 0.00788884014828 0.998102639505 1.00059964117
9.61823647295e-08 0.00785804157891 0.997998886141 1.00066445244
9.67635270541e-08 0.00782724300955 0.997895132777 1.00072926371
9.73446893788e-08 0.00779644444018 0.997791379413 1.00079407498
9.79258517034e-08 0.00776564587081 0.99768762605 1.00085888624
9.85070140281e-08 0.00773484730144 0.997583872686 1.00092369751
9.90881763527e-08 0.00770404873207 0.997480119322 1.00098850878
9.96693386774e-08 0.00767325016271 0.997376365958 1.00105332005
1.00250501002e-07 0.00764137913189 0.997223600267 1.00116157411
1.00831663327e-07 0.00760867236679 0.997032640867 1.00130368173
1.01412825651e-07 0.00757596560168 0.996841681467 1.00144578935
1.01993987976e-07 0.00754325883658 0.996650722067 1.00158789697
1.02575150301e-07 0.00751055207148 0.996459762667 1.00173000459
1.03156312625e-07 0.00747784530638 0.996268803266 1.00187211221
1.0373747495e-07 0.00744513854128 0.996077843866 1.00201421983
1.04318637275e-07 0.00741243177617 0.995886884466 1.00215632745
1.04899799599e-07 0.00737972501107 0.995695925066 1.00229843507
1.05480961924e-07 0.00734701824597 0.995504965666 1.00244054268
1.06062124248e-07 0.00731431148087 0.995314006266 1.0025826503
1.06643286573e-07 0.00728014954724 0.995059051632 1.00278568057
1.07224448898e-07 0.00724354925645 0.994696863208 1.00309079605
1.07805611222e-07 0.00720694896565 0.994334674784 1.00339591153
1.08386773547e-07 0.00717034867486 0.99397248636 1.003701027
1.08967935872e-07 0.00713374838406 0.993610297936 1.00400614248
1.09549098196e-07 0.00709714809327 0.993248109512 1.00431125796
1.10130260521e-07 0.00706054780247 0.992885921088 1.00461637344
1.10711422846e-07 0.00702394751168 0.992523732664 1.00492148891
1.1129258517e-07 0.00698734722088 0.992161544239 1.00522660439
1.11873747495e-07 0.00695074693009 0.991799355815 1.00553171987
1.1245490982e-07 0.00691414663929 0.991437167391 1.00583683535
1.13036072144e-07 0.00687754634849 0.991074978967 1.00614195082
1.13617234469e-07 0.00683351519342 0.990396706163 1.0067660129
1.14198396794e-07 0.00678885697201 0.989691760031 1.00741698984
1.14779559118e-07 0.00674419875059 0.988986813899 1.00806796678
1.15360721443e-07 0.00669954052918 0.988281867767 1.00871894371
1.15941883768e-07 0.00665488230777 0.987576921635 1.00936992065
1.16523046092e-07 0.00661022408635 0.986871975503 1.01002089759
1.17104208417e-07 0.00656556586494 0.986167029371 1.01067187453
1.17685370741e-07 0.00652090764353 0.985462083239 1.01132285147
1.18266533066e-07 0.00647624942211 0.984757137108 1.01197382841
1.18847695391e-07 0.0064315912007 0.984052190976 1.01262480534
1.19428857715e-07 0.00638693297928 0.983347244844 1.01327578228
1.2001002004e-07 0.00633887180068 0.982502603221 1.01407660931
1.20591182365e-07 0.00627729631817 0.981103183148 1.01547254218
1.21172344689e-07 0.00621572083567 0.979703763075 1.01686847504
1.21753507014e-07 0.00615414535316 0.978304343002 1.01826440791
1.22334669339e-07 0.00609256987066 0.976904922929 1.01966034078
1.22915831663e-07 0.00603099438815 0.975505502856 1.02105627364
1.23496993988e-07 0.00596941890564 0.974106082782 1.02245220651
1.24078156313e-07 0.00590784342314 0.972706662709 1.02384813937
1.24659318637e-07 0.00584626794063 0.971307242636 1.02524407224
1.25240480962e-07 0.00578469245813 0.969907822563 1.02664000511
1.25821643287e-07 0.00572311697562 0.96850840249 1.02803593797
1.26402805611e-07 0.00566154149312 0.967108982417 1.02943187084
1.26983967936e-07 0.00559260243797 0.965422137183 1.03116510958
1.27565130261e-07 0.00549498718213 0.962615962787 1.0342119296
1.28146292585e-07 0.00539737192628 0.959809788391 1.03725874962
1.2872745491e-07 0.00529975667044 0.957003613994 1.04030556964
1.29308617234e-07 0.0052021414146 0.954197439598 1.04335238966
1.29889779559e-07 0.00510452615875 0.951391265202 1.04639920967
1.30470941884e-07 0.00500691090291 0.948585090806 1.04944602969
1.31052104208e-07 0.00490929564707 0.945778916409 1.05249284971
1.31633266533e-07 0.00481168039122 0.942972742013 1.05553966973
1.32214428858e-07 0.00471406513538 0.940166567617 1.05858648975
1.32795591182e-07 0.00461644987954 0.937360393221 1.06163330976
1.33376753507e-07 0.0045188346237 0.934554218824 1.06468012978
1.33957915832e-07 0.00442121936785 0.931748044428 1.0677269498
1.34539078156e-07 0.0042514762894 0.926370310289 1.07434538865
1.35120240481e-07 0.00407590061389 0.920784627659 1.08125264549
1.35701402806e-07 0.00390032493838 0.91519894503 1.08815990234
1.3628256513e-07 0.00372474926287 0.909613262401 1.09506715919
1.36863727455e-07 0.00354917358736 0.904027579772 1.10197441604
1.3744488978e-07 0.00337359791185 0.898441897142 1.10888167288
1.38026052104e-07 0.00319802223634 0.892856214513 1.11578892973
1.38607214429e-07 0.00302244656083 0.887270531884 1.12269618658
1.39188376754e-07 0.00284687088532 0.881684849254 1.12960344343
1.39769539078e-07 0.00267129520981 0.876099166625 1.13651070027
1.40350701403e-07 0.0024957195343 0.870513483996 1.14341795712
1.40931863727e-07 0.00232014385879 0.864927801366 1.15032521397
1.41513026052e-07 0.00208327466653 0.857377059983 1.16054772098
1.42094188377e-07 0.00173606222211 0.846288734443 1.17673848541
1.42675350701e-07 0.00138884977768 0.835200408904 1.19292924983
1.43256513026e-07 0.00104163733326 0.824112083365 1.20912001425
1.43837675351e-07 0.000694424888842 0.813023757826 1.22531077867
1.44418837675e-07 0.000347212444421 0.801935432287 1.2415015431
1.45e-07 0 0.790847106748 1.25769230752
