-1.45e-07 0.0237792152513 1.31926087686 0.751650223524
-1.44418837675e-07 0.0233476222076 1.29749677298 0.764321490875
-1.43837675351e-07 0.0229386434996 1.27715875301 0.776439421994
-1.43256513026e-07 0.0225574360255 1.25861060568 0.787905561802
-1.42675350701e-07 0.0221978520173 1.24140964831 0.798841612393
-1.42094188377e-07 0.0218561118651 1.22529853603 0.80932898479
-1.41513026052e-07 0.0215309160718 1.21018390494 0.819393114128
-1.40931863727e-07 0.0212299969233 1.19648965208 0.828813511833
-1.40350701403e-07 0.0209437592987 1.18362986629 0.837830628574
-1.39769539078e-07 0.0206703453292 1.17149293912 0.846491904665
-1.39188376754e-07 0.0204150994001 1.16036078232 0.854637476674
-1.38607214429e-07 0.0201742722545 1.15000575433 0.862361087225
-1.38026052104e-07 0.0199432258525 1.14017329155 0.869795477496
-1.3744488978e-07 0.0197278819632 1.13116688399 0.876757132433
-1.36863727455e-07 0.0195239239497 1.12274598696 0.883366880495
-1.3628256513e-07 0.019327326277 1.11470270286 0.889748515728
-1.35701402806e-07 0.0191465604667 1.10745642651 0.89562877268
-1.35120240481e-07 0.0189723696022 1.1005346379 0.901296064865
-1.34539078156e-07 0.0188070376485 1.09405005562 0.906676413877
-1.33957915832e-07 0.0186526183839 1.08809416768 0.91169586247
-1.33376753507e-07 0.0185024027624 1.08234123989 0.916575748517
-1.32795591182e-07 0.0183645118627 1.0771752395 0.921040128753
-1.32214428858e-07 0.0182305422173 1.07219302381 0.925369948213
-1.31633266533e-07 0.0181047716511 1.06759508957 0.929418410121
-1.31052104208e-07 0.0179850330575 1.06327572738 0.933256475342
-1.30470941884e-07 0.0178703908732 1.0591917305 0.936916776547
-1.29889779559e-07 0.0177630727982 1.05544140306 0.940317746416
-1.29308617234e-07 0.0176586224833 1.05182172413 0.943617174917
-1.2872745491e-07 0.0175621071424 1.04855903208 0.946631736646
-1.28146292585e-07 0.0174669668582 1.04535820251 0.949596933633
-1.27565130261e-07 0.0173798171304 1.04251272741 0.95227160488
-1.26983967936e-07 0.0172931587747 1.03968910452 0.954928410507
-1.26402805611e-07 0.017214105792 1.03720012848 0.957305451109
-1.25821643287e-07 0.0171351538937 1.03471560029 0.959678773304
-1.25240480962e-07 0.0170630844329 1.03253096296 0.961796194275
-1.24659318637e-07 0.0169911148864 1.03035067922 0.963909900259
-1.24078156313e-07 0.0169250586902 1.02842575489 0.965801556705
-1.23496993988e-07 0.0168593973386 1.02651788134 0.967678386519
-1.22915831663e-07 0.0167985144947 1.02481466125 0.969374140616
-1.22334669339e-07 0.016738535574 1.02315015428 0.971035641648
-1.21753507014e-07 0.0166821040785 1.02163642182 0.972561581825
-1.21172344689e-07 0.0166272285344 1.02018882121 0.974028063074
-1.20591182365e-07 0.016574632157 1.01883740957 0.975406765969
-1.2001002004e-07 0.0165243258502 1.01758264709 0.976697270572
-1.19428857715e-07 0.0164750424136 1.0163707708 0.977948093057
-1.18847695391e-07 0.0164288142278 1.01528699295 0.979080387481
-1.18266533066e-07 0.016382586042 1.0142032151 0.980212681905
-1.17685370741e-07 0.0163398042687 1.01326304925 0.981210355289
-1.17104208417e-07 0.0162972041386 1.01233045248 0.982200933463
-1.16523046092e-07 0.0162565178248 1.01147714108 0.983116269371
-1.15941883768e-07 0.0162171346997 1.01067781806 0.98398037002
-1.15360721443e-07 0.0161782759804 1.00990009908 0.984823725043
-1.14779559118e-07 0.0161417357406 1.00921789497 0.985575360436
-1.14198396794e-07 0.0161051955009 1.00853569087 0.986326995828
-1.13617234469e-07 0.0160704510784 1.00792706856 0.987007158866
-1.13036072144e-07 0.0160364144225 1.00734744627 0.987659153258
-1.1245490982e-07 0.0160027997608 1.006785022 0.988294252627
-1.11873747495e-07 0.0159709600777 1.00629493549 0.9888582887
-1.1129258517e-07 0.0159391203945 1.00580484899 0.989422324774
-1.10711422846e-07 0.0159084475601 1.0053620588 0.989939366628
-1.10130260521e-07 0.0158785288049 1.00494983398 0.990426038337
-1.09549098196e-07 0.0158486100496 1.00453760916 0.990912710045
-1.08967935872e-07 0.0158203010176 1.00419026733 0.991334158087
-1.08386773547e-07 0.0157920556041 1.00384548976 0.991753028398
-1.07805611222e-07 0.0157641794287 1.00351550745 0.992156843742
-1.07224448898e-07 0.0157373861541 1.00322891662 0.992516505895
-1.06643286573e-07 0.0157105928795 1.0029423258 0.992876168047
-1.06062124248e-07 0.0156844057179 1.00267986792 0.993210953355
-1.05480961924e-07 0.0156588677325 1.0024432576 0.993519094371
-1.04899799599e-07 0.0156333297471 1.00220664727 0.993827235386
-1.04318637275e-07 0.0156084901963 1.00199765251 0.994106506589
-1.0373747495e-07 0.0155840330303 1.00180377694 0.994369971905
-1.03156312625e-07 0.0155595758643 1.00160990137 0.994633437221
-1.02575150301e-07 0.0155358071619 1.00144303576 0.994868224402
-1.01993987976e-07 0.0155122768196 1.00128552154 0.995093082629
-1.01412825651e-07 0.0154887464774 1.00112800732 0.995317940857
-1.00831663327e-07 0.0154658264506 1.00099422606 0.995517158591
-1.00250501002e-07 0.0154430875821 1.0008674894 0.995708765531
-9.96693386774e-08 0.0154203487135 1.00074075273 0.995900372472
-9.90881763527e-08 0.0153981008018 1.0006329139 0.996071155915
-9.85070140281e-08 0.0153760349583 1.0005320832 0.996234217099
-9.79258517034e-08 0.0153539691148 1.0004312525 0.996397278282
-9.73446893788e-08 0.0153322544373 1.00034377904 0.996545283954
-9.67635270541e-08 0.0153107584185 1.00026462266 0.996683915085
-9.61823647295e-08 0.0152892623997 1.00018546628 0.996822546216
-9.56012024048e-08 0.0152679728229 1.00011405302 0.996952217487
-9.50200400802e-08 0.0152469571191 1.00005291205 0.997070002304
-9.44388777555e-08 0.0152259414153 0.999991771078 0.99718778712
-9.38577154309e-08 0.015204993567 0.999933133106 0.997302585287
-9.32765531062e-08 0.0151843809008 0.999886859076 0.997402630441
-9.26953907816e-08 0.0151637682347 0.999840585046 0.997502675596
-9.21142284569e-08 0.0151431555685 0.999794311016 0.997602720751
-9.15330661323e-08 0.0151228223665 0.999758141312 0.997690264824
-9.09519038076e-08 0.0151025463353 0.999724038684 0.997775251507
-9.0370741483e-08 0.0150822703042 0.999689936056 0.997860238191
-8.97895791583e-08 0.0150621099714 0.999659916416 0.997939951776
-8.92084168337e-08 0.0150421137916 0.999635689729 0.998012183877
-8.8627254509e-08 0.0150221176118 0.999611463042 0.998084415978
-8.80460921844e-08 0.015002121432 0.999587236356 0.998156648078
-8.74649298597e-08 0.0149823374017 0.999570277837 0.998218999486
-8.68837675351e-08 0.0149625727538 0.99955398335 0.998280448179
-8.63026052104e-08 0.0149428081058 0.999537688862 0.998341896872
-8.57214428858e-08 0.0149231076695 0.999523515258 0.998400278851
-8.51402805611e-08 0.0149035336428 0.999513516915 0.998452623567
-8.45591182365e-08 0.0148839596161 0.999503518572 0.998504968284
-8.39779559118e-08 0.0148643855894 0.999493520229 0.998557313
-8.33967935872e-08 0.0148449166894 0.999486839312 0.998604488314
-8.28156312625e-08 0.0148254988239 0.999481768857 0.998649154114
-8.22344689379e-08 0.0148060809583 0.999476698402 0.998693819914
-8.16533066132e-08 0.0147866630927 0.999471627948 0.998738485714
-8.10721442886e-08 0.0147673627534 0.999470058263 0.998777173559
-8.04909819639e-08 0.0147480721738 0.999468779293 0.998815364976
-7.99098196393e-08 0.0147287815942 0.999467500322 0.998853556394
-7.93286573146e-08 0.0147094998107 0.99946646462 0.998891282535
-7.874749499e-08 0.0146903124512 0.999468040365 0.998924014009
-7.81663326653e-08 0.0146711250916 0.999469616109 0.998956745483
-7.75851703407e-08 0.014651937732 0.999471191853 0.998989476958
-7.7004008016e-08 0.0146327634289 0.999473095118 0.999021485859
-7.64228456914e-08 0.0146136593405 0.999476759726 0.999049608905
-7.58416833667e-08 0.0145945552522 0.999480424334 0.999077731952
-7.52605210421e-08 0.0145754511638 0.999484088943 0.999105854998
-7.46793587174e-08 0.0145563561593 0.999487953164 0.999133448489
-7.40981963928e-08 0.0145373188977 0.999493086254 0.999157675783
-7.35170340681e-08 0.0145182816361 0.999498219345 0.999181903078
-7.29358717435e-08 0.0144992443745 0.999503352435 0.999206130372
-7.23547094188e-08 0.0144802082041 0.99950850539 0.999230290153
-7.17735470942e-08 0.0144612242902 0.999514609629 0.999251216732
-7.11923847695e-08 0.0144422403762 0.999520713869 0.999272143312
-7.06112224449e-08 0.0144232564623 0.999526818108 0.999293069891
-7.00300601202e-08 0.0144042725484 0.999532922348 0.99931399647
-6.94488977956e-08 0.0143853228691 0.999539493062 0.999332656396
-6.88677354709e-08 0.0143663813177 0.999546174526 0.999350778181
-6.82865731463e-08 0.0143474397662 0.999552855989 0.999368899965
-6.77054108216e-08 0.0143284982148 0.999559537452 0.99938702175
-6.7124248497e-08 0.0143095732837 0.99956635283 0.999403955477
-6.65430861723e-08 0.0142906651941 0.999573303904 0.999419685342
-6.59619238477e-08 0.0142717571045 0.999580254978 0.999435415206
-6.5380761523e-08 0.0142528490149 0.999587206052 0.999451145071
-6.47995991984e-08 0.0142339431287 0.999594159934 0.999466703281
-6.42184368737e-08 0.0142150613318 0.999601144521 0.999480384886
-6.36372745491e-08 0.0141961795349 0.999608129107 0.99949406649
-6.30561122244e-08 0.014177297738 0.999615113694 0.999507748095
-6.24749498998e-08 0.0141584159411 0.999622098281 0.999521429699
-6.18937875752e-08 0.0141395457991 0.999629001327 0.999534112123
-6.13126252505e-08 0.0141206845548 0.999635842121 0.999546031734
-6.07314629259e-08 0.0141018233106 0.999642682916 0.999557951344
-6.01503006012e-08 0.0140829620664 0.99964952371 0.999569870954
-5.95691382766e-08 0.0140641008221 0.999656364505 0.999581790564
-5.89879759519e-08 0.0140452546681 0.999662947399 0.999592272275
-5.84068136273e-08 0.0140264094082 0.99966951501 0.999602668781
-5.78256513026e-08 0.0140075641484 0.999676082622 0.999613065288
-5.7244488978e-08 0.0139887188885 0.999682650234 0.999623461794
-5.66633266533e-08 0.0139698762545 0.999689140605 0.999633577446
-5.60821643287e-08 0.0139510433652 0.99969534432 0.999642650786
-5.5501002004e-08 0.0139322104759 0.999701548034 0.999651724126
-5.49198396794e-08 0.0139133775867 0.999707751749 0.999660797466
-5.43386773547e-08 0.0138945446974 0.999713955463 0.999669870806
-5.37575150301e-08 0.0138757153254 0.999720002768 0.999678517758
-5.31763527054e-08 0.0138568919651 0.999725782742 0.999686435938
-5.25951903808e-08 0.0138380686048 0.999731562717 0.999694354118
-5.20140280561e-08 0.0138192452444 0.999737342692 0.999702272299
-5.14328657315e-08 0.0138004218841 0.999743122666 0.999710190479
-5.08517034068e-08 0.0137816015347 0.999748713422 0.999717691177
-5.02705410822e-08 0.0137627854821 0.999754034139 0.999724596074
-4.96893787575e-08 0.0137439694295 0.999759354856 0.999731500971
-4.91082164329e-08 0.013725153377 0.999764675572 0.999738405868
-4.85270541082e-08 0.0137063373244 0.999769996289 0.999745310765
-4.79458917836e-08 0.0136875231599 0.999775156023 0.999751913669
-4.73647294589e-08 0.0136687126891 0.999780000821 0.999757925776
-4.67835671343e-08 0.0136499022182 0.99978484562 0.999763937883
-4.62024048096e-08 0.0136310917474 0.999789690418 0.99976994999
-4.5621242485e-08 0.0136122812766 0.999794535217 0.999775962097
-4.50400801603e-08 0.0135934714221 0.999799310613 0.999781859588
-4.44589178357e-08 0.0135746651992 0.999803677155 0.99978708186
-4.3877755511e-08 0.0135558589762 0.999808043696 0.999792304132
-4.32965931864e-08 0.0135370527532 0.999812410237 0.999797526404
-4.27154308617e-08 0.0135182465303 0.999816776779 0.999802748675
-4.21342685371e-08 0.0134994403073 0.99982114332 0.999807970947
-4.15531062124e-08 0.0134806367584 0.999825119851 0.999812611266
-4.09719438878e-08 0.013461833758 0.99982901637 0.999817132196
-4.03907815631e-08 0.0134430307577 0.999832912889 0.999821653126
-3.98096192385e-08 0.0134242277573 0.999836809408 0.999826174056
-3.92284569138e-08 0.013405424757 0.999840705927 0.999830694986
-3.86472945892e-08 0.013386622706 0.999844425566 0.99983497262
-3.80661322645e-08 0.0133678221439 0.999847867788 0.999838868672
-3.74849699399e-08 0.0133490215818 0.99985131001 0.999842764725
-3.69038076152e-08 0.0133302210198 0.999854752232 0.999846660778
-3.63226452906e-08 0.0133114204577 0.999858194455 0.999850556831
-3.57414829659e-08 0.0132926198957 0.999861636677 0.999854452883
-3.51603206413e-08 0.0132738208447 0.999864722942 0.999857890413
-3.45791583166e-08 0.0132550221233 0.999867731552 0.999861227913
-3.3997995992e-08 0.013236223402 0.999870740163 0.999864565414
-3.34168336673e-08 0.0132174246806 0.999873748773 0.999867902914
-3.28356713427e-08 0.0131986259593 0.999876757384 0.999871240415
-3.2254509018e-08 0.0131798274063 0.999879716197 0.99987451708
-3.16733466934e-08 0.0131610300718 0.999882314764 0.999877353654
-3.10921843687e-08 0.0131422327372 0.999884913332 0.999880190228
-3.05110220441e-08 0.0131234354027 0.999887511899 0.999883026803
-2.99298597194e-08 0.0131046380681 0.999890110467 0.999885863377
-2.93486973948e-08 0.0130858407336 0.999892709034 0.999888699951
-2.87675350701e-08 0.0130670436991 0.999895196688 0.999891406718
-2.81863727455e-08 0.013048247407 0.999897409955 0.999893792357
-2.76052104208e-08 0.0130294511149 0.999899623222 0.999896177996
-2.70240480962e-08 0.0130106548228 0.999901836489 0.999898563636
-2.64428857715e-08 0.0129918585307 0.999904049756 0.999900949275
-2.58617234469e-08 0.0129730622386 0.999906263022 0.999903334915
-2.52805611222e-08 0.0129542661941 0.999908361911 0.99990559127
-2.46993987976e-08 0.012935470683 0.999910214374 0.999907569087
-2.41182364729e-08 0.0129166751719 0.999912066837 0.999909546903
-2.35370741483e-08 0.0128978796608 0.9999139193 0.99991152472
-2.29559118236e-08 0.0128790841497 0.999915771763 0.999913502536
-2.2374749499e-08 0.0128602886386 0.999917624225 0.999915480353
-2.17935871743e-08 0.0128414932471 0.999919407228 0.999917381851
-2.12124248497e-08 0.0128226983175 0.999920921939 0.99991898857
-2.0631262525e-08 0.0128039033878 0.999922436649 0.999920595289
-2.00501002004e-08 0.0127851084582 0.99992395136 0.999922202008
-1.94689378758e-08 0.0127663135286 0.999925466071 0.999923808727
-1.88877755511e-08 0.0127475185989 0.999926980782 0.999925415446
-1.83066132265e-08 0.0127287236693 0.999928495493 0.999927022165
-1.77254509018e-08 0.0127099291461 0.99992970872 0.999928305252
-1.71442885772e-08 0.012691134644 0.999930906246 0.999929571485
-1.65631262525e-08 0.012672340142 0.999932103771 0.999930837717
-1.59819639279e-08 0.0126535456399 0.999933301297 0.999932103949
-1.54008016032e-08 0.0126347511379 0.999934498822 0.999933370181
-1.48196392786e-08 0.0126159566359 0.999935696348 0.999934636414
-1.42384769539e-08 0.0125971623019 0.999936729405 0.999935729481
-1.36573146293e-08 0.0125783681064 0.999937626886 0.999936679802
-1.30761523046e-08 0.012559573911 0.999938524367 0.999937630123
-1.249498998e-08 0.0125407797155 0.999939421848 0.999938580444
-1.19138276553e-08 0.0125219855201 0.999940319329 0.999939530766
-1.13326653307e-08 0.0125031913246 0.99994121681 0.999940481087
-1.0751503006e-08 0.0124843971291 0.999942114291 0.999941431408
-1.01703406814e-08 0.0124656031409 0.999942725941 0.99994208571
-9.58917835671e-09 0.0124468091536 0.999943336196 0.999942738566
-9.00801603206e-09 0.0124280151663 0.99994394645 0.999943391422
-8.42685370741e-09 0.0124092211791 0.999944556705 0.999944044278
-7.84569138277e-09 0.0123904271918 0.99994516696 0.999944697134
-7.26452905812e-09 0.0123716332045 0.999945777215 0.999945349991
-6.68336673347e-09 0.0123528392529 0.99994630695 0.999945920668
-6.10220440882e-09 0.0123340453896 0.999946637564 0.99994628812
-5.52104208417e-09 0.0123152515262 0.999946968179 0.999946655573
-4.93987975952e-09 0.0122964576628 0.999947298794 0.999947023025
-4.35871743487e-09 0.0122776637995 0.999947629408 0.999947390477
-3.77755511022e-09 0.0122588699361 0.999947960023 0.999947757929
-3.19639278557e-09 0.0122400760728 0.999948290637 0.999948125382
-2.61523046092e-09 0.0122212822289 0.999948503568 0.999948374361
-2.03406813627e-09 0.0122024884115 0.999948555912 0.999948461675
-1.45290581162e-09 0.0121836945941 0.999948608255 0.99994854899
-8.71743486974e-10 0.0121649007768 0.999948660598 0.999948636304
-2.90581162324e-10 0.0121461069594 0.999948712942 0.999948723619
2.90581162325e-10 0.012127313142 0.999948765285 0.999948810933
8.71743486974e-10 0.0121085193247 0.999948817628 0.999948898248
1.45290581162e-09 0.0120897254941 0.999948757312 0.999948873705
2.03406813627e-09 0.0120709316435 0.999948525405 0.999948678791
2.61523046092e-09 0.0120521377929 0.999948293497 0.999948483878
3.19639278557e-09 0.0120333439422 0.99994806159 0.999948288965
3.77755511022e-09 0.0120145500916 0.999947829682 0.999948094052
4.35871743487e-09 0.011995756241 0.999947597775 0.999947899139
4.93987975952e-09 0.0119769623903 0.999947365867 0.999947704226
5.52104208417e-09 0.0119581685145 0.999947072847 0.999947449545
6.10220440882e-09 0.0119393745408 0.999946541991 0.999946962258
6.68336673347e-09 0.0119205805671 0.999946011135 0.999946474971
7.26452905812e-09 0.0119017865933 0.999945480279 0.999945987684
7.84569138277e-09 0.0118829926196 0.999944949423 0.999945500397
8.42685370742e-09 0.0118641986459 0.999944418566 0.99994501311
9.00801603206e-09 0.0118454046721 0.99994388771 0.999944525823
9.58917835671e-09 0.0118266106984 0.999943356854 0.999944038536
1.01703406814e-08 0.0118078165258 0.999942552699 0.999943288658
1.0751503006e-08 0.0117890223161 0.999941697752 0.999942489978
1.13326653307e-08 0.0117702281065 0.999940842805 0.999941691297
1.19138276553e-08 0.0117514338969 0.999939987857 0.999940892617
1.249498998e-08 0.0117326396873 0.99993913291 0.999940093937
1.30761523046e-08 0.0117138454776 0.999938277963 0.999939295257
1.36573146293e-08 0.011695051268 0.999937423016 0.999938496577
1.42384769539e-08 0.0116762569379 0.99993645626 0.999937592816
1.48196392786e-08 0.0116574623382 0.999935239376 0.999936453979
1.54008016032e-08 0.0116386677385 0.999934022491 0.999935315141
1.59819639279e-08 0.0116198731388 0.999932805606 0.999934176303
1.65631262525e-08 0.011601078539 0.999931588721 0.999933037466
1.71442885772e-08 0.0115822839393 0.999930371836 0.999931898628
1.77254509018e-08 0.0115634893396 0.999929154951 0.999930759791
1.83066132265e-08 0.0115446947399 0.999927938066 0.999929620953
1.88877755511e-08 0.0115258997727 0.999926472993 0.99992825548
1.94689378758e-08 0.0115071045577 0.999924840565 0.999926737185
2.00501002004e-08 0.0114883093427 0.999923208137 0.99992521889
2.06312625251e-08 0.0114695141277 0.999921575709 0.999923700595
2.12124248497e-08 0.0114507189127 0.999919943281 0.9999221823
2.17935871743e-08 0.0114319236977 0.999918310853 0.999920664005
2.2374749499e-08 0.0114131284827 0.999916678425 0.99991914571
2.29559118236e-08 0.0113943332677 0.999915045997 0.999917627415
2.35370741483e-08 0.0113755373762 0.999913069114 0.999915806526
2.41182364729e-08 0.0113567412005 0.999910947505 0.999913858499
2.46993987976e-08 0.0113379450247 0.999908825895 0.999911910472
2.52805611222e-08 0.011319148849 0.999906704285 0.999909962445
2.58617234469e-08 0.0113003526733 0.999904582676 0.999908014418
2.64428857715e-08 0.0112815564976 0.999902461066 0.999906066391
2.70240480962e-08 0.0112627603219 0.999900339456 0.999904118364
2.76052104208e-08 0.0112439641462 0.999898217847 0.999902170338
2.81863727455e-08 0.0112251670259 0.999895727907 0.999899915589
2.87675350701e-08 0.0112063693396 0.999893017248 0.99989747704
2.93486973948e-08 0.0111875716533 0.999890306589 0.999895038491
2.99298597194e-08 0.0111687739669 0.99988759593 0.999892599942
3.05110220441e-08 0.0111499762806 0.999884885271 0.999890161394
3.10921843687e-08 0.0111311785943 0.999882174612 0.999887722845
3.16733466934e-08 0.011112380908 0.999879463953 0.999885284296
3.2254509018e-08 0.0110935832217 0.999876753294 0.999882845747
3.28356713427e-08 0.0110747846758 0.999873784471 0.99988020785
3.34168336673e-08 0.0110559845774 0.999870349332 0.999877209873
3.3997995992e-08 0.011037184479 0.999866914192 0.999874211897
3.45791583166e-08 0.0110183843806 0.999863479052 0.999871213921
3.51603206413e-08 0.0109995842822 0.999860043912 0.999868215945
3.57414829659e-08 0.0109807841838 0.999856608773 0.999865217968
3.63226452906e-08 0.0109619840854 0.999853173633 0.999862219992
3.69038076152e-08 0.010943183987 0.999849738493 0.999859222016
3.74849699399e-08 0.0109243838886 0.999846303354 0.99985622404
3.80661322645e-08 0.0109055802848 0.999842055656 0.999852663498
3.86472945892e-08 0.0108867762601 0.999837710407 0.999849035418
3.92284569138e-08 0.0108679722354 0.999833365158 0.999845407337
3.98096192385e-08 0.0108491682107 0.999829019909 0.999841779257
4.03907815631e-08 0.010830364186 0.99982467466 0.999838151177
4.09719438878e-08 0.0108115601613 0.99982032941 0.999834523097
4.15531062124e-08 0.0107927561367 0.999815984161 0.999830895016
4.21342685371e-08 0.010773952112 0.999811638912 0.999827266936
4.27154308617e-08 0.010755146586 0.99980702446 0.999823480423
4.32965931864e-08 0.0107363360379 0.999801509415 0.999819163888
4.3877755511e-08 0.0107175254898 0.999795994371 0.999814847353
4.44589178357e-08 0.0106987149417 0.999790479326 0.999810530819
4.50400801603e-08 0.0106799043936 0.999784964281 0.999806214284
4.5621242485e-08 0.0106610938454 0.999779449236 0.999801897749
4.62024048096e-08 0.0106422832973 0.999773934191 0.999797581214
4.67835671343e-08 0.0106234727492 0.999768419146 0.999793264679
4.73647294589e-08 0.0106046622011 0.999762904101 0.999788948144
4.79458917836e-08 0.0105858476307 0.999756827682 0.999784375144
4.85270541082e-08 0.0105670260204 0.999749768708 0.99977935326
4.91082164329e-08 0.0105482044102 0.999742709734 0.999774331376
4.96893787575e-08 0.0105293827999 0.99973565076 0.999769309492
5.02705410822e-08 0.0105105611896 0.999728591786 0.999764287608
5.08517034068e-08 0.0104917395793 0.999721532812 0.999759265724
5.14328657315e-08 0.010472917969 0.999714473838 0.99975424384
5.20140280561e-08 0.0104540963587 0.999707414864 0.999749221956
5.25951903808e-08 0.0104352747485 0.99970035589 0.999744200073
5.31763527054e-08 0.0104164476202 0.999692690277 0.999738998596
5.37575150301e-08 0.0103976068791 0.999683528092 0.999733354067
5.43386773547e-08 0.0103787661379 0.999674365907 0.999727709538
5.49198396794e-08 0.0103599253968 0.999665203723 0.999722065009
5.5501002004e-08 0.0103410846557 0.999656041538 0.99971642048
5.60821643287e-08 0.0103222439146 0.999646879353 0.999710775951
5.66633266533e-08 0.0103034031735 0.999637717169 0.999705131422
5.7244488978e-08 0.0102845624324 0.999628554984 0.999699486893
5.78256513026e-08 0.0102657216913 0.999619392799 0.999693842365
5.84068136273e-08 0.0102468809502 0.999610230615 0.999688197836
5.89879759519e-08 0.0102280065119 0.999598094152 0.999682227284
5.95691382766e-08 0.0102091320642 0.99958595686 0.999676256642
6.01503006012e-08 0.0101902576165 0.999573819569 0.999670286
6.07314629259e-08 0.0101713831688 0.999561682277 0.999664315358
6.13126252505e-08 0.0101525087211 0.999549544985 0.999658344716
6.18937875752e-08 0.0101336342734 0.999537407694 0.999652374074
6.24749498998e-08 0.0101147598258 0.999525270402 0.999646403432
6.30561122244e-08 0.0100958853781 0.99951313311 0.99964043279
6.36372745491e-08 0.0100770109304 0.999500995819 0.999634462148
6.42184368737e-08 0.0100581067191 0.999486694123 0.999628692188
6.47995991984e-08 0.0100391718297 0.999470161522 0.999623129076
6.5380761523e-08 0.0100202369402 0.99945362892 0.999617565963
6.59619238477e-08 0.0100013020508 0.999437096318 0.999612002851
6.65430861723e-08 0.0099823671614 0.999420563717 0.999606439739
6.7124248497e-08 0.00996343227198 0.999404031115 0.999600876627
6.77054108216e-08 0.00994449738255 0.999387498514 0.999595313515
6.82865731463e-08 0.00992556249313 0.999370965912 0.999589750403
6.88677354709e-08 0.00990662760371 0.99935443331 0.99958418729
6.94488977956e-08 0.00988769271428 0.999337900709 0.999578624178
7.00300601202e-08 0.00986867390893 0.999316183363 0.999574595659
7.06112224449e-08 0.00984962881147 0.999292841559 0.999571047951
7.11923847695e-08 0.00983058371402 0.999269499756 0.999567500243
7.17735470942e-08 0.00981153861656 0.999246157953 0.999563952535
7.23547094188e-08 0.00979249351911 0.99922281615 0.999560404826
7.29358717435e-08 0.00977344842165 0.999199474347 0.999556857118
7.35170340681e-08 0.00975440332419 0.999176132544 0.99955330941
7.40981963928e-08 0.00973535822674 0.999152790741 0.999549761702
7.46793587174e-08 0.00971631312928 0.999129448937 0.999546213994
7.52605210421e-08 0.00969726803183 0.999106107134 0.999542666285
7.58416833667e-08 0.00967805928622 0.999073889772 0.999543413042
7.64228456914e-08 0.00965880999839 0.999039473577 0.99954522371
7.7004008016e-08 0.00963956071056 0.999005057382 0.999547034378
7.75851703407e-08 0.00962031142273 0.998970641187 0.999548845046
7.81663326653e-08 0.00960106213489 0.998936224992 0.999550655714
7.874749499e-08 0.00958181284706 0.998901808797 0.999552466382
7.93286573146e-08 0.00956256355923 0.998867392602 0.99955427705
7.99098196393e-08 0.00954331427139 0.998832976408 0.999556087718
8.04909819639e-08 0.00952406498356 0.998798560213 0.999557898386
8.10721442886e-08 0.00950481569573 0.998764144018 0.999559709054
8.16533066132e-08 0.00948533315014 0.998718272007 0.999568894328
8.22344689379e-08 0.0094656996441 0.998664985988 0.99958285232
8.28156312625e-08 0.00944606613807 0.998611699969 0.999596810312
8.33967935872e-08 0.00942643263204 0.99855841395 0.999610768305
8.39779559118e-08 0.009406799126 0.998505127931 0.999624726297
8.45591182365e-08 0.00938716561997 0.998451841911 0.999638684289
8.51402805611e-08 0.00936753211394 0.998398555892 0.999652642282
8.57214428858e-08 0.0093478986079 0.998345269873 0.999666600274
8.63026052104e-08 0.00932826510187 0.998291983854 0.999680558266
8.68837675351e-08 0.00930863159584 0.998238697835 0.999694516259
8.74649298597e-08 0.00928887121032 0.998179615608 0.999712937895
8.80460921844e-08 0.00926850371063 0.998092798715 0.999752717924
8.8627254509e-08 0.00924813621093 0.998005981821 0.999792497953
8.92084168337e-08 0.00922776871124 0.997919164928 0.999832277982
8.97895791583e-08 0.00920740121154 0.997832348035 0.999872058012
9.0370741483e-08 0.00918703371185 0.997745531141 0.999911838041
9.09519038076e-08 0.00916666621215 0.997658714248 0.99995161807
9.15330661323e-08 0.00914629871246 0.997571897355 0.999991398099
9.21142284569e-08 0.00912593121276 0.997485080461 1.00003117813
9.26953907816e-08 0.00910556371307 0.997398263568 1.00007095816
9.32765531062e-08 0.00908519621337 0.997311446675 1.00011073819
9.38577154309e-08 0.00906412689006 0.99719417193 1.00017684768
9.44388777555e-08 0.00904233609689 0.997045586724 1.00027002368
9.50200400802e-08 0.00902054530372 0.996897001518 1.00036319969
9.56012024048e-08 0.00899875451055 0.996748416311 1.00045637569
9.61823647295e-08 0.00897696371737 0.996599831105 1.0005495517
9.67635270541e-08 0.0089551729242 0.996451245898 1.0006427277
9.73446893788e-08 0.00893338213103 0.996302660692 1.0007359037
9.79258517034e-08 0.00891159133786 0.996154075485 1.00082907971
9.85070140281e-08 0.00888980054468 0.996005490279 1.00092225571
9.90881763527e-08 0.00886800975151 0.995856905072 1.00101543171
9.96693386774e-08 0.00884621895834 0.995708319866 1.00110860772
1.00250501002e-07 0.00882285377529 0.995493853629 1.00126327889
1.00831663327e-07 0.00879826172149 0.995228048451 1.00146587124
1.01412825651e-07 0.00877366966768 0.994962243274 1.00166846359
1.01993987976e-07 0.00874907761388 0.994696438096 1.00187105594
1.02575150301e-07 0.00872448556007 0.994430632918 1.00207364829
1.03156312625e-07 0.00869989350627 0.99416482774 1.00227624064
1.0373747495e-07 0.00867530145246 0.993899022562 1.002478833
1.04318637275e-07 0.00865070939865 0.993633217384 1.00268142535
1.04899799599e-07 0.00862611734485 0.993367412206 1.0028840177
1.05480961924e-07 0.00860152529104 0.993101607028 1.00308661005
1.06062124248e-07 0.00857693323724 0.99283580185 1.0032892024
1.06643286573e-07 0.00855024971352 0.992484879189 1.00357578721
1.07224448898e-07 0.00852006161245 0.991991329181 1.00400311422
1.07805611222e-07 0.00848987351138 0.991497779173 1.00443044122
1.08386773547e-07 0.00845968541031 0.991004229165 1.00485776823
1.08967935872e-07 0.00842949730923 0.990510679157 1.00528509523
1.09549098196e-07 0.00839930920816 0.990017129149 1.00571242224
1.10130260521e-07 0.00836912110709 0.989523579141 1.00613974924
1.10711422846e-07 0.00833893300602 0.989030029132 1.00656707625
1.1129258517e-07 0.00830874490495 0.988536479124 1.00699440325
1.11873747495e-07 0.00827855680387 0.988042929116 1.00742173026
1.1245490982e-07 0.0082483687028 0.987549379108 1.00784905726
1.13036072144e-07 0.00821818060173 0.9870558291 1.00827638427
1.13617234469e-07 0.00817752742608 0.986147311475 1.00913425437
1.14198396794e-07 0.00813599113701 0.985203776089 1.0100284566
1.14779559118e-07 0.00809445484794 0.984260240704 1.01092265883
1.15360721443e-07 0.00805291855887 0.983316705318 1.01181686106
1.15941883768e-07 0.0080113822698 0.982373169933 1.01271106328
1.16523046092e-07 0.00796984598072 0.981429634547 1.01360526551
1.17104208417e-07 0.00792830969165 0.980486099162 1.01449946774
1.17685370741e-07 0.00788677340258 0.979542563776 1.01539366997
1.18266533066e-07 0.00784523711351 0.978599028391 1.01628787219
1.18847695391e-07 0.00780370082444 0.977655493006 1.01718207442
1.19428857715e-07 0.00776216453536 0.97671195762 1.01807627665
1.2001002004e-07 0.00771592816547 0.975588173629 1.01916983952
1.20591182365e-07 0.00765102617128 0.973748560935 1.0210551315
1.21172344689e-07 0.00758612417709 0.971908948242 1.02294042348
1.21753507014e-07 0.0075212221829 0.970069335548 1.02482571547
1.22334669339e-07 0.00745632018871 0.968229722855 1.02671100745
1.22915831663e-07 0.00739141819451 0.966390110161 1.02859629943
1.23496993988e-07 0.00732651620032 0.964550497468 1.03048159142
1.24078156313e-07 0.00726161420613 0.962710884774 1.0323668834
1.24659318637e-07 0.00719671221194 0.960871272081 1.03425217538
1.25240480962e-07 0.00713181021775 0.959031659387 1.03613746737
1.25821643287e-07 0.00706690822355 0.957192046694 1.03802275935
1.26402805611e-07 0.00700200622936 0.955352434 1.03990805133
1.26983967936e-07 0.00692711991062 0.9531510186 1.04223978646
1.27565130261e-07 0.00681335131171 0.94954062314 1.04631011969
1.28146292585e-07 0.00669958271281 0.945930227681 1.05038045291
1.2872745491e-07 0.0065858141139 0.942319832221 1.05445078614
1.29308617234e-07 0.00647204551499 0.938709436761 1.05852111936
1.29889779559e-07 0.00635827691608 0.935099041301 1.06259145258
1.30470941884e-07 0.00624450831717 0.931488645841 1.06666178581
1.31052104208e-07 0.00613073971826 0.927878250381 1.07073211903
1.31633266533e-07 0.00601697111936 0.924267854921 1.07480245226
1.32214428858e-07 0.00590320252045 0.920657459461 1.07887278548
1.32795591182e-07 0.00578943392154 0.917047064002 1.0829431187
1.33376753507e-07 0.00567566532263 0.913436668542 1.08701345193
1.33957915832e-07 0.00556189672372 0.909826273082 1.09108378515
1.34539078156e-07 0.00535198731782 0.90310250027 1.09993148292
1.35120240481e-07 0.00513430351131 0.896126965032 1.10916550099
1.35701402806e-07 0.0049166197048 0.889151429793 1.11839951905
1.3628256513e-07 0.00469893589829 0.882175894555 1.12763353712
1.36863727455e-07 0.00448125209177 0.875200359317 1.13686755519
1.3744488978e-07 0.00426356828526 0.868224824079 1.14610157326
1.38026052104e-07 0.00404588447875 0.861249288841 1.15533559133
1.38607214429e-07 0.00382820067223 0.854273753603 1.1645696094
1.39188376754e-07 0.00361051686572 0.847298218365 1.17380362747
1.39769539078e-07 0.00339283305921 0.840322683126 1.18303764554
1.40350701403e-07 0.0031751492527 0.833347147888 1.1922716636
1.40931863727e-07 0.00295746544618 0.82637161265 1.20150568167
1.41513026052e-07 0.0026592444959 0.817119760633 1.21525236684
1.42094188377e-07 0.00221603707992 0.803769984239 1.23712295141
1.42675350701e-07 0.00177282966393 0.790420207845 1.25899353599
1.43256513026e-07 0.00132962224795 0.777070431452 1.28086412056
1.43837675351e-07 0.000886414831966 0.763720655058 1.30273470513
1.44418837675e-07 0.000443207415983 0.750370878665 1.3246052897
1.45e-07 0 0.737021102271 1.34647587427
