-1.45e-07 0.0146946313353 1.24368256408 0.800551637962
-1.44418837675e-07 0.0143639068902 1.22793094303 0.810890029341
-1.43837675351e-07 0.0140505129332 1.21318723757 0.820792638962
-1.43256513026e-07 0.0137584472394 1.1996563842 0.830136285866
-1.42675350701e-07 0.0134830272338 1.18704734212 0.839029550423
-1.42094188377e-07 0.0132213629056 1.1751883027 0.847543616308
-1.41513026052e-07 0.0129724650783 1.16401780459 0.85570124424
-1.40931863727e-07 0.0127423403867 1.15383709996 0.86332063958
-1.40350701403e-07 0.0125235941525 1.14424288015 0.870605151173
-1.39769539078e-07 0.0123147931814 1.13515795183 0.877594740441
-1.39188376754e-07 0.0121201037886 1.12678498636 0.884158718564
-1.38607214429e-07 0.0119366383673 1.11896698992 0.890376362716
-1.38026052104e-07 0.0117607925981 1.11152316996 0.89635705194
-1.3744488978e-07 0.0115971968421 1.10467366842 0.901951627761
-1.36863727455e-07 0.0114425030528 1.09824843051 0.907260019096
-1.3628256513e-07 0.0112935653099 1.09209701688 0.912382980082
-1.35701402806e-07 0.0111570329368 1.08652706207 0.917099744576
-1.35120240481e-07 0.0110256639828 1.08119538456 0.921644541535
-1.34539078156e-07 0.0109012520851 1.07618475567 0.925957633923
-1.33957915832e-07 0.0107854294678 1.07156478612 0.929980126161
-1.33376753507e-07 0.0106729170236 1.06709496474 0.93389029629
-1.32795591182e-07 0.0105701275097 1.06306143546 0.937466699104
-1.32214428858e-07 0.0104704386838 1.05916531082 0.940935227232
-1.31633266533e-07 0.0103772331885 1.05555649007 0.944178196634
-1.31052104208e-07 0.0102888087749 1.052157099 0.947252767373
-1.30470941884e-07 0.010204423894 1.04893465493 0.950185058196
-1.29889779559e-07 0.010125858419 1.04596441118 0.952910045541
-1.29308617234e-07 0.0100495715367 1.04309291664 0.955553863061
-1.2872745491e-07 0.00997960516734 1.04049265386 0.957970177269
-1.28146292585e-07 0.00991073408361 1.03793939299 0.960347067284
-1.27565130261e-07 0.00984824409673 1.03565749534 0.96249208057
-1.26983967936e-07 0.00978614650968 1.03339228492 0.964622834804
-1.26402805611e-07 0.00973013842181 1.03138389544 0.966530378311
-1.25821643287e-07 0.00967421127055 1.02937891942 0.968434955085
-1.25240480962e-07 0.00962380972799 1.02760521776 0.970135378697
-1.24659318637e-07 0.00957348840216 1.02583487357 0.971832838563
-1.24078156313e-07 0.00952792793503 1.02426241575 0.973353124582
-1.23496993988e-07 0.00948268535867 1.02270317114 0.974861580396
-1.22915831663e-07 0.0094413011011 1.02130328531 0.976225501885
-1.22334669339e-07 0.00940064669978 1.01993354447 0.977562082638
-1.21753507014e-07 0.00936286517592 1.01868177749 0.978790397266
-1.21172344689e-07 0.00932634373719 1.01748175554 0.979971224824
-1.20591182365e-07 0.00929167380805 1.01635736612 0.981081895326
-1.2001002004e-07 0.00925886424623 1.01530897104 0.982122073137
-1.19428857715e-07 0.00922688830609 1.0142944657 0.983130506015
-1.18847695391e-07 0.00919740234297 1.01338118694 0.984044118718
-1.18266533066e-07 0.00916791637985 1.01246790817 0.98495773142
-1.17685370741e-07 0.00914124862011 1.01166869914 0.985763536291
-1.17104208417e-07 0.00911472939393 1.01087550216 0.986563659145
-1.16523046092e-07 0.0090897806258 1.01014561707 0.987303455025
-1.15941883768e-07 0.00906590124101 1.00945884341 0.988002172022
-1.15360721443e-07 0.00904245375965 1.0087894177 0.988684234361
-1.14779559118e-07 0.00902091579032 1.00819668996 0.989292663872
-1.14198396794e-07 0.008999377821 1.00760396222 0.989901093383
-1.13617234469e-07 0.0089793246089 1.00707066923 0.990452065356
-1.13036072144e-07 0.00895985656851 1.00656080064 0.990980392194
-1.1245490982e-07 0.00894073884928 1.00606491101 0.991495117081
-1.11873747495e-07 0.00892309463953 1.00562781926 0.991952629879
-1.1129258517e-07 0.00890545042977 1.00519072752 0.992410142677
-1.10711422846e-07 0.00888877907217 1.00479233995 0.992829763396
-1.10130260521e-07 0.008872736423 1.00441896507 0.993224896252
-1.09549098196e-07 0.00885669377384 1.00404559018 0.993620029108
-1.08967935872e-07 0.00884199940088 1.00372570235 0.993962488245
-1.08386773547e-07 0.00882735831369 1.0034079284 0.994302865642
-1.07805611222e-07 0.00881302802095 1.00310244962 0.994631065118
-1.07224448898e-07 0.00879960922588 1.00283303013 0.9949235492
-1.06643286573e-07 0.0087861904308 1.00256361064 0.995216033281
-1.06062124248e-07 0.0087732845321 1.00231442556 0.99548836103
-1.05480961924e-07 0.00876092797 1.00208691252 0.99573910038
-1.04899799599e-07 0.0087485714079 1.00185939947 0.99598983973
-1.04318637275e-07 0.00873680929334 1.00165527238 0.996217147445
-1.0373747495e-07 0.0087253726319 1.00146394883 0.996431626612
-1.03156312625e-07 0.00871393597046 1.00127262527 0.996646105779
-1.02575150301e-07 0.00870308900003 1.00110443288 0.996837267744
-1.01993987976e-07 0.00869244619263 1.00094424896 0.99702035682
-1.01412825651e-07 0.00868180338522 1.00078406504 0.997203445896
-1.00831663327e-07 0.00867168701833 1.0006444671 0.997365649061
-1.00250501002e-07 0.00866172691325 1.00051097962 0.997521652721
-9.96693386774e-08 0.00865176680818 1.00037749215 0.997677656381
-9.90881763527e-08 0.00864223352911 1.00026063888 0.997816664537
-9.85070140281e-08 0.00863285853571 1.0001499543 0.997949370021
-9.79258517034e-08 0.0086234835423 1.00003926972 0.998082075505
-9.73446893788e-08 0.00861441656719 0.999940544111 0.998202466749
-9.67635270541e-08 0.0086055413843 0.999849264943 0.998315190347
-9.61823647295e-08 0.00859666620141 0.999757985775 0.998427913944
-9.56012024048e-08 0.00858797394118 0.99967377856 0.998533291346
-9.50200400802e-08 0.00857952435238 0.999598953238 0.998628923033
-9.44388777555e-08 0.00857107476358 0.999524127917 0.998724554721
-9.38577154309e-08 0.00856268600788 0.999451643036 0.998817730752
-9.32765531062e-08 0.00855459774666 0.999390719119 0.998898776691
-9.26953907816e-08 0.00854650948544 0.999329795201 0.99897982263
-9.21142284569e-08 0.00853842122421 0.999268871284 0.999060868569
-9.15330661323e-08 0.00853058695205 0.999217664193 0.999131601099
-9.09519038076e-08 0.00852280463931 0.999168444908 0.999200223779
-9.0370741483e-08 0.00851502232657 0.999119225622 0.999268846459
-8.97895791583e-08 0.00850734687157 0.999074067582 0.99933310053
-8.92084168337e-08 0.00849982302659 0.999034671649 0.999391156408
-8.8627254509e-08 0.00849229918162 0.998995275715 0.999449212286
-8.80460921844e-08 0.00848477533664 0.998955879782 0.999507268164
-8.74649298597e-08 0.00847745121488 0.998924016264 0.999557094553
-8.68837675351e-08 0.00847014534013 0.99889284092 0.999606169083
-8.63026052104e-08 0.00846283946537 0.998861665576 0.999655243613
-8.57214428858e-08 0.00845559544174 0.998832801885 0.999701746426
-8.51402805611e-08 0.00844847318086 0.998808489015 0.999743186445
-8.45591182365e-08 0.00844135091997 0.998784176145 0.999784626465
-8.39779559118e-08 0.00843422865909 0.998759863275 0.999826066485
-8.33967935872e-08 0.00842721049328 0.998739399825 0.999863133057
-8.28156312625e-08 0.008420242861 0.998720805096 0.999898076515
-8.22344689379e-08 0.00841327522871 0.998702210368 0.999933019973
-8.16533066132e-08 0.00840630759642 0.998683615639 0.999967963432
-8.10721442886e-08 0.00839946028638 0.998669415571 0.999997791322
-8.04909819639e-08 0.00839262296824 0.998655580447 1.0000271944
-7.99098196393e-08 0.0083857856501 0.998641745324 1.00005659748
-7.93286573146e-08 0.00837895770897 0.998628247796 1.00008559651
-7.874749499e-08 0.00837223042825 0.998618374293 1.00011025821
-7.81663326653e-08 0.00836550314754 0.998608500791 1.0001349199
-7.75851703407e-08 0.00835877586682 0.998598627289 1.00015958159
-7.7004008016e-08 0.0083520632039 0.998589271447 1.00018360396
-7.64228456914e-08 0.00834542915253 0.998582699483 1.00020418821
-7.58416833667e-08 0.00833879510117 0.998576127519 1.00022477245
-7.52605210421e-08 0.00833216104981 0.998569555555 1.00024535669
-7.46793587174e-08 0.00832553778887 0.998563358645 1.00026546127
-7.40981963928e-08 0.00831898311887 0.998559545822 1.00028251675
-7.35170340681e-08 0.00831242844886 0.998555732998 1.00029957224
-7.29358717435e-08 0.00830587377886 0.998551920175 1.00031662773
-7.23547094188e-08 0.00829932050058 0.998548154733 1.00033362026
-7.17735470942e-08 0.00829283387205 0.99854665839 1.00034759807
-7.11923847695e-08 0.00828634724352 0.998545162047 1.00036157587
-7.06112224449e-08 0.00827986061499 0.998543665703 1.00037555367
-7.00300601202e-08 0.00827337398646 0.99854216936 1.00038953147
-6.94488977956e-08 0.00826693488459 0.998542255111 1.00040132032
-6.88677354709e-08 0.00826050706634 0.998542716476 1.00041258948
-6.82865731463e-08 0.00825407924809 0.998543177842 1.00042385863
-6.77054108216e-08 0.00824765142984 0.998543639207 1.00043512778
-6.7124248497e-08 0.00824124911037 0.998544929508 1.00044520092
-6.65430861723e-08 0.00823487262889 0.998547059772 1.00045406214
-6.59619238477e-08 0.00822849614742 0.998549190036 1.00046292335
-6.5380761523e-08 0.00822211966594 0.9985513203 1.00047178457
-6.47995991984e-08 0.008215746982 0.998553571066 1.00048046446
-6.42184368737e-08 0.00820941581461 0.998557139209 1.00048716209
-6.36372745491e-08 0.00820308464721 0.998560707353 1.00049385972
-6.30561122244e-08 0.00819675347981 0.998564275496 1.00050055734
-6.24749498998e-08 0.00819042231242 0.99856784364 1.00050725497
-6.18937875752e-08 0.00818411409752 0.998572122929 1.0005128382
-6.13126252505e-08 0.00817782340547 0.998576945136 1.00051757064
-6.07314629259e-08 0.00817153271343 0.998581767342 1.00052230309
-6.01503006012e-08 0.00816524202138 0.998586589548 1.00052703554
-5.95691382766e-08 0.00815895132933 0.998591411755 1.00053176799
-5.89879759519e-08 0.00815269518004 0.998597280243 1.00053479763
-5.84068136273e-08 0.00814644107762 0.99860321073 1.00053772638
-5.78256513026e-08 0.0081401869752 0.998609141217 1.00054065512
-5.7244488978e-08 0.00813393287278 0.998615071704 1.00054358386
-5.66633266533e-08 0.00812768587214 0.998621212886 1.00054615783
-5.60821643287e-08 0.00812146522768 0.998628136001 1.00054741515
-5.5501002004e-08 0.00811524458323 0.998635059115 1.00054867246
-5.49198396794e-08 0.00810902393878 0.99864198223 1.00054992978
-5.43386773547e-08 0.00810280329433 0.998648905345 1.0005511871
-5.37575150301e-08 0.00809659405919 0.99865616078 1.00055186797
-5.31763527054e-08 0.0080904043245 0.998663984208 1.00055156358
-5.25951903808e-08 0.00808421458981 0.998671807635 1.0005512592
-5.20140280561e-08 0.00807802485512 0.998679631063 1.00055095481
-5.14328657315e-08 0.00807183512043 0.998687454491 1.00055065043
-5.08517034068e-08 0.0080656572513 0.998695618042 1.00054974084
-5.02705410822e-08 0.00805949631583 0.998704266994 1.00054796756
-4.96893787575e-08 0.00805333538036 0.998712915945 1.00054619428
-4.91082164329e-08 0.00804717444488 0.998721564897 1.000544421
-4.85270541082e-08 0.00804101350941 0.998730213848 1.00054264772
-4.79458917836e-08 0.00803486170764 0.99873912099 1.00054040486
-4.73647294589e-08 0.00802872777441 0.998748533236 1.00053724337
-4.67835671343e-08 0.00802259384118 0.998757945483 1.00053408188
-4.62024048096e-08 0.00801645990796 0.998767357729 1.00053092038
-4.5621242485e-08 0.00801032597473 0.998776769976 1.00052775889
-4.50400801603e-08 0.00800419572935 0.998786285165 1.00052440648
-4.44589178357e-08 0.00799808720965 0.998796406809 1.00051992937
-4.3877755511e-08 0.00799197868995 0.998806528453 1.00051545226
-4.32965931864e-08 0.00798587017025 0.998816650096 1.00051097516
-4.27154308617e-08 0.00797976165055 0.99882677174 1.00050649805
-4.21342685371e-08 0.00797365313085 0.998836893383 1.00050202094
-4.15531062124e-08 0.00796756447913 0.998847562866 1.00049650853
-4.09719438878e-08 0.00796147990339 0.998858344739 1.00049078373
-4.03907815631e-08 0.00795539532765 0.998869126612 1.00048505893
-3.98096192385e-08 0.00794931075191 0.998879908486 1.00047933413
-3.92284569138e-08 0.00794322617617 0.998890690359 1.00047360933
-3.86472945892e-08 0.00793715036797 0.9989017108 1.00046742447
-3.80661322645e-08 0.00793108831058 0.998913105406 1.00046051804
-3.74849699399e-08 0.00792502625319 0.998924500011 1.00045361162
-3.69038076152e-08 0.00791896419581 0.998935894616 1.0004467052
-3.63226452906e-08 0.00791290213842 0.998947289222 1.00043979877
-3.57414829659e-08 0.00790684008104 0.998958683827 1.00043289235
-3.51603206413e-08 0.00790079532319 0.998970541677 1.00042507058
-3.45791583166e-08 0.00789475433934 0.998982500586 1.00041704912
-3.3997995992e-08 0.00788871335548 0.998994459496 1.00040902766
-3.34168336673e-08 0.00788267237163 0.999006418405 1.0004010062
-3.28356713427e-08 0.00787663138777 0.999018377314 1.00039298474
-3.2254509018e-08 0.00787059277896 0.999030398493 1.00038483624
-3.16733466934e-08 0.00786457135171 0.999042870139 1.00037576878
-3.10921843687e-08 0.00785854992445 0.999055341786 1.00036670131
-3.05110220441e-08 0.00785252849719 0.999067813432 1.00035763384
-2.99298597194e-08 0.00784650706993 0.999080285079 1.00034856638
-2.93486973948e-08 0.00784048564267 0.999092756725 1.00033949891
-2.87675350701e-08 0.00783446937494 0.999105359682 1.00033015137
-2.81863727455e-08 0.00782846587128 0.999118287488 1.00032011095
-2.76052104208e-08 0.00782246236763 0.999131215293 1.00031007053
-2.70240480962e-08 0.00781645886397 0.999144143098 1.00030003011
-2.64428857715e-08 0.00781045536031 0.999157070904 1.00028998969
-2.58617234469e-08 0.00780445185666 0.999169998709 1.00027994928
-2.52805611222e-08 0.00779845346904 0.999183051096 1.00026962526
-2.46993987976e-08 0.00779246610385 0.999196371891 1.00025869022
-2.41182364729e-08 0.00778647873866 0.999209692687 1.00024775518
-2.35370741483e-08 0.00778049137347 0.999223013482 1.00023682014
-2.29559118236e-08 0.00777450400828 0.999236334278 1.0002258851
-2.2374749499e-08 0.0077685166431 0.999249655073 1.00021495006
-2.17935871743e-08 0.00776253219248 0.99926304207 1.00020384843
-2.12124248497e-08 0.00775655899937 0.999276684769 1.00019210333
-2.0631262525e-08 0.00775058580627 0.999290327468 1.00018035823
-2.00501002004e-08 0.00774461261317 0.999303970167 1.00016861313
-1.94689378758e-08 0.00773863942007 0.999317612866 1.00015686803
-1.88877755511e-08 0.00773266622697 0.999331255565 1.00014512293
-1.83066132265e-08 0.00772669303387 0.999344898264 1.00013337783
-1.77254509018e-08 0.0077207312484 0.999358770795 1.00012094973
-1.71442885772e-08 0.00771477005707 0.999372655298 1.00010848607
-1.65631262525e-08 0.00770880886574 0.9993865398 1.0000960224
-1.59819639279e-08 0.00770284767441 0.999400424302 1.00008355873
-1.54008016032e-08 0.00769688648307 0.999414308804 1.00007109506
-1.48196392786e-08 0.00769092529174 0.999428193306 1.00005863139
-1.42384769539e-08 0.00768496936853 0.999442161017 1.00004582803
-1.36573146293e-08 0.00767901778798 0.999456197319 1.00003274466
-1.30761523046e-08 0.00767306620744 0.999470233622 1.00001966128
-1.249498998e-08 0.00766711462689 0.999484269924 1.00000657791
-1.19138276553e-08 0.00766116304635 0.999498306227 0.999993494533
-1.13326653307e-08 0.00765521146581 0.99951234253 0.999980411158
-1.0751503006e-08 0.00764925988526 0.999526378832 0.999967327783
-1.01703406814e-08 0.00764331525891 0.999540466092 0.999953733628
-9.58917835671e-09 0.0076373706665 0.999554553601 0.999940136978
-9.00801603206e-09 0.00763142607409 0.999568641109 0.999926540329
-8.42685370741e-09 0.00762548148168 0.999582728618 0.999912943679
-7.84569138277e-09 0.00761953688927 0.999596816126 0.99989934703
-7.26452905812e-09 0.00761359229686 0.999610903635 0.999885750381
-6.68336673347e-09 0.00760764889318 0.999624973727 0.999872038755
-6.10220440882e-09 0.00760170842915 0.999639000751 0.999858042799
-5.52104208417e-09 0.00759576796512 0.999653027775 0.999844046842
-4.93987975952e-09 0.00758982750109 0.999667054799 0.999830050886
-4.35871743487e-09 0.00758388703706 0.999681081823 0.99981605493
-3.77755511022e-09 0.00757794657303 0.999695108847 0.999802058973
-3.19639278557e-09 0.007572006109 0.999709135871 0.999788063017
-2.61523046092e-09 0.00756606608122 0.999723085252 0.999773949461
-2.03406813627e-09 0.00756012664873 0.999736928683 0.99975967543
-1.45290581162e-09 0.00755418721624 0.999750772115 0.9997454014
-8.71743486974e-10 0.00754824778375 0.999764615546 0.999731127369
-2.90581162324e-10 0.00754230835127 0.999778458978 0.999716853339
2.90581162325e-10 0.00753636891878 0.999792302409 0.999702579308
8.71743486974e-10 0.00753042948629 0.99980614584 0.999688305278
1.45290581162e-09 0.00752448914339 0.99981986313 0.999673971768
2.03406813627e-09 0.00751854741383 0.999833388292 0.999659547664
2.61523046092e-09 0.00751260568427 0.999846913455 0.99964512356
3.19639278557e-09 0.00750666395471 0.999860438617 0.999630699457
3.77755511022e-09 0.00750072222515 0.99987396378 0.999616275353
4.35871743487e-09 0.00749478049559 0.999887488942 0.999601851249
4.93987975952e-09 0.00748883876604 0.999901014105 0.999587427146
5.52104208417e-09 0.00748289584114 0.99991444431 0.999572999769
6.10220440882e-09 0.00747694826422 0.999927504959 0.999558559654
6.68336673347e-09 0.00747100068731 0.999940565608 0.999544119538
7.26452905812e-09 0.0074650531104 0.999953626257 0.999529679423
7.84569138277e-09 0.00745910553349 0.999966686906 0.999515239308
8.42685370742e-09 0.00745315795658 0.999979747555 0.999500799193
9.00801603206e-09 0.00744721037967 0.999992808204 0.999486359077
9.58917835671e-09 0.00744126280276 1.00000586885 0.999471918962
1.01703406814e-08 0.00743530712586 1.0000184048 0.999457582764
1.0751503006e-08 0.0074293499436 1.00003084323 0.999443265879
1.13326653307e-08 0.00742339276133 1.00004328165 0.999428948994
1.19138276553e-08 0.00741743557906 1.00005572008 0.99941463211
1.249498998e-08 0.00741147839679 1.00006815851 0.999400315225
1.30761523046e-08 0.00740552121452 1.00008059694 0.99938599834
1.36573146293e-08 0.00739956403226 1.00009303537 0.999371681455
1.42384769539e-08 0.00739360266252 1.00010522936 0.999357446951
1.48196392786e-08 0.00738763192488 1.00011687654 0.999343396746
1.54008016032e-08 0.00738166118724 1.00012852372 0.99932934654
1.59819639279e-08 0.0073756904496 1.0001401709 0.999315296335
1.65631262525e-08 0.00736971971196 1.00015181808 0.999301246129
1.71442885772e-08 0.00736374897432 1.00016346526 0.999287195924
1.77254509018e-08 0.00735777823667 1.00017511244 0.999273145718
1.83066132265e-08 0.00735180749903 1.00018675962 0.999259095513
1.88877755511e-08 0.00734582619945 1.0001978265 0.99924529223
1.94689378758e-08 0.00733983777789 1.00020850209 0.999231655448
2.00501002004e-08 0.00733384935633 1.00021917767 0.999218018666
2.06312625251e-08 0.00732786093477 1.00022985326 0.999204381885
2.12124248497e-08 0.00732187251321 1.00024052884 0.999190745103
2.17935871743e-08 0.00731588409165 1.00025120443 0.999177108321
2.2374749499e-08 0.00730989567009 1.00026188001 0.999163471539
2.29559118236e-08 0.00730390724853 1.00027255559 0.999149834758
2.35370741483e-08 0.00729790334476 1.00028241178 0.999136594344
2.41182364729e-08 0.00729189293599 1.00029192369 0.999123520469
2.46993987976e-08 0.00728588252721 1.00030143559 0.999110446594
2.52805611222e-08 0.00727987211843 1.0003109475 0.999097372719
2.58617234469e-08 0.00727386170965 1.00032045941 0.999084298844
2.64428857715e-08 0.00726785130088 1.00032997131 0.999071224968
2.70240480962e-08 0.0072618408921 1.00033948322 0.999058151093
2.76052104208e-08 0.00725583048332 1.00034899513 0.999045077218
2.81863727455e-08 0.00724980351354 1.00035765108 0.999032450724
2.87675350701e-08 0.00724376661973 1.0003657941 0.99902009232
2.93486973948e-08 0.00723772972591 1.00037393713 0.999007733916
2.99298597194e-08 0.00723169283209 1.00038208016 0.998995375511
3.05110220441e-08 0.00722565593828 1.00039022319 0.998983017107
3.10921843687e-08 0.00721961904446 1.00039836621 0.998970658703
3.16733466934e-08 0.00721358215064 1.00040650924 0.998958300298
3.2254509018e-08 0.00720754525683 1.00041465227 0.998945941894
3.28356713427e-08 0.00720149722868 1.00042222852 0.998933894704
3.34168336673e-08 0.00719542908879 1.000428781 0.998922409657
3.3997995992e-08 0.00718936094891 1.00043533349 0.998910924609
3.45791583166e-08 0.00718329280902 1.00044188598 0.998899439561
3.51603206413e-08 0.00717722466914 1.00044843846 0.998887954513
3.57414829659e-08 0.00717115652925 1.00045499095 0.998876469465
3.63226452906e-08 0.00716508838937 1.00046154344 0.998864984417
3.69038076152e-08 0.00715902024948 1.00046809592 0.99885349937
3.74849699399e-08 0.0071529521096 1.00047464841 0.998842014322
3.80661322645e-08 0.0071468514405 1.00047956189 0.998831460068
3.86472945892e-08 0.00714074686613 1.00048427859 0.998821017561
3.92284569138e-08 0.00713464229175 1.00048899529 0.998810575053
3.98096192385e-08 0.00712853771737 1.00049371199 0.998800132546
4.03907815631e-08 0.007122433143 1.0004984287 0.998789690039
4.09719438878e-08 0.00711632856862 1.0005031454 0.998779247531
4.15531062124e-08 0.00711022399425 1.0005078621 0.998768805024
4.21342685371e-08 0.00710411941987 1.0005125788 0.998758362516
4.27154308617e-08 0.00709800508899 1.00051680789 0.998748204477
4.32965931864e-08 0.00709185811863 1.00051940572 0.998738998101
4.3877755511e-08 0.00708571114828 1.00052200354 0.998729791724
4.44589178357e-08 0.00707956417793 1.00052460137 0.998720585348
4.50400801603e-08 0.00707341720757 1.00052719919 0.998711378971
4.5621242485e-08 0.00706727023722 1.00052979702 0.998702172595
4.62024048096e-08 0.00706112326686 1.00053239485 0.998692966219
4.67835671343e-08 0.00705497629651 1.00053499267 0.998683759842
4.73647294589e-08 0.00704882932616 1.0005375905 0.998674553466
4.79458917836e-08 0.007042664242 1.00053929114 0.998665885473
4.85270541082e-08 0.00703646745383 1.00053942146 0.998658159796
4.91082164329e-08 0.00703027066565 1.00053955179 0.998650434119
4.96893787575e-08 0.00702407387748 1.00053968211 0.998642708442
5.02705410822e-08 0.00701787708931 1.00053981244 0.998634982765
5.08517034068e-08 0.00701168030113 1.00053994276 0.998627257088
5.14328657315e-08 0.00700548351296 1.00054007309 0.998619531411
5.20140280561e-08 0.00699928672478 1.00054020341 0.998611805734
5.25951903808e-08 0.00699308993661 1.00054033374 0.998604080057
5.31763527054e-08 0.00698687583363 1.00053961764 0.998596881694
5.37575150301e-08 0.00698061901528 1.00053681342 0.998590984208
5.43386773547e-08 0.00697436219693 1.0005340092 0.998585086721
5.49198396794e-08 0.00696810537858 1.00053120498 0.998579189234
5.5501002004e-08 0.00696184856024 1.00052840076 0.998573291748
5.60821643287e-08 0.00695559174189 1.00052559654 0.998567394261
5.66633266533e-08 0.00694933492354 1.00052279233 0.998561496775
5.7244488978e-08 0.00694307810519 1.00051998811 0.998555599288
5.78256513026e-08 0.00693682128684 1.00051718389 0.998549701802
5.84068136273e-08 0.0069305644685 1.00051437967 0.998543804315
5.89879759519e-08 0.00692423209206 1.00050795592 0.998540284765
5.95691382766e-08 0.00691789969457 1.00050153116 0.998536765878
6.01503006012e-08 0.00691156729708 1.0004951064 0.998533246991
6.07314629259e-08 0.00690523489958 1.00048868164 0.998529728104
6.13126252505e-08 0.00689890250209 1.00048225688 0.998526209217
6.18937875752e-08 0.0068925701046 1.00047583212 0.99852269033
6.24749498998e-08 0.00688623770711 1.00046940736 0.998519171443
6.30561122244e-08 0.00687990530961 1.0004629826 0.998515652556
6.36372745491e-08 0.00687357291212 1.00045655783 0.998512133669
6.42184368737e-08 0.00686719061601 1.00044781033 0.998510251465
6.47995991984e-08 0.0068607568881 1.00043666871 0.998510056232
6.5380761523e-08 0.0068543231602 1.00042552709 0.998509860999
6.59619238477e-08 0.00684788943229 1.00041438547 0.998509665766
6.65430861723e-08 0.00684145570439 1.00040324386 0.998509470534
6.7124248497e-08 0.00683502197649 1.00039210224 0.998509275301
6.77054108216e-08 0.00682858824858 1.00038096062 0.998509080068
6.82865731463e-08 0.00682215452068 1.000369819 0.998508884836
6.88677354709e-08 0.00681572079278 1.00035867738 0.998508689603
6.94488977956e-08 0.00680928706487 1.00034753576 0.99850849437
7.00300601202e-08 0.00680274169516 1.00033137643 0.998512130701
7.06112224449e-08 0.00679616134643 1.00031364496 0.998516967517
7.11923847695e-08 0.0067895809977 1.0002959135 0.998521804333
7.17735470942e-08 0.00678300064896 1.00027818204 0.99852664115
7.23547094188e-08 0.00677642030023 1.00026045058 0.998531477966
7.29358717435e-08 0.00676983995149 1.00024271911 0.998536314782
7.35170340681e-08 0.00676325960276 1.00022498765 0.998541151598
7.40981963928e-08 0.00675667925402 1.00020725619 0.998545988414
7.46793587174e-08 0.00675009890529 1.00018952472 0.998550825231
7.52605210421e-08 0.00674351855655 1.00017179326 0.998555662047
7.58416833667e-08 0.00673675426955 1.00014609001 0.998567085139
7.64228456914e-08 0.00672994441364 1.00011841183 0.998580139917
7.7004008016e-08 0.00672313455774 1.00009073365 0.998593194694
7.75851703407e-08 0.00671632470183 1.00006305547 0.998606249472
7.81663326653e-08 0.00670951484592 1.00003537729 0.99861930425
7.874749499e-08 0.00670270499002 1.00000769911 0.998632359027
7.93286573146e-08 0.00669589513411 0.999980020931 0.998645413805
7.99098196393e-08 0.0066890852782 0.99995234275 0.998658468583
8.04909819639e-08 0.0066822754223 0.99992466457 0.99867152336
8.10721442886e-08 0.00667546556639 0.999896986389 0.998684578138
8.16533066132e-08 0.0066684218169 0.999859493497 0.99870630164
8.22344689379e-08 0.00666122669546 0.999815648691 0.998733635392
8.28156312625e-08 0.00665403157402 0.999771803884 0.998760969144
8.33967935872e-08 0.00664683645258 0.999727959078 0.998788302896
8.39779559118e-08 0.00663964133114 0.999684114272 0.998815636648
8.45591182365e-08 0.0066324462097 0.999640269466 0.9988429704
8.51402805611e-08 0.00662525108826 0.999596424659 0.998870304153
8.57214428858e-08 0.00661805596682 0.999552579853 0.998897637905
8.63026052104e-08 0.00661086084538 0.999508735047 0.998924971657
8.68837675351e-08 0.00660366572395 0.99946489024 0.998952305409
8.74649298597e-08 0.00659635243062 0.999416210761 0.998984130825
8.80460921844e-08 0.00658847368865 0.999344397525 0.999037448705
8.8627254509e-08 0.00658059494668 0.999272584289 0.999090766585
8.92084168337e-08 0.00657271620471 0.999200771054 0.999144084466
8.97895791583e-08 0.00656483746274 0.999128957818 0.999197402346
9.0370741483e-08 0.00655695872077 0.999057144583 0.999250720227
9.09519038076e-08 0.0065490799788 0.998985331347 0.999304038107
9.15330661323e-08 0.00654120123682 0.998913518112 0.999357355987
9.21142284569e-08 0.00653332249485 0.998841704876 0.999410673868
9.26953907816e-08 0.00652544375288 0.998769891641 0.999463991748
9.32765531062e-08 0.00651756501091 0.998698078405 0.999517309628
9.38577154309e-08 0.00650906292172 0.998601230277 0.999594739785
9.44388777555e-08 0.00649992003586 0.99847864645 0.999696957197
9.50200400802e-08 0.00649077714999 0.998356062623 0.999799174609
9.56012024048e-08 0.00648163426412 0.998233478796 0.999901392021
9.61823647295e-08 0.00647249137826 0.998110894969 1.00000360943
9.67635270541e-08 0.00646334849239 0.997988311143 1.00010582684
9.73446893788e-08 0.00645420560653 0.997865727316 1.00020804426
9.79258517034e-08 0.00644506272066 0.997743143489 1.00031026167
9.85070140281e-08 0.0064359198348 0.997620559662 1.00041247908
9.90881763527e-08 0.00642677694893 0.997497975835 1.00051469649
9.96693386774e-08 0.00641763406307 0.997375392008 1.0006169139
1.00250501002e-07 0.0064071366939 0.997199147886 1.00077219006
1.00831663327e-07 0.00639558382002 0.996981088043 1.00096881318
1.01412825651e-07 0.00638403094613 0.996763028199 1.00116543629
1.01993987976e-07 0.00637247807224 0.996544968356 1.0013620594
1.02575150301e-07 0.00636092519835 0.996326908513 1.00155868252
1.03156312625e-07 0.00634937232446 0.99610884867 1.00175530563
1.0373747495e-07 0.00633781945058 0.995890788826 1.00195192875
1.04318637275e-07 0.00632626657669 0.995672728983 1.00214855186
1.04899799599e-07 0.0063147137028 0.99545466914 1.00234517497
1.05480961924e-07 0.00630316082891 0.995236609297 1.00254179809
1.06062124248e-07 0.00629160795502 0.995018549453 1.0027384212
1.06643286573e-07 0.00627829714191 0.994731660567 1.00300466028
1.07224448898e-07 0.00626204063306 0.994329438104 1.00338755153
1.07805611222e-07 0.00624578412422 0.993927215641 1.00377044279
1.08386773547e-07 0.00622952761537 0.993524993179 1.00415333405
1.08967935872e-07 0.00621327110653 0.993122770716 1.0045362253
1.09549098196e-07 0.00619701459768 0.992720548253 1.00491911656
1.10130260521e-07 0.00618075808883 0.99231832579 1.00530200782
1.10711422846e-07 0.00616450157999 0.991916103327 1.00568489907
1.1129258517e-07 0.00614824507114 0.991513880864 1.00606779033
1.11873747495e-07 0.0061319885623 0.991111658401 1.00645068159
1.1245490982e-07 0.00611573205345 0.990709435938 1.00683357284
1.13036072144e-07 0.0060994755446 0.990307213475 1.0072164641
1.13617234469e-07 0.00607458683173 0.989571635359 1.00794568459
1.14198396794e-07 0.00604896967539 0.988807926449 1.00870413066
1.14779559118e-07 0.00602335251905 0.98804421754 1.00946257674
1.15360721443e-07 0.00599773536271 0.98728050863 1.01022102282
1.15941883768e-07 0.00597211820637 0.98651679972 1.0109794689
1.16523046092e-07 0.00594650105003 0.985753090811 1.01173791498
1.17104208417e-07 0.00592088389369 0.984989381901 1.01249636105
1.17685370741e-07 0.00589526673735 0.984225672992 1.01325480713
1.18266533066e-07 0.00586964958101 0.983461964082 1.01401325321
1.18847695391e-07 0.00584403242467 0.982698255172 1.01477169929
1.19428857715e-07 0.00581841526833 0.981934546263 1.01553014537
1.2001002004e-07 0.00578898512668 0.981026777948 1.01644484581
1.20591182365e-07 0.0057444123196 0.979546900594 1.01798008564
1.21172344689e-07 0.00569983951252 0.978067023241 1.01951532547
1.21753507014e-07 0.00565526670544 0.976587145887 1.02105056529
1.22334669339e-07 0.00561069389836 0.975107268533 1.02258580512
1.22915831663e-07 0.00556612109129 0.973627391179 1.02412104495
1.23496993988e-07 0.00552154828421 0.972147513825 1.02565628478
1.24078156313e-07 0.00547697547713 0.970667636471 1.02719152461
1.24659318637e-07 0.00543240267005 0.969187759117 1.02872676443
1.25240480962e-07 0.00538782986297 0.967707881763 1.03026200426
1.25821643287e-07 0.00534325705589 0.966228004409 1.03179724409
1.26402805611e-07 0.00529868424882 0.964748127055 1.03333248392
1.26983967936e-07 0.00524613734443 0.962979227435 1.03520797127
1.27565130261e-07 0.00516253665326 0.960084778991 1.03840849566
1.28146292585e-07 0.00507893596209 0.957190330547 1.04160902004
1.2872745491e-07 0.00499533527093 0.954295882103 1.04480954442
1.29308617234e-07 0.00491173457976 0.951401433659 1.0480100688
1.29889779559e-07 0.00482813388859 0.948506985215 1.05121059318
1.30470941884e-07 0.00474453319743 0.945612536771 1.05441111757
1.31052104208e-07 0.00466093250626 0.942718088327 1.05761164195
1.31633266533e-07 0.00457733181509 0.939823639883 1.06081216633
1.32214428858e-07 0.00449373112393 0.936929191439 1.06401269071
1.32795591182e-07 0.00441013043276 0.934034742995 1.0672132151
1.33376753507e-07 0.00432652974159 0.931140294552 1.07041373948
1.33957915832e-07 0.00424292905043 0.928245846108 1.07361426386
1.34539078156e-07 0.00408373024016 0.922835009993 1.08031676186
1.35120240481e-07 0.00391841820823 0.917220686862 1.08730244603
1.35701402806e-07 0.0037531061763 0.911606363732 1.09428813019
1.3628256513e-07 0.00358779414437 0.905992040601 1.10127381436
1.36863727455e-07 0.00342248211244 0.900377717471 1.10825949852
1.3744488978e-07 0.00325717008051 0.894763394341 1.11524518268
1.38026052104e-07 0.00309185804859 0.88914907121 1.12223086685
1.38607214429e-07 0.00292654601666 0.88353474808 1.12921655101
1.39188376754e-07 0.00276123398473 0.87792042495 1.13620223517
1.39769539078e-07 0.0025959219528 0.872306101819 1.14318791934
1.40350701403e-07 0.00243060992087 0.866691778689 1.1501736035
1.40931863727e-07 0.00226529788894 0.861077455558 1.15715928766
1.41513026052e-07 0.00203773738856 0.853608704032 1.16733416677
1.42094188377e-07 0.00169811449047 0.842801529928 1.1832503732
1.42675350701e-07 0.00135849159238 0.831994355823 1.19916657963
1.43256513026e-07 0.00101886869428 0.821187181719 1.21508278605
1.43837675351e-07 0.000679245796187 0.810380007615 1.23099899248
1.44418837675e-07 0.000339622898094 0.799572833511 1.2469151989
1.45e-07 0 0.788765659407 1.26283140533
