-1.45e-07 1.39787036793e-13 0.999253135436 1.00074790617
-1.44418837675e-07 1.09074095469e-06 0.99929538484 1.00070559511
-1.43837675351e-07 2.11943529427e-06 0.999335408585 1.00066551392
-1.43256513026e-07 3.07167839028e-06 0.999372691093 1.00062818152
-1.42675350701e-07 3.96418175422e-06 0.999407831288 1.00059299689
-1.42094188377e-07 4.80728287593e-06 0.999441199738 1.00055958827
-1.41513026052e-07 5.60451223521e-06 0.999472922968 1.0005278287
-1.40931863727e-07 6.33422073371e-06 0.999502224231 1.00049849627
-1.40350701403e-07 7.02296500593e-06 0.999530055931 1.00047063627
-1.39769539078e-07 7.67589479454e-06 0.999556602765 1.00044406359
-1.39188376754e-07 8.27797442818e-06 0.999581325168 1.00041931859
-1.38607214429e-07 8.83957415731e-06 0.999604595038 1.00039602846
-1.38026052104e-07 9.37368481253e-06 0.999626878482 1.0003737263
-1.3744488978e-07 9.86357817355e-06 0.999647575103 1.00035301329
-1.36863727455e-07 1.03213130142e-05 0.999667117522 1.00033345601
-1.3628256513e-07 1.07582521511e-05 0.999685913551 1.0003146461
-1.35701402806e-07 1.11503403793e-05 0.999703099653 1.00029744802
-1.35120240481e-07 1.1523745362e-05 0.999719615043 1.00028092137
-1.34539078156e-07 1.18719770268e-05 0.999735226731 1.00026529937
-1.33957915832e-07 1.2189103559e-05 0.999749721644 1.00025079521
-1.33376753507e-07 1.24942405992e-05 0.999763786086 1.00023672193
-1.32795591182e-07 1.27641369396e-05 0.999776585127 1.00022391509
-1.32214428858e-07 1.30227847925e-05 0.999788980218 1.0002115125
-1.31633266533e-07 1.3257912813e-05 0.999800530677 1.00019995518
-1.31052104208e-07 1.3475679926e-05 0.999811457605 1.00018902179
-1.30470941884e-07 1.367877882e-05 0.999821857712 1.00017861555
-1.29889779559e-07 1.38607252187e-05 0.999831498018 1.00016896954
-1.29308617234e-07 1.40343893429e-05 0.999840840822 1.0001596212
-1.2872745491e-07 1.41850547541e-05 0.999849357403 1.00015109947
-1.28146292585e-07 1.43317347038e-05 0.999857730808 1.00014272099
-1.27565130261e-07 1.44551684693e-05 0.999865268989 1.00013517807
-1.26983967936e-07 1.45771727314e-05 0.999872755809 1.00012768653
-1.26402805611e-07 1.46769651063e-05 0.999879444456 1.00012099342
-1.25821643287e-07 1.47764622591e-05 0.999886122494 1.00011431093
-1.25240480962e-07 1.48557766877e-05 0.99989207517 1.000108354
-1.24659318637e-07 1.49347981183e-05 0.999898017316 1.00010240761
-1.24078156313e-07 1.49964040807e-05 0.999903333457 1.00009708735
-1.23496993988e-07 1.50568471823e-05 0.999908607799 1.0000918089
-1.22915831663e-07 1.51031532214e-05 0.999913373895 1.00008703877
-1.22334669339e-07 1.51467850327e-05 0.999918043848 1.0000823648
-1.21753507014e-07 1.51798715806e-05 0.999922334618 1.00007807006
-1.21172344689e-07 1.52083328251e-05 0.999926459073 1.00007394164
-1.20591182365e-07 1.52299844764e-05 0.999930338622 1.00007005815
-1.2001002004e-07 1.52447939571e-05 0.999933972096 1.00006642075
-1.19428857715e-07 1.52565308607e-05 0.999937495042 1.00006289388
-1.18847695391e-07 1.52590901647e-05 0.99994068785 1.00005969715
-1.18266533066e-07 1.52616494687e-05 0.999943880658 1.00005650043
-1.17685370741e-07 1.52537967038e-05 0.999946698837 1.00005367832
-1.17104208417e-07 1.52453951703e-05 0.999949497271 1.00005087595
-1.16523046092e-07 1.52311763087e-05 0.999952086344 1.00004828294
-1.15941883768e-07 1.52129962117e-05 0.999954532855 1.00004583247
-1.15360721443e-07 1.5193211659e-05 0.999956921608 1.00004343976
-1.14779559118e-07 1.5166333558e-05 0.999959055001 1.00004130239
-1.14198396794e-07 1.51394554571e-05 0.999961188394 1.00003916501
-1.13617234469e-07 1.51070443374e-05 0.999963122545 1.00003722685
-1.13036072144e-07 1.50724525473e-05 0.999964978171 1.0000353672
-1.1245490982e-07 1.50365507583e-05 0.99996678661 1.00003355474
-1.11873747495e-07 1.49951388939e-05 0.999968396568 1.00003194072
-1.1129258517e-07 1.49537270295e-05 0.999970006526 1.00003032671
-1.10711422846e-07 1.49086634864e-05 0.999971484899 1.00002884425
-1.10130260521e-07 1.48612400357e-05 0.999972878234 1.00002744682
-1.09549098196e-07 1.4813816585e-05 0.999974271569 1.00002604938
-1.08967935872e-07 1.47613113098e-05 0.999975481712 1.00002483509
-1.08386773547e-07 1.47086051937e-05 0.999976684615 1.00002362805
-1.07805611222e-07 1.4654722357e-05 0.99997784508 1.00002246343
-1.07224448898e-07 1.45973884352e-05 0.999978881084 1.00002142324
-1.06643286573e-07 1.45400545135e-05 0.999979917088 1.00002038306
-1.06062124248e-07 1.44807691195e-05 0.999980882679 1.00001941326
-1.05480961924e-07 1.44193936052e-05 0.999981772856 1.00001851886
-1.04899799599e-07 1.43580180909e-05 0.999982663033 1.00001762446
-1.04318637275e-07 1.42943687395e-05 0.999983471122 1.00001681213
-1.0373747495e-07 1.42294744886e-05 0.999984234269 1.00001604472
-1.03156312625e-07 1.41645802377e-05 0.999984997415 1.00001527732
-1.02575150301e-07 1.40974173354e-05 0.999985678613 1.00001459184
-1.01993987976e-07 1.40294689799e-05 0.999986331438 1.00001393473
-1.01412825651e-07 1.39615206243e-05 0.999986984264 1.00001327761
-1.00831663327e-07 1.38915344129e-05 0.999987563428 1.00001269414
-1.00250501002e-07 1.38209433106e-05 0.999988120729 1.00001213252
-9.96693386774e-08 1.37503522084e-05 0.999988678029 1.0000115709
-9.90881763527e-08 1.36780979559e-05 0.99998917517 1.00001106942
-9.85070140281e-08 1.36052269351e-05 0.99998965 1.00001059025
-9.79258517034e-08 1.35323559143e-05 0.999990124831 1.00001011107
-9.73446893788e-08 1.34582763249e-05 0.999990555911 1.00000967564
-9.67635270541e-08 1.33834442022e-05 0.999990959748 1.00000926744
-9.61823647295e-08 1.33086120795e-05 0.999991363584 1.00000885923
-9.56012024048e-08 1.3233057016e-05 0.999991741227 1.00000847722
-9.50200400802e-08 1.31565428744e-05 0.999992084119 1.00000812995
-9.44388777555e-08 1.30800287328e-05 0.999992427011 1.00000778268
-9.38577154309e-08 1.30032723812e-05 0.999992761119 1.00000744419
-9.32765531062e-08 1.29253195955e-05 0.999993051834 1.00000714908
-9.26953907816e-08 1.28473668099e-05 0.999993342549 1.00000685398
-9.21142284569e-08 1.27694140243e-05 0.999993633265 1.00000655888
-9.15330661323e-08 1.26904424448e-05 0.999993886991 1.00000630076
-9.09519038076e-08 1.26112624472e-05 0.999994133151 1.0000060502
-9.0370741483e-08 1.25320824495e-05 0.999994379311 1.00000579965
-8.97895791583e-08 1.24524707418e-05 0.999994609778 1.00000556479
-8.92084168337e-08 1.23722465227e-05 0.999994817981 1.00000535219
-8.8627254509e-08 1.22920223036e-05 0.999995026184 1.00000513959
-8.80460921844e-08 1.22117980846e-05 0.999995234388 1.000004927
-8.74649298597e-08 1.21307616362e-05 0.99999541303 1.00000474397
-8.68837675351e-08 1.20496509814e-05 0.999995588972 1.00000456364
-8.63026052104e-08 1.19685403266e-05 0.999995764913 1.00000438331
-8.57214428858e-08 1.18871767342e-05 0.999995931636 1.0000042122
-8.51402805611e-08 1.1805315198e-05 0.999996080212 1.00000405925
-8.45591182365e-08 1.17234536618e-05 0.999996228788 1.0000039063
-8.39779559118e-08 1.16415921256e-05 0.999996377365 1.00000375335
-8.33967935872e-08 1.15593032175e-05 0.999996510342 1.000003616
-8.28156312625e-08 1.14768068393e-05 0.999996635748 1.00000348624
-8.22344689379e-08 1.13943104612e-05 0.999996761154 1.00000335647
-8.16533066132e-08 1.1311814083e-05 0.999996886559 1.00000322671
-8.10721442886e-08 1.12288229398e-05 0.999996993879 1.00000311506
-8.04909819639e-08 1.114579071e-05 0.999997099696 1.0000030049
-7.99098196393e-08 1.10627584801e-05 0.999997205514 1.00000289475
-7.93286573146e-08 1.09796877592e-05 0.999997309922 1.00000278602
-7.874749499e-08 1.08962038445e-05 0.999997399201 1.00000269243
-7.81663326653e-08 1.08127199298e-05 0.999997488481 1.00000259885
-7.75851703407e-08 1.07292360151e-05 0.99999757776 1.00000250526
-7.7004008016e-08 1.06456924646e-05 0.999997664852 1.00000241387
-7.64228456914e-08 1.0561828205e-05 0.999997740182 1.00000233428
-7.58416833667e-08 1.04779639454e-05 0.999997815511 1.00000225468
-7.52605210421e-08 1.03940996858e-05 0.99999789084 1.00000217509
-7.46793587174e-08 1.03101919211e-05 0.999997964571 1.0000020971
-7.40981963928e-08 1.02260076097e-05 0.999998028142 1.0000020293
-7.35170340681e-08 1.01418232984e-05 0.999998091712 1.00000196151
-7.29358717435e-08 1.0057638987e-05 0.999998155283 1.00000189372
-7.23547094188e-08 9.97344916878e-06 0.999998218651 1.00000182614
-7.17735470942e-08 9.88899562952e-06 0.999998272313 1.0000017683
-7.11923847695e-08 9.80454209025e-06 0.999998325975 1.00000171047
-7.06112224449e-08 9.72008855098e-06 0.999998379637 1.00000165264
-7.00300601202e-08 9.63563501172e-06 0.999998433299 1.00000159481
-6.94488977956e-08 9.55099844315e-06 0.999998480214 1.00000154377
-6.88677354709e-08 9.46631842041e-06 0.999998525527 1.00000149434
-6.82865731463e-08 9.38163839766e-06 0.99999857084 1.00000144492
-6.77054108216e-08 9.29695837491e-06 0.999998616153 1.0000013955
-6.7124248497e-08 9.21218368087e-06 0.999998657971 1.0000013496
-6.65430861723e-08 9.12731305617e-06 0.999998696247 1.00000130728
-6.59619238477e-08 9.04244243146e-06 0.999998734523 1.00000126496
-6.5380761523e-08 8.95757180676e-06 0.999998772799 1.00000122263
-6.47995991984e-08 8.87268772932e-06 0.999998810577 1.00000118082
-6.42184368737e-08 8.78765658002e-06 0.99999884292 1.00000114451
-6.36372745491e-08 8.70262543071e-06 0.999998875262 1.00000110819
-6.30561122244e-08 8.6175942814e-06 0.999998907604 1.00000107188
-6.24749498998e-08 8.5325631321e-06 0.999998939946 1.00000103557
-6.18937875752e-08 8.44745523751e-06 0.999998969449 1.00000100214
-6.13126252505e-08 8.3622887525e-06 0.999998996784 1.00000097092
-6.07314629259e-08 8.2771222675e-06 0.999999024119 1.0000009397
-6.01503006012e-08 8.19195578249e-06 0.999999051454 1.00000090848
-5.95691382766e-08 8.10678929749e-06 0.999999078789 1.00000087726
-5.89879759519e-08 8.0215149557e-06 0.999999102131 1.00000085011
-5.84068136273e-08 7.93623422274e-06 0.999999125237 1.00000082321
-5.78256513026e-08 7.85095348978e-06 0.999999148342 1.00000079631
-5.7244488978e-08 7.76567275682e-06 0.999999171448 1.0000007694
-5.66633266533e-08 7.68037152202e-06 0.999999193795 1.00000074328
-5.60821643287e-08 7.59499420061e-06 0.999999213326 1.00000072005
-5.5501002004e-08 7.50961687921e-06 0.999999232857 1.00000069682
-5.49198396794e-08 7.4242395578e-06 0.999999252388 1.00000067359
-5.43386773547e-08 7.3388622364e-06 0.999999271919 1.00000065036
-5.37575150301e-08 7.25345472667e-06 0.999999290334 1.00000062829
-5.31763527054e-08 7.16799561999e-06 0.999999306842 1.00000060819
-5.25951903808e-08 7.08253651331e-06 0.999999323349 1.00000058809
-5.20140280561e-08 6.99707740663e-06 0.999999339856 1.000000568
-5.14328657315e-08 6.91161829995e-06 0.999999356364 1.0000005479
-5.08517034068e-08 6.82613061832e-06 0.999999371817 1.0000005289
-5.02705410822e-08 6.74060215661e-06 0.999999385765 1.00000051148
-4.96893787575e-08 6.65507369489e-06 0.999999399713 1.00000049406
-4.91082164329e-08 6.56954523318e-06 0.999999413662 1.00000047664
-4.85270541082e-08 6.48401677146e-06 0.99999942761 1.00000045922
-4.79458917836e-08 6.39846838941e-06 0.999999440826 1.00000044257
-4.73647294589e-08 6.31288103651e-06 0.999999452608 1.00000042744
-4.67835671343e-08 6.22729368362e-06 0.999999464391 1.00000041231
-4.62024048096e-08 6.14170633072e-06 0.999999476174 1.00000039718
-4.5621242485e-08 6.05611897783e-06 0.999999487957 1.00000038205
-4.50400801603e-08 5.97052436153e-06 0.999999499474 1.00000036721
-4.44589178357e-08 5.88488695533e-06 0.999999509426 1.00000035405
-4.3877755511e-08 5.79924954914e-06 0.999999519377 1.00000034088
-4.32965931864e-08 5.71361214294e-06 0.999999529329 1.00000032772
-4.27154308617e-08 5.62797473674e-06 0.99999953928 1.00000031455
-4.21342685371e-08 5.54233733055e-06 0.999999549232 1.00000030139
-4.15531062124e-08 5.45666461148e-06 0.9999995579 1.00000028963
-4.09719438878e-08 5.37098464785e-06 0.999999566306 1.00000027816
-4.03907815631e-08 5.28530468422e-06 0.999999574711 1.00000026668
-3.98096192385e-08 5.1996247206e-06 0.999999583116 1.00000025521
-3.92284569138e-08 5.11394475697e-06 0.999999591521 1.00000024374
-3.86472945892e-08 5.0282507116e-06 0.99999959942 1.00000023283
-3.80661322645e-08 4.94253458076e-06 0.999999606523 1.00000022281
-3.74849699399e-08 4.85681844991e-06 0.999999613627 1.0000002128
-3.69038076152e-08 4.77110231907e-06 0.999999620731 1.00000020278
-3.63226452906e-08 4.68538618822e-06 0.999999627834 1.00000019276
-3.57414829659e-08 4.59967005738e-06 0.999999634938 1.00000018274
-3.51603206413e-08 4.5139287359e-06 0.999999641147 1.00000017376
-3.45791583166e-08 4.42818191895e-06 0.99999964716 1.00000016499
-3.3997995992e-08 4.342435102e-06 0.999999653174 1.00000015623
-3.34168336673e-08 4.25668828506e-06 0.999999659187 1.00000014746
-3.28356713427e-08 4.17094146811e-06 0.999999665201 1.0000001387
-3.2254509018e-08 4.08519149964e-06 0.999999671104 1.00000013007
-3.16733466934e-08 3.99941873241e-06 0.999999676211 1.00000012238
-3.10921843687e-08 3.91364596519e-06 0.999999681319 1.0000001147
-3.05110220441e-08 3.82787319797e-06 0.999999686426 1.00000010701
-2.99298597194e-08 3.74210043074e-06 0.999999691533 1.00000009933
-2.93486973948e-08 3.65632766352e-06 0.99999969664 1.00000009164
-2.87675350701e-08 3.57054861443e-06 0.999999701533 1.00000008422
-2.81863727455e-08 3.4847540247e-06 0.999999705895 1.00000007747
-2.76052104208e-08 3.39895943496e-06 0.999999710257 1.00000007071
-2.70240480962e-08 3.31316484523e-06 0.999999714619 1.00000006395
-2.64428857715e-08 3.2273702555e-06 0.999999718981 1.00000005719
-2.58617234469e-08 3.14157566577e-06 0.999999723344 1.00000005044
-2.52805611222e-08 3.05577531072e-06 0.999999727515 1.00000004393
-2.46993987976e-08 2.96996253439e-06 0.999999731275 1.00000003796
-2.41182364729e-08 2.88414975806e-06 0.999999735035 1.000000032
-2.35370741483e-08 2.79833698172e-06 0.999999738796 1.00000002604
-2.29559118236e-08 2.71252420539e-06 0.999999742556 1.00000002007
-2.2374749499e-08 2.62671142906e-06 0.999999746316 1.00000001411
-2.17935871743e-08 2.54089557973e-06 0.999999749979 1.00000000828
-2.12124248497e-08 2.45506786095e-06 0.999999753266 1.00000000299
-2.0631262525e-08 2.36924014217e-06 0.999999756552 0.999999997703
-2.00501002004e-08 2.28341242339e-06 0.999999759839 0.999999992414
-1.94689378758e-08 2.19758470461e-06 0.999999763126 0.999999987125
-1.88877755511e-08 2.11175698583e-06 0.999999766413 0.999999981835
-1.83066132265e-08 2.02592926705e-06 0.999999769699 0.999999976546
-1.77254509018e-08 1.94009014087e-06 0.999999772647 0.999999971795
-1.71442885772e-08 1.85425042057e-06 0.999999775578 0.999999967072
-1.65631262525e-08 1.76841070027e-06 0.999999778508 0.999999962348
-1.59819639279e-08 1.68257097997e-06 0.999999781439 0.999999957625
-1.54008016032e-08 1.59673125967e-06 0.999999784369 0.999999952902
-1.48196392786e-08 1.51089153937e-06 0.9999997873 0.999999948179
-1.42384769539e-08 1.42504673083e-06 0.999999790095 0.999999943712
-1.36573146293e-08 1.3391977279e-06 0.999999792778 0.999999939456
-1.30761523046e-08 1.25334872496e-06 0.99999979546 0.999999935199
-1.249498998e-08 1.16749972203e-06 0.999999798143 0.999999930943
-1.19138276553e-08 1.08165071909e-06 0.999999800826 0.999999926686
-1.13326653307e-08 9.9580171616e-07 0.999999803509 0.99999992243
-1.0751503006e-08 9.09952713226e-07 0.999999806192 0.999999918174
-1.01703406814e-08 8.24097035135e-07 0.999999808731 0.999999914288
-9.58917835671e-09 7.38241324458e-07 0.999999811269 0.999999910403
-9.00801603206e-09 6.5238561378e-07 0.999999813808 0.999999906519
-8.42685370741e-09 5.66529903103e-07 0.999999816346 0.999999902635
-7.84569138277e-09 4.80674192425e-07 0.999999818884 0.99999989875
-7.26452905812e-09 3.94818481748e-07 0.999999821423 0.999999894866
-6.68336673347e-09 3.08961562438e-07 0.999999823948 0.999999891062
-6.10220440882e-09 2.23101654234e-07 0.999999826443 0.999999887457
-5.52104208417e-09 1.37241746031e-07 0.999999828938 0.999999883853
-4.93987975952e-09 5.13818378272e-08 0.999999831432 0.999999880248
-4.35871743487e-09 -3.44780703765e-08 0.999999833927 0.999999876643
-3.77755511022e-09 -1.2033797858e-07 0.999999836422 0.999999873039
-3.19639278557e-09 -2.06197886784e-07 0.999999838916 0.999999869434
-2.61523046092e-09 -2.92058499701e-07 0.999999841435 0.999999865908
-2.03406813627e-09 -3.77920074254e-07 0.999999843988 0.999999862489
-1.45290581162e-09 -4.63781648806e-07 0.99999984654 0.999999859071
-8.71743486974e-10 -5.49643223358e-07 0.999999849092 0.999999855652
-2.90581162324e-10 -6.3550479791e-07 0.999999851644 0.999999852233
2.90581162325e-10 -7.21366372462e-07 0.999999854196 0.999999848814
8.71743486974e-10 -8.07227947014e-07 0.999999856748 0.999999845396
1.45290581162e-09 -8.93089131589e-07 0.999999859365 0.999999842012
2.03406813627e-09 -9.78949722191e-07 0.99999986208 0.99999983868
2.61523046092e-09 -1.06481031279e-06 0.999999864795 0.999999835349
3.19639278557e-09 -1.1506709034e-06 0.999999867511 0.999999832018
3.77755511022e-09 -1.236531494e-06 0.999999870226 0.999999828687
4.35871743487e-09 -1.3223920846e-06 0.999999872941 0.999999825355
4.93987975952e-09 -1.4082526752e-06 0.999999875656 0.999999822024
5.52104208417e-09 -1.49411247421e-06 0.999999878428 0.999999818689
6.10220440882e-09 -1.57996919251e-06 0.99999988142 0.999999815337
6.68336673347e-09 -1.66582591081e-06 0.999999884413 0.999999811985
7.26452905812e-09 -1.75168262911e-06 0.999999887406 0.999999808633
7.84569138277e-09 -1.83753934741e-06 0.999999890398 0.999999805281
8.42685370742e-09 -1.92339606571e-06 0.999999893391 0.999999801929
9.00801603206e-09 -2.00925278401e-06 0.999999896383 0.999999798577
9.58917835671e-09 -2.09510950232e-06 0.999999899376 0.999999795225
1.01703406814e-08 -2.18096019116e-06 0.999999902711 0.999999791752
1.0751503006e-08 -2.26680975942e-06 0.99999990611 0.999999788256
1.13326653307e-08 -2.35265932769e-06 0.999999909509 0.999999784761
1.19138276553e-08 -2.43850889596e-06 0.999999912908 0.999999781265
1.249498998e-08 -2.52435846423e-06 0.999999916307 0.999999777769
1.30761523046e-08 -2.6102080325e-06 0.999999919706 0.999999774274
1.36573146293e-08 -2.69605760077e-06 0.999999923105 0.999999770778
1.42384769539e-08 -2.78190376539e-06 0.999999926676 0.999999767192
1.48196392786e-08 -2.86774231558e-06 0.999999930632 0.999999763407
1.54008016032e-08 -2.95358086578e-06 0.999999934588 0.999999759621
1.59819639279e-08 -3.03941941598e-06 0.999999938544 0.999999755835
1.65631262525e-08 -3.12525796618e-06 0.999999942499 0.999999752049
1.71442885772e-08 -3.21109651638e-06 0.999999946455 0.999999748263
1.77254509018e-08 -3.29693506657e-06 0.999999950411 0.999999744478
1.83066132265e-08 -3.38277361677e-06 0.999999954367 0.999999740692
1.88877755511e-08 -3.46860275803e-06 0.999999958765 0.999999736625
1.94689378758e-08 -3.55442555477e-06 0.999999963461 0.999999732369
2.00501002004e-08 -3.64024835151e-06 0.999999968157 0.999999728113
2.06312625251e-08 -3.72607114825e-06 0.999999972853 0.999999723858
2.12124248497e-08 -3.81189394499e-06 0.999999977549 0.999999719602
2.17935871743e-08 -3.89771674173e-06 0.999999982245 0.999999715346
2.2374749499e-08 -3.98353953847e-06 0.999999986941 0.99999971109
2.29559118236e-08 -4.06936233522e-06 0.999999991637 0.999999706834
2.35370741483e-08 -4.15516981572e-06 0.999999997016 0.999999702087
2.41182364729e-08 -4.24097086096e-06 1.00000000268 0.999999697133
2.46993987976e-08 -4.32677190619e-06 1.00000000835 0.999999692179
2.52805611222e-08 -4.41257295143e-06 1.00000001401 0.999999687225
2.58617234469e-08 -4.49837399666e-06 1.00000001968 0.999999682272
2.64428857715e-08 -4.58417504189e-06 1.00000002535 0.999999677318
2.70240480962e-08 -4.66997608713e-06 1.00000003101 0.999999672364
2.76052104208e-08 -4.75577713236e-06 1.00000003668 0.99999966741
2.81863727455e-08 -4.84155967201e-06 1.00000004314 0.999999661833
2.87675350701e-08 -4.92733112234e-06 1.00000005007 0.999999655883
2.93486973948e-08 -5.01310257267e-06 1.00000005701 0.999999649932
2.99298597194e-08 -5.09887402301e-06 1.00000006394 0.999999643982
3.05110220441e-08 -5.18464547334e-06 1.00000007088 0.999999638031
3.10921843687e-08 -5.27041692367e-06 1.00000007781 0.999999632081
3.16733466934e-08 -5.35618837401e-06 1.00000008475 0.99999962613
3.2254509018e-08 -5.44195982434e-06 1.00000009169 0.99999962018
3.28356713427e-08 -5.52771696044e-06 1.00000009922 0.999999613731
3.34168336673e-08 -5.61344824102e-06 1.00000010782 0.999999606383
3.3997995992e-08 -5.69917952159e-06 1.00000011643 0.999999599034
3.45791583166e-08 -5.78491080217e-06 1.00000012503 0.999999591686
3.51603206413e-08 -5.87064208275e-06 1.00000013364 0.999999584338
3.57414829659e-08 -5.95637336332e-06 1.00000014224 0.999999576989
3.63226452906e-08 -6.0421046439e-06 1.00000015085 0.999999569641
3.69038076152e-08 -6.12783592447e-06 1.00000015945 0.999999562292
3.74849699399e-08 -6.21356720505e-06 1.00000016806 0.999999554944
3.80661322645e-08 -6.29924950104e-06 1.00000017865 0.99999954585
3.86472945892e-08 -6.3849259162e-06 1.00000018948 0.999999536547
3.92284569138e-08 -6.47060233136e-06 1.00000020031 0.999999527244
3.98096192385e-08 -6.55627874652e-06 1.00000021114 0.999999517941
4.03907815631e-08 -6.64195516168e-06 1.00000022197 0.999999508638
4.09719438878e-08 -6.72763157684e-06 1.00000023279 0.999999499334
4.15531062124e-08 -6.81330799199e-06 1.00000024362 0.999999490031
4.21342685371e-08 -6.89898440715e-06 1.00000025445 0.999999480728
4.27154308617e-08 -6.98464334961e-06 1.00000026597 0.999999470793
4.32965931864e-08 -7.07024383879e-06 1.00000027981 0.999999458741
4.3877755511e-08 -7.15584432797e-06 1.00000029365 0.99999944669
4.44589178357e-08 -7.24144481715e-06 1.00000030749 0.999999434639
4.50400801603e-08 -7.32704530633e-06 1.00000032133 0.999999422588
4.5621242485e-08 -7.41264579551e-06 1.00000033517 0.999999410536
4.62024048096e-08 -7.4982462847e-06 1.00000034901 0.999999398485
4.67835671343e-08 -7.58384677388e-06 1.00000036284 0.999999386434
4.73647294589e-08 -7.66944726306e-06 1.00000037668 0.999999374382
4.79458917836e-08 -7.75500881726e-06 1.00000039204 0.999999360907
4.85270541082e-08 -7.84050222478e-06 1.00000041005 0.99999934494
4.91082164329e-08 -7.9259956323e-06 1.00000042806 0.999999328973
4.96893787575e-08 -8.01148903982e-06 1.00000044607 0.999999313006
5.02705410822e-08 -8.09698244734e-06 1.00000046408 0.999999297039
5.08517034068e-08 -8.18247585486e-06 1.00000048209 0.999999281072
5.14328657315e-08 -8.26796926238e-06 1.0000005001 0.999999265106
5.20140280561e-08 -8.3534626699e-06 1.00000051811 0.999999249139
5.25951903808e-08 -8.43895607742e-06 1.00000053612 0.999999233172
5.31763527054e-08 -8.52440486262e-06 1.00000055585 0.999999215563
5.37575150301e-08 -8.60974356522e-06 1.00000057979 0.999999193907
5.43386773547e-08 -8.69508226783e-06 1.00000060374 0.99999917225
5.49198396794e-08 -8.78042097044e-06 1.00000062768 0.999999150594
5.5501002004e-08 -8.86575967305e-06 1.00000065163 0.999999128937
5.60821643287e-08 -8.95109837565e-06 1.00000067557 0.99999910728
5.66633266533e-08 -9.03643707826e-06 1.00000069952 0.999999085624
5.7244488978e-08 -9.12177578087e-06 1.00000072346 0.999999063967
5.78256513026e-08 -9.20711448348e-06 1.00000074741 0.999999042311
5.84068136273e-08 -9.29245318609e-06 1.00000077135 0.999999020654
5.89879759519e-08 -9.37756198654e-06 1.000000804 0.999998990524
5.95691382766e-08 -9.46267072293e-06 1.00000083665 0.999998960392
6.01503006012e-08 -9.54777945932e-06 1.0000008693 0.99999893026
6.07314629259e-08 -9.6328881957e-06 1.00000090195 0.999998900128
6.13126252505e-08 -9.71799693209e-06 1.0000009346 0.999998869996
6.18937875752e-08 -9.80310566848e-06 1.00000096726 0.999998839864
6.24749498998e-08 -9.88821440487e-06 1.00000099991 0.999998809732
6.30561122244e-08 -9.97332314125e-06 1.00000103256 0.9999987796
6.36372745491e-08 -1.00584318776e-05 1.00000106521 0.999998749468
6.42184368737e-08 -1.01433668222e-05 1.00000110437 0.999998712934
6.47995991984e-08 -1.02281226349e-05 1.00000115023 0.999998669803
6.5380761523e-08 -1.03128784477e-05 1.00000119609 0.999998626671
6.59619238477e-08 -1.03976342605e-05 1.00000124196 0.999998583539
6.65430861723e-08 -1.04823900732e-05 1.00000128782 0.999998540408
6.7124248497e-08 -1.0567145886e-05 1.00000133369 0.999998497276
6.77054108216e-08 -1.06519016988e-05 1.00000137955 0.999998454144
6.82865731463e-08 -1.07366575115e-05 1.00000142542 0.999998411012
6.88677354709e-08 -1.08214133243e-05 1.00000147128 0.999998367881
6.94488977956e-08 -1.09061691371e-05 1.00000151715 0.999998324749
7.00300601202e-08 -1.09904982367e-05 1.00000157884 0.999998265937
7.06112224449e-08 -1.10746936407e-05 1.00000164549 0.999998202212
7.11923847695e-08 -1.11588890447e-05 1.00000171214 0.999998138487
7.17735470942e-08 -1.12430844487e-05 1.00000177879 0.999998074762
7.23547094188e-08 -1.13272798527e-05 1.00000184544 0.999998011038
7.29358717435e-08 -1.14114752567e-05 1.00000191209 0.999997947313
7.35170340681e-08 -1.14956706607e-05 1.00000197874 0.999997883588
7.40981963928e-08 -1.15798660648e-05 1.00000204539 0.999997819863
7.46793587174e-08 -1.16640614688e-05 1.00000211204 0.999997756138
7.52605210421e-08 -1.17482568728e-05 1.00000217869 0.999997692414
7.58416833667e-08 -1.18317137611e-05 1.00000227251 0.999997601644
7.64228456914e-08 -1.19149876894e-05 1.00000237307 0.999997504173
7.7004008016e-08 -1.19982616177e-05 1.00000247363 0.999997406703
7.75851703407e-08 -1.20815355459e-05 1.00000257419 0.999997309232
7.81663326653e-08 -1.21648094742e-05 1.00000267475 0.999997211762
7.874749499e-08 -1.22480834025e-05 1.00000277531 0.999997114292
7.93286573146e-08 -1.23313573308e-05 1.00000287587 0.999997016821
7.99098196393e-08 -1.2414631259e-05 1.00000297643 0.999996919351
8.04909819639e-08 -1.24979051873e-05 1.00000307699 0.999996821881
8.10721442886e-08 -1.25811791156e-05 1.00000317755 0.99999672441
8.16533066132e-08 -1.26635010347e-05 1.00000331292 0.999996592208
8.22344689379e-08 -1.27452068297e-05 1.00000347083 0.999996437526
8.28156312625e-08 -1.28269126247e-05 1.00000362873 0.999996282845
8.33967935872e-08 -1.29086184198e-05 1.00000378664 0.999996128164
8.39779559118e-08 -1.29903242148e-05 1.00000394454 0.999995973483
8.45591182365e-08 -1.30720300098e-05 1.00000410245 0.999995818802
8.51402805611e-08 -1.31537358048e-05 1.00000426035 0.999995664121
8.57214428858e-08 -1.32354415998e-05 1.00000441826 0.99999550944
8.63026052104e-08 -1.33171473948e-05 1.00000457617 0.999995354759
8.68837675351e-08 -1.33988531899e-05 1.00000473407 0.999995200078
8.74649298597e-08 -1.3480082335e-05 1.00000490932 0.99999502807
8.80460921844e-08 -1.35590307258e-05 1.00000516755 0.999994773155
8.8627254509e-08 -1.36379791166e-05 1.00000542579 0.999994518239
8.92084168337e-08 -1.37169275074e-05 1.00000568402 0.999994263324
8.97895791583e-08 -1.37958758982e-05 1.00000594226 0.999994008409
9.0370741483e-08 -1.3874824289e-05 1.00000620049 0.999993753493
9.09519038076e-08 -1.39537726798e-05 1.00000645872 0.999993498578
9.15330661323e-08 -1.40327210706e-05 1.00000671696 0.999993243663
9.21142284569e-08 -1.41116694614e-05 1.00000697519 0.999992988748
9.26953907816e-08 -1.41906178522e-05 1.00000723343 0.999992733832
9.32765531062e-08 -1.42695662431e-05 1.00000749166 0.999992478917
9.38577154309e-08 -1.43460498714e-05 1.00000783923 0.999992134692
9.44388777555e-08 -1.44199997408e-05 1.00000827863 0.999991698657
9.50200400802e-08 -1.44939496102e-05 1.00000871803 0.999991262623
9.56012024048e-08 -1.45678994795e-05 1.00000915743 0.999990826588
9.61823647295e-08 -1.46418493489e-05 1.00000959683 0.999990390553
9.67635270541e-08 -1.47157992183e-05 1.00001003624 0.999989954519
9.73446893788e-08 -1.47897490877e-05 1.00001047564 0.999989518484
9.79258517034e-08 -1.48636989571e-05 1.00001091504 0.999989082449
9.85070140281e-08 -1.49376488265e-05 1.00001135444 0.999988646415
9.90881763527e-08 -1.50115986958e-05 1.00001179384 0.99998821038
9.96693386774e-08 -1.50855485652e-05 1.00001223324 0.999987774346
1.00250501002e-07 -1.51542617266e-05 1.00001286189 0.999987149062
1.00831663327e-07 -1.5218894092e-05 1.00001363801 0.999986376303
1.01412825651e-07 -1.52835264573e-05 1.00001441413 0.999985603545
1.01993987976e-07 -1.53481588227e-05 1.00001519025 0.999984830786
1.02575150301e-07 -1.54127911881e-05 1.00001596637 0.999984058027
1.03156312625e-07 -1.54774235534e-05 1.00001674248 0.999983285269
1.0373747495e-07 -1.55420559188e-05 1.0000175186 0.99998251251
1.04318637275e-07 -1.56066882842e-05 1.00001829472 0.999981739751
1.04899799599e-07 -1.56713206496e-05 1.00001907084 0.999980966993
1.05480961924e-07 -1.57359530149e-05 1.00001984696 0.999980194234
1.06062124248e-07 -1.58005853803e-05 1.00002062308 0.999979421475
1.06643286573e-07 -1.5858559299e-05 1.0000216393 0.999978408587
1.07224448898e-07 -1.5905375973e-05 1.00002305787 0.999976993326
1.07805611222e-07 -1.5952192647e-05 1.00002447643 0.999975578065
1.08386773547e-07 -1.59990093211e-05 1.00002589499 0.999974162804
1.08967935872e-07 -1.60458259951e-05 1.00002731356 0.999972747543
1.09549098196e-07 -1.60926426691e-05 1.00002873212 0.999971332281
1.10130260521e-07 -1.61394593432e-05 1.00003015068 0.99996991702
1.10711422846e-07 -1.61862760172e-05 1.00003156925 0.999968501759
1.1129258517e-07 -1.62330926912e-05 1.00003298781 0.999967086498
1.11873747495e-07 -1.62799093652e-05 1.00003440637 0.999965671237
1.1245490982e-07 -1.63267260393e-05 1.00003582493 0.999964255976
1.13036072144e-07 -1.63735427133e-05 1.0000372435 0.999962840714
1.13617234469e-07 -1.63882061908e-05 1.00003981975 0.999960267714
1.14198396794e-07 -1.64001563652e-05 1.0000424937 0.999957597016
1.14779559118e-07 -1.64121065396e-05 1.00004516765 0.999954926318
1.15360721443e-07 -1.6424056714e-05 1.0000478416 0.999952255619
1.15941883768e-07 -1.64360068884e-05 1.00005051555 0.999949584921
1.16523046092e-07 -1.64479570628e-05 1.0000531895 0.999946914223
1.17104208417e-07 -1.64599072371e-05 1.00005586345 0.999944243525
1.17685370741e-07 -1.64718574115e-05 1.0000585374 0.999941572827
1.18266533066e-07 -1.64838075859e-05 1.00006121135 0.999938902129
1.18847695391e-07 -1.64957577603e-05 1.0000638853 0.99993623143
1.19428857715e-07 -1.65077079347e-05 1.00006655925 0.999933560732
1.2001002004e-07 -1.65056340335e-05 1.00006973763 0.999930385669
1.20591182365e-07 -1.64478657439e-05 1.00007491925 0.999925207597
1.21172344689e-07 -1.63900974544e-05 1.00008010087 0.999920029525
1.21753507014e-07 -1.63323291649e-05 1.00008528249 0.999914851453
1.22334669339e-07 -1.62745608753e-05 1.00009046412 0.999909673381
1.22915831663e-07 -1.62167925858e-05 1.00009564574 0.99990449531
1.23496993988e-07 -1.61590242962e-05 1.00010082736 0.999899317238
1.24078156313e-07 -1.61012560067e-05 1.00010600898 0.999894139166
1.24659318637e-07 -1.60434877171e-05 1.0001111906 0.999888961094
1.25240480962e-07 -1.59857194276e-05 1.00011637222 0.999883783022
1.25821643287e-07 -1.5927951138e-05 1.00012155385 0.999878604951
1.26402805611e-07 -1.58701828485e-05 1.00012673547 0.999873426879
1.26983967936e-07 -1.57833516056e-05 1.00013296181 0.999867204548
1.27565130261e-07 -1.55833395575e-05 1.00014325662 0.999856915525
1.28146292585e-07 -1.53833275094e-05 1.00015355144 0.999846626503
1.2872745491e-07 -1.51833154612e-05 1.00016384625 0.99983633748
1.29308617234e-07 -1.49833034131e-05 1.00017414107 0.999826048457
1.29889779559e-07 -1.4783291365e-05 1.00018443588 0.999815759435
1.30470941884e-07 -1.45832793168e-05 1.0001947307 0.999805470412
1.31052104208e-07 -1.43832672687e-05 1.00020502552 0.999795181389
1.31633266533e-07 -1.41832552205e-05 1.00021532033 0.999784892366
1.32214428858e-07 -1.39832431724e-05 1.00022561515 0.999774603344
1.32795591182e-07 -1.37832311243e-05 1.00023590996 0.999764314321
1.33376753507e-07 -1.35832190761e-05 1.00024620478 0.999754025298
1.33957915832e-07 -1.3383207028e-05 1.00025649959 0.999743736276
1.34539078156e-07 -1.29094970918e-05 1.00027663106 0.999723621265
1.35120240481e-07 -1.24136546492e-05 1.00029755796 0.999702711679
1.35701402806e-07 -1.19178122066e-05 1.00031848487 0.999681802093
1.3628256513e-07 -1.1421969764e-05 1.00033941177 0.999660892507
1.36863727455e-07 -1.09261273214e-05 1.00036033868 0.999639982921
1.3744488978e-07 -1.04302848788e-05 1.00038126558 0.999619073335
1.38026052104e-07 -9.93444243623e-06 1.00040219248 0.999598163749
1.38607214429e-07 -9.43859999364e-06 1.00042311939 0.999577254163
1.39188376754e-07 -8.94275755104e-06 1.00044404629 0.999556344577
1.39769539078e-07 -8.44691510844e-06 1.00046497319 0.999535434991
1.40350701403e-07 -7.95107266585e-06 1.0004859001 0.999514525405
1.40931863727e-07 -7.45523022325e-06 1.000506827 0.999493615819
1.41513026052e-07 -6.73556720829e-06 1.00053579806 0.999464676302
1.42094188377e-07 -5.61297267358e-06 1.00057925056 0.999421280955
1.42675350701e-07 -4.49037813886e-06 1.00062270306 0.999377885607
1.43256513026e-07 -3.36778360415e-06 1.00066615556 0.99933449026
1.43837675351e-07 -2.24518906943e-06 1.00070960806 0.999291094913
1.44418837675e-07 -1.12259453472e-06 1.00075306056 0.999247699565
1.45e-07 0 1.00079651306 0.999204304218
