-1.45e-07 0.024950668208 1.1514517889 0.867208022382
-1.44418837675e-07 0.0247196389811 1.14126257133 0.87497001078
-1.43837675351e-07 0.0244999112362 1.13171439902 0.882332053421
-1.43256513026e-07 0.0242940180195 1.12296191361 0.889212522859
-1.42675350701e-07 0.0240988548209 1.11481625477 0.895711135858
-1.42094188377e-07 0.0239125228709 1.10716519497 0.901891366288
-1.41513026052e-07 0.0237343638655 1.09996875955 0.90777430607
-1.40931863727e-07 0.0235681455989 1.09342729313 0.913214733134
-1.40350701403e-07 0.0234091132182 1.08727459317 0.918383875962
-1.39769539078e-07 0.0232563473633 1.08145960789 0.923315172667
-1.39188376754e-07 0.0231124274065 1.07611711135 0.927906629324
-1.38607214429e-07 0.0229754889121 1.07114312219 0.932225418228
-1.38026052104e-07 0.0228432760762 1.06641758735 0.936358595373
-1.3744488978e-07 0.0227186216556 1.06208666976 0.940191948296
-1.36863727455e-07 0.0225994139114 1.05803726804 0.943806052341
-1.3628256513e-07 0.0224837245889 1.05416953372 0.947278308025
-1.35701402806e-07 0.0223755594527 1.05068711941 0.950443460981
-1.35120240481e-07 0.0222704977279 1.04736229935 0.953480275252
-1.34539078156e-07 0.0221696174588 1.04424981766 0.956344169325
-1.33957915832e-07 0.0220738511046 1.04139504201 0.958993937719
-1.33376753507e-07 0.0219800516968 1.03863925001 0.961561152633
-1.32795591182e-07 0.0218919845392 1.03617032434 0.963885501058
-1.32214428858e-07 0.021805726834 1.0337913857 0.966132318686
-1.31633266533e-07 0.0217232525722 1.0316006039 0.968217024621
-1.31052104208e-07 0.0216435388815 1.0295463389 0.970182167948
-1.30470941884e-07 0.0215661575951 1.02760741686 0.972046292911
-1.29889779559e-07 0.0214920994554 1.02583200623 0.973764996729
-1.29308617234e-07 0.021419342496 1.02412061862 0.975426760793
-1.2872745491e-07 0.0213501535527 1.02258400389 0.97693082682
-1.28146292585e-07 0.0212815829132 1.02107767566 0.978407565254
-1.27565130261e-07 0.0212165716116 1.01974500059 0.979725464441
-1.26983967936e-07 0.0211517791883 1.01842300416 0.98103359595
-1.26402805611e-07 0.0210903413589 1.01726409383 0.982190610426
-1.25821643287e-07 0.0210289481161 1.01610735111 0.983345616378
-1.25240480962e-07 0.0209705595395 1.01509622596 0.984364013489
-1.24659318637e-07 0.0209122145824 1.01408721478 0.985380427413
-1.24078156313e-07 0.0208564236168 1.01320163743 0.986279658461
-1.23496993988e-07 0.0208008031856 1.01232430198 0.987171065006
-1.22915831663e-07 0.0207472235348 1.01154535498 0.987967981638
-1.22334669339e-07 0.0206940299267 1.01078501958 0.98874702415
-1.21753507014e-07 0.0206423336205 1.01009671292 0.989456105794
-1.21172344689e-07 0.0205912940523 1.00943999911 0.990134501602
-1.20591182365e-07 0.0205412047055 1.0088289063 0.990768087934
-1.2001002004e-07 0.020492070126 1.00826365273 0.991356650422
-1.19428857715e-07 0.0204433565322 1.00771857469 0.99192517349
-1.18847695391e-07 0.0203959003971 1.00723375974 0.992433840037
-1.18266533066e-07 0.020348444262 1.00674894478 0.992942506584
-1.17685370741e-07 0.0203023875244 1.00633108289 0.993383916235
-1.17104208417e-07 0.0202564045421 1.00591674976 0.993821781108
-1.16523046092e-07 0.020211187706 1.00553901377 0.994222456269
-1.15941883768e-07 0.0201664925675 1.00518619813 0.994597807569
-1.15360721443e-07 0.0201220042558 1.00484324672 0.994963015002
-1.14779559118e-07 0.0200784303571 1.00454390662 0.995283374818
-1.14198396794e-07 0.0200348564585 1.00424456652 0.995603734635
-1.13617234469e-07 0.0199919798228 1.00397842901 0.995889525779
-1.13036072144e-07 0.0199493779919 1.00372537728 0.996161692737
-1.1245490982e-07 0.0199069373288 1.00347998775 0.996425778221
-1.11873747495e-07 0.0198651745643 1.00326682673 0.996655871671
-1.1129258517e-07 0.0198234117997 1.00305366571 0.996885965121
-1.10711422846e-07 0.0197820869976 1.00286129117 0.997093833368
-1.10130260521e-07 0.01974104523 1.00268234995 0.997287338513
-1.09549098196e-07 0.0197000034623 1.00250340872 0.997480843659
-1.08967935872e-07 0.0196595549009 1.00235257209 0.997643861881
-1.08386773547e-07 0.0196191297838 1.00220284619 0.997805675217
-1.07805611222e-07 0.0195788381227 1.00205943122 0.997960537054
-1.07224448898e-07 0.0195389378611 1.00193452496 0.998095011544
-1.06643286573e-07 0.0194990375994 1.00180961869 0.998229486034
-1.06062124248e-07 0.0194593519557 1.00169484144 0.998352620856
-1.05480961924e-07 0.0194198961781 1.00159091284 0.998463610352
-1.04899799599e-07 0.0193804404004 1.00148698425 0.998574599848
-1.04318637275e-07 0.0193412266002 1.00139445296 0.998672608939
-1.0373747495e-07 0.0193021452798 1.00130816157 0.99876351141
-1.03156312625e-07 0.0192630639594 1.00122187017 0.998854413881
-1.02575150301e-07 0.0192242156993 1.00114653442 0.998932611699
-1.01993987976e-07 0.0191854481295 1.00107499173 0.999006410909
-1.01412825651e-07 0.0191466805597 1.00100344903 0.999080210118
-1.00831663327e-07 0.0191081145562 1.00094136451 0.999142832905
-1.00250501002e-07 0.0190696083831 1.00088208743 0.999202138226
-9.96693386774e-08 0.0190311022099 1.00082281035 0.999261443548
-9.90881763527e-08 0.0189927539604 1.00077093325 0.999311833795
-9.85070140281e-08 0.0189544642758 1.00072180039 0.999358917945
-9.79258517034e-08 0.0189161745911 1.00067266753 0.999406002095
-9.73446893788e-08 0.0188779947142 1.00062867667 0.999446769689
-9.67635270541e-08 0.0188398832106 1.00058788756 0.999483604186
-9.61823647295e-08 0.018801771707 1.00054709845 0.999520438683
-9.56012024048e-08 0.0187637228226 1.00050924336 0.999553599948
-9.50200400802e-08 0.018725757011 1.00047528063 0.999581888181
-9.44388777555e-08 0.0186877911995 1.00044131791 0.999610176413
-9.38577154309e-08 0.0186498453052 1.0004082908 0.99963727259
-9.32765531062e-08 0.0186119977959 1.00037988527 0.999658480424
-9.26953907816e-08 0.0185741502866 1.00035147975 0.999679688258
-9.21142284569e-08 0.0185363027773 1.00032307423 0.999700896092
-9.15330661323e-08 0.0184985344287 1.00029840789 0.99971726907
-9.09519038076e-08 0.0184607822743 1.0002745065 0.999732652965
-9.0370741483e-08 0.0184230301198 1.00025060511 0.99974803686
-8.97895791583e-08 0.0183853094908 1.00022820773 0.999761456458
-8.92084168337e-08 0.0183476335902 1.00020794428 0.999772089106
-8.8627254509e-08 0.0183099576897 1.00018768082 0.999782721755
-8.80460921844e-08 0.0182722817891 1.00016741736 0.999793354404
-8.74649298597e-08 0.0182346612891 1.00014984054 0.999800469335
-8.68837675351e-08 0.0181970458505 1.00013250918 0.999807262883
-8.63026052104e-08 0.018159430412 1.00011517781 0.99981405643
-8.57214428858e-08 0.0181218309737 1.00009864234 0.999819816971
-8.51402805611e-08 0.0180842630343 1.00008367369 0.999823543889
-8.45591182365e-08 0.0180466950949 1.00006870505 0.999827270808
-8.39779559118e-08 0.0180091271554 1.0000537364 0.999830997726
-8.33967935872e-08 0.0179715840822 1.00004005249 0.999833098753
-8.28156312625e-08 0.0179340530805 1.00002699227 0.99983441048
-8.22344689379e-08 0.0178965220788 1.00001393204 0.999835722208
-8.16533066132e-08 0.017858991077 1.00000087182 0.999837033936
-8.10721442886e-08 0.0178214862989 0.999989242929 0.999836620656
-8.04909819639e-08 0.0177839836985 0.999977732903 0.999836064126
-7.99098196393e-08 0.0177464810981 0.999966222876 0.999835507596
-7.93286573146e-08 0.0177089803349 0.999954821185 0.999834830803
-7.874749499e-08 0.0176714992943 0.999944582454 0.999832863009
-7.81663326653e-08 0.0176340182537 0.999934343723 0.999830895215
-7.75851703407e-08 0.0175965372131 0.999924104992 0.99982892742
-7.7004008016e-08 0.0175590587011 0.999914032 0.999826797898
-7.64228456914e-08 0.0175215937871 0.999904850316 0.999823798639
-7.58416833667e-08 0.0174841288731 0.999895668633 0.99982079938
-7.52605210421e-08 0.0174466639592 0.999886486949 0.999817800121
-7.46793587174e-08 0.0174092006566 0.999877426887 0.999814703295
-7.40981963928e-08 0.0173717475967 0.999869139934 0.999810986274
-7.35170340681e-08 0.0173342945368 0.999860852982 0.999807269253
-7.29358717435e-08 0.0172968414769 0.999852566029 0.999803552233
-7.23547094188e-08 0.0172593885915 0.999844294896 0.999799825792
-7.17735470942e-08 0.0172219440623 0.99983678136 0.999795648219
-7.11923847695e-08 0.0171844995331 0.999829267825 0.999791470647
-7.06112224449e-08 0.0171470550039 0.99982175429 0.999787293074
-7.00300601202e-08 0.0171096104747 0.999814240754 0.999783115502
-6.94488977956e-08 0.0170721707753 0.999807279827 0.999778734633
-6.88677354709e-08 0.0170347322226 0.999800450097 0.999774305499
-6.82865731463e-08 0.0169972936699 0.999793620368 0.999769876364
-6.77054108216e-08 0.0169598551172 0.999786790639 0.99976544723
-6.7124248497e-08 0.0169224185714 0.999780267909 0.999760976525
-6.65430861723e-08 0.016884984059 0.999774056263 0.999756463697
-6.59619238477e-08 0.0168475495466 0.999767844617 0.99975195087
-6.5380761523e-08 0.0168101150343 0.99976163297 0.999747438042
-6.47995991984e-08 0.0167726807395 0.999755469073 0.999742929332
-6.42184368737e-08 0.0167352488228 0.999749827191 0.999738465635
-6.36372745491e-08 0.0166978169062 0.999744185309 0.999734001937
-6.30561122244e-08 0.0166603849895 0.999738543427 0.99972953824
-6.24749498998e-08 0.0166229530729 0.999732901546 0.999725074543
-6.18937875752e-08 0.0165855220284 0.999727562231 0.9997206971
-6.13126252505e-08 0.0165480916499 0.999722453907 0.999716385508
-6.07314629259e-08 0.0165106612714 0.999717345584 0.999712073916
-6.01503006012e-08 0.0164732308929 0.999712237261 0.999707762323
-5.95691382766e-08 0.0164358005144 0.999707128938 0.999703450731
-5.89879759519e-08 0.0163983708739 0.99970249758 0.999699355962
-5.84068136273e-08 0.0163609412772 0.999697894485 0.999695274042
-5.78256513026e-08 0.0163235116805 0.99969329139 0.999691192122
-5.7244488978e-08 0.0162860820838 0.999688688296 0.999687110202
-5.66633266533e-08 0.0162486525417 0.999684187396 0.999683088912
-5.60821643287e-08 0.0162112232021 0.999680065765 0.999679292637
-5.5501002004e-08 0.0161737938625 0.999675944133 0.999675496362
-5.49198396794e-08 0.0161363645229 0.999671822502 0.999671700086
-5.43386773547e-08 0.0160989351834 0.99966770087 0.999667903811
-5.37575150301e-08 0.0160615058098 0.999663748943 0.999664226875
-5.31763527054e-08 0.0160240763782 0.99966008707 0.999660753908
-5.25951903808e-08 0.0159866469466 0.999656425197 0.999657280942
-5.20140280561e-08 0.015949217515 0.999652763324 0.999653807976
-5.14328657315e-08 0.0159117880835 0.999649101452 0.999650335009
-5.08517034068e-08 0.0158743585241 0.999645620165 0.9996470044
-5.02705410822e-08 0.0158369287822 0.999642396596 0.999643876951
-4.96893787575e-08 0.0157994990404 0.999639173028 0.999640749503
-4.91082164329e-08 0.0157620692986 0.99963594946 0.999637622054
-4.85270541082e-08 0.0157246395568 0.999632725892 0.999634494606
-4.79458917836e-08 0.0156872096686 0.999629643 0.999631487162
-4.73647294589e-08 0.0156497794941 0.999626835319 0.999628714486
-4.67835671343e-08 0.0156123493196 0.999624027637 0.99962594181
-4.62024048096e-08 0.0155749191451 0.999621219955 0.999623169135
-4.5621242485e-08 0.0155374889706 0.999618412273 0.999620396459
-4.50400801603e-08 0.0155000587255 0.999615661444 0.999617675051
-4.44589178357e-08 0.0154626280642 0.999613245547 0.999615255668
-4.3877755511e-08 0.0154251974029 0.99961082965 0.999612836284
-4.32965931864e-08 0.0153877667416 0.999608413753 0.9996104169
-4.27154308617e-08 0.0153503360803 0.999605997856 0.999607997517
-4.21342685371e-08 0.015312905419 0.999603581958 0.999605578133
-4.15531062124e-08 0.0152754743481 0.999601469509 0.999603443415
-4.09719438878e-08 0.0152380431931 0.999599419313 0.999601367097
-4.03907815631e-08 0.0152006120381 0.999597369117 0.999599290779
-3.98096192385e-08 0.0151631808831 0.999595318921 0.999597214461
-3.92284569138e-08 0.0151257497282 0.999593268724 0.999595138144
-3.86472945892e-08 0.0150883183905 0.999591350001 0.999593188716
-3.80661322645e-08 0.0150508867662 0.999589637477 0.999591438299
-3.74849699399e-08 0.0150134551419 0.999587924954 0.999589687883
-3.69038076152e-08 0.0149760235176 0.99958621243 0.999587937467
-3.63226452906e-08 0.0149385918934 0.999584499906 0.99958618705
-3.57414829659e-08 0.0149011602691 0.999582787382 0.999584436634
-3.51603206413e-08 0.0148637282954 0.999581327709 0.999582935335
-3.45791583166e-08 0.0148262962455 0.999579923197 0.999581488382
-3.3997995992e-08 0.0147888641955 0.999578518685 0.999580041429
-3.34168336673e-08 0.0147514321456 0.999577114173 0.999578594476
-3.28356713427e-08 0.0147140000956 0.999575709661 0.999577147523
-3.2254509018e-08 0.0146765680006 0.999574338819 0.999575734246
-3.16733466934e-08 0.0146391355791 0.999573211554 0.999574564589
-3.10921843687e-08 0.0146017031576 0.999572084289 0.999573394932
-3.05110220441e-08 0.0145642707362 0.999570957024 0.999572225275
-2.99298597194e-08 0.0145268383147 0.999569829759 0.999571055618
-2.93486973948e-08 0.0144894058932 0.999568702494 0.99956988596
-2.87675350701e-08 0.0144519733816 0.999567646064 0.999568787938
-2.81863727455e-08 0.014414540647 0.999566764869 0.999567867132
-2.76052104208e-08 0.0143771079125 0.999565883675 0.999566946326
-2.70240480962e-08 0.0143396751779 0.999565002481 0.99956602552
-2.64428857715e-08 0.0143022424433 0.999564121286 0.999565104714
-2.58617234469e-08 0.0142648097087 0.999563240092 0.999564183907
-2.52805611222e-08 0.0142273768934 0.99956242715 0.999563332685
-2.46993987976e-08 0.0141899439041 0.999561761257 0.999562631381
-2.41182364729e-08 0.0141525109147 0.999561095363 0.999561930076
-2.35370741483e-08 0.0141150779254 0.99956042947 0.999561228772
-2.29559118236e-08 0.0140776449361 0.999559763577 0.999560527468
-2.2374749499e-08 0.0140402119467 0.999559097684 0.999559826163
-2.17935871743e-08 0.0140027789164 0.999558470011 0.999559164048
-2.12124248497e-08 0.0139653457279 0.999557989963 0.999558653301
-2.0631262525e-08 0.0139279125394 0.999557509916 0.999558142554
-2.00501002004e-08 0.0138904793508 0.999557029868 0.999557631808
-1.94689378758e-08 0.0138530461623 0.999556549821 0.999557121061
-1.88877755511e-08 0.0138156129737 0.999556069774 0.999556610314
-1.83066132265e-08 0.0137781797852 0.999555589726 0.999556099567
-1.77254509018e-08 0.013740746456 0.999555260501 0.999555744013
-1.71442885772e-08 0.0137033131195 0.999554939131 0.999555396543
-1.65631262525e-08 0.0136658797829 0.999554617761 0.999555049072
-1.59819639279e-08 0.0136284464464 0.999554296391 0.999554701601
-1.54008016032e-08 0.0135910131099 0.999553975021 0.99955435413
-1.48196392786e-08 0.0135535797734 0.999553653651 0.999554006659
-1.42384769539e-08 0.0135161463811 0.999553406179 0.999553735312
-1.36573146293e-08 0.0134787129429 0.999553219623 0.999553526715
-1.30761523046e-08 0.0134412795047 0.999553033067 0.999553318118
-1.249498998e-08 0.0134038460665 0.999552846511 0.999553109521
-1.19138276553e-08 0.0133664126283 0.999552659955 0.999552900924
-1.13326653307e-08 0.0133289791901 0.999552473399 0.999552692327
-1.0751503006e-08 0.0132915457519 0.999552286843 0.99955248373
-1.01703406814e-08 0.013254112254 0.999552215032 0.999552393093
-9.58917835671e-09 0.0132166787558 0.99955214378 0.999552303031
-9.00801603206e-09 0.0131792452576 0.999552072528 0.999552212969
-8.42685370741e-09 0.0131418117594 0.999552001277 0.999552122908
-7.84569138277e-09 0.0131043782611 0.999551930025 0.999552032846
-7.26452905812e-09 0.0130669447629 0.999551858773 0.999551942784
-6.68336673347e-09 0.0130295112584 0.999551816666 0.999551882502
-6.10220440882e-09 0.0129920777381 0.999551846633 0.999551895862
-5.52104208417e-09 0.0129546442179 0.999551876599 0.999551909221
-4.93987975952e-09 0.0129172106976 0.999551906566 0.999551922581
-4.35871743487e-09 0.0128797771774 0.999551936532 0.999551935941
-3.77755511022e-09 0.0128423436571 0.999551966498 0.9995519493
-3.19639278557e-09 0.0128049101369 0.999551996465 0.99955196266
-2.61523046092e-09 0.0127674766225 0.999552066031 0.999552016059
-2.03406813627e-09 0.0127300431161 0.999552189633 0.999552124095
-1.45290581162e-09 0.0126926096097 0.999552313235 0.999552232132
-8.71743486974e-10 0.0126551761033 0.999552436838 0.999552340168
-2.90581162324e-10 0.0126177425969 0.99955256044 0.999552448204
2.90581162325e-10 0.0125803090905 0.999552684043 0.99955255624
8.71743486974e-10 0.0125428755841 0.999552807645 0.999552664276
1.45290581162e-09 0.0125054420975 0.999552968358 0.99955280934
2.03406813627e-09 0.0124680086411 0.999553185594 0.999553010802
2.61523046092e-09 0.0124305751847 0.99955340283 0.999553212263
3.19639278557e-09 0.0123931417282 0.999553620067 0.999553413725
3.77755511022e-09 0.0123557082718 0.999553837303 0.999553615187
4.35871743487e-09 0.0123182748153 0.999554054539 0.999553816648
4.93987975952e-09 0.0122808413589 0.999554271775 0.99955401811
5.52104208417e-09 0.0122434079207 0.999554509915 0.999554240172
6.10220440882e-09 0.0122059745534 0.999554829408 0.999554542404
6.68336673347e-09 0.012168541186 0.9995551489 0.999554844636
7.26452905812e-09 0.0121311078187 0.999555468393 0.999555146868
7.84569138277e-09 0.0120936744514 0.999555787885 0.9995554491
8.42685370742e-09 0.0120562410841 0.999556107378 0.999555751331
9.00801603206e-09 0.0120188077168 0.999556426871 0.999556053563
9.58917835671e-09 0.0119813743495 0.999556746363 0.999556355795
1.01703406814e-08 0.0119439410957 0.999557167442 0.999556757332
1.0751503006e-08 0.0119065078631 0.9995576074 0.999557177324
1.13326653307e-08 0.0118690746305 0.999558047359 0.999557597317
1.19138276553e-08 0.0118316413979 0.999558487317 0.999558017309
1.249498998e-08 0.0117942081653 0.999558927275 0.999558437301
1.30761523046e-08 0.0117567749328 0.999559367233 0.999558857294
1.36573146293e-08 0.0117193417002 0.999559807192 0.999559277286
1.42384769539e-08 0.0116819085265 0.999560293193 0.999559742179
1.48196392786e-08 0.0116444754845 0.999560882199 0.999560307521
1.54008016032e-08 0.0116070424426 0.999561471205 0.999560872863
1.59819639279e-08 0.0115696094007 0.999562060211 0.999561438205
1.65631262525e-08 0.0115321763587 0.999562649217 0.999562003547
1.71442885772e-08 0.0114947433168 0.999563238223 0.999562568889
1.77254509018e-08 0.0114573102748 0.999563827229 0.999563134231
1.83066132265e-08 0.0114198772329 0.999564416235 0.999563699572
1.88877755511e-08 0.0113824443467 0.999565117797 0.999564375003
1.94689378758e-08 0.0113450115654 0.999565895257 0.999565124666
2.00501002004e-08 0.0113075787841 0.999566672716 0.99956587433
2.06312625251e-08 0.0112701460028 0.999567450176 0.999566623993
2.12124248497e-08 0.0112327132215 0.999568227635 0.999567373657
2.17935871743e-08 0.0111952804402 0.999569005095 0.99956812332
2.2374749499e-08 0.0111578476589 0.999569782554 0.999568872984
2.29559118236e-08 0.0111204148776 0.999570560013 0.999569622647
2.35370741483e-08 0.0110829823409 0.999571505433 0.999570537916
2.41182364729e-08 0.0110455499069 0.999572521422 0.999571522765
2.46993987976e-08 0.011008117473 0.999573537411 0.999572507614
2.52805611222e-08 0.0109706850391 0.9995745534 0.999573492463
2.58617234469e-08 0.0109332526051 0.99957556939 0.999574477313
2.64428857715e-08 0.0108958201712 0.999576585379 0.999575462162
2.70240480962e-08 0.0108583877373 0.999577601368 0.999576447011
2.76052104208e-08 0.0108209553033 0.999578617357 0.999577431861
2.81863727455e-08 0.0107835231509 0.99957981973 0.999578603082
2.87675350701e-08 0.0107460911671 0.999581133791 0.999579885984
2.93486973948e-08 0.0107086591833 0.999582447852 0.999581168887
2.99298597194e-08 0.0106712271995 0.999583761913 0.99958245179
3.05110220441e-08 0.0106337952157 0.999585075974 0.999583734693
3.10921843687e-08 0.0105963632319 0.999586390036 0.999585017596
3.16733466934e-08 0.0105589312481 0.999587704097 0.999586300498
3.2254509018e-08 0.0105214992643 0.999589018158 0.999587583401
3.28356713427e-08 0.0104840674801 0.999590461962 0.999588999055
3.34168336673e-08 0.0104466360561 0.99959214012 0.999590654496
3.3997995992e-08 0.0104092046322 0.999593818277 0.999592309936
3.45791583166e-08 0.0103717732083 0.999595496434 0.999593965376
3.51603206413e-08 0.0103343417844 0.999597174592 0.999595620816
3.57414829659e-08 0.0102969103605 0.999598852749 0.999597276256
3.63226452906e-08 0.0102594789366 0.999600530907 0.999598931697
3.69038076152e-08 0.0102220475126 0.999602209064 0.999600587137
3.74849699399e-08 0.0101846160887 0.999603887221 0.999602242577
3.80661322645e-08 0.0101471852441 0.999605949848 0.999604306744
3.86472945892e-08 0.0101097544689 0.999608058632 0.999606419981
3.92284569138e-08 0.0100723236938 0.999610167416 0.999608533217
3.98096192385e-08 0.0100348929187 0.9996122762 0.999610646454
4.03907815631e-08 0.00999746214355 0.999614384984 0.99961275969
4.09719438878e-08 0.00996003136843 0.999616493768 0.999614872927
4.15531062124e-08 0.00992260059331 0.999618602552 0.999616986163
4.21342685371e-08 0.00988516981818 0.999620711336 0.9996190994
4.27154308617e-08 0.0098477391923 0.999622932113 0.999621339894
4.32965931864e-08 0.00981030906568 0.999625527551 0.999624006117
4.3877755511e-08 0.00977287893906 0.999628122989 0.999626672341
4.44589178357e-08 0.00973544881244 0.999630718427 0.999629338564
4.50400801603e-08 0.00969801868582 0.999633313865 0.999632004788
4.5621242485e-08 0.00966058855921 0.999635909303 0.999634671011
4.62024048096e-08 0.00962315843259 0.999638504741 0.999637337235
4.67835671343e-08 0.00958572830597 0.999641100178 0.999640003458
4.73647294589e-08 0.00954829817935 0.999643695616 0.999642669682
4.79458917836e-08 0.00951086819991 0.999646477432 0.999645575425
4.85270541082e-08 0.00947343847807 0.999649585459 0.999648900395
4.91082164329e-08 0.00943600875622 0.999652693486 0.999652225364
4.96893787575e-08 0.00939857903438 0.999655801513 0.999655550334
5.02705410822e-08 0.00936114931254 0.99965890954 0.999658875303
5.08517034068e-08 0.00932371959069 0.999662017568 0.999662200272
5.14328657315e-08 0.00928628986885 0.999665125595 0.999665525242
5.20140280561e-08 0.00924886014701 0.999668233622 0.999668850211
5.25951903808e-08 0.00921143042516 0.999671341649 0.99967217518
5.31763527054e-08 0.00917400058297 0.999674586365 0.999675725417
5.37575150301e-08 0.00913657044386 0.99967816829 0.999679831385
5.43386773547e-08 0.00909914030476 0.999681750215 0.999683937352
5.49198396794e-08 0.00906171016565 0.99968533214 0.99968804332
5.5501002004e-08 0.00902428002655 0.999688914065 0.999692149288
5.60821643287e-08 0.00898684988745 0.99969249599 0.999696255255
5.66633266533e-08 0.00894941974834 0.999696077915 0.999700361223
5.7244488978e-08 0.00891198960924 0.99969965984 0.999704467191
5.78256513026e-08 0.00887455947013 0.999703241765 0.999708573158
5.84068136273e-08 0.00883712933103 0.99970682369 0.999712679126
5.89879759519e-08 0.00879969666121 0.999710714771 0.999717724717
5.95691382766e-08 0.00876226399069 0.999714605939 0.999722770571
6.01503006012e-08 0.00872483132016 0.999718497106 0.999727816424
6.07314629259e-08 0.00868739864964 0.999722388274 0.999732862277
6.13126252505e-08 0.00864996597912 0.999726279441 0.99973790813
6.18937875752e-08 0.00861253330859 0.999730170609 0.999742953983
6.24749498998e-08 0.00857510063807 0.999734061776 0.999747999836
6.30561122244e-08 0.00853766796755 0.999737952943 0.999753045689
6.36372745491e-08 0.00850023529702 0.999741844111 0.999758091543
6.42184368737e-08 0.00846279895859 0.999745689783 0.999763723252
6.47995991984e-08 0.00842535883955 0.999749488563 0.999769958819
6.5380761523e-08 0.0083879187205 0.999753287342 0.999776194386
6.59619238477e-08 0.00835047860146 0.999757086121 0.999782429953
6.65430861723e-08 0.00831303848242 0.9997608849 0.99978866552
6.7124248497e-08 0.00827559836337 0.99976468368 0.999794901087
6.77054108216e-08 0.00823815824433 0.999768482459 0.999801136654
6.82865731463e-08 0.00820071812529 0.999772281238 0.999807372221
6.88677354709e-08 0.00816327800625 0.999776080018 0.999813607788
6.94488977956e-08 0.0081258378872 0.999779878797 0.999819843355
7.00300601202e-08 0.008088383786 0.999782963998 0.999827344759
7.06112224449e-08 0.00805092530398 0.999785825624 0.999835242769
7.11923847695e-08 0.00801346682196 0.99978868725 0.99984314078
7.17735470942e-08 0.00797600833994 0.999791548877 0.99985103879
7.23547094188e-08 0.00793854985792 0.999794410503 0.9998589368
7.29358717435e-08 0.0079010913759 0.999797272129 0.99986683481
7.35170340681e-08 0.00786363289387 0.999800133755 0.999874732821
7.40981963928e-08 0.00782617441185 0.999802995381 0.999882630831
7.46793587174e-08 0.00778871592983 0.999805857008 0.999890528841
7.52605210421e-08 0.00775125744781 0.999808718634 0.999898426851
7.58416833667e-08 0.00771376526659 0.999809481113 0.999908457906
7.64228456914e-08 0.00767626473672 0.999809723549 0.999919017403
7.7004008016e-08 0.00763876420685 0.999809965985 0.999929576899
7.75851703407e-08 0.00760126367698 0.999810208421 0.999940136395
7.81663326653e-08 0.00756376314712 0.999810450858 0.999950695892
7.874749499e-08 0.00752626261725 0.999810693294 0.999961255388
7.93286573146e-08 0.00748876208738 0.99981093573 0.999971814884
7.99098196393e-08 0.00745126155751 0.999811178166 0.999982374381
8.04909819639e-08 0.00741376102764 0.999811420602 0.999992933877
8.10721442886e-08 0.00737626049777 0.999811663038 1.00000349337
8.16533066132e-08 0.00733870354503 0.99980831503 1.00001700548
8.22344689379e-08 0.00730111007635 0.999802643347 1.00003242847
8.28156312625e-08 0.00726351660768 0.999796971664 1.00004785146
8.33967935872e-08 0.00722592313901 0.999791299981 1.00006327445
8.39779559118e-08 0.00718832967034 0.999785628299 1.00007869744
8.45591182365e-08 0.00715073620167 0.999779956616 1.00009412043
8.51402805611e-08 0.007113142733 0.999774284933 1.00010954342
8.57214428858e-08 0.00707554926432 0.99976861325 1.00012496641
8.63026052104e-08 0.00703795579565 0.999762941567 1.0001403894
8.68837675351e-08 0.00700036232698 0.999757269884 1.00015581239
8.74649298597e-08 0.00696273393769 0.99974945656 1.00017292145
8.80460921844e-08 0.00692493845436 0.999731395547 1.0001980983
8.8627254509e-08 0.00688714297102 0.999713334534 1.00022327516
8.92084168337e-08 0.00684934748769 0.999695273522 1.00024845202
8.97895791583e-08 0.00681155200436 0.999677212509 1.00027362888
9.0370741483e-08 0.00677375652103 0.999659151497 1.00029880573
9.09519038076e-08 0.0067359610377 0.999641090484 1.00032398259
9.15330661323e-08 0.00669816555437 0.999623029471 1.00034915945
9.21142284569e-08 0.00666037007103 0.999604968459 1.0003743363
9.26953907816e-08 0.0066225745877 0.999586907446 1.00039951316
9.32765531062e-08 0.00658477910437 0.999568846434 1.00042469002
9.38577154309e-08 0.00654676848656 0.999538317089 1.0004600119
9.44388777555e-08 0.00650853671196 0.999494970385 1.00050576281
9.50200400802e-08 0.00647030493737 0.99945162368 1.00055151371
9.56012024048e-08 0.00643207316278 0.999408276975 1.00059726462
9.61823647295e-08 0.00639384138819 0.999364930271 1.00064301552
9.67635270541e-08 0.0063556096136 0.999321583566 1.00068876642
9.73446893788e-08 0.00631737783901 0.999278236861 1.00073451733
9.79258517034e-08 0.00627914606442 0.999234890157 1.00078026823
9.85070140281e-08 0.00624091428983 0.999191543452 1.00082601914
9.90881763527e-08 0.00620268251523 0.999148196748 1.00087177004
9.96693386774e-08 0.00616445074064 0.999104850043 1.00091752094
1.00250501002e-07 0.00612568951107 0.999032597475 1.00098822951
1.00831663327e-07 0.00608651569446 0.998937819509 1.00107838676
1.01412825651e-07 0.00604734187785 0.998843041543 1.00116854402
1.01993987976e-07 0.00600816806125 0.998748263578 1.00125870127
1.02575150301e-07 0.00596899424464 0.998653485612 1.00134885853
1.03156312625e-07 0.00592982042804 0.998558707646 1.00143901578
1.0373747495e-07 0.00589064661143 0.99846392968 1.00152917304
1.04318637275e-07 0.00585147279482 0.998369151714 1.00161933029
1.04899799599e-07 0.00581229897822 0.998274373748 1.00170948755
1.05480961924e-07 0.00577312516161 0.998179595782 1.0017996448
1.06062124248e-07 0.00573395134501 0.998084817817 1.00188980206
1.06643286573e-07 0.00569401448823 0.997950641599 1.00201615301
1.07224448898e-07 0.00565279904107 0.997750447592 1.00220315201
1.07805611222e-07 0.00561158359392 0.997550253584 1.00239015102
1.08386773547e-07 0.00557036814676 0.997350059577 1.00257715003
1.08967935872e-07 0.00552915269961 0.997149865569 1.00276414903
1.09549098196e-07 0.00548793725245 0.996949671562 1.00295114804
1.10130260521e-07 0.0054467218053 0.996749477554 1.00313814705
1.10711422846e-07 0.00540550635814 0.996549283547 1.00332514605
1.1129258517e-07 0.00536429091099 0.99634908954 1.00351214506
1.11873747495e-07 0.00532307546383 0.996148895532 1.00369914407
1.1245490982e-07 0.00528186001667 0.995948701525 1.00388614307
1.13036072144e-07 0.00524064456952 0.995748507517 1.00407314208
1.13617234469e-07 0.00519532279679 0.995346666789 1.00445629367
1.14198396794e-07 0.00514965450467 0.994927809753 1.00485599793
1.14779559118e-07 0.00510398621255 0.994508952716 1.0052557022
1.15360721443e-07 0.00505831792043 0.99409009568 1.00565540647
1.15941883768e-07 0.00501264962832 0.993671238644 1.00605511073
1.16523046092e-07 0.0049669813362 0.993252381608 1.006454815
1.17104208417e-07 0.00492131304408 0.992833524572 1.00685451926
1.17685370741e-07 0.00487564475196 0.992414667536 1.00725422353
1.18266533066e-07 0.00482997645984 0.9919958105 1.00765392779
1.18847695391e-07 0.00478430816772 0.991576953463 1.00805363206
1.19428857715e-07 0.0047386398756 0.991158096427 1.00845333632
1.2001002004e-07 0.00469100199949 0.990646977425 1.00894793965
1.20591182365e-07 0.00463554223344 0.98976945468 1.00981941952
1.21172344689e-07 0.00458008246739 0.988891931936 1.01069089939
1.21753507014e-07 0.00452462270134 0.988014409191 1.01156237926
1.22334669339e-07 0.00446916293529 0.987136886447 1.01243385913
1.22915831663e-07 0.00441370316924 0.986259363702 1.013305339
1.23496993988e-07 0.00435824340319 0.985381840958 1.01417681887
1.24078156313e-07 0.00430278363714 0.984504318213 1.01504829874
1.24659318637e-07 0.00424732387109 0.983626795469 1.01591977861
1.25240480962e-07 0.00419186410504 0.982749272724 1.01679125848
1.25821643287e-07 0.00413640433899 0.98187174998 1.01766273835
1.26402805611e-07 0.00408094457294 0.980994227235 1.01853421822
1.26983967936e-07 0.00402104346152 0.979919173849 1.01962334278
1.27565130261e-07 0.00394384627421 0.978074870455 1.02156004815
1.28146292585e-07 0.0038666490869 0.976230567061 1.02349675351
1.2872745491e-07 0.00378945189959 0.974386263667 1.02543345888
1.29308617234e-07 0.00371225471228 0.972541960272 1.02737016424
1.29889779559e-07 0.00363505752497 0.970697656878 1.02930686961
1.30470941884e-07 0.00355786033766 0.968853353484 1.03124357497
1.31052104208e-07 0.00348066315035 0.967009050089 1.03318028034
1.31633266533e-07 0.00340346596304 0.965164746695 1.0351169857
1.32214428858e-07 0.00332626877574 0.963320443301 1.03705369107
1.32795591182e-07 0.00324907158843 0.961476139906 1.03899039643
1.33376753507e-07 0.00317187440112 0.959631836512 1.04092710179
1.33957915832e-07 0.00309467721381 0.957787533118 1.04286380716
1.34539078156e-07 0.00297234797699 0.954078181189 1.04710501807
1.35120240481e-07 0.00284636914907 0.95021801261 1.05153258221
1.35701402806e-07 0.00272039032115 0.946357844031 1.05596014634
1.3628256513e-07 0.00259441149323 0.942497675452 1.06038771048
1.36863727455e-07 0.00246843266531 0.938637506874 1.06481527461
1.3744488978e-07 0.00234245383739 0.934777338295 1.06924283875
1.38026052104e-07 0.00221647500947 0.930917169716 1.07367040289
1.38607214429e-07 0.00209049618155 0.927057001137 1.07809796702
1.39188376754e-07 0.00196451735363 0.923196832558 1.08252553116
1.39769539078e-07 0.00183853852571 0.919336663979 1.08695309529
1.40350701403e-07 0.0017125596978 0.9154764954 1.09138065943
1.40931863727e-07 0.00158658086988 0.911616326821 1.09580822356
1.41513026052e-07 0.00142101376963 0.906245318144 1.10235571317
1.42094188377e-07 0.00118417814136 0.898154429472 1.11271958471
1.42675350701e-07 0.000947342513086 0.8900635408 1.12308345626
1.43256513026e-07 0.000710506884814 0.881972652128 1.1334473278
1.43837675351e-07 0.000473671256543 0.873881763457 1.14381119935
1.44418837675e-07 0.000236835628271 0.865790874785 1.15417507089
1.45e-07 0 0.857699986113 1.16453894244
