-1.45e-07 0.023776378854 1.55460470991 0.639194080541
-1.44418837675e-07 0.0231058726294 1.51495292301 0.656056072738
-1.43837675351e-07 0.0224718045924 1.47812438959 0.672292322515
-1.43256513026e-07 0.021882432895 1.44486054095 0.68782197245
-1.42675350701e-07 0.0213278327574 1.41423161552 0.702758268571
-1.42094188377e-07 0.0208019174201 1.38571219776 0.717182920883
-1.41513026052e-07 0.0203025925481 1.35910724406 0.731118984081
-1.40931863727e-07 0.0198422792733 1.33518984249 0.744292711798
-1.40350701403e-07 0.0194055616669 1.31282772704 0.756976809952
-1.39769539078e-07 0.0189894563621 1.2918072109 0.769225730326
-1.39188376754e-07 0.0186025619139 1.27263311093 0.780833942897
-1.38607214429e-07 0.0182388653353 1.25486836962 0.791906618361
-1.38026052104e-07 0.0178909096792 1.23804718031 0.802609516224
-1.3744488978e-07 0.017568239461 1.22270577564 0.812700464295
-1.36863727455e-07 0.017263923614 1.20840135402 0.822327445497
-1.3628256513e-07 0.0169714745427 1.19476494728 0.831653086776
-1.35701402806e-07 0.0167045794768 1.18252531118 0.840306345293
-1.35120240481e-07 0.0164483123342 1.17084886675 0.848669452223
-1.34539078156e-07 0.0162063649784 1.15993125211 0.856641616468
-1.33957915832e-07 0.0159820855893 1.1499231723 0.864114799515
-1.33376753507e-07 0.0157646144229 1.14026370004 0.871394482853
-1.32795591182e-07 0.0155671324162 1.13160586121 0.878091792029
-1.32214428858e-07 0.0153760222447 1.12325940055 0.884598092999
-1.31633266533e-07 0.015198235153 1.11556401078 0.890705008633
-1.31052104208e-07 0.0150302695355 1.10833755001 0.89650972728
-1.30470941884e-07 0.0148706020749 1.10150728704 0.902059119897
-1.29889779559e-07 0.0147228855607 1.09523550054 0.907231930695
-1.29308617234e-07 0.0145798484481 1.0891823859 0.912257290614
-1.2872745491e-07 0.0144497882912 1.08372380932 0.916864763731
-1.28146292585e-07 0.014321976919 1.07836826062 0.92139982098
-1.27565130261e-07 0.0142072643493 1.07360201737 0.925504653609
-1.26983967936e-07 0.0140933572787 1.06887201294 0.929583029959
-1.26402805611e-07 0.0139919484241 1.06469500404 0.933243480641
-1.25821643287e-07 0.0138907056856 1.0605253451 0.936898376599
-1.25240480962e-07 0.0138008022681 1.05684982893 0.940167889869
-1.24659318637e-07 0.0137110634666 1.05318148637 0.943431808436
-1.24078156313e-07 0.0136310934143 1.0499329873 0.946358812795
-1.23496993988e-07 0.0135517756384 1.04671252191 0.949263320809
-1.22915831663e-07 0.0134803737728 1.04382801674 0.951891179913
-1.22334669339e-07 0.0134104693149 1.04100706327 0.954466706915
-1.21753507014e-07 0.0133464582752 1.03843340328 0.956833801932
-1.21172344689e-07 0.0132850321729 1.03596820975 0.959109475702
-1.20591182365e-07 0.0132274037439 1.03366074329 0.961249395957
-1.2001002004e-07 0.0131735911565 1.03151175848 0.963252913243
-1.19428857715e-07 0.0131214881573 1.02943312525 0.965194732345
-1.18847695391e-07 0.0130744915939 1.02756462788 0.966952262736
-1.18266533066e-07 0.0130274950305 1.02569613051 0.968709793128
-1.17685370741e-07 0.0129862768984 1.02406346517 0.97025699881
-1.17104208417e-07 0.0129453633188 1.02244322936 0.971793119318
-1.16523046092e-07 0.0129076690073 1.02095341377 0.973211173013
-1.15941883768e-07 0.0128721668151 1.01955240615 0.97454883062
-1.15360721443e-07 0.0128375497008 1.01818702044 0.975853809145
-1.14779559118e-07 0.0128068456526 1.01697912473 0.977014308385
-1.14198396794e-07 0.0127761416045 1.01577122902 0.978174807624
-1.13617234469e-07 0.0127484789758 1.01468503124 0.979222341873
-1.13036072144e-07 0.0127220150298 1.01364679698 0.980225354421
-1.1245490982e-07 0.0126962683239 1.01263711475 0.981201587326
-1.11873747495e-07 0.0126735384504 1.01174752718 0.982065180566
-1.1129258517e-07 0.012650808577 1.01085793961 0.982928773806
-1.10711422846e-07 0.012630069196 1.01004723186 0.983717705574
-1.10130260521e-07 0.0126106161762 1.00928750041 0.984458387157
-1.09549098196e-07 0.0125911631565 1.00852776896 0.98519906874
-1.08967935872e-07 0.0125744664553 1.00787683267 0.985835946755
-1.08386773547e-07 0.0125578786877 1.00723019612 0.986468722308
-1.07805611222e-07 0.0125419256095 1.00660852471 0.987077511312
-1.07224448898e-07 0.0125278339482 1.00606007101 0.987615952595
-1.06643286573e-07 0.0125137422868 1.00551161732 0.988154393877
-1.06062124248e-07 0.0125006966208 1.00500418312 0.988653183611
-1.05480961924e-07 0.0124887712659 1.00454068276 0.989109504635
-1.04899799599e-07 0.012476845911 1.00407718239 0.989565825658
-1.04318637275e-07 0.0124661307843 1.00366101787 0.98997614815
-1.0373747495e-07 0.0124560782435 1.00327076918 0.990361286979
-1.03156312625e-07 0.0124460257026 1.00288052049 0.990746425808
-1.02575150301e-07 0.0124371710927 1.00253702079 0.991085929738
-1.01993987976e-07 0.0124287312307 1.00220970654 0.991409633939
-1.01412825651e-07 0.0124202913688 1.00188239229 0.99173333814
-1.00831663327e-07 0.0124129179976 1.00159661672 0.992016335088
-1.00250501002e-07 0.0124058611897 1.00132317097 0.992287249021
-9.96693386774e-08 0.0123988043818 1.00104972522 0.992558162953
-9.90881763527e-08 0.0123926092408 1.00080978461 0.992796132549
-9.85070140281e-08 0.0123867336433 1.00058226918 0.993021884952
-9.79258517034e-08 0.0123808580458 1.00035475374 0.993247637354
-9.73446893788e-08 0.0123756015202 1.0001512762 0.993449686849
-9.67635270541e-08 0.012370730469 0.999962766209 0.99363697737
-9.61823647295e-08 0.0123658594179 0.999774256223 0.993824267892
-9.56012024048e-08 0.0123613539581 0.99959992465 0.993997543777
-9.50200400802e-08 0.0123573335045 0.999444402645 0.994152227365
-9.44388777555e-08 0.0123533130509 0.999288880641 0.994306910953
-9.38577154309e-08 0.0123494133188 0.999138035703 0.994456962057
-9.32765531062e-08 0.0123461099088 0.999010293857 0.994584130293
-9.26953907816e-08 0.0123428064989 0.998882552011 0.994711298529
-9.21142284569e-08 0.012339503089 0.998754810165 0.994838466764
-9.15330661323e-08 0.0123366992027 0.998646404602 0.994946450149
-9.09519038076e-08 0.0123339975057 0.998541954729 0.995050508822
-9.0370741483e-08 0.0123312958087 0.998437504856 0.995154567495
-8.97895791583e-08 0.0123288018941 0.998341092359 0.995250640283
-8.92084168337e-08 0.0123266027817 0.998256083309 0.995335382677
-8.8627254509e-08 0.0123244036693 0.998171074259 0.995420125072
-8.80460921844e-08 0.0123222045569 0.998086065209 0.995504867466
-8.74649298597e-08 0.0123203882597 0.998015855263 0.995574887986
-8.68837675351e-08 0.0123186069371 0.997946997387 0.995643563494
-8.63026052104e-08 0.0123168256145 0.99787813951 0.995712239002
-8.57214428858e-08 0.0123151607123 0.997813780062 0.995776435129
-8.51402805611e-08 0.0123137250004 0.997758276414 0.99583181296
-8.45591182365e-08 0.0123122892884 0.997702772766 0.99588719079
-8.39779559118e-08 0.0123108535764 0.997647269118 0.995942568621
-8.33967935872e-08 0.012309609373 0.99759916226 0.995990574994
-8.28156312625e-08 0.0123084581384 0.997554646214 0.996035002855
-8.22344689379e-08 0.0123073069039 0.997510130168 0.996079430715
-8.16533066132e-08 0.0123061556693 0.997465614122 0.996123858576
-8.10721442886e-08 0.0123052195362 0.997429403361 0.996160004102
-8.04909819639e-08 0.0123043012657 0.997393882295 0.99619546184
-7.99098196393e-08 0.0123033829952 0.997358361228 0.996230919578
-7.93286573146e-08 0.0123024808974 0.99732346444 0.99626575443
-7.874749499e-08 0.0123017524109 0.997295269159 0.996293902706
-7.81663326653e-08 0.0123010239244 0.997267073877 0.996322050982
-7.75851703407e-08 0.012300295438 0.997238878596 0.996350199258
-7.7004008016e-08 0.0122995910636 0.997211613859 0.996377418665
-7.64228456914e-08 0.0122990163594 0.997189353402 0.996399642799
-7.58416833667e-08 0.0122984416551 0.997167092945 0.996421866934
-7.52605210421e-08 0.0122978669509 0.997144832488 0.996444091069
-7.46793587174e-08 0.0122973090927 0.997123222047 0.996465666139
-7.40981963928e-08 0.0122968583182 0.997105743526 0.996483115334
-7.35170340681e-08 0.0122964075437 0.997088265005 0.99650056453
-7.29358717435e-08 0.0122959567693 0.997070786485 0.996518013725
-7.23547094188e-08 0.0122955080262 0.997053386336 0.996535384642
-7.17735470942e-08 0.0122951565661 0.99703973945 0.996549006821
-7.11923847695e-08 0.0122948051059 0.997026092564 0.996562628999
-7.06112224449e-08 0.0122944536458 0.997012445677 0.996576251178
-7.00300601202e-08 0.0122941021857 0.996998798791 0.996589873357
-6.94488977956e-08 0.0122938146759 0.996987618932 0.996601031013
-6.88677354709e-08 0.0122935423491 0.996977024786 0.996611603552
-6.82865731463e-08 0.0122932700222 0.996966430641 0.99662217609
-6.77054108216e-08 0.0122929976953 0.996955836495 0.996632748629
-6.7124248497e-08 0.0122927565035 0.996946443378 0.996642121205
-6.65430861723e-08 0.012292546861 0.996938267265 0.996650277857
-6.59619238477e-08 0.0122923372185 0.996930091152 0.996658434509
-6.5380761523e-08 0.012292127576 0.996921915039 0.996666591162
-6.47995991984e-08 0.0122919220698 0.996913898481 0.996674588389
-6.42184368737e-08 0.0122917617848 0.996907626254 0.996680842712
-6.36372745491e-08 0.0122916014998 0.996901354027 0.996687097035
-6.30561122244e-08 0.0122914412148 0.9968950818 0.996693351358
-6.24749498998e-08 0.0122912809297 0.996888809573 0.996699605681
-6.18937875752e-08 0.0122911425485 0.996883382245 0.996705015784
-6.13126252505e-08 0.0122910208896 0.996878599946 0.996709781376
-6.07314629259e-08 0.0122908992306 0.996873817648 0.996714546968
-6.01503006012e-08 0.0122907775717 0.996869035349 0.99671931256
-5.95691382766e-08 0.0122906559128 0.996864253051 0.996724078152
-5.89879759519e-08 0.012290562612 0.996860564642 0.996727750784
-5.84068136273e-08 0.0122904709916 0.996856941054 0.996731358652
-5.78256513026e-08 0.0122903793713 0.996853317465 0.99673496652
-5.7244488978e-08 0.0122902877509 0.996849693876 0.996738574388
-5.66633266533e-08 0.0122902010573 0.996846260341 0.996741992386
-5.60821643287e-08 0.0122901326476 0.996843532131 0.996744705738
-5.5501002004e-08 0.0122900642379 0.996840803922 0.996747419091
-5.49198396794e-08 0.0122899958282 0.996838075712 0.996750132444
-5.43386773547e-08 0.0122899274185 0.996835347502 0.996752845796
-5.37575150301e-08 0.0122898655854 0.996832873019 0.996755305719
-5.31763527054e-08 0.0122898149929 0.996830832195 0.996757332485
-5.25951903808e-08 0.0122897644003 0.996828791371 0.996759359251
-5.20140280561e-08 0.0122897138077 0.996826750547 0.996761386017
-5.14328657315e-08 0.0122896632151 0.996824709724 0.996763412783
-5.08517034068e-08 0.0122896182198 0.996822884873 0.996765223892
-5.02705410822e-08 0.0122895812123 0.996821368243 0.996766727232
-4.96893787575e-08 0.0122895442049 0.996819851614 0.996768230571
-4.91082164329e-08 0.0122895071975 0.996818334984 0.996769733911
-4.85270541082e-08 0.01228947019 0.996816818354 0.99677123725
-4.79458917836e-08 0.0122894366623 0.996815436022 0.996772606549
-4.73647294589e-08 0.012289409942 0.99681431642 0.996773713617
-4.67835671343e-08 0.0122893832218 0.996813196818 0.996774820686
-4.62024048096e-08 0.0122893565015 0.996812077216 0.996775927754
-4.5621242485e-08 0.0122893297813 0.996810957614 0.996777034823
-4.50400801603e-08 0.0122893041835 0.996809881346 0.996778098667
-4.44589178357e-08 0.0122892851982 0.996809060366 0.996778907872
-4.3877755511e-08 0.012289266213 0.996808239386 0.996779717076
-4.32965931864e-08 0.0122892472278 0.996807418406 0.996780526281
-4.27154308617e-08 0.0122892282425 0.996806597426 0.996781335485
-4.21342685371e-08 0.0122892092573 0.996805776447 0.99678214469
-4.15531062124e-08 0.0122891950631 0.996805140517 0.996782769481
-4.09719438878e-08 0.0122891818518 0.996804542551 0.996783356438
-4.03907815631e-08 0.0122891686405 0.996803944585 0.996783943395
-3.98096192385e-08 0.0122891554292 0.996803346619 0.996784530353
-3.92284569138e-08 0.012289142218 0.996802748653 0.99678511731
-3.86472945892e-08 0.0122891306723 0.996802215063 0.996785640195
-3.80661322645e-08 0.0122891217391 0.996801782439 0.996786062591
-3.74849699399e-08 0.0122891128059 0.996801349814 0.996786484987
-3.69038076152e-08 0.0122891038727 0.99680091719 0.996786907383
-3.63226452906e-08 0.0122890949395 0.996800484566 0.996787329779
-3.57414829659e-08 0.0122890860063 0.996800051941 0.996787752175
-3.51603206413e-08 0.0122890796551 0.996799719199 0.996788075341
-3.45791583166e-08 0.0122890738671 0.996799408246 0.996788376861
-3.3997995992e-08 0.0122890680792 0.996799097293 0.99678867838
-3.34168336673e-08 0.0122890622912 0.996798786341 0.9967889799
-3.28356713427e-08 0.0122890565032 0.996798475388 0.996789281419
-3.2254509018e-08 0.0122890509938 0.996798175225 0.996789572248
-3.16733466934e-08 0.0122890474996 0.99679795312 0.996789785733
-3.10921843687e-08 0.0122890440054 0.996797731014 0.996789999218
-3.05110220441e-08 0.0122890405111 0.996797508908 0.996790212703
-2.99298597194e-08 0.0122890370169 0.996797286802 0.996790426189
-2.93486973948e-08 0.0122890335227 0.996797064696 0.996790639674
-2.87675350701e-08 0.0122890305058 0.996796861114 0.996790834874
-2.81863727455e-08 0.0122890286697 0.99679670336 0.99679098484
-2.76052104208e-08 0.0122890268337 0.996796545605 0.996791134805
-2.70240480962e-08 0.0122890249976 0.99679638785 0.99679128477
-2.64428857715e-08 0.0122890231616 0.996796230095 0.996791434736
-2.58617234469e-08 0.0122890213255 0.99679607234 0.996791584701
-2.52805611222e-08 0.0122890198657 0.996795929228 0.996791720293
-2.46993987976e-08 0.0122890192166 0.996795817665 0.996791824917
-2.41182364729e-08 0.0122890185676 0.996795706101 0.996791929541
-2.35370741483e-08 0.0122890179185 0.996795594538 0.996792034166
-2.29559118236e-08 0.0122890172694 0.996795482974 0.99679213879
-2.2374749499e-08 0.0122890166203 0.996795371411 0.996792243414
-2.17935871743e-08 0.0122890161438 0.996795266593 0.996792341472
-2.12124248497e-08 0.0122890163342 0.996795187831 0.996792414165
-2.0631262525e-08 0.0122890165245 0.996795109068 0.996792486858
-2.00501002004e-08 0.0122890167149 0.996795030306 0.996792559551
-1.94689378758e-08 0.0122890169052 0.996794951543 0.996792632244
-1.88877755511e-08 0.0122890170955 0.996794872781 0.996792704937
-1.83066132265e-08 0.0122890172859 0.996794794018 0.99679277763
-1.77254509018e-08 0.012289018031 0.99679473707 0.996792829356
-1.71442885772e-08 0.012289018805 0.996794681258 0.996792879989
-1.65631262525e-08 0.012289019579 0.996794625445 0.996792930622
-1.59819639279e-08 0.012289020353 0.996794569633 0.996792981256
-1.54008016032e-08 0.012289021127 0.996794513821 0.996793031889
-1.48196392786e-08 0.012289021901 0.996794458009 0.996793082522
-1.42384769539e-08 0.0122890228913 0.996794410787 0.996793125065
-1.36573146293e-08 0.0122890240599 0.996794370646 0.996793160938
-1.30761523046e-08 0.0122890252285 0.996794330505 0.996793196812
-1.249498998e-08 0.0122890263971 0.996794290363 0.996793232685
-1.19138276553e-08 0.0122890275658 0.996794250222 0.996793268559
-1.13326653307e-08 0.0122890287344 0.996794210081 0.996793304432
-1.0751503006e-08 0.012289029903 0.99679416994 0.996793340306
-1.01703406814e-08 0.0122890313227 0.996794139942 0.996793366964
-9.58917835671e-09 0.0122890327435 0.996794109993 0.996793393578
-9.00801603206e-09 0.0122890341644 0.996794080045 0.996793420192
-8.42685370741e-09 0.0122890355853 0.996794050096 0.996793446805
-7.84569138277e-09 0.0122890370062 0.996794020148 0.996793473419
-7.26452905812e-09 0.0122890384271 0.996793990199 0.996793500032
-6.68336673347e-09 0.0122890398882 0.996793961943 0.996793525229
-6.10220440882e-09 0.0122890414491 0.99679393787 0.996793546921
-5.52104208417e-09 0.01228904301 0.996793913798 0.996793568613
-4.93987975952e-09 0.0122890445709 0.996793889726 0.996793590305
-4.35871743487e-09 0.0122890461318 0.996793865653 0.996793611997
-3.77755511022e-09 0.0122890476926 0.996793841581 0.99679363369
-3.19639278557e-09 0.0122890492535 0.996793817509 0.996793655382
-2.61523046092e-09 0.0122890508327 0.996793794348 0.996793676576
-2.03406813627e-09 0.0122890524368 0.996793772429 0.996793697091
-1.45290581162e-09 0.0122890540409 0.996793750511 0.996793717606
-8.71743486974e-10 0.012289055645 0.996793728593 0.996793738121
-2.90581162324e-10 0.0122890572491 0.996793706675 0.996793758636
2.90581162325e-10 0.0122890588532 0.996793684756 0.996793779151
8.71743486974e-10 0.0122890604573 0.996793662838 0.996793799666
1.45290581162e-09 0.0122890620403 0.996793640308 0.996793821189
2.03406813627e-09 0.0122890635914 0.996793616845 0.996793844249
2.61523046092e-09 0.0122890651425 0.996793593382 0.996793867309
3.19639278557e-09 0.0122890666935 0.996793569919 0.996793890369
3.77755511022e-09 0.0122890682446 0.996793546456 0.996793913429
4.35871743487e-09 0.0122890697957 0.996793522993 0.996793936488
4.93987975952e-09 0.0122890713467 0.99679349953 0.996793959548
5.52104208417e-09 0.0122890728638 0.996793474863 0.996793984021
6.10220440882e-09 0.0122890742489 0.996793445512 0.996794013993
6.68336673347e-09 0.012289075634 0.996793416161 0.996794043964
7.26452905812e-09 0.0122890770191 0.99679338681 0.996794073936
7.84569138277e-09 0.0122890784041 0.996793357458 0.996794103908
8.42685370742e-09 0.0122890797892 0.996793328107 0.996794133879
9.00801603206e-09 0.0122890811743 0.996793298756 0.996794163851
9.58917835671e-09 0.0122890825593 0.996793269405 0.996794193823
1.01703406814e-08 0.0122890836752 0.996793230117 0.996794234614
1.0751503006e-08 0.0122890847411 0.996793188983 0.996794277417
1.13326653307e-08 0.012289085807 0.996793147849 0.99679432022
1.19138276553e-08 0.0122890868729 0.996793106714 0.996794363022
1.249498998e-08 0.0122890879388 0.99679306558 0.996794405825
1.30761523046e-08 0.0122890890047 0.996793024446 0.996794448627
1.36573146293e-08 0.0122890900706 0.996792983311 0.99679449143
1.42384769539e-08 0.0122890909671 0.996792935814 0.996794540927
1.48196392786e-08 0.0122890914849 0.996792874082 0.996794605399
1.54008016032e-08 0.0122890920027 0.99679281235 0.996794669871
1.59819639279e-08 0.0122890925205 0.996792750618 0.996794734344
1.65631262525e-08 0.0122890930382 0.996792688886 0.996794798816
1.71442885772e-08 0.012289093556 0.996792627154 0.996794863289
1.77254509018e-08 0.0122890940738 0.996792565422 0.996794927761
1.83066132265e-08 0.0122890945916 0.99679250369 0.996794992234
1.88877755511e-08 0.0122890945659 0.996792421332 0.996795077988
1.94689378758e-08 0.0122890941738 0.996792325065 0.996795178093
2.00501002004e-08 0.0122890937816 0.996792228798 0.996795278198
2.06312625251e-08 0.0122890933895 0.996792132532 0.996795378303
2.12124248497e-08 0.0122890929974 0.996792036265 0.996795478408
2.17935871743e-08 0.0122890926053 0.996791939998 0.996795578513
2.2374749499e-08 0.0122890922131 0.996791843732 0.996795678618
2.29559118236e-08 0.012289091821 0.996791747465 0.996795778723
2.35370741483e-08 0.0122890903725 0.996791610863 0.996795919954
2.41182364729e-08 0.0122890884802 0.996791457313 0.996796078466
2.46993987976e-08 0.0122890865878 0.996791303764 0.996796236977
2.52805611222e-08 0.0122890846955 0.996791150214 0.996796395489
2.58617234469e-08 0.0122890828032 0.996790996665 0.996796554
2.64428857715e-08 0.0122890809108 0.996790843115 0.996796712512
2.70240480962e-08 0.0122890790185 0.996790689566 0.996796871024
2.76052104208e-08 0.0122890771262 0.996790536017 0.996797029535
2.81863727455e-08 0.0122890736813 0.996790322966 0.996797248268
2.87675350701e-08 0.0122890693061 0.996790074259 0.996797503087
2.93486973948e-08 0.0122890649309 0.996789825553 0.996797757907
2.99298597194e-08 0.0122890605558 0.996789576846 0.996798012726
3.05110220441e-08 0.0122890561806 0.99678932814 0.996798267545
3.10921843687e-08 0.0122890518054 0.996789079433 0.996798522365
3.16733466934e-08 0.0122890474302 0.996788830727 0.996798777184
3.2254509018e-08 0.012289043055 0.996788582021 0.996799032004
3.28356713427e-08 0.0122890372036 0.996788276602 0.996799343955
3.34168336673e-08 0.0122890286855 0.996787868747 0.996799759104
3.3997995992e-08 0.0122890201675 0.996787460892 0.996800174253
3.45791583166e-08 0.0122890116494 0.996787053037 0.996800589401
3.51603206413e-08 0.0122890031314 0.996786645182 0.99680100455
3.57414829659e-08 0.0122889946133 0.996786237326 0.996801419698
3.63226452906e-08 0.0122889860953 0.996785829471 0.996801834847
3.69038076152e-08 0.0122889775773 0.996785421616 0.996802249995
3.74849699399e-08 0.0122889690592 0.996785013761 0.996802665144
3.80661322645e-08 0.0122889543065 0.996784366055 0.996803321227
3.86472945892e-08 0.0122889388054 0.996783689554 0.996804006235
3.92284569138e-08 0.0122889233042 0.996783013053 0.996804691243
3.98096192385e-08 0.012288907803 0.996782336552 0.996805376252
4.03907815631e-08 0.0122888923018 0.996781660052 0.99680606126
4.09719438878e-08 0.0122888768007 0.996780983551 0.996806746269
4.15531062124e-08 0.0122888612995 0.99678030705 0.996807431277
4.21342685371e-08 0.0122888457983 0.996779630549 0.996808116285
4.27154308617e-08 0.0122888275583 0.99677884859 0.996808907042
4.32965931864e-08 0.0122888001558 0.996777713832 0.996810051569
4.3877755511e-08 0.0122887727532 0.996776579073 0.996811196096
4.44589178357e-08 0.0122887453507 0.996775444315 0.996812340622
4.50400801603e-08 0.0122887179481 0.996774309556 0.996813485149
4.5621242485e-08 0.0122886905456 0.996773174798 0.996814629676
4.62024048096e-08 0.012288663143 0.996772040039 0.996815774203
4.67835671343e-08 0.0122886357405 0.996770905281 0.99681691873
4.73647294589e-08 0.012288608338 0.996769770522 0.996818063257
4.79458917836e-08 0.0122885734745 0.996768348335 0.996819495702
4.85270541082e-08 0.0122885255526 0.996766423071 0.996821432079
4.91082164329e-08 0.0122884776307 0.996764497806 0.996823368457
4.96893787575e-08 0.0122884297087 0.996762572541 0.996825304835
5.02705410822e-08 0.0122883817868 0.996760647277 0.996827241213
5.08517034068e-08 0.0122883338649 0.996758722012 0.996829177591
5.14328657315e-08 0.0122882859429 0.996756796747 0.996831113969
5.20140280561e-08 0.012288238021 0.996754871483 0.996833050347
5.25951903808e-08 0.0122881900991 0.996752946218 0.996834986724
5.31763527054e-08 0.0122881318506 0.996750623007 0.996837321493
5.37575150301e-08 0.0122880481265 0.996747318069 0.996840639085
5.43386773547e-08 0.0122879644025 0.99674401313 0.996843956677
5.49198396794e-08 0.0122878806784 0.996740708192 0.996847274269
5.5501002004e-08 0.0122877969544 0.996737403254 0.996850591861
5.60821643287e-08 0.0122877132304 0.996734098316 0.996853909453
5.66633266533e-08 0.0122876295063 0.996730793377 0.996857227045
5.7244488978e-08 0.0122875457823 0.996727488439 0.996860544638
5.78256513026e-08 0.0122874620583 0.996724183501 0.99686386223
5.84068136273e-08 0.0122873783342 0.996720878563 0.996867179822
5.89879759519e-08 0.0122872313926 0.996715137149 0.996872935977
5.95691382766e-08 0.0122870844333 0.996709395056 0.996878692812
6.01503006012e-08 0.0122869374741 0.996703652963 0.996884449647
6.07314629259e-08 0.0122867905148 0.99669791087 0.996890206482
6.13126252505e-08 0.0122866435555 0.996692168777 0.996895963318
6.18937875752e-08 0.0122864965963 0.996686426684 0.996901720153
6.24749498998e-08 0.012286349637 0.996680684591 0.996907476988
6.30561122244e-08 0.0122862026778 0.996674942498 0.996913233823
6.36372745491e-08 0.0122860557185 0.996669200405 0.996918990658
6.42184368737e-08 0.0122858530682 0.996661311925 0.996926895734
6.47995991984e-08 0.0122855930157 0.996651211108 0.996937015058
6.5380761523e-08 0.0122853329632 0.996641110291 0.996947134381
6.59619238477e-08 0.0122850729107 0.996631009474 0.996957253704
6.65430861723e-08 0.0122848128581 0.996620908657 0.996967373028
6.7124248497e-08 0.0122845528056 0.996610807839 0.996977492351
6.77054108216e-08 0.0122842927531 0.996600707022 0.996987611675
6.82865731463e-08 0.0122840327006 0.996590606205 0.996997730998
6.88677354709e-08 0.0122837726481 0.996580505388 0.997007850322
6.94488977956e-08 0.0122835125956 0.996570404571 0.997017969645
7.00300601202e-08 0.0122830965546 0.996554292695 0.997034107002
7.06112224449e-08 0.01228263164 0.996536297465 0.997052129898
7.11923847695e-08 0.0122821667255 0.996518302234 0.997070152794
7.17735470942e-08 0.0122817018109 0.996500307004 0.997088175691
7.23547094188e-08 0.0122812368964 0.996482311774 0.997106198587
7.29358717435e-08 0.0122807719818 0.996464316544 0.997124221483
7.35170340681e-08 0.0122803070673 0.996446321314 0.997142244379
7.40981963928e-08 0.0122798421527 0.996428326084 0.997160267275
7.46793587174e-08 0.0122793772382 0.996410330853 0.997178290172
7.52605210421e-08 0.0122789123236 0.996392335623 0.997196313068
7.58416833667e-08 0.0122781460879 0.996362733035 0.997225965065
7.64228456914e-08 0.0122773052029 0.996330254838 0.997258498058
7.7004008016e-08 0.0122764643179 0.996297776641 0.997291031051
7.75851703407e-08 0.0122756234329 0.996265298444 0.997323564044
7.81663326653e-08 0.0122747825479 0.996232820247 0.997356097037
7.874749499e-08 0.0122739416628 0.996200342049 0.99738863003
7.93286573146e-08 0.0122731007778 0.996167863852 0.997421163023
7.99098196393e-08 0.0122722598928 0.996135385655 0.997453696017
8.04909819639e-08 0.0122714190078 0.996102907458 0.99748622901
8.10721442886e-08 0.0122705781228 0.996070429261 0.997518762003
8.16533066132e-08 0.012269312722 0.996021609668 0.997567690274
8.22344689379e-08 0.0122677725819 0.995962214204 0.99762722929
8.28156312625e-08 0.0122662324418 0.995902818739 0.997686768305
8.33967935872e-08 0.0122646923017 0.995843423275 0.997746307321
8.39779559118e-08 0.0122631521616 0.99578402781 0.997805846337
8.45591182365e-08 0.0122616120215 0.995724632346 0.997865385352
8.51402805611e-08 0.0122600718815 0.995665236881 0.997924924368
8.57214428858e-08 0.0122585317414 0.995605841417 0.997984463384
8.63026052104e-08 0.0122569916013 0.995546445952 0.998044002399
8.68837675351e-08 0.0122554514612 0.995487050488 0.998103541415
8.74649298597e-08 0.0122536834284 0.99541889444 0.998171893919
8.80460921844e-08 0.0122508249364 0.995308819287 0.998282418682
8.8627254509e-08 0.0122479664444 0.995198744134 0.998392943444
8.92084168337e-08 0.0122451079524 0.995088668981 0.998503468207
8.97895791583e-08 0.0122422494604 0.994978593828 0.998613992969
9.0370741483e-08 0.0122393909683 0.994868518675 0.998724517732
9.09519038076e-08 0.0122365324763 0.994758443522 0.998835042494
9.15330661323e-08 0.0122336739843 0.994648368369 0.998945567257
9.21142284569e-08 0.0122308154923 0.994538293216 0.999056092019
9.26953907816e-08 0.0122279570003 0.994428218063 0.999166616782
9.32765531062e-08 0.0122250985083 0.99431814291 0.999277141544
9.38577154309e-08 0.0122209972171 0.994160417455 0.999435856078
9.44388777555e-08 0.0122156183369 0.993953707815 0.999644109365
9.50200400802e-08 0.0122102394567 0.993746998176 0.999852362652
9.56012024048e-08 0.0122048605765 0.993540288537 1.00006061594
9.61823647295e-08 0.0121994816963 0.993333578897 1.00026886923
9.67635270541e-08 0.012194102816 0.993126869258 1.00047712251
9.73446893788e-08 0.0121887239358 0.992920159619 1.0006853758
9.79258517034e-08 0.0121833450556 0.992713449979 1.00089362909
9.85070140281e-08 0.0121779661754 0.99250674034 1.00110188238
9.90881763527e-08 0.0121725872952 0.992300030701 1.00131013566
9.96693386774e-08 0.0121672084149 0.992093321062 1.00151838895
1.00250501002e-07 0.0121590827042 0.991781828522 1.00183369223
1.00831663327e-07 0.0121488164779 0.991388682081 1.00223241609
1.01412825651e-07 0.0121385502517 0.990995535639 1.00263113994
1.01993987976e-07 0.0121282840254 0.990602389198 1.0030298638
1.02575150301e-07 0.0121180177991 0.990209242757 1.00342858765
1.03156312625e-07 0.0121077515729 0.989816096316 1.0038273115
1.0373747495e-07 0.0120974853466 0.989422949874 1.00422603536
1.04318637275e-07 0.0120872191203 0.989029803433 1.00462475921
1.04899799599e-07 0.012076952894 0.988636656992 1.00502348307
1.05480961924e-07 0.0120666866678 0.98824351055 1.00542220692
1.06062124248e-07 0.0120564204415 0.987850364109 1.00582093078
1.06643286573e-07 0.0120425604308 0.987321488189 1.00636111136
1.07224448898e-07 0.0120226784851 0.986565176791 1.00713832429
1.07805611222e-07 0.0120027965395 0.985808865393 1.00791553723
1.08386773547e-07 0.0119829145939 0.985052553995 1.00869275016
1.08967935872e-07 0.0119630326483 0.984296242597 1.00946996309
1.09549098196e-07 0.0119431507027 0.983539931199 1.01024717603
1.10130260521e-07 0.0119232687571 0.982783619801 1.01102438896
1.10711422846e-07 0.0119033868115 0.982027308403 1.0118016019
1.1129258517e-07 0.0118835048659 0.981270997005 1.01257881483
1.11873747495e-07 0.0118636229202 0.980514685607 1.01335602777
1.1245490982e-07 0.0118437409746 0.979758374209 1.0141332407
1.13036072144e-07 0.011823859029 0.979002062811 1.01491045364
1.13617234469e-07 0.011786269749 0.977590181936 1.01639856452
1.14198396794e-07 0.011747186205 0.976122979696 1.01794666576
1.14779559118e-07 0.011708102661 0.974655777456 1.01949476699
1.15360721443e-07 0.011669019117 0.973188575217 1.02104286823
1.15941883768e-07 0.011629935573 0.971721372977 1.02259096947
1.16523046092e-07 0.0115908520289 0.970254170737 1.02413907071
1.17104208417e-07 0.0115517684849 0.968786968498 1.02568717194
1.17685370741e-07 0.0115126849409 0.967319766258 1.02723527318
1.18266533066e-07 0.0114736013969 0.965852564018 1.02878337442
1.18847695391e-07 0.0114345178529 0.964385361779 1.03033147566
1.19428857715e-07 0.0113954343088 0.962918159539 1.03187957689
1.2001002004e-07 0.0113485192445 0.961172517469 1.03375486284
1.20591182365e-07 0.0112705025414 0.95832109585 1.0369295109
1.21172344689e-07 0.0111924858384 0.95546967423 1.04010415895
1.21753507014e-07 0.0111144691353 0.95261825261 1.043278807
1.22334669339e-07 0.0110364524322 0.94976683099 1.04645345505
1.22915831663e-07 0.0109584357291 0.94691540937 1.04962810311
1.23496993988e-07 0.010880419026 0.94406398775 1.05280275116
1.24078156313e-07 0.010802402323 0.94121256613 1.05597739921
1.24659318637e-07 0.0107243856199 0.938361144511 1.05915204726
1.25240480962e-07 0.0106463689168 0.935509722891 1.06232669532
1.25821643287e-07 0.0105683522137 0.932658301271 1.06550134337
1.26402805611e-07 0.0104903355107 0.929806879651 1.06867599142
1.26983967936e-07 0.0103959295573 0.926419641731 1.0725932944
1.27565130261e-07 0.0102376984128 0.920945756947 1.07940274262
1.28146292585e-07 0.0100794672683 0.915471872163 1.08621219084
1.2872745491e-07 0.00992123612383 0.909997987379 1.09302163907
1.29308617234e-07 0.00976300497935 0.904524102595 1.09983108729
1.29889779559e-07 0.00960477383487 0.899050217811 1.10664053551
1.30470941884e-07 0.00944654269039 0.893576333027 1.11344998374
1.31052104208e-07 0.0092883115459 0.888102448242 1.12025943196
1.31633266533e-07 0.00913008040142 0.882628563458 1.12706888018
1.32214428858e-07 0.00897184925694 0.877154678674 1.13387832841
1.32795591182e-07 0.00881361811246 0.87168079389 1.14068777663
1.33376753507e-07 0.00865538696798 0.866206909106 1.14749722485
1.33957915832e-07 0.0084971558235 0.860733024322 1.15430667308
1.34539078156e-07 0.0081832171888 0.851001242687 1.16945988956
1.35120240481e-07 0.0078566873096 0.840925147364 1.18528782264
1.35701402806e-07 0.0075301574304 0.83084905204 1.20111575571
1.3628256513e-07 0.0072036275512 0.820772956716 1.21694368878
1.36863727455e-07 0.006877097672 0.810696861393 1.23277162186
1.3744488978e-07 0.0065505677928 0.800620766069 1.24859955493
1.38026052104e-07 0.0062240379136 0.790544670745 1.264427488
1.38607214429e-07 0.0058975080344 0.780468575422 1.28025542108
1.39188376754e-07 0.0055709781552 0.770392480098 1.29608335415
1.39769539078e-07 0.00524444827599 0.760316384774 1.31191128723
1.40350701403e-07 0.00491791839679 0.750240289451 1.3277392203
1.40931863727e-07 0.00459138851759 0.740164194127 1.34356715337
1.41513026052e-07 0.00413533671878 0.727261034517 1.36778795843
1.42094188377e-07 0.00344611393231 0.709268470937 1.4071179763
1.42675350701e-07 0.00275689114585 0.691275907357 1.44644799417
1.43256513026e-07 0.00206766835939 0.673283343778 1.48577801205
1.43837675351e-07 0.00137844557293 0.655290780198 1.52510802992
1.44418837675e-07 0.000689222786462 0.637298216619 1.5644380478
1.45e-07 0 0.619305653039 1.60376806567
