-1.45e-07 -0.0146226942739 0.651329745909 1.53202179513
-1.44418837675e-07 -0.0139395182602 0.668841979199 1.49221790423
-1.43837675351e-07 -0.0132941704979 0.685686528073 1.45528604081
-1.43256513026e-07 -0.0126971505145 0.701742723298 1.4221268615
-1.42675350701e-07 -0.012135630222 0.717171917567 1.39159410097
-1.42094188377e-07 -0.0116022120867 0.732086054208 1.36308894472
-1.41513026052e-07 -0.0111028212574 0.746352720902 1.33697333866
-1.40931863727e-07 -0.0106395485856 0.759882540637 1.31326930515
-1.40350701403e-07 -0.0101955402843 0.77300576993 1.29082016236
-1.39769539078e-07 -0.00978478609529 0.785404995632 1.27048603556
-1.39188376754e-07 -0.00939807413521 0.797248107069 1.25161142886
-1.38607214429e-07 -0.00902810309579 0.808703988819 1.23375310521
-1.38026052104e-07 -0.00869153256122 0.819342631908 1.21783428011
-1.3744488978e-07 -0.00836240481134 0.82979592825 1.20234169756
-1.36863727455e-07 -0.00806671208385 0.839387483107 1.18871046028
-1.3628256513e-07 -0.00777706651532 0.848815529902 1.17540274163
-1.35701402806e-07 -0.00751482505138 0.857502601962 1.16356112272
-1.35120240481e-07 -0.00725883291919 0.86601309972 1.1520415919
-1.34539078156e-07 -0.00702758116546 0.873824560328 1.14179717042
-1.33957915832e-07 -0.00679996396994 0.881529113444 1.1317336677
-1.33376753507e-07 -0.00659725889112 0.888500897474 1.12291022473
-1.32795591182e-07 -0.00639455381229 0.895472681503 1.11408678175
-1.32214428858e-07 -0.00621676398357 0.901684303535 1.10646422649
-1.31633266533e-07 -0.00604019802827 0.907858585301 1.09890066059
-1.31052104208e-07 -0.00587967272478 0.913526998666 1.09208765261
-1.30470941884e-07 -0.00572689069893 0.918951215005 1.08563696024
-1.29889779559e-07 -0.00558025800275 0.924175638467 1.07946631385
-1.29308617234e-07 -0.00544897347412 0.928901397081 1.07399463678
-1.2872745491e-07 -0.00531768894549 0.933627155695 1.06852295971
-1.28146292585e-07 -0.00520150791777 0.937848945354 1.06372242754
-1.27565130261e-07 -0.00508951876709 0.941930861755 1.05910816722
-1.26983967936e-07 -0.004980263376 0.945919371865 1.05461273155
-1.26402805611e-07 -0.00488546611677 0.949413880799 1.05074572809
-1.25821643287e-07 -0.00479066885754 0.952908389732 1.04687872462
-1.25240480962e-07 -0.00470208891966 0.95618597555 1.04327668735
-1.24659318637e-07 -0.00462249143255 0.959150162541 1.04005745896
-1.24078156313e-07 -0.00454289394543 0.962114349531 1.03683823056
-1.23496993988e-07 -0.00447031804588 0.964829016492 1.03391307211
-1.22915831663e-07 -0.00440405041294 0.967319512089 1.03125210911
-1.22334669339e-07 -0.00433778277999 0.969810007685 1.02859114611
-1.21753507014e-07 -0.00427737774365 0.972088816325 1.02617198906
-1.21172344689e-07 -0.00422270092254 0.974160790258 1.02398909531
-1.20591182365e-07 -0.00416802410143 0.976232764191 1.02180620156
-1.2001002004e-07 -0.00411673842902 0.978180590643 1.01976133318
-1.19428857715e-07 -0.00407205057491 0.979886875779 1.01798500696
-1.18847695391e-07 -0.00402736272079 0.981593160915 1.01620868074
-1.18266533066e-07 -0.00398285260228 0.983292862014 1.01443950657
-1.17685370741e-07 -0.00394669292256 0.984683229466 1.0130063527
-1.17104208417e-07 -0.00391053324283 0.986073596917 1.01157319883
-1.16523046092e-07 -0.0038743735631 0.987463964369 1.01014004495
-1.15941883768e-07 -0.00384212535321 0.988707975798 1.00886276801
-1.15360721443e-07 -0.00381317546407 0.989828573492 1.00771693324
-1.14779559118e-07 -0.00378422557494 0.990949171185 1.00657109847
-1.14198396794e-07 -0.0037552756858 0.992069768879 1.00542526371
-1.13617234469e-07 -0.00373173625019 0.992986207972 1.00449329125
-1.13036072144e-07 -0.00370881908974 0.993879166071 1.00358591585
-1.1245490982e-07 -0.00368590192929 0.99477212417 1.00267854045
-1.11873747495e-07 -0.00366336315155 0.995650703497 1.00178602086
-1.1129258517e-07 -0.00364543958737 0.996353901908 1.00107470064
-1.10711422846e-07 -0.00362751602319 0.997057100319 1.00036338043
-1.10130260521e-07 -0.00360959245901 0.99776029873 0.99965206021
-1.09549098196e-07 -0.00359195846497 0.998452429029 0.998952046382
-1.08967935872e-07 -0.00357812181076 0.998999415265 0.998400301263
-1.08386773547e-07 -0.00356428515654 0.999546401501 0.997848556144
-1.07805611222e-07 -0.00355044850233 1.00009338774 0.997296811025
-1.07224448898e-07 -0.00353661184811 1.00064037397 0.996745065906
-1.06643286573e-07 -0.00352566159087 1.00107650545 0.996305525788
-1.06062124248e-07 -0.00351513031215 1.00149654567 0.995882272925
-1.05480961924e-07 -0.00350459903344 1.00191658589 0.995459020062
-1.04899799599e-07 -0.00349406775472 1.0023366261 0.9950357672
-1.04318637275e-07 -0.00348478707724 1.00270844735 0.994660963842
-1.0373747495e-07 -0.00347689601731 1.00302668964 0.994339995615
-1.03156312625e-07 -0.00346900495737 1.00334493192 0.994019027389
-1.02575150301e-07 -0.00346111389744 1.0036631742 0.993698059162
-1.01993987976e-07 -0.0034532228375 1.00398141649 0.993377090936
-1.01412825651e-07 -0.00344712696194 1.00423022008 0.993125493907
-1.00831663327e-07 -0.00344131745311 1.00446794686 0.99288496293
-1.00250501002e-07 -0.00343550794427 1.00470567364 0.992644431953
-9.96693386774e-08 -0.00342969843543 1.00494340042 0.992403900976
-9.90881763527e-08 -0.00342393638458 1.00517928661 0.992165200773
-9.85070140281e-08 -0.00341974562549 1.00535423261 0.991987115875
-9.79258517034e-08 -0.00341555486639 1.00552917861 0.991809030976
-9.73446893788e-08 -0.00341136410729 1.00570412461 0.991630946078
-9.67635270541e-08 -0.00340717334819 1.0058790706 0.991452861179
-9.61823647295e-08 -0.0034029825891 1.0060540166 0.991274776281
-9.56012024048e-08 -0.00339998758942 1.00618248158 0.991142777372
-9.50200400802e-08 -0.00339703766545 1.00630919441 0.991012515736
-9.44388777555e-08 -0.00339408774149 1.00643590723 0.990882254099
-9.38577154309e-08 -0.00339113781752 1.00656262005 0.990751992463
-9.32765531062e-08 -0.00338818789356 1.00668933287 0.990621730826
-9.26953907816e-08 -0.00338585093931 1.00679216983 0.990515091515
-9.21142284569e-08 -0.00338383784182 1.00688239219 0.990420932836
-9.15330661323e-08 -0.00338182474432 1.00697261456 0.990326774157
-9.09519038076e-08 -0.00337981164683 1.00706283693 0.990232615479
-9.0370741483e-08 -0.00337779854933 1.0071530593 0.9901384568
-8.97895791583e-08 -0.00337584773909 1.00724085061 0.990046700562
-8.92084168337e-08 -0.00337453070179 1.00730390589 0.989979389174
-8.8627254509e-08 -0.0033732136645 1.00736696118 0.989912077786
-8.80460921844e-08 -0.00337189662721 1.00743001646 0.989844766398
-8.74649298597e-08 -0.00337057958992 1.00749307175 0.989777455009
-8.68837675351e-08 -0.00336926255263 1.00755612703 0.989710143621
-8.63026052104e-08 -0.00336807615133 1.00761407222 0.989647881279
-8.57214428858e-08 -0.00336726757262 1.00765723809 0.989600221677
-8.51402805611e-08 -0.0033664589939 1.00770040396 0.989552562076
-8.45591182365e-08 -0.00336565041519 1.00774356983 0.989504902474
-8.39779559118e-08 -0.00336484183648 1.0077867357 0.989457242872
-8.33967935872e-08 -0.00336403325776 1.00782990158 0.98940958327
-8.28156312625e-08 -0.00336327710781 1.00787101086 0.989363957602
-8.22344689379e-08 -0.00336283326893 1.00789986932 0.989330447795
-8.16533066132e-08 -0.00336238943004 1.00792872778 0.989296937988
-8.10721442886e-08 -0.00336194559116 1.00795758625 0.989263428181
-8.04909819639e-08 -0.00336150175227 1.00798644471 0.989229918374
-7.99098196393e-08 -0.00336105791338 1.00801530317 0.989196408567
-7.93286573146e-08 -0.0033606140745 1.00804416164 0.989162898761
-7.874749499e-08 -0.00336035917975 1.00806557987 0.989136764751
-7.81663326653e-08 -0.00336017190649 1.00808433531 0.989113270475
-7.75851703407e-08 -0.00335998463322 1.00810309075 0.989089776199
-7.7004008016e-08 -0.00335979735995 1.0081218462 0.989066281924
-7.64228456914e-08 -0.00335961008669 1.00814060164 0.989042787648
-7.58416833667e-08 -0.00335942281342 1.00815935708 0.989019293373
-7.52605210421e-08 -0.00335923922339 1.00817796665 0.988995944351
-7.46793587174e-08 -0.00335922857622 1.00818972681 0.988979415609
-7.40981963928e-08 -0.00335921792906 1.00820148698 0.988962886868
-7.35170340681e-08 -0.00335920728189 1.00821324715 0.988946358126
-7.29358717435e-08 -0.00335919663472 1.00822500731 0.988929829384
-7.23547094188e-08 -0.00335918598756 1.00823676748 0.988913300642
-7.17735470942e-08 -0.00335917534039 1.00824852765 0.9888967719
-7.11923847695e-08 -0.00335916469322 1.00826028781 0.988880243158
-7.06112224449e-08 -0.00335927059612 1.00826739004 0.988868388033
-7.00300601202e-08 -0.00335937861568 1.00827440767 0.988856617786
-6.94488977956e-08 -0.00335948663524 1.00828142531 0.988844847539
-6.88677354709e-08 -0.0033595946548 1.00828844294 0.988833077292
-6.82865731463e-08 -0.00335970267436 1.00829546058 0.988821307045
-6.77054108216e-08 -0.00335981069393 1.00830247821 0.988809536798
-6.7124248497e-08 -0.00335991871349 1.00830949585 0.98879776655
-6.65430861723e-08 -0.00336007358506 1.00831461294 0.988787927849
-6.59619238477e-08 -0.00336025906912 1.00831848826 0.988779351195
-6.5380761523e-08 -0.00336044455318 1.00832236357 0.98877077454
-6.47995991984e-08 -0.00336063003724 1.00832623888 0.988762197886
-6.42184368737e-08 -0.0033608155213 1.0083301142 0.988753621231
-6.36372745491e-08 -0.00336100100535 1.00833398951 0.988745044577
-6.30561122244e-08 -0.00336118648941 1.00833786482 0.988736467922
-6.24749498998e-08 -0.00336137197347 1.00834174014 0.988727891268
-6.18937875752e-08 -0.0033616000051 1.00834384482 0.988721153521
-6.13126252505e-08 -0.00336183425271 1.00834569083 0.988714684428
-6.07314629259e-08 -0.00336206850032 1.00834753684 0.988708215336
-6.01503006012e-08 -0.00336230274793 1.00834938285 0.988701746244
-5.95691382766e-08 -0.00336253699553 1.00835122886 0.988695277151
-5.89879759519e-08 -0.00336277124314 1.00835307487 0.988688808059
-5.84068136273e-08 -0.00336300549075 1.00835492088 0.988682338967
-5.78256513026e-08 -0.00336323973836 1.00835676689 0.988675869875
-5.7244488978e-08 -0.00336349640339 1.00835763582 0.988670453875
-5.66633266533e-08 -0.00336375983227 1.00835820995 0.988665355619
-5.60821643287e-08 -0.00336402326115 1.00835878407 0.988660257362
-5.5501002004e-08 -0.00336428669004 1.0083593582 0.988655159105
-5.49198396794e-08 -0.00336455011892 1.00835993233 0.988650060848
-5.43386773547e-08 -0.00336481354781 1.00836050645 0.988644962592
-5.37575150301e-08 -0.00336507697669 1.00836108058 0.988639864335
-5.31763527054e-08 -0.00336534040557 1.00836165471 0.988634766078
-5.25951903808e-08 -0.00336560824445 1.00836201843 0.988629909769
-5.20140280561e-08 -0.00336588776977 1.00836182456 0.98862569462
-5.14328657315e-08 -0.00336616729509 1.0083616307 0.988621479472
-5.08517034068e-08 -0.00336644682041 1.00836143684 0.988617264323
-5.02705410822e-08 -0.00336672634573 1.00836124297 0.988613049174
-4.96893787575e-08 -0.00336700587106 1.00836104911 0.988608834026
-4.91082164329e-08 -0.00336728539638 1.00836085525 0.988604618877
-4.85270541082e-08 -0.0033675649217 1.00836066138 0.988600403728
-4.79458917836e-08 -0.00336784444702 1.00836046752 0.98859618858
-4.73647294589e-08 -0.00336812676621 1.0083601102 0.988592184443
-4.67835671343e-08 -0.00336841382116 1.00835947582 0.988588537984
-4.62024048096e-08 -0.00336870087612 1.00835884144 0.988584891525
-4.5621242485e-08 -0.00336898793108 1.00835820705 0.988581245066
-4.50400801603e-08 -0.00336927498604 1.00835757267 0.988577598607
-4.44589178357e-08 -0.00336956204099 1.00835693829 0.988573952148
-4.3877755511e-08 -0.00336984909595 1.00835630391 0.988570305689
-4.32965931864e-08 -0.00337013615091 1.00835566952 0.98856665923
-4.27154308617e-08 -0.00337042320587 1.00835503514 0.988563012771
-4.21342685371e-08 -0.00337071034138 1.0083543915 0.988559381107
-4.15531062124e-08 -0.00337099942151 1.00835352437 0.988556106594
-4.09719438878e-08 -0.00337128850164 1.00835265725 0.98855283208
-4.03907815631e-08 -0.00337157758177 1.00835179013 0.988549557566
-3.98096192385e-08 -0.0033718666619 1.008350923 0.988546283052
-3.92284569138e-08 -0.00337215574203 1.00835005588 0.988543008538
-3.86472945892e-08 -0.00337244482216 1.00834918876 0.988539734025
-3.80661322645e-08 -0.00337273390229 1.00834832163 0.988536459511
-3.74849699399e-08 -0.00337302298242 1.00834745451 0.988533184997
-3.69038076152e-08 -0.00337331206255 1.00834658738 0.988529910483
-3.63226452906e-08 -0.00337360076401 1.00834569325 0.988526701654
-3.57414829659e-08 -0.00337388838522 1.00834472208 0.988523680211
-3.51603206413e-08 -0.00337417600642 1.0083437509 0.988520658768
-3.45791583166e-08 -0.00337446362762 1.00834277973 0.988517637325
-3.3997995992e-08 -0.00337475124882 1.00834180856 0.988514615882
-3.34168336673e-08 -0.00337503887003 1.00834083738 0.988511594439
-3.28356713427e-08 -0.00337532649123 1.00833986621 0.988508572996
-3.2254509018e-08 -0.00337561411243 1.00833889503 0.988505551553
-3.16733466934e-08 -0.00337590173363 1.00833792386 0.98850253011
-3.10921843687e-08 -0.00337618935484 1.00833695268 0.988499508667
-3.05110220441e-08 -0.00337647694407 1.00833598128 0.98849648884
-2.99298597194e-08 -0.00337676091711 1.00833498393 0.988493651763
-2.93486973948e-08 -0.00337704489015 1.00833398657 0.988490814686
-2.87675350701e-08 -0.00337732886319 1.00833298922 0.988487977609
-2.81863727455e-08 -0.00337761283623 1.00833199187 0.988485140533
-2.76052104208e-08 -0.00337789680927 1.00833099451 0.988482303456
-2.70240480962e-08 -0.00337818078231 1.00832999716 0.988479466379
-2.64428857715e-08 -0.00337846475535 1.00832899981 0.988476629302
-2.58617234469e-08 -0.00337874872838 1.00832800245 0.988473792225
-2.52805611222e-08 -0.00337903270142 1.0083270051 0.988470955149
-2.46993987976e-08 -0.00337931667446 1.00832600775 0.988468118072
-2.41182364729e-08 -0.00337959931468 1.00832501569 0.988465319942
-2.35370741483e-08 -0.00337987825403 1.00832403835 0.988462629957
-2.29559118236e-08 -0.00338015719337 1.00832306101 0.988459939971
-2.2374749499e-08 -0.00338043613272 1.00832208366 0.988457249986
-2.17935871743e-08 -0.00338071507206 1.00832110632 0.988454560001
-2.12124248497e-08 -0.00338099401141 1.00832012898 0.988451870016
-2.0631262525e-08 -0.00338127295075 1.00831915164 0.988449180031
-2.00501002004e-08 -0.0033815518901 1.0083181743 0.988446490046
-1.94689378758e-08 -0.00338183082944 1.00831719695 0.988443800061
-1.88877755511e-08 -0.00338210976878 1.00831621961 0.988441110075
-1.83066132265e-08 -0.00338238870813 1.00831524227 0.98843842009
-1.77254509018e-08 -0.0033826676245 1.00831426511 0.988435730604
-1.71442885772e-08 -0.00338294062493 1.00831333488 0.988433169541
-1.65631262525e-08 -0.00338321362536 1.00831240465 0.988430608478
-1.59819639279e-08 -0.00338348662579 1.00831147442 0.988428047416
-1.54008016032e-08 -0.00338375962622 1.00831054419 0.988425486353
-1.48196392786e-08 -0.00338403262665 1.00830961395 0.98842292529
-1.42384769539e-08 -0.00338430562708 1.00830868372 0.988420364228
-1.36573146293e-08 -0.00338457862751 1.00830775349 0.988417803165
-1.30761523046e-08 -0.00338485162794 1.00830682326 0.988415242102
-1.249498998e-08 -0.00338512462837 1.00830589303 0.988412681039
-1.19138276553e-08 -0.0033853976288 1.0083049628 0.988410119977
-1.13326653307e-08 -0.00338567062923 1.00830403257 0.988407558914
-1.0751503006e-08 -0.00338594230774 1.00830311505 0.988405022384
-1.01703406814e-08 -0.00338620873669 1.00830224801 0.988402583279
-9.58917835671e-09 -0.00338647516565 1.00830138098 0.988400144174
-9.00801603206e-09 -0.00338674159461 1.00830051395 0.988397705069
-8.42685370741e-09 -0.00338700802357 1.00829964691 0.988395265964
-7.84569138277e-09 -0.00338727445252 1.00829877988 0.988392826859
-7.26452905812e-09 -0.00338754088148 1.00829791285 0.988390387754
-6.68336673347e-09 -0.00338780731044 1.00829704581 0.988387948649
-6.10220440882e-09 -0.0033880737394 1.00829617878 0.988385509544
-5.52104208417e-09 -0.00338834016835 1.00829531175 0.988383070439
-4.93987975952e-09 -0.00338860659731 1.00829444471 0.988380631334
-4.35871743487e-09 -0.00338887302627 1.00829357768 0.988378192229
-3.77755511022e-09 -0.00338913945523 1.00829271065 0.988375753124
-3.19639278557e-09 -0.00338940001757 1.00829190457 0.988373414683
-2.61523046092e-09 -0.00338965938332 1.00829111093 0.988371096774
-2.03406813627e-09 -0.00338991874907 1.0082903173 0.988368778865
-1.45290581162e-09 -0.00339017811481 1.00828952366 0.988366460956
-8.71743486974e-10 -0.00339043748056 1.00828873002 0.988364143047
-2.90581162324e-10 -0.00339069684631 1.00828793638 0.988361825138
2.90581162325e-10 -0.00339095621206 1.00828714274 0.988359507228
8.71743486974e-10 -0.00339121557781 1.0082863491 0.988357189319
1.45290581162e-09 -0.00339147494356 1.00828555546 0.98835487141
2.03406813627e-09 -0.0033917343093 1.00828476182 0.988352553501
2.61523046092e-09 -0.00339199367505 1.00828396819 0.988350235592
3.19639278557e-09 -0.0033922530408 1.00828317455 0.988347917683
3.77755511022e-09 -0.00339251119438 1.008282394 0.988345619722
4.35871743487e-09 -0.003392763405 1.00828167764 0.988343419564
4.93987975952e-09 -0.00339301561562 1.00828096128 0.988341219406
5.52104208417e-09 -0.00339326782624 1.00828024492 0.988339019247
6.10220440882e-09 -0.00339352003686 1.00827952856 0.988336819089
6.68336673347e-09 -0.00339377224747 1.0082788122 0.988334618931
7.26452905812e-09 -0.00339402445809 1.00827809584 0.988332418772
7.84569138277e-09 -0.00339427666871 1.00827737948 0.988330218614
8.42685370742e-09 -0.00339452887933 1.00827666312 0.988328018455
9.00801603206e-09 -0.00339478108994 1.00827594676 0.988325818297
9.58917835671e-09 -0.00339503330056 1.0082752304 0.988323618139
1.01703406814e-08 -0.00339528551118 1.00827451404 0.98832141798
1.0751503006e-08 -0.0033955377218 1.00827379768 0.988319217822
1.13326653307e-08 -0.00339578441852 1.00827314279 0.988317105138
1.19138276553e-08 -0.00339602972674 1.00827250338 0.988315014483
1.249498998e-08 -0.00339627503497 1.00827186397 0.988312923827
1.30761523046e-08 -0.0033965203432 1.00827122456 0.988310833171
1.36573146293e-08 -0.00339676565143 1.00827058515 0.988308742515
1.42384769539e-08 -0.00339701095965 1.00826994573 0.988306651859
1.48196392786e-08 -0.00339725626788 1.00826930632 0.988304561203
1.54008016032e-08 -0.00339750157611 1.00826866691 0.988302470548
1.59819639279e-08 -0.00339774688434 1.0082680275 0.988300379892
1.65631262525e-08 -0.00339799219256 1.00826738809 0.988298289236
1.71442885772e-08 -0.00339823750079 1.00826674868 0.98829619858
1.77254509018e-08 -0.00339848280902 1.00826610926 0.988294107924
1.83066132265e-08 -0.00339872144513 1.00826554758 0.988292117094
1.88877755511e-08 -0.00339896005533 1.00826498619 0.988290126652
1.94689378758e-08 -0.00339919866554 1.0082644248 0.98828813621
2.00501002004e-08 -0.00339943727574 1.00826386342 0.988286145768
2.06312625251e-08 -0.00339967588594 1.00826330203 0.988284155326
2.12124248497e-08 -0.00339991449614 1.00826274064 0.988282164884
2.17935871743e-08 -0.00340015310634 1.00826217926 0.988280174442
2.2374749499e-08 -0.00340039171654 1.00826161787 0.988278183999
2.29559118236e-08 -0.00340063032675 1.00826105649 0.988276193557
2.35370741483e-08 -0.00340086893695 1.0082604951 0.988274203115
2.41182364729e-08 -0.00340110754715 1.00825993371 0.988272212673
2.46993987976e-08 -0.00340134131069 1.00825943298 0.988270286884
2.52805611222e-08 -0.00340157332879 1.00825895409 0.988268384378
2.58617234469e-08 -0.00340180534688 1.00825847519 0.988266481872
2.64428857715e-08 -0.00340203736497 1.0082579963 0.988264579367
2.70240480962e-08 -0.00340226938306 1.00825751741 0.988262676861
2.76052104208e-08 -0.00340250140116 1.00825703852 0.988260774355
2.81863727455e-08 -0.00340273341925 1.00825655963 0.98825887185
2.87675350701e-08 -0.00340296543734 1.00825608073 0.988256969344
2.93486973948e-08 -0.00340319745544 1.00825560184 0.988255066839
2.99298597194e-08 -0.00340342947353 1.00825512295 0.988253164333
3.05110220441e-08 -0.00340366149162 1.00825464406 0.988251261827
3.10921843687e-08 -0.00340388691739 1.00825425729 0.988249428826
3.16733466934e-08 -0.00340411228489 1.00825387135 0.988247596439
3.2254509018e-08 -0.00340433765239 1.0082534854 0.988245764052
3.28356713427e-08 -0.00340456301989 1.00825309945 0.988243931665
3.34168336673e-08 -0.00340478838739 1.00825271351 0.988242099278
3.3997995992e-08 -0.00340501375489 1.00825232756 0.988240266891
3.45791583166e-08 -0.00340523912239 1.00825194161 0.988238434505
3.51603206413e-08 -0.00340546448989 1.00825155567 0.988236602118
3.57414829659e-08 -0.00340568985739 1.00825116972 0.988234769731
3.63226452906e-08 -0.00340591522489 1.00825078377 0.988232937344
3.69038076152e-08 -0.00340613543001 1.00825048168 0.988231136771
3.74849699399e-08 -0.00340635382558 1.00825020897 0.988229347351
3.80661322645e-08 -0.00340657222115 1.00824993627 0.98822755793
3.86472945892e-08 -0.00340679061672 1.00824966356 0.988225768509
3.92284569138e-08 -0.00340700901229 1.00824939086 0.988223979089
3.98096192385e-08 -0.00340722740786 1.00824911815 0.988222189668
4.03907815631e-08 -0.00340744580343 1.00824884545 0.988220400247
4.09719438878e-08 -0.003407664199 1.00824857275 0.988218610827
4.15531062124e-08 -0.00340788259457 1.00824830004 0.988216821406
4.21342685371e-08 -0.00340810099013 1.00824802734 0.988215031985
4.27154308617e-08 -0.00340831198751 1.0082478979 0.988213243308
4.32965931864e-08 -0.00340852267841 1.00824777439 0.988211454661
4.3877755511e-08 -0.00340873336931 1.00824765088 0.988209666014
4.44589178357e-08 -0.00340894406022 1.00824752737 0.988207877368
4.50400801603e-08 -0.00340915475112 1.00824740387 0.988206088721
4.5621242485e-08 -0.00340936544203 1.00824728036 0.988204300074
4.62024048096e-08 -0.00340957613293 1.00824715685 0.988202511427
4.67835671343e-08 -0.00340978682383 1.00824703334 0.988200722781
4.73647294589e-08 -0.00340999751474 1.00824690984 0.988198934134
4.79458917836e-08 -0.00341020250204 1.00824691802 0.988197104681
4.85270541082e-08 -0.00341040412451 1.0082470039 0.988195251155
4.91082164329e-08 -0.00341060574698 1.00824708978 0.98819339763
4.96893787575e-08 -0.00341080736945 1.00824717565 0.988191544104
5.02705410822e-08 -0.00341100899192 1.00824726153 0.988189690578
5.08517034068e-08 -0.00341121061439 1.00824734741 0.988187837052
5.14328657315e-08 -0.00341141223686 1.00824743329 0.988185983526
5.20140280561e-08 -0.00341161385933 1.00824751916 0.98818413
5.25951903808e-08 -0.0034118154818 1.00824760504 0.988182276475
5.31763527054e-08 -0.00341200884261 1.00824791319 0.98818030236
5.37575150301e-08 -0.00341219908581 1.00824830522 0.988178282741
5.43386773547e-08 -0.00341238932901 1.00824869725 0.988176263121
5.49198396794e-08 -0.00341257957221 1.00824908927 0.988174243502
5.5501002004e-08 -0.00341276981542 1.0082494813 0.988172223882
5.60821643287e-08 -0.00341296005862 1.00824987333 0.988170204263
5.66633266533e-08 -0.00341315030182 1.00825026535 0.988168184643
5.7244488978e-08 -0.00341334054502 1.00825065738 0.988166165024
5.78256513026e-08 -0.00341352729301 1.00825115527 0.988164071281
5.84068136273e-08 -0.0034137024568 1.00825200404 0.988161731873
5.89879759519e-08 -0.0034138776206 1.0082528528 0.988159392464
5.95691382766e-08 -0.0034140527844 1.00825370156 0.988157053055
6.01503006012e-08 -0.0034142279482 1.00825455033 0.988154713647
6.07314629259e-08 -0.003414403112 1.00825539909 0.988152374238
6.13126252505e-08 -0.0034145782758 1.00825624786 0.98815003483
6.18937875752e-08 -0.0034147534396 1.00825709662 0.988147695421
6.24749498998e-08 -0.0034149259557 1.00825803266 0.988145286032
6.30561122244e-08 -0.00341508034864 1.00825956606 0.988142397639
6.36372745491e-08 -0.00341523474158 1.00826109946 0.988139509245
6.42184368737e-08 -0.00341538913452 1.00826263287 0.988136620852
6.47995991984e-08 -0.00341554352747 1.00826416627 0.988133732458
6.5380761523e-08 -0.00341569792041 1.00826569967 0.988130844065
6.59619238477e-08 -0.00341585231335 1.00826723308 0.988127955671
6.65430861723e-08 -0.00341600670629 1.00826876648 0.988125067278
6.7124248497e-08 -0.00341614953961 1.00827070335 0.988121829476
6.77054108216e-08 -0.00341627468107 1.00827325774 0.98811805691
6.82865731463e-08 -0.00341639982252 1.00827581212 0.988114284343
6.88677354709e-08 -0.00341652496398 1.0082783665 0.988110511777
6.94488977956e-08 -0.00341665010544 1.00828092088 0.988106739211
7.00300601202e-08 -0.00341677524689 1.00828347527 0.988102966644
7.06112224449e-08 -0.00341690038835 1.00828602965 0.988099194078
7.11923847695e-08 -0.00341702478865 1.00828861089 0.988095397169
7.17735470942e-08 -0.00341710837868 1.00829267122 0.988090259901
7.23547094188e-08 -0.00341719196871 1.00829673154 0.988085122633
7.29358717435e-08 -0.00341727555874 1.00830079187 0.988079985365
7.35170340681e-08 -0.00341735914877 1.00830485219 0.988074848097
7.40981963928e-08 -0.0034174427388 1.00830891252 0.988069710829
7.46793587174e-08 -0.00341752632883 1.00831297284 0.988064573561
7.52605210421e-08 -0.00341760991886 1.00831703317 0.988059436293
7.58416833667e-08 -0.00341763577137 1.00832323796 0.988052301501
7.64228456914e-08 -0.00341766039422 1.00832948842 0.988045124166
7.7004008016e-08 -0.00341768501708 1.00833573888 0.988037946832
7.75851703407e-08 -0.00341770963993 1.00834198934 0.988030769498
7.81663326653e-08 -0.00341773426278 1.0083482398 0.988023592163
7.874749499e-08 -0.00341775888563 1.00835449027 0.988016414829
7.93286573146e-08 -0.00341776160889 1.00836156719 0.988008454453
7.99098196393e-08 -0.00341770314157 1.00837095335 0.987998306146
8.04909819639e-08 -0.00341764467424 1.00838033951 0.987988157839
8.10721442886e-08 -0.00341758620692 1.00838972567 0.987978009532
8.16533066132e-08 -0.00341752773959 1.00839911183 0.987967861225
8.22344689379e-08 -0.00341746927227 1.00840849799 0.987957712918
8.28156312625e-08 -0.00341741080494 1.00841788416 0.987947564611
8.33967935872e-08 -0.00341725316048 1.00843105254 0.9879337943
8.39779559118e-08 -0.0034170788668 1.00844485585 0.987919415951
8.45591182365e-08 -0.00341690457312 1.00845865916 0.987905037602
8.51402805611e-08 -0.00341673027943 1.00847246248 0.987890659252
8.57214428858e-08 -0.00341655598575 1.00848626579 0.987876280903
8.63026052104e-08 -0.00341638169207 1.00850006911 0.987861902553
8.68837675351e-08 -0.00341608894987 1.0085184213 0.987843138566
8.74649298597e-08 -0.00341575525288 1.0085383463 0.987822858199
8.80460921844e-08 -0.0034154215559 1.00855827131 0.987802577832
8.8627254509e-08 -0.00341508785892 1.00857819632 0.987782297466
8.92084168337e-08 -0.00341475416193 1.00859812133 0.987762017099
8.97895791583e-08 -0.00341442046495 1.00861804634 0.987741736732
9.0370741483e-08 -0.00341388976722 1.00864557327 0.987714096376
9.09519038076e-08 -0.00341333970825 1.00867384732 0.987685732679
9.15330661323e-08 -0.00341278964927 1.00870212137 0.987657368982
9.21142284569e-08 -0.0034122395903 1.00873039542 0.987629005285
9.26953907816e-08 -0.00341168953132 1.00875866947 0.987600641588
9.32765531062e-08 -0.00341103938284 1.00879081896 0.987568516394
9.38577154309e-08 -0.0034101997931 1.00883030356 0.987529271745
9.44388777555e-08 -0.00340936020335 1.00886978816 0.987490027096
9.50200400802e-08 -0.00340852061361 1.00890927276 0.987450782446
9.56012024048e-08 -0.00340768102387 1.00894875736 0.987411537797
9.61823647295e-08 -0.00340682755795 1.0089887806 0.987371769661
9.67635270541e-08 -0.00340560598786 1.00904309293 0.987318114583
9.73446893788e-08 -0.00340438441776 1.00909740526 0.987264459505
9.79258517034e-08 -0.00340316284767 1.00915171759 0.987210804426
9.85070140281e-08 -0.00340194127757 1.00920602992 0.987157149348
9.90881763527e-08 -0.00340071970748 1.00926034225 0.98710349427
9.96693386774e-08 -0.00339901574739 1.00933341792 0.98703159705
1.00250501002e-07 -0.00339729721759 1.00940706031 0.986959148861
1.00831663327e-07 -0.00339557868779 1.00948070269 0.986886700671
1.01412825651e-07 -0.003393860158 1.00955434508 0.986814252481
1.01993987976e-07 -0.00339205388174 1.00963140649 0.98673848153
1.02575150301e-07 -0.00338969753779 1.00972990114 0.986641880755
1.03156312625e-07 -0.00338734119385 1.00982839579 0.98654527998
1.0373747495e-07 -0.0033849848499 1.00992689045 0.986448679205
1.04318637275e-07 -0.00338262850595 1.0100253851 0.986352078429
1.04899799599e-07 -0.00337984694884 1.01014047542 0.986239366575
1.05480961924e-07 -0.00337668271655 1.01027050118 0.986112155382
1.06062124248e-07 -0.00337351848427 1.01040052695 0.985984944189
1.06643286573e-07 -0.00337035425199 1.01053055271 0.985857732996
1.07224448898e-07 -0.00336706194248 1.01066558561 0.985725669387
1.07805611222e-07 -0.00336288729252 1.01083511324 0.985560176859
1.08386773547e-07 -0.00335871264256 1.01100464087 0.985394684331
1.08967935872e-07 -0.0033545379926 1.0111741685 0.985229191803
1.09549098196e-07 -0.00335036334264 1.01134369613 0.985063699275
1.10130260521e-07 -0.0033450287333 1.01155865407 0.984854287785
1.10711422846e-07 -0.00333960567003 1.01177707635 0.984641527209
1.1129258517e-07 -0.00333418260677 1.01199549862 0.984428766633
1.11873747495e-07 -0.0033287595435 1.0122139209 0.984216006057
1.1245490982e-07 -0.00332192745495 1.01248764043 0.983949958339
1.13036072144e-07 -0.0033149798461 1.01276589356 0.983679541823
1.13617234469e-07 -0.00330803223726 1.01304414669 0.983409125308
1.14198396794e-07 -0.00330089472621 1.01332986991 0.983131539063
1.14779559118e-07 -0.00329210608538 1.01368054279 0.982791614662
1.15360721443e-07 -0.00328331744456 1.01403121567 0.982451690262
1.15941883768e-07 -0.00327452880373 1.01438188856 0.982111765862
1.16523046092e-07 -0.00326473392407 1.01477225019 0.981733935073
1.17104208417e-07 -0.00325374574843 1.01520967862 0.981311151199
1.17685370741e-07 -0.0032427575728 1.01564710705 0.980888367325
1.18266533066e-07 -0.00323176939716 1.01608453548 0.980465583451
1.18847695391e-07 -0.00321823435687 1.01662273396 0.979947121151
1.19428857715e-07 -0.00320464510764 1.0171630773 0.979426622376
1.2001002004e-07 -0.0031910558584 1.01770342063 0.978906123601
1.20591182365e-07 -0.0031754547227 1.01832365611 0.978310297699
1.21172344689e-07 -0.00315881951697 1.01898495459 0.977675755136
1.21753507014e-07 -0.00314218431124 1.01964625307 0.977041212574
1.22334669339e-07 -0.00312380272335 1.02037719117 0.976341544356
1.22915831663e-07 -0.00310363378396 1.02117940262 0.975575222663
1.23496993988e-07 -0.00308346484457 1.02198161406 0.97480890097
1.24078156313e-07 -0.00306137303416 1.02286087142 0.973971206328
1.24659318637e-07 -0.00303714091991 1.02382588683 0.973054068085
1.25240480962e-07 -0.00301290880567 1.02479090224 0.972136929841
1.25821643287e-07 -0.00298593920628 1.02586620403 0.971118728676
1.26402805611e-07 -0.00295707482059 1.02701784199 0.970030575482
1.26983967936e-07 -0.00292821043489 1.02816947995 0.968942422287
1.27565130261e-07 -0.0028949407459 1.02949969492 0.967692632873
1.28146292585e-07 -0.00286083809728 1.03086367542 0.966412281103
1.2872745491e-07 -0.00282545853479 1.03227977758 0.965085403457
1.29308617234e-07 -0.00278547820043 1.03388367616 0.963590891221
1.29889779559e-07 -0.00274549786608 1.03548757473 0.962096378984
1.30470941884e-07 -0.00270084369024 1.03728372954 0.960432897908
1.31052104208e-07 -0.00265431691353 1.0391569129 0.958701718515
1.31633266533e-07 -0.00260543306398 1.04112788421 0.956886065904
1.32214428858e-07 -0.00255166640038 1.04330142895 0.954895422087
1.32795591182e-07 -0.00249752736882 1.04549056764 0.952891561311
1.33376753507e-07 -0.00243580778152 1.04799716341 0.950618633624
1.33957915832e-07 -0.00237408819421 1.05050375919 0.948345705938
1.34539078156e-07 -0.00230479364287 1.05333084068 0.945806741713
1.35120240481e-07 -0.00223439394064 1.05620467951 0.943228964034
1.35701402806e-07 -0.00215647721846 1.05940010184 0.940390218427
1.3628256513e-07 -0.00207666172372 1.06267675503 0.937485553248
1.36863727455e-07 -0.00198852767998 1.06631356481 0.934295692576
1.3744488978e-07 -0.00189855801386 1.07002984897 0.931042898904
1.38026052104e-07 -0.00179845071513 1.07419071158 0.927447215365
1.38607214429e-07 -0.00169608881208 1.07845135482 0.923776006277
1.39188376754e-07 -0.00158361372494 1.08316160552 0.91976766698
1.39769539078e-07 -0.00146607809181 1.0881001177 0.915593227751
1.40350701403e-07 -0.00134127482939 1.09336644427 0.911180246527
1.40931863727e-07 -0.00120643891391 1.09909226906 0.906443354355
1.41513026052e-07 -0.00106579744764 1.10508607438 0.901520599748
1.42094188377e-07 -0.000914284124646 1.1115858585 0.896252912632
1.42675350701e-07 -0.000752555409507 1.11856909551 0.890667026589
1.43256513026e-07 -0.000582403242755 1.12595456237 0.884821325051
1.43837675351e-07 -0.000401626053267 1.13385169874 0.878650991247
1.44418837675e-07 -0.000206434482049 1.14245561563 0.872049043768
1.45e-07 0 1.15160428859 0.865104941695
