-1.45e-07 0.0237764129074 1.98462978998 0.499890900621
-1.44418837675e-07 0.0226645456182 1.90159431393 0.522005881357
-1.43837675351e-07 0.0216159550741 1.82554194489 0.543485598113
-1.43256513026e-07 0.0206477080066 1.75865418118 0.564303603192
-1.42675350701e-07 0.0197381245751 1.69793951904 0.584552594215
-1.42094188377e-07 0.0188748616946 1.64192000477 0.604317631053
-1.41513026052e-07 0.0180675348253 1.59134175109 0.623454023538
-1.40931863727e-07 0.0173193117699 1.54609079489 0.641831422384
-1.40350701403e-07 0.0166025499784 1.50357221329 0.65977810265
-1.39769539078e-07 0.0159399938082 1.46559236745 0.676939039929
-1.39188376754e-07 0.0153164984918 1.43065936102 0.693467754228
-1.38607214429e-07 0.0147202017622 1.397847909 0.709556243339
-1.38026052104e-07 0.0141780206658 1.36898069305 0.724676291389
-1.3744488978e-07 0.0136478892808 1.34097344322 0.739573831364
-1.36863727455e-07 0.0131718065019 1.31665904146 0.753411505763
-1.3628256513e-07 0.0127054811242 1.29297173295 0.767041251942
-1.35701402806e-07 0.0122833736749 1.27212624309 0.779728723124
-1.35120240481e-07 0.0118713350798 1.25189162697 0.79218481257
-1.34539078156e-07 0.0114991579092 1.23407538897 0.8037248886
-1.33957915832e-07 0.0111328300375 1.21659539584 0.815121049064
-1.33376753507e-07 0.0108065946363 1.20142010416 0.825530778401
-1.32795591182e-07 0.0104803592351 1.18624481247 0.835940507737
-1.32214428858e-07 0.0101941869521 1.17325992185 0.845301914212
-1.31633266533e-07 0.00990998262783 1.16038262693 0.854611825539
-1.31052104208e-07 0.00965155525769 1.14885090485 0.863208867028
-1.30470941884e-07 0.00940557115449 1.13796872894 0.871461786024
-1.29889779559e-07 0.00916946469055 1.12758075105 0.879427678739
-1.29308617234e-07 0.00895801191582 1.11842624646 0.88667717996
-1.2872745491e-07 0.00874655914108 1.10927174186 0.893926681181
-1.28146292585e-07 0.00855936069713 1.10128478058 0.900439668256
-1.27565130261e-07 0.00837889388269 1.09362186323 0.906748240689
-1.26983967936e-07 0.008202816572 1.08616301121 0.912918223577
-1.26402805611e-07 0.00804995418625 1.0797834067 0.918355242999
-1.25821643287e-07 0.00789709180051 1.0734038022 0.923792262421
-1.25240480962e-07 0.00775421210352 1.06747403895 0.928903108561
-1.24659318637e-07 0.00762575485717 1.06219418213 0.933542717123
-1.24078156313e-07 0.00749729761082 1.0569143253 0.938182325686
-1.23496993988e-07 0.00738011505616 1.05212866573 0.94244234547
-1.22915831663e-07 0.00727306180065 1.04778699807 0.946361338784
-1.22334669339e-07 0.00716600854515 1.0434453304 0.950280332099
-1.21753507014e-07 0.00706837012254 1.03950641882 0.953874007671
-1.21172344689e-07 0.00697993072776 1.03596103143 0.957149822373
-1.20591182365e-07 0.00689149133298 1.03241564403 0.960425637075
-1.2001002004e-07 0.00680849877645 1.02909838005 0.963508983938
-1.19428857715e-07 0.00673610358742 1.02622495292 0.966217865407
-1.18847695391e-07 0.00666370839839 1.0233515258 0.968926746876
-1.18266533066e-07 0.00659159874749 1.0204898409 0.971625343959
-1.17685370741e-07 0.00653290435274 1.01817983306 0.973840756233
-1.17104208417e-07 0.00647420995799 1.01586982521 0.976056168507
-1.16523046092e-07 0.00641551556324 1.01355981737 0.978271580781
-1.15941883768e-07 0.00636310660262 1.01150428287 0.980256913594
-1.15360721443e-07 0.00631599779224 1.0096633313 0.982048233443
-1.14779559118e-07 0.00626888898187 1.00782237973 0.983839553291
-1.14198396794e-07 0.00622178017149 1.00598142816 0.985630873139
-1.13617234469e-07 0.00618336789393 1.00448795377 0.987099503336
-1.13036072144e-07 0.006145955835 1.00303444395 0.988531019868
-1.1245490982e-07 0.00610854377606 1.00158093412 0.989962536401
-1.11873747495e-07 0.00607174009279 1.00015146612 0.991371222754
-1.1129258517e-07 0.00604235689561 0.999015241247 0.992501444612
-1.10711422846e-07 0.00601297369843 0.997879016379 0.993631666471
-1.10130260521e-07 0.00598359050125 0.996742791511 0.994761888329
-1.09549098196e-07 0.00595467303408 0.995624804697 0.995874470147
-1.08967935872e-07 0.00593186301665 0.994745986486 0.996755725547
-1.08386773547e-07 0.00590905299921 0.993867168275 0.997636980947
-1.07805611222e-07 0.00588624298178 0.992988350064 0.998518236347
-1.07224448898e-07 0.00586343296435 0.992109531852 0.999399491747
-1.06643286573e-07 0.00584526693363 0.991411228078 1.00010351912
-1.06062124248e-07 0.00582777500657 0.9907391271 1.00078182074
-1.05480961924e-07 0.00581028307951 0.990067026122 1.00146012236
-1.04899799599e-07 0.00579279115245 0.989394925144 1.00213842398
-1.04318637275e-07 0.00577731215299 0.988800601615 1.00273943903
-1.0373747495e-07 0.0057640698373 0.988292701244 1.00325457635
-1.03156312625e-07 0.00575082752162 0.987784800873 1.00376971368
-1.02575150301e-07 0.00573758520593 0.987276900502 1.00428485101
-1.01993987976e-07 0.00572434289025 0.986769000131 1.00479998833
-1.01412825651e-07 0.00571399139879 0.98637226952 1.00520359579
-1.00831663327e-07 0.00570410104987 0.985993272641 1.00558941208
-1.00250501002e-07 0.00569421070094 0.985614275763 1.00597522836
-9.96693386774e-08 0.00568432035201 0.985235278884 1.00636104465
-9.90881763527e-08 0.00567450646917 0.984859211709 1.00674389963
-9.85070140281e-08 0.00566722431013 0.984580144383 1.00702870871
-9.79258517034e-08 0.00565994215108 0.984301077057 1.00731351778
-9.73446893788e-08 0.00565265999204 0.984022009732 1.00759832686
-9.67635270541e-08 0.005645377833 0.983742942406 1.00788313593
-9.61823647295e-08 0.00563809567395 0.98346387508 1.008167945
-9.56012024048e-08 0.00563274155939 0.983258468628 1.0083778673
-9.50200400802e-08 0.005627460125 0.983055838918 1.00858496664
-9.44388777555e-08 0.0056221786906 0.982853209209 1.00879206598
-9.38577154309e-08 0.00561689725621 0.982650579499 1.00899916532
-9.32765531062e-08 0.00561161582181 0.98244794979 1.00920626466
-9.26953907816e-08 0.00560732369241 0.9822830361 1.00937485199
-9.21142284569e-08 0.00560355425294 0.982138049312 1.00952309188
-9.15330661323e-08 0.00559978481347 0.981993062524 1.00967133176
-9.09519038076e-08 0.00559601537399 0.981848075736 1.00981957164
-9.0370741483e-08 0.00559224593452 0.981703088947 1.00996781153
-8.97895791583e-08 0.00558857715865 0.981561933948 1.01011212603
-8.92084168337e-08 0.00558593263521 0.981459767405 1.01021649979
-8.8627254509e-08 0.00558328811177 0.981357600863 1.01032087355
-8.80460921844e-08 0.00558064358833 0.981255434321 1.01042524731
-8.74649298597e-08 0.00557799906489 0.981153267778 1.01052962107
-8.68837675351e-08 0.00557535454145 0.981051101236 1.01063399483
-8.63026052104e-08 0.00557292155188 0.980956978456 1.01073010912
-8.57214428858e-08 0.00557110035599 0.980886119672 1.01080233555
-8.51402805611e-08 0.00556927916009 0.980815260887 1.01087456197
-8.45591182365e-08 0.0055674579642 0.980744402102 1.0109467884
-8.39779559118e-08 0.0055656367683 0.980673543318 1.01101901482
-8.33967935872e-08 0.0055638155724 0.980602684533 1.01109124124
-8.28156312625e-08 0.0055620795202 0.980535061482 1.01116013988
-8.22344689379e-08 0.00556085065741 0.980486713253 1.01120921532
-8.16533066132e-08 0.00555962179463 0.980438365024 1.01125829076
-8.10721442886e-08 0.00555839293185 0.980390016796 1.01130736621
-8.04909819639e-08 0.00555716406906 0.980341668567 1.01135644165
-7.99098196393e-08 0.00555593520628 0.980293320338 1.01140551709
-7.93286573146e-08 0.00555470634349 0.98024497211 1.01145459254
-7.874749499e-08 0.00555378570867 0.98020833546 1.01149161158
-7.81663326653e-08 0.00555297538598 0.980175890284 1.01152431573
-7.75851703407e-08 0.00555216506329 0.980143445107 1.01155701989
-7.7004008016e-08 0.0055513547406 0.980110999931 1.01158972405
-7.64228456914e-08 0.00555054441791 0.980078554755 1.0116224282
-7.58416833667e-08 0.00554973409522 0.980046109579 1.01165513236
-7.52605210421e-08 0.00554892982414 0.980013894407 1.01168759965
-7.46793587174e-08 0.00554840970067 0.979992478873 1.01170894486
-7.40981963928e-08 0.00554788957719 0.979971063339 1.01173029008
-7.35170340681e-08 0.00554736945371 0.979949647805 1.0117516353
-7.29358717435e-08 0.00554684933023 0.979928232271 1.01177298051
-7.23547094188e-08 0.00554632920676 0.979906816737 1.01179432573
-7.17735470942e-08 0.00554580908328 0.979885401203 1.01181567095
-7.11923847695e-08 0.0055452889598 0.979863985669 1.01183701616
-7.06112224449e-08 0.00554496256857 0.979849939681 1.01185077317
-7.00300601202e-08 0.00554463969571 0.97983602753 1.01186439237
-6.94488977956e-08 0.00554431682285 0.97982211538 1.01187801157
-6.88677354709e-08 0.00554399394999 0.97980820323 1.01189163077
-6.82865731463e-08 0.00554367107713 0.97979429108 1.01190524997
-6.77054108216e-08 0.00554334820427 0.97978037893 1.01191886916
-6.7124248497e-08 0.00554302533141 0.97976646678 1.01193248836
-6.65430861723e-08 0.00554278186436 0.97975558036 1.01194299481
-6.59619238477e-08 0.00554259028001 0.979746670912 1.01195146743
-6.5380761523e-08 0.00554239869566 0.979737761464 1.01195994005
-6.47995991984e-08 0.00554220711131 0.979728852017 1.01196841267
-6.42184368737e-08 0.00554201552695 0.979719942569 1.01197688529
-6.36372745491e-08 0.0055418239426 0.979711033122 1.0119853579
-6.30561122244e-08 0.00554163235825 0.979702123674 1.01199383052
-6.24749498998e-08 0.0055414407739 0.979693214226 1.01200230314
-6.18937875752e-08 0.00554132375583 0.979687154775 1.01200784934
-6.13126252505e-08 0.0055412176315 0.979681511694 1.012012968
-6.07314629259e-08 0.00554111150717 0.979675868613 1.01201808666
-6.01503006012e-08 0.00554100538284 0.979670225531 1.01202320533
-5.95691382766e-08 0.0055408992585 0.97966458245 1.01202832399
-5.89879759519e-08 0.00554079313417 0.979658939368 1.01203344265
-5.84068136273e-08 0.00554068700984 0.979653296287 1.01203856132
-5.78256513026e-08 0.00554058088551 0.979647653206 1.01204367998
-5.7244488978e-08 0.00554051648769 0.979643613496 1.01204715804
-5.66633266533e-08 0.00554046467971 0.97964005756 1.01205014109
-5.60821643287e-08 0.00554041287174 0.979636501624 1.01205312415
-5.5501002004e-08 0.00554036106376 0.979632945688 1.0120561072
-5.49198396794e-08 0.00554030925579 0.979629389752 1.01205909025
-5.43386773547e-08 0.00554025744782 0.979625833816 1.01206207331
-5.37575150301e-08 0.00554020563984 0.97962227788 1.01206505636
-5.31763527054e-08 0.00554015383187 0.979618721944 1.01206803941
-5.25951903808e-08 0.00554011123878 0.979615523449 1.01207065902
-5.20140280561e-08 0.00554009306512 0.979613272172 1.0120723155
-5.14328657315e-08 0.00554007489146 0.979611020895 1.01207397197
-5.08517034068e-08 0.0055400567178 0.979608769618 1.01207562845
-5.02705410822e-08 0.00554003854414 0.979606518341 1.01207728492
-4.96893787575e-08 0.00554002037048 0.979604267063 1.0120789414
-4.91082164329e-08 0.00554000219682 0.979602015786 1.01208059788
-4.85270541082e-08 0.00553998402316 0.979599764509 1.01208225435
-4.79458917836e-08 0.0055399658495 0.979597513232 1.01208391083
-4.73647294589e-08 0.00553995518031 0.979595558021 1.01208526966
-4.67835671343e-08 0.0055399572317 0.979594104662 1.01208612395
-4.62024048096e-08 0.00553995928309 0.979592651303 1.01208697825
-4.5621242485e-08 0.00553996133447 0.979591197944 1.01208783255
-4.50400801603e-08 0.00553996338586 0.979589744586 1.01208868684
-4.44589178357e-08 0.00553996543724 0.979588291227 1.01208954114
-4.3877755511e-08 0.00553996748863 0.979586837868 1.01209039544
-4.32965931864e-08 0.00553996954002 0.979585384509 1.01209124974
-4.27154308617e-08 0.0055399715914 0.97958393115 1.01209210403
-4.21342685371e-08 0.00553997410995 0.979582496806 1.01209293961
-4.15531062124e-08 0.00553998790587 0.979581521487 1.01209332318
-4.09719438878e-08 0.00554000170179 0.979580546169 1.01209370676
-4.03907815631e-08 0.00554001549771 0.97957957085 1.01209409033
-3.98096192385e-08 0.00554002929364 0.979578595531 1.0120944739
-3.92284569138e-08 0.00554004308956 0.979577620213 1.01209485748
-3.86472945892e-08 0.00554005688548 0.979576644894 1.01209524105
-3.80661322645e-08 0.0055400706814 0.979575669576 1.01209562462
-3.74849699399e-08 0.00554008447732 0.979574694257 1.0120960082
-3.69038076152e-08 0.00554009827325 0.979573718938 1.01209639177
-3.63226452906e-08 0.00554011376056 0.97957281668 1.01209670615
-3.57414829659e-08 0.00554013407317 0.979572122853 1.0120968231
-3.51603206413e-08 0.00554015438577 0.979571429026 1.01209694006
-3.45791583166e-08 0.00554017469838 0.979570735199 1.01209705702
-3.3997995992e-08 0.00554019501099 0.979570041372 1.01209717397
-3.34168336673e-08 0.00554021532359 0.979569347545 1.01209729093
-3.28356713427e-08 0.0055402356362 0.979568653718 1.01209740789
-3.2254509018e-08 0.00554025594881 0.979567959891 1.01209752484
-3.16733466934e-08 0.00554027626141 0.979567266064 1.0120976418
-3.10921843687e-08 0.00554029657402 0.979566572237 1.01209775876
-3.05110220441e-08 0.00554031691621 0.979565879848 1.01209787445
-2.99298597194e-08 0.00554034060539 0.979565350145 1.01209784714
-2.93486973948e-08 0.00554036429456 0.979564820442 1.01209781983
-2.87675350701e-08 0.00554038798374 0.979564290739 1.01209779252
-2.81863727455e-08 0.00554041167291 0.979563761036 1.01209776521
-2.76052104208e-08 0.00554043536209 0.979563231333 1.0120977379
-2.70240480962e-08 0.00554045905127 0.97956270163 1.0120977106
-2.64428857715e-08 0.00554048274044 0.979562171927 1.01209768329
-2.58617234469e-08 0.00554050642962 0.979561642225 1.01209765598
-2.52805611222e-08 0.00554053011879 0.979561112522 1.01209762867
-2.46993987976e-08 0.00554055380797 0.979560582819 1.01209760136
-2.41182364729e-08 0.00554057790431 0.979560078572 1.01209755475
-2.35370741483e-08 0.00554060313125 0.979559645009 1.01209745455
-2.29559118236e-08 0.0055406283582 0.979559211446 1.01209735435
-2.2374749499e-08 0.00554065358514 0.979558777884 1.01209725415
-2.17935871743e-08 0.00554067881208 0.979558344321 1.01209715395
-2.12124248497e-08 0.00554070403902 0.979557910758 1.01209705376
-2.0631262525e-08 0.00554072926596 0.979557477195 1.01209695356
-2.00501002004e-08 0.00554075449291 0.979557043633 1.01209685336
-1.94689378758e-08 0.00554077971985 0.97955661007 1.01209675316
-1.88877755511e-08 0.00554080494679 0.979556176507 1.01209665296
-1.83066132265e-08 0.00554083017373 0.979555742944 1.01209655276
-1.77254509018e-08 0.00554085540255 0.979555309606 1.01209645244
-1.71442885772e-08 0.00554088111411 0.979554934046 1.01209631994
-1.65631262525e-08 0.00554090682567 0.979554558487 1.01209618744
-1.59819639279e-08 0.00554093253723 0.979554182927 1.01209605494
-1.54008016032e-08 0.00554095824878 0.979553807367 1.01209592244
-1.48196392786e-08 0.00554098396034 0.979553431807 1.01209578995
-1.42384769539e-08 0.0055410096719 0.979553056248 1.01209565745
-1.36573146293e-08 0.00554103538346 0.979552680688 1.01209552495
-1.30761523046e-08 0.00554106109502 0.979552305128 1.01209539245
-1.249498998e-08 0.00554108680658 0.979551929568 1.01209525995
-1.19138276553e-08 0.00554111251813 0.979551554009 1.01209512745
-1.13326653307e-08 0.00554113822969 0.979551178449 1.01209499495
-1.0751503006e-08 0.00554116391869 0.979550810381 1.01209486052
-1.01703406814e-08 0.00554118951812 0.979550472062 1.01209471841
-9.58917835671e-09 0.00554121511755 0.979550133743 1.01209457631
-9.00801603206e-09 0.00554124071698 0.979549795424 1.0120944342
-8.42685370741e-09 0.00554126631641 0.979549457106 1.01209429209
-7.84569138277e-09 0.00554129191584 0.979549118787 1.01209414998
-7.26452905812e-09 0.00554131751527 0.979548780468 1.01209400787
-6.68336673347e-09 0.00554134311469 0.97954844215 1.01209386576
-6.10220440882e-09 0.00554136871412 0.979548103831 1.01209372365
-5.52104208417e-09 0.00554139431355 0.979547765512 1.01209358154
-4.93987975952e-09 0.00554141991298 0.979547427194 1.01209343943
-4.35871743487e-09 0.00554144551241 0.979547088875 1.01209329732
-3.77755511022e-09 0.00554147111184 0.979546750556 1.01209315521
-3.19639278557e-09 0.00554149632918 0.979546433828 1.01209301585
-2.61523046092e-09 0.0055415214686 0.979546121504 1.01209287705
-2.03406813627e-09 0.00554154660801 0.97954580918 1.01209273824
-1.45290581162e-09 0.00554157174743 0.979545496856 1.01209259944
-8.71743486974e-10 0.00554159688685 0.979545184532 1.01209246064
-2.90581162324e-10 0.00554162202626 0.979544872208 1.01209232183
2.90581162325e-10 0.00554164716568 0.979544559884 1.01209218303
8.71743486974e-10 0.00554167230509 0.97954424756 1.01209204422
1.45290581162e-09 0.00554169744451 0.979543935236 1.01209190542
2.03406813627e-09 0.00554172258393 0.979543622912 1.01209176662
2.61523046092e-09 0.00554174772334 0.979543310588 1.01209162781
3.19639278557e-09 0.00554177286276 0.979542998264 1.01209148901
3.77755511022e-09 0.00554179789051 0.979542689055 1.01209135208
4.35871743487e-09 0.0055418223708 0.979542395121 1.01209122435
4.93987975952e-09 0.00554184685108 0.979542101187 1.01209109661
5.52104208417e-09 0.00554187133137 0.979541807253 1.01209096888
6.10220440882e-09 0.00554189581166 0.979541513319 1.01209084114
6.68336673347e-09 0.00554192029194 0.979541219385 1.01209071341
7.26452905812e-09 0.00554194477223 0.979540925451 1.01209058567
7.84569138277e-09 0.00554196925252 0.979540631517 1.01209045794
8.42685370742e-09 0.0055419937328 0.979540337583 1.0120903302
9.00801603206e-09 0.00554201821309 0.979540043649 1.01209020247
9.58917835671e-09 0.00554204269338 0.979539749715 1.01209007473
1.01703406814e-08 0.00554206717367 0.979539455781 1.012089947
1.0751503006e-08 0.00554209165395 0.979539161847 1.01208981927
1.13326653307e-08 0.00554211550414 0.979538877047 1.01208970495
1.19138276553e-08 0.00554213919566 0.979538594548 1.01208959401
1.249498998e-08 0.00554216288718 0.979538312049 1.01208948307
1.30761523046e-08 0.00554218657871 0.97953802955 1.01208937213
1.36573146293e-08 0.00554221027023 0.97953774705 1.01208926119
1.42384769539e-08 0.00554223396175 0.979537464551 1.01208915025
1.48196392786e-08 0.00554225765327 0.979537182052 1.01208903931
1.54008016032e-08 0.00554228134479 0.979536899552 1.01208892837
1.59819639279e-08 0.00554230503631 0.979536617053 1.01208881743
1.65631262525e-08 0.00554232872783 0.979536334554 1.01208870649
1.71442885772e-08 0.00554235241935 0.979536052054 1.01208859555
1.77254509018e-08 0.00554237611087 0.979535769555 1.01208848461
1.83066132265e-08 0.00554239884608 0.979535490048 1.0120883977
1.88877755511e-08 0.00554242157758 0.979535210552 1.01208831089
1.94689378758e-08 0.00554244430907 0.979534931056 1.01208822408
2.00501002004e-08 0.00554246704057 0.97953465156 1.01208813726
2.06312625251e-08 0.00554248977207 0.979534372064 1.01208805045
2.12124248497e-08 0.00554251250356 0.979534092569 1.01208796363
2.17935871743e-08 0.00554253523506 0.979533813073 1.01208787682
2.2374749499e-08 0.00554255796655 0.979533533577 1.01208779001
2.29559118236e-08 0.00554258069805 0.979533254081 1.01208770319
2.35370741483e-08 0.00554260342954 0.979532974585 1.01208761638
2.41182364729e-08 0.00554262616104 0.97953269509 1.01208752957
2.46993987976e-08 0.00554264796807 0.97953240816 1.01208746949
2.52805611222e-08 0.00554266944217 0.979532118554 1.01208741904
2.58617234469e-08 0.00554269091627 0.979531828948 1.0120873686
2.64428857715e-08 0.00554271239037 0.979531539342 1.01208731815
2.70240480962e-08 0.00554273386447 0.979531249735 1.0120872677
2.76052104208e-08 0.00554275533858 0.979530960129 1.01208721726
2.81863727455e-08 0.00554277681268 0.979530670523 1.01208716681
2.87675350701e-08 0.00554279828678 0.979530380916 1.01208711636
2.93486973948e-08 0.00554281976088 0.97953009131 1.01208706592
2.99298597194e-08 0.00554284123498 0.979529801704 1.01208701547
3.05110220441e-08 0.00554286270908 0.979529512098 1.01208696502
3.10921843687e-08 0.00554288240857 0.979529190714 1.01208697187
3.16733466934e-08 0.00554290209237 0.97952886905 1.01208697923
3.2254509018e-08 0.00554292177617 0.979528547386 1.01208698659
3.28356713427e-08 0.00554294145998 0.979528225722 1.01208699394
3.34168336673e-08 0.00554296114378 0.979527904057 1.0120870013
3.3997995992e-08 0.00554298082758 0.979527582393 1.01208700865
3.45791583166e-08 0.00554300051138 0.979527260729 1.01208701601
3.51603206413e-08 0.00554302019519 0.979526939065 1.01208702337
3.57414829659e-08 0.00554303987899 0.979526617401 1.01208703072
3.63226452906e-08 0.00554305956279 0.979526295736 1.01208703808
3.69038076152e-08 0.00554307723244 0.97952592301 1.0120871156
3.74849699399e-08 0.00554309419608 0.979525532386 1.01208721771
3.80661322645e-08 0.00554311115972 0.979525141761 1.01208731983
3.86472945892e-08 0.00554312812336 0.979524751137 1.01208742194
3.92284569138e-08 0.00554314508699 0.979524360512 1.01208752406
3.98096192385e-08 0.00554316205063 0.979523969888 1.01208762617
4.03907815631e-08 0.00554317901427 0.979523579263 1.01208772829
4.09719438878e-08 0.00554319597791 0.979523188639 1.0120878304
4.15531062124e-08 0.00554321294154 0.979522798014 1.01208793251
4.21342685371e-08 0.00554322990518 0.97952240739 1.01208803463
4.27154308617e-08 0.00554324275025 0.979521891938 1.01208828722
4.32965931864e-08 0.00554325542471 0.979521371316 1.01208854604
4.3877755511e-08 0.00554326809917 0.979520850694 1.01208880487
4.44589178357e-08 0.00554328077363 0.979520330071 1.01208906369
4.50400801603e-08 0.00554329344809 0.979519809449 1.01208932252
4.5621242485e-08 0.00554330612255 0.979519288826 1.01208958134
4.62024048096e-08 0.00554331879701 0.979518768204 1.01208984016
4.67835671343e-08 0.00554333147147 0.979518247582 1.01209009899
4.73647294589e-08 0.00554334414593 0.979517726959 1.01209035781
4.79458917836e-08 0.00554335250928 0.979517062494 1.01209077868
4.85270541082e-08 0.00554335832929 0.979516313168 1.01209129515
4.91082164329e-08 0.0055433641493 0.979515563842 1.01209181161
4.96893787575e-08 0.00554336996931 0.979514814516 1.01209232808
5.02705410822e-08 0.00554337578932 0.979514065191 1.01209284454
5.08517034068e-08 0.00554338160934 0.979513315865 1.01209336101
5.14328657315e-08 0.00554338742935 0.979512566539 1.01209387747
5.20140280561e-08 0.00554339324936 0.979511817214 1.01209439394
5.25951903808e-08 0.00554339906937 0.979511067888 1.0120949104
5.31763527054e-08 0.00554339695456 0.979510039389 1.01209573009
5.37575150301e-08 0.00554339184546 0.979508905543 1.0120966642
5.43386773547e-08 0.00554338673636 0.979507771696 1.01209759831
5.49198396794e-08 0.00554338162726 0.979506637849 1.01209853242
5.5501002004e-08 0.00554337651817 0.979505504002 1.01209946653
5.60821643287e-08 0.00554337140907 0.979504370156 1.01210040064
5.66633266533e-08 0.00554336629997 0.979503236309 1.01210133475
5.7244488978e-08 0.00554336119087 0.979502102462 1.01210226886
5.78256513026e-08 0.00554335208795 0.979500823835 1.01210335706
5.84068136273e-08 0.00554332974832 0.979499065361 1.01210495598
5.89879759519e-08 0.00554330740869 0.979497306887 1.01210655489
5.95691382766e-08 0.00554328506905 0.979495548413 1.01210815381
6.01503006012e-08 0.00554326272942 0.979493789938 1.01210975273
6.07314629259e-08 0.00554324038979 0.979492031464 1.01211135165
6.13126252505e-08 0.00554321805015 0.97949027299 1.01211295056
6.18937875752e-08 0.00554319571052 0.979488514516 1.01211454948
6.24749498998e-08 0.00554316996298 0.979486630357 1.01211628063
6.30561122244e-08 0.00554312088879 0.979483885899 1.0121189169
6.36372745491e-08 0.0055430718146 0.979481141441 1.01212155317
6.42184368737e-08 0.0055430227404 0.979478396983 1.01212418944
6.47995991984e-08 0.00554297366621 0.979475652525 1.01212682571
6.5380761523e-08 0.00554292459201 0.979472908067 1.01212946198
6.59619238477e-08 0.00554287551782 0.97947016361 1.01213209824
6.65430861723e-08 0.00554282644362 0.979467419152 1.01213473451
6.7124248497e-08 0.00554276127231 0.979464074997 1.0121379975
6.77054108216e-08 0.00554267146458 0.979459813015 1.01214221967
6.82865731463e-08 0.00554258165685 0.979455551033 1.01214644184
6.88677354709e-08 0.00554249184911 0.979451289051 1.01215066402
6.94488977956e-08 0.00554240204138 0.979447027068 1.01215488619
7.00300601202e-08 0.00554231223365 0.979442765086 1.01215910836
7.06112224449e-08 0.00554222242592 0.979438503104 1.01216333053
7.11923847695e-08 0.005542131532 0.979434200411 1.01216759508
7.17735470942e-08 0.0055419808294 0.979427656074 1.01217419306
7.23547094188e-08 0.0055418301268 0.979421111737 1.01218079104
7.29358717435e-08 0.00554167942419 0.9794145674 1.01218738902
7.35170340681e-08 0.00554152872159 0.979408023063 1.01219398699
7.40981963928e-08 0.00554137801899 0.979401478725 1.01220058497
7.46793587174e-08 0.00554122731639 0.979394934388 1.01220718295
7.52605210421e-08 0.00554107661379 0.979388390051 1.01221378093
7.58416833667e-08 0.00554083845805 0.979378555989 1.01222379546
7.64228456914e-08 0.00554059843978 0.979368651864 1.01223388276
7.7004008016e-08 0.00554035842152 0.97935874774 1.01224397006
7.75851703407e-08 0.00554011840325 0.979348843615 1.01225405736
7.81663326653e-08 0.00553987838499 0.979338939491 1.01226414465
7.874749499e-08 0.00553963836672 0.979329035366 1.01227423195
7.93286573146e-08 0.00553936446247 0.979317853746 1.0122856443
7.99098196393e-08 0.00553899587592 0.979303102622 1.01230075903
8.04909819639e-08 0.00553862728937 0.979288351497 1.01231587376
8.10721442886e-08 0.00553825870281 0.979273600372 1.01233098849
8.16533066132e-08 0.00553789011626 0.979258849247 1.01234610322
8.22344689379e-08 0.00553752152971 0.979244098122 1.01236121795
8.28156312625e-08 0.00553715294316 0.979229346998 1.01237633268
8.33967935872e-08 0.00553662874782 0.979208721863 1.01239753645
8.39779559118e-08 0.00553607842989 0.979187110637 1.01241976241
8.45591182365e-08 0.00553552811196 0.979165499411 1.01244198837
8.51402805611e-08 0.00553497779403 0.979143888185 1.01246421433
8.57214428858e-08 0.0055344274761 0.979122276959 1.01248644029
8.63026052104e-08 0.00553387715816 0.979100665733 1.01250866624
8.68837675351e-08 0.00553313928771 0.979071969768 1.01253823561
8.74649298597e-08 0.00553233656906 0.979040824183 1.01257034404
8.80460921844e-08 0.00553153385041 0.979009678598 1.01260245247
8.8627254509e-08 0.00553073113176 0.978978533013 1.0126345609
8.92084168337e-08 0.00552992841311 0.978947387428 1.01266666933
8.97895791583e-08 0.00552912569447 0.978916241843 1.01269877775
9.0370741483e-08 0.005528009144 0.978873238271 1.0127431812
9.09519038076e-08 0.00552686175012 0.978829069296 1.01278879301
9.15330661323e-08 0.00552571435623 0.978784900321 1.01283440481
9.21142284569e-08 0.00552456696235 0.978740731345 1.01288001662
9.26953907816e-08 0.00552341956847 0.97869656237 1.01292562842
9.32765531062e-08 0.00552211207797 0.978646344718 1.01297751646
9.38577154309e-08 0.0055205015696 0.978584678625 1.01304128364
9.44388777555e-08 0.00551889106123 0.978523012531 1.01310505082
9.50200400802e-08 0.00551728055286 0.978461346437 1.013168818
9.56012024048e-08 0.00551567004449 0.978399680343 1.01323258518
9.61823647295e-08 0.00551403727987 0.978337173703 1.01329722554
9.67635270541e-08 0.00551181410599 0.978252369216 1.01338502961
9.73446893788e-08 0.00550959093211 0.978167564728 1.01347283367
9.79258517034e-08 0.00550736775822 0.97808276024 1.01356063774
9.85070140281e-08 0.00550514458434 0.977997955753 1.0136484418
9.90881763527e-08 0.00550292141046 0.977913151265 1.01373624587
9.96693386774e-08 0.00549992308938 0.977799092141 1.01385449069
1.00250501002e-07 0.0054969013564 0.977684149434 1.01397365492
1.00831663327e-07 0.00549387962342 0.977569206727 1.01409281915
1.01412825651e-07 0.00549085789043 0.97745426402 1.01421198338
1.01993987976e-07 0.00548769498238 0.977333998639 1.01433669833
1.02575150301e-07 0.00548364707178 0.97718036631 1.01449620984
1.03156312625e-07 0.00547959916118 0.977026733981 1.01465572135
1.0373747495e-07 0.00547555125058 0.976873101652 1.01481523286
1.04318637275e-07 0.00547150333998 0.976719469324 1.01497474437
1.04899799599e-07 0.00546677073178 0.97654005735 1.01516121724
1.05480961924e-07 0.00546142192263 0.976337444708 1.01537195429
1.06062124248e-07 0.00545607311347 0.976134832066 1.01558269133
1.06643286573e-07 0.00545072430431 0.975932219424 1.01579342837
1.07224448898e-07 0.00544516914536 0.975721851253 1.01601230604
1.07805611222e-07 0.00543819241617 0.97545805425 1.01628726556
1.08386773547e-07 0.00543121568698 0.975194257247 1.01656222507
1.08967935872e-07 0.0054242389578 0.974930460243 1.01683718458
1.09549098196e-07 0.00541726222861 0.97466666324 1.01711214409
1.10130260521e-07 0.00540841598534 0.97433275913 1.01746102732
1.10711422846e-07 0.0053994271803 0.973993508929 1.01781554768
1.1129258517e-07 0.00539043837527 0.973654258727 1.01817006803
1.11873747495e-07 0.00538144957024 0.973315008526 1.01852458839
1.1245490982e-07 0.00537018934125 0.972890816021 1.01896917814
1.13036072144e-07 0.0053587428874 0.97245965944 1.01942115232
1.13617234469e-07 0.00534729643355 0.972028502859 1.01987312649
1.14198396794e-07 0.00533554381115 0.971585935578 1.02033728273
1.14779559118e-07 0.00532112916593 0.971044156456 1.02090735751
1.15360721443e-07 0.00530671452072 0.970502377335 1.0214774323
1.15941883768e-07 0.0052922998755 0.969960598213 1.02204750708
1.16523046092e-07 0.0052762628475 0.969358600763 1.02268239866
1.17104208417e-07 0.00525830184005 0.968685190559 1.02339415629
1.17685370741e-07 0.0052403408326 0.968011780354 1.02410591392
1.18266533066e-07 0.00522237982515 0.967338370149 1.02481767156
1.18847695391e-07 0.00520031243309 0.966513283232 1.02569428218
1.19428857715e-07 0.00517815763834 0.965684967938 1.02657440164
1.2001002004e-07 0.00515600284359 0.964856652645 1.0274545211
1.20591182365e-07 0.00513060431368 0.963909210333 1.02846560434
1.21172344689e-07 0.00510353856776 0.962900539078 1.02954400038
1.21753507014e-07 0.00507647282184 0.961891867823 1.03062239642
1.22334669339e-07 0.00504659153917 0.960780486215 1.03181522171
1.22915831663e-07 0.00501382866853 0.959563984715 1.03312516069
1.23496993988e-07 0.00498106579788 0.958347483215 1.03443509968
1.24078156313e-07 0.00494520302562 0.957018771461 1.03587198781
1.24659318637e-07 0.00490588982362 0.955565161035 1.03745018015
1.25240480962e-07 0.00486657662162 0.954111550608 1.03902837248
1.25821643287e-07 0.00482285051569 0.952499616502 1.04078886245
1.26402805611e-07 0.0047760699603 0.950778096581 1.04267553212
1.26983967936e-07 0.00472928940492 0.94905657666 1.0445622018
1.27565130261e-07 0.00467540775497 0.947082852952 1.04674511924
1.28146292585e-07 0.00462018342219 0.945061442272 1.04898405153
1.2872745491e-07 0.00456290086792 0.942967761877 1.05130980389
1.29308617234e-07 0.00449820245918 0.940613690805 1.0539483724
1.29889779559e-07 0.00443350405044 0.938259619734 1.05658694092
1.30470941884e-07 0.00436127222584 0.935644396036 1.0595472202
1.31052104208e-07 0.0042860220958 0.93292454007 1.06263639471
1.31633266533e-07 0.00420697281101 0.930074847218 1.06589003358
1.32214428858e-07 0.00412005335528 0.926956189673 1.06948436994
1.32795591182e-07 0.0040325337038 0.92381734119 1.07310507978
1.33376753507e-07 0.00393279544619 0.920267451616 1.07726269292
1.33957915832e-07 0.00383305718859 0.916717562042 1.08142030607
1.34539078156e-07 0.00372110879405 0.912763973785 1.0861232637
1.35120240481e-07 0.00360737899915 0.908751487829 1.09090578448
1.35701402806e-07 0.00348153151505 0.904345876265 1.09623915734
1.3628256513e-07 0.00335262314567 0.89984096257 1.10171167347
1.36863727455e-07 0.00321030341722 0.894909817662 1.10780554293
1.3744488978e-07 0.00306502425546 0.889884617943 1.11403652405
1.38026052104e-07 0.00290339832155 0.884351328539 1.12104041001
1.38607214429e-07 0.00273813636263 0.878706806313 1.12821871911
1.39188376754e-07 0.00255656361421 0.872567304756 1.13618509174
1.39769539078e-07 0.00236682692888 0.866186323802 1.14455503897
1.40350701403e-07 0.00216536572472 0.859458545734 1.15350457397
1.40931863727e-07 0.00194771406632 0.85226478125 1.16327397703
1.41513026052e-07 0.00172069178099 0.844805057879 1.17352378369
1.42094188377e-07 0.00147611792951 0.836854614461 1.18468509201
1.42675350701e-07 0.00121504475507 0.828456802206 1.19672609053
1.43256513026e-07 0.000940362796444 0.819695999508 1.20950294106
1.43837675351e-07 0.000648510776729 0.810484439827 1.22322057437
1.44418837675e-07 0.000333350883516 0.800681389314 1.23825182809
1.45e-07 0 0.790403497224 1.25429108474
