-1.45e-07 0.023772203519 1.46802999913 0.672929445966
-1.44418837675e-07 0.0231825904696 1.43504617522 0.688503722769
-1.43837675351e-07 0.0226246444722 1.40434070143 0.703469600024
-1.43256513026e-07 0.0221055714 1.37650845744 0.717737289073
-1.42675350701e-07 0.0216167603003 1.35081359875 0.731425228683
-1.42094188377e-07 0.0211529223696 1.32683620861 0.744616469191
-1.41513026052e-07 0.0207122396516 1.3044216101 0.757335386569
-1.40931863727e-07 0.0203055425109 1.28421277324 0.769323747999
-1.40350701403e-07 0.0199194077833 1.2652872833 0.780846826096
-1.39769539078e-07 0.0195512368631 1.24747048352 0.79195737322
-1.39188376754e-07 0.019208527477 1.23118498532 0.802463743887
-1.38607214429e-07 0.0188860412333 1.21607389612 0.812468667228
-1.38026052104e-07 0.0185772777063 1.20175031212 0.822128190268
-1.3744488978e-07 0.018290558504 1.18866534279 0.831218423318
-1.36863727455e-07 0.0180198407938 1.17645199108 0.839879601378
-1.3628256513e-07 0.0177594685476 1.16480036541 0.84826229071
-1.35701402806e-07 0.0175213727758 1.15432736661 0.856026598437
-1.35120240481e-07 0.0172925405414 1.14433133442 0.863525404687
-1.34539078156e-07 0.0170761897558 1.13497795461 0.870666481172
-1.33957915832e-07 0.016875235852 1.12639746625 0.877353092524
-1.33376753507e-07 0.0166802147407 1.118113395 0.883863622775
-1.32795591182e-07 0.016502609182 1.1106831421 0.889846010069
-1.32214428858e-07 0.0163305535118 1.10351908157 0.895655860959
-1.31633266533e-07 0.0161701022861 1.09691161139 0.901104949813
-1.31052104208e-07 0.0160182028169 1.09070608148 0.90628206086
-1.30470941884e-07 0.0158735287211 1.08484015061 0.911229378045
-1.29889779559e-07 0.0157392567727 1.07945406968 0.915838908423
-1.29308617234e-07 0.0156090577925 1.07425587433 0.920316178135
-1.2872745491e-07 0.0154901494812 1.0695696299 0.924419769067
-1.28146292585e-07 0.0153731977372 1.06497210177 0.928458604969
-1.27565130261e-07 0.0152676377176 1.06088301602 0.932113822065
-1.26983967936e-07 0.0151627782219 1.05682519649 0.935745448867
-1.26402805611e-07 0.0150687830427 1.05324532686 0.939005395222
-1.25821643287e-07 0.0149749322631 1.04967180975 0.942260401508
-1.25240480962e-07 0.0148909334699 1.04652603433 0.945173488416
-1.24659318637e-07 0.0148070777007 1.04338646854 0.94808161159
-1.24078156313e-07 0.0147317048295 1.04061081397 0.950691470711
-1.23496993988e-07 0.0146568983761 1.03785945838 0.953281414225
-1.22915831663e-07 0.0145889619899 1.03539963488 0.955626933005
-1.22334669339e-07 0.0145223251752 1.03299495885 0.957926215346
-1.21753507014e-07 0.0144608000978 1.03080507272 0.960041676375
-1.21172344689e-07 0.0144015171015 1.0287093965 0.96207651075
-1.20591182365e-07 0.0143455260022 1.02675081538 0.963991815426
-1.2001002004e-07 0.0142928425488 1.02492998523 0.965787018567
-1.19428857715e-07 0.0142416400224 1.02317033583 0.967527975843
-1.18847695391e-07 0.0141948609349 1.02159342957 0.969106904036
-1.18266533066e-07 0.0141480818474 1.02001652331 0.970685832229
-1.17685370741e-07 0.0141063048493 1.01864476974 0.972080076121
-1.17104208417e-07 0.0140647914866 1.01728382876 0.973464586218
-1.16523046092e-07 0.014026062857 1.0160363516 0.974745536784
-1.15941883768e-07 0.0139892304557 1.01486613618 0.975955969811
-1.15360721443e-07 0.0139531630837 1.01372690685 0.977137765362
-1.14779559118e-07 0.0139204780251 1.01272467184 0.978192950192
-1.14198396794e-07 0.0138877929665 1.01172243684 0.979248135022
-1.13617234469e-07 0.0138577347144 1.01082602022 0.980204396984
-1.13036072144e-07 0.0138287117378 1.0099713087 0.981121671517
-1.1245490982e-07 0.013800307712 1.00914140704 0.982015507077
-1.11873747495e-07 0.0137745070969 1.00841585984 0.982810754384
-1.1129258517e-07 0.0137487064818 1.00769031264 0.983606001691
-1.10711422846e-07 0.0137246220987 1.00703324013 0.984335918594
-1.10130260521e-07 0.0137016468353 1.00642041958 0.985023615538
-1.09549098196e-07 0.013678671572 1.00580759903 0.985711312483
-1.08967935872e-07 0.0136580707028 1.00528909769 0.986308178266
-1.08386773547e-07 0.0136375636731 1.00477432397 0.986901454274
-1.07805611222e-07 0.0136176028745 1.00428115643 0.98747373448
-1.07224448898e-07 0.0135992440622 1.00385135547 0.987984438219
-1.06643286573e-07 0.0135808852498 1.00342155452 0.988495141957
-1.06062124248e-07 0.0135634257698 1.00302717657 0.988971113619
-1.05480961924e-07 0.0135469295179 1.00267073835 0.989409885562
-1.04899799599e-07 0.0135304332659 1.00231430014 0.989848657505
-1.04318637275e-07 0.0135149764953 1.00199862784 0.990247091231
-1.0373747495e-07 0.0135000888286 1.00170527439 0.990623440253
-1.03156312625e-07 0.0134852011618 1.00141192094 0.990999789275
-1.02575150301e-07 0.0134713413312 1.00115869149 0.991336050739
-1.01993987976e-07 0.0134578373583 1.00091935377 0.991658433075
-1.01412825651e-07 0.0134443333854 1.00068001605 0.991980815412
-1.00831663327e-07 0.0134317434753 1.00047618111 0.992267353947
-1.00250501002e-07 0.0134194248839 1.00028288435 0.992543253071
-9.96693386774e-08 0.0134071062924 1.00008958758 0.992819152196
-9.90881763527e-08 0.0133955253844 0.999924779604 0.993065950276
-9.85070140281e-08 0.0133842180416 0.999770536507 0.993301956424
-9.79258517034e-08 0.0133729106987 0.999616293411 0.993537962571
-9.73446893788e-08 0.013362132738 0.999482359286 0.993752942889
-9.67635270541e-08 0.013351684405 0.999361070848 0.993954831158
-9.61823647295e-08 0.013341236072 0.99923978241 0.994156719427
-9.56012024048e-08 0.0133310999938 0.999130378907 0.994346108041
-9.50200400802e-08 0.0133213781635 0.999036742364 0.994518914186
-9.44388777555e-08 0.0133116563331 0.998943105821 0.994691720332
-9.38577154309e-08 0.0133020374873 0.998853351705 0.994860365806
-9.32765531062e-08 0.0132929273494 0.998782775431 0.995008459003
-9.26953907816e-08 0.0132838172115 0.998712199157 0.9951565522
-9.21142284569e-08 0.0132747070736 0.998641622883 0.995304645396
-9.15330661323e-08 0.013266022544 0.998586903918 0.995435353863
-9.09519038076e-08 0.0132574250827 0.998535428938 0.995562505875
-9.0370741483e-08 0.0132488276213 0.998483953958 0.995689657887
-8.97895791583e-08 0.0132404069776 0.998438970976 0.99580949154
-8.92084168337e-08 0.0132322372032 0.998403198857 0.995918941886
-8.8627254509e-08 0.0132240674288 0.998367426737 0.996028392233
-8.80460921844e-08 0.0132158976544 0.998331654618 0.996137842579
-8.74649298597e-08 0.0132080532444 0.998307610023 0.996233609532
-8.68837675351e-08 0.0132002385601 0.998284636873 0.99632812635
-8.63026052104e-08 0.0131924238758 0.998261663722 0.996422643167
-8.57214428858e-08 0.0131847080199 0.998242170098 0.996512922229
-8.51402805611e-08 0.0131771867217 0.99822952642 0.996594858666
-8.45591182365e-08 0.0131696654235 0.998216882742 0.996676795103
-8.39779559118e-08 0.0131621441252 0.998204239063 0.99675873154
-8.33967935872e-08 0.0131547852053 0.998197142373 0.996833538594
-8.28156312625e-08 0.0131475051128 0.998192738499 0.99690488465
-8.22344689379e-08 0.0131402250203 0.998188334625 0.996976230706
-8.16533066132e-08 0.0131329449278 0.998183930751 0.997047576762
-8.10721442886e-08 0.0131258470143 0.998185510671 0.99711069025
-8.04909819639e-08 0.0131187642294 0.998187587502 0.997173120082
-7.99098196393e-08 0.0131116814445 0.998189664333 0.997235549914
-7.93286573146e-08 0.013104612343 0.998192167922 0.997297339338
-7.874749499e-08 0.0130976901302 0.998199252676 0.997352254098
-7.81663326653e-08 0.0130907679174 0.99820633743 0.997407168859
-7.75851703407e-08 0.0130838457046 0.998213422183 0.997462083619
-7.7004008016e-08 0.0130769438745 0.998221099919 0.99751600299
-7.64228456914e-08 0.0130701516584 0.998231966589 0.997564569354
-7.58416833667e-08 0.0130633594422 0.998242833259 0.997613135718
-7.52605210421e-08 0.0130565672261 0.998253699929 0.997661702082
-7.46793587174e-08 0.0130497892404 0.998264942797 0.997709536888
-7.40981963928e-08 0.0130431017127 0.998278577016 0.997752721439
-7.35170340681e-08 0.013036414185 0.998292211235 0.99779590599
-7.29358717435e-08 0.0130297266573 0.998305845454 0.997839090541
-7.23547094188e-08 0.0130230408449 0.998319519226 0.997882181314
-7.17735470942e-08 0.0130164371751 0.998335087206 0.997920781024
-7.11923847695e-08 0.0130098335054 0.998350655186 0.997959380733
-7.06112224449e-08 0.0130032298356 0.998366223167 0.997997980443
-7.00300601202e-08 0.0129966261659 0.998381791147 0.998036580153
-6.94488977956e-08 0.0129900764887 0.998398371933 0.998072003351
-6.88677354709e-08 0.0129835396303 0.998415193176 0.998106672393
-6.82865731463e-08 0.0129770027719 0.998432014418 0.998141341435
-6.77054108216e-08 0.0129704659135 0.998448835661 0.998176010476
-6.7124248497e-08 0.0129639553516 0.998466005686 0.998208992799
-6.65430861723e-08 0.0129574714359 0.998483529132 0.998240265966
-6.59619238477e-08 0.0129509875202 0.998501052578 0.998271539132
-6.5380761523e-08 0.0129445036045 0.998518576025 0.998302812299
-6.47995991984e-08 0.0129380231857 0.998536121249 0.99833383739
-6.42184368737e-08 0.0129315809967 0.998553904559 0.99836215039
-6.36372745491e-08 0.0129251388077 0.99857168787 0.998390463391
-6.30561122244e-08 0.0129186966187 0.99858947118 0.998418776391
-6.24749498998e-08 0.0129122544297 0.998607254491 0.998447089392
-6.18937875752e-08 0.0129058307902 0.998624985824 0.998473924548
-6.13126252505e-08 0.012899421312 0.998642677477 0.998499631458
-6.07314629259e-08 0.0128930118339 0.99866036913 0.998525338368
-6.01503006012e-08 0.0128866023557 0.998678060782 0.998551045278
-5.95691382766e-08 0.0128801928775 0.998695752435 0.998576752189
-5.89879759519e-08 0.0128738074802 0.998713096915 0.998600270047
-5.84068136273e-08 0.0128674235099 0.998730420823 0.998623658191
-5.78256513026e-08 0.0128610395395 0.998747744731 0.998647046335
-5.7244488978e-08 0.0128546555692 0.998765068639 0.998670434479
-5.66633266533e-08 0.0128482757992 0.998782269109 0.998693379932
-5.60821643287e-08 0.0128419116176 0.998799011474 0.998714682465
-5.5501002004e-08 0.012835547436 0.99881575384 0.998735984997
-5.49198396794e-08 0.0128291832544 0.998832496205 0.99875728753
-5.43386773547e-08 0.0128228190728 0.99884923857 0.998778590063
-5.37575150301e-08 0.0128164605299 0.998865706227 0.998799192715
-5.31763527054e-08 0.0128101116244 0.998881704358 0.998818599153
-5.25951903808e-08 0.012803762719 0.99889770249 0.998838005591
-5.20140280561e-08 0.0127974138135 0.998913700622 0.99885741203
-5.14328657315e-08 0.0127910649081 0.998929698753 0.998876818468
-5.08517034068e-08 0.0127847208387 0.998945340377 0.998895507398
-5.02705410822e-08 0.0127783836709 0.99896047322 0.998913172351
-4.96893787575e-08 0.0127720465031 0.998975606063 0.998930837304
-4.91082164329e-08 0.0127657093354 0.998990738905 0.998948502257
-4.85270541082e-08 0.0127593721676 0.999005871748 0.998966167211
-4.79458917836e-08 0.0127530380374 0.999020682333 0.998983286002
-4.73647294589e-08 0.0127467098498 0.999034862477 0.99899933632
-4.67835671343e-08 0.0127403816622 0.999049042621 0.999015386637
-4.62024048096e-08 0.0127340534745 0.999063222765 0.999031436954
-4.5621242485e-08 0.0127277252869 0.999077402908 0.999047487272
-4.50400801603e-08 0.0127213980924 0.999091436024 0.999063318501
-4.44589178357e-08 0.0127150767489 0.999104602976 0.999077859044
-4.3877755511e-08 0.0127087554054 0.999117769927 0.999092399588
-4.32965931864e-08 0.0127024340618 0.999130936879 0.999106940131
-4.27154308617e-08 0.0126961127183 0.999144103831 0.999121480675
-4.21342685371e-08 0.0126897913747 0.999157270782 0.999136021218
-4.15531062124e-08 0.0126834743451 0.999169564463 0.999149381571
-4.09719438878e-08 0.0126771582005 0.99918167899 0.999162499802
-4.03907815631e-08 0.0126708420559 0.999193793517 0.999175618034
-3.98096192385e-08 0.0126645259112 0.999205908044 0.999188736266
-3.92284569138e-08 0.0126582097666 0.999218022571 0.999201854498
-3.86472945892e-08 0.0126518951555 0.999229718483 0.99921444762
-3.80661322645e-08 0.0126455829495 0.999240757851 0.999226217173
-3.74849699399e-08 0.0126392707435 0.999251797218 0.999237986726
-3.69038076152e-08 0.0126329585376 0.999262836585 0.999249756279
-3.63226452906e-08 0.0126266463316 0.999273875953 0.999261525831
-3.57414829659e-08 0.0126203341256 0.99928491532 0.999273295384
-3.51603206413e-08 0.0126140243639 0.999295063655 0.999284009097
-3.45791583166e-08 0.0126077151355 0.999305017605 0.999294492474
-3.3997995992e-08 0.0126014059071 0.999314971556 0.99930497585
-3.34168336673e-08 0.0125950966786 0.999324925507 0.999315459226
-3.28356713427e-08 0.0125887874502 0.999334879457 0.999325942603
-3.2254509018e-08 0.0125824784947 0.999344701444 0.999336276257
-3.16733466934e-08 0.0125761715135 0.999353568781 0.999345526798
-3.10921843687e-08 0.0125698645323 0.999362436118 0.999354777338
-3.05110220441e-08 0.0125635575511 0.999371303455 0.999364027878
-2.99298597194e-08 0.0125572505699 0.999380170791 0.999373278419
-2.93486973948e-08 0.0125509435887 0.999389038128 0.999382528959
-2.87675350701e-08 0.0125446370949 0.999397594089 0.999391437717
-2.81863727455e-08 0.0125383318069 0.999405379743 0.999399500943
-2.76052104208e-08 0.0125320265189 0.999413165396 0.999407564169
-2.70240480962e-08 0.0125257212308 0.99942095105 0.999415627395
-2.64428857715e-08 0.0125194159428 0.999428736703 0.999423690621
-2.58617234469e-08 0.0125131106548 0.999436522357 0.999431753847
-2.52805611222e-08 0.0125068057701 0.999443967804 0.999439452898
-2.46993987976e-08 0.0125005017545 0.999450680282 0.999446367337
-2.41182364729e-08 0.0124941977389 0.99945739276 0.999453281776
-2.35370741483e-08 0.0124878937233 0.999464105237 0.999460196215
-2.29559118236e-08 0.0124815897077 0.999470817715 0.999467110654
-2.2374749499e-08 0.0124752856921 0.999477530193 0.999474025093
-2.17935871743e-08 0.0124689818722 0.999484023986 0.999480709842
-2.12124248497e-08 0.0124626788079 0.999489673114 0.999486507414
-2.0631262525e-08 0.0124563757437 0.999495322242 0.999492304986
-2.00501002004e-08 0.0124500726794 0.999500971369 0.999498102559
-1.94689378758e-08 0.0124437696151 0.999506620497 0.999503900131
-1.88877755511e-08 0.0124374665509 0.999512269624 0.999509697703
-1.83066132265e-08 0.0124311634866 0.999517918752 0.999515495275
-1.77254509018e-08 0.0124248610909 0.999522565819 0.999520255354
-1.71442885772e-08 0.01241855873 0.999527160697 0.999524961397
-1.65631262525e-08 0.0124122563692 0.999531755575 0.99952966744
-1.59819639279e-08 0.0124059540083 0.999536350453 0.999534373484
-1.54008016032e-08 0.0123996516474 0.99954094533 0.999539079527
-1.48196392786e-08 0.0123933492866 0.999545540208 0.999543785571
-1.42384769539e-08 0.0123870472041 0.999549560756 0.999547903428
-1.36573146293e-08 0.0123807453511 0.999553107866 0.999551536424
-1.30761523046e-08 0.0123744434981 0.999556654976 0.99955516942
-1.249498998e-08 0.0123681416451 0.999560202086 0.999558802416
-1.19138276553e-08 0.012361839792 0.999563749196 0.999562435412
-1.13326653307e-08 0.012355537939 0.999567296306 0.999566068409
-1.0751503006e-08 0.012349236086 0.999570843416 0.999569701405
-1.01703406814e-08 0.0123429345795 0.999573349901 0.999572277621
-9.58917835671e-09 0.0123366330746 0.999575851305 0.999574848678
-9.00801603206e-09 0.0123303315698 0.99957835271 0.999577419736
-8.42685370741e-09 0.012324030065 0.999580854114 0.999579990793
-7.84569138277e-09 0.0123177285601 0.999583355519 0.999582561851
-7.26452905812e-09 0.0123114270553 0.999585856923 0.999585132908
-6.68336673347e-09 0.0123051256111 0.999588056042 0.999587399064
-6.10220440882e-09 0.0122988243168 0.999589507623 0.999588911213
-5.52104208417e-09 0.0122925230224 0.999590959203 0.999590423363
-4.93987975952e-09 0.0122862217281 0.999592410784 0.999591935512
-4.35871743487e-09 0.0122799204338 0.999593862365 0.999593447661
-3.77755511022e-09 0.0122736191395 0.999595313945 0.99959495981
-3.19639278557e-09 0.0122673178452 0.999596765526 0.99959647196
-2.61523046092e-09 0.0122610165858 0.999597768023 0.999597533799
-2.03406813627e-09 0.0122547153742 0.999598157711 0.999597981157
-1.45290581162e-09 0.0122484141625 0.999598547399 0.999598428515
-8.71743486974e-10 0.0122421129508 0.999598937087 0.999598875872
-2.90581162324e-10 0.0122358117391 0.999599326776 0.99959932323
2.90581162325e-10 0.0122295105274 0.999599716464 0.999599770588
8.71743486974e-10 0.0122232093158 0.999600106152 0.999600217946
1.45290581162e-09 0.0122169080851 0.99960006631 0.999600237065
2.03406813627e-09 0.0122106068254 0.999599372252 0.999599603934
2.61523046092e-09 0.0122043055658 0.999598678194 0.999598970803
3.19639278557e-09 0.0121980043062 0.999597984135 0.999598337671
3.77755511022e-09 0.0121917030465 0.999597290077 0.99959770454
4.35871743487e-09 0.0121854017869 0.999596596018 0.999597071409
4.93987975952e-09 0.0121791005273 0.99959590196 0.999596438278
5.52104208417e-09 0.0121727992276 0.999594979488 0.999595578875
6.10220440882e-09 0.0121664977723 0.999593168079 0.999593838869
6.68336673347e-09 0.0121601963169 0.99959135667 0.999592098863
7.26452905812e-09 0.0121538948615 0.999589545261 0.999590358857
7.84569138277e-09 0.0121475934061 0.999587733852 0.999588618851
8.42685370742e-09 0.0121412919508 0.999585922443 0.999586878845
9.00801603206e-09 0.0121349904954 0.999584111034 0.999585138839
9.58917835671e-09 0.01212868904 0.999582299625 0.999583398833
1.01703406814e-08 0.0121223872638 0.999579505884 0.999580693564
1.0751503006e-08 0.0121160854281 0.999576529577 0.999577808902
1.13326653307e-08 0.0121097835923 0.99957355327 0.999574924239
1.19138276553e-08 0.0121034817565 0.999570576963 0.999572039577
1.249498998e-08 0.0120971799207 0.999567600656 0.999569154914
1.30761523046e-08 0.0120908780849 0.999564624349 0.999566270252
1.36573146293e-08 0.0120845762491 0.999561648043 0.999563385589
1.42384769539e-08 0.0120782742183 0.999558292089 0.999560132032
1.48196392786e-08 0.012071971751 0.999554086818 0.999556053207
1.54008016032e-08 0.0120656692837 0.999549881547 0.999551974383
1.59819639279e-08 0.0120593668164 0.999545676275 0.999547895558
1.65631262525e-08 0.0120530643491 0.999541471004 0.999543816733
1.71442885772e-08 0.0120467618819 0.999537265732 0.999539737909
1.77254509018e-08 0.0120404594146 0.999533060461 0.999535659084
1.83066132265e-08 0.0120341569473 0.999528855189 0.99953158026
1.88877755511e-08 0.0120278538849 0.999523865846 0.999526751885
1.94689378758e-08 0.0120215504213 0.999518347797 0.999521418083
2.00501002004e-08 0.0120152469577 0.999512829749 0.999516084282
2.06312625251e-08 0.0120089434941 0.9995073117 0.99951075048
2.12124248497e-08 0.0120026400305 0.999501793652 0.999505416679
2.17935871743e-08 0.0119963365669 0.999496275603 0.999500082877
2.2374749499e-08 0.0119900331032 0.999490757555 0.999494749075
2.29559118236e-08 0.0119837296396 0.999485239506 0.999489415274
2.35370741483e-08 0.0119774250818 0.999478721086 0.999483148249
2.41182364729e-08 0.0119711200641 0.999471782349 0.999476489122
2.46993987976e-08 0.0119648150465 0.999464843613 0.999469829994
2.52805611222e-08 0.0119585100288 0.999457904876 0.999463170867
2.58617234469e-08 0.0119522050112 0.99945096614 0.999456511739
2.64428857715e-08 0.0119458999936 0.999444027403 0.999449852612
2.70240480962e-08 0.0119395949759 0.999437088667 0.999443193484
2.76052104208e-08 0.0119332899583 0.99943014993 0.999436534357
2.81863727455e-08 0.011926983415 0.999422236331 0.999428999182
2.87675350701e-08 0.0119206759574 0.999413738553 0.999420939044
2.93486973948e-08 0.0119143684999 0.999405240776 0.999412878905
2.99298597194e-08 0.0119080610423 0.999396742998 0.999404818767
3.05110220441e-08 0.0119017535847 0.999388245221 0.999396758629
3.10921843687e-08 0.0118954461272 0.999379747443 0.99938869849
3.16733466934e-08 0.0118891386696 0.999371249666 0.999380638352
3.2254509018e-08 0.011882831212 0.999362751888 0.999372578214
3.28356713427e-08 0.0118765223683 0.999353634869 0.999363992995
3.34168336673e-08 0.0118702110206 0.999343399324 0.999354459335
3.3997995992e-08 0.011863899673 0.99933316378 0.999344925674
3.45791583166e-08 0.0118575883254 0.999322928236 0.999335392014
3.51603206413e-08 0.0118512769777 0.999312692691 0.999325858353
3.57414829659e-08 0.0118449656301 0.999302457147 0.999316324693
3.63226452906e-08 0.0118386542825 0.999292221603 0.999306791032
3.69038076152e-08 0.0118323429349 0.999281986058 0.999297257372
3.74849699399e-08 0.0118260315872 0.999271750514 0.999287723711
3.80661322645e-08 0.0118197145956 0.999259753137 0.999276827019
3.86472945892e-08 0.0118133969265 0.999247544244 0.999265766688
3.92284569138e-08 0.0118070792573 0.999235335351 0.999254706358
3.98096192385e-08 0.0118007615881 0.999223126458 0.999243646027
4.03907815631e-08 0.0117944439189 0.999210917565 0.999232585696
4.09719438878e-08 0.0117881262498 0.999198708671 0.999221525366
4.15531062124e-08 0.0117818085806 0.999186499778 0.999210465035
4.21342685371e-08 0.0117754909114 0.999174290885 0.999199404704
4.27154308617e-08 0.0117691708301 0.99916155399 0.999187992173
4.32965931864e-08 0.0117628426792 0.999147050715 0.999175401387
4.3877755511e-08 0.0117565145283 0.999132547441 0.999162810601
4.44589178357e-08 0.0117501863775 0.999118044166 0.999150219815
4.50400801603e-08 0.0117438582266 0.999103540891 0.999137629029
4.5621242485e-08 0.0117375300757 0.999089037616 0.999125038244
4.62024048096e-08 0.0117312019248 0.999074534341 0.999112447458
4.67835671343e-08 0.0117248737739 0.999060031066 0.999099856672
4.73647294589e-08 0.011718545623 0.999045527792 0.999087265886
4.79458917836e-08 0.011712211027 0.999030023862 0.999074155234
4.85270541082e-08 0.0117058651502 0.999012768516 0.999060134678
4.91082164329e-08 0.0116995192734 0.998995513171 0.999046114121
4.96893787575e-08 0.0116931733965 0.998978257825 0.999032093564
5.02705410822e-08 0.0116868275197 0.99896100248 0.999018073007
5.08517034068e-08 0.0116804816429 0.998943747134 0.99900405245
5.14328657315e-08 0.0116741357661 0.998926491789 0.998990031893
5.20140280561e-08 0.0116677898893 0.998909236443 0.998976011337
5.25951903808e-08 0.0116614440125 0.998891981098 0.99896199078
5.31763527054e-08 0.0116550893262 0.998873733468 0.998947646229
5.37575150301e-08 0.0116487129072 0.998853037887 0.998932502389
5.43386773547e-08 0.0116423364881 0.998832342305 0.99891735855
5.49198396794e-08 0.0116359600691 0.998811646724 0.99890221471
5.5501002004e-08 0.01162958365 0.998790951143 0.99888707087
5.60821643287e-08 0.011623207231 0.998770255562 0.998871927031
5.66633266533e-08 0.0116168308119 0.99874955998 0.998856783191
5.7244488978e-08 0.0116104543929 0.998728864399 0.998841639351
5.78256513026e-08 0.0116040779738 0.998708168818 0.998826495512
5.84068136273e-08 0.0115977015548 0.998687473237 0.998811351672
5.89879759519e-08 0.0115912715961 0.998662245161 0.998795784587
5.95691382766e-08 0.0115848416225 0.998637015823 0.998780217384
6.01503006012e-08 0.011578411649 0.998611786484 0.998764650181
6.07314629259e-08 0.0115719816754 0.998586557146 0.998749082978
6.13126252505e-08 0.0115655517018 0.998561327807 0.998733515775
6.18937875752e-08 0.0115591217282 0.998536098469 0.998717948572
6.24749498998e-08 0.0115526917547 0.99851086913 0.998702381369
6.30561122244e-08 0.0115462617811 0.998485639791 0.998686814166
6.36372745491e-08 0.0115398318075 0.998460410453 0.998671246963
6.42184368737e-08 0.0115333548254 0.998432047659 0.998656182518
6.47995991984e-08 0.0115268293904 0.998400455131 0.998641636277
6.5380761523e-08 0.0115203039554 0.998368862604 0.998627090036
6.59619238477e-08 0.0115137785204 0.998337270077 0.998612543795
6.65430861723e-08 0.0115072530853 0.998305677549 0.998597997554
6.7124248497e-08 0.0115007276503 0.998274085022 0.998583451314
6.77054108216e-08 0.0114942022153 0.998242492495 0.998568905073
6.82865731463e-08 0.0114876767803 0.998210899968 0.998554358832
6.88677354709e-08 0.0114811513453 0.99817930744 0.998539812591
6.94488977956e-08 0.0114746259102 0.998147714913 0.998525266351
7.00300601202e-08 0.0114679688748 0.998108842336 0.99851367016
7.06112224449e-08 0.0114612706071 0.998067688812 0.998502998264
7.11923847695e-08 0.0114545723393 0.998026535288 0.998492326368
7.17735470942e-08 0.0114478740715 0.997985381764 0.998481654472
7.23547094188e-08 0.0114411758037 0.99794422824 0.998470982577
7.29358717435e-08 0.011434477536 0.997903074716 0.998460310681
7.35170340681e-08 0.0114277792682 0.997861921192 0.998449638785
7.40981963928e-08 0.0114210810004 0.997820767668 0.998438966889
7.46793587174e-08 0.0114143827327 0.997779614144 0.998428294993
7.52605210421e-08 0.0114076844649 0.99773846062 0.998417623097
7.58416833667e-08 0.0114007316311 0.997685003958 0.998414494981
7.64228456914e-08 0.011393715731 0.997628499314 0.998413235762
7.7004008016e-08 0.011386699831 0.99757199467 0.998411976544
7.75851703407e-08 0.0113796839309 0.997515490025 0.998410717325
7.81663326653e-08 0.0113726680308 0.997458985381 0.998409458107
7.874749499e-08 0.0113656521308 0.997402480737 0.998408198888
7.93286573146e-08 0.0113586362307 0.997345976092 0.99840693967
7.99098196393e-08 0.0113516203307 0.997289471448 0.998405680452
8.04909819639e-08 0.0113446044306 0.997232966804 0.998404421233
8.10721442886e-08 0.0113375885305 0.997176462159 0.998403162015
8.16533066132e-08 0.011330213036 0.997104095342 0.998414118359
8.22344689379e-08 0.0113226048181 0.997021462796 0.998432980407
8.28156312625e-08 0.0113149966002 0.996938830251 0.998451842455
8.33967935872e-08 0.0113073883823 0.996856197705 0.998470704503
8.39779559118e-08 0.0112997801643 0.99677356516 0.998489566551
8.45591182365e-08 0.0112921719464 0.996690932614 0.998508428599
8.51402805611e-08 0.0112845637285 0.996608300069 0.998527290647
8.57214428858e-08 0.0112769555106 0.996525667523 0.998546152696
8.63026052104e-08 0.0112693472927 0.996443034978 0.998565014744
8.68837675351e-08 0.0112617390747 0.996360402432 0.998583876792
8.74649298597e-08 0.0112539371582 0.996269710484 0.998609812024
8.80460921844e-08 0.0112452084 0.996140454556 0.998669592211
8.8627254509e-08 0.0112364796418 0.996011198629 0.998729372398
8.92084168337e-08 0.0112277508836 0.995881942701 0.998789152586
8.97895791583e-08 0.0112190221254 0.995752686773 0.998848932773
9.0370741483e-08 0.0112102933672 0.995623430845 0.99890871296
9.09519038076e-08 0.011201564609 0.995494174917 0.998968493147
9.15330661323e-08 0.0111928358508 0.995364918989 0.999028273334
9.21142284569e-08 0.0111841070926 0.995235663062 0.999088053522
9.26953907816e-08 0.0111753783344 0.995106407134 0.999147833709
9.32765531062e-08 0.0111666495762 0.994977151206 0.999207613896
9.38577154309e-08 0.011156860467 0.99480535398 0.999307684091
9.44388777555e-08 0.0111459813242 0.994589824591 0.999449172139
9.50200400802e-08 0.0111351021814 0.994374295201 0.999590660186
9.56012024048e-08 0.0111242230386 0.994158765812 0.999732148234
9.61823647295e-08 0.0111133438958 0.993943236423 0.999873636281
9.67635270541e-08 0.011102464753 0.993727707033 1.00001512433
9.73446893788e-08 0.0110915856103 0.993512177644 1.00015661238
9.79258517034e-08 0.0110807064675 0.993296648255 1.00029810042
9.85070140281e-08 0.0110698273247 0.993081118865 1.00043958847
9.90881763527e-08 0.0110589481819 0.992865589476 1.00058107652
9.96693386774e-08 0.0110480690391 0.992650060087 1.00072256457
1.00250501002e-07 0.0110348370108 0.992342354199 1.00095558426
1.00831663327e-07 0.0110197714553 0.991962818167 1.00125993157
1.01412825651e-07 0.0110047058999 0.991583282136 1.00156427889
1.01993987976e-07 0.0109896403445 0.991203746104 1.00186862621
1.02575150301e-07 0.010974574789 0.990824210073 1.00217297352
1.03156312625e-07 0.0109595092336 0.990444674041 1.00247732084
1.0373747495e-07 0.0109444436782 0.99006513801 1.00278166816
1.04318637275e-07 0.0109293781227 0.989685601978 1.00308601547
1.04899799599e-07 0.0109143125673 0.989306065947 1.00339036279
1.05480961924e-07 0.0108992470119 0.988926529915 1.00369471011
1.06062124248e-07 0.0108841814564 0.988546993884 1.00399905742
1.06643286573e-07 0.0108660253686 0.988048692603 1.00442577593
1.07224448898e-07 0.0108426906216 0.987351382004 1.00505754607
1.07805611222e-07 0.0108193558746 0.986654071405 1.0056893162
1.08386773547e-07 0.0107960211277 0.985956760806 1.00632108634
1.08967935872e-07 0.0107726863807 0.985259450207 1.00695285647
1.09549098196e-07 0.0107493516337 0.984562139608 1.0075846266
1.10130260521e-07 0.0107260168867 0.983864829009 1.00821639674
1.10711422846e-07 0.0107026821397 0.98316751841 1.00884816687
1.1129258517e-07 0.0106793473928 0.98247020781 1.00947993701
1.11873747495e-07 0.0106560126458 0.981772897211 1.01011170714
1.1245490982e-07 0.0106326778988 0.981075586612 1.01074347728
1.13036072144e-07 0.0106093431518 0.980378276013 1.01137524741
1.13617234469e-07 0.0105707226923 0.979106867705 1.01262495164
1.14198396794e-07 0.0105308123214 0.977787013167 1.0139268013
1.14779559118e-07 0.0104909019505 0.97646715863 1.01522865096
1.15360721443e-07 0.0104509915796 0.975147304093 1.01653050063
1.15941883768e-07 0.0104110812088 0.973827449556 1.01783235029
1.16523046092e-07 0.0103711708379 0.972507595019 1.01913419996
1.17104208417e-07 0.010331260467 0.971187740482 1.02043604962
1.17685370741e-07 0.0102913500961 0.969867885945 1.02173789928
1.18266533066e-07 0.0102514397253 0.968548031408 1.02303974895
1.18847695391e-07 0.0102115293544 0.96722817687 1.02434159861
1.19428857715e-07 0.0101716189835 0.965908322333 1.02564344827
1.2001002004e-07 0.0101249239725 0.964343186093 1.02722945736
1.20591182365e-07 0.0100512848407 0.961803952535 1.02994396046
1.21172344689e-07 0.00997764570892 0.959264718977 1.03265846356
1.21753507014e-07 0.00990400657716 0.956725485419 1.03537296666
1.22334669339e-07 0.00983036744539 0.954186251862 1.03808746977
1.22915831663e-07 0.00975672831363 0.951647018304 1.04080197287
1.23496993988e-07 0.00968308918186 0.949107784746 1.04351647597
1.24078156313e-07 0.0096094500501 0.946568551188 1.04623097907
1.24659318637e-07 0.00953581091833 0.94402931763 1.04894548217
1.25240480962e-07 0.00946217178657 0.941490084072 1.05165998527
1.25821643287e-07 0.0093885326548 0.938950850514 1.05437448837
1.26402805611e-07 0.00931489352304 0.936411616956 1.05708899147
1.26983967936e-07 0.00922701053267 0.93339441997 1.06044354724
1.27565130261e-07 0.00908365721998 0.928515874444 1.06629068098
1.28146292585e-07 0.00894030390729 0.923637328918 1.07213781472
1.2872745491e-07 0.0087969505946 0.918758783392 1.07798494846
1.29308617234e-07 0.00865359728191 0.913880237866 1.0838320822
1.29889779559e-07 0.00851024396922 0.90900169234 1.08967921593
1.30470941884e-07 0.00836689065653 0.904123146814 1.09552634967
1.31052104208e-07 0.00822353734384 0.899244601288 1.10137348341
1.31633266533e-07 0.00808018403115 0.894366055762 1.10722061715
1.32214428858e-07 0.00793683071846 0.889487510235 1.11306775089
1.32795591182e-07 0.00779347740577 0.884608964709 1.11891488462
1.33376753507e-07 0.00765012409308 0.879730419183 1.12476201836
1.33957915832e-07 0.00750677078039 0.874851873657 1.1306091521
1.34539078156e-07 0.0072277661621 0.866079236992 1.14350902518
1.35120240481e-07 0.0069377921373 0.856991705689 1.15697921614
1.35701402806e-07 0.0066478181125 0.847904174386 1.1704494071
1.3628256513e-07 0.0063578440877 0.838816643083 1.18391959806
1.36863727455e-07 0.0060678700629 0.829729111781 1.19738978902
1.3744488978e-07 0.00577789603811 0.820641580478 1.21085997998
1.38026052104e-07 0.00548792201331 0.811554049175 1.22433017094
1.38607214429e-07 0.00519794798851 0.802466517872 1.2378003619
1.39188376754e-07 0.00490797396371 0.793378986569 1.25127055286
1.39769539078e-07 0.00461799993891 0.784291455267 1.26474074382
1.40350701403e-07 0.00432802591411 0.775203923964 1.27821093478
1.40931863727e-07 0.00403805188932 0.766116392661 1.29168112574
1.41513026052e-07 0.00363526500335 0.754362396477 1.31207657592
1.42094188377e-07 0.00302938750279 0.737808114351 1.34493917868
1.42675350701e-07 0.00242351000223 0.721253832226 1.37780178144
1.43256513026e-07 0.00181763250167 0.7046995501 1.4106643842
1.43837675351e-07 0.00121175500112 0.688145267974 1.44352698696
1.44418837675e-07 0.000605877500558 0.671590985849 1.47638958972
1.45e-07 0 0.655036703723 1.50925219248
