-1.45e-07 -0.00772542482922 0.802348470345 1.24216134445
-1.44418837675e-07 -0.00740217443305 0.812472755641 1.22674156264
-1.43837675351e-07 -0.00709648557626 0.822150055659 1.21225923388
-1.43256513026e-07 -0.00681242946462 0.831292799354 1.19895346848
-1.42675350701e-07 -0.00654527426327 0.840003707196 1.18654299846
-1.42094188377e-07 -0.00629209468251 0.848350452789 1.17486150605
-1.41513026052e-07 -0.00605189156166 0.856354525888 1.16384961196
-1.40931863727e-07 -0.00583078914886 0.86383993969 1.15380143398
-1.40350701403e-07 -0.00562127575453 0.871001867623 1.14432503283
-1.39769539078e-07 -0.00542189486662 0.877878701713 1.13534535225
-1.39188376754e-07 -0.00523690154637 0.88434344032 1.1270607125
-1.38607214429e-07 -0.00506336345907 0.890472071647 1.11931860272
-1.38026052104e-07 -0.00489760490134 0.896370554891 1.11194247106
-1.3744488978e-07 -0.00474436148156 0.90189348654 1.105148169
-1.36863727455e-07 -0.00460022184572 0.907137455518 1.09876982955
-1.3628256513e-07 -0.00446196940449 0.912200630066 1.09266000191
-1.35701402806e-07 -0.00433641617321 0.916867020674 1.087121127
-1.35120240481e-07 -0.00421615382761 0.921365084166 1.08181659281
-1.34539078156e-07 -0.00410302028344 0.925636348092 1.07682780318
-1.33957915832e-07 -0.00399869648973 0.929622599472 1.07222384326
-1.33376753507e-07 -0.00389776847349 0.933498645575 1.06776784018
-1.32795591182e-07 -0.00380682229006 0.937046715558 1.06374233838
-1.32214428858e-07 -0.0037190622591 0.940488587423 1.05985265116
-1.31633266533e-07 -0.00363796425904 0.943708406155 1.05624694313
-1.31052104208e-07 -0.00356178345462 0.946762150716 1.05284860789
-1.30470941884e-07 -0.00348975718544 0.949675579323 1.04962548178
-1.29889779559e-07 -0.00342372107876 0.952384221023 1.04665253276
-1.29308617234e-07 -0.00336003042446 0.955012678263 1.04377754075
-1.2872745491e-07 -0.00330285102569 0.957416033158 1.04117210494
-1.28146292585e-07 -0.00324679996647 0.959780379926 1.03861338071
-1.27565130261e-07 -0.00319732763554 0.961914948303 1.03632485536
-1.26983967936e-07 -0.00314825985761 0.964035386663 1.03405294565
-1.26402805611e-07 -0.00310547471316 0.965934317619 1.03203724915
-1.25821643287e-07 -0.00306277307231 0.967830304481 1.03002495803
-1.25240480962e-07 -0.00302577610044 0.96952342488 1.02824384617
-1.24659318637e-07 -0.00298886194477 0.971213600213 1.02646609041
-1.24078156313e-07 -0.00295686591187 0.972727499714 1.02488653109
-1.23496993988e-07 -0.00292519827053 0.974229628973 1.02332020569
-1.22915831663e-07 -0.00289751854521 0.975587792403 1.02191380605
-1.22334669339e-07 -0.0028705931913 0.976918722636 1.02053765866
-1.21753507014e-07 -0.00284663857883 0.978141700874 1.01928013977
-1.21172344689e-07 -0.00282398697604 0.979317329824 1.01807465304
-1.20591182365e-07 -0.00280325066496 0.980422940472 1.01694536793
-1.2001002004e-07 -0.00278443880849 0.981458197847 1.015892649
-1.19428857715e-07 -0.00276648952344 0.98246174734 1.01487414056
-1.18847695391e-07 -0.00275111668657 0.983370587325 1.01395781679
-1.18266533066e-07 -0.00273574384971 0.984279427309 1.01304149302
-1.17685370741e-07 -0.00272328753298 0.98508051062 1.01224053324
-1.17104208417e-07 -0.0027109849316 0.98587591461 1.01144565373
-1.16523046092e-07 -0.00270030760737 0.986610985901 1.01071491797
-1.15941883768e-07 -0.00269073699483 0.987304974412 1.01002786008
-1.15360721443e-07 -0.00268161330147 0.987982299343 1.00935840701
-1.14779559118e-07 -0.00267446550704 0.988585951999 1.00876678754
-1.14198396794e-07 -0.00266731771261 0.989189604656 1.00817516807
-1.13617234469e-07 -0.00266170581111 0.989735751378 1.00764395243
-1.13036072144e-07 -0.00265669923491 0.990259233891 1.00713654311
-1.1245490982e-07 -0.00265205485483 0.990769100737 1.00664335847
-1.11873747495e-07 -0.00264893393239 0.991221697802 1.00621000523
-1.1129258517e-07 -0.00264581300995 0.991674294867 1.00577665199
-1.10711422846e-07 -0.00264369714081 0.992088960934 1.00538272122
-1.10130260521e-07 -0.00264223079017 0.992479113986 1.00501426732
-1.09549098196e-07 -0.00264076443953 0.992869267039 1.00464581341
-1.08967935872e-07 -0.00264068951213 0.993206699485 1.00433187151
-1.08386773547e-07 -0.00264066957573 0.993542048338 1.00402008399
-1.07805611222e-07 -0.00264096992771 0.993865212116 1.0037208288
-1.07224448898e-07 -0.0026422096211 0.994152639518 1.00345832841
-1.06643286573e-07 -0.00264344931449 0.994440066919 1.00319582801
-1.06062124248e-07 -0.00264521660801 0.994707335852 1.00295394261
-1.05480961924e-07 -0.00264754898655 0.994953014097 1.00273413685
-1.04899799599e-07 -0.0026498813651 0.995198692342 1.0025143311
-1.04318637275e-07 -0.00265282381313 0.995420952347 1.00231832214
-1.0373747495e-07 -0.00265610026711 0.995630391137 1.00213534165
-1.03156312625e-07 -0.00265937672108 0.995839829928 1.00195236116
-1.02575150301e-07 -0.00266325659309 0.996025985777 1.00179286747
-1.01993987976e-07 -0.00266734538068 0.996204080599 1.00164150538
-1.01412825651e-07 -0.00267143416827 0.996382175422 1.0014901433
-1.00831663327e-07 -0.00267605968051 0.996539439059 1.00135961409
-1.00250501002e-07 -0.00268084450717 0.996690519436 1.00123526865
-9.96693386774e-08 -0.00268562933383 0.996841599812 1.0011109232
-9.90881763527e-08 -0.0026908473427 0.99697575387 1.00100333068
-9.85070140281e-08 -0.00269622599437 0.997103630912 1.00090195087
-9.79258517034e-08 -0.00270160464604 0.997231507954 1.00080057106
-9.73446893788e-08 -0.00270729413503 0.997347143237 1.0007111556
-9.67635270541e-08 -0.00271317717155 0.997455156005 1.00062918993
-9.61823647295e-08 -0.00271906020807 0.997563168773 1.00054722426
-9.56012024048e-08 -0.00272512654688 0.997663895264 1.00047227044
-9.50200400802e-08 -0.00273143606074 0.997754955531 1.00040661877
-9.44388777555e-08 -0.00273774557461 0.997846015799 1.00034096711
-9.38577154309e-08 -0.00274411551806 0.99793464744 1.00027760854
-9.32765531062e-08 -0.00275078396272 0.998011282507 1.00022557706
-9.26953907816e-08 -0.00275745240739 0.998087917574 1.00017354558
-9.21142284569e-08 -0.00276412085205 0.998164552641 1.0001215141
-9.15330661323e-08 -0.00277103888381 0.998231024966 1.00007885574
-9.09519038076e-08 -0.00277800797445 0.998295418264 1.00003811487
-9.0370741483e-08 -0.0027849770651 0.998359811562 0.999997373996
-8.97895791583e-08 -0.00279204975993 0.998419920083 0.999960472333
-8.92084168337e-08 -0.00279926944861 0.998473949353 0.999929017746
-8.8627254509e-08 -0.0028064891373 0.998527978623 0.99989756316
-8.80460921844e-08 -0.00281370882598 0.998582007893 0.999866108573
-8.74649298597e-08 -0.00282111895336 0.998628013828 0.999841591301
-8.68837675351e-08 -0.0028285464795 0.99867328674 0.999817707832
-8.63026052104e-08 -0.00283597400564 0.998718559652 0.999793824363
-8.57214428858e-08 -0.0028434592989 0.998761344623 0.999771999719
-8.51402805611e-08 -0.00285105831497 0.998799231731 0.999754228167
-8.45591182365e-08 -0.00285865733104 0.998837118838 0.999736456616
-8.39779559118e-08 -0.00286625634711 0.998875005946 0.999718685064
-8.33967935872e-08 -0.00287395011897 0.99890870437 0.999704197541
-8.28156312625e-08 -0.00288168989054 0.998940369376 0.999691304268
-8.22344689379e-08 -0.00288942966211 0.998972034381 0.999678410994
-8.16533066132e-08 -0.00289716943368 0.999003699387 0.999665517721
-8.10721442886e-08 -0.00290501530153 0.999030528307 0.999656172306
-8.04909819639e-08 -0.00291286997992 0.999056955625 0.999647121516
-7.99098196393e-08 -0.00292072465831 0.999083382943 0.999638070726
-7.93286573146e-08 -0.00292858728628 0.999109434657 0.999629273828
-7.874749499e-08 -0.00293653525146 0.999131454328 0.999623202421
-7.81663326653e-08 -0.00294448321664 0.999153474 0.999617131014
-7.75851703407e-08 -0.00295243118181 0.999175493671 0.999611059607
-7.7004008016e-08 -0.00296039095444 0.999196931692 0.999605343537
-7.64228456914e-08 -0.00296841422515 0.999215241714 0.999601538404
-7.58416833667e-08 -0.00297643749585 0.999233551737 0.999597733272
-7.52605210421e-08 -0.00298446076656 0.999251861759 0.999593928139
-7.46793587174e-08 -0.00299249225256 0.999269747154 0.999590351744
-7.40981963928e-08 -0.00300057596028 0.999284933338 0.999588229362
-7.35170340681e-08 -0.00300865966801 0.999300119523 0.999586106979
-7.29358717435e-08 -0.00301674337573 0.999315305708 0.999583984596
-7.23547094188e-08 -0.00302482806966 0.999330438043 0.999581886975
-7.17735470942e-08 -0.0030329599926 0.999342991513 0.999580975153
-7.11923847695e-08 -0.00304109191554 0.999355544984 0.999580063331
-7.06112224449e-08 -0.00304922383847 0.999368098454 0.999579151509
-7.00300601202e-08 -0.00305735576141 0.999380651925 0.999578239687
-6.94488977956e-08 -0.00306551857934 0.999391410536 0.999578001412
-6.88677354709e-08 -0.00307368873224 0.999401743017 0.999577923047
-6.82865731463e-08 -0.00308185888515 0.999412075499 0.999577844682
-6.77054108216e-08 -0.00309002903805 0.99942240798 0.999577766317
-6.7124248497e-08 -0.00309821415284 0.999431808942 0.999577954697
-6.65430861723e-08 -0.00310641442853 0.999440265993 0.999578413371
-6.59619238477e-08 -0.00311461470422 0.999448723043 0.999578872044
-6.5380761523e-08 -0.00312281497991 0.999457180094 0.999579330718
-6.47995991984e-08 -0.00313101723193 0.999465504339 0.999579815253
-6.42184368737e-08 -0.00313924109008 0.99947237669 0.999580582523
-6.36372745491e-08 -0.00314746494822 0.99947924904 0.999581349793
-6.30561122244e-08 -0.00315568880637 0.99948612139 0.999582117063
-6.24749498998e-08 -0.00316391266452 0.999492993741 0.999582884332
-6.18937875752e-08 -0.0031721469232 0.999499106678 0.999583729274
-6.13126252505e-08 -0.00318038912206 0.999504639847 0.999584633514
-6.07314629259e-08 -0.00318863132092 0.999510173017 0.999585537753
-6.01503006012e-08 -0.00319687351978 0.999515706187 0.999586441992
-5.95691382766e-08 -0.00320511571863 0.999521239357 0.999587346232
-5.89879759519e-08 -0.00321337129284 0.999525704979 0.99958826217
-5.84068136273e-08 -0.00322162765961 0.999530107342 0.999589178802
-5.78256513026e-08 -0.00322988402639 0.999534509706 0.999590095434
-5.7244488978e-08 -0.00323814039316 0.999538912069 0.999591012065
-5.66633266533e-08 -0.00324639906698 0.999543112172 0.999591913067
-5.60821643287e-08 -0.00325466630273 0.999546561645 0.99959275606
-5.5501002004e-08 -0.00326293353847 0.999550011118 0.999593599054
-5.49198396794e-08 -0.00327120077422 0.99955346059 0.999594442048
-5.43386773547e-08 -0.00327946800997 0.999556910063 0.999595285041
-5.37575150301e-08 -0.00328773830174 0.999560064255 0.999596080606
-5.31763527054e-08 -0.0032960138168 0.999562713765 0.999596795104
-5.25951903808e-08 -0.00330428933185 0.999565363274 0.999597509603
-5.20140280561e-08 -0.00331256484691 0.999568012783 0.999598224102
-5.14328657315e-08 -0.00332084036196 0.999570662292 0.999598938601
-5.08517034068e-08 -0.00332911845666 0.999573036743 0.99959958778
-5.02705410822e-08 -0.00333740023285 0.999575018649 0.999600143739
-4.96893787575e-08 -0.00334568200905 0.999577000556 0.999600699699
-4.91082164329e-08 -0.00335396378524 0.999578982462 0.999601255658
-4.85270541082e-08 -0.00336224556143 0.999580964369 0.999601811618
-4.79458917836e-08 -0.00337052892744 0.99958275946 0.999602310333
-4.73647294589e-08 -0.00337881540366 0.999584189078 0.999602697061
-4.67835671343e-08 -0.00338710187988 0.999585618696 0.999603083789
-4.62024048096e-08 -0.0033953883561 0.999587048314 0.999603470517
-4.5621242485e-08 -0.00340367483232 0.999588477933 0.999603857245
-4.50400801603e-08 -0.00341196181667 0.999589842067 0.999604219996
-4.44589178357e-08 -0.00342025179452 0.99959082043 0.999604441494
-4.3877755511e-08 -0.00342854177237 0.999591798793 0.999604662992
-4.32965931864e-08 -0.00343683175022 0.999592777155 0.99960488449
-4.27154308617e-08 -0.00344512172807 0.999593755518 0.999605105988
-4.21342685371e-08 -0.00345341170592 0.99959473388 0.999605327485
-4.15531062124e-08 -0.00346170383188 0.999595411565 0.999605424118
-4.09719438878e-08 -0.00346999639854 0.999596027564 0.999605495135
-4.03907815631e-08 -0.00347828896519 0.999596643563 0.999605566151
-3.98096192385e-08 -0.00348658153185 0.999597259562 0.999605637167
-3.92284569138e-08 -0.0034948740985 0.999597875562 0.999605708184
-3.86472945892e-08 -0.00350316740453 0.999598380995 0.999605729246
-3.80661322645e-08 -0.00351146187018 0.99959871302 0.999605671962
-3.74849699399e-08 -0.00351975633582 0.999599045044 0.999605614677
-3.69038076152e-08 -0.00352805080147 0.999599377069 0.999605557393
-3.63226452906e-08 -0.00353634526711 0.999599709093 0.999605500108
-3.57414829659e-08 -0.00354463973276 0.999600041118 0.999605442824
-3.51603206413e-08 -0.00355293533278 0.999600196769 0.999605302261
-3.45791583166e-08 -0.00356123118027 0.999600313943 0.999605143531
-3.3997995992e-08 -0.00356952702777 0.999600431117 0.999604984801
-3.34168336673e-08 -0.00357782287526 0.999600548291 0.999604826071
-3.28356713427e-08 -0.00358611872275 0.999600665465 0.999604667341
-3.2254509018e-08 -0.00359441469135 0.99960076393 0.999604499845
-3.16733466934e-08 -0.00360271153609 0.999600727046 0.999604268935
-3.10921843687e-08 -0.00361100838083 0.999600690163 0.999604038025
-3.05110220441e-08 -0.00361930522557 0.999600653279 0.999603807115
-2.99298597194e-08 -0.0036276020703 0.999600616396 0.999603576205
-2.93486973948e-08 -0.00363589891504 0.999600579512 0.999603345295
-2.87675350701e-08 -0.00364419596514 0.999600513586 0.999603102197
-2.81863727455e-08 -0.00365249352328 0.999600375812 0.999602828949
-2.76052104208e-08 -0.00366079108142 0.999600238038 0.999602555701
-2.70240480962e-08 -0.00366908863956 0.999600100264 0.999602282453
-2.64428857715e-08 -0.0036773861977 0.99959996249 0.999602009205
-2.58617234469e-08 -0.00368568375584 0.999599824715 0.999601735957
-2.52805611222e-08 -0.00369398147419 0.999599669566 0.999601458467
-2.46993987976e-08 -0.00370227953774 0.99959947698 0.999601171836
-2.41182364729e-08 -0.00371057760128 0.999599284394 0.999600885206
-2.35370741483e-08 -0.00371887566483 0.999599091808 0.999600598575
-2.29559118236e-08 -0.00372717372837 0.999598899222 0.999600311945
-2.2374749499e-08 -0.00373547179191 0.999598706636 0.999600025314
-2.17935871743e-08 -0.00374376992822 0.999598510881 0.999599741468
-2.12124248497e-08 -0.00375206834559 0.99959830289 0.999599468375
-2.0631262525e-08 -0.00376036676296 0.999598094899 0.999599195282
-2.00501002004e-08 -0.00376866518033 0.999597886908 0.99959892219
-1.94689378758e-08 -0.0037769635977 0.999597678917 0.999598649097
-1.88877755511e-08 -0.00378526201507 0.999597470926 0.999598376004
-1.83066132265e-08 -0.00379356043243 0.999597262935 0.999598102911
-1.77254509018e-08 -0.00380185908134 0.999597071723 0.999597865487
-1.71442885772e-08 -0.00381015774231 0.999596881384 0.99959762992
-1.65631262525e-08 -0.00381845640328 0.999596691046 0.999597394354
-1.59819639279e-08 -0.00382675506424 0.999596500707 0.999597158787
-1.54008016032e-08 -0.00383505372521 0.999596310369 0.99959692322
-1.48196392786e-08 -0.00384335238618 0.99959612003 0.999596687654
-1.42384769539e-08 -0.00385165113652 0.999595954141 0.999596483811
-1.36573146293e-08 -0.00385994996053 0.999595808405 0.999596306118
-1.30761523046e-08 -0.00386824878455 0.99959566267 0.999596128425
-1.249498998e-08 -0.00387654760856 0.999595516935 0.999595950733
-1.19138276553e-08 -0.00388484643258 0.9995953712 0.99959577304
-1.13326653307e-08 -0.00389314525659 0.999595225464 0.999595595348
-1.0751503006e-08 -0.00390144408061 0.999595079729 0.999595417655
-1.01703406814e-08 -0.00390974300714 0.999594999281 0.999595313594
-9.58917835671e-09 -0.00391804193416 0.999594919152 0.999595209891
-9.00801603206e-09 -0.00392634086119 0.999594839022 0.999595106189
-8.42685370741e-09 -0.00393463978822 0.999594758893 0.999595002487
-7.84569138277e-09 -0.00394293871525 0.999594678763 0.999594898785
-7.26452905812e-09 -0.00395123764228 0.999594598634 0.999594795082
-6.68336673347e-09 -0.00395953658545 0.999594541746 0.999594715946
-6.10220440882e-09 -0.00396783556857 0.999594542331 0.999594697562
-5.52104208417e-09 -0.00397613455168 0.999594542917 0.999594679177
-4.93987975952e-09 -0.0039844335348 0.999594543502 0.999594660792
-4.35871743487e-09 -0.00399273251791 0.999594544088 0.999594642407
-3.77755511022e-09 -0.00400103150102 0.999594544673 0.999594624022
-3.19639278557e-09 -0.00400933048414 0.999594545259 0.999594605638
-2.61523046092e-09 -0.00401762947393 0.999594583844 0.999594625839
-2.03406813627e-09 -0.00402592847284 0.999594674281 0.999594698694
-1.45290581162e-09 -0.00403422747175 0.999594764719 0.999594771549
-8.71743486974e-10 -0.00404252647065 0.999594855156 0.999594844405
-2.90581162324e-10 -0.00405082546956 0.999594945594 0.99959491726
2.90581162325e-10 -0.00405912446847 0.999595036031 0.999594990115
8.71743486974e-10 -0.00406742346738 0.999595126468 0.99959506297
1.45290581162e-09 -0.00407572245668 0.999595253673 0.999595171882
2.03406813627e-09 -0.00408402143135 0.999595436878 0.999595335712
2.61523046092e-09 -0.00409232040602 0.999595620082 0.999595499541
3.19639278557e-09 -0.00410061938069 0.999595803287 0.999595663371
3.77755511022e-09 -0.00410891835536 0.999595986492 0.999595827201
4.35871743487e-09 -0.00411721733003 0.999596169696 0.99959599103
4.93987975952e-09 -0.0041255163047 0.999596352901 0.99959615486
5.52104208417e-09 -0.00413381526476 0.9995965543 0.999596335747
6.10220440882e-09 -0.00414211416799 0.999596826506 0.999596583017
6.68336673347e-09 -0.00415041307121 0.999597098713 0.999596830287
7.26452905812e-09 -0.00415871197443 0.99959737092 0.999597077558
7.84569138277e-09 -0.00416701087766 0.999597643127 0.999597324828
8.42685370742e-09 -0.00417530978088 0.999597915334 0.999597572098
9.00801603206e-09 -0.0041836086841 0.99959818754 0.999597819368
9.58917835671e-09 -0.00419190758732 0.999598459747 0.999598066638
1.01703406814e-08 -0.00420020637585 0.999598797623 0.999598370497
1.0751503006e-08 -0.00420850514305 0.999599147704 0.999598684872
1.13326653307e-08 -0.00421680391026 0.999599497784 0.999598999247
1.19138276553e-08 -0.00422510267746 0.999599847865 0.999599313623
1.249498998e-08 -0.00423340144467 0.999600197946 0.999599627998
1.30761523046e-08 -0.00424170021187 0.999600548026 0.999599942374
1.36573146293e-08 -0.00424999897908 0.999600898107 0.999600256749
1.42384769539e-08 -0.00425829767413 0.999601266258 0.999600583416
1.48196392786e-08 -0.00426659620779 0.999601674836 0.999600937581
1.54008016032e-08 -0.00427489474144 0.999602083414 0.999601291746
1.59819639279e-08 -0.0042831932751 0.999602491991 0.999601645911
1.65631262525e-08 -0.00429149180876 0.999602900569 0.999602000076
1.71442885772e-08 -0.00429979034241 0.999603309147 0.999602354241
1.77254509018e-08 -0.00430808887607 0.999603717725 0.999602708406
1.83066132265e-08 -0.00431638740972 0.999604126302 0.99960306257
1.88877755511e-08 -0.00432468571066 0.999604552742 0.99960341579
1.94689378758e-08 -0.00433298385466 0.999604991227 0.999603768373
2.00501002004e-08 -0.00434128199867 0.999605429711 0.999604120955
2.06312625251e-08 -0.00434958014267 0.999605868196 0.999604473537
2.12124248497e-08 -0.00435787828668 0.99960630668 0.99960482612
2.17935871743e-08 -0.00436617643068 0.999606745165 0.999605178702
2.2374749499e-08 -0.00437447457469 0.999607183649 0.999605531285
2.29559118236e-08 -0.0043827727187 0.999607622134 0.999605883867
2.35370741483e-08 -0.00439107040649 0.999608054523 0.999606193258
2.41182364729e-08 -0.00439936790259 0.999608484352 0.999606484501
2.46993987976e-08 -0.0044076653987 0.999608914181 0.999606775744
2.52805611222e-08 -0.00441596289481 0.99960934401 0.999607066988
2.58617234469e-08 -0.00442426039091 0.999609773839 0.999607358231
2.64428857715e-08 -0.00443255788702 0.999610203668 0.999607649474
2.70240480962e-08 -0.00444085538313 0.999610633498 0.999607940718
2.76052104208e-08 -0.00444915287924 0.999611063327 0.999608231961
2.81863727455e-08 -0.00445744969745 0.999611457431 0.999608432163
2.87675350701e-08 -0.00446574610943 0.999611830128 0.999608577808
2.93486973948e-08 -0.00447404252142 0.999612202824 0.999608723454
2.99298597194e-08 -0.00448233893341 0.999612575521 0.999608869099
3.05110220441e-08 -0.0044906353454 0.999612948217 0.999609014745
3.10921843687e-08 -0.00449893175739 0.999613320914 0.99960916039
3.16733466934e-08 -0.00450722816937 0.999613693611 0.999609306036
3.2254509018e-08 -0.00451552458136 0.999614066307 0.999609451681
3.28356713427e-08 -0.00452382034047 0.999614398565 0.999609503552
3.34168336673e-08 -0.00453211492028 0.999614657777 0.999609386039
3.3997995992e-08 -0.0045404095001 0.999614916989 0.999609268525
3.45791583166e-08 -0.00454870407991 0.999615176201 0.999609151012
3.51603206413e-08 -0.00455699865973 0.999615435414 0.999609033499
3.57414829659e-08 -0.00456529323954 0.999615694626 0.999608915986
3.63226452906e-08 -0.00457358781936 0.999615953838 0.999608798472
3.69038076152e-08 -0.00458188239917 0.999616213051 0.999608680959
3.74849699399e-08 -0.00459017697899 0.999616472263 0.999608563446
3.80661322645e-08 -0.00459846876321 0.999616578349 0.999608064625
3.86472945892e-08 -0.0046067602118 0.999616666053 0.999607520026
3.92284569138e-08 -0.0046150516604 0.999616753756 0.999606975428
3.98096192385e-08 -0.004623343109 0.999616841459 0.999606430829
4.03907815631e-08 -0.00463163455759 0.999616929162 0.99960588623
4.09719438878e-08 -0.00463992600619 0.999617016865 0.999605341632
4.15531062124e-08 -0.00464821745478 0.999617104568 0.999604797033
4.21342685371e-08 -0.00465650890338 0.999617192271 0.999604252434
4.27154308617e-08 -0.00466479910623 0.999617230073 0.999603556497
4.32965931864e-08 -0.00467308514158 0.999617100934 0.999602354269
4.3877755511e-08 -0.00468137117693 0.999616971796 0.999601152041
4.44589178357e-08 -0.00468965721227 0.999616842658 0.999599949814
4.50400801603e-08 -0.00469794324762 0.99961671352 0.999598747586
4.5621242485e-08 -0.00470622928296 0.999616584381 0.999597545359
4.62024048096e-08 -0.00471451531831 0.999616455243 0.999596343131
4.67835671343e-08 -0.00472280135366 0.999616326105 0.999595140903
4.73647294589e-08 -0.004731087389 0.999616196966 0.999593938676
4.79458917836e-08 -0.00473936998217 0.999615987971 0.999592377275
4.85270541082e-08 -0.0047476465506 0.999615639205 0.999590187225
4.91082164329e-08 -0.00475592311904 0.999615290439 0.999587997174
4.96893787575e-08 -0.00476419968747 0.999614941672 0.999585807124
5.02705410822e-08 -0.0047724762559 0.999614592906 0.999583617074
5.08517034068e-08 -0.00478075282433 0.99961424414 0.999581427024
5.14328657315e-08 -0.00478902939277 0.999613895373 0.999579236973
5.20140280561e-08 -0.0047973059612 0.999613546607 0.999577046923
5.25951903808e-08 -0.00480558252963 0.999613197841 0.999574856873
5.31763527054e-08 -0.00481385426751 0.999612814157 0.999572241575
5.37575150301e-08 -0.00482211408847 0.999612344334 0.999568577197
5.43386773547e-08 -0.00483037390944 0.99961187451 0.99956491282
5.49198396794e-08 -0.00483863373041 0.999611404687 0.999561248442
5.5501002004e-08 -0.00484689355138 0.999610934863 0.999557584065
5.60821643287e-08 -0.00485515337234 0.99961046504 0.999553919687
5.66633266533e-08 -0.00486341319331 0.999609995216 0.99955025531
5.7244488978e-08 -0.00487167301428 0.999609525393 0.999546590932
5.78256513026e-08 -0.00487993283525 0.999609055569 0.999542926554
5.84068136273e-08 -0.00488819265622 0.999608585746 0.999539262177
5.89879759519e-08 -0.00489642251595 0.999608307543 0.999533379706
5.95691382766e-08 -0.00490465236733 0.999608029394 0.999527496618
6.01503006012e-08 -0.00491288221872 0.999607751245 0.999521613529
6.07314629259e-08 -0.0049211120701 0.999607473096 0.999515730441
6.13126252505e-08 -0.00492934192149 0.999607194947 0.999509847352
6.18937875752e-08 -0.00493757177287 0.999606916798 0.999503964264
6.24749498998e-08 -0.00494580162426 0.999606638649 0.999498081175
6.30561122244e-08 -0.00495403147564 0.9996063605 0.999492198086
6.36372745491e-08 -0.00496226132703 0.999606082351 0.999486314998
6.42184368737e-08 -0.00497046446202 0.999606263391 0.999478752969
6.47995991984e-08 -0.00497864005976 0.99960691773 0.999469460413
6.5380761523e-08 -0.00498681565749 0.999607572069 0.999460167857
6.59619238477e-08 -0.00499499125522 0.999608226408 0.999450875302
6.65430861723e-08 -0.00500316685295 0.999608880747 0.999441582746
6.7124248497e-08 -0.00501134245068 0.999609535087 0.99943229019
6.77054108216e-08 -0.00501951804842 0.999610189426 0.999422997634
6.82865731463e-08 -0.00502769364615 0.999610843765 0.999413705078
6.88677354709e-08 -0.00503586924388 0.999611498104 0.999404412523
6.94488977956e-08 -0.00504404484161 0.999612152443 0.999395119967
7.00300601202e-08 -0.00505214477786 0.999614715297 0.999381711512
7.06112224449e-08 -0.00506022100824 0.999617876118 0.999367013485
7.11923847695e-08 -0.00506829723863 0.999621036939 0.999352315458
7.17735470942e-08 -0.00507637346901 0.999624197759 0.999337617431
7.23547094188e-08 -0.00508444969939 0.99962735858 0.999322919404
7.29358717435e-08 -0.00509252592978 0.999630519401 0.999308221377
7.35170340681e-08 -0.00510060216016 0.999633680221 0.99929352335
7.40981963928e-08 -0.00510867839054 0.999636841042 0.999278825324
7.46793587174e-08 -0.00511675462092 0.999640001863 0.999264127297
7.52605210421e-08 -0.00512483085131 0.999643162684 0.99924942927
7.58416833667e-08 -0.00513275948759 0.999650879583 0.999227596196
7.64228456914e-08 -0.00514065155888 0.999659725206 0.999203995484
7.7004008016e-08 -0.00514854363016 0.999668570828 0.999180394772
7.75851703407e-08 -0.00515643570145 0.999677416451 0.999156794061
7.81663326653e-08 -0.00516432777273 0.999686262074 0.999133193349
7.874749499e-08 -0.00517221984402 0.999695107697 0.999109592637
7.93286573146e-08 -0.00518011191531 0.99970395332 0.999085991925
7.99098196393e-08 -0.00518800398659 0.999712798943 0.999062391214
8.04909819639e-08 -0.00519589605788 0.999721644566 0.999038790502
8.10721442886e-08 -0.00520378812916 0.999730490189 0.99901518979
8.16533066132e-08 -0.00521147049157 0.999746590542 0.998982319251
8.22344689379e-08 -0.00521901713398 0.999767386032 0.998943449438
8.28156312625e-08 -0.00522656377638 0.999788181521 0.998904579626
8.33967935872e-08 -0.00523411041878 0.999808977011 0.998865709813
8.39779559118e-08 -0.00524165706119 0.999829772501 0.99882684
8.45591182365e-08 -0.00524920370359 0.999850567991 0.998787970187
8.51402805611e-08 -0.00525675034599 0.999871363481 0.998749100375
8.57214428858e-08 -0.0052642969884 0.999892158971 0.998710230562
8.63026052104e-08 -0.0052718436308 0.99991295446 0.998671360749
8.68837675351e-08 -0.0052793902732 0.99993374995 0.998632490936
8.74649298597e-08 -0.0052868235377 0.999958726758 0.998588915547
8.80460921844e-08 -0.00529371429259 1.00000371104 0.998522824129
8.8627254509e-08 -0.00530060504748 1.00004869531 0.998456732712
8.92084168337e-08 -0.00530749580238 1.00009367959 0.998390641294
8.97895791583e-08 -0.00531438655727 1.00013866387 0.998324549876
9.0370741483e-08 -0.00532127731216 1.00018364815 0.998258458458
9.09519038076e-08 -0.00532816806705 1.00022863242 0.99819236704
9.15330661323e-08 -0.00533505882195 1.0002736167 0.998126275622
9.21142284569e-08 -0.00534194957684 1.00031860098 0.998060184204
9.26953907816e-08 -0.00534884033173 1.00036358526 0.997994092786
9.32765531062e-08 -0.00535573108662 1.00040856953 0.997928001368
9.38577154309e-08 -0.00536200006769 1.00047727815 0.997837156321
9.44388777555e-08 -0.00536762986951 1.00057037523 0.997720864712
9.50200400802e-08 -0.00537325967134 1.0006634723 0.997604573104
9.56012024048e-08 -0.00537888947316 1.00075656938 0.997488281495
9.61823647295e-08 -0.00538451927498 1.00084966645 0.997371989886
9.67635270541e-08 -0.00539014907681 1.00094276353 0.997255698278
9.73446893788e-08 -0.00539577887863 1.0010358606 0.997139406669
9.79258517034e-08 -0.00540140868046 1.00112895768 0.99702311506
9.85070140281e-08 -0.00540703848228 1.00122205476 0.996906823452
9.90881763527e-08 -0.00541266828411 1.00131515183 0.996790531843
9.96693386774e-08 -0.00541829808593 1.00140824891 0.996674240234
1.00250501002e-07 -0.0054225480701 1.00155486727 0.996504464944
1.00831663327e-07 -0.00542572280732 1.00174319304 0.996293011561
1.01412825651e-07 -0.00542889754453 1.00193151881 0.996081558179
1.01993987976e-07 -0.00543207228174 1.00211984458 0.995870104797
1.02575150301e-07 -0.00543524701895 1.00230817035 0.995658651414
1.03156312625e-07 -0.00543842175616 1.00249649612 0.995447198032
1.0373747495e-07 -0.00544159649337 1.00268482189 0.99523574465
1.04318637275e-07 -0.00544477123059 1.00287314766 0.995024291267
1.04899799599e-07 -0.0054479459678 1.00306147342 0.994812837885
1.05480961924e-07 -0.00545112070501 1.00324979919 0.994601384502
1.06062124248e-07 -0.00545429544222 1.00343812496 0.99438993112
1.06643286573e-07 -0.00545566055607 1.00369717956 0.994109626413
1.07224448898e-07 -0.00545399336952 1.00407475112 0.993713950794
1.07805611222e-07 -0.00545232618297 1.00445232267 0.993318275175
1.08386773547e-07 -0.00545065899642 1.00482989423 0.992922599556
1.08967935872e-07 -0.00544899180987 1.00520746578 0.992526923937
1.09549098196e-07 -0.00544732462332 1.00558503734 0.992131248318
1.10130260521e-07 -0.00544565743677 1.0059626089 0.991735572699
1.10711422846e-07 -0.00544399025022 1.00634018045 0.99133989708
1.1129258517e-07 -0.00544232306367 1.00671775201 0.990944221461
1.11873747495e-07 -0.00544065587712 1.00709532356 0.990548545842
1.1245490982e-07 -0.00543898869057 1.00747289512 0.990152870223
1.13036072144e-07 -0.00543732150402 1.00785046668 0.989757194604
1.13617234469e-07 -0.00542673198966 1.00857892929 0.989027907468
1.14198396794e-07 -0.00541538954924 1.00933700246 0.988270467947
1.14779559118e-07 -0.00540404710881 1.01009507563 0.987513028426
1.15360721443e-07 -0.00539270466839 1.0108531488 0.986755588906
1.15941883768e-07 -0.00538136222796 1.01161122196 0.985998149385
1.16523046092e-07 -0.00537001978754 1.01236929513 0.985240709864
1.17104208417e-07 -0.00535867734711 1.0131273683 0.984483270343
1.17685370741e-07 -0.00534733490668 1.01388544147 0.983725830822
1.18266533066e-07 -0.00533599246626 1.01464351463 0.982968391301
1.18847695391e-07 -0.00532465002583 1.0154015878 0.98221095178
1.19428857715e-07 -0.00531330758541 1.01615966097 0.981453512259
1.2001002004e-07 -0.00529802394464 1.01707477893 0.980552293633
1.20591182365e-07 -0.00526708845281 1.01861357537 0.97908007913
1.21172344689e-07 -0.00523615296099 1.02015237181 0.977607864628
1.21753507014e-07 -0.00520521746916 1.02169116825 0.976135650126
1.22334669339e-07 -0.00517428197733 1.02322996469 0.974663435624
1.22915831663e-07 -0.00514334648551 1.02476876113 0.973191221121
1.23496993988e-07 -0.00511241099368 1.02630755756 0.971719006619
1.24078156313e-07 -0.00508147550186 1.027846354 0.970246792117
1.24659318637e-07 -0.00505054001003 1.02938515044 0.968774577615
1.25240480962e-07 -0.0050196045182 1.03092394688 0.967302363112
1.25821643287e-07 -0.00498866902638 1.03246274332 0.96583014861
1.26402805611e-07 -0.00495773353455 1.03400153976 0.964357934108
1.26983967936e-07 -0.00491857974251 1.03587875449 0.962599115714
1.27565130261e-07 -0.00484742115634 1.03907388263 0.959724166455
1.28146292585e-07 -0.00477626257017 1.04226901077 0.956849217196
1.2872745491e-07 -0.00470510398401 1.04546413891 0.953974267937
1.29308617234e-07 -0.00463394539784 1.04865926705 0.951099318678
1.29889779559e-07 -0.00456278681167 1.05185439519 0.94822436942
1.30470941884e-07 -0.00449162822551 1.05504952333 0.945349420161
1.31052104208e-07 -0.00442046963934 1.05824465147 0.942474470902
1.31633266533e-07 -0.00434931105317 1.06143977961 0.939599521643
1.32214428858e-07 -0.004278152467 1.06463490775 0.936724572384
1.32795591182e-07 -0.00420699388084 1.06783003589 0.933849623125
1.33376753507e-07 -0.00413583529467 1.07102516403 0.930974673866
1.33957915832e-07 -0.0040646767085 1.07422029217 0.928099724607
1.34539078156e-07 -0.00391601949891 1.08086058132 0.922757310875
1.35120240481e-07 -0.00376109538388 1.0877794625 0.917215366289
1.35701402806e-07 -0.00360617126886 1.09469834368 0.911673421703
1.3628256513e-07 -0.00345124715383 1.10161722486 0.906131477117
1.36863727455e-07 -0.00329632303881 1.10853610604 0.900589532531
1.3744488978e-07 -0.00314139892378 1.11545498722 0.895047587944
1.38026052104e-07 -0.00298647480876 1.12237386839 0.889505643358
1.38607214429e-07 -0.00283155069373 1.12929274957 0.883963698772
1.39188376754e-07 -0.00267662657871 1.13621163075 0.878421754186
1.39769539078e-07 -0.00252170246368 1.14313051193 0.8728798096
1.40350701403e-07 -0.00236677834866 1.15004939311 0.867337865014
1.40931863727e-07 -0.00221185423363 1.15696827428 0.861795920428
1.41513026052e-07 -0.00199359905568 1.16697087596 0.854450554737
1.42094188377e-07 -0.0016613325464 1.18252492527 0.843858592011
1.42675350701e-07 -0.00132906603712 1.19807897457 0.833266629286
1.43256513026e-07 -0.000996799527839 1.21363302388 0.82267466656
1.43837675351e-07 -0.000664533018559 1.22918707319 0.812082703834
1.44418837675e-07 -0.000332266509279 1.24474112249 0.801490741109
1.45e-07 0 1.2602951718 0.790898778383
