-1.45e-07 0 	0 	574493.191559 	
-1.44418837675e-07 0 	0 	541113.74944 	
-1.43837675351e-07 0 	0 	508723.274673 	
-1.43256513026e-07 0 	0 	478564.924431 	
-1.42675350701e-07 0 	0 	450148.072171 	
-1.42094188377e-07 0 	0 	423170.320105 	
-1.41513026052e-07 0 	0 	397528.173334 	
-1.40931863727e-07 0 	0 	373850.416178 	
-1.40350701403e-07 0 	0 	351363.794451 	
-1.39769539078e-07 0 	0 	329918.477828 	
-1.39188376754e-07 0 	0 	309951.34213 	
-1.38607214429e-07 0 	0 	291160.864851 	
-1.38026052104e-07 0 	0 	273169.470871 	
-1.3744488978e-07 0 	0 	256463.543505 	
-1.36863727455e-07 0 	0 	240692.786619 	
-1.3628256513e-07 0 	0 	225526.797492 	
-1.35701402806e-07 0 	0 	211665.619102 	
-1.35120240481e-07 0 	0 	198348.258531 	
-1.34539078156e-07 0 	0 	185763.623909 	
-1.33957915832e-07 0 	0 	174084.90911 	
-1.33376753507e-07 0 	0 	162755.426541 	
-1.32795591182e-07 0 	0 	152452.965676 	
-1.32214428858e-07 0 	0 	142478.537353 	
-1.31633266533e-07 0 	0 	133190.003056 	
-1.31052104208e-07 0 	0 	124408.089657 	
-1.30470941884e-07 0 	0 	116054.219911 	
-1.29889779559e-07 0 	0 	108318.011562 	
-1.29308617234e-07 0 	0 	100823.648974 	
-1.2872745491e-07 0 	0 	94001.2583007 	
-1.28146292585e-07 0 	0 	87295.3140633 	
-1.27565130261e-07 0 	0 	81268.9314423 	
-1.26983967936e-07 0 	0 	75284.3378543 	
-1.26402805611e-07 0 	0 	69949.3549686 	
-1.25821643287e-07 0 	0 	64623.0061729 	
-1.25240480962e-07 0 	0 	59887.1152471 	
-1.24659318637e-07 0 	0 	55159.7961551 	
-1.24078156313e-07 0 	0 	50942.0731065 	
-1.23496993988e-07 0 	0 	46758.3766677 	
-1.22915831663e-07 0 	0 	42988.3569574 	
-1.22334669339e-07 0 	0 	39296.5901234 	
-1.21753507014e-07 0 	0 	35913.3464586 	
-1.21172344689e-07 0 	0 	32665.4254661 	
-1.20591182365e-07 0 	0 	29616.6564359 	
-1.2001002004e-07 0 	0 	26767.9921235 	
-1.19428857715e-07 0 	0 	24009.1306394 	
-1.18847695391e-07 0 	0 	21518.5047176 	
-1.18266533066e-07 0 	0 	19027.8787958 	
-1.17685370741e-07 0 	0 	16841.2878621 	
-1.17104208417e-07 0 	0 	14670.7211084 	
-1.16523046092e-07 0 	0 	12669.8098656 	
-1.15941883768e-07 0 	0 	10784.4233749 	
-1.15360721443e-07 0 	0 	8945.75333982 	
-1.14779559118e-07 0 	0 	7313.6240024 	
-1.14198396794e-07 0 	0 	5681.49466498 	
-1.13617234469e-07 0 	0 	4210.1411777 	
-1.13036072144e-07 0 	0 	2802.15258197 	
-1.1245490982e-07 0 	0 	1432.1340674 	
-1.11873747495e-07 0 	0 	221.824078618 	
-1.1129258517e-07 0 	0 	-988.485910164 	
-1.10711422846e-07 0 	0 	-2093.27368163 	
-1.10130260521e-07 0 	0 	-3129.86742397 	
-1.09549098196e-07 0 	0 	-4166.46116631 	
-1.08967935872e-07 0 	0 	-5056.73922816 	
-1.08386773547e-07 0 	0 	-5941.23468847 	
-1.07805611222e-07 0 	0 	-6791.99599924 	
-1.07224448898e-07 0 	0 	-7543.82183093 	
-1.06643286573e-07 0 	0 	-8295.64766262 	
-1.06062124248e-07 0 	0 	-8991.81246902 	
-1.05480961924e-07 0 	0 	-9628.36164887 	
-1.04899799599e-07 0 	0 	-10264.9108287 	
-1.04318637275e-07 0 	0 	-10836.988968 	
-1.0373747495e-07 0 	0 	-11373.7699619 	
-1.03156312625e-07 0 	0 	-11910.5509559 	
-1.02575150301e-07 0 	0 	-12383.4519845 	
-1.01993987976e-07 0 	0 	-12834.2364706 	
-1.01412825651e-07 0 	0 	-13285.0209567 	
-1.00831663327e-07 0 	0 	-13678.8832543 	
-1.00250501002e-07 0 	0 	-14055.8495039 	
-9.96693386774e-08 0 	0 	-14432.8157536 	
-9.90881763527e-08 0 	0 	-14763.7555376 	
-9.85070140281e-08 0 	0 	-15077.6267056 	
-9.79258517034e-08 0 	0 	-15391.4978735 	
-9.73446893788e-08 0 	0 	-15672.2787058 	
-9.67635270541e-08 0 	0 	-15932.4553431 	
-9.61823647295e-08 0 	0 	-16192.6319805 	
-9.56012024048e-08 0 	0 	-16433.256599 	
-9.50200400802e-08 0 	0 	-16647.9428427 	
-9.44388777555e-08 0 	0 	-16862.6290864 	
-9.38577154309e-08 0 	0 	-17070.8564914 	
-9.32765531062e-08 0 	0 	-17247.1794696 	
-9.26953907816e-08 0 	0 	-17423.5024478 	
-9.21142284569e-08 0 	0 	-17599.825426 	
-9.15330661323e-08 0 	0 	-17749.4162347 	
-9.09519038076e-08 0 	0 	-17893.5383509 	
-9.0370741483e-08 0 	0 	-18037.6604671 	
-8.97895791583e-08 0 	0 	-18170.6621093 	
-8.92084168337e-08 0 	0 	-18287.885996 	
-8.8627254509e-08 0 	0 	-18405.1098828 	
-8.80460921844e-08 0 	0 	-18522.3337696 	
-8.74649298597e-08 0 	0 	-18619.0714106 	
-8.68837675351e-08 0 	0 	-18713.9373973 	
-8.63026052104e-08 0 	0 	-18808.8033841 	
-8.57214428858e-08 0 	0 	-18897.440967 	
-8.51402805611e-08 0 	0 	-18973.8170492 	
-8.45591182365e-08 0 	0 	-19050.1931315 	
-8.39779559118e-08 0 	0 	-19126.5692137 	
-8.33967935872e-08 0 	0 	-19192.7048559 	
-8.28156312625e-08 0 	0 	-19253.8692214 	
-8.22344689379e-08 0 	0 	-19315.0335868 	
-8.16533066132e-08 0 	0 	-19376.1979523 	
-8.10721442886e-08 0 	0 	-19425.8686713 	
-8.04909819639e-08 0 	0 	-19474.584925 	
-7.99098196393e-08 0 	0 	-19523.3011788 	
-7.93286573146e-08 0 	0 	-19571.1541085 	
-7.874749499e-08 0 	0 	-19609.7394121 	
-7.81663326653e-08 0 	0 	-19648.3247157 	
-7.75851703407e-08 0 	0 	-19686.9100192 	
-7.7004008016e-08 0 	0 	-19724.2097834 	
-7.64228456914e-08 0 	0 	-19754.5961744 	
-7.58416833667e-08 0 	0 	-19784.9825655 	
-7.52605210421e-08 0 	0 	-19815.3689566 	
-7.46793587174e-08 0 	0 	-19844.8585848 	
-7.40981963928e-08 0 	0 	-19868.6478082 	
-7.35170340681e-08 0 	0 	-19892.4370316 	
-7.29358717435e-08 0 	0 	-19916.226255 	
-7.23547094188e-08 0 	0 	-19939.9075422 	
-7.17735470942e-08 0 	0 	-19958.4197632 	
-7.11923847695e-08 0 	0 	-19976.9319843 	
-7.06112224449e-08 0 	0 	-19995.4442054 	
-7.00300601202e-08 0 	0 	-20013.9564265 	
-6.94488977956e-08 0 	0 	-20029.0781733 	
-6.88677354709e-08 0 	0 	-20043.3949654 	
-6.82865731463e-08 0 	0 	-20057.7117575 	
-6.77054108216e-08 0 	0 	-20072.0285496 	
-6.7124248497e-08 0 	0 	-20084.6989063 	
-6.65430861723e-08 0 	0 	-20095.7009258 	
-6.59619238477e-08 0 	0 	-20106.7029454 	
-6.5380761523e-08 0 	0 	-20117.704965 	
-6.47995991984e-08 0 	0 	-20128.4889057 	
-6.42184368737e-08 0 	0 	-20136.8887016 	
-6.36372745491e-08 0 	0 	-20145.2884974 	
-6.30561122244e-08 0 	0 	-20153.6882933 	
-6.24749498998e-08 0 	0 	-20162.0880892 	
-6.18937875752e-08 0 	0 	-20169.337055 	
-6.13126252505e-08 0 	0 	-20175.7074312 	
-6.07314629259e-08 0 	0 	-20182.0778073 	
-6.01503006012e-08 0 	0 	-20188.4481835 	
-5.95691382766e-08 0 	0 	-20194.8185597 	
-5.89879759519e-08 0 	0 	-20199.7048607 	
-5.84068136273e-08 0 	0 	-20204.5032212 	
-5.78256513026e-08 0 	0 	-20209.3015817 	
-5.7244488978e-08 0 	0 	-20214.0999422 	
-5.66633266533e-08 0 	0 	-20218.6416271 	
-5.60821643287e-08 0 	0 	-20222.2307359 	
-5.5501002004e-08 0 	0 	-20225.8198446 	
-5.49198396794e-08 0 	0 	-20229.4089534 	
-5.43386773547e-08 0 	0 	-20232.9980622 	
-5.37575150301e-08 0 	0 	-20236.2462673 	
-5.31763527054e-08 0 	0 	-20238.9118104 	
-5.25951903808e-08 0 	0 	-20241.5773535 	
-5.20140280561e-08 0 	0 	-20244.2428965 	
-5.14328657315e-08 0 	0 	-20246.9084396 	
-5.08517034068e-08 0 	0 	-20249.2854906 	
-5.02705410822e-08 0 	0 	-20251.2508269 	
-4.96893787575e-08 0 	0 	-20253.2161631 	
-4.91082164329e-08 0 	0 	-20255.1814993 	
-4.85270541082e-08 0 	0 	-20257.1468356 	
-4.79458917836e-08 0 	0 	-20258.9339519 	
-4.73647294589e-08 0 	0 	-20260.3724107 	
-4.67835671343e-08 0 	0 	-20261.8108696 	
-4.62024048096e-08 0 	0 	-20263.2493284 	
-4.5621242485e-08 0 	0 	-20264.6877872 	
-4.50400801603e-08 0 	0 	-20266.0691576 	
-4.44589178357e-08 0 	0 	-20267.1142102 	
-4.3877755511e-08 0 	0 	-20268.1592628 	
-4.32965931864e-08 0 	0 	-20269.2043154 	
-4.27154308617e-08 0 	0 	-20270.249368 	
-4.21342685371e-08 0 	0 	-20271.2944207 	
-4.15531062124e-08 0 	0 	-20272.0976415 	
-4.09719438878e-08 0 	0 	-20272.8512498 	
-4.03907815631e-08 0 	0 	-20273.6048581 	
-3.98096192385e-08 0 	0 	-20274.3584664 	
-3.92284569138e-08 0 	0 	-20275.1120746 	
-3.86472945892e-08 0 	0 	-20275.7822847 	
-3.80661322645e-08 0 	0 	-20276.3216948 	
-3.74849699399e-08 0 	0 	-20276.861105 	
-3.69038076152e-08 0 	0 	-20277.4005152 	
-3.63226452906e-08 0 	0 	-20277.9399254 	
-3.57414829659e-08 0 	0 	-20278.4793356 	
-3.51603206413e-08 0 	0 	-20278.8905349 	
-3.45791583166e-08 0 	0 	-20279.2737644 	
-3.3997995992e-08 0 	0 	-20279.6569939 	
-3.34168336673e-08 0 	0 	-20280.0402234 	
-3.28356713427e-08 0 	0 	-20280.4234529 	
-3.2254509018e-08 0 	0 	-20280.7929591 	
-3.16733466934e-08 0 	0 	-20281.0631877 	
-3.10921843687e-08 0 	0 	-20281.3334163 	
-3.05110220441e-08 0 	0 	-20281.6036449 	
-2.99298597194e-08 0 	0 	-20281.8738735 	
-2.93486973948e-08 0 	0 	-20282.1441021 	
-2.87675350701e-08 0 	0 	-20282.3909631 	
-2.81863727455e-08 0 	0 	-20282.580015 	
-2.76052104208e-08 0 	0 	-20282.7690669 	
-2.70240480962e-08 0 	0 	-20282.9581188 	
-2.64428857715e-08 0 	0 	-20283.1471708 	
-2.58617234469e-08 0 	0 	-20283.3362227 	
-2.52805611222e-08 0 	0 	-20283.5068967 	
-2.46993987976e-08 0 	0 	-20283.6379757 	
-2.41182364729e-08 0 	0 	-20283.7690547 	
-2.35370741483e-08 0 	0 	-20283.9001337 	
-2.29559118236e-08 0 	0 	-20284.0312126 	
-2.2374749499e-08 0 	0 	-20284.1622916 	
-2.17935871743e-08 0 	0 	-20284.284884 	
-2.12124248497e-08 0 	0 	-20284.3746967 	
-2.0631262525e-08 0 	0 	-20284.4645095 	
-2.00501002004e-08 0 	0 	-20284.5543222 	
-1.94689378758e-08 0 	0 	-20284.6441349 	
-1.88877755511e-08 0 	0 	-20284.7339477 	
-1.83066132265e-08 0 	0 	-20284.8237604 	
-1.77254509018e-08 0 	0 	-20284.8856005 	
-1.71442885772e-08 0 	0 	-20284.9459836 	
-1.65631262525e-08 0 	0 	-20285.0063668 	
-1.59819639279e-08 0 	0 	-20285.06675 	
-1.54008016032e-08 0 	0 	-20285.1271331 	
-1.48196392786e-08 0 	0 	-20285.1875163 	
-1.42384769539e-08 0 	0 	-20285.2362543 	
-1.36573146293e-08 0 	0 	-20285.2753928 	
-1.30761523046e-08 0 	0 	-20285.3145313 	
-1.249498998e-08 0 	0 	-20285.3536698 	
-1.19138276553e-08 0 	0 	-20285.3928083 	
-1.13326653307e-08 0 	0 	-20285.4319469 	
-1.0751503006e-08 0 	0 	-20285.4710854 	
-1.01703406814e-08 0 	0 	-20285.4944729 	
-9.58917835671e-09 0 	0 	-20285.5177835 	
-9.00801603206e-09 0 	0 	-20285.5410941 	
-8.42685370741e-09 0 	0 	-20285.5644048 	
-7.84569138277e-09 0 	0 	-20285.5877154 	
-7.26452905812e-09 0 	0 	-20285.611026 	
-6.68336673347e-09 0 	0 	-20285.6307127 	
-6.10220440882e-09 0 	0 	-20285.6414374 	
-5.52104208417e-09 0 	0 	-20285.6521621 	
-4.93987975952e-09 0 	0 	-20285.6628868 	
-4.35871743487e-09 0 	0 	-20285.6736115 	
-3.77755511022e-09 0 	0 	-20285.6843362 	
-3.19639278557e-09 0 	0 	-20285.695061 	
-2.61523046092e-09 0 	0 	-20285.7010512 	
-2.03406813627e-09 0 	0 	-20285.700581 	
-1.45290581162e-09 0 	0 	-20285.7001107 	
-8.71743486974e-10 0 	0 	-20285.6996405 	
-2.90581162324e-10 0 	0 	-20285.6991703 	
2.90581162325e-10 0 	0 	-20285.6987 	
8.71743486974e-10 0 	0 	-20285.6982298 	
1.45290581162e-09 0 	0 	-20285.6931578 	
2.03406813627e-09 0 	0 	-20285.6810768 	
2.61523046092e-09 0 	0 	-20285.6689958 	
3.19639278557e-09 0 	0 	-20285.6569148 	
3.77755511022e-09 0 	0 	-20285.6448339 	
4.35871743487e-09 0 	0 	-20285.6327529 	
4.93987975952e-09 0 	0 	-20285.6206719 	
5.52104208417e-09 0 	0 	-20285.6057014 	
6.10220440882e-09 0 	0 	-20285.5794851 	
6.68336673347e-09 0 	0 	-20285.5532688 	
7.26452905812e-09 0 	0 	-20285.5270526 	
7.84569138277e-09 0 	0 	-20285.5008363 	
8.42685370742e-09 0 	0 	-20285.47462 	
9.00801603206e-09 0 	0 	-20285.4484037 	
9.58917835671e-09 0 	0 	-20285.4221875 	
1.01703406814e-08 0 	0 	-20285.3794805 	
1.0751503006e-08 0 	0 	-20285.3337088 	
1.13326653307e-08 0 	0 	-20285.2879371 	
1.19138276553e-08 0 	0 	-20285.2421653 	
1.249498998e-08 0 	0 	-20285.1963936 	
1.30761523046e-08 0 	0 	-20285.1506219 	
1.36573146293e-08 0 	0 	-20285.1048501 	
1.42384769539e-08 0 	0 	-20285.0499921 	
1.48196392786e-08 0 	0 	-20284.9748066 	
1.54008016032e-08 0 	0 	-20284.8996212 	
1.59819639279e-08 0 	0 	-20284.8244358 	
1.65631262525e-08 0 	0 	-20284.7492504 	
1.71442885772e-08 0 	0 	-20284.6740649 	
1.77254509018e-08 0 	0 	-20284.5988795 	
1.83066132265e-08 0 	0 	-20284.5236941 	
1.88877755511e-08 0 	0 	-20284.4207317 	
1.94689378758e-08 0 	0 	-20284.299039 	
2.00501002004e-08 0 	0 	-20284.1773464 	
2.06312625251e-08 0 	0 	-20284.0556537 	
2.12124248497e-08 0 	0 	-20283.9339611 	
2.17935871743e-08 0 	0 	-20283.8122685 	
2.2374749499e-08 0 	0 	-20283.6905758 	
2.29559118236e-08 0 	0 	-20283.5688832 	
2.35370741483e-08 0 	0 	-20283.3938246 	
2.41182364729e-08 0 	0 	-20283.1963437 	
2.46993987976e-08 0 	0 	-20282.9988628 	
2.52805611222e-08 0 	0 	-20282.8013819 	
2.58617234469e-08 0 	0 	-20282.6039011 	
2.64428857715e-08 0 	0 	-20282.4064202 	
2.70240480962e-08 0 	0 	-20282.2089393 	
2.76052104208e-08 0 	0 	-20282.0114585 	
2.81863727455e-08 0 	0 	-20281.7351975 	
2.87675350701e-08 0 	0 	-20281.4117283 	
2.93486973948e-08 0 	0 	-20281.088259 	
2.99298597194e-08 0 	0 	-20280.7647898 	
3.05110220441e-08 0 	0 	-20280.4413205 	
3.10921843687e-08 0 	0 	-20280.1178513 	
3.16733466934e-08 0 	0 	-20279.794382 	
3.2254509018e-08 0 	0 	-20279.4709128 	
3.28356713427e-08 0 	0 	-20279.0716961 	
3.34168336673e-08 0 	0 	-20278.5356581 	
3.3997995992e-08 0 	0 	-20277.9996201 	
3.45791583166e-08 0 	0 	-20277.4635822 	
3.51603206413e-08 0 	0 	-20276.9275442 	
3.57414829659e-08 0 	0 	-20276.3915062 	
3.63226452906e-08 0 	0 	-20275.8554683 	
3.69038076152e-08 0 	0 	-20275.3194303 	
3.74849699399e-08 0 	0 	-20274.7833923 	
3.80661322645e-08 0 	0 	-20273.9231555 	
3.86472945892e-08 0 	0 	-20273.0239972 	
3.92284569138e-08 0 	0 	-20272.1248388 	
3.98096192385e-08 0 	0 	-20271.2256804 	
4.03907815631e-08 0 	0 	-20270.326522 	
4.09719438878e-08 0 	0 	-20269.4273636 	
4.15531062124e-08 0 	0 	-20268.5282053 	
4.21342685371e-08 0 	0 	-20267.6290469 	
4.27154308617e-08 0 	0 	-20266.5855211 	
4.32965931864e-08 0 	0 	-20265.0590278 	
4.3877755511e-08 0 	0 	-20263.5325345 	
4.44589178357e-08 0 	0 	-20262.0060411 	
4.50400801603e-08 0 	0 	-20260.4795478 	
4.5621242485e-08 0 	0 	-20258.9530545 	
4.62024048096e-08 0 	0 	-20257.4265611 	
4.67835671343e-08 0 	0 	-20255.9000678 	
4.73647294589e-08 0 	0 	-20254.3735745 	
4.79458917836e-08 0 	0 	-20252.4487143 	
4.85270541082e-08 0 	0 	-20249.8266049 	
4.91082164329e-08 0 	0 	-20247.2044955 	
4.96893787575e-08 0 	0 	-20244.5823862 	
5.02705410822e-08 0 	0 	-20241.9602768 	
5.08517034068e-08 0 	0 	-20239.3381675 	
5.14328657315e-08 0 	0 	-20236.7160581 	
5.20140280561e-08 0 	0 	-20234.0939488 	
5.25951903808e-08 0 	0 	-20231.4718394 	
5.31763527054e-08 0 	0 	-20228.2918467 	
5.37575150301e-08 0 	0 	-20223.7355644 	
5.43386773547e-08 0 	0 	-20219.179282 	
5.49198396794e-08 0 	0 	-20214.6229997 	
5.5501002004e-08 0 	0 	-20210.0667173 	
5.60821643287e-08 0 	0 	-20205.5104349 	
5.66633266533e-08 0 	0 	-20200.9541526 	
5.7244488978e-08 0 	0 	-20196.3978702 	
5.78256513026e-08 0 	0 	-20191.8415878 	
5.84068136273e-08 0 	0 	-20187.2853055 	
5.89879759519e-08 0 	0 	-20179.2780655 	
5.95691382766e-08 0 	0 	-20171.2698639 	
6.01503006012e-08 0 	0 	-20163.2616622 	
6.07314629259e-08 0 	0 	-20155.2534606 	
6.13126252505e-08 0 	0 	-20147.2452589 	
6.18937875752e-08 0 	0 	-20139.2370573 	
6.24749498998e-08 0 	0 	-20131.2288556 	
6.30561122244e-08 0 	0 	-20123.220654 	
6.36372745491e-08 0 	0 	-20115.2124523 	
6.42184368737e-08 0 	0 	-20104.1366706 	
6.47995991984e-08 0 	0 	-20089.8990553 	
6.5380761523e-08 0 	0 	-20075.6614401 	
6.59619238477e-08 0 	0 	-20061.4238249 	
6.65430861723e-08 0 	0 	-20047.1862097 	
6.7124248497e-08 0 	0 	-20032.9485945 	
6.77054108216e-08 0 	0 	-20018.7109793 	
6.82865731463e-08 0 	0 	-20004.4733641 	
6.88677354709e-08 0 	0 	-19990.2357489 	
6.94488977956e-08 0 	0 	-19975.9981336 	
7.00300601202e-08 0 	0 	-19953.1029056 	
7.06112224449e-08 0 	0 	-19927.4951194 	
7.11923847695e-08 0 	0 	-19901.8873332 	
7.17735470942e-08 0 	0 	-19876.279547 	
7.23547094188e-08 0 	0 	-19850.6717607 	
7.29358717435e-08 0 	0 	-19825.0639745 	
7.35170340681e-08 0 	0 	-19799.4561883 	
7.40981963928e-08 0 	0 	-19773.8484021 	
7.46793587174e-08 0 	0 	-19748.2406158 	
7.52605210421e-08 0 	0 	-19722.6328296 	
7.58416833667e-08 0 	0 	-19680.1977356 	
7.64228456914e-08 0 	0 	-19633.5938406 	
7.7004008016e-08 0 	0 	-19586.9899456 	
7.75851703407e-08 0 	0 	-19540.3860506 	
7.81663326653e-08 0 	0 	-19493.7821556 	
7.874749499e-08 0 	0 	-19447.1782606 	
7.93286573146e-08 0 	0 	-19400.5743656 	
7.99098196393e-08 0 	0 	-19353.9704706 	
8.04909819639e-08 0 	0 	-19307.3665757 	
8.10721442886e-08 0 	0 	-19260.7626807 	
8.16533066132e-08 0 	0 	-19190.3389405 	
8.22344689379e-08 0 	0 	-19104.4994028 	
8.28156312625e-08 0 	0 	-19018.659865 	
8.33967935872e-08 0 	0 	-18932.8203272 	
8.39779559118e-08 0 	0 	-18846.9807895 	
8.45591182365e-08 0 	0 	-18761.1412517 	
8.51402805611e-08 0 	0 	-18675.3017139 	
8.57214428858e-08 0 	0 	-18589.4621761 	
8.63026052104e-08 0 	0 	-18503.6226384 	
8.68837675351e-08 0 	0 	-18417.7831006 	
8.74649298597e-08 0 	0 	-18319.1141671 	
8.80460921844e-08 0 	0 	-18159.0569921 	
8.8627254509e-08 0 	0 	-17998.999817 	
8.92084168337e-08 0 	0 	-17838.942642 	
8.97895791583e-08 0 	0 	-17678.8854669 	
9.0370741483e-08 0 	0 	-17518.8282919 	
9.09519038076e-08 0 	0 	-17358.7711168 	
9.15330661323e-08 0 	0 	-17198.7139417 	
9.21142284569e-08 0 	0 	-17038.6567667 	
9.26953907816e-08 0 	0 	-16878.5995916 	
9.32765531062e-08 0 	0 	-16718.5424166 	
9.38577154309e-08 0 	0 	-16488.3944835 	
9.44388777555e-08 0 	0 	-16186.1937311 	
9.50200400802e-08 0 	0 	-15883.9929787 	
9.56012024048e-08 0 	0 	-15581.7922263 	
9.61823647295e-08 0 	0 	-15279.5914739 	
9.67635270541e-08 0 	0 	-14977.3907216 	
9.73446893788e-08 0 	0 	-14675.1899692 	
9.79258517034e-08 0 	0 	-14372.9892168 	
9.85070140281e-08 0 	0 	-14070.7884644 	
9.90881763527e-08 0 	0 	-13768.5877121 	
9.96693386774e-08 0 	0 	-13466.3869597 	
1.00250501002e-07 0 	0 	-13009.2314002 	
1.00831663327e-07 0 	0 	-12431.3246057 	
1.01412825651e-07 0 	0 	-11853.4178112 	
1.01993987976e-07 0 	0 	-11275.5110167 	
1.02575150301e-07 0 	0 	-10697.6042221 	
1.03156312625e-07 0 	0 	-10119.6974276 	
1.0373747495e-07 0 	0 	-9541.79063311 	
1.04318637275e-07 0 	0 	-8963.88383859 	
1.04899799599e-07 0 	0 	-8385.97704407 	
1.05480961924e-07 0 	0 	-7808.07024955 	
1.06062124248e-07 0 	0 	-7230.16345503 	
1.06643286573e-07 0 	0 	-6449.79719314 	
1.07224448898e-07 0 	0 	-5330.17916343 	
1.07805611222e-07 0 	0 	-4210.56113372 	
1.08386773547e-07 0 	0 	-3090.94310401 	
1.08967935872e-07 0 	0 	-1971.3250743 	
1.09549098196e-07 0 	0 	-851.707044594 	
1.10130260521e-07 0 	0 	267.910985114 	
1.10711422846e-07 0 	0 	1387.52901482 	
1.1129258517e-07 0 	0 	2507.14704453 	
1.11873747495e-07 0 	0 	3626.76507424 	
1.1245490982e-07 0 	0 	4746.38310395 	
1.13036072144e-07 0 	0 	5866.00113366 	
1.13617234469e-07 0 	0 	7980.14965955 	
1.14198396794e-07 0 	0 	10178.2233621 	
1.14779559118e-07 0 	0 	12376.2970646 	
1.15360721443e-07 0 	0 	14574.3707671 	
1.15941883768e-07 0 	0 	16772.4444697 	
1.16523046092e-07 0 	0 	18970.5181722 	
1.17104208417e-07 0 	0 	21168.5918747 	
1.17685370741e-07 0 	0 	23366.6655772 	
1.18266533066e-07 0 	0 	25564.7392798 	
1.18847695391e-07 0 	0 	27762.8129823 	
1.19428857715e-07 0 	0 	29960.8866848 	
1.2001002004e-07 0 	0 	32596.7107119 	
1.20591182365e-07 0 	0 	36970.9906113 	
1.21172344689e-07 0 	0 	41345.2705106 	
1.21753507014e-07 0 	0 	45719.55041 	
1.22334669339e-07 0 	0 	50093.8303094 	
1.22915831663e-07 0 	0 	54468.1102088 	
1.23496993988e-07 0 	0 	58842.3901081 	
1.24078156313e-07 0 	0 	63216.6700075 	
1.24659318637e-07 0 	0 	67590.9499069 	
1.25240480962e-07 0 	0 	71965.2298062 	
1.25821643287e-07 0 	0 	76339.5097056 	
1.26402805611e-07 0 	0 	80713.789605 	
1.26983967936e-07 0 	0 	85998.2031344 	
1.27565130261e-07 0 	0 	94826.9796927 	
1.28146292585e-07 0 	0 	103655.756251 	
1.2872745491e-07 0 	0 	112484.532809 	
1.29308617234e-07 0 	0 	121313.309368 	
1.29889779559e-07 0 	0 	130142.085926 	
1.30470941884e-07 0 	0 	138970.862484 	
1.31052104208e-07 0 	0 	147799.639042 	
1.31633266533e-07 0 	0 	156628.415601 	
1.32214428858e-07 0 	0 	165457.192159 	
1.32795591182e-07 0 	0 	174285.968717 	
1.33376753507e-07 0 	0 	183114.745276 	
1.33957915832e-07 0 	0 	191943.521834 	
1.34539078156e-07 0 	0 	209353.028232 	
1.35120240481e-07 0 	0 	227456.413051 	
1.35701402806e-07 0 	0 	245559.797871 	
1.3628256513e-07 0 	0 	263663.18269 	
1.36863727455e-07 0 	0 	281766.567509 	
1.3744488978e-07 0 	0 	299869.952329 	
1.38026052104e-07 0 	0 	317973.337148 	
1.38607214429e-07 0 	0 	336076.721967 	
1.39188376754e-07 0 	0 	354180.106786 	
1.39769539078e-07 0 	0 	372283.491606 	
1.40350701403e-07 0 	0 	390386.876425 	
1.40931863727e-07 0 	0 	408490.261244 	
1.41513026052e-07 0 	0 	428800.162504 	
1.42094188377e-07 0 	0 	453082.330536 	
1.42675350701e-07 0 	0 	477364.498569 	
1.43256513026e-07 0 	0 	501646.666601 	
1.43837675351e-07 0 	0 	525928.834633 	
1.44418837675e-07 0 	0 	550211.002666 	
1.45e-07 0 	0 	574493.170698 	
