-1.45e-07 3.2664292193e-13 1.00084697467 0.999157977084
-1.44418837675e-07 -1.16348076291e-06 1.00080179421 0.999203083293
-1.43837675351e-07 -2.25900120673e-06 1.00075898214 0.9992458265
-1.43256513026e-07 -3.26730148758e-06 1.00071921146 0.999285537207
-1.42675350701e-07 -4.21123636548e-06 1.00068168571 0.999323008988
-1.42094188377e-07 -5.10411294871e-06 1.00064594101 0.999358704284
-1.41513026052e-07 -5.93503161007e-06 1.00061235785 0.999392243297
-1.40931863727e-07 -6.69992834614e-06 1.00058107878 0.999423483307
-1.40350701403e-07 -7.42954554322e-06 1.00055103115 0.99945349443
-1.39769539078e-07 -8.09815664626e-06 1.00052311341 0.9994813799
-1.39188376754e-07 -8.72251288023e-06 1.00049674144 0.999507722327
-1.38607214429e-07 -9.316053866e-06 1.00047144581 0.999532990313
-1.38026052104e-07 -9.84791924362e-06 1.00044830565 0.999556106194
-1.3744488978e-07 -1.03660273043e-05 1.00042564639 0.99957874189
-1.36863727455e-07 -1.08222090777e-05 1.00040515282 0.999599214865
-1.3628256513e-07 -1.12671577195e-05 1.00038505241 0.999619295146
-1.35701402806e-07 -1.16612008175e-05 1.00036673367 0.99963759585
-1.35120240481e-07 -1.20436014014e-05 1.00034882281 0.999655489092
-1.34539078156e-07 -1.23799106244e-05 1.00033252665 0.999671769241
-1.33957915832e-07 -1.27094287296e-05 1.00031646868 0.999687811408
-1.33376753507e-07 -1.29923989155e-05 1.00030204324 0.999702222394
-1.32795591182e-07 -1.32753691014e-05 1.0002876178 0.999716633379
-1.32214428858e-07 -1.35116444076e-05 1.00027483226 0.999729405572
-1.31633266533e-07 -1.37456259932e-05 1.00026212727 0.999742097265
-1.31052104208e-07 -1.39494495214e-05 1.00025048311 0.999753728678
-1.30470941884e-07 -1.41387148999e-05 1.00023935105 0.999764848262
-1.29889779559e-07 -1.43163798515e-05 1.00022862781 0.999775559161
-1.29308617234e-07 -1.4465091193e-05 1.00021892499 0.999785250017
-1.2872745491e-07 -1.46138025345e-05 1.00020922217 0.999794940873
-1.28146292585e-07 -1.47339182553e-05 1.00020052947 0.999803621822
-1.27565130261e-07 -1.48460974503e-05 1.00019211713 0.999812022479
-1.26983967936e-07 -1.49530803945e-05 1.00018388885 0.999820239082
-1.26402805611e-07 -1.50325817425e-05 1.00017663405 0.999827482275
-1.25821643287e-07 -1.51120830905e-05 1.00016937925 0.999834725467
-1.25240480962e-07 -1.51797160744e-05 1.00016254629 0.999841546791
-1.24659318637e-07 -1.52302022857e-05 1.00015632278 0.999847758621
-1.24078156313e-07 -1.52806884969e-05 1.00015009927 0.999853970452
-1.23496993988e-07 -1.53177085898e-05 1.00014435636 0.999859701568
-1.22915831663e-07 -1.53426305834e-05 1.00013904523 0.999865000806
-1.22334669339e-07 -1.53675525769e-05 1.0001337341 0.999870300044
-1.21753507014e-07 -1.53811745045e-05 1.00012882832 0.999875193778
-1.21172344689e-07 -1.53837553842e-05 1.00012431859 0.999879691301
-1.20591182365e-07 -1.53863362639e-05 1.00011980887 0.999884188825
-1.2001002004e-07 -1.53823455064e-05 1.00011553636 0.999888449001
-1.19428857715e-07 -1.53655689728e-05 1.00011172538 0.999892247393
-1.18847695391e-07 -1.53487924392e-05 1.0001079144 0.999896045785
-1.18266533066e-07 -1.53316695253e-05 1.00010411602 0.999899831567
-1.17685370741e-07 -1.52982728455e-05 1.00010090967 0.999903024867
-1.17104208417e-07 -1.52648761657e-05 1.00009770333 0.999906218168
-1.16523046092e-07 -1.52314794859e-05 1.00009449699 0.999909411468
-1.15941883768e-07 -1.519041599e-05 1.00009157232 0.999912322829
-1.15360721443e-07 -1.51428875027e-05 1.00008888516 0.999914996446
-1.14779559118e-07 -1.50953590155e-05 1.000086198 0.999917670063
-1.14198396794e-07 -1.50478305283e-05 1.00008351084 0.99992034368
-1.13617234469e-07 -1.49896380215e-05 1.00008122037 0.999922620129
-1.13036072144e-07 -1.49302190085e-05 1.00007897552 0.999924850898
-1.1245490982e-07 -1.48707999955e-05 1.00007673068 0.999927081667
-1.11873747495e-07 -1.48106315535e-05 1.00007451416 0.999929284068
-1.1129258517e-07 -1.47413221677e-05 1.00007264313 0.999931140454
-1.10711422846e-07 -1.4672012782e-05 1.00007077211 0.999932996841
-1.10130260521e-07 -1.46027033962e-05 1.00006890109 0.999934853227
-1.09549098196e-07 -1.45328185561e-05 1.00006705227 0.999936687368
-1.08967935872e-07 -1.44553873718e-05 1.00006549462 0.999938229792
-1.08386773547e-07 -1.43779561875e-05 1.00006393697 0.999939772216
-1.07805611222e-07 -1.43005250033e-05 1.00006237933 0.99994131464
-1.07224448898e-07 -1.4223093819e-05 1.00006082168 0.999942857063
-1.06643286573e-07 -1.41399235287e-05 1.00005949157 0.999944171433
-1.06062124248e-07 -1.40559201714e-05 1.00005819449 0.9999454527
-1.05480961924e-07 -1.3971916814e-05 1.00005689741 0.999946733967
-1.04899799599e-07 -1.38879134567e-05 1.00005560033 0.999948015233
-1.04318637275e-07 -1.38014344901e-05 1.00005440501 0.999949194447
-1.0373747495e-07 -1.37122047265e-05 1.00005332277 0.999950260263
-1.03156312625e-07 -1.36229749629e-05 1.00005224053 0.999951326079
-1.02575150301e-07 -1.35337451993e-05 1.0000511583 0.999952391895
-1.01993987976e-07 -1.34445154357e-05 1.00005007606 0.999953457712
-1.01412825651e-07 -1.33517776539e-05 1.00004914531 0.999954371512
-1.00831663327e-07 -1.32584802752e-05 1.00004823873 0.999955261064
-1.00250501002e-07 -1.31651828964e-05 1.00004733215 0.999956150615
-9.96693386774e-08 -1.30718855177e-05 1.00004642557 0.999957040166
-9.90881763527e-08 -1.29784979048e-05 1.00004552317 0.999957925526
-9.85070140281e-08 -1.28821227228e-05 1.00004475896 0.99995867209
-9.79258517034e-08 -1.27857475408e-05 1.00004399476 0.999959418654
-9.73446893788e-08 -1.26893723587e-05 1.00004323055 0.999960165219
-9.67635270541e-08 -1.25929971767e-05 1.00004246635 0.999960911783
-9.61823647295e-08 -1.24966219947e-05 1.00004170214 0.999961658348
-9.56012024048e-08 -1.23980896117e-05 1.00004104816 0.999962294103
-9.50200400802e-08 -1.22994759101e-05 1.00004039834 0.999962925681
-9.44388777555e-08 -1.22008622086e-05 1.00003974851 0.999963557258
-9.38577154309e-08 -1.21022485071e-05 1.00003909869 0.999964188836
-9.32765531062e-08 -1.20036348056e-05 1.00003844886 0.999964820414
-9.26953907816e-08 -1.19040190622e-05 1.0000378586 0.999965392032
-9.21142284569e-08 -1.18038738995e-05 1.00003729982 0.99996593197
-9.15330661323e-08 -1.17037287368e-05 1.00003674103 0.999966471908
-9.09519038076e-08 -1.16035835741e-05 1.00003618225 0.999967011846
-9.0370741483e-08 -1.15034384114e-05 1.00003562346 0.999967551784
-8.97895791583e-08 -1.14032092221e-05 1.0000350711 0.999968085249
-8.92084168337e-08 -1.13021250629e-05 1.00003458407 0.999968552839
-8.8627254509e-08 -1.12010409036e-05 1.00003409704 0.999969020429
-8.80460921844e-08 -1.10999567443e-05 1.00003361001 0.99996948802
-8.74649298597e-08 -1.0998872585e-05 1.00003312298 0.99996995561
-8.68837675351e-08 -1.08977884257e-05 1.00003263595 0.999970423201
-8.63026052104e-08 -1.07965900414e-05 1.0000321633 0.999970876262
-8.57214428858e-08 -1.06950612978e-05 1.00003173224 0.999971287305
-8.51402805611e-08 -1.05935325542e-05 1.00003130118 0.999971698348
-8.45591182365e-08 -1.04920038106e-05 1.00003087012 0.999972109391
-8.39779559118e-08 -1.03904750669e-05 1.00003043907 0.999972520434
-8.33967935872e-08 -1.02889463233e-05 1.00003000801 0.999972931478
-8.28156312625e-08 -1.01874128251e-05 1.00002958315 0.999973336235
-8.22344689379e-08 -1.00858510044e-05 1.00002919526 0.999973703552
-8.16533066132e-08 -9.98428918365e-06 1.00002880737 0.99997407087
-8.10721442886e-08 -9.88272736292e-06 1.00002841947 0.999974438187
-8.04909819639e-08 -9.78116554219e-06 1.00002803158 0.999974805504
-7.99098196393e-08 -9.67960372145e-06 1.00002764369 0.999975172821
-7.93286573146e-08 -9.57804190072e-06 1.00002725579 0.999975540138
-7.874749499e-08 -9.47670770719e-06 1.00002689212 0.999975882842
-7.81663326653e-08 -9.37545497947e-06 1.00002653712 0.999976216736
-7.75851703407e-08 -9.27420225175e-06 1.00002618211 0.99997655063
-7.7004008016e-08 -9.17294952404e-06 1.0000258271 0.999976884524
-7.64228456914e-08 -9.07169679632e-06 1.0000254721 0.999977218418
-7.58416833667e-08 -8.9704440686e-06 1.00002511709 0.999977552313
-7.52605210421e-08 -8.86920372448e-06 1.0000247626 0.999977885681
-7.46793587174e-08 -8.76854484016e-06 1.00002443232 0.999978194338
-7.40981963928e-08 -8.66788595585e-06 1.00002410205 0.999978502995
-7.35170340681e-08 -8.56722707153e-06 1.00002377177 0.999978811653
-7.29358717435e-08 -8.46656818721e-06 1.00002344149 0.99997912031
-7.23547094188e-08 -8.3659093029e-06 1.00002311121 0.999979428968
-7.17735470942e-08 -8.26525041858e-06 1.00002278093 0.999979737625
-7.11923847695e-08 -8.16459153427e-06 1.00002245065 0.999980046282
-7.06112224449e-08 -8.06474928786e-06 1.00002213839 0.999980336457
-7.00300601202e-08 -7.9649218724e-06 1.00002182645 0.999980626295
-6.94488977956e-08 -7.86509445695e-06 1.00002151451 0.999980916134
-6.88677354709e-08 -7.76526704149e-06 1.00002120257 0.999981205973
-6.82865731463e-08 -7.66543962604e-06 1.00002089064 0.999981495811
-6.77054108216e-08 -7.56561221058e-06 1.0000205787 0.99998178565
-6.7124248497e-08 -7.46578479513e-06 1.00002026676 0.999982075488
-6.65430861723e-08 -7.366580797e-06 1.00001996295 0.999982356936
-6.59619238477e-08 -7.26778413155e-06 1.00001966445 0.999982632902
-6.5380761523e-08 -7.1689874661e-06 1.00001936595 0.999982908867
-6.47995991984e-08 -7.07019080065e-06 1.00001906745 0.999983184833
-6.42184368737e-08 -6.97139413519e-06 1.00001876894 0.999983460798
-6.36372745491e-08 -6.87259746974e-06 1.00001847044 0.999983736764
-6.30561122244e-08 -6.77380080429e-06 1.00001817194 0.99998401273
-6.24749498998e-08 -6.67500413884e-06 1.00001787344 0.999984288695
-6.18937875752e-08 -6.57725373685e-06 1.00001758345 0.999984555806
-6.13126252505e-08 -6.47965618848e-06 1.0000172947 0.999984821624
-6.07314629259e-08 -6.38205864011e-06 1.00001700595 0.999985087441
-6.01503006012e-08 -6.28446109173e-06 1.00001671721 0.999985353258
-5.95691382766e-08 -6.18686354336e-06 1.00001642846 0.999985619076
-5.89879759519e-08 -6.08926599498e-06 1.00001613971 0.999985884893
-5.84068136273e-08 -5.99166844661e-06 1.00001585097 0.99998615071
-5.78256513026e-08 -5.89407089823e-06 1.00001556222 0.999986416528
-5.7244488978e-08 -5.79750493925e-06 1.00001527892 0.999986676636
-5.66633266533e-08 -5.70125023464e-06 1.00001499726 0.999986935021
-5.60821643287e-08 -5.60499553004e-06 1.0000147156 0.999987193406
-5.5501002004e-08 -5.50874082544e-06 1.00001443395 0.999987451791
-5.49198396794e-08 -5.41248612084e-06 1.00001415229 0.999987710176
-5.43386773547e-08 -5.31623141623e-06 1.00001387063 0.999987968561
-5.37575150301e-08 -5.21997671163e-06 1.00001358898 0.999988226946
-5.31763527054e-08 -5.12372200703e-06 1.00001330732 0.999988485331
-5.25951903808e-08 -5.02786928811e-06 1.00001302711 0.999988742198
-5.20140280561e-08 -4.9330818302e-06 1.00001275071 0.999988995039
-5.14328657315e-08 -4.8382943723e-06 1.00001247432 0.99998924788
-5.08517034068e-08 -4.74350691439e-06 1.00001219792 0.999989500721
-5.02705410822e-08 -4.64871945648e-06 1.00001192153 0.999989753562
-4.96893787575e-08 -4.55393199858e-06 1.00001164513 0.999990006404
-4.91082164329e-08 -4.45914454067e-06 1.00001136874 0.999990259245
-4.85270541082e-08 -4.36435708276e-06 1.00001109234 0.999990512086
-4.79458917836e-08 -4.26956962486e-06 1.00001081595 0.999990764927
-4.73647294589e-08 -4.17536726219e-06 1.00001054108 0.999991016162
-4.67835671343e-08 -4.08215667387e-06 1.0000102688 0.999991264675
-4.62024048096e-08 -3.98894608556e-06 1.00000999652 0.999991513188
-4.5621242485e-08 -3.89573549724e-06 1.00000972423 0.9999917617
-4.50400801603e-08 -3.80252490893e-06 1.00000945195 0.999992010213
-4.44589178357e-08 -3.70931432061e-06 1.00000917967 0.999992258725
-4.3877755511e-08 -3.6161037323e-06 1.00000890739 0.999992507238
-4.32965931864e-08 -3.52289314398e-06 1.0000086351 0.999992755751
-4.27154308617e-08 -3.42968255567e-06 1.00000836282 0.999993004263
-4.21342685371e-08 -3.33653861883e-06 1.00000809068 0.999993252631
-4.15531062124e-08 -3.24500366778e-06 1.00000782191 0.999993497493
-4.09719438878e-08 -3.15346871674e-06 1.00000755313 0.999993742355
-4.03907815631e-08 -3.06193376569e-06 1.00000728436 0.999993987217
-3.98096192385e-08 -2.97039881465e-06 1.00000701558 0.999994232079
-3.92284569138e-08 -2.8788638636e-06 1.00000674681 0.999994476941
-3.86472945892e-08 -2.78732891256e-06 1.00000647804 0.999994721803
-3.80661322645e-08 -2.69579396151e-06 1.00000620926 0.999994966665
-3.74849699399e-08 -2.60425901047e-06 1.00000594049 0.999995211527
-3.69038076152e-08 -2.51272405942e-06 1.00000567171 0.999995456389
-3.63226452906e-08 -2.42164772259e-06 1.00000540381 0.999995700371
-3.57414829659e-08 -2.33187974237e-06 1.00000513837 0.99999594184
-3.51603206413e-08 -2.24211176215e-06 1.00000487293 0.99999618331
-3.45791583166e-08 -2.15234378193e-06 1.00000460749 0.999996424779
-3.3997995992e-08 -2.06257580172e-06 1.00000434206 0.999996666249
-3.34168336673e-08 -1.9728078215e-06 1.00000407662 0.999996907718
-3.28356713427e-08 -1.88303984128e-06 1.00000381118 0.999997149188
-3.2254509018e-08 -1.79327186106e-06 1.00000354575 0.999997390657
-3.16733466934e-08 -1.70350388084e-06 1.00000328031 0.999997632127
-3.10921843687e-08 -1.61373590063e-06 1.00000301487 0.999997873596
-3.05110220441e-08 -1.52398416449e-06 1.00000274946 0.999998115036
-2.99298597194e-08 -1.43607004722e-06 1.00000248751 0.999998353054
-2.93486973948e-08 -1.34815592996e-06 1.00000222556 0.999998591073
-2.87675350701e-08 -1.2602418127e-06 1.00000196361 0.999998829092
-2.81863727455e-08 -1.17232769544e-06 1.00000170166 0.999999067111
-2.76052104208e-08 -1.08441357818e-06 1.00000143971 0.99999930513
-2.70240480962e-08 -9.96499460918e-07 1.00000117776 0.999999543148
-2.64428857715e-08 -9.08585343657e-07 1.00000091581 0.999999781167
-2.58617234469e-08 -8.20671226396e-07 1.00000065386 1.00000001919
-2.52805611222e-08 -7.32757109135e-07 1.00000039191 1.0000002572
-2.46993987976e-08 -6.44842991873e-07 1.00000012995 1.00000049522
-2.41182364729e-08 -5.5744225937e-07 0.999999869029 1.00000073225
-2.35370741483e-08 -4.71467061019e-07 0.999999610951 1.00000096654
-2.29559118236e-08 -3.85491862669e-07 0.999999352874 1.00000120082
-2.2374749499e-08 -2.99516664318e-07 0.999999094797 1.0000014351
-2.17935871743e-08 -2.13541465967e-07 0.99999883672 1.00000166939
-2.12124248497e-08 -1.27566267616e-07 0.999998578643 1.00000190367
-2.0631262525e-08 -4.15910692656e-08 0.999998320565 1.00000213795
-2.00501002004e-08 4.43841290851e-08 0.999998062488 1.00000237223
-1.94689378758e-08 1.30359327436e-07 0.999997804411 1.00000260652
-1.88877755511e-08 2.16334525787e-07 0.999997546334 1.0000028408
-1.83066132265e-08 3.02309724137e-07 0.999997288257 1.00000307508
-1.77254509018e-08 3.88277090714e-07 0.999997030197 1.00000330935
-1.71442885772e-08 4.72227914455e-07 0.999996776541 1.00000353946
-1.65631262525e-08 5.56178738196e-07 0.999996522885 1.00000376958
-1.59819639279e-08 6.40129561937e-07 0.999996269229 1.00000399969
-1.54008016032e-08 7.24080385679e-07 0.999996015574 1.0000042298
-1.48196392786e-08 8.0803120942e-07 0.999995761918 1.00000445992
-1.42384769539e-08 8.91982033161e-07 0.999995508262 1.00000469003
-1.36573146293e-08 9.75932856902e-07 0.999995254606 1.00000492014
-1.30761523046e-08 1.05988368064e-06 0.99999500095 1.00000515026
-1.249498998e-08 1.14383450438e-06 0.999994747295 1.00000538037
-1.19138276553e-08 1.22778532812e-06 0.999994493639 1.00000561048
-1.13326653307e-08 1.31173615187e-06 0.999994239983 1.0000058406
-1.0751503006e-08 1.39526210188e-06 0.999993987346 1.00000606977
-1.01703406814e-08 1.47710081697e-06 0.999993738757 1.00000629519
-9.58917835671e-09 1.55893953207e-06 0.999993490167 1.00000652061
-9.00801603206e-09 1.64077824716e-06 0.999993241577 1.00000674603
-8.42685370741e-09 1.72261696225e-06 0.999992992987 1.00000697145
-7.84569138277e-09 1.80445567735e-06 0.999992744397 1.00000719687
-7.26452905812e-09 1.88629439244e-06 0.999992495807 1.00000742229
-6.68336673347e-09 1.96813310754e-06 0.999992247217 1.00000764771
-6.10220440882e-09 2.04997182263e-06 0.999991998628 1.00000787314
-5.52104208417e-09 2.13181053772e-06 0.999991750038 1.00000809856
-4.93987975952e-09 2.21364925282e-06 0.999991501448 1.00000832398
-4.35871743487e-09 2.29548796791e-06 0.999991252858 1.0000085494
-3.77755511022e-09 2.37732668301e-06 0.999991004268 1.00000877482
-3.19639278557e-09 2.45733505593e-06 0.999990760461 1.00000899588
-2.61523046092e-09 2.53697010024e-06 0.999990517629 1.00000921605
-2.03406813627e-09 2.61660514455e-06 0.999990274797 1.00000943622
-1.45290581162e-09 2.69624018887e-06 0.999990031965 1.00000965639
-8.71743486974e-10 2.77587523318e-06 0.999989789133 1.00000987656
-2.90581162324e-10 2.85551027749e-06 0.999989546301 1.00001009673
2.90581162325e-10 2.93514532181e-06 0.99998930347 1.0000103169
8.71743486974e-10 3.01478036612e-06 0.999989060638 1.00001053707
1.45290581162e-09 3.09441541043e-06 0.999988817806 1.00001075724
2.03406813627e-09 3.17405045475e-06 0.999988574974 1.00001097741
2.61523046092e-09 3.25368549906e-06 0.999988332142 1.00001119758
3.19639278557e-09 3.33332054337e-06 0.99998808931 1.00001141775
3.77755511022e-09 3.41258373279e-06 0.99998784752 1.00001163698
4.35871743487e-09 3.49002380529e-06 0.999987610839 1.00001185162
4.93987975952e-09 3.5674638778e-06 0.999987374158 1.00001206626
5.52104208417e-09 3.64490395031e-06 0.999987137477 1.00001228089
6.10220440882e-09 3.72234402281e-06 0.999986900796 1.00001249553
6.68336673347e-09 3.79978409532e-06 0.999986664115 1.00001271017
7.26452905812e-09 3.87722416782e-06 0.999986427434 1.00001292481
7.84569138277e-09 3.95466424033e-06 0.999986190753 1.00001313945
8.42685370742e-09 4.03210431283e-06 0.999985954071 1.00001335408
9.00801603206e-09 4.10954438534e-06 0.99998571739 1.00001356872
9.58917835671e-09 4.18698445784e-06 0.999985480709 1.00001378336
1.01703406814e-08 4.26442453035e-06 0.999985244028 1.000013998
1.0751503006e-08 4.34186460285e-06 0.999985007347 1.00001421263
1.13326653307e-08 4.41763664269e-06 0.999984775583 1.0000144229
1.19138276553e-08 4.49298864425e-06 0.999984545057 1.00001463207
1.249498998e-08 4.5683406458e-06 0.999984314531 1.00001484124
1.30761523046e-08 4.64369264735e-06 0.999984084005 1.00001505041
1.36573146293e-08 4.71904464891e-06 0.999983853479 1.00001525958
1.42384769539e-08 4.79439665046e-06 0.999983622953 1.00001546875
1.48196392786e-08 4.86974865201e-06 0.999983392427 1.00001567792
1.54008016032e-08 4.94510065357e-06 0.999983161901 1.00001588708
1.59819639279e-08 5.02045265512e-06 0.999982931376 1.00001609625
1.65631262525e-08 5.09580465667e-06 0.99998270085 1.00001630542
1.71442885772e-08 5.17115665823e-06 0.999982470324 1.00001651459
1.77254509018e-08 5.24650865978e-06 0.999982239798 1.00001672376
1.83066132265e-08 5.31987966793e-06 0.9999820153 1.00001692764
1.88877755511e-08 5.39324298237e-06 0.999981790825 1.00001713149
1.94689378758e-08 5.46660629682e-06 0.999981566351 1.00001733535
2.00501002004e-08 5.53996961126e-06 0.999981341876 1.0000175392
2.06312625251e-08 5.6133329257e-06 0.999981117402 1.00001774306
2.12124248497e-08 5.68669624014e-06 0.999980892927 1.00001794691
2.17935871743e-08 5.76005955458e-06 0.999980668452 1.00001815076
2.2374749499e-08 5.83342286903e-06 0.999980443978 1.00001835462
2.29559118236e-08 5.90678618347e-06 0.999980219503 1.00001855847
2.35370741483e-08 5.98014949791e-06 0.999979995029 1.00001876233
2.41182364729e-08 6.05351281235e-06 0.999979770554 1.00001896618
2.46993987976e-08 6.12548181824e-06 0.999979550378 1.00001916631
2.52805611222e-08 6.1969486848e-06 0.999979331751 1.00001936509
2.58617234469e-08 6.26841555137e-06 0.999979113124 1.00001956387
2.64428857715e-08 6.33988241793e-06 0.999978894496 1.00001976265
2.70240480962e-08 6.41134928449e-06 0.999978675869 1.00001996144
2.76052104208e-08 6.48281615105e-06 0.999978457241 1.00002016022
2.81863727455e-08 6.55428301762e-06 0.999978238614 1.000020359
2.87675350701e-08 6.62574988418e-06 0.999978019986 1.00002055778
2.93486973948e-08 6.69721675074e-06 0.999977801359 1.00002075656
2.99298597194e-08 6.7686836173e-06 0.999977582731 1.00002095535
3.05110220441e-08 6.84015048387e-06 0.999977364104 1.00002115413
3.10921843687e-08 6.909821977e-06 0.999977150967 1.00002134821
3.16733466934e-08 6.97947759949e-06 0.999976937879 1.00002154225
3.2254509018e-08 7.04913322199e-06 0.99997672479 1.00002173629
3.28356713427e-08 7.11878884448e-06 0.999976511702 1.00002193033
3.34168336673e-08 7.18844446698e-06 0.999976298614 1.00002212437
3.3997995992e-08 7.25810008947e-06 0.999976085526 1.00002231841
3.45791583166e-08 7.32775571196e-06 0.999975872437 1.00002251245
3.51603206413e-08 7.39741133446e-06 0.999975659349 1.00002270649
3.57414829659e-08 7.46706695695e-06 0.999975446261 1.00002290053
3.63226452906e-08 7.53672257944e-06 0.999975233173 1.00002309457
3.69038076152e-08 7.60509479898e-06 0.999975023872 1.00002328542
3.74849699399e-08 7.67301715123e-06 0.999974815899 1.00002347516
3.80661322645e-08 7.74093950348e-06 0.999974607925 1.0000236649
3.86472945892e-08 7.80886185573e-06 0.999974399952 1.00002385464
3.92284569138e-08 7.87678420799e-06 0.999974191979 1.00002404437
3.98096192385e-08 7.94470656024e-06 0.999973984006 1.00002423411
4.03907815631e-08 8.01262891249e-06 0.999973776032 1.00002442385
4.09719438878e-08 8.08055126474e-06 0.999973568059 1.00002461359
4.15531062124e-08 8.148473617e-06 0.999973360086 1.00002480332
4.21342685371e-08 8.21639596925e-06 0.999973152113 1.00002499306
4.27154308617e-08 8.28272141487e-06 0.999972948506 1.00002517922
4.32965931864e-08 8.34898070938e-06 0.999972745079 1.00002536523
4.3877755511e-08 8.41524000389e-06 0.999972541653 1.00002555124
4.44589178357e-08 8.48149929841e-06 0.999972338227 1.00002573725
4.50400801603e-08 8.54775859292e-06 0.999972134801 1.00002592326
4.5621242485e-08 8.61401788744e-06 0.999971931375 1.00002610926
4.62024048096e-08 8.68027718195e-06 0.999971727949 1.00002629527
4.67835671343e-08 8.74653647646e-06 0.999971524523 1.00002648128
4.73647294589e-08 8.81279577098e-06 0.999971321097 1.00002666729
4.79458917836e-08 8.87804778248e-06 0.999971120058 1.00002685143
4.85270541082e-08 8.94270554943e-06 0.999970920428 1.00002703445
4.91082164329e-08 9.00736331639e-06 0.999970720797 1.00002721748
4.96893787575e-08 9.07202108335e-06 0.999970521167 1.00002740051
5.02705410822e-08 9.13667885031e-06 0.999970321537 1.00002758354
5.08517034068e-08 9.20133661727e-06 0.999970121906 1.00002776657
5.14328657315e-08 9.26599438422e-06 0.999969922276 1.0000279496
5.20140280561e-08 9.33065215118e-06 0.999969722646 1.00002813263
5.25951903808e-08 9.39530991814e-06 0.999969523015 1.00002831566
5.31763527054e-08 9.45884228909e-06 0.99996932542 1.00002849724
5.37575150301e-08 9.52194998189e-06 0.999969128592 1.00002867827
5.43386773547e-08 9.58505767469e-06 0.999968931765 1.00002885931
5.49198396794e-08 9.64816536749e-06 0.999968734937 1.00002904035
5.5501002004e-08 9.71127306029e-06 0.999968538109 1.00002922138
5.60821643287e-08 9.77438075309e-06 0.999968341282 1.00002940242
5.66633266533e-08 9.83748844589e-06 0.999968144454 1.00002958346
5.7244488978e-08 9.90059613869e-06 0.999967947626 1.0000297645
5.78256513026e-08 9.96335367412e-06 0.999967751144 1.00002994537
5.84068136273e-08 1.00249506841e-05 0.999967555804 1.00003012572
5.89879759519e-08 1.00865476942e-05 0.999967360464 1.00003030606
5.95691382766e-08 1.01481447042e-05 0.999967165125 1.00003048641
6.01503006012e-08 1.02097417142e-05 0.999966969785 1.00003066676
6.07314629259e-08 1.02713387242e-05 0.999966774446 1.0000308471
6.13126252505e-08 1.03329357343e-05 0.999966579106 1.00003102745
6.18937875752e-08 1.03945327443e-05 0.999966383766 1.00003120779
6.24749498998e-08 1.04559403214e-05 0.999966188394 1.00003138827
6.30561122244e-08 1.05160512543e-05 0.9999659928 1.00003156966
6.36372745491e-08 1.05761621872e-05 0.999965797205 1.00003175104
6.42184368737e-08 1.06362731201e-05 0.999965601611 1.00003193243
6.47995991984e-08 1.0696384053e-05 0.999965406017 1.00003211381
6.5380761523e-08 1.07564949859e-05 0.999965210422 1.0000322952
6.59619238477e-08 1.08166059188e-05 0.999965014828 1.00003247658
6.65430861723e-08 1.08767168517e-05 0.999964819233 1.00003265797
6.7124248497e-08 1.09362429604e-05 0.999964622625 1.00003284067
6.77054108216e-08 1.09948740033e-05 0.999964424464 1.00003302538
6.82865731463e-08 1.10535050463e-05 0.999964226303 1.0000332101
6.88677354709e-08 1.11121360892e-05 0.999964028142 1.00003339481
6.94488977956e-08 1.11707671322e-05 0.999963829981 1.00003357953
7.00300601202e-08 1.12293981751e-05 0.99996363182 1.00003376424
7.06112224449e-08 1.12880292181e-05 0.999963433659 1.00003394896
7.11923847695e-08 1.13466335617e-05 0.999963235398 1.00003413379
7.17735470942e-08 1.14037677601e-05 0.99996303161 1.00003432488
7.23547094188e-08 1.14609019584e-05 0.999962827821 1.00003451597
7.29358717435e-08 1.15180361567e-05 0.999962624033 1.00003470706
7.35170340681e-08 1.15751703551e-05 0.999962420245 1.00003489815
7.40981963928e-08 1.16323045534e-05 0.999962216456 1.00003508924
7.46793587174e-08 1.16894387518e-05 0.999962012668 1.00003528033
7.52605210421e-08 1.17465729501e-05 0.99996180888 1.00003547142
7.58416833667e-08 1.18021963911e-05 0.999961595627 1.00003567268
7.64228456914e-08 1.18577876568e-05 0.999961382173 1.00003587416
7.7004008016e-08 1.19133789226e-05 0.999961168719 1.00003607564
7.75851703407e-08 1.19689701883e-05 0.999960955265 1.00003627712
7.81663326653e-08 1.2024561454e-05 0.99996074181 1.00003647859
7.874749499e-08 1.20801527198e-05 0.999960528356 1.00003668007
7.93286573146e-08 1.21353155438e-05 0.999960310959 1.00003688568
7.99098196393e-08 1.21892812402e-05 0.999960082543 1.00003710282
8.04909819639e-08 1.22432469365e-05 0.999959854127 1.00003731997
8.10721442886e-08 1.22972126329e-05 0.999959625711 1.00003753711
8.16533066132e-08 1.23511783292e-05 0.999959397296 1.00003775425
8.22344689379e-08 1.24051440256e-05 0.99995916888 1.00003797139
8.28156312625e-08 1.24591097219e-05 0.999958940464 1.00003818854
8.33967935872e-08 1.25115737927e-05 0.999958693337 1.00003842497
8.39779559118e-08 1.25637857802e-05 0.999958443068 1.00003866465
8.45591182365e-08 1.26159977677e-05 0.9999581928 1.00003890432
8.51402805611e-08 1.26682097552e-05 0.999957942531 1.00003914399
8.57214428858e-08 1.27204217427e-05 0.999957692263 1.00003938367
8.63026052104e-08 1.27726337302e-05 0.999957441994 1.00003962334
8.68837675351e-08 1.28234057147e-05 0.999957168887 1.00003988634
8.74649298597e-08 1.28736798036e-05 0.999956887884 1.0000401574
8.80460921844e-08 1.29239538925e-05 0.99995660688 1.00004042846
8.8627254509e-08 1.29742279814e-05 0.999956325877 1.00004069952
8.92084168337e-08 1.30245020703e-05 0.999956044873 1.00004097058
8.97895791583e-08 1.30747761592e-05 0.99995576387 1.00004124164
9.0370741483e-08 1.31230559862e-05 0.999955444566 1.00004155158
9.09519038076e-08 1.31711398171e-05 0.999955121498 1.00004186534
9.15330661323e-08 1.32192236479e-05 0.99995479843 1.0000421791
9.21142284569e-08 1.32673074787e-05 0.999954475363 1.00004249286
9.26953907816e-08 1.33153913095e-05 0.999954152295 1.00004280662
9.32765531062e-08 1.33626024775e-05 0.999953809747 1.00004314006
9.38577154309e-08 1.34081619402e-05 0.99995343033 1.00004351078
9.44388777555e-08 1.34537214029e-05 0.999953050913 1.00004388149
9.50200400802e-08 1.34992808657e-05 0.999952671496 1.0000442522
9.56012024048e-08 1.35448403284e-05 0.999952292079 1.00004462291
9.61823647295e-08 1.35902924428e-05 0.999951909968 1.00004499634
9.67635270541e-08 1.36328968432e-05 0.999951456406 1.00004544179
9.73446893788e-08 1.36755012435e-05 0.999951002843 1.00004588723
9.79258517034e-08 1.37181056439e-05 0.999950549281 1.00004633267
9.85070140281e-08 1.37607100442e-05 0.999950095718 1.00004677812
9.90881763527e-08 1.38033144446e-05 0.999949642155 1.00004722356
9.96693386774e-08 1.38425232796e-05 0.999949095365 1.00004776278
1.00250501002e-07 1.38816295579e-05 0.999948545758 1.00004830483
1.00831663327e-07 1.39207358361e-05 0.999947996152 1.00004884687
1.01412825651e-07 1.39598421143e-05 0.999947446545 1.00004938892
1.01993987976e-07 1.3998374727e-05 0.999946880064 1.00004994792
1.02575150301e-07 1.40333111275e-05 0.999946207801 1.00005061317
1.03156312625e-07 1.4068247528e-05 0.999945535538 1.00005127842
1.0373747495e-07 1.41031839285e-05 0.999944863274 1.00005194366
1.04318637275e-07 1.4138120329e-05 0.999944191011 1.00005260891
1.04899799599e-07 1.41704320801e-05 0.99994343738 1.0000533558
1.05480961924e-07 1.42003817498e-05 0.999942610521 1.00005417617
1.06062124248e-07 1.42303314196e-05 0.999941783661 1.00005499653
1.06643286573e-07 1.42602810893e-05 0.999940956802 1.0000558169
1.07224448898e-07 1.42894747039e-05 0.999940105548 1.00005666173
1.07805611222e-07 1.43134597576e-05 0.999939086229 1.00005767506
1.08386773547e-07 1.43374448112e-05 0.999938066911 1.00005868839
1.08967935872e-07 1.43614298648e-05 0.999937047593 1.00005970172
1.09549098196e-07 1.43854149184e-05 0.999936028275 1.00006071505
1.10130260521e-07 1.44027859076e-05 0.999934788932 1.00006194887
1.10711422846e-07 1.44196525344e-05 0.99993353281 1.00006319949
1.1129258517e-07 1.44365191613e-05 0.999932276688 1.00006445012
1.11873747495e-07 1.44533857881e-05 0.999931020567 1.00006570075
1.1245490982e-07 1.4462432139e-05 0.999929498153 1.00006721811
1.13036072144e-07 1.4470837337e-05 0.999927953907 1.00006875734
1.13617234469e-07 1.44792425351e-05 0.999926409661 1.00007029657
1.14198396794e-07 1.44866157502e-05 0.999924829639 1.00007187163
1.14779559118e-07 1.44850162529e-05 0.999922938555 1.00007375817
1.15360721443e-07 1.44834167556e-05 0.999921047471 1.00007564472
1.15941883768e-07 1.44818172583e-05 0.999919156388 1.00007753127
1.16523046092e-07 1.44748393808e-05 0.999917076248 1.00007960709
1.17104208417e-07 1.44614832965e-05 0.999914771907 1.00008190738
1.17685370741e-07 1.44481272121e-05 0.999912467566 1.00008420766
1.18266533066e-07 1.44347711277e-05 0.999910163225 1.00008650795
1.18847695391e-07 1.44079787255e-05 0.999907381467 1.00008928613
1.19428857715e-07 1.43809003368e-05 0.999904589548 1.00009207448
1.2001002004e-07 1.43538219481e-05 0.999901797629 1.00009486282
1.20591182365e-07 1.43162391085e-05 0.999898629309 1.00009802791
1.21172344689e-07 1.42732571879e-05 0.999895267527 1.00010138664
1.21753507014e-07 1.42302752673e-05 0.999891905744 1.00010474536
1.22334669339e-07 1.41782503221e-05 0.999888217768 1.00010843054
1.22915831663e-07 1.41169702071e-05 0.999884195945 1.00011244985
1.23496993988e-07 1.40556900921e-05 0.999880174122 1.00011646915
1.24078156313e-07 1.39845190324e-05 0.999875793636 1.00012084741
1.24659318637e-07 1.3902338588e-05 0.999871013929 1.00012562519
1.25240480962e-07 1.38201581436e-05 0.999866234221 1.00013040297
1.25821643287e-07 1.37239719071e-05 0.999860944497 1.00013569116
1.26402805611e-07 1.36180913775e-05 0.999855301757 1.00014133264
1.26983967936e-07 1.3512210848e-05 0.999849659017 1.00014697411
1.27565130261e-07 1.33838895964e-05 0.999843196336 1.00015343616
1.28146292585e-07 1.32513252284e-05 0.99983657862 1.00016005336
1.2872745491e-07 1.31122793987e-05 0.999829723435 1.00016690822
1.29308617234e-07 1.29498806034e-05 0.999822012641 1.00017461937
1.29889779559e-07 1.27874818081e-05 0.999814301847 1.00018233052
1.30470941884e-07 1.26014287456e-05 0.999805722475 1.00019091097
1.31052104208e-07 1.24058984679e-05 0.999796795103 1.00019983972
1.31633266533e-07 1.21984680919e-05 0.999787429967 1.00020920662
1.32214428858e-07 1.19663859675e-05 0.99977715798 1.00021948118
1.32795591182e-07 1.1732427702e-05 0.999766816873 1.00022982493
1.33376753507e-07 1.14602755188e-05 0.999755068645 1.00024157716
1.33957915832e-07 1.11881233355e-05 0.999743320417 1.00025332939
1.34539078156e-07 1.08778709106e-05 0.999730166789 1.00026648849
1.35120240481e-07 1.05620598435e-05 0.999716808121 1.00027985285
1.35701402806e-07 1.0208495299e-05 0.999702055425 1.00029461283
1.3628256513e-07 9.84539436024e-06 0.999686950602 1.00030972535
1.36863727455e-07 9.44056709124e-06 0.999670303754 1.00032638184
1.3744488978e-07 9.02653223253e-06 0.999653316632 1.00034337903
1.38026052104e-07 8.56170258712e-06 0.999634451032 1.00036225728
1.38607214429e-07 8.08558360143e-06 0.999615167771 1.0003815538
1.39188376754e-07 7.55884209079e-06 0.99959401131 1.00040272636
1.39769539078e-07 7.00679203351e-06 0.999571917894 1.00042483742
1.40350701403e-07 6.41839547625e-06 0.999548478884 1.0004482963
1.40931863727e-07 5.77986523288e-06 0.999523183112 1.00047361531
1.41513026052e-07 5.11233520005e-06 0.999496813123 1.00050001056
1.42094188377e-07 4.39051979884e-06 0.999468431939 1.00052842096
1.42675350701e-07 3.61773458014e-06 0.999438161877 1.0005587243
1.43256513026e-07 2.80293597586e-06 0.999406334672 1.00059058826
1.43837675351e-07 1.93516196515e-06 0.999372543825 1.00062442042
1.44418837675e-07 9.95570679252e-07 0.999336090437 1.00066092183
1.45e-07 0 0.99929756079 1.00069950383
