-1.45e-07 -0.00772542495169 1.15797633361 0.864501120772
-1.44418837675e-07 -0.00792776089727 1.14891833209 0.871333974624
-1.43837675351e-07 -0.00811833975459 1.14035130993 0.877869298239
-1.43256513026e-07 -0.00829436740132 1.13240100573 0.884042474926
-1.42675350701e-07 -0.00845896672027 1.12492691674 0.889924545826
-1.42094188377e-07 -0.00861408483165 1.11784399236 0.895561765128
-1.41513026052e-07 -0.00876037958325 1.1111225919 0.900968976502
-1.40931863727e-07 -0.00889362174688 1.10492837228 0.906029148758
-1.40350701403e-07 -0.00901890248518 1.0990511527 0.910873430999
-1.39769539078e-07 -0.00913721103025 1.09345041083 0.915527556451
-1.39188376754e-07 -0.009245582933 1.0882400595 0.919907169193
-1.38607214429e-07 -0.00934600096417 1.08333831903 0.924063158253
-1.38026052104e-07 -0.00944100669955 1.07864568896 0.928066055053
-1.3744488978e-07 -0.00952727568553 1.07428812689 0.931819230901
-1.36863727455e-07 -0.00960715474704 1.07017300331 0.935386912619
-1.3628256513e-07 -0.00968289906174 1.06621458118 0.938834369033
-1.35701402806e-07 -0.00974968080687 1.06259284722 0.942017843888
-1.35120240481e-07 -0.00981270771447 1.05911089054 0.945089212529
-1.34539078156e-07 -0.00987067545188 1.05581726611 0.94800953218
-1.33957915832e-07 -0.009922355944 1.05275576036 0.950739743719
-1.33376753507e-07 -0.00997161020184 1.04978369379 0.95339641715
-1.32795591182e-07 -0.0100137002174 1.04707415276 0.955833896174
-1.32214428858e-07 -0.0100534902704 1.04444832881 0.958200232748
-1.31633266533e-07 -0.0100884712559 1.04199755166 0.960417815234
-1.31052104208e-07 -0.0101198819897 1.03967596111 0.962523840468
-1.30470941884e-07 -0.0101482762202 1.03746352023 0.964535611055
-1.29889779559e-07 -0.0101722954144 1.03540856893 0.966409398737
-1.29308617234e-07 -0.01019460156 1.03341528279 0.968229159115
-1.2872745491e-07 -0.0102121235457 1.03159345026 0.969896739084
-1.28146292585e-07 -0.0102288164813 1.02980132903 0.971537947615
-1.27565130261e-07 -0.0102406462577 1.02818284495 0.973023252558
-1.26983967936e-07 -0.0102521769784 1.02657503854 0.974498970348
-1.26402805611e-07 -0.0102590347289 1.02513357585 0.975823819179
-1.25821643287e-07 -0.0102658303701 1.02369432407 0.977146662783
-1.25240480962e-07 -0.0102683563145 1.02240670737 0.978330777608
-1.24659318637e-07 -0.0102708202746 1.021121292 0.979512878471
-1.24078156313e-07 -0.0102695797899 1.01996722043 0.980573931675
-1.23496993988e-07 -0.010268091953 1.01882191892 0.981626902317
-1.22915831663e-07 -0.0102635808934 1.01778370276 0.982580589966
-1.22334669339e-07 -0.0102584979479 1.01676574332 0.983515496814
-1.21753507014e-07 -0.0102511480949 1.01582805382 0.984375634386
-1.21172344689e-07 -0.0102428039439 1.01492557185 0.985202977084
-1.20591182365e-07 -0.0102329885161 1.01407520395 0.985981613412
-1.2001002004e-07 -0.010221694773 1.01327719942 0.986711310354
-1.19428857715e-07 -0.0102097339285 1.01250284723 0.987418855674
-1.18847695391e-07 -0.0101957804928 1.01179914311 0.988060235452
-1.18266533066e-07 -0.0101818270572 1.01109543899 0.988701615229
-1.17685370741e-07 -0.0101656024645 1.01047238953 0.989267397979
-1.17104208417e-07 -0.0101492581704 1.00985359097 0.989829196382
-1.16523046092e-07 -0.0101316393636 1.00928015574 0.990348496914
-1.15941883768e-07 -0.0101131526937 1.00873761008 0.990838859063
-1.15360721443e-07 -0.0100943130597 1.00820766379 0.991317438672
-1.14779559118e-07 -0.0100739129166 1.00773342122 0.991743925844
-1.14198396794e-07 -0.0100535127735 1.00725917866 0.992170413016
-1.13617234469e-07 -0.0100318908345 1.00682870384 0.992556095585
-1.13036072144e-07 -0.010009787362 1.00641547876 0.992925696266
-1.1245490982e-07 -0.00998739364101 1.00601269476 0.993285605364
-1.11873747495e-07 -0.00996377908609 1.00565382775 0.993604750038
-1.1129258517e-07 -0.00994016453117 1.00529496074 0.993923894713
-1.10711422846e-07 -0.00991573853516 1.00496542555 0.994215968531
-1.10130260521e-07 -0.00989078814307 1.00465484614 0.994490547731
-1.09549098196e-07 -0.00986583775098 1.00434426672 0.994765126931
-1.08967935872e-07 -0.00983975542013 1.00407483072 0.995002002158
-1.08386773547e-07 -0.00981362835346 1.00380702076 0.99523738727
-1.07805611222e-07 -0.00978723871059 1.00354881411 0.995464046093
-1.07224448898e-07 -0.00976007898448 1.00331877202 0.995665112462
-1.06643286573e-07 -0.00973291925837 1.00308872994 0.995866178831
-1.06062124248e-07 -0.0097053235941 1.00287474151 0.996052801054
-1.05480961924e-07 -0.00967726101916 1.00267794733 0.996223952906
-1.04899799599e-07 -0.00964919844423 1.00248115316 0.996395104757
-1.04318637275e-07 -0.00962062775588 1.00230321245 0.996549484207
-1.0373747495e-07 -0.00959177888134 1.00213559381 0.996694680963
-1.03156312625e-07 -0.0095629300068 1.00196797517 0.996839877719
-1.02575150301e-07 -0.0095335744723 1.00181931164 0.996968425496
-1.01993987976e-07 -0.00950404352183 1.00167721075 0.997091209058
-1.01412825651e-07 -0.00947451257135 1.00153510987 0.99721399262
-1.00831663327e-07 -0.0094445272379 1.00141016061 0.997321923819
-1.00250501002e-07 -0.00941440703129 1.00129030242 0.997425446434
-9.96693386774e-08 -0.00938428682467 1.00117044422 0.997528969049
-9.90881763527e-08 -0.00935379681737 1.00106467925 0.997620476974
-9.85070140281e-08 -0.00932316967189 1.00096414066 0.99770752933
-9.79258517034e-08 -0.00929254252642 1.00086360207 0.997794581686
-9.73446893788e-08 -0.00926164776632 1.00077336694 0.997872998168
-9.67635270541e-08 -0.00923058637197 1.00068954742 0.997946037393
-9.61823647295e-08 -0.00919952497762 1.0006057279 0.998019076619
-9.56012024048e-08 -0.00916830440824 1.00052810316 0.998087017517
-9.50200400802e-08 -0.00913687267183 1.00045869665 0.9981481948
-9.44388777555e-08 -0.00910544093543 1.00038929013 0.998209372084
-9.38577154309e-08 -0.00907395626503 1.00032196703 0.998268867501
-9.32765531062e-08 -0.00904221011903 1.00026493528 0.998320055078
-9.26953907816e-08 -0.00901046397302 1.00020790352 0.998371242655
-9.21142284569e-08 -0.00897871782701 1.00015087176 0.998422430232
-9.15330661323e-08 -0.00894675112014 1.00010262247 0.998466669049
-9.09519038076e-08 -0.00891473929236 1.00005616985 0.998509486335
-9.0370741483e-08 -0.00888272746458 1.00000971723 0.998552303621
-8.97895791583e-08 -0.00885062326439 0.999966986479 0.998592235761
-8.92084168337e-08 -0.00881838800601 0.999929536332 0.998628074451
-8.8627254509e-08 -0.00878615274764 0.999892086186 0.99866391314
-8.80460921844e-08 -0.00875391748926 0.999854636039 0.99869975183
-8.74649298597e-08 -0.00872151091079 0.999824170453 0.998730284574
-8.68837675351e-08 -0.00868908868027 0.999794342985 0.998760332558
-8.63026052104e-08 -0.00865666644975 0.999764515518 0.998790380542
-8.57214428858e-08 -0.00862419178183 0.999736850385 0.998818817014
-8.51402805611e-08 -0.00859161388342 0.999713442114 0.998844080993
-8.45591182365e-08 -0.00855903598502 0.999690033844 0.998869344973
-8.39779559118e-08 -0.00852645808662 0.999666625573 0.998894608952
-8.33967935872e-08 -0.00849379339629 0.999646834406 0.99891722238
-8.28156312625e-08 -0.00846108657235 0.999628799183 0.998938549085
-8.22344689379e-08 -0.00842837974841 0.999610763959 0.998959875789
-8.16533066132e-08 -0.00839567292448 0.999592728736 0.998981202493
-8.10721442886e-08 -0.00836286804423 0.999578817812 0.998999546171
-8.04909819639e-08 -0.00833005502111 0.999565249381 0.99901764213
-7.99098196393e-08 -0.00829724199798 0.99955168095 0.999035738089
-7.93286573146e-08 -0.00826442156197 0.999538426501 0.999053608554
-7.874749499e-08 -0.00823152154989 0.999528542576 0.999069058377
-7.81663326653e-08 -0.00819862153782 0.999518658651 0.999084508201
-7.75851703407e-08 -0.00816572152574 0.999508774726 0.999099958024
-7.7004008016e-08 -0.0081328104064 0.99949936302 0.999115068128
-7.64228456914e-08 -0.00809983955438 0.999492490815 0.999128351284
-7.58416833667e-08 -0.00806686870235 0.99948561861 0.999141634441
-7.52605210421e-08 -0.00803389785033 0.999478746404 0.999154917598
-7.46793587174e-08 -0.00800091920386 0.999472205242 0.999167959197
-7.40981963928e-08 -0.00796789101083 0.999467768405 0.999179465301
-7.35170340681e-08 -0.0079348628178 0.999463331567 0.999190971404
-7.29358717435e-08 -0.00790183462477 0.99945889473 0.999202477508
-7.23547094188e-08 -0.00786880548834 0.999454497649 0.999213953678
-7.17735470942e-08 -0.00783573117248 0.999452004527 0.999223996302
-7.11923847695e-08 -0.00780265685661 0.999449511405 0.999234038926
-7.06112224449e-08 -0.00776958254075 0.999447018283 0.999244081551
-7.00300601202e-08 -0.00773650822489 0.99944452516 0.999254124175
-6.94488977956e-08 -0.0077034041244 0.999443265471 0.99926318608
-6.88677354709e-08 -0.00767029295254 0.99944229862 0.999272015145
-6.82865731463e-08 -0.00763718178069 0.999441331768 0.999280844211
-6.77054108216e-08 -0.00760407060884 0.999440364917 0.999289673277
-6.7124248497e-08 -0.00757094490937 0.999439981041 0.999297997559
-6.65430861723e-08 -0.00753780448905 0.999440187895 0.999305810344
-6.59619238477e-08 -0.00750466406873 0.99944039475 0.999313623128
-6.5380761523e-08 -0.00747152364841 0.999440601604 0.999321435913
-6.47995991984e-08 -0.00743838129695 0.999440882018 0.999329176461
-6.42184368737e-08 -0.00740521783337 0.999441966626 0.999336127295
-6.36372745491e-08 -0.0073720543698 0.999443051233 0.999343078128
-6.30561122244e-08 -0.00733889090622 0.999444135841 0.999350028961
-6.24749498998e-08 -0.00730572744265 0.999445220449 0.999356979795
-6.18937875752e-08 -0.0072725537629 0.999446662945 0.999363509794
-6.13126252505e-08 -0.00723937228372 0.999448378669 0.999369718513
-6.07314629259e-08 -0.00720619080455 0.999450094392 0.999375927231
-6.01503006012e-08 -0.00717300932537 0.999451810116 0.999382135949
-5.95691382766e-08 -0.00713982784619 0.999453525839 0.999388344668
-5.89879759519e-08 -0.00710663317815 0.999455645022 0.999393940235
-5.84068136273e-08 -0.00707343772859 0.999457788113 0.999399499469
-5.78256513026e-08 -0.00704024227903 0.999459931203 0.999405058703
-5.7244488978e-08 -0.00700704682947 0.999462074294 0.999410617938
-5.66633266533e-08 -0.00697384910039 0.999464272753 0.999416054517
-5.60821643287e-08 -0.00694064291154 0.999466676697 0.999421035896
-5.5501002004e-08 -0.00690743672268 0.999469080642 0.999426017275
-5.49198396794e-08 -0.00687423053382 0.999471484586 0.999430998654
-5.43386773547e-08 -0.00684102434496 0.999473888531 0.999435980034
-5.37575150301e-08 -0.00680781513736 0.999476339207 0.999440768725
-5.31763527054e-08 -0.00677460077021 0.999478869756 0.999445228079
-5.25951903808e-08 -0.00674138640307 0.999481400305 0.999449687433
-5.20140280561e-08 -0.00670817203592 0.999483930854 0.999454146788
-5.14328657315e-08 -0.00667495766877 0.999486461403 0.999458606142
-5.08517034068e-08 -0.00664174076165 0.99948900029 0.999462868677
-5.02705410822e-08 -0.00660852022966 0.999491551077 0.999466850327
-4.96893787575e-08 -0.00657529969767 0.999494101864 0.999470831976
-4.91082164329e-08 -0.00654207916569 0.99949665265 0.999474813625
-4.85270541082e-08 -0.0065088586337 0.999499203437 0.999478795275
-4.79458917836e-08 -0.00647563654722 0.999501733212 0.999482627604
-4.73647294589e-08 -0.00644241141966 0.99950422188 0.999486167815
-4.67835671343e-08 -0.0064091862921 0.999506710548 0.999489708026
-4.62024048096e-08 -0.00637596116454 0.999509199217 0.999493248236
-4.5621242485e-08 -0.00634273603698 0.999511687885 0.999496788447
-4.50400801603e-08 -0.00630951041838 0.999514158573 0.999500269086
-4.44589178357e-08 -0.00627628190696 0.999516523335 0.999503398781
-4.3877755511e-08 -0.00624305339554 0.999518888097 0.999506528476
-4.32965931864e-08 -0.00620982488412 0.99952125286 0.99950965817
-4.27154308617e-08 -0.0061765963727 0.999523617622 0.999512787865
-4.21342685371e-08 -0.00614336786128 0.999525982384 0.99951591756
-4.15531062124e-08 -0.00611013731058 0.999528207578 0.999518729541
-4.09719438878e-08 -0.0060769063415 0.999530404139 0.999521476342
-4.03907815631e-08 -0.00604367537243 0.9995326007 0.999524223143
-3.98096192385e-08 -0.00601044440336 0.99953479726 0.999526969944
-3.92284569138e-08 -0.00597721343428 0.999536993821 0.999529716745
-3.86472945892e-08 -0.00594398178092 0.999539113375 0.999532324502
-3.80661322645e-08 -0.00591074905434 0.999541112154 0.999534714188
-3.74849699399e-08 -0.00587751632775 0.999543110933 0.999537103873
-3.69038076152e-08 -0.00584428360117 0.999545109711 0.999539493559
-3.63226452906e-08 -0.00581105087458 0.99954710849 0.999541883244
-3.57414829659e-08 -0.005777818148 0.999549107269 0.999544272929
-3.51603206413e-08 -0.00574458440781 0.999550929407 0.999546389875
-3.45791583166e-08 -0.00571135044649 0.999552713011 0.99954844732
-3.3997995992e-08 -0.00567811648517 0.999554496614 0.999550504766
-3.34168336673e-08 -0.00564488252385 0.999556280218 0.999552562211
-3.28356713427e-08 -0.00561164856253 0.999558063822 0.999554619657
-3.2254509018e-08 -0.00557841449801 0.999559820379 0.999556639725
-3.16733466934e-08 -0.00554517968691 0.99956138128 0.999558389405
-3.10921843687e-08 -0.00551194487581 0.999562942182 0.999560139084
-3.05110220441e-08 -0.00547871006471 0.999564503083 0.999561888763
-2.99298597194e-08 -0.0054454752536 0.999566063984 0.999563638442
-2.93486973948e-08 -0.0054122404425 0.999567624885 0.999565388121
-2.87675350701e-08 -0.00537900546709 0.999569121731 0.999567056171
-2.81863727455e-08 -0.0053457700852 0.999570460113 0.99956852228
-2.76052104208e-08 -0.00531253470331 0.999571798494 0.999569988389
-2.70240480962e-08 -0.00527929932142 0.999573136876 0.999571454498
-2.64428857715e-08 -0.00524606393952 0.999574475258 0.999572920607
-2.58617234469e-08 -0.00521282855763 0.999575813639 0.999574386716
-2.52805611222e-08 -0.00517959305772 0.999577083343 0.999575770452
-2.46993987976e-08 -0.00514635730355 0.999578205081 0.99957697672
-2.41182364729e-08 -0.00511312154937 0.99957932682 0.999578182987
-2.35370741483e-08 -0.00507988579519 0.999580448558 0.999579389255
-2.29559118236e-08 -0.00504665004101 0.999581570296 0.999580595522
-2.2374749499e-08 -0.00501341428684 0.999582692034 0.999581801789
-2.17935871743e-08 -0.00498017848451 0.999583771207 0.999582959312
-2.12124248497e-08 -0.00494694249622 0.999584685969 0.999583928557
-2.0631262525e-08 -0.00491370650793 0.999585600732 0.999584897802
-2.00501002004e-08 -0.00488047051963 0.999586515494 0.999585867048
-1.94689378758e-08 -0.00484723453134 0.999587430257 0.999586836293
-1.88877755511e-08 -0.00481399854305 0.999588345019 0.999587805538
-1.83066132265e-08 -0.00478076255475 0.999589259781 0.999588774783
-1.77254509018e-08 -0.004747526433 0.999589988893 0.999589538954
-1.71442885772e-08 -0.0047142903043 0.999590708336 0.999590292443
-1.65631262525e-08 -0.0046810541756 0.999591427779 0.999591045932
-1.59819639279e-08 -0.0046478180469 0.999592147222 0.999591799422
-1.54008016032e-08 -0.0046145819182 0.999592866665 0.999592552911
-1.48196392786e-08 -0.00458134578949 0.999593586108 0.999593306401
-1.42384769539e-08 -0.00454810961762 0.999594205027 0.999593951999
-1.36573146293e-08 -0.00451487341016 0.999594741081 0.99959450866
-1.30761523046e-08 -0.0044816372027 0.999595277136 0.99959506532
-1.249498998e-08 -0.00444840099524 0.99959581319 0.99959562198
-1.19138276553e-08 -0.00441516478777 0.999596349244 0.999596178641
-1.13326653307e-08 -0.00438192858031 0.999596885299 0.999596735301
-1.0751503006e-08 -0.00434869237285 0.999597421353 0.999597291962
-1.01703406814e-08 -0.00431545612615 0.999597785434 0.999597668382
-9.58917835671e-09 -0.00428221987925 0.999598148676 0.999598043923
-9.00801603206e-09 -0.00424898363235 0.999598511918 0.999598419464
-8.42685370741e-09 -0.00421574738546 0.999598875161 0.999598795005
-7.84569138277e-09 -0.00418251113856 0.999599238403 0.999599170545
-7.26452905812e-09 -0.00414927489167 0.999599601645 0.999599546086
-6.68336673347e-09 -0.00411603864057 0.999599917338 0.99959987281
-6.10220440882e-09 -0.00408280237906 0.999600115446 0.999600078812
-5.52104208417e-09 -0.00404956611756 0.999600313554 0.999600284814
-4.93987975952e-09 -0.00401632985605 0.999600511662 0.999600490817
-4.35871743487e-09 -0.00398309359455 0.99960070977 0.999600696819
-3.77755511022e-09 -0.00394985733304 0.999600907879 0.999600902821
-3.19639278557e-09 -0.00391662107154 0.999601105987 0.999601108823
-2.61523046092e-09 -0.00388338481104 0.999601235668 0.999601245908
-2.03406813627e-09 -0.00385014855189 0.999601271974 0.999601288951
-1.45290581162e-09 -0.00381691229275 0.999601308281 0.999601331993
-8.71743486974e-10 -0.00378367603361 0.999601344588 0.999601375036
-2.90581162324e-10 -0.00375043977447 0.999601380895 0.999601418079
2.90581162325e-10 -0.00371720351532 0.999601417202 0.999601461121
8.71743486974e-10 -0.00368396725618 0.999601453509 0.999601504164
1.45290581162e-09 -0.00365073100413 0.999601424757 0.999601482946
2.03406813627e-09 -0.00361749476288 0.999601296914 0.999601363852
2.61523046092e-09 -0.00358425852164 0.999601169071 0.999601244759
3.19639278557e-09 -0.00355102228039 0.999601041228 0.999601125666
3.77755511022e-09 -0.00351778603914 0.999600913385 0.999601006572
4.35871743487e-09 -0.00348454979789 0.999600785543 0.999600887479
4.93987975952e-09 -0.00345131355664 0.9996006577 0.999600768386
5.52104208417e-09 -0.00341807732344 0.999600494414 0.999600615034
6.10220440882e-09 -0.00338484112158 0.99960019319 0.999600328357
6.68336673347e-09 -0.00335160491971 0.999599891966 0.999600041679
7.26452905812e-09 -0.00331836871784 0.999599590742 0.999599755002
7.84569138277e-09 -0.00328513251597 0.999599289518 0.999599468324
8.42685370742e-09 -0.0032518963141 0.999598988294 0.999599181647
9.00801603206e-09 -0.00321866011223 0.99959868707 0.999598894969
9.58917835671e-09 -0.00318542391036 0.999598385847 0.999598608292
1.01703406814e-08 -0.00315218777342 0.999597923952 0.999598170314
1.0751503006e-08 -0.00311895164854 0.999597432196 0.999597704218
1.13326653307e-08 -0.00308571552366 0.999596940441 0.999597238122
1.19138276553e-08 -0.00305247939879 0.999596448686 0.999596772026
1.249498998e-08 -0.00301924327391 0.99959595693 0.999596305929
1.30761523046e-08 -0.00298600714903 0.999595465175 0.999595839833
1.36573146293e-08 -0.00295277102415 0.99959497342 0.999595373737
1.42384769539e-08 -0.00291953494456 0.9995944148 0.99959484675
1.48196392786e-08 -0.00288629896627 0.999593706599 0.999594183541
1.54008016032e-08 -0.00285306298799 0.999592998397 0.999593520332
1.59819639279e-08 -0.00281982700971 0.999592290195 0.999592857124
1.65631262525e-08 -0.00278659103142 0.999591581993 0.999592193915
1.71442885772e-08 -0.00275335505314 0.999590873791 0.999591530706
1.77254509018e-08 -0.00272011907485 0.999590165589 0.999590867498
1.83066132265e-08 -0.00268688309657 0.999589457388 0.999590204289
1.88877755511e-08 -0.00265364728228 0.999588598814 0.999589410203
1.94689378758e-08 -0.00262041157857 0.999587638843 0.999588527865
2.00501002004e-08 -0.00258717587485 0.999586678872 0.999587645527
2.06312625251e-08 -0.00255394017114 0.999585718901 0.999586763189
2.12124248497e-08 -0.00252070446743 0.99958475893 0.999585880851
2.17935871743e-08 -0.00248746876372 0.999583798959 0.999584998513
2.2374749499e-08 -0.00245423306001 0.999582838988 0.999584116175
2.29559118236e-08 -0.0024209973563 0.999581879017 0.999583233837
2.35370741483e-08 -0.00238776200898 0.999580709923 0.999582180833
2.41182364729e-08 -0.00235452681141 0.999579452963 0.999581056122
2.46993987976e-08 -0.00232129161384 0.999578196003 0.999579931411
2.52805611222e-08 -0.00228805641627 0.999576939043 0.9995788067
2.58617234469e-08 -0.0022548212187 0.999575682083 0.999577681989
2.64428857715e-08 -0.00222158602112 0.999574425122 0.999576557278
2.70240480962e-08 -0.00218835082355 0.999573168162 0.999575432566
2.76052104208e-08 -0.00215511562598 0.999571911202 0.999574307855
2.81863727455e-08 -0.00212188100354 0.999570433746 0.999573019741
2.87675350701e-08 -0.00208864672575 0.999568824159 0.999571633708
2.93486973948e-08 -0.00205541244795 0.999567214572 0.999570247676
2.99298597194e-08 -0.00202217817015 0.999565604985 0.999568861644
3.05110220441e-08 -0.00198894389235 0.999563995398 0.999567475611
3.10921843687e-08 -0.00195570961456 0.999562385811 0.999566089579
3.16733466934e-08 -0.00192247533676 0.999560776224 0.999564703546
3.2254509018e-08 -0.00188924105896 0.999559166637 0.999563317514
3.28356713427e-08 -0.00185600737014 0.999557407488 0.999561836459
3.34168336673e-08 -0.00182277474518 0.999555378186 0.999560183765
3.3997995992e-08 -0.00178954212021 0.999553348884 0.999558531072
3.45791583166e-08 -0.00175630949525 0.999551319582 0.999556878379
3.51603206413e-08 -0.00172307687028 0.99954929028 0.999555225686
3.57414829659e-08 -0.00168984424532 0.999547260978 0.999553572993
3.63226452906e-08 -0.00165661162035 0.999545231676 0.9995519203
3.69038076152e-08 -0.00162337899539 0.999543202375 0.999550267607
3.74849699399e-08 -0.00159014637042 0.999541173073 0.999548614913
3.80661322645e-08 -0.00155691637682 0.999538696573 0.999546745187
3.86472945892e-08 -0.00152368669913 0.999536166385 0.999544849404
3.92284569138e-08 -0.00149045702143 0.999533636197 0.999542953621
3.98096192385e-08 -0.00145722734374 0.999531106009 0.999541057839
4.03907815631e-08 -0.00142399766604 0.999528575821 0.999539162056
4.09719438878e-08 -0.00139076798835 0.999526045633 0.999537266273
4.15531062124e-08 -0.00135753831066 0.999523515445 0.999535370491
4.21342685371e-08 -0.00132430863296 0.999520985257 0.999533474708
4.27154308617e-08 -0.00129108015937 0.999518316377 0.999531540796
4.32965931864e-08 -0.001257855714 0.999515183517 0.999529479328
4.3877755511e-08 -0.00122463126862 0.999512050657 0.99952741786
4.44589178357e-08 -0.00119140682325 0.999508917797 0.999525356392
4.50400801603e-08 -0.00115818237788 0.999505784937 0.999523294924
4.5621242485e-08 -0.0011249579325 0.999502652077 0.999521233455
4.62024048096e-08 -0.00109173348713 0.999499519217 0.999519171987
4.67835671343e-08 -0.00105850904176 0.999496386358 0.999517110519
4.73647294589e-08 -0.00102528459638 0.999493253498 0.999515049051
4.79458917836e-08 -0.000992063523593 0.999489851519 0.99951298985
4.85270541082e-08 -0.000958848353732 0.999485978512 0.999510934616
4.91082164329e-08 -0.000925633183872 0.999482105505 0.999508879383
4.96893787575e-08 -0.000892418014011 0.999478232497 0.999506824149
5.02705410822e-08 -0.000859202844151 0.99947435949 0.999504768916
5.08517034068e-08 -0.00082598767429 0.999470486482 0.999502713682
5.14328657315e-08 -0.00079277250443 0.999466613475 0.999500658449
5.20140280561e-08 -0.000759557334569 0.999462740468 0.999498603215
5.25951903808e-08 -0.000726342164709 0.99945886746 0.999496547982
5.31763527054e-08 -0.000693131742907 0.999454721564 0.999494590753
5.37575150301e-08 -0.000659933034494 0.999449902453 0.999492875299
5.43386773547e-08 -0.000626734326082 0.999445083342 0.999491159846
5.49198396794e-08 -0.000593535617669 0.999440264232 0.999489444392
5.5501002004e-08 -0.000560336909256 0.999435445121 0.999487728939
5.60821643287e-08 -0.000527138200844 0.999430626011 0.999486013485
5.66633266533e-08 -0.000493939492431 0.9994258069 0.999484298032
5.7244488978e-08 -0.000460740784018 0.99942098779 0.999482582578
5.78256513026e-08 -0.000427542075605 0.999416168679 0.999480867124
5.84068136273e-08 -0.000394343367193 0.999411349569 0.999479151671
5.89879759519e-08 -0.000361173962442 0.999405241915 0.999478383418
5.95691382766e-08 -0.000328004565857 0.999399133902 0.999477615429
6.01503006012e-08 -0.000294835169273 0.999393025889 0.99947684744
6.07314629259e-08 -0.000261665772688 0.999386917876 0.999476079451
6.13126252505e-08 -0.000228496376103 0.999380809863 0.999475311462
6.18937875752e-08 -0.000195326979519 0.99937470185 0.999474543473
6.24749498998e-08 -0.000162157582934 0.999368593837 0.999473775484
6.30561122244e-08 -0.00012898818635 0.999362485825 0.999473007495
6.36372745491e-08 -9.58187897649e-05 0.999356377812 0.999472239506
6.42184368737e-08 -6.26752292526e-05 0.999349330733 0.999472467121
6.47995991984e-08 -2.95582986421e-05 0.999341315734 0.999473720931
6.5380761523e-08 3.55863196844e-06 0.999333300735 0.999474974741
6.59619238477e-08 3.6675562579e-05 0.999325285737 0.999476228551
6.65430861723e-08 6.97924931895e-05 0.999317270738 0.999477482361
6.7124248497e-08 0.0001029094238 0.999309255739 0.999478736172
6.77054108216e-08 0.000136026354411 0.999301240741 0.999479989982
6.82865731463e-08 0.000169143285021 0.999293225742 0.999481243792
6.88677354709e-08 0.000202260215632 0.999285210743 0.999482497602
6.94488977956e-08 0.000235377146242 0.999277195745 0.999483751412
7.00300601202e-08 0.000268422084056 0.999266839032 0.999487974544
7.06112224449e-08 0.000301444465462 0.999255748625 0.999493128008
7.11923847695e-08 0.000334466846868 0.999244658218 0.999498281473
7.17735470942e-08 0.000367489228274 0.999233567811 0.999503434937
7.23547094188e-08 0.00040051160968 0.999222477404 0.999508588401
7.29358717435e-08 0.000433533991086 0.999211386997 0.999513741866
7.35170340681e-08 0.000466556372492 0.99920029659 0.99951889533
7.40981963928e-08 0.000499578753897 0.999189206183 0.999524048794
7.46793587174e-08 0.000532601135303 0.999178115776 0.999529202259
7.52605210421e-08 0.000565623516709 0.999167025369 0.999534355723
7.58416833667e-08 0.000598508232199 0.999151659817 0.999545267027
7.64228456914e-08 0.000631358842304 0.999135235139 0.99955760478
7.7004008016e-08 0.00066420945241 0.999118810461 0.999569942532
7.75851703407e-08 0.000697060062515 0.999102385784 0.999582280285
7.81663326653e-08 0.00072991067262 0.999085961106 0.999594618038
7.874749499e-08 0.000762761282726 0.999069536429 0.99960695579
7.93286573146e-08 0.000795611892831 0.999053111751 0.999619293543
7.99098196393e-08 0.000828462502936 0.999036687074 0.999631631296
8.04909819639e-08 0.000861313113042 0.999020262396 0.999643969049
8.10721442886e-08 0.000894163723147 0.999003837718 0.999656306801
8.16533066132e-08 0.000926823139377 0.99898150146 0.999676525046
8.22344689379e-08 0.000959358818192 0.998955339327 0.999701843412
8.28156312625e-08 0.000991894497006 0.998929177194 0.999727161777
8.33967935872e-08 0.00102443017582 0.998903015062 0.999752480143
8.39779559118e-08 0.00105696585463 0.998876852929 0.999777798508
8.45591182365e-08 0.00108950153345 0.998850690796 0.999803116874
8.51402805611e-08 0.00112203721226 0.998824528663 0.999828435239
8.57214428858e-08 0.00115457289108 0.99879836653 0.999853753604
8.63026052104e-08 0.00118710856989 0.998772204398 0.99987907197
8.68837675351e-08 0.00121964424871 0.998746042265 0.999904390335
8.74649298597e-08 0.00125207911468 0.998716710461 0.99993374605
8.80460921844e-08 0.00128403159447 0.998672211886 0.999982420348
8.8627254509e-08 0.00131598407427 0.998627713311 1.00003109465
8.92084168337e-08 0.00134793655406 0.998583214737 1.00007976895
8.97895791583e-08 0.00137988903386 0.998538716162 1.00012844324
9.0370741483e-08 0.00141184151366 0.998494217587 1.00017711754
9.09519038076e-08 0.00144379399345 0.998449719012 1.00022579184
9.15330661323e-08 0.00147574647325 0.998405220437 1.00027446614
9.21142284569e-08 0.00150769895304 0.998360721862 1.00032314044
9.26953907816e-08 0.00153965143284 0.998316223287 1.00037181474
9.32765531062e-08 0.00157160391263 0.998271724712 1.00042048904
9.38577154309e-08 0.00160301816616 0.998209906094 1.00049000004
9.44388777555e-08 0.00163387912677 0.998130282592 1.00058093103
9.50200400802e-08 0.00166474008738 0.998050659089 1.00067186203
9.56012024048e-08 0.00169560104799 0.997971035586 1.00076279302
9.61823647295e-08 0.00172646200861 0.997891412084 1.00085372402
9.67635270541e-08 0.00175732296922 0.997811788581 1.00094465501
9.73446893788e-08 0.00178818392983 0.997732165078 1.00103558601
9.79258517034e-08 0.00181904489044 0.997652541576 1.001126517
9.85070140281e-08 0.00184990585105 0.997572918073 1.001217448
9.90881763527e-08 0.00188076681166 0.99749329457 1.00130837899
9.96693386774e-08 0.00191162777227 0.997413671067 1.00139930999
1.00250501002e-07 0.00194132775992 0.997295894382 1.00153372269
1.00831663327e-07 0.00197012303916 0.997148386165 1.00170201928
1.01412825651e-07 0.00199891831839 0.997000877947 1.00187031587
1.01993987976e-07 0.00202771359762 0.996853369729 1.00203861246
1.02575150301e-07 0.00205650887685 0.996705861511 1.00220690905
1.03156312625e-07 0.00208530415608 0.996558353294 1.00237520564
1.0373747495e-07 0.00211409943532 0.996410845076 1.00254350223
1.04318637275e-07 0.00214289471455 0.996263336858 1.00271179882
1.04899799599e-07 0.00217168999378 0.99611582864 1.00288009541
1.05480961924e-07 0.00220048527301 0.995968320423 1.003048392
1.06062124248e-07 0.00222928055224 0.995820812205 1.00321668858
1.06643286573e-07 0.00225659800574 0.995624056228 1.00343878585
1.07224448898e-07 0.00228143913644 0.995344778108 1.00375103436
1.07805611222e-07 0.00230628026714 0.995065499987 1.00406328287
1.08386773547e-07 0.00233112139784 0.994786221867 1.00437553138
1.08967935872e-07 0.00235596252854 0.994506943746 1.0046877799
1.09549098196e-07 0.00238080365924 0.994227665626 1.00500002841
1.10130260521e-07 0.00240564478994 0.993948387506 1.00531227692
1.10711422846e-07 0.00243048592064 0.993669109385 1.00562452543
1.1129258517e-07 0.00245532705134 0.993389831265 1.00593677394
1.11873747495e-07 0.00248016818204 0.993110553144 1.00624902246
1.1245490982e-07 0.00250500931274 0.992831275024 1.00656127097
1.13036072144e-07 0.00252985044344 0.992551996903 1.00687351948
1.13617234469e-07 0.00254762999277 0.992036538509 1.00743764193
1.14198396794e-07 0.00256481363835 0.991501149634 1.0080230192
1.14779559118e-07 0.00258199728393 0.990965760759 1.00860839647
1.15360721443e-07 0.00259918092951 0.990430371883 1.00919377374
1.15941883768e-07 0.00261636457509 0.989894983008 1.00977915101
1.16523046092e-07 0.00263354822066 0.989359594133 1.01036452828
1.17104208417e-07 0.00265073186624 0.988824205258 1.01094990555
1.17685370741e-07 0.00266791551182 0.988288816382 1.01153528282
1.18266533066e-07 0.0026850991574 0.987753427507 1.01212066008
1.18847695391e-07 0.00270228280298 0.987218038632 1.01270603735
1.19428857715e-07 0.00271946644855 0.986682649757 1.01329141462
1.2001002004e-07 0.00273363203359 0.986047375157 1.01398350869
1.20591182365e-07 0.00273581187066 0.985015420273 1.01509941159
1.21172344689e-07 0.00273799170773 0.983983465388 1.01621531449
1.21753507014e-07 0.0027401715448 0.982951510504 1.01733121738
1.22334669339e-07 0.00274235138186 0.981919555619 1.01844712028
1.22915831663e-07 0.00274453121893 0.980887600735 1.01956302318
1.23496993988e-07 0.002746711056 0.97985564585 1.02067892607
1.24078156313e-07 0.00274889089307 0.978823690966 1.02179482897
1.24659318637e-07 0.00275107073013 0.977791736081 1.02291073187
1.25240480962e-07 0.0027532505672 0.976759781197 1.02402663476
1.25821643287e-07 0.00275543040427 0.975727826312 1.02514253766
1.26402805611e-07 0.00275761024134 0.974695871428 1.02625844056
1.26983967936e-07 0.00275371282392 0.973469112852 1.02759138306
1.27565130261e-07 0.00272614855648 0.971483723916 1.02976954995
1.28146292585e-07 0.00269858428905 0.969498334979 1.03194771684
1.2872745491e-07 0.00267102002161 0.967512946043 1.03412588373
1.29308617234e-07 0.00264345575418 0.965527557107 1.03630405062
1.29889779559e-07 0.00261589148674 0.963542168171 1.03848221752
1.30470941884e-07 0.00258832721931 0.961556779235 1.04066038441
1.31052104208e-07 0.00256076295187 0.959571390299 1.0428385513
1.31633266533e-07 0.00253319868444 0.957586001363 1.04501671819
1.32214428858e-07 0.002505634417 0.955600612427 1.04719488509
1.32795591182e-07 0.00247807014957 0.953615223491 1.04937305198
1.33376753507e-07 0.00245050588213 0.951629834554 1.05155121887
1.33957915832e-07 0.0024229416147 0.949644445618 1.05372938576
1.34539078156e-07 0.00234017968965 0.946008006175 1.05796526926
1.35120240481e-07 0.0022529542208 0.942238054974 1.06236754946
1.35701402806e-07 0.00216572875195 0.938468103774 1.06676982967
1.3628256513e-07 0.00207850328311 0.934698152573 1.07117210987
1.36863727455e-07 0.00199127781426 0.930928201373 1.07557439007
1.3744488978e-07 0.00190405234541 0.927158250172 1.07997667027
1.38026052104e-07 0.00181682687656 0.923388298972 1.08437895048
1.38607214429e-07 0.00172960140771 0.919618347771 1.08878123068
1.39188376754e-07 0.00164237593886 0.91584839657 1.09318351088
1.39769539078e-07 0.00155515047001 0.91207844537 1.09758579108
1.40350701403e-07 0.00146792500116 0.908308494169 1.10198807128
1.40931863727e-07 0.00138069953231 0.904538542969 1.10639035149
1.41513026052e-07 0.00125021237484 0.899583689928 1.11249645468
1.42094188377e-07 0.0010418436457 0.892495725108 1.12166985405
1.42675350701e-07 0.000833474916558 0.885407760289 1.13084325342
1.43256513026e-07 0.000625106187418 0.878319795469 1.14001665278
1.43837675351e-07 0.000416737458279 0.871231830649 1.14919005215
1.44418837675e-07 0.000208368729139 0.86414386583 1.15836345152
1.45e-07 0 0.85705590101 1.16753685089
