-1.45e-07 0.0106444822913 1.02946491849 0.97124186464
-1.44418837675e-07 0.0105905544633 1.02734306877 0.973248902623
-1.43837675351e-07 0.0105389264126 1.02535984658 0.975129884302
-1.43256513026e-07 0.0104900865706 1.02354567796 0.976858065597
-1.42675350701e-07 0.0104433851972 1.02186107799 0.978468166502
-1.42094188377e-07 0.0103984312768 1.02028233424 0.979981336098
-1.41513026052e-07 0.0103550863712 1.01880104863 0.981404966701
-1.40931863727e-07 0.0103140654684 1.01746053394 0.982698374183
-1.40350701403e-07 0.0102744257069 1.01620371244 0.983913833192
-1.39769539078e-07 0.0102359856396 1.01501960561 0.98506143863
-1.39188376754e-07 0.01019922378 1.01393727051 0.986113655121
-1.38607214429e-07 0.0101637686438 1.01293426687 0.987091073134
-1.38026052104e-07 0.0101291935543 1.01198471886 0.988017989182
-1.3744488978e-07 0.0100960134909 1.01111998591 0.988864491303
-1.36863727455e-07 0.0100638241932 1.01031559726 0.989653482251
-1.3628256513e-07 0.0100322738458 1.00955013398 0.990405355507
-1.35701402806e-07 0.0100020716918 1.00886695851 0.991078421226
-1.35120240481e-07 0.00997241698489 1.00821727842 0.991719261153
-1.34539078156e-07 0.00994349989395 1.0076127291 0.992316680891
-1.33957915832e-07 0.00991547039587 1.00706263693 0.992861481639
-1.33376753507e-07 0.00988778115347 1.00653343336 0.993386082653
-1.32795591182e-07 0.00986107022936 1.00606443818 0.993852270935
-1.32214428858e-07 0.00983466278048 1.00561418309 0.994300208051
-1.31633266533e-07 0.00980888987792 1.00520311225 0.994709983203
-1.31052104208e-07 0.00978357166032 1.00482022298 0.99509221165
-1.30470941884e-07 0.00975863760574 1.00446114429 0.995451165903
-1.29889779559e-07 0.00973424070517 1.00413549226 0.995777332411
-1.29308617234e-07 0.00971005412763 1.00382292846 0.996090660853
-1.2872745491e-07 0.00968643314091 1.00354571302 0.996369200355
-1.28146292585e-07 0.00966291016578 1.00327462313 0.996641711259
-1.27565130261e-07 0.00963994008902 1.00303824826 0.996879945907
-1.26983967936e-07 0.00961700401226 1.00280400817 0.997116072768
-1.26402805611e-07 0.00959457817676 1.00260196292 0.997320311673
-1.25821643287e-07 0.00957215912297 1.00240034557 0.99752412675
-1.25240480962e-07 0.00955018719964 1.0022270889 0.99769976493
-1.24659318637e-07 0.00952822176743 1.00205424395 0.997874994058
-1.24078156313e-07 0.00950662785801 1.00190509493 0.998026609273
-1.23496993988e-07 0.00948505875581 1.00175752812 0.998176647747
-1.22915831663e-07 0.00946377958658 1.00162856194 0.998308094022
-1.22334669339e-07 0.00944255526232 1.00150311433 0.998436023316
-1.21753507014e-07 0.00942153849351 1.00139106481 0.998550520127
-1.21172344689e-07 0.00940061276148 1.00128489188 0.998659125259
-1.20591182365e-07 0.00937981542223 1.00118706092 0.998759341552
-1.2001002004e-07 0.00935914709001 1.00109761182 0.998851128874
-1.19428857715e-07 0.00933853414639 1.00101178605 0.99893926124
-1.18847695391e-07 0.00931808664511 1.00093678297 0.999016476473
-1.18266533066e-07 0.00929763914383 1.00086177989 0.999093691706
-1.17685370741e-07 0.00927737072575 1.00079857592 0.999158967307
-1.17104208417e-07 0.00925711174626 1.00073599382 0.999223613629
-1.16523046092e-07 0.00923694802136 1.0006797349 0.999281840735
-1.15941883768e-07 0.00921684915888 1.00062778167 0.999335696758
-1.15360721443e-07 0.00919677524905 1.00057749789 0.999387852306
-1.14779559118e-07 0.00917681165877 1.00053459502 0.999432489788
-1.14198396794e-07 0.00915684806849 1.00049169216 0.99947712727
-1.13617234469e-07 0.00913696600336 1.00045428868 0.999516143759
-1.13036072144e-07 0.00911711606887 1.00041905262 0.999552944904
-1.1245490982e-07 0.00909728437255 1.00038505743 0.999588473152
-1.11873747495e-07 0.009077529389 1.00035628162 0.999618647383
-1.1129258517e-07 0.00905777440544 1.0003275058 0.999648821614
-1.10711422846e-07 0.00903806732273 1.00030201841 0.999675609889
-1.10130260521e-07 0.00901839119608 1.00027865617 0.999700209981
-1.09549098196e-07 0.00899871506942 1.00025529393 0.999724810074
-1.08967935872e-07 0.00897910155842 1.00023627073 0.999744924829
-1.08386773547e-07 0.00895949052209 1.00021741901 0.999764862317
-1.07805611222e-07 0.00893989306032 1.00019951721 0.999783813814
-1.07224448898e-07 0.00892033541005 1.00018440131 0.999799873595
-1.06643286573e-07 0.00890077775978 1.00016928542 0.999815933376
-1.06062124248e-07 0.0088812411123 1.00015565431 0.999830445293
-1.05480961924e-07 0.00886172695982 1.00014361348 0.999843299373
-1.04899799599e-07 0.00884221280733 1.00013157265 0.999856153454
-1.04318637275e-07 0.00882272140028 1.00012115702 0.999867305589
-1.0373747495e-07 0.0088032424461 1.00011163115 0.99987752593
-1.03156312625e-07 0.00878376349192 1.00010210529 0.99988774627
-1.02575150301e-07 0.00876430554439 1.00009409712 0.99989636962
-1.01993987976e-07 0.00874485486978 1.00008661442 0.999904440058
-1.01412825651e-07 0.00872540419517 1.00007913172 0.999912510497
-1.00831663327e-07 0.00870597091112 1.00007292008 0.99991923673
-1.00250501002e-07 0.00868654278906 1.00006708572 0.999925563965
-9.96693386774e-08 0.008667114667 1.00006125137 0.999931891201
-9.90881763527e-08 0.00864769956372 1.0000563801 0.999937194545
-9.85070140281e-08 0.00862828928837 1.00005186597 0.999942118187
-9.79258517034e-08 0.00860887901302 1.00004735184 0.999947041828
-9.73446893788e-08 0.00858947737128 1.00004348447 0.999951274047
-9.67635270541e-08 0.00857008110539 1.00004001982 0.999955075742
-9.61823647295e-08 0.0085506848395 1.00003655516 0.999958877436
-9.56012024048e-08 0.00853129326078 1.00003344625 0.999962296591
-9.50200400802e-08 0.00851190790021 1.00003080927 0.999965208254
-9.44388777555e-08 0.00849252253965 1.0000281723 0.999968119917
-9.38577154309e-08 0.00847313859585 1.00002564433 0.999970913646
-9.32765531062e-08 0.00845376165032 1.00002365479 0.999973124827
-9.26953907816e-08 0.00843438470478 1.00002166525 0.999975336008
-9.21142284569e-08 0.00841500775925 1.00001967571 0.999977547189
-9.15330661323e-08 0.00839563615537 1.00001810302 0.999979304467
-9.09519038076e-08 0.00837626564425 1.0000166156 0.99998096889
-9.0370741483e-08 0.00835689513313 1.00001512818 0.999982633312
-8.97895791583e-08 0.00833752663678 1.00001380032 0.999984122815
-8.92084168337e-08 0.00831816099899 1.00001269884 0.999985364142
-8.8627254509e-08 0.00829879536119 1.00001159736 0.999986605469
-8.80460921844e-08 0.0082794297234 1.00001049588 0.999987846796
-8.74649298597e-08 0.00826006743416 1.00000966368 0.999988790831
-8.68837675351e-08 0.00824070545084 1.00000885608 0.999989707705
-8.63026052104e-08 0.00822134346753 1.00000804848 0.999990624578
-8.57214428858e-08 0.00820198239782 1.00000731552 0.999991458429
-8.51402805611e-08 0.00818262312667 1.00000672953 0.999992128839
-8.45591182365e-08 0.00816326385551 1.00000614353 0.999992799248
-8.39779559118e-08 0.00814390458436 1.00000555753 0.999993469657
-8.33967935872e-08 0.00812454665361 1.00000508287 0.999994015273
-8.28156312625e-08 0.00810518937357 1.00000466227 0.999994500307
-8.22344689379e-08 0.00808583209353 1.00000424166 0.999994985342
-8.16533066132e-08 0.00806647481349 1.00000382106 0.999995470376
-8.10721442886e-08 0.0080471188679 1.00000351322 0.999995828005
-8.04909819639e-08 0.00802776303314 1.00000321475 0.999996175054
-7.99098196393e-08 0.00800840719837 1.00000291628 0.999996522103
-7.93286573146e-08 0.00798905145195 1.0000026254 0.999996860495
-7.874749499e-08 0.00796969665389 1.0000024161 0.999997105946
-7.81663326653e-08 0.00795034185584 1.0000022068 0.999997351398
-7.75851703407e-08 0.00793098705778 1.0000019975 0.99999759685
-7.7004008016e-08 0.00791163237488 1.00000179829 0.999997830706
-7.64228456914e-08 0.00789227831131 1.00000165334 0.999998002202
-7.58416833667e-08 0.00787292424774 1.00000150839 0.999998173699
-7.52605210421e-08 0.00785357018416 1.00000136344 0.999998345195
-7.46793587174e-08 0.00783421619041 1.00000122472 0.999998509461
-7.40981963928e-08 0.00781486264049 1.00000112564 0.999998627767
-7.35170340681e-08 0.00779550909057 1.00000102656 0.999998746073
-7.29358717435e-08 0.00777615554065 1.00000092748 0.999998864379
-7.23547094188e-08 0.00775680199798 1.00000082905 0.999998981912
-7.17735470942e-08 0.00773744880244 1.00000076224 0.99999906244
-7.11923847695e-08 0.00771809560689 1.00000069543 0.999999142968
-7.06112224449e-08 0.00769874241135 1.00000062862 0.999999223496
-7.00300601202e-08 0.00767938921581 1.00000056181 0.999999304024
-6.94488977956e-08 0.00766003621506 1.0000005131 0.999999363154
-6.88677354709e-08 0.00764068326056 1.00000046869 0.999999417204
-6.82865731463e-08 0.00762133030606 1.00000042428 0.999999471254
-6.77054108216e-08 0.00760197735156 1.00000037987 0.999999525303
-6.7124248497e-08 0.0075826244773 1.00000034308 0.999999570263
-6.65430861723e-08 0.00756327168433 1.000000314 0.999999606011
-6.59619238477e-08 0.00754391889136 1.00000028491 0.999999641759
-6.5380761523e-08 0.00752456609839 1.00000025583 0.999999677508
-6.47995991984e-08 0.00750521331435 1.00000022762 0.999999712211
-6.42184368737e-08 0.00748586062797 1.00000020888 0.999999735493
-6.36372745491e-08 0.00746650794158 1.00000019013 0.999999758774
-6.30561122244e-08 0.00744715525519 1.00000017139 0.999999782055
-6.24749498998e-08 0.00742780256881 1.00000015264 0.999999805337
-6.18937875752e-08 0.00740844992165 1.00000013779 0.999999823876
-6.13126252505e-08 0.00738909730445 1.0000001259 0.999999838795
-6.07314629259e-08 0.00736974468724 1.00000011402 0.999999853714
-6.01503006012e-08 0.00735039207004 1.00000010213 0.999999868633
-5.95691382766e-08 0.00733103945284 1.00000009024 0.999999883551
-5.89879759519e-08 0.00731168687732 1.00000008259 0.999999893259
-5.84068136273e-08 0.00729233430426 1.00000007518 0.999999902659
-5.78256513026e-08 0.00727298173121 1.00000006777 0.999999912058
-5.7244488978e-08 0.00725362915816 1.00000006037 0.999999921457
-5.66633266533e-08 0.00723427659098 1.00000005357 0.999999930096
-5.60821643287e-08 0.0072149240456 1.00000004904 0.999999935913
-5.5501002004e-08 0.00719557150022 1.0000000445 0.99999994173
-5.49198396794e-08 0.00717621895485 1.00000003997 0.999999947547
-5.43386773547e-08 0.00715686640947 1.00000003544 0.999999953364
-5.37575150301e-08 0.00713751387038 1.00000003157 0.999999958338
-5.31763527054e-08 0.00711816134203 1.00000002885 0.999999961872
-5.25951903808e-08 0.00709880881368 1.00000002613 0.999999965405
-5.20140280561e-08 0.00707945628533 1.0000000234 0.999999968939
-5.14328657315e-08 0.00706010375698 1.00000002068 0.999999972472
-5.08517034068e-08 0.00704075123286 1.00000001842 0.999999975417
-5.02705410822e-08 0.00702139871479 1.00000001682 0.999999977522
-4.96893787575e-08 0.00700204619671 1.00000001522 0.999999979627
-4.91082164329e-08 0.00698269367864 1.00000001361 0.999999981731
-4.85270541082e-08 0.00696334116056 1.00000001201 0.999999983836
-4.79458917836e-08 0.00694398864454 1.00000001064 0.999999985644
-4.73647294589e-08 0.00692463613254 1.00000000971 0.999999986873
-4.67835671343e-08 0.00690528362054 1.00000000879 0.999999988101
-4.62024048096e-08 0.00688593110854 1.00000000786 0.99999998933
-4.5621242485e-08 0.00686657859654 1.00000000694 0.999999990558
-4.50400801603e-08 0.00684722608505 1.00000000607 0.99999999171
-4.44589178357e-08 0.00682787357656 1.00000000555 0.999999992412
-4.3877755511e-08 0.00680852106807 1.00000000503 0.999999993113
-4.32965931864e-08 0.00678916855958 1.00000000451 0.999999993815
-4.27154308617e-08 0.00676981605109 1.00000000398 0.999999994517
-4.21342685371e-08 0.0067504635426 1.00000000346 0.999999995219
-4.15531062124e-08 0.00673111103577 1.00000000313 0.999999995663
-4.09719438878e-08 0.00671175852927 1.00000000285 0.999999996055
-4.03907815631e-08 0.00669240602277 1.00000000256 0.999999996446
-3.98096192385e-08 0.00667305351627 1.00000000227 0.999999996838
-3.92284569138e-08 0.00665370100977 1.00000000199 0.99999999723
-3.86472945892e-08 0.0066343485037 1.00000000175 0.999999997552
-3.80661322645e-08 0.0066149959983 1.0000000016 0.999999997766
-3.74849699399e-08 0.0065956434929 1.00000000144 0.99999999798
-3.69038076152e-08 0.0065762909875 1.00000000129 0.999999998193
-3.63226452906e-08 0.0065569384821 1.00000000113 0.999999998407
-3.57414829659e-08 0.0065375859767 1.00000000098 0.999999998621
-3.51603206413e-08 0.00651823347178 1.00000000088 0.999999998752
-3.45791583166e-08 0.00649888096697 1.0000000008 0.999999998866
-3.3997995992e-08 0.00647952846217 1.00000000072 0.99999999898
-3.34168336673e-08 0.00646017595736 1.00000000063 0.999999999094
-3.28356713427e-08 0.00644082345255 1.00000000055 0.999999999208
-3.2254509018e-08 0.00642147094778 1.00000000048 0.999999999315
-3.16733466934e-08 0.00640211844328 1.00000000043 0.999999999374
-3.10921843687e-08 0.00638276593878 1.00000000039 0.999999999433
-3.05110220441e-08 0.00636341343429 1.00000000035 0.999999999492
-2.99298597194e-08 0.00634406092979 1.00000000031 0.999999999551
-2.93486973948e-08 0.00632470842529 1.00000000027 0.99999999961
-2.87675350701e-08 0.00630535592084 1.00000000023 0.999999999661
-2.81863727455e-08 0.00628600341651 1.00000000021 0.99999999969
-2.76052104208e-08 0.00626665091217 1.00000000019 0.99999999972
-2.70240480962e-08 0.00624729840783 1.00000000017 0.999999999749
-2.64428857715e-08 0.0062279459035 1.00000000015 0.999999999779
-2.58617234469e-08 0.00620859339916 1.00000000013 0.999999999809
-2.52805611222e-08 0.00618924089485 1.00000000012 0.999999999834
-2.46993987976e-08 0.00616988839059 1.0000000001 0.999999999848
-2.41182364729e-08 0.00615053588634 1.00000000009 0.999999999863
-2.35370741483e-08 0.00613118338208 1.00000000008 0.999999999878
-2.29559118236e-08 0.00611183087782 1.00000000007 0.999999999893
-2.2374749499e-08 0.00609247837357 1.00000000006 0.999999999907
-2.17935871743e-08 0.00607312586932 1.00000000005 0.99999999992
-2.12124248497e-08 0.0060537733651 1.00000000004 0.999999999927
-2.0631262525e-08 0.00603442086088 1.00000000004 0.999999999934
-2.00501002004e-08 0.00601506835666 1.00000000003 0.999999999941
-1.94689378758e-08 0.00599571585244 1.00000000003 0.999999999948
-1.88877755511e-08 0.00597636334822 1.00000000003 0.999999999955
-1.83066132265e-08 0.005957010844 1.00000000002 0.999999999962
-1.77254509018e-08 0.0059376583398 1.00000000002 0.999999999965
-1.71442885772e-08 0.0059183058356 1.00000000002 0.999999999968
-1.65631262525e-08 0.0058989533314 1.00000000002 0.999999999972
-1.59819639279e-08 0.0058796008272 1.00000000001 0.999999999975
-1.54008016032e-08 0.005860248323 1.00000000001 0.999999999978
-1.48196392786e-08 0.0058408958188 1.00000000001 0.999999999982
-1.42384769539e-08 0.0058215433146 1.00000000001 0.999999999984
-1.36573146293e-08 0.00580219081041 1.00000000001 0.999999999985
-1.30761523046e-08 0.00578283830622 1.00000000001 0.999999999987
-1.249498998e-08 0.00576348580202 1 0.999999999988
-1.19138276553e-08 0.00574413329783 1 0.99999999999
-1.13326653307e-08 0.00572478079364 1 0.999999999991
-1.0751503006e-08 0.00570542828944 1 0.999999999993
-1.01703406814e-08 0.00568607578525 1 0.999999999994
-9.58917835671e-09 0.00566672328106 1 0.999999999994
-9.00801603206e-09 0.00564737077687 1 0.999999999995
-8.42685370741e-09 0.00562801827269 1 0.999999999995
-7.84569138277e-09 0.0056086657685 1 0.999999999996
-7.26452905812e-09 0.00558931326431 1 0.999999999997
-6.68336673347e-09 0.00556996076012 1 0.999999999997
-6.10220440882e-09 0.00555060825593 1 0.999999999998
-5.52104208417e-09 0.00553125575174 1 0.999999999998
-4.93987975952e-09 0.00551190324756 1 0.999999999998
-4.35871743487e-09 0.00549255074337 0.999999999999 0.999999999999
-3.77755511022e-09 0.00547319823918 0.999999999999 0.999999999999
-3.19639278557e-09 0.00545384573499 0.999999999999 1
-2.61523046092e-09 0.00543449323081 0.999999999999 1
-2.03406813627e-09 0.00541514072662 0.999999999998 1
-1.45290581162e-09 0.00539578822243 0.999999999998 1
-8.71743486974e-10 0.00537643571824 0.999999999998 1
-2.90581162324e-10 0.00535708321405 0.999999999997 1
2.90581162325e-10 0.00533773070986 0.999999999997 1
8.71743486974e-10 0.00531837820568 0.999999999996 1
1.45290581162e-09 0.00529902570149 0.999999999996 1
2.03406813627e-09 0.0052796731973 0.999999999995 1
2.61523046092e-09 0.0052603206931 0.999999999994 1
3.19639278557e-09 0.00524096818891 0.999999999993 1
3.77755511022e-09 0.00522161568472 0.999999999992 1.00000000001
4.35871743487e-09 0.00520226318053 0.999999999991 1.00000000001
4.93987975952e-09 0.00518291067634 0.99999999999 1.00000000001
5.52104208417e-09 0.00516355817215 0.999999999989 1.00000000001
6.10220440882e-09 0.00514420566795 0.999999999987 1.00000000001
6.68336673347e-09 0.00512485316376 0.999999999985 1.00000000001
7.26452905812e-09 0.00510550065956 0.999999999983 1.00000000001
7.84569138277e-09 0.00508614815537 0.999999999981 1.00000000002
8.42685370742e-09 0.00506679565117 0.999999999979 1.00000000002
9.00801603206e-09 0.00504744314697 0.999999999977 1.00000000002
9.58917835671e-09 0.00502809064278 0.999999999975 1.00000000002
1.01703406814e-08 0.00500873813857 0.999999999971 1.00000000002
1.0751503006e-08 0.00498938563436 0.999999999966 1.00000000002
1.13326653307e-08 0.00497003313015 0.999999999961 1.00000000003
1.19138276553e-08 0.00495068062594 0.999999999957 1.00000000003
1.249498998e-08 0.00493132812173 0.999999999952 1.00000000003
1.30761523046e-08 0.00491197561752 0.999999999947 1.00000000004
1.36573146293e-08 0.00489262311331 0.999999999942 1.00000000004
1.42384769539e-08 0.00487327060908 0.999999999936 1.00000000004
1.48196392786e-08 0.00485391810484 0.999999999924 1.00000000005
1.54008016032e-08 0.00483456560059 0.999999999913 1.00000000006
1.59819639279e-08 0.00481521309635 0.999999999902 1.00000000007
1.65631262525e-08 0.0047958605921 0.999999999891 1.00000000007
1.71442885772e-08 0.00477650808786 0.99999999988 1.00000000008
1.77254509018e-08 0.00475715558361 0.999999999869 1.00000000009
1.83066132265e-08 0.00473780307936 0.999999999857 1.0000000001
1.88877755511e-08 0.00471845057507 0.999999999837 1.00000000011
1.94689378758e-08 0.00469909807073 0.999999999811 1.00000000013
2.00501002004e-08 0.0046797455664 0.999999999784 1.00000000015
2.06312625251e-08 0.00466039306207 0.999999999758 1.00000000016
2.12124248497e-08 0.00464104055773 0.999999999731 1.00000000018
2.17935871743e-08 0.0046216880534 0.999999999705 1.0000000002
2.2374749499e-08 0.00460233554907 0.999999999678 1.00000000022
2.29559118236e-08 0.00458298304473 0.999999999652 1.00000000023
2.35370741483e-08 0.00456363054024 0.9999999996 1.00000000027
2.41182364729e-08 0.00454427803569 0.999999999537 1.00000000032
2.46993987976e-08 0.00452492553114 0.999999999474 1.00000000036
2.52805611222e-08 0.00450557302658 0.999999999411 1.00000000041
2.58617234469e-08 0.00448622052203 0.999999999348 1.00000000045
2.64428857715e-08 0.00446686801748 0.999999999285 1.00000000049
2.70240480962e-08 0.00444751551292 0.999999999222 1.00000000054
2.76052104208e-08 0.00442816300837 0.99999999916 1.00000000058
2.81863727455e-08 0.00440881050347 0.999999999042 1.00000000067
2.87675350701e-08 0.00438945799837 0.999999998893 1.00000000077
2.93486973948e-08 0.00437010549326 0.999999998743 1.00000000088
2.99298597194e-08 0.00435075298816 0.999999998594 1.00000000099
3.05110220441e-08 0.00433140048306 0.999999998444 1.0000000011
3.10921843687e-08 0.00431204797795 0.999999998294 1.00000000121
3.16733466934e-08 0.00429269547285 0.999999998145 1.00000000131
3.2254509018e-08 0.00427334296775 0.999999997995 1.00000000142
3.28356713427e-08 0.00425399046215 0.999999997772 1.00000000158
3.34168336673e-08 0.00423463795567 0.999999997416 1.00000000184
3.3997995992e-08 0.00421528544918 0.999999997059 1.0000000021
3.45791583166e-08 0.0041959329427 0.999999996703 1.00000000236
3.51603206413e-08 0.00417658043621 0.999999996347 1.00000000262
3.57414829659e-08 0.00415722792973 0.99999999599 1.00000000288
3.63226452906e-08 0.00413787542324 0.999999995634 1.00000000314
3.69038076152e-08 0.00411852291676 0.999999995278 1.0000000034
3.74849699399e-08 0.00409917041027 0.999999994921 1.00000000366
3.80661322645e-08 0.00407981790069 0.999999994125 1.00000000426
3.86472945892e-08 0.00406046539073 0.999999993276 1.00000000489
3.92284569138e-08 0.00404111288078 0.999999992427 1.00000000552
3.98096192385e-08 0.00402176037083 0.999999991578 1.00000000616
4.03907815631e-08 0.00400240786087 0.999999990729 1.00000000679
4.09719438878e-08 0.00398305535092 0.99999998988 1.00000000742
4.15531062124e-08 0.00396370284096 0.999999989031 1.00000000806
4.21342685371e-08 0.00394435033101 0.999999988183 1.00000000869
4.27154308617e-08 0.00392499781904 0.999999987064 1.00000000953
4.32965931864e-08 0.00390564530036 0.999999985041 1.00000001107
4.3877755511e-08 0.00388629278168 0.999999983019 1.00000001261
4.44589178357e-08 0.003866940263 0.999999980996 1.00000001415
4.50400801603e-08 0.00384758774432 0.999999978974 1.00000001569
4.5621242485e-08 0.00382823522563 0.999999976951 1.00000001723
4.62024048096e-08 0.00380888270695 0.999999974929 1.00000001877
4.67835671343e-08 0.00378953018827 0.999999972907 1.00000002031
4.73647294589e-08 0.00377017766959 0.999999970884 1.00000002185
4.79458917836e-08 0.00375082514292 0.999999967846 1.00000002419
4.85270541082e-08 0.00373147260227 0.99999996303 1.00000002794
4.91082164329e-08 0.00371212006162 0.999999958214 1.00000003168
4.96893787575e-08 0.00369276752097 0.999999953398 1.00000003542
5.02705410822e-08 0.00367341498032 0.999999948582 1.00000003917
5.08517034068e-08 0.00365406243967 0.999999943766 1.00000004291
5.14328657315e-08 0.00363470989902 0.99999993895 1.00000004666
5.20140280561e-08 0.00361535735837 0.999999934134 1.0000000504
5.25951903808e-08 0.00359600481772 0.999999929318 1.00000005415
5.31763527054e-08 0.00357665226112 0.999999922586 1.00000005943
5.37575150301e-08 0.00355729966517 0.999999911128 1.00000006853
5.43386773547e-08 0.00353794706922 0.99999989967 1.00000007763
5.49198396794e-08 0.00351859447327 0.999999888212 1.00000008673
5.5501002004e-08 0.00349924187732 0.999999876754 1.00000009583
5.60821643287e-08 0.00347988928137 0.999999865296 1.00000010493
5.66633266533e-08 0.00346053668542 0.999999853838 1.00000011403
5.7244488978e-08 0.00344118408947 0.99999984238 1.00000012313
5.78256513026e-08 0.00342183149352 0.999999830922 1.00000013223
5.84068136273e-08 0.00340247889757 0.999999819464 1.00000014133
5.89879759519e-08 0.00338312616251 0.99999979224 1.00000016342
5.95691382766e-08 0.00336377342742 0.999999765012 1.00000018551
6.01503006012e-08 0.00334442069232 0.999999737783 1.0000002076
6.07314629259e-08 0.00332506795722 0.999999710555 1.00000022969
6.13126252505e-08 0.00330571522212 0.999999683327 1.00000025178
6.18937875752e-08 0.00328636248702 0.999999656098 1.00000027387
6.24749498998e-08 0.00326700975193 0.99999962887 1.00000029596
6.30561122244e-08 0.00324765701683 0.999999601642 1.00000031806
6.36372745491e-08 0.00322830428173 0.999999574413 1.00000034015
6.42184368737e-08 0.00320895137433 0.999999528774 1.00000037774
6.47995991984e-08 0.00318959828933 0.999999464158 1.0000004313
6.5380761523e-08 0.00317024520434 0.999999399541 1.00000048487
6.59619238477e-08 0.00315089211934 0.999999334925 1.00000053844
6.65430861723e-08 0.00313153903434 0.999999270309 1.000000592
6.7124248497e-08 0.00311218594934 0.999999205693 1.00000064557
6.77054108216e-08 0.00309283286435 0.999999141077 1.00000069913
6.82865731463e-08 0.00307347977935 0.999999076461 1.0000007527
6.88677354709e-08 0.00305412669435 0.999999011844 1.00000080626
6.94488977956e-08 0.00303477360936 0.999998947228 1.00000085983
7.00300601202e-08 0.00301541985508 0.999998815224 1.00000097137
7.06112224449e-08 0.00299606589111 0.999998662106 1.00000110107
7.11923847695e-08 0.00297671192714 0.999998508989 1.00000123077
7.17735470942e-08 0.00295735796316 0.999998355871 1.00000136047
7.23547094188e-08 0.00293800399919 0.999998202753 1.00000149017
7.29358717435e-08 0.00291865003522 0.999998049635 1.00000161987
7.35170340681e-08 0.00289929607125 0.999997896517 1.00000174957
7.40981963928e-08 0.00287994210728 0.999997743399 1.00000187927
7.46793587174e-08 0.0028605881433 0.999997590282 1.00000200897
7.52605210421e-08 0.00284123417933 0.999997437164 1.00000213867
7.58416833667e-08 0.00282187844783 0.999997116375 1.00000241573
7.64228456914e-08 0.00280252227844 0.999996754047 1.0000027293
7.7004008016e-08 0.00278316610905 0.99999639172 1.00000304288
7.75851703407e-08 0.00276380993966 0.999996029392 1.00000335645
7.81663326653e-08 0.00274445377028 0.999995667065 1.00000367002
7.874749499e-08 0.00272509760089 0.999995304737 1.00000398359
7.93286573146e-08 0.0027057414315 0.999994942409 1.00000429716
7.99098196393e-08 0.00268638526211 0.999994580082 1.00000461073
8.04909819639e-08 0.00266702909272 0.999994217754 1.00000492431
8.10721442886e-08 0.00264767292333 0.999993855427 1.00000523788
8.16533066132e-08 0.00262831339882 0.999993193163 1.00000582065
8.22344689379e-08 0.00260895170293 0.999992336785 1.00000657764
8.28156312625e-08 0.00258959000704 0.999991480408 1.00000733463
8.33967935872e-08 0.00257022831115 0.99999062403 1.00000809162
8.39779559118e-08 0.00255086661526 0.999989767653 1.00000884861
8.45591182365e-08 0.00253150491937 0.999988911275 1.00000960561
8.51402805611e-08 0.00251214322348 0.999988054898 1.0000103626
8.57214428858e-08 0.0024927815276 0.99998719852 1.00001111959
8.63026052104e-08 0.00247341983171 0.999986342143 1.00001187658
8.68837675351e-08 0.00245405813582 0.999985485766 1.00001263357
8.74649298597e-08 0.00243469404896 0.999984427806 1.0000135752
8.80460921844e-08 0.00241531852142 0.999982405285 1.00001540033
8.8627254509e-08 0.00239594299388 0.999980382764 1.00001722545
8.92084168337e-08 0.00237656746633 0.999978360243 1.00001905057
8.97895791583e-08 0.00235719193879 0.999976337722 1.00002087569
9.0370741483e-08 0.00233781641125 0.999974315201 1.00002270081
9.09519038076e-08 0.00231844088371 0.99997229268 1.00002452594
9.15330661323e-08 0.00229906535616 0.999970270159 1.00002635106
9.21142284569e-08 0.00227968982862 0.999968247638 1.00002817618
9.26953907816e-08 0.00226031430108 0.999966225117 1.0000300013
9.32765531062e-08 0.00224093877353 0.999964202596 1.00003182642
9.38577154309e-08 0.00222154619373 0.999960822461 1.00003491944
9.44388777555e-08 0.00220213608431 0.999956046708 1.00003931584
9.50200400802e-08 0.0021827259749 0.999951270954 1.00004371225
9.56012024048e-08 0.00216331586548 0.999946495201 1.00004810865
9.61823647295e-08 0.00214390575607 0.999941719447 1.00005250506
9.67635270541e-08 0.00212449564665 0.999936943694 1.00005690146
9.73446893788e-08 0.00210508553724 0.99993216794 1.00006129787
9.79258517034e-08 0.00208567542782 0.999927392187 1.00006569427
9.85070140281e-08 0.00206626531841 0.999922616433 1.00007009067
9.90881763527e-08 0.00204685520899 0.99991784068 1.00007448708
9.96693386774e-08 0.00202744509958 0.999913064926 1.00007888348
1.00250501002e-07 0.00200798642901 0.999904631598 1.00008675883
1.00831663327e-07 0.00198848991631 0.999893348041 1.00009734519
1.01412825651e-07 0.00196899340361 0.999882064485 1.00010793156
1.01993987976e-07 0.00194949689092 0.999870780928 1.00011851793
1.02575150301e-07 0.00193000037822 0.999859497371 1.0001291043
1.03156312625e-07 0.00191050386552 0.999848213814 1.00013969067
1.0373747495e-07 0.00189100735282 0.999836930257 1.00015027703
1.04318637275e-07 0.00187151084013 0.9998256467 1.0001608634
1.04899799599e-07 0.00185201432743 0.999814363144 1.00017144977
1.05480961924e-07 0.00183251781473 0.999803079587 1.00018203614
1.06062124248e-07 0.00181302130203 0.99979179603 1.00019262251
1.06643286573e-07 0.0017934441177 0.999774750943 1.00020878327
1.07224448898e-07 0.00177373175571 0.999748051531 1.00023428476
1.07805611222e-07 0.00175401939372 0.99972135212 1.00025978626
1.08386773547e-07 0.00173430703173 0.999694652709 1.00028528776
1.08967935872e-07 0.00171459466974 0.999667953297 1.00031078926
1.09549098196e-07 0.00169488230775 0.999641253886 1.00033629076
1.10130260521e-07 0.00167516994576 0.999614554475 1.00036179226
1.10711422846e-07 0.00165545758376 0.999587855063 1.00038729376
1.1129258517e-07 0.00163574522177 0.999561155652 1.00041279526
1.11873747495e-07 0.00161603285978 0.999534456241 1.00043829676
1.1245490982e-07 0.00159632049779 0.999507756829 1.00046379826
1.13036072144e-07 0.0015766081358 0.999481057418 1.00048929976
1.13617234469e-07 0.00155639823117 0.999420574825 1.00054801237
1.14198396794e-07 0.00153614634053 0.999357241381 1.00060952755
1.14779559118e-07 0.0015158944499 0.999293907936 1.00067104273
1.15360721443e-07 0.00149564255926 0.999230574491 1.00073255792
1.15941883768e-07 0.00147539066863 0.999167241046 1.0007940731
1.16523046092e-07 0.001455138778 0.999103907601 1.00085558829
1.17104208417e-07 0.00143488688736 0.999040574156 1.00091710347
1.17685370741e-07 0.00141463499673 0.998977240711 1.00097861866
1.18266533066e-07 0.00139438310609 0.998913907267 1.00104013384
1.18847695391e-07 0.00137413121546 0.998850573822 1.00110164902
1.19428857715e-07 0.00135387932483 0.998787240377 1.00116316421
1.2001002004e-07 0.0013333557768 0.998706325374 1.00124223483
1.20591182365e-07 0.0013117533846 0.998555588005 1.00139102411
1.21172344689e-07 0.0012901509924 0.998404850636 1.00153981339
1.21753507014e-07 0.0012685486002 0.998254113268 1.00168860267
1.22334669339e-07 0.00124694620799 0.998103375899 1.00183739195
1.22915831663e-07 0.00122534381579 0.99795263853 1.00198618123
1.23496993988e-07 0.00120374142359 0.997801901162 1.00213497051
1.24078156313e-07 0.00118213903139 0.997651163793 1.00228375979
1.24659318637e-07 0.00116053663919 0.997500426424 1.00243254907
1.25240480962e-07 0.00113893424698 0.997349689056 1.00258133835
1.25821643287e-07 0.00111733185478 0.997198951687 1.00273012763
1.26402805611e-07 0.00109572946258 0.997048214318 1.00287891691
1.26983967936e-07 0.00107343471166 0.996854696379 1.00307117826
1.27565130261e-07 0.00104844368564 0.99649457667 1.00343273431
1.28146292585e-07 0.00102345265962 0.996134456961 1.00379429035
1.2872745491e-07 0.000998461633606 0.995774337252 1.0041558464
1.29308617234e-07 0.000973470607587 0.995414217543 1.00451740244
1.29889779559e-07 0.000948479581569 0.995054097833 1.00487895849
1.30470941884e-07 0.000923488555551 0.994693978124 1.00524051453
1.31052104208e-07 0.000898497529532 0.994333858415 1.00560207058
1.31633266533e-07 0.000873506503514 0.993973738706 1.00596362663
1.32214428858e-07 0.000848515477496 0.993613618997 1.00632518267
1.32795591182e-07 0.000823524451477 0.993253499288 1.00668673872
1.33376753507e-07 0.000798533425459 0.992893379579 1.00704829476
1.33957915832e-07 0.000773542399441 0.99253325987 1.00740985081
1.34539078156e-07 0.000740657107624 0.991708025586 1.00825623524
1.35120240481e-07 0.000707133448118 0.990845179936 1.00914182519
1.35701402806e-07 0.000673609788611 0.989982334286 1.01002741513
1.3628256513e-07 0.000640086129105 0.989119488636 1.01091300508
1.36863727455e-07 0.000606562469598 0.988256642986 1.01179859503
1.3744488978e-07 0.000573038810092 0.987393797336 1.01268418498
1.38026052104e-07 0.000539515150585 0.986530951687 1.01356977492
1.38607214429e-07 0.000505991491079 0.985668106037 1.01445536487
1.39188376754e-07 0.000472467831572 0.984805260387 1.01534095482
1.39769539078e-07 0.000438944172066 0.983942414737 1.01622654476
1.40350701403e-07 0.000405420512559 0.983079569087 1.01711213471
1.40931863727e-07 0.000371896853053 0.982216723437 1.01799772466
1.41513026052e-07 0.000330664206136 0.980919728569 1.01934775582
1.42094188377e-07 0.000275553505113 0.978841159414 1.02153389425
1.42675350701e-07 0.000220442804091 0.976762590259 1.02372003268
1.43256513026e-07 0.000165332103068 0.974684021104 1.02590617111
1.43837675351e-07 0.000110221402045 0.972605451948 1.02809230953
1.44418837675e-07 5.51107010226e-05 0.970526882793 1.03027844796
1.45e-07 0 0.968448313638 1.03246458639
