-1.45e-07 0 	0 	339656.147149 	
-1.44418837675e-07 0 	0 	322428.369214 	
-1.43837675351e-07 0 	0 	305771.740781 	
-1.43256513026e-07 0 	0 	290400.524204 	
-1.42675350701e-07 0 	0 	276024.704979 	
-1.42094188377e-07 0 	0 	262467.350852 	
-1.41513026052e-07 0 	0 	249666.941556 	
-1.40931863727e-07 0 	0 	237970.811985 	
-1.40350701403e-07 0 	0 	226938.203688 	
-1.39769539078e-07 0 	0 	216483.951232 	
-1.39188376754e-07 0 	0 	206845.226817 	
-1.38607214429e-07 0 	0 	197849.128311 	
-1.38026052104e-07 0 	0 	189287.7625 	
-1.3744488978e-07 0 	0 	181421.015708 	
-1.36863727455e-07 0 	0 	174054.001663 	
-1.3628256513e-07 0 	0 	167009.743163 	
-1.35701402806e-07 0 	0 	160654.674975 	
-1.35120240481e-07 0 	0 	154583.380816 	
-1.34539078156e-07 0 	0 	148894.436386 	
-1.33957915832e-07 0 	0 	143672.27786 	
-1.33376753507e-07 0 	0 	138629.592018 	
-1.32795591182e-07 0 	0 	134109.175653 	
-1.32214428858e-07 0 	0 	129753.307606 	
-1.31633266533e-07 0 	0 	125741.499045 	
-1.31052104208e-07 0 	0 	121980.238122 	
-1.30470941884e-07 0 	0 	118430.664728 	
-1.29889779559e-07 0 	0 	115182.080872 	
-1.29308617234e-07 0 	0 	112051.349682 	
-1.2872745491e-07 0 	0 	109243.097427 	
-1.28146292585e-07 0 	0 	106490.727749 	
-1.27565130261e-07 0 	0 	104059.33603 	
-1.26983967936e-07 0 	0 	101647.682563 	
-1.26402805611e-07 0 	0 	99537.838411 	
-1.25821643287e-07 0 	0 	97432.0056597 	
-1.25240480962e-07 0 	0 	95595.839569 	
-1.24659318637e-07 0 	0 	93763.5883009 	
-1.24078156313e-07 0 	0 	92159.9686884 	
-1.23496993988e-07 0 	0 	90571.6152072 	
-1.22915831663e-07 0 	0 	89165.4592277 	
-1.22334669339e-07 0 	0 	87793.7685144 	
-1.21753507014e-07 0 	0 	86555.3757566 	
-1.21172344689e-07 0 	0 	85375.4493877 	
-1.20591182365e-07 0 	0 	84279.8644013 	
-1.2001002004e-07 0 	0 	83269.0242917 	
-1.19428857715e-07 0 	0 	82295.4330831 	
-1.18847695391e-07 0 	0 	81433.1020662 	
-1.18266533066e-07 0 	0 	80570.7710493 	
-1.17685370741e-07 0 	0 	79831.8470158 	
-1.17104208417e-07 0 	0 	79099.4271538 	
-1.16523046092e-07 0 	0 	78434.3326521 	
-1.15941883768e-07 0 	0 	77815.0824942 	
-1.15360721443e-07 0 	0 	77213.9395261 	
-1.14779559118e-07 0 	0 	76692.851253 	
-1.14198396794e-07 0 	0 	76171.76298 	
-1.13617234469e-07 0 	0 	75711.4768326 	
-1.13036072144e-07 0 	0 	75275.1539863 	
-1.1245490982e-07 0 	0 	74852.8260623 	
-1.11873747495e-07 0 	0 	74489.3631276 	
-1.1129258517e-07 0 	0 	74125.900193 	
-1.10711422846e-07 0 	0 	73800.297328 	
-1.10130260521e-07 0 	0 	73499.1616394 	
-1.09549098196e-07 0 	0 	73198.0259508 	
-1.08967935872e-07 0 	0 	72947.9258907 	
-1.08386773547e-07 0 	0 	72699.8428304 	
-1.07805611222e-07 0 	0 	72463.182978 	
-1.07224448898e-07 0 	0 	72260.0250976 	
-1.06643286573e-07 0 	0 	72056.8672173 	
-1.06062124248e-07 0 	0 	71871.9795058 	
-1.05480961924e-07 0 	0 	71706.660021 	
-1.04899799599e-07 0 	0 	71541.3405362 	
-1.04318637275e-07 0 	0 	71396.4999878 	
-1.0373747495e-07 0 	0 	71262.8714188 	
-1.03156312625e-07 0 	0 	71129.2428499 	
-1.02575150301e-07 0 	0 	71015.2147988 	
-1.01993987976e-07 0 	0 	70907.9728454 	
-1.01412825651e-07 0 	0 	70800.730892 	
-1.00831663327e-07 0 	0 	70710.3262412 	
-1.00250501002e-07 0 	0 	70624.9193581 	
-9.96693386774e-08 0 	0 	70539.5124749 	
-9.90881763527e-08 0 	0 	70467.2011045 	
-9.85070140281e-08 0 	0 	70399.74612 	
-9.79258517034e-08 0 	0 	70332.2911356 	
-9.73446893788e-08 0 	0 	70273.8698478 	
-9.67635270541e-08 0 	0 	70221.0735271 	
-9.61823647295e-08 0 	0 	70168.2772064 	
-9.56012024048e-08 0 	0 	70120.5882731 	
-9.50200400802e-08 0 	0 	70079.6749743 	
-9.44388777555e-08 0 	0 	70038.7616754 	
-9.38577154309e-08 0 	0 	69999.4576956 	
-9.32765531062e-08 0 	0 	69968.1031946 	
-9.26953907816e-08 0 	0 	69936.7486935 	
-9.21142284569e-08 0 	0 	69905.3941925 	
-9.15330661323e-08 0 	0 	69880.3703566 	
-9.09519038076e-08 0 	0 	69856.6416068 	
-9.0370741483e-08 0 	0 	69832.9128569 	
-8.97895791583e-08 0 	0 	69811.6768317 	
-8.92084168337e-08 0 	0 	69793.9774903 	
-8.8627254509e-08 0 	0 	69776.2781488 	
-8.80460921844e-08 0 	0 	69758.5788074 	
-8.74649298597e-08 0 	0 	69745.2052576 	
-8.68837675351e-08 0 	0 	69732.2269186 	
-8.63026052104e-08 0 	0 	69719.2485796 	
-8.57214428858e-08 0 	0 	69707.5021402 	
-8.51402805611e-08 0 	0 	69698.1808706 	
-8.45591182365e-08 0 	0 	69688.859601 	
-8.39779559118e-08 0 	0 	69679.5383315 	
-8.33967935872e-08 0 	0 	69672.101436 	
-8.28156312625e-08 0 	0 	69665.5793202 	
-8.22344689379e-08 0 	0 	69659.0572043 	
-8.16533066132e-08 0 	0 	69652.5350885 	
-8.10721442886e-08 0 	0 	69647.9644916 	
-8.04909819639e-08 0 	0 	69643.5559543 	
-7.99098196393e-08 0 	0 	69639.1474171 	
-7.93286573146e-08 0 	0 	69634.8727543 	
-7.874749499e-08 0 	0 	69632.0352089 	
-7.81663326653e-08 0 	0 	69629.1976635 	
-7.75851703407e-08 0 	0 	69626.3601181 	
-7.7004008016e-08 0 	0 	69623.7022661 	
-7.64228456914e-08 0 	0 	69622.0107694 	
-7.58416833667e-08 0 	0 	69620.3192726 	
-7.52605210421e-08 0 	0 	69618.6277759 	
-7.46793587174e-08 0 	0 	69617.0473457 	
-7.40981963928e-08 0 	0 	69616.1729264 	
-7.35170340681e-08 0 	0 	69615.2985071 	
-7.29358717435e-08 0 	0 	69614.4240878 	
-7.23547094188e-08 0 	0 	69613.5612388 	
-7.17735470942e-08 0 	0 	69613.2524913 	
-7.11923847695e-08 0 	0 	69612.9437438 	
-7.06112224449e-08 0 	0 	69612.6349964 	
-7.00300601202e-08 0 	0 	69612.3262489 	
-6.94488977956e-08 0 	0 	69612.3215889 	
-6.88677354709e-08 0 	0 	69612.3891243 	
-6.82865731463e-08 0 	0 	69612.4566596 	
-6.77054108216e-08 0 	0 	69612.524195 	
-6.7124248497e-08 0 	0 	69612.7089591 	
-6.65430861723e-08 0 	0 	69613.0125113 	
-6.59619238477e-08 0 	0 	69613.3160636 	
-6.5380761523e-08 0 	0 	69613.6196158 	
-6.47995991984e-08 0 	0 	69613.9344149 	
-6.42184368737e-08 0 	0 	69614.3721702 	
-6.36372745491e-08 0 	0 	69614.8099255 	
-6.30561122244e-08 0 	0 	69615.2476809 	
-6.24749498998e-08 0 	0 	69615.6854362 	
-6.18937875752e-08 0 	0 	69616.1584139 	
-6.13126252505e-08 0 	0 	69616.6582819 	
-6.07314629259e-08 0 	0 	69617.1581498 	
-6.01503006012e-08 0 	0 	69617.6580177 	
-5.95691382766e-08 0 	0 	69618.1578857 	
-5.89879759519e-08 0 	0 	69618.6697413 	
-5.84068136273e-08 0 	0 	69619.1823073 	
-5.78256513026e-08 0 	0 	69619.6948734 	
-5.7244488978e-08 0 	0 	69620.2074394 	
-5.66633266533e-08 0 	0 	69620.7158214 	
-5.60821643287e-08 0 	0 	69621.208676 	
-5.5501002004e-08 0 	0 	69621.7015306 	
-5.49198396794e-08 0 	0 	69622.1943852 	
-5.43386773547e-08 0 	0 	69622.6872397 	
-5.37575150301e-08 0 	0 	69623.1654978 	
-5.31763527054e-08 0 	0 	69623.6188079 	
-5.25951903808e-08 0 	0 	69624.0721181 	
-5.20140280561e-08 0 	0 	69624.5254282 	
-5.14328657315e-08 0 	0 	69624.9787383 	
-5.08517034068e-08 0 	0 	69625.4113227 	
-5.02705410822e-08 0 	0 	69625.8143287 	
-4.96893787575e-08 0 	0 	69626.2173347 	
-4.91082164329e-08 0 	0 	69626.6203407 	
-4.85270541082e-08 0 	0 	69627.0233466 	
-4.79458917836e-08 0 	0 	69627.407863 	
-4.73647294589e-08 0 	0 	69627.7562075 	
-4.67835671343e-08 0 	0 	69628.104552 	
-4.62024048096e-08 0 	0 	69628.4528965 	
-4.5621242485e-08 0 	0 	69628.8012409 	
-4.50400801603e-08 0 	0 	69629.1416535 	
-4.44589178357e-08 0 	0 	69629.4353376 	
-4.3877755511e-08 0 	0 	69629.7290217 	
-4.32965931864e-08 0 	0 	69630.0227057 	
-4.27154308617e-08 0 	0 	69630.3163898 	
-4.21342685371e-08 0 	0 	69630.6100739 	
-4.15531062124e-08 0 	0 	69630.8607645 	
-4.09719438878e-08 0 	0 	69631.1026348 	
-4.03907815631e-08 0 	0 	69631.3445051 	
-3.98096192385e-08 0 	0 	69631.5863754 	
-3.92284569138e-08 0 	0 	69631.8282457 	
-3.86472945892e-08 0 	0 	69632.0517222 	
-3.80661322645e-08 0 	0 	69632.2463501 	
-3.74849699399e-08 0 	0 	69632.440978 	
-3.69038076152e-08 0 	0 	69632.635606 	
-3.63226452906e-08 0 	0 	69632.8302339 	
-3.57414829659e-08 0 	0 	69633.0248618 	
-3.51603206413e-08 0 	0 	69633.185213 	
-3.45791583166e-08 0 	0 	69633.3380866 	
-3.3997995992e-08 0 	0 	69633.4909601 	
-3.34168336673e-08 0 	0 	69633.6438337 	
-3.28356713427e-08 0 	0 	69633.7967073 	
-3.2254509018e-08 0 	0 	69633.9452193 	
-3.16733466934e-08 0 	0 	69634.062179 	
-3.10921843687e-08 0 	0 	69634.1791388 	
-3.05110220441e-08 0 	0 	69634.2960986 	
-2.99298597194e-08 0 	0 	69634.4130583 	
-2.93486973948e-08 0 	0 	69634.5300181 	
-2.87675350701e-08 0 	0 	69634.6383054 	
-2.81863727455e-08 0 	0 	69634.7251382 	
-2.76052104208e-08 0 	0 	69634.8119709 	
-2.70240480962e-08 0 	0 	69634.8988037 	
-2.64428857715e-08 0 	0 	69634.9856365 	
-2.58617234469e-08 0 	0 	69635.0724692 	
-2.52805611222e-08 0 	0 	69635.1514879 	
-2.46993987976e-08 0 	0 	69635.2136712 	
-2.41182364729e-08 0 	0 	69635.2758545 	
-2.35370741483e-08 0 	0 	69635.3380379 	
-2.29559118236e-08 0 	0 	69635.4002212 	
-2.2374749499e-08 0 	0 	69635.4624045 	
-2.17935871743e-08 0 	0 	69635.5205431 	
-2.12124248497e-08 0 	0 	69635.5630588 	
-2.0631262525e-08 0 	0 	69635.6055745 	
-2.00501002004e-08 0 	0 	69635.6480901 	
-1.94689378758e-08 0 	0 	69635.6906058 	
-1.88877755511e-08 0 	0 	69635.7331215 	
-1.83066132265e-08 0 	0 	69635.7756372 	
-1.77254509018e-08 0 	0 	69635.8036048 	
-1.71442885772e-08 0 	0 	69635.8308146 	
-1.65631262525e-08 0 	0 	69635.8580245 	
-1.59819639279e-08 0 	0 	69635.8852344 	
-1.54008016032e-08 0 	0 	69635.9124442 	
-1.48196392786e-08 0 	0 	69635.9396541 	
-1.42384769539e-08 0 	0 	69635.9604718 	
-1.36573146293e-08 0 	0 	69635.9760203 	
-1.30761523046e-08 0 	0 	69635.9915689 	
-1.249498998e-08 0 	0 	69636.0071174 	
-1.19138276553e-08 0 	0 	69636.0226659 	
-1.13326653307e-08 0 	0 	69636.0382144 	
-1.0751503006e-08 0 	0 	69636.0537629 	
-1.01703406814e-08 0 	0 	69636.0605692 	
-9.58917835671e-09 0 	0 	69636.0673329 	
-9.00801603206e-09 0 	0 	69636.0740966 	
-8.42685370741e-09 0 	0 	69636.0808603 	
-7.84569138277e-09 0 	0 	69636.087624 	
-7.26452905812e-09 0 	0 	69636.0943876 	
-6.68336673347e-09 0 	0 	69636.0992033 	
-6.10220440882e-09 0 	0 	69636.0992016 	
-5.52104208417e-09 0 	0 	69636.0991999 	
-4.93987975952e-09 0 	0 	69636.0991982 	
-4.35871743487e-09 0 	0 	69636.0991965 	
-3.77755511022e-09 0 	0 	69636.0991948 	
-3.19639278557e-09 0 	0 	69636.0991931 	
-2.61523046092e-09 0 	0 	69636.0967865 	
-2.03406813627e-09 0 	0 	69636.0910984 	
-1.45290581162e-09 0 	0 	69636.0854102 	
-8.71743486974e-10 0 	0 	69636.0797221 	
-2.90581162324e-10 0 	0 	69636.0740339 	
2.90581162325e-10 0 	0 	69636.0683458 	
8.71743486974e-10 0 	0 	69636.0626576 	
1.45290581162e-09 0 	0 	69636.0547315 	
2.03406813627e-09 0 	0 	69636.0433966 	
2.61523046092e-09 0 	0 	69636.0320617 	
3.19639278557e-09 0 	0 	69636.0207268 	
3.77755511022e-09 0 	0 	69636.0093919 	
4.35871743487e-09 0 	0 	69635.998057 	
4.93987975952e-09 0 	0 	69635.9867221 	
5.52104208417e-09 0 	0 	69635.973999 	
6.10220440882e-09 0 	0 	69635.9558736 	
6.68336673347e-09 0 	0 	69635.9377482 	
7.26452905812e-09 0 	0 	69635.9196228 	
7.84569138277e-09 0 	0 	69635.9014974 	
8.42685370742e-09 0 	0 	69635.883372 	
9.00801603206e-09 0 	0 	69635.8652466 	
9.58917835671e-09 0 	0 	69635.8471212 	
1.01703406814e-08 0 	0 	69635.8211506 	
1.0751503006e-08 0 	0 	69635.793722 	
1.13326653307e-08 0 	0 	69635.7662934 	
1.19138276553e-08 0 	0 	69635.7388648 	
1.249498998e-08 0 	0 	69635.7114362 	
1.30761523046e-08 0 	0 	69635.6840076 	
1.36573146293e-08 0 	0 	69635.656579 	
1.42384769539e-08 0 	0 	69635.6250082 	
1.48196392786e-08 0 	0 	69635.5841707 	
1.54008016032e-08 0 	0 	69635.5433332 	
1.59819639279e-08 0 	0 	69635.5024957 	
1.65631262525e-08 0 	0 	69635.4616582 	
1.71442885772e-08 0 	0 	69635.4208207 	
1.77254509018e-08 0 	0 	69635.3799832 	
1.83066132265e-08 0 	0 	69635.3391457 	
1.88877755511e-08 0 	0 	69635.2867482 	
1.94689378758e-08 0 	0 	69635.2265556 	
2.00501002004e-08 0 	0 	69635.1663631 	
2.06312625251e-08 0 	0 	69635.1061706 	
2.12124248497e-08 0 	0 	69635.045978 	
2.17935871743e-08 0 	0 	69634.9857855 	
2.2374749499e-08 0 	0 	69634.9255929 	
2.29559118236e-08 0 	0 	69634.8654004 	
2.35370741483e-08 0 	0 	69634.7859245 	
2.41182364729e-08 0 	0 	69634.6983465 	
2.46993987976e-08 0 	0 	69634.6107685 	
2.52805611222e-08 0 	0 	69634.5231905 	
2.58617234469e-08 0 	0 	69634.4356125 	
2.64428857715e-08 0 	0 	69634.3480345 	
2.70240480962e-08 0 	0 	69634.2604565 	
2.76052104208e-08 0 	0 	69634.1728785 	
2.81863727455e-08 0 	0 	69634.0618075 	
2.87675350701e-08 0 	0 	69633.9366585 	
2.93486973948e-08 0 	0 	69633.8115094 	
2.99298597194e-08 0 	0 	69633.6863604 	
3.05110220441e-08 0 	0 	69633.5612114 	
3.10921843687e-08 0 	0 	69633.4360624 	
3.16733466934e-08 0 	0 	69633.3109134 	
3.2254509018e-08 0 	0 	69633.1857644 	
3.28356713427e-08 0 	0 	69633.0429709 	
3.34168336673e-08 0 	0 	69632.8683064 	
3.3997995992e-08 0 	0 	69632.693642 	
3.45791583166e-08 0 	0 	69632.5189776 	
3.51603206413e-08 0 	0 	69632.3443131 	
3.57414829659e-08 0 	0 	69632.1696487 	
3.63226452906e-08 0 	0 	69631.9949842 	
3.69038076152e-08 0 	0 	69631.8203198 	
3.74849699399e-08 0 	0 	69631.6456554 	
3.80661322645e-08 0 	0 	69631.4159942 	
3.86472945892e-08 0 	0 	69631.1797304 	
3.92284569138e-08 0 	0 	69630.9434666 	
3.98096192385e-08 0 	0 	69630.7072028 	
4.03907815631e-08 0 	0 	69630.470939 	
4.09719438878e-08 0 	0 	69630.2346752 	
4.15531062124e-08 0 	0 	69629.9984114 	
4.21342685371e-08 0 	0 	69629.7621476 	
4.27154308617e-08 0 	0 	69629.50993 	
4.32965931864e-08 0 	0 	69629.2043405 	
4.3877755511e-08 0 	0 	69628.8987511 	
4.44589178357e-08 0 	0 	69628.5931616 	
4.50400801603e-08 0 	0 	69628.2875721 	
4.5621242485e-08 0 	0 	69627.9819827 	
4.62024048096e-08 0 	0 	69627.6763932 	
4.67835671343e-08 0 	0 	69627.3708038 	
4.73647294589e-08 0 	0 	69627.0652143 	
4.79458917836e-08 0 	0 	69626.7371813 	
4.85270541082e-08 0 	0 	69626.3698662 	
4.91082164329e-08 0 	0 	69626.0025511 	
4.96893787575e-08 0 	0 	69625.635236 	
5.02705410822e-08 0 	0 	69625.2679209 	
5.08517034068e-08 0 	0 	69624.9006058 	
5.14328657315e-08 0 	0 	69624.5332907 	
5.20140280561e-08 0 	0 	69624.1659756 	
5.25951903808e-08 0 	0 	69623.7986605 	
5.31763527054e-08 0 	0 	69623.4274585 	
5.37575150301e-08 0 	0 	69623.0466678 	
5.43386773547e-08 0 	0 	69622.6658771 	
5.49198396794e-08 0 	0 	69622.2850864 	
5.5501002004e-08 0 	0 	69621.9042957 	
5.60821643287e-08 0 	0 	69621.5235049 	
5.66633266533e-08 0 	0 	69621.1427142 	
5.7244488978e-08 0 	0 	69620.7619235 	
5.78256513026e-08 0 	0 	69620.3811328 	
5.84068136273e-08 0 	0 	69620.0003421 	
5.89879759519e-08 0 	0 	69619.7516656 	
5.95691382766e-08 0 	0 	69619.5030258 	
6.01503006012e-08 0 	0 	69619.2543861 	
6.07314629259e-08 0 	0 	69619.0057464 	
6.13126252505e-08 0 	0 	69618.7571067 	
6.18937875752e-08 0 	0 	69618.508467 	
6.24749498998e-08 0 	0 	69618.2598273 	
6.30561122244e-08 0 	0 	69618.0111876 	
6.36372745491e-08 0 	0 	69617.7625479 	
6.42184368737e-08 0 	0 	69617.7602772 	
6.47995991984e-08 0 	0 	69618.0119455 	
6.5380761523e-08 0 	0 	69618.2636138 	
6.59619238477e-08 0 	0 	69618.5152821 	
6.65430861723e-08 0 	0 	69618.7669503 	
6.7124248497e-08 0 	0 	69619.0186186 	
6.77054108216e-08 0 	0 	69619.2702869 	
6.82865731463e-08 0 	0 	69619.5219552 	
6.88677354709e-08 0 	0 	69619.7736234 	
6.94488977956e-08 0 	0 	69620.0252917 	
7.00300601202e-08 0 	0 	69621.3163973 	
7.06112224449e-08 0 	0 	69622.9331739 	
7.11923847695e-08 0 	0 	69624.5499505 	
7.17735470942e-08 0 	0 	69626.1667271 	
7.23547094188e-08 0 	0 	69627.7835037 	
7.29358717435e-08 0 	0 	69629.4002803 	
7.35170340681e-08 0 	0 	69631.0170569 	
7.40981963928e-08 0 	0 	69632.6338336 	
7.46793587174e-08 0 	0 	69634.2506102 	
7.52605210421e-08 0 	0 	69635.8673868 	
7.58416833667e-08 0 	0 	69640.1494121 	
7.64228456914e-08 0 	0 	69645.0917268 	
7.7004008016e-08 0 	0 	69650.0340414 	
7.75851703407e-08 0 	0 	69654.9763561 	
7.81663326653e-08 0 	0 	69659.9186707 	
7.874749499e-08 0 	0 	69664.8609854 	
7.93286573146e-08 0 	0 	69669.8033 	
7.99098196393e-08 0 	0 	69674.7456147 	
8.04909819639e-08 0 	0 	69679.6879293 	
8.10721442886e-08 0 	0 	69684.630244 	
8.16533066132e-08 0 	0 	69694.2422813 	
8.22344689379e-08 0 	0 	69706.8764836 	
8.28156312625e-08 0 	0 	69719.5106858 	
8.33967935872e-08 0 	0 	69732.1448881 	
8.39779559118e-08 0 	0 	69744.7790903 	
8.45591182365e-08 0 	0 	69757.4132926 	
8.51402805611e-08 0 	0 	69770.0474948 	
8.57214428858e-08 0 	0 	69782.6816971 	
8.63026052104e-08 0 	0 	69795.3158994 	
8.68837675351e-08 0 	0 	69807.9501016 	
8.74649298597e-08 0 	0 	69823.5817834 	
8.80460921844e-08 0 	0 	69853.5563073 	
8.8627254509e-08 0 	0 	69883.5308312 	
8.92084168337e-08 0 	0 	69913.5053551 	
8.97895791583e-08 0 	0 	69943.4798791 	
9.0370741483e-08 0 	0 	69973.454403 	
9.09519038076e-08 0 	0 	70003.4289269 	
9.15330661323e-08 0 	0 	70033.4034508 	
9.21142284569e-08 0 	0 	70063.3779747 	
9.26953907816e-08 0 	0 	70093.3524986 	
9.32765531062e-08 0 	0 	70123.3270225 	
9.38577154309e-08 0 	0 	70172.3436826 	
9.44388777555e-08 0 	0 	70240.9355284 	
9.50200400802e-08 0 	0 	70309.5273741 	
9.56012024048e-08 0 	0 	70378.1192198 	
9.61823647295e-08 0 	0 	70446.7110655 	
9.67635270541e-08 0 	0 	70515.3029112 	
9.73446893788e-08 0 	0 	70583.8947569 	
9.79258517034e-08 0 	0 	70652.4866026 	
9.85070140281e-08 0 	0 	70721.0784483 	
9.90881763527e-08 0 	0 	70789.670294 	
9.96693386774e-08 0 	0 	70858.2621397 	
1.00250501002e-07 0 	0 	70974.9750425 	
1.00831663327e-07 0 	0 	71129.187118 	
1.01412825651e-07 0 	0 	71283.3991935 	
1.01993987976e-07 0 	0 	71437.6112691 	
1.02575150301e-07 0 	0 	71591.8233446 	
1.03156312625e-07 0 	0 	71746.0354201 	
1.0373747495e-07 0 	0 	71900.2474956 	
1.04318637275e-07 0 	0 	72054.4595712 	
1.04899799599e-07 0 	0 	72208.6716467 	
1.05480961924e-07 0 	0 	72362.8837222 	
1.06062124248e-07 0 	0 	72517.0957977 	
1.06643286573e-07 0 	0 	72742.2843992 	
1.07224448898e-07 0 	0 	73086.4050133 	
1.07805611222e-07 0 	0 	73430.5256274 	
1.08386773547e-07 0 	0 	73774.6462415 	
1.08967935872e-07 0 	0 	74118.7668555 	
1.09549098196e-07 0 	0 	74462.8874696 	
1.10130260521e-07 0 	0 	74807.0080837 	
1.10711422846e-07 0 	0 	75151.1286977 	
1.1129258517e-07 0 	0 	75495.2493118 	
1.11873747495e-07 0 	0 	75839.3699259 	
1.1245490982e-07 0 	0 	76183.4905399 	
1.13036072144e-07 0 	0 	76527.611154 	
1.13617234469e-07 0 	0 	77261.5926168 	
1.14198396794e-07 0 	0 	78028.4731618 	
1.14779559118e-07 0 	0 	78795.3537067 	
1.15360721443e-07 0 	0 	79562.2342517 	
1.15941883768e-07 0 	0 	80329.1147967 	
1.16523046092e-07 0 	0 	81095.9953417 	
1.17104208417e-07 0 	0 	81862.8758867 	
1.17685370741e-07 0 	0 	82629.7564317 	
1.18266533066e-07 0 	0 	83396.6369767 	
1.18847695391e-07 0 	0 	84163.5175217 	
1.19428857715e-07 0 	0 	84930.3980667 	
1.2001002004e-07 0 	0 	85887.7203682 	
1.20591182365e-07 0 	0 	87601.3518521 	
1.21172344689e-07 0 	0 	89314.983336 	
1.21753507014e-07 0 	0 	91028.6148198 	
1.22334669339e-07 0 	0 	92742.2463037 	
1.22915831663e-07 0 	0 	94455.8777875 	
1.23496993988e-07 0 	0 	96169.5092714 	
1.24078156313e-07 0 	0 	97883.1407553 	
1.24659318637e-07 0 	0 	99596.7722391 	
1.25240480962e-07 0 	0 	101310.403723 	
1.25821643287e-07 0 	0 	103024.035207 	
1.26402805611e-07 0 	0 	104737.666691 	
1.26983967936e-07 0 	0 	106887.912983 	
1.27565130261e-07 0 	0 	110738.482542 	
1.28146292585e-07 0 	0 	114589.052101 	
1.2872745491e-07 0 	0 	118439.62166 	
1.29308617234e-07 0 	0 	122290.191218 	
1.29889779559e-07 0 	0 	126140.760777 	
1.30470941884e-07 0 	0 	129991.330336 	
1.31052104208e-07 0 	0 	133841.899894 	
1.31633266533e-07 0 	0 	137692.469453 	
1.32214428858e-07 0 	0 	141543.039012 	
1.32795591182e-07 0 	0 	145393.608571 	
1.33376753507e-07 0 	0 	149244.178129 	
1.33957915832e-07 0 	0 	153094.747688 	
1.34539078156e-07 0 	0 	161452.605309 	
1.35120240481e-07 0 	0 	170174.943573 	
1.35701402806e-07 0 	0 	178897.281837 	
1.3628256513e-07 0 	0 	187619.6201 	
1.36863727455e-07 0 	0 	196341.958364 	
1.3744488978e-07 0 	0 	205064.296628 	
1.38026052104e-07 0 	0 	213786.634891 	
1.38607214429e-07 0 	0 	222508.973155 	
1.39188376754e-07 0 	0 	231231.311419 	
1.39769539078e-07 0 	0 	239953.649682 	
1.40350701403e-07 0 	0 	248675.987946 	
1.40931863727e-07 0 	0 	257398.32621 	
1.41513026052e-07 0 	0 	267311.659769 	
1.42094188377e-07 0 	0 	279369.074811 	
1.42675350701e-07 0 	0 	291426.489853 	
1.43256513026e-07 0 	0 	303483.904895 	
1.43837675351e-07 0 	0 	315541.319937 	
1.44418837675e-07 0 	0 	327598.734979 	
1.45e-07 0 	0 	339656.150021 	
