-1.45e-07 -0.0238147863141 0.639305048831 1.55413637305
-1.44418837675e-07 -0.0231446261956 0.65616125479 1.51451724555
-1.43837675351e-07 -0.0225108781557 0.672392195205 1.47771936355
-1.43256513026e-07 -0.0219217947685 0.687916539472 1.44448248119
-1.42675350701e-07 -0.0213674585543 0.702847569045 1.41387790567
-1.42094188377e-07 -0.0208417871435 0.717267006073 1.38538079273
-1.41513026052e-07 -0.0203426877387 0.73119791381 1.3587963203
-1.40931863727e-07 -0.0198825730749 0.744366614004 1.33489693326
-1.40350701403e-07 -0.0194460379652 0.757045787872 1.3125514584
-1.39769539078e-07 -0.0190301011112 0.769289881061 1.29154641062
-1.39188376754e-07 -0.0186433553083 0.780893426309 1.27238620779
-1.38607214429e-07 -0.0182797917488 0.791961586715 1.25463420735
-1.38026052104e-07 -0.0179319585313 0.802660079004 1.23782499441
-1.3744488978e-07 -0.0176093938191 0.812746814699 1.22249439446
-1.36863727455e-07 -0.0173051712518 0.822369743152 1.20819998433
-1.3628256513e-07 -0.0170128075595 0.831691436247 1.19457307992
-1.35701402806e-07 -0.0167459809313 0.840340995107 1.18234191272
-1.35120240481e-07 -0.0164897752102 0.84870051632 1.17067353367
-1.34539078156e-07 -0.0162478798224 0.856669248371 1.15976344069
-1.33957915832e-07 -0.0160236407812 0.86413920555 1.14976225056
-1.33376753507e-07 -0.0158062054878 0.87141574378 1.14010942712
-1.32795591182e-07 -0.0156087462504 0.878110159563 1.1314575612
-1.32214428858e-07 -0.0154176546831 0.884613652914 1.12311686908
-1.31633266533e-07 -0.0152398774864 0.890717940275 1.11542682049
-1.31052104208e-07 -0.0150719153592 0.896520170909 1.10820540102
-1.30470941884e-07 -0.0149122459773 0.90206719402 1.10137992599
-1.29889779559e-07 -0.0147645197633 0.907237815178 1.09511257884
-1.29308617234e-07 -0.0146214699052 0.912261055883 1.08906376707
-1.2872745491e-07 -0.0144913885686 0.916866614404 1.08360913048
-1.28146292585e-07 -0.0143635545553 0.921399792516 1.07825745888
-1.27565130261e-07 -0.0142488108392 0.925502961257 1.07349474033
-1.26983967936e-07 -0.0141348720992 0.929579686957 1.06876823892
-1.26402805611e-07 -0.0140334234636 0.933238700028 1.06459440832
-1.25821643287e-07 -0.0139321408363 0.936892161206 1.06042792336
-1.25240480962e-07 -0.0138421901695 0.940160439345 1.05675529564
-1.24659318637e-07 -0.0137524040118 0.943423125679 1.05308983738
-1.24078156313e-07 -0.0136723802577 0.946349074787 1.0498439833
-1.23496993988e-07 -0.0135930083562 0.949252539368 1.04662614692
-1.22915831663e-07 -0.0135215472155 0.951879502102 1.04374408137
-1.22334669339e-07 -0.0134515825085 0.954454160553 1.04092553168
-1.21753507014e-07 -0.0133875073775 0.956820498945 1.03835413723
-1.21172344689e-07 -0.0133260154988 0.959095465182 1.0358911486
-1.20591182365e-07 -0.0132683188101 0.961234751422 1.03358579935
-1.2001002004e-07 -0.0132144354677 0.963237708563 1.03143884364
-1.19428857715e-07 -0.0131622605914 0.965179001167 1.02936220047
-1.18847695391e-07 -0.0131151887987 0.966936105562 1.02749557661
-1.18266533066e-07 -0.013068117006 0.968693209957 1.02562895274
-1.17685370741e-07 -0.0130268198327 0.970240104987 1.02399802993
-1.17104208417e-07 -0.012985827011 0.971775920921 1.02237952975
-1.16523046092e-07 -0.0129480513207 0.973193735066 1.02089137701
-1.15941883768e-07 -0.0129124662948 0.974531197399 1.01949198269
-1.15360721443e-07 -0.012877765755 0.975835998702 1.01812819023
-1.14779559118e-07 -0.0128469756653 0.976996400523 1.01692179911
-1.14198396794e-07 -0.0128161855756 0.978156802343 1.01571540799
-1.13617234469e-07 -0.0127884348541 0.979204301667 1.01463064539
-1.13036072144e-07 -0.0127618820068 0.98020730392 1.01359381894
-1.1245490982e-07 -0.012736045911 0.981183541347 1.01258552796
-1.11873747495e-07 -0.0127132245921 0.982047201429 1.01169726188
-1.1129258517e-07 -0.0126904032732 0.98291086151 1.0108089958
-1.10711422846e-07 -0.012669571074 0.983699901364 1.00999956266
-1.10130260521e-07 -0.012650024349 0.984440717687 1.00924107555
-1.09549098196e-07 -0.0126304776241 0.985181534009 1.00848258843
-1.08967935872e-07 -0.0126136852903 0.985818603908 1.00783282991
-1.08386773547e-07 -0.012597001814 0.986451573602 1.00718736851
-1.07805611222e-07 -0.0125809525763 0.987060569876 1.00656685643
-1.07224448898e-07 -0.0125667634327 0.987599256929 1.00601951571
-1.06643286573e-07 -0.0125525742891 0.988137943981 1.00547217499
-1.06062124248e-07 -0.0125394303839 0.988637000996 1.00496582667
-1.05480961924e-07 -0.0125274059791 0.989093612339 1.00450338318
-1.04899799599e-07 -0.0125153815744 0.989550223682 1.00404093969
-1.04318637275e-07 -0.0125045665037 0.989960861132 1.00362579923
-1.0373747495e-07 -0.0124944135292 0.99034632841 1.00323655662
-1.03156312625e-07 -0.0124842605548 0.990731795689 1.00284731402
-1.02575150301e-07 -0.0124753046049 0.991071652083 1.0025047861
-1.01993987976e-07 -0.0124667630892 0.991395717062 1.00217843177
-1.01412825651e-07 -0.0124582215734 0.991719782041 1.00185207743
-1.00831663327e-07 -0.0124507457198 0.99200316067 1.00156722926
-1.00250501002e-07 -0.0124435861834 0.992274462487 1.00129470125
-9.96693386774e-08 -0.0124364266471 0.992545764304 1.00102217324
-9.90881763527e-08 -0.0124301280877 0.992784138134 1.00078312215
-9.85070140281e-08 -0.012424148816 0.993010300833 1.00055648575
-9.79258517034e-08 -0.0124181695442 0.993236463531 1.00032984935
-9.73446893788e-08 -0.0124128088317 0.993438934542 1.00012722884
-9.67635270541e-08 -0.0124078332744 0.993626653566 0.999939562177
-9.61823647295e-08 -0.0124028577171 0.99381437259 0.999751895514
-9.56012024048e-08 -0.0123982474369 0.993988083183 0.999578393025
-9.50200400802e-08 -0.0123941217458 0.994143209714 0.999423681211
-9.44388777555e-08 -0.0123899960548 0.994298336245 0.999268969397
-9.38577154309e-08 -0.012385990977 0.994448832156 0.999118929444
-9.32765531062e-08 -0.0123825816869 0.994576454408 0.998991966869
-9.26953907816e-08 -0.0123791723968 0.99470407666 0.998865004293
-9.21142284569e-08 -0.0123757631067 0.994831698912 0.998738041718
-9.15330661323e-08 -0.0123728528713 0.994940143004 0.998630391331
-9.09519038076e-08 -0.0123700447293 0.995044663755 0.998526691705
-9.0370741483e-08 -0.0123672365873 0.995149184506 0.998422992079
-8.97895791583e-08 -0.0123646360225 0.99524572159 0.998327318497
-8.92084168337e-08 -0.0123623299686 0.99533093143 0.998243032286
-8.8627254509e-08 -0.0123600239148 0.99541614127 0.998158746074
-8.80460921844e-08 -0.0123577178609 0.995501351111 0.998074459863
-8.74649298597e-08 -0.0123557942225 0.995571841785 0.9980049489
-8.68837675351e-08 -0.012353905522 0.995640987693 0.997936787826
-8.63026052104e-08 -0.0123520168216 0.995710133602 0.997868626751
-8.57214428858e-08 -0.0123502444123 0.995774800397 0.997804955726
-8.51402805611e-08 -0.0123487009387 0.995830649419 0.997750124003
-8.45591182365e-08 -0.0123471574651 0.99588649844 0.99769529228
-8.39779559118e-08 -0.0123456139915 0.995942347462 0.997640460556
-8.33967935872e-08 -0.012344261799 0.995990824247 0.997593009529
-8.28156312625e-08 -0.012343002465 0.99603572214 0.9975491415
-8.22344689379e-08 -0.012341743131 0.996080620033 0.997505273471
-8.16533066132e-08 -0.012340483797 0.996125517927 0.997461405442
-8.10721442886e-08 -0.0123394392898 0.996162130792 0.99742582137
-8.04909819639e-08 -0.0123384126225 0.996198055645 0.997390925221
-7.99098196393e-08 -0.0123373859552 0.996233980498 0.997356029072
-7.93286573146e-08 -0.0123363754383 0.99626928208 0.997321755289
-7.874749499e-08 -0.0123355382929 0.996297892958 0.997294162489
-7.81663326653e-08 -0.0123347011475 0.996326503837 0.997266569688
-7.75851703407e-08 -0.0123338640021 0.996355114715 0.997238976888
-7.7004008016e-08 -0.0123330509326 0.996382795789 0.997212311198
-7.64228456914e-08 -0.0123323673384 0.996405476561 0.997190631323
-7.58416833667e-08 -0.0123316837442 0.996428157332 0.997168951448
-7.52605210421e-08 -0.0123310001499 0.996450838104 0.997147271573
-7.46793587174e-08 -0.012330333374 0.996472868819 0.997126238795
-7.40981963928e-08 -0.0123297735056 0.996490767355 0.997109319386
-7.35170340681e-08 -0.0123292136372 0.99650866589 0.997092399976
-7.29358717435e-08 -0.0123286537688 0.996526564426 0.997075480566
-7.23547094188e-08 -0.0123280959281 0.99654438451 0.997058639096
-7.17735470942e-08 -0.0123276351939 0.996558447507 0.997045530178
-7.11923847695e-08 -0.0123271744598 0.996572510504 0.99703242126
-7.06112224449e-08 -0.0123267137256 0.996586573501 0.997019312343
-7.00300601202e-08 -0.0123262529914 0.996600636498 0.997006203425
-6.94488977956e-08 -0.012325856079 0.996612227168 0.996995544645
-6.88677354709e-08 -0.012325474319 0.996623230867 0.996985467569
-6.82865731463e-08 -0.0123250925589 0.996634234565 0.996975390493
-6.77054108216e-08 -0.0123247107988 0.996645238264 0.996965313416
-6.7124248497e-08 -0.012324360104 0.996655036678 0.99695642707
-6.65430861723e-08 -0.0123240408876 0.996663613773 0.996948747294
-6.59619238477e-08 -0.0123237216712 0.996672190868 0.996941067517
-6.5380761523e-08 -0.0123234024548 0.996680767964 0.99693338774
-6.47995991984e-08 -0.0123230873644 0.996689184653 0.996925865789
-6.42184368737e-08 -0.0123228173811 0.996695847708 0.996920069262
-6.36372745491e-08 -0.0123225473977 0.996702510763 0.996914272736
-6.30561122244e-08 -0.0123222774144 0.996709173818 0.996908476209
-6.24749498998e-08 -0.0123220074311 0.996715836873 0.996902679682
-6.18937875752e-08 -0.0123217592891 0.996721648534 0.996897716373
-6.13126252505e-08 -0.0123215278219 0.996726810208 0.996893389175
-6.07314629259e-08 -0.0123212963546 0.996731971882 0.996889061977
-6.01503006012e-08 -0.0123210648873 0.996737133556 0.996884734779
-5.95691382766e-08 -0.01232083342 0.996742295231 0.996880407581
-5.89879759519e-08 -0.012320630219 0.99674635116 0.996877154806
-5.84068136273e-08 -0.0123204286931 0.996750341568 0.996873965698
-5.78256513026e-08 -0.0123202271671 0.996754331976 0.99687077659
-5.7244488978e-08 -0.0123200256411 0.996758322384 0.996867587482
-5.66633266533e-08 -0.0123198290236 0.996762119866 0.996864584035
-5.60821643287e-08 -0.0123196506222 0.996765201364 0.996862269615
-5.5501002004e-08 -0.0123194722209 0.996768282862 0.996859955196
-5.49198396794e-08 -0.0123192938196 0.996771364361 0.996857640776
-5.43386773547e-08 -0.0123191154183 0.996774445859 0.996855326356
-5.37575150301e-08 -0.0123189435655 0.99677726831 0.996853257982
-5.31763527054e-08 -0.0123187829054 0.996779648008 0.996851610141
-5.25951903808e-08 -0.0123186222452 0.996782027705 0.996849962299
-5.20140280561e-08 -0.0123184615851 0.996784407402 0.996848314458
-5.14328657315e-08 -0.0123183009249 0.996786787099 0.996846666617
-5.08517034068e-08 -0.0123181458344 0.996788944545 0.99684522611
-5.02705410822e-08 -0.0123179986924 0.996790784808 0.996844081496
-4.96893787575e-08 -0.0123178515504 0.996792625072 0.996842936882
-4.91082164329e-08 -0.0123177044084 0.996794465336 0.996841792268
-4.85270541082e-08 -0.0123175572664 0.9967963056 0.996840647654
-4.79458917836e-08 -0.0123174135842 0.996798006148 0.996839630179
-4.73647294589e-08 -0.0123172766704 0.996799433366 0.996838861427
-4.67835671343e-08 -0.0123171397566 0.996800860583 0.996838092675
-4.62024048096e-08 -0.0123170028428 0.996802287801 0.996837323924
-4.5621242485e-08 -0.0123168659291 0.996803715019 0.996836555172
-4.50400801603e-08 -0.0123167301302 0.996805096469 0.996835826649
-4.44589178357e-08 -0.0123166008996 0.996806208297 0.99683533512
-4.3877755511e-08 -0.012316471669 0.996807320125 0.99683484359
-4.32965931864e-08 -0.0123163424384 0.996808431953 0.99683435206
-4.27154308617e-08 -0.0123162132078 0.996809543781 0.996833860531
-4.21342685371e-08 -0.0123160839772 0.996810655608 0.996833369001
-4.15531062124e-08 -0.0123159595 0.99681156787 0.996833044542
-4.09719438878e-08 -0.012315835998 0.99681243919 0.996832754358
-4.03907815631e-08 -0.012315712496 0.99681331051 0.996832464174
-3.98096192385e-08 -0.012315588994 0.99681418183 0.99683217399
-3.92284569138e-08 -0.012315465492 0.996815053149 0.996831883806
-3.86472945892e-08 -0.0123153436402 0.996815853006 0.996831649444
-3.80661322645e-08 -0.0123152243766 0.99681654078 0.996831502632
-3.74849699399e-08 -0.0123151051131 0.996817228555 0.996831355821
-3.69038076152e-08 -0.0123149858495 0.99681791633 0.99683120901
-3.63226452906e-08 -0.0123148665859 0.996818604104 0.996831062198
-3.57414829659e-08 -0.0123147473223 0.996819291879 0.996830915387
-3.51603206413e-08 -0.0123146306125 0.996819864255 0.996830850153
-3.45791583166e-08 -0.0123145144597 0.996820411456 0.996830802716
-3.3997995992e-08 -0.012314398307 0.996820958657 0.996830755278
-3.34168336673e-08 -0.0123142821543 0.996821505858 0.996830707841
-3.28356713427e-08 -0.0123141660016 0.99682205306 0.996830660403
-3.2254509018e-08 -0.0123140501238 0.996822587092 0.996830621005
-3.16733466934e-08 -0.0123139362351 0.996823025855 0.99683063976
-3.10921843687e-08 -0.0123138223465 0.996823464618 0.996830658515
-3.05110220441e-08 -0.0123137084578 0.996823903381 0.99683067727
-2.99298597194e-08 -0.0123135945691 0.996824342145 0.996830696025
-2.93486973948e-08 -0.0123134806805 0.996824780908 0.99683071478
-2.87675350701e-08 -0.0123133672618 0.996825195311 0.996830745428
-2.81863727455e-08 -0.0123132550059 0.996825549448 0.996830805498
-2.76052104208e-08 -0.0123131427501 0.996825903586 0.996830865568
-2.70240480962e-08 -0.0123130304942 0.996826257724 0.996830925638
-2.64428857715e-08 -0.0123129182383 0.996826611861 0.996830985708
-2.58617234469e-08 -0.0123128059825 0.996826965999 0.996831045778
-2.52805611222e-08 -0.0123126940961 0.996827298851 0.99683111306
-2.46993987976e-08 -0.0123125830057 0.996827585842 0.99683119588
-2.41182364729e-08 -0.0123124719153 0.996827872833 0.9968312787
-2.35370741483e-08 -0.0123123608248 0.996828159825 0.996831361521
-2.29559118236e-08 -0.0123122497344 0.996828446816 0.996831444341
-2.2374749499e-08 -0.012312138644 0.996828733807 0.996831527161
-2.17935871743e-08 -0.0123120277226 0.996829009603 0.996831611819
-2.12124248497e-08 -0.0123119174538 0.996829242159 0.996831703573
-2.0631262525e-08 -0.012311807185 0.996829474714 0.996831795327
-2.00501002004e-08 -0.0123116969162 0.996829707269 0.996831887081
-1.94689378758e-08 -0.0123115866474 0.996829939825 0.996831978835
-1.88877755511e-08 -0.0123114763786 0.99683017238 0.99683207059
-1.83066132265e-08 -0.0123113661098 0.996830404936 0.996832162344
-1.77254509018e-08 -0.012311256382 0.996830594466 0.996832252803
-1.71442885772e-08 -0.0123111466824 0.996830781756 0.996832343195
-1.65631262525e-08 -0.0123110369828 0.996830969046 0.996832433586
-1.59819639279e-08 -0.0123109272831 0.996831156336 0.996832523978
-1.54008016032e-08 -0.0123108175835 0.996831343625 0.99683261437
-1.48196392786e-08 -0.0123107078839 0.996831530915 0.996832704761
-1.42384769539e-08 -0.0123105983944 0.996831697008 0.996832790163
-1.36573146293e-08 -0.0123104890782 0.996831845627 0.996832871451
-1.30761523046e-08 -0.0123103797619 0.996831994246 0.99683295274
-1.249498998e-08 -0.0123102704457 0.996832142865 0.996833034028
-1.19138276553e-08 -0.0123101611294 0.996832291484 0.996833115316
-1.13326653307e-08 -0.0123100518131 0.996832440103 0.996833196605
-1.0751503006e-08 -0.0123099424969 0.996832588722 0.996833277893
-1.01703406814e-08 -0.0123098334235 0.996832703623 0.996833344196
-9.58917835671e-09 -0.0123097243513 0.996832818359 0.996833410426
-9.00801603206e-09 -0.0123096152791 0.996832933096 0.996833476656
-8.42685370741e-09 -0.0123095062069 0.996833047832 0.996833542886
-7.84569138277e-09 -0.0123093971347 0.996833162568 0.996833609116
-7.26452905812e-09 -0.0123092880625 0.996833277305 0.996833675346
-6.68336673347e-09 -0.0123091790292 0.996833383327 0.996833735857
-6.10220440882e-09 -0.0123090700919 0.996833467799 0.996833782226
-5.52104208417e-09 -0.0123089611546 0.996833552271 0.996833828594
-4.93987975952e-09 -0.0123088522173 0.996833636742 0.996833874962
-4.35871743487e-09 -0.01230874328 0.996833721214 0.996833921331
-3.77755511022e-09 -0.0123086343427 0.996833805686 0.996833967699
-3.19639278557e-09 -0.0123085254054 0.996833890158 0.996834014067
-2.61523046092e-09 -0.0123084164855 0.996833963105 0.996834050252
-2.03406813627e-09 -0.0123083075894 0.996834020324 0.996834072542
-1.45290581162e-09 -0.0123081986932 0.996834077543 0.996834094831
-8.71743486974e-10 -0.0123080897971 0.996834134763 0.99683411712
-2.90581162324e-10 -0.012307980901 0.996834191982 0.996834139409
2.90581162325e-10 -0.0123078720048 0.996834249201 0.996834161699
8.71743486974e-10 -0.0123077631087 0.996834306421 0.996834183988
1.45290581162e-09 -0.012307654192 0.996834354018 0.99683419507
2.03406813627e-09 -0.0123075452441 0.996834386959 0.996834189084
2.61523046092e-09 -0.0123074362961 0.9968344199 0.996834183097
3.19639278557e-09 -0.0123073273482 0.996834452841 0.99683417711
3.77755511022e-09 -0.0123072184003 0.996834485782 0.996834171123
4.35871743487e-09 -0.0123071094524 0.996834518723 0.996834165137
4.93987975952e-09 -0.0123070005044 0.996834551664 0.99683415915
5.52104208417e-09 -0.0123068915235 0.996834580378 0.996834146393
6.10220440882e-09 -0.0123067824144 0.99683459264 0.996834107291
6.68336673347e-09 -0.0123066733053 0.996834604902 0.996834068188
7.26452905812e-09 -0.0123065641961 0.996834617165 0.996834029085
7.84569138277e-09 -0.012306455087 0.996834629427 0.996833989982
8.42685370742e-09 -0.0123063459778 0.99683464169 0.996833950879
9.00801603206e-09 -0.0123062368687 0.996834653952 0.996833911776
9.58917835671e-09 -0.0123061277596 0.996834666214 0.996833872673
1.01703406814e-08 -0.0123060183886 0.996834665362 0.996833800261
1.0751503006e-08 -0.012305908969 0.996834662072 0.996833721658
1.13326653307e-08 -0.0123057995494 0.996834658782 0.996833643056
1.19138276553e-08 -0.0123056901298 0.996834655493 0.996833564453
1.249498998e-08 -0.0123055807103 0.996834652203 0.99683348585
1.30761523046e-08 -0.0123054712907 0.996834648913 0.996833407248
1.36573146293e-08 -0.0123053618711 0.996834645623 0.996833328645
1.42384769539e-08 -0.0123052522863 0.996834640005 0.996833234972
1.48196392786e-08 -0.012305142332 0.996834629178 0.996833107583
1.54008016032e-08 -0.0123050323777 0.99683461835 0.996832980194
1.59819639279e-08 -0.0123049224233 0.996834607522 0.996832852805
1.65631262525e-08 -0.012304812469 0.996834596695 0.996832725417
1.71442885772e-08 -0.0123047025147 0.996834585867 0.996832598028
1.77254509018e-08 -0.0123045925604 0.996834575039 0.996832470639
1.83066132265e-08 -0.0123044826061 0.996834564212 0.99683234325
1.88877755511e-08 -0.0123043721196 0.996834556704 0.996832178134
1.94689378758e-08 -0.0123042612743 0.996834551436 0.996831987577
2.00501002004e-08 -0.012304150429 0.996834546167 0.99683179702
2.06312625251e-08 -0.0123040395837 0.996834540898 0.996831606463
2.12124248497e-08 -0.0123039287384 0.99683453563 0.996831415906
2.17935871743e-08 -0.0123038178931 0.996834530361 0.996831225349
2.2374749499e-08 -0.0123037070478 0.996834525092 0.996831034792
2.29559118236e-08 -0.0123035962025 0.996834519824 0.996830844235
2.35370741483e-08 -0.012303484319 0.996834533859 0.996830592896
2.41182364729e-08 -0.0123033719992 0.996834556004 0.996830316019
2.46993987976e-08 -0.0123032596794 0.99683457815 0.996830039142
2.52805611222e-08 -0.0123031473596 0.996834600295 0.996829762265
2.58617234469e-08 -0.0123030350399 0.996834622441 0.996829485387
2.64428857715e-08 -0.0123029227201 0.996834644586 0.99682920851
2.70240480962e-08 -0.0123028104003 0.996834666732 0.996828931633
2.76052104208e-08 -0.0123026980805 0.996834688877 0.996828654756
2.81863727455e-08 -0.0123025842297 0.996834751245 0.996828300006
2.87675350701e-08 -0.0123024694614 0.996834837717 0.996827898591
2.93486973948e-08 -0.0123023546931 0.996834924189 0.996827497176
2.99298597194e-08 -0.0123022399249 0.996835010661 0.996827095761
3.05110220441e-08 -0.0123021251566 0.996835097133 0.996826694347
3.10921843687e-08 -0.0123020103883 0.996835183604 0.996826292932
3.16733466934e-08 -0.01230189562 0.996835270076 0.996825891517
3.2254509018e-08 -0.0123017808518 0.996835356548 0.996825490102
3.28356713427e-08 -0.0123016646234 0.99683548837 0.996825021414
3.34168336673e-08 -0.0123015457576 0.996835702109 0.996824431212
3.3997995992e-08 -0.0123014268918 0.996835915848 0.99682384101
3.45791583166e-08 -0.012301308026 0.996836129586 0.996823250808
3.51603206413e-08 -0.0123011891602 0.996836343325 0.996822660606
3.57414829659e-08 -0.0123010702944 0.996836557063 0.996822070403
3.63226452906e-08 -0.0123009514287 0.996836770802 0.996821480201
3.69038076152e-08 -0.0123008325629 0.996836984541 0.996820889999
3.74849699399e-08 -0.0123007136971 0.996837198279 0.996820299797
3.80661322645e-08 -0.0123005886501 0.996837622358 0.996819443163
3.86472945892e-08 -0.0123004628611 0.996838071688 0.996818554542
3.92284569138e-08 -0.012300337072 0.996838521019 0.996817665922
3.98096192385e-08 -0.012300211283 0.99683897035 0.996816777301
4.03907815631e-08 -0.0123000854939 0.996839419681 0.996815888681
4.09719438878e-08 -0.0122999597049 0.996839869011 0.99681500006
4.15531062124e-08 -0.0122998339158 0.996840318342 0.996814111439
4.21342685371e-08 -0.0122997081268 0.996840767673 0.996813222819
4.27154308617e-08 -0.0122995796171 0.996841314549 0.996812221899
4.32965931864e-08 -0.0122994420059 0.996842187756 0.996810845289
4.3877755511e-08 -0.0122993043947 0.996843060963 0.99680946868
4.44589178357e-08 -0.0122991667835 0.99684393417 0.996808092071
4.50400801603e-08 -0.0122990291723 0.996844807377 0.996806715462
4.5621242485e-08 -0.0122988915611 0.996845680584 0.996805338853
4.62024048096e-08 -0.0122987539499 0.996846553791 0.996803962243
4.67835671343e-08 -0.0122986163387 0.996847426998 0.996802585634
4.73647294589e-08 -0.0122984787276 0.996848300205 0.996801209025
4.79458917836e-08 -0.0122983336939 0.996849447784 0.996799534284
4.85270541082e-08 -0.012298175669 0.996851075589 0.996797337733
4.91082164329e-08 -0.012298017644 0.996852703393 0.996795141182
4.96893787575e-08 -0.0122978596191 0.996854331198 0.996792944631
5.02705410822e-08 -0.0122977015942 0.996855959003 0.99679074808
5.08517034068e-08 -0.0122975435692 0.996857586807 0.99678855153
5.14328657315e-08 -0.0122973855443 0.996859214612 0.996786354979
5.20140280561e-08 -0.0122972275193 0.996860842417 0.996784158428
5.25951903808e-08 -0.0122970694944 0.996862470221 0.996781961877
5.31763527054e-08 -0.012296901184 0.99686448511 0.996779359082
5.37575150301e-08 -0.0122967074994 0.996867454929 0.996775754092
5.43386773547e-08 -0.0122965138148 0.996870424748 0.996772149102
5.49198396794e-08 -0.0122963201303 0.996873394567 0.996768544112
5.5501002004e-08 -0.0122961264457 0.996876364386 0.996764939122
5.60821643287e-08 -0.0122959327611 0.996879334205 0.996761334131
5.66633266533e-08 -0.0122957390766 0.996882304024 0.996757729141
5.7244488978e-08 -0.012295545392 0.996885273843 0.996754124151
5.78256513026e-08 -0.0122953517074 0.996888243662 0.996750519161
5.84068136273e-08 -0.0122951580229 0.996891213481 0.99674691417
5.89879759519e-08 -0.0122949013157 0.996896580236 0.996740845179
5.95691382766e-08 -0.012294644591 0.99690194766 0.996734775501
6.01503006012e-08 -0.0122943878664 0.996907315084 0.996728705824
6.07314629259e-08 -0.0122941311417 0.996912682508 0.996722636146
6.13126252505e-08 -0.012293874417 0.996918049931 0.996716566468
6.18937875752e-08 -0.0122936176923 0.996923417355 0.99671049679
6.24749498998e-08 -0.0122933609676 0.996928784779 0.996704427113
6.30561122244e-08 -0.0122931042429 0.996934152203 0.996698357435
6.36372745491e-08 -0.0122928475182 0.996939519627 0.996692287757
6.42184368737e-08 -0.0122925352366 0.996947013222 0.996684059171
6.47995991984e-08 -0.0122921656911 0.996956698317 0.996673605342
6.5380761523e-08 -0.0122917961456 0.996966383413 0.996663151514
6.59619238477e-08 -0.0122914266001 0.996976068508 0.996652697685
6.65430861723e-08 -0.0122910570546 0.996985753603 0.996642243856
6.7124248497e-08 -0.0122906875091 0.996995438699 0.996631790028
6.77054108216e-08 -0.0122903179635 0.997005123794 0.996621336199
6.82865731463e-08 -0.012289948418 0.997014808889 0.996610882371
6.88677354709e-08 -0.0122895788725 0.997024493985 0.996600428542
6.94488977956e-08 -0.012289209327 0.99703417908 0.996589974713
7.00300601202e-08 -0.0122886840897 0.997049844782 0.996573493134
7.06112224449e-08 -0.0122881100718 0.997067384296 0.996555122972
7.11923847695e-08 -0.012287536054 0.99708492381 0.99653675281
7.17735470942e-08 -0.0122869620361 0.997102463324 0.996518382648
7.23547094188e-08 -0.0122863880182 0.997120002839 0.996500012486
7.29358717435e-08 -0.0122858140004 0.997137542353 0.996481642324
7.35170340681e-08 -0.0122852399825 0.997155081867 0.996463272162
7.40981963928e-08 -0.0122846659646 0.997172621381 0.996444902
7.46793587174e-08 -0.0122840919468 0.997190160896 0.996426531837
7.52605210421e-08 -0.0122835179289 0.99720770041 0.996408161675
7.58416833667e-08 -0.0122826430499 0.997236824643 0.996378171265
7.64228456914e-08 -0.0122816936355 0.997268818878 0.996345302053
7.7004008016e-08 -0.012280744221 0.997300813112 0.99631243284
7.75851703407e-08 -0.0122797948066 0.997332807347 0.996279563627
7.81663326653e-08 -0.0122788453922 0.997364801581 0.996246694414
7.874749499e-08 -0.0122778959778 0.997396795816 0.996213825202
7.93286573146e-08 -0.0122769465633 0.99742879005 0.996180955989
7.99098196393e-08 -0.0122759971489 0.997460784285 0.996148086776
8.04909819639e-08 -0.0122750477345 0.997492778519 0.996115217564
8.10721442886e-08 -0.0122740983201 0.997524772754 0.996082348351
8.16533066132e-08 -0.0122727249209 0.997573122917 0.996033133968
8.22344689379e-08 -0.012271077126 0.997632058359 0.995973341269
8.28156312625e-08 -0.012269429331 0.997690993801 0.99591354857
8.33967935872e-08 -0.0122677815361 0.997749929242 0.995853755871
8.39779559118e-08 -0.0122661337412 0.997808864684 0.995793963172
8.45591182365e-08 -0.0122644859463 0.997867800126 0.995734170473
8.51402805611e-08 -0.0122628381514 0.997926735568 0.995674377774
8.57214428858e-08 -0.0122611903564 0.997985671009 0.995614585075
8.63026052104e-08 -0.0122595425615 0.998044606451 0.995554792376
8.68837675351e-08 -0.0122578947666 0.998103541893 0.995494999677
8.74649298597e-08 -0.0122560193184 0.998171276993 0.995426448274
8.80460921844e-08 -0.0122530545568 0.998281118171 0.995315986755
8.8627254509e-08 -0.0122500897953 0.998390959349 0.995205525236
8.92084168337e-08 -0.0122471250337 0.998500800527 0.995095063717
8.97895791583e-08 -0.0122441602721 0.998610641705 0.994984602197
9.0370741483e-08 -0.0122411955105 0.998720482883 0.994874140678
9.09519038076e-08 -0.012238230749 0.998830324061 0.994763679159
9.15330661323e-08 -0.0122352659874 0.998940165239 0.99465321764
9.21142284569e-08 -0.0122323012258 0.999050006417 0.994542756121
9.26953907816e-08 -0.0122293364642 0.999159847595 0.994432294602
9.32765531062e-08 -0.0122263717026 0.999269688773 0.994321833082
9.38577154309e-08 -0.0122221652702 0.999427667423 0.994163741641
9.44388777555e-08 -0.0122166824086 0.999635131064 0.993956686965
9.50200400802e-08 -0.012211199547 0.999842594705 0.99374963229
9.56012024048e-08 -0.0122057166854 1.00005005835 0.993542577614
9.61823647295e-08 -0.0122002338238 1.00025752199 0.993335522938
9.67635270541e-08 -0.0121947509622 1.00046498563 0.993128468263
9.73446893788e-08 -0.0121892681006 1.00067244927 0.992921413587
9.79258517034e-08 -0.012183785239 1.00087991291 0.992714358911
9.85070140281e-08 -0.0121783023774 1.00108737655 0.992507304236
9.90881763527e-08 -0.0121728195159 1.00129484019 0.99230024956
9.96693386774e-08 -0.0121673366543 1.00150230383 0.992093194884
1.00250501002e-07 -0.0121591091813 1.00181673106 0.991781411907
1.00831663327e-07 -0.0121487429221 1.00221451152 0.991388017575
1.01412825651e-07 -0.0121383766629 1.00261229197 0.990994623243
1.01993987976e-07 -0.0121280104037 1.00301007243 0.990601228911
1.02575150301e-07 -0.0121176441445 1.00340785289 0.990207834578
1.03156312625e-07 -0.0121072778853 1.00380563335 0.989814440246
1.0373747495e-07 -0.0120969116261 1.00420341381 0.989421045914
1.04318637275e-07 -0.0120865453669 1.00460119427 0.989027651582
1.04899799599e-07 -0.0120761791077 1.00499897473 0.98863425725
1.05480961924e-07 -0.0120658128485 1.00539675519 0.988240862917
1.06062124248e-07 -0.0120554465893 1.00579453565 0.987847468585
1.06643286573e-07 -0.0120414892054 1.0063336804 0.987318420046
1.07224448898e-07 -0.0120215143433 1.00710970262 0.986562062159
1.07805611222e-07 -0.0120015394812 1.00788572484 0.985805704271
1.08386773547e-07 -0.0119815646191 1.00866174706 0.985049346384
1.08967935872e-07 -0.011961589757 1.00943776929 0.984292988496
1.09549098196e-07 -0.0119416148949 1.01021379151 0.983536630609
1.10130260521e-07 -0.0119216400328 1.01098981373 0.982780272722
1.10711422846e-07 -0.0119016651707 1.01176583595 0.982023914834
1.1129258517e-07 -0.0118816903086 1.01254185817 0.981267556947
1.11873747495e-07 -0.0118617154465 1.01331788039 0.98051119906
1.1245490982e-07 -0.0118417405844 1.01409390261 0.979754841172
1.13036072144e-07 -0.0118217657224 1.01486992484 0.978998483285
1.13617234469e-07 -0.0117840958579 1.01635643374 0.977586921179
1.14198396794e-07 -0.0117449327702 1.0179028983 0.976120068532
1.14779559118e-07 -0.0117057696824 1.01944936286 0.974653215884
1.15360721443e-07 -0.0116666065946 1.02099582741 0.973186363237
1.15941883768e-07 -0.0116274435068 1.02254229197 0.971719510589
1.16523046092e-07 -0.011588280419 1.02408875652 0.970252657942
1.17104208417e-07 -0.0115491173312 1.02563522108 0.968785805295
1.17685370741e-07 -0.0115099542434 1.02718168563 0.967318952647
1.18266533066e-07 -0.0114707911556 1.02872815019 0.9658521
1.18847695391e-07 -0.0114316280678 1.03027461475 0.964385247352
1.19428857715e-07 -0.01139246498 1.0318210793 0.962918394705
1.2001002004e-07 -0.0113454756274 1.03369454506 0.961173251926
1.20591182365e-07 -0.0112674055074 1.03686664412 0.958322924099
1.21172344689e-07 -0.0111893353874 1.04003874319 0.955472596273
1.21753507014e-07 -0.0111112652673 1.04321084226 0.952622268446
1.22334669339e-07 -0.0110331951473 1.04638294133 0.949771940619
1.22915831663e-07 -0.0109551250273 1.0495550404 0.946921612793
1.23496993988e-07 -0.0108770549072 1.05272713946 0.944071284966
1.24078156313e-07 -0.0107989847872 1.05589923853 0.941220957139
1.24659318637e-07 -0.0107209146672 1.0590713376 0.938370629313
1.25240480962e-07 -0.0106428445471 1.06224343667 0.935520301486
1.25821643287e-07 -0.0105647744271 1.06541553574 0.932669973659
1.26402805611e-07 -0.0104867043071 1.0685876348 0.929819645832
1.26983967936e-07 -0.0103922557527 1.07250194394 0.926433762857
1.27565130261e-07 -0.010234024128 1.07930666593 0.92096225003
1.28146292585e-07 -0.0100757925032 1.08611138791 0.915490737202
1.2872745491e-07 -0.00991756087854 1.09291610989 0.910019224374
1.29308617234e-07 -0.00975932925384 1.09972083188 0.904547711547
1.29889779559e-07 -0.00960109762913 1.10652555386 0.899076198719
1.30470941884e-07 -0.00944286600443 1.11333027585 0.893604685891
1.31052104208e-07 -0.00928463437973 1.12013499783 0.888133173064
1.31633266533e-07 -0.00912640275502 1.12693971981 0.882661660236
1.32214428858e-07 -0.00896817113032 1.1337444418 0.877190147408
1.32795591182e-07 -0.00880993950561 1.14054916378 0.871718634581
1.33376753507e-07 -0.00865170788091 1.14735388577 0.866247121753
1.33957915832e-07 -0.0084934762562 1.15415860775 0.860775608926
1.34539078156e-07 -0.00817964020398 1.16930111047 0.851047785923
1.35120240481e-07 -0.00785322124139 1.18511784559 0.840975777538
1.35701402806e-07 -0.0075268022788 1.20093458072 0.830903769153
1.3628256513e-07 -0.00720038331621 1.21675131584 0.820831760768
1.36863727455e-07 -0.00687396435361 1.23256805097 0.810759752382
1.3744488978e-07 -0.00654754539102 1.24838478609 0.800687743997
1.38026052104e-07 -0.00622112642843 1.26420152122 0.790615735612
1.38607214429e-07 -0.00589470746584 1.28001825634 0.780543727227
1.39188376754e-07 -0.00556828850325 1.29583499147 0.770471718842
1.39769539078e-07 -0.00524186954066 1.31165172659 0.760399710457
1.40350701403e-07 -0.00491545057807 1.32746846172 0.750327702071
1.40931863727e-07 -0.00458903161548 1.34328519684 0.740255693686
1.41513026052e-07 -0.00413317951732 1.3674878398 0.727357413497
1.42094188377e-07 -0.00344431626443 1.40678715843 0.709371156001
1.42675350701e-07 -0.00275545301155 1.44608647705 0.691384898505
1.43256513026e-07 -0.00206658975866 1.48538579568 0.673398641008
1.43837675351e-07 -0.00137772650577 1.52468511431 0.655412383512
1.44418837675e-07 -0.000688863252887 1.56398443293 0.637426126015
1.45e-07 0 1.60328375156 0.619439868519
