-1.45e-07 0 	0 	1970223.39661 	
-1.44418837675e-07 6.99475201285e-13 	-6.99475201285e-13 	1849451.81275 	
-1.43837675351e-07 1.33409048798e-12 	-1.33409048798e-12 	1732884.34301 	
-1.43256513026e-07 0 	0 	1625963.93364 	
-1.42675350701e-07 1.40157990959e-13 	-1.40157990959e-13 	1525958.28627 	
-1.42094188377e-07 3.63634319332e-12 	-3.63634319332e-12 	1431368.9377 	
-1.41513026052e-07 0 	0 	1343264.64189 	
-1.40931863727e-07 0 	0 	1261913.01333 	
-1.40350701403e-07 0 	0 	1184132.34082 	
-1.39769539078e-07 0 	0 	1112465.73474 	
-1.39188376754e-07 0 	0 	1045156.22374 	
-1.38607214429e-07 0 	0 	980880.615422 	
-1.38026052104e-07 0 	0 	922584.154627 	
-1.3744488978e-07 0 	0 	865615.487825 	
-1.36863727455e-07 9.81534751373e-14 	-9.81534751373e-14 	814570.575207 	
-1.3628256513e-07 4.89843148464e-13 	-4.89843148464e-13 	764587.889152 	
-1.35701402806e-07 0 	0 	719418.929346 	
-1.35120240481e-07 0 	0 	675340.019039 	
-1.34539078156e-07 0 	0 	635576.488071 	
-1.33957915832e-07 0 	0 	596443.339917 	
-1.33376753507e-07 0 	0 	561630.983807 	
-1.32795591182e-07 0 	0 	526818.627698 	
-1.32214428858e-07 0 	0 	496308.280168 	
-1.31633266533e-07 0 	0 	466009.253575 	
-1.31052104208e-07 0 	0 	438470.291331 	
-1.30470941884e-07 0 	0 	412263.690441 	
-1.29889779559e-07 0 	0 	387112.410697 	
-1.29308617234e-07 3.282984191e-14 	-3.282984191e-14 	364595.116548 	
-1.2872745491e-07 5.47376145127e-13 	-5.47376145127e-13 	342077.822399 	
-1.28146292585e-07 2.42057975813e-13 	-2.42057975813e-13 	322147.549619 	
-1.27565130261e-07 3.36407359597e-13 	-3.36407359597e-13 	302935.287554 	
-1.26983967936e-07 7.51781092154e-13 	-7.51781092154e-13 	284190.651525 	
-1.26402805611e-07 1.16654960814e-13 	-1.16654960814e-13 	267919.165983 	
-1.25821643287e-07 0 	0 	251647.680442 	
-1.25240480962e-07 0 	0 	236438.771129 	
-1.24659318637e-07 2.32404829766e-15 	-2.32404829766e-15 	222765.014678 	
-1.24078156313e-07 1.32809431825e-12 	-1.32809431825e-12 	209091.258228 	
-1.23496993988e-07 1.19994103677e-12 	-1.19994103677e-12 	196616.924537 	
-1.22915831663e-07 0 	0 	185220.164611 	
-1.22334669339e-07 0 	0 	173823.404684 	
-1.21753507014e-07 0 	0 	163427.878036 	
-1.21172344689e-07 0 	0 	154010.634583 	
-1.20591182365e-07 0 	0 	144593.391129 	
-1.2001002004e-07 0 	0 	135755.311437 	
-1.19428857715e-07 0 	0 	128044.052652 	
-1.18847695391e-07 0 	0 	120332.793866 	
-1.18266533066e-07 0 	0 	112651.896224 	
-1.17685370741e-07 0 	0 	106397.436817 	
-1.17104208417e-07 1.2446572909e-13 	-1.2446572909e-13 	100142.97741 	
-1.16523046092e-07 5.10361879151e-13 	-5.10361879151e-13 	93888.5180027 	
-1.15941883768e-07 4.63715647441e-13 	-4.63715647441e-13 	88302.4592587 	
-1.15360721443e-07 8.89937819143e-14 	-8.89937819143e-14 	83280.0248978 	
-1.14779559118e-07 2.60097753773e-13 	-2.60097753773e-13 	78257.5905369 	
-1.14198396794e-07 6.01206385031e-13 	-6.01206385031e-13 	73235.156176 	
-1.13617234469e-07 3.22218250194e-13 	-3.22218250194e-13 	69137.7114829 	
-1.13036072144e-07 1.41660012768e-14 	-1.41660012768e-14 	65146.6530842 	
-1.1245490982e-07 4.68304031381e-13 	-4.68304031381e-13 	61155.5946855 	
-1.11873747495e-07 8.3551749293e-13 	-8.3551749293e-13 	57229.2635551 	
-1.1129258517e-07 3.91009591462e-13 	-3.91009591462e-13 	54092.4245494 	
-1.10711422846e-07 0 	0 	50955.5855437 	
-1.10130260521e-07 0 	0 	47818.746538 	
-1.09549098196e-07 0 	0 	44731.476101 	
-1.08967935872e-07 0 	0 	42294.2336573 	
-1.08386773547e-07 0 	0 	39856.9912137 	
-1.07805611222e-07 0 	0 	37419.7487701 	
-1.07224448898e-07 0 	0 	34982.5063265 	
-1.06643286573e-07 0 	0 	33039.7457196 	
-1.06062124248e-07 0 	0 	31168.7622371 	
-1.05480961924e-07 0 	0 	29297.7787546 	
-1.04899799599e-07 0 	0 	27426.7952721 	
-1.04318637275e-07 0 	0 	25770.251628 	
-1.0373747495e-07 0 	0 	24351.9848654 	
-1.03156312625e-07 4.32458436338e-14 	-4.32458436338e-14 	22933.7181028 	
-1.02575150301e-07 2.37860886937e-13 	-2.37860886937e-13 	21515.4513402 	
-1.01993987976e-07 4.3247593024e-13 	-4.3247593024e-13 	20097.1845776 	
-1.01412825651e-07 2.88651557191e-13 	-2.88651557191e-13 	18987.0587374 	
-1.00831663327e-07 9.58778613166e-14 	-9.58778613166e-14 	17926.08735 	
-1.00250501002e-07 0 	0 	16865.1159625 	
-9.96693386774e-08 0 	0 	15804.1445751 	
-9.90881763527e-08 0 	0 	14751.3292853 	
-9.85070140281e-08 0 	0 	13968.5551094 	
-9.79258517034e-08 0 	0 	13185.7809334 	
-9.73446893788e-08 1.76309958854e-13 	-1.76309958854e-13 	12403.0067575 	
-9.67635270541e-08 4.93417033698e-13 	-4.93417033698e-13 	11620.2325816 	
-9.61823647295e-08 8.10524108543e-13 	-8.10524108543e-13 	10837.4584056 	
-9.56012024048e-08 5.13491805185e-13 	-5.13491805185e-13 	10260.4894798 	
-9.50200400802e-08 1.98204812489e-13 	-1.98204812489e-13 	9691.27865246 	
-9.44388777555e-08 2.14042442476e-13 	-2.14042442476e-13 	9122.06782515 	
-9.38577154309e-08 7.90430735536e-13 	-7.90430735536e-13 	8552.85699784 	
-9.32765531062e-08 1.3668190286e-12 	-1.3668190286e-12 	7983.64617053 	
-9.26953907816e-08 1.1837590478e-12 	-1.1837590478e-12 	7520.12717572 	
-9.21142284569e-08 6.09882670625e-13 	-6.09882670625e-13 	7112.44946054 	
-9.15330661323e-08 3.60062934478e-14 	-3.60062934478e-14 	6704.77174536 	
-9.09519038076e-08 2.43801087907e-13 	-2.43801087907e-13 	6297.09403017 	
-9.0370741483e-08 5.03922796312e-13 	-5.03922796312e-13 	5889.41631499 	
-8.97895791583e-08 7.15158118631e-13 	-7.15158118631e-13 	5492.50348963 	
-8.92084168337e-08 4.55881927135e-13 	-4.55881927135e-13 	5205.12345144 	
-8.8627254509e-08 1.9660573564e-13 	-1.9660573564e-13 	4917.74341325 	
-8.80460921844e-08 1.71665653043e-13 	-1.71665653043e-13 	4630.36337505 	
-8.74649298597e-08 8.81869785496e-13 	-8.81869785496e-13 	4342.98333686 	
-8.68837675351e-08 1.59207391795e-12 	-1.59207391795e-12 	4055.60329867 	
-8.63026052104e-08 1.93272946043e-12 	-1.93272946043e-12 	3790.87012431 	
-8.57214428858e-08 1.22421508482e-12 	-1.22421508482e-12 	3591.63571566 	
-8.51402805611e-08 5.15700709209e-13 	-5.15700709209e-13 	3392.40130702 	
-8.45591182365e-08 0 	0 	3193.16689837 	
-8.39779559118e-08 0 	0 	2993.93248972 	
-8.33967935872e-08 0 	0 	2794.69808107 	
-8.28156312625e-08 0 	0 	2604.59117934 	
-8.22344689379e-08 0 	0 	2468.85559933 	
-8.16533066132e-08 0 	0 	2333.12001932 	
-8.10721442886e-08 0 	0 	2197.38443931 	
-8.04909819639e-08 0 	0 	2061.6488593 	
-7.99098196393e-08 0 	0 	1925.91327929 	
-7.93286573146e-08 0 	0 	1790.17769928 	
-7.874749499e-08 0 	0 	1687.53590692 	
-7.81663326653e-08 0 	0 	1596.73809668 	
-7.75851703407e-08 0 	0 	1505.94028643 	
-7.7004008016e-08 4.05120511264e-14 	-4.05120511264e-14 	1415.14247619 	
-7.64228456914e-08 1.29058343345e-13 	-1.29058343345e-13 	1324.34466594 	
-7.58416833667e-08 2.17604635564e-13 	-2.17604635564e-13 	1233.5468557 	
-7.52605210421e-08 3.02210000389e-13 	-3.02210000389e-13 	1143.40001065 	
-7.46793587174e-08 2.13736300999e-13 	-2.13736300999e-13 	1083.81862265 	
-7.40981963928e-08 1.2526260161e-13 	-1.2526260161e-13 	1024.23723465 	
-7.35170340681e-08 3.67889022208e-14 	-3.67889022208e-14 	964.655846651 	
-7.29358717435e-08 4.80821402729e-14 	-4.80821402729e-14 	905.074458651 	
-7.23547094188e-08 1.30388835037e-13 	-1.30388835037e-13 	845.493070652 	
-7.17735470942e-08 2.12695529801e-13 	-2.12695529801e-13 	785.911682652 	
-7.11923847695e-08 2.95002224566e-13 	-2.95002224566e-13 	726.330294652 	
-7.06112224449e-08 2.15514294697e-13 	-2.15514294697e-13 	687.63676216 	
-7.00300601202e-08 1.33252432028e-13 	-1.33252432028e-13 	649.322573942 	
-6.94488977956e-08 5.09905693585e-14 	-5.09905693585e-14 	611.008385724 	
-6.88677354709e-08 0 	0 	572.694197505 	
-6.82865731463e-08 0 	0 	534.380009287 	
-6.77054108216e-08 0 	0 	496.065821069 	
-6.7124248497e-08 0 	0 	457.751632851 	
-6.65430861723e-08 0 	0 	428.024268549 	
-6.59619238477e-08 0 	0 	403.907421942 	
-6.5380761523e-08 0 	0 	379.790575334 	
-6.47995991984e-08 0 	0 	355.673728727 	
-6.42184368737e-08 1.11951524461e-13 	-1.11951524461e-13 	331.556882119 	
-6.36372745491e-08 2.46914994228e-13 	-2.46914994228e-13 	307.440035511 	
-6.30561122244e-08 3.81878463995e-13 	-3.81878463995e-13 	283.323188904 	
-6.24749498998e-08 5.16841933761e-13 	-5.16841933761e-13 	259.206342296 	
-6.18937875752e-08 4.16198598985e-13 	-4.16198598985e-13 	243.185115364 	
-6.13126252505e-08 2.81263639218e-13 	-2.81263639218e-13 	228.346616043 	
-6.07314629259e-08 1.4632867945e-13 	-1.4632867945e-13 	213.508116723 	
-6.01503006012e-08 1.13937196827e-14 	-1.13937196827e-14 	198.669617403 	
-5.95691382766e-08 0 	0 	183.831118082 	
-5.89879759519e-08 0 	0 	168.992618762 	
-5.84068136273e-08 0 	0 	154.154119441 	
-5.78256513026e-08 0 	0 	139.315620121 	
-5.7244488978e-08 0 	0 	129.032894504 	
-5.66633266533e-08 0 	0 	120.124751195 	
-5.60821643287e-08 0 	0 	111.216607886 	
-5.5501002004e-08 0 	0 	102.308464577 	
-5.49198396794e-08 0 	0 	93.400321268 	
-5.43386773547e-08 0 	0 	84.492177959 	
-5.37575150301e-08 0 	0 	75.5840346499 	
-5.31763527054e-08 0 	0 	66.6758913408 	
-5.25951903808e-08 0 	0 	58.7823731882 	
-5.20140280561e-08 0 	0 	53.5776090428 	
-5.14328657315e-08 0 	0 	48.3728448975 	
-5.08517034068e-08 0 	0 	43.1680807522 	
-5.02705410822e-08 0 	0 	37.9633166069 	
-4.96893787575e-08 9.32202133263e-14 	-9.32202133263e-14 	32.7585524616 	
-4.91082164329e-08 1.93772501942e-13 	-1.93772501942e-13 	27.5537883163 	
-4.85270541082e-08 2.94324790558e-13 	-2.94324790558e-13 	22.349024171 	
-4.79458917836e-08 3.94877079173e-13 	-3.94877079173e-13 	17.1442600256 	
-4.73647294589e-08 4.20804379762e-13 	-4.20804379762e-13 	12.7770130951 	
-4.67835671343e-08 3.20253385868e-13 	-3.20253385868e-13 	9.8294121339 	
-4.62024048096e-08 2.19702391974e-13 	-2.19702391974e-13 	6.88181117269 	
-4.5621242485e-08 1.19151398079e-13 	-1.19151398079e-13 	3.93421021149 	
-4.50400801603e-08 1.86004041852e-14 	-1.86004041852e-14 	0.986609250285 	
-4.44589178357e-08 0 	0 	-1.96099171092 	
-4.3877755511e-08 0 	0 	-4.90859267212 	
-4.32965931864e-08 0 	0 	-7.85619363333 	
-4.27154308617e-08 0 	0 	-10.8037945945 	
-4.21342685371e-08 0 	0 	-13.6980468327 	
-4.15531062124e-08 0 	0 	-15.3044455411 	
-4.09719438878e-08 0 	0 	-16.9108442496 	
-4.03907815631e-08 0 	0 	-18.5172429581 	
-3.98096192385e-08 0 	0 	-20.1236416666 	
-3.92284569138e-08 0 	0 	-21.7300403751 	
-3.86472945892e-08 0 	0 	-23.3364390836 	
-3.80661322645e-08 0 	0 	-24.9428377921 	
-3.74849699399e-08 0 	0 	-26.5492365005 	
-3.69038076152e-08 0 	0 	-28.155635209 	
-3.63226452906e-08 0 	0 	-29.5606085172 	
-3.57414829659e-08 0 	0 	-30.3909457803 	
-3.51603206413e-08 0 	0 	-31.2212830433 	
-3.45791583166e-08 0 	0 	-32.0516203064 	
-3.3997995992e-08 0 	0 	-32.8819575694 	
-3.34168336673e-08 9.65414673891e-15 	-9.65414673891e-15 	-33.7122948325 	
-3.28356713427e-08 4.75792594869e-14 	-4.75792594869e-14 	-34.5426320955 	
-3.2254509018e-08 8.55043722349e-14 	-8.55043722349e-14 	-35.3729693585 	
-3.16733466934e-08 1.23429484983e-13 	-1.23429484983e-13 	-36.2033066216 	
-3.10921843687e-08 1.61354597731e-13 	-1.61354597731e-13 	-37.0336438846 	
-3.05110220441e-08 1.98623383415e-13 	-1.98623383415e-13 	-37.8601536712 	
-2.99298597194e-08 1.60696686874e-13 	-1.60696686874e-13 	-38.2536784344 	
-2.93486973948e-08 1.22769990332e-13 	-1.22769990332e-13 	-38.6472031975 	
-2.87675350701e-08 8.48432937913e-14 	-8.48432937913e-14 	-39.0407279607 	
-2.81863727455e-08 4.69165972501e-14 	-4.69165972501e-14 	-39.4342527239 	
-2.76052104208e-08 8.9899007089e-15 	-8.9899007089e-15 	-39.8277774871 	
-2.70240480962e-08 1.05364450091e-13 	-1.05364450091e-13 	-40.2213022502 	
-2.64428857715e-08 2.43462861124e-13 	-2.43462861124e-13 	-40.6148270134 	
-2.58617234469e-08 3.81561272157e-13 	-3.81561272157e-13 	-41.0083517766 	
-2.52805611222e-08 5.1965968319e-13 	-5.1965968319e-13 	-41.4018765398 	
-2.46993987976e-08 6.57758094223e-13 	-6.57758094223e-13 	-41.7954013029 	
-2.41182364729e-08 7.22760551052e-13 	-7.22760551052e-13 	-42.1256405711 	
-2.35370741483e-08 5.84655427713e-13 	-5.84655427713e-13 	-42.2801527009 	
-2.29559118236e-08 4.46550304374e-13 	-4.46550304374e-13 	-42.4346648307 	
-2.2374749499e-08 3.08445181036e-13 	-3.08445181036e-13 	-42.5891769604 	
-2.17935871743e-08 1.70340057697e-13 	-1.70340057697e-13 	-42.7436890902 	
-2.12124248497e-08 3.22349343584e-14 	-3.22349343584e-14 	-42.89820122 	
-2.0631262525e-08 0 	0 	-43.0527133497 	
-2.00501002004e-08 0 	0 	-43.2072254795 	
-1.94689378758e-08 0 	0 	-43.3617376093 	
-1.88877755511e-08 0 	0 	-43.516249739 	
-1.83066132265e-08 0 	0 	-43.6707618688 	
-1.77254509018e-08 0 	0 	-43.8247812752 	
-1.71442885772e-08 0 	0 	-43.8519331652 	
-1.65631262525e-08 0 	0 	-43.8790850552 	
-1.59819639279e-08 0 	0 	-43.9062369452 	
-1.54008016032e-08 0 	0 	-43.9333888351 	
-1.48196392786e-08 0 	0 	-43.9605407251 	
-1.42384769539e-08 1.37990918737e-14 	-1.37990918737e-14 	-43.9876926151 	
-1.36573146293e-08 7.10220318589e-14 	-7.10220318589e-14 	-44.014844505 	
-1.30761523046e-08 1.28244971844e-13 	-1.28244971844e-13 	-44.041996395 	
-1.249498998e-08 1.85467911829e-13 	-1.85467911829e-13 	-44.069148285 	
-1.19138276553e-08 2.42690851814e-13 	-2.42690851814e-13 	-44.096300175 	
-1.13326653307e-08 2.999137918e-13 	-2.999137918e-13 	-44.1234520649 	
-1.0751503006e-08 3.34133389504e-13 	-3.34133389504e-13 	-44.1371376216 	
-1.01703406814e-08 2.76907247368e-13 	-2.76907247368e-13 	-44.0973464244 	
-9.58917835671e-09 2.19681105233e-13 	-2.19681105233e-13 	-44.0575552272 	
-9.00801603206e-09 1.62454963097e-13 	-1.62454963097e-13 	-44.01776403 	
-8.42685370741e-09 1.05228820961e-13 	-1.05228820961e-13 	-43.9779728328 	
-7.84569138277e-09 4.80026788251e-14 	-4.80026788251e-14 	-43.9381816356 	
-7.26452905812e-09 8.39610184652e-15 	-8.39610184652e-15 	-43.8983904385 	
-6.68336673347e-09 6.04889547661e-14 	-6.04889547661e-14 	-43.8585992413 	
-6.10220440882e-09 1.12581807686e-13 	-1.12581807686e-13 	-43.8188080441 	
-5.52104208417e-09 1.64674660605e-13 	-1.64674660605e-13 	-43.7790168469 	
-4.93987975952e-09 2.16767513525e-13 	-2.16767513525e-13 	-43.7392256497 	
-4.35871743487e-09 2.68860366444e-13 	-2.68860366444e-13 	-43.6994344525 	
-3.77755511022e-09 3.20953219364e-13 	-3.20953219364e-13 	-43.6596432553 	
-3.19639278557e-09 2.86527107537e-13 	-2.86527107537e-13 	-43.5897382286 	
-2.61523046092e-09 2.34431269803e-13 	-2.34431269803e-13 	-43.5136909874 	
-2.03406813627e-09 1.82335432069e-13 	-1.82335432069e-13 	-43.4376437462 	
-1.45290581162e-09 1.30239594335e-13 	-1.30239594335e-13 	-43.361596505 	
-8.71743486974e-10 7.81437566011e-14 	-7.81437566011e-14 	-43.2855492639 	
-2.90581162324e-10 2.6047918867e-14 	-2.6047918867e-14 	-43.2095020227 	
2.90581162325e-10 0 	0 	-43.1334547815 	
8.71743486974e-10 0 	0 	-43.0574075403 	
1.45290581162e-09 0 	0 	-42.9813602992 	
2.03406813627e-09 0 	0 	-42.905313058 	
2.61523046092e-09 0 	0 	-42.8292658168 	
3.19639278557e-09 0 	0 	-42.7532185756 	
3.77755511022e-09 0 	0 	-42.6729952307 	
4.35871743487e-09 0 	0 	-42.5722974336 	
4.93987975952e-09 0 	0 	-42.4715996365 	
5.52104208417e-09 0 	0 	-42.3709018394 	
6.10220440882e-09 0 	0 	-42.2702040423 	
6.68336673347e-09 0 	0 	-42.1695062453 	
7.26452905812e-09 0 	0 	-42.0688084482 	
7.84569138277e-09 2.40924828739e-13 	-2.40924828739e-13 	-41.9681106511 	
8.42685370742e-09 5.28142101419e-13 	-5.28142101419e-13 	-41.867412854 	
9.00801603206e-09 8.15359374099e-13 	-8.15359374099e-13 	-41.7667150569 	
9.58917835671e-09 1.10257664678e-12 	-1.10257664678e-12 	-41.6660172598 	
1.01703406814e-08 1.38979391946e-12 	-1.38979391946e-12 	-41.5653194627 	
1.0751503006e-08 1.67701119214e-12 	-1.67701119214e-12 	-41.4646216656 	
1.13326653307e-08 1.50542680929e-12 	-1.50542680929e-12 	-41.3425323299 	
1.19138276553e-08 1.21819444347e-12 	-1.21819444347e-12 	-41.21505625 	
1.249498998e-08 9.30962077653e-13 	-9.30962077653e-13 	-41.0875801701 	
1.30761523046e-08 6.43729711835e-13 	-6.43729711835e-13 	-40.9601040902 	
1.36573146293e-08 3.56497346017e-13 	-3.56497346017e-13 	-40.8326280103 	
1.42384769539e-08 6.92649801993e-14 	-6.92649801993e-14 	-40.7051519304 	
1.48196392786e-08 0 	0 	-40.5776758505 	
1.54008016032e-08 0 	0 	-40.4501997706 	
1.59819639279e-08 0 	0 	-40.3227236907 	
1.65631262525e-08 0 	0 	-40.1952476109 	
1.71442885772e-08 0 	0 	-40.067771531 	
1.77254509018e-08 0 	0 	-39.9402954511 	
1.83066132265e-08 0 	0 	-39.7710445469 	
1.88877755511e-08 0 	0 	-39.6016313992 	
1.94689378758e-08 0 	0 	-39.4322182515 	
2.00501002004e-08 0 	0 	-39.2628051038 	
2.06312625251e-08 0 	0 	-39.0933919561 	
2.12124248497e-08 0 	0 	-38.9239788085 	
2.17935871743e-08 0 	0 	-38.7545656608 	
2.2374749499e-08 0 	0 	-38.5851525131 	
2.29559118236e-08 0 	0 	-38.4157393654 	
2.35370741483e-08 0 	0 	-38.2463262177 	
2.41182364729e-08 0 	0 	-38.07691307 	
2.46993987976e-08 0 	0 	-37.852625494 	
2.52805611222e-08 0 	0 	-37.608575715 	
2.58617234469e-08 0 	0 	-37.3645259361 	
2.64428857715e-08 0 	0 	-37.1204761571 	
2.70240480962e-08 0 	0 	-36.8764263782 	
2.76052104208e-08 8.99363851069e-15 	-8.99363851069e-15 	-36.6323765993 	
2.81863727455e-08 4.6936104133e-14 	-4.6936104133e-14 	-36.3883268203 	
2.87675350701e-08 8.48785697552e-14 	-8.48785697552e-14 	-36.1442770414 	
2.93486973948e-08 1.22821035378e-13 	-1.22821035378e-13 	-35.9002272625 	
2.99298597194e-08 1.60763501e-13 	-1.60763501e-13 	-35.6561774835 	
3.05110220441e-08 1.98705966622e-13 	-1.98705966622e-13 	-35.4121277046 	
3.10921843687e-08 1.61434724484e-13 	-1.61434724484e-13 	-35.0347448475 	
3.16733466934e-08 1.23490778581e-13 	-1.23490778581e-13 	-34.6561833602 	
3.2254509018e-08 8.5546832678e-14 	-8.5546832678e-14 	-34.2776218729 	
3.28356713427e-08 4.76028867751e-14 	-4.76028867751e-14 	-33.8990603856 	
3.34168336673e-08 9.65894087208e-15 	-9.65894087208e-15 	-33.5204988983 	
3.3997995992e-08 0 	0 	-33.1419374109 	
3.45791583166e-08 0 	0 	-32.7633759236 	
3.51603206413e-08 0 	0 	-32.3848144363 	
3.57414829659e-08 0 	0 	-32.006252949 	
3.63226452906e-08 0 	0 	-31.6276914617 	
3.69038076152e-08 0 	0 	-31.0728766725 	
3.74849699399e-08 0 	0 	-30.4562803571 	
3.80661322645e-08 0 	0 	-29.8396840416 	
3.86472945892e-08 0 	0 	-29.2230877262 	
3.92284569138e-08 0 	0 	-28.6064914108 	
3.98096192385e-08 0 	0 	-27.9898950953 	
4.03907815631e-08 0 	0 	-27.3732987799 	
4.09719438878e-08 0 	0 	-26.7567024645 	
4.15531062124e-08 0 	0 	-26.140106149 	
4.21342685371e-08 0 	0 	-25.5235098336 	
4.27154308617e-08 0 	0 	-24.5124078635 	
4.32965931864e-08 0 	0 	-23.4849636834 	
4.3877755511e-08 0 	0 	-22.4575195032 	
4.44589178357e-08 0 	0 	-21.430075323 	
4.50400801603e-08 9.35749991575e-14 	-9.35749991575e-14 	-20.4026311429 	
4.5621242485e-08 5.99427402967e-13 	-5.99427402967e-13 	-19.3751869627 	
4.62024048096e-08 1.10527980678e-12 	-1.10527980678e-12 	-18.3477427825 	
4.67835671343e-08 1.61113221059e-12 	-1.61113221059e-12 	-17.3202986024 	
4.73647294589e-08 2.1169846144e-12 	-2.1169846144e-12 	-16.2928544222 	
4.79458917836e-08 1.98655432724e-12 	-1.98655432724e-12 	-14.8307474891 	
4.85270541082e-08 1.48069416316e-12 	-1.48069416316e-12 	-13.1122121605 	
4.91082164329e-08 9.74833999074e-13 	-9.74833999074e-13 	-11.3936768319 	
4.96893787575e-08 4.68973834991e-13 	-4.68973834991e-13 	-9.67514150325 	
5.02705410822e-08 4.02972076116e-15 	-4.02972076116e-15 	-7.95660617463 	
5.08517034068e-08 5.92934256502e-14 	-5.92934256502e-14 	-6.238070846 	
5.14328657315e-08 1.14557130539e-13 	-1.14557130539e-13 	-4.51953551738 	
5.20140280561e-08 1.69820835428e-13 	-1.69820835428e-13 	-2.80100018875 	
5.25951903808e-08 2.25084540317e-13 	-2.25084540317e-13 	-1.08246486013 	
5.31763527054e-08 2.00102491103e-13 	-2.00102491103e-13 	1.45911929785 	
5.37575150301e-08 1.44838744286e-13 	-1.44838744286e-13 	4.31128822666 	
5.43386773547e-08 8.95749974681e-14 	-8.95749974681e-14 	7.16345715547 	
5.49198396794e-08 3.43112506506e-14 	-3.43112506506e-14 	10.0156260843 	
5.5501002004e-08 0 	0 	12.8677950131 	
5.60821643287e-08 0 	0 	15.7199639419 	
5.66633266533e-08 0 	0 	18.5721328707 	
5.7244488978e-08 0 	0 	21.4243017995 	
5.78256513026e-08 0 	0 	24.6971917389 	
5.84068136273e-08 0 	0 	29.3644759653 	
5.89879759519e-08 0 	0 	34.0317601917 	
5.95691382766e-08 0 	0 	38.6990444181 	
6.01503006012e-08 0 	0 	43.3663286446 	
6.07314629259e-08 0 	0 	48.033612871 	
6.13126252505e-08 0 	0 	52.7008970974 	
6.18937875752e-08 0 	0 	57.3681813238 	
6.24749498998e-08 0 	0 	62.3974413333 	
6.30561122244e-08 0 	0 	69.904379417 	
6.36372745491e-08 0 	0 	77.4113175007 	
6.42184368737e-08 0 	0 	84.9182555844 	
6.47995991984e-08 0 	0 	92.4251936681 	
6.5380761523e-08 0 	0 	99.9321317518 	
6.59619238477e-08 0 	0 	107.439069836 	
6.65430861723e-08 0 	0 	114.946007919 	
6.7124248497e-08 0 	0 	124.169988239 	
6.77054108216e-08 0 	0 	136.021879232 	
6.82865731463e-08 0 	0 	147.873770226 	
6.88677354709e-08 0 	0 	159.72566122 	
6.94488977956e-08 0 	0 	171.577552213 	
7.00300601202e-08 0 	0 	183.429443207 	
7.06112224449e-08 0 	0 	195.2813342 	
7.11923847695e-08 0 	0 	207.249317043 	
7.17735470942e-08 0 	0 	225.609672006 	
7.23547094188e-08 0 	0 	243.970026969 	
7.29358717435e-08 0 	0 	262.330381931 	
7.35170340681e-08 0 	0 	280.690736894 	
7.40981963928e-08 0 	0 	299.051091857 	
7.46793587174e-08 0 	0 	317.41144682 	
7.52605210421e-08 0 	0 	335.771801783 	
7.58416833667e-08 0 	0 	363.486074984 	
7.64228456914e-08 0 	0 	391.399562456 	
7.7004008016e-08 0 	0 	419.313049928 	
7.75851703407e-08 1.06371632188e-13 	-1.06371632188e-13 	447.2265374 	
7.81663326653e-08 3.02457037376e-13 	-3.02457037376e-13 	475.140024872 	
7.874749499e-08 4.98542442564e-13 	-4.98542442564e-13 	503.053512344 	
7.93286573146e-08 5.91053676925e-13 	-5.91053676925e-13 	534.591580197 	
7.99098196393e-08 3.95038588831e-13 	-3.95038588831e-13 	576.257246375 	
8.04909819639e-08 1.99023500738e-13 	-1.99023500738e-13 	617.922912554 	
8.10721442886e-08 3.00841264486e-15 	-3.00841264486e-15 	659.588578732 	
8.16533066132e-08 0 	0 	701.254244911 	
8.22344689379e-08 0 	0 	742.919911089 	
8.28156312625e-08 0 	0 	784.585577268 	
8.33967935872e-08 0 	0 	842.89032641 	
8.39779559118e-08 0 	0 	903.988337517 	
8.45591182365e-08 0 	0 	965.086348625 	
8.51402805611e-08 0 	0 	1026.18435973 	
8.57214428858e-08 0 	0 	1087.28237084 	
8.63026052104e-08 0 	0 	1148.38038195 	
8.68837675351e-08 0 	0 	1229.52283836 	
8.74649298597e-08 0 	0 	1317.59586542 	
8.80460921844e-08 0 	0 	1405.66889248 	
8.8627254509e-08 9.7427350824e-14 	-9.7427350824e-14 	1493.74191954 	
8.92084168337e-08 2.25910847946e-13 	-2.25910847946e-13 	1581.81494661 	
8.97895791583e-08 3.54394345067e-13 	-3.54394345067e-13 	1669.88797367 	
9.0370741483e-08 2.48656651114e-13 	-2.48656651114e-13 	1791.48133999 	
9.09519038076e-08 1.20301686093e-13 	-1.20301686093e-13 	1916.36908754 	
9.15330661323e-08 0 	0 	2041.2568351 	
9.21142284569e-08 0 	0 	2166.14458265 	
9.26953907816e-08 0 	0 	2291.03233021 	
9.32765531062e-08 0 	0 	2433.00940942 	
9.38577154309e-08 0 	0 	2607.33178571 	
9.44388777555e-08 0 	0 	2781.654162 	
9.50200400802e-08 1.45867117664e-13 	-1.45867117664e-13 	2955.97653829 	
9.56012024048e-08 3.77899853319e-13 	-3.77899853319e-13 	3130.29891457 	
9.61823647295e-08 5.92009865456e-13 	-5.92009865456e-13 	3306.99557571 	
9.67635270541e-08 3.60393662144e-13 	-3.60393662144e-13 	3546.67677943 	
9.73446893788e-08 1.28777458831e-13 	-1.28777458831e-13 	3786.35798316 	
9.79258517034e-08 0 	0 	4026.03918688 	
9.85070140281e-08 0 	0 	4265.7203906 	
9.90881763527e-08 0 	0 	4505.40159432 	
9.96693386774e-08 0 	0 	4827.72802469 	
1.00250501002e-07 0 	0 	5152.5506029 	
1.00831663327e-07 9.24613092576e-14 	-9.24613092576e-14 	5477.37318111 	
1.01412825651e-07 2.78365626127e-13 	-2.78365626127e-13 	5802.19575932 	
1.01993987976e-07 4.11868327603e-13 	-4.11868327603e-13 	6142.06234949 	
1.02575150301e-07 2.26526747166e-13 	-2.26526747166e-13 	6576.23729766 	
1.03156312625e-07 4.11851667289e-14 	-4.11851667289e-14 	7010.41224584 	
1.0373747495e-07 7.91808757131e-14 	-7.91808757131e-14 	7444.58719402 	
1.04318637275e-07 1.80983551484e-13 	-1.80983551484e-13 	7878.76214219 	
1.04899799599e-07 1.74946979616e-13 	-1.74946979616e-13 	8385.86568555 	
1.05480961924e-07 7.35363439999e-14 	-7.35363439999e-14 	8958.60210139 	
1.06062124248e-07 6.1242112242e-14 	-6.1242112242e-14 	9531.33851722 	
1.06643286573e-07 2.8404962299e-13 	-2.8404962299e-13 	10104.0749331 	
1.07224448898e-07 4.4819319696e-13 	-4.4819319696e-13 	10698.7807593 	
1.07805611222e-07 2.26463796996e-13 	-2.26463796996e-13 	11444.8366776 	
1.08386773547e-07 4.73439703264e-15 	-4.73439703264e-15 	12190.892596 	
1.08967935872e-07 2.35398332832e-13 	-2.35398332832e-13 	12936.9485143 	
1.09549098196e-07 4.75932586554e-13 	-4.75932586554e-13 	13683.0044327 	
1.10130260521e-07 2.6786393226e-13 	-2.6786393226e-13 	14628.0269834 	
1.10711422846e-07 2.87752790174e-14 	-2.87752790174e-14 	15588.2219441 	
1.1129258517e-07 3.50943459781e-13 	-3.50943459781e-13 	16548.4169048 	
1.11873747495e-07 7.49903342729e-13 	-7.49903342729e-13 	17508.6118654 	
1.1245490982e-07 4.08366575916e-13 	-4.08366575916e-13 	18710.4687108 	
1.13036072144e-07 1.23529182925e-14 	-1.23529182925e-14 	19932.1384374 	
1.13617234469e-07 1.40489035661e-13 	-1.40489035661e-13 	21153.808164 	
1.14198396794e-07 2.53289257139e-13 	-2.53289257139e-13 	22408.042784 	
1.14779559118e-07 1.09579619374e-13 	-1.09579619374e-13 	23945.4171647 	
1.15360721443e-07 3.74932294008e-14 	-3.74932294008e-14 	25482.7915454 	
1.15941883768e-07 1.95364179072e-13 	-1.95364179072e-13 	27020.1659261 	
1.16523046092e-07 2.06529063885e-13 	-2.06529063885e-13 	28730.061184 	
1.17104208417e-07 5.03677715064e-14 	-5.03677715064e-14 	30644.548493 	
1.17685370741e-07 0 	0 	32559.035802 	
1.18266533066e-07 0 	0 	34473.523111 	
1.18847695391e-07 0 	0 	36824.5935212 	
1.19428857715e-07 0 	0 	39184.9564206 	
1.2001002004e-07 0 	0 	41545.3193201 	
1.20591182365e-07 0 	0 	44250.5012953 	
1.21172344689e-07 1.6163521182e-14 	-1.6163521182e-14 	47132.9134868 	
1.21753507014e-07 4.18578784548e-13 	-4.18578784548e-13 	50015.3256782 	
1.22334669339e-07 4.15589797994e-13 	-4.15589797994e-13 	53197.0095192 	
1.22915831663e-07 2.04523372355e-14 	-2.04523372355e-14 	56684.9857887 	
1.23496993988e-07 0 	0 	60172.9620582 	
1.24078156313e-07 0 	0 	63990.4200619 	
1.24659318637e-07 0 	0 	68174.6166634 	
1.25240480962e-07 1.40180318732e-12 	-1.40180318732e-12 	72358.8132649 	
1.25821643287e-07 1.11807920712e-12 	-1.11807920712e-12 	77012.0485929 	
1.26402805611e-07 0 	0 	81989.9352393 	
1.26983967936e-07 0 	0 	86967.8218857 	
1.27565130261e-07 0 	0 	92700.5117764 	
1.28146292585e-07 1.32968084463e-13 	-1.32968084463e-13 	98575.9207012 	
1.2872745491e-07 2.7450210446e-13 	-2.7450210446e-13 	104670.13123 	
1.29308617234e-07 1.6463743942e-14 	-1.6463743942e-14 	111552.692701 	
1.29889779559e-07 0 	0 	118435.254173 	
1.30470941884e-07 0 	0 	126118.808822 	
1.31052104208e-07 0 	0 	134123.285895 	
1.31633266533e-07 0 	0 	142531.812248 	
1.32214428858e-07 0 	0 	151777.350282 	
1.32795591182e-07 0 	0 	161086.742123 	
1.33376753507e-07 0 	0 	171696.050711 	
1.33957915832e-07 0 	0 	182305.359299 	
1.34539078156e-07 0 	0 	194214.243556 	
1.35120240481e-07 2.7575573776e-13 	-2.7575573776e-13 	206312.729664 	
1.35701402806e-07 6.807357715e-14 	-6.807357715e-14 	219701.643809 	
1.3628256513e-07 0 	0 	233416.515494 	
1.36863727455e-07 0 	0 	248560.515034 	
1.3744488978e-07 0 	0 	264019.874751 	
1.38026052104e-07 0 	0 	281222.533767 	
1.38607214429e-07 0 	0 	298813.197482 	
1.39188376754e-07 0 	0 	318144.947029 	
1.39769539078e-07 0 	0 	338349.105509 	
1.40350701403e-07 4.8109244146e-13 	-4.8109244146e-13 	359806.161348 	
1.40931863727e-07 2.16732197451e-14 	-2.16732197451e-14 	382995.54964 	
1.41513026052e-07 0 	0 	407188.279934 	
1.42094188377e-07 6.2210813767e-14 	-6.2210813767e-14 	433261.723897 	
1.42675350701e-07 1.7198096116e-15 	-1.7198096116e-15 	461106.077957 	
1.43256513026e-07 1.64226737695e-13 	-1.64226737695e-13 	490412.504026 	
1.43837675351e-07 0 	0 	521565.307953 	
1.44418837675e-07 1.3212714564e-14 	-1.3212714564e-14 	555229.82362 	
1.45e-07 0 	0 	589976.954011 	
