-1.45e-07 -0.0147207131881 0.760209647627 1.31203358985
-1.44418837675e-07 -0.0143104490372 0.772399699426 1.29142560594
-1.43837675351e-07 -0.0139221860462 0.784064372335 1.27213818538
-1.43256513026e-07 -0.0135609817823 0.795107355171 1.25450817139
-1.42675350701e-07 -0.0132208820353 0.805644644974 1.23812874713
-1.42094188377e-07 -0.0128982165632 0.815753814178 1.22276253713
-1.41513026052e-07 -0.0125917277836 0.825459070592 1.20832373298
-1.40931863727e-07 -0.0123090156829 0.834549703923 1.19520986774
-1.40350701403e-07 -0.0120407084615 0.843255041422 1.18287624283
-1.39769539078e-07 -0.011784990265 0.85162032401 1.17121897581
-1.39188376754e-07 -0.0115471302444 0.859492513422 1.1605033792
-1.38607214429e-07 -0.0113234694231 0.866960873973 1.15051778861
-1.38026052104e-07 -0.0111094470354 0.874152337464 1.14102347852
-1.3744488978e-07 -0.0109109173617 0.880890915389 1.1323069103
-1.36863727455e-07 -0.0107236432192 0.887291981175 1.12414286376
-1.3628256513e-07 -0.0105436467642 0.89347423452 1.11633524332
-1.35701402806e-07 -0.0103793319678 0.899175028407 1.10928143729
-1.35120240481e-07 -0.01022154296 0.904671049628 1.1025352343
-1.34539078156e-07 -0.0100725466298 0.909891165499 1.09620348765
-1.33957915832e-07 -0.00993440392859 0.914763780926 1.09037407768
-1.33376753507e-07 -0.00980044390889 0.919501975669 1.08473759828
-1.32795591182e-07 -0.0096787680454 0.923839507703 1.07966008378
-1.32214428858e-07 -0.00956100907714 0.928047088434 1.07475801236
-1.31633266533e-07 -0.00945144007385 0.931982949716 1.07022278065
-1.31052104208e-07 -0.00934790986046 0.935715301713 1.0659541201
-1.30470941884e-07 -0.00924948181653 0.939275708856 1.06191068533
-1.29889779559e-07 -0.00915840305463 0.942584867985 1.05818733766
-1.29308617234e-07 -0.00907020190934 0.945795650775 1.05458932032
-1.2872745491e-07 -0.0089899818531 0.948729989666 1.0513346342
-1.28146292585e-07 -0.00891114484479 0.951616423419 1.04813944417
-1.27565130261e-07 -0.00884036437107 0.954220448141 1.04528692054
-1.26983967936e-07 -0.00877007932673 0.956807106373 1.04245546888
-1.26402805611e-07 -0.0087074816122 0.959121354691 1.03994760436
-1.25821643287e-07 -0.00864498607133 0.961431982362 1.03744404069
-1.25240480962e-07 -0.00858946500014 0.963493013039 1.03523129139
-1.24659318637e-07 -0.00853404517918 0.96555042025 1.03302276392
-1.24078156313e-07 -0.00848463360341 0.967390881778 1.03106261488
-1.23496993988e-07 -0.00843562320856 0.969216857467 1.02911905048
-1.22915831663e-07 -0.00839148118494 0.970865623977 1.02737517798
-1.22334669339e-07 -0.00834826008345 0.972480868835 1.02566908006
-1.21753507014e-07 -0.00830866320764 0.973963230794 1.02411059636
-1.21172344689e-07 -0.00827065596903 0.975387308413 1.02261685838
-1.20591182365e-07 -0.00823498392401 0.976725205885 1.02121762979
-1.2001002004e-07 -0.0082016582443 0.977976510916 1.01991336273
-1.19428857715e-07 -0.00816938367236 0.979188797774 1.01865139362
-1.18847695391e-07 -0.00814024869512 0.98028453973 1.01751576585
-1.18266533066e-07 -0.00811111371787 0.981380281685 1.01638013808
-1.17685370741e-07 -0.00808553104287 0.982343469208 1.01538673032
-1.17104208417e-07 -0.00806013559213 0.983299670443 1.01440081827
-1.16523046092e-07 -0.00803671891319 0.984181689905 1.01349376748
-1.15941883768e-07 -0.00801464965362 0.985013196238 1.01264041624
-1.15360721443e-07 -0.00799312433709 0.985824226505 1.01180865522
-1.14779559118e-07 -0.0079740038771 0.98654472891 1.01107234784
-1.14198396794e-07 -0.00795488341712 0.987265231314 1.01033604045
-1.13617234469e-07 -0.00793763181698 0.987915125283 1.00967364501
-1.13036072144e-07 -0.00792111677087 0.988537191092 1.00904037969
-1.1245490982e-07 -0.00790504236955 0.989142554845 1.00842448605
-1.11873747495e-07 -0.00789082139411 0.989677666944 1.00788166061
-1.1129258517e-07 -0.00787660041866 0.990212779043 1.00733883516
-1.10711422846e-07 -0.00786360209658 0.990701416164 1.00684407543
-1.10130260521e-07 -0.00785139391768 0.991160018699 1.00638037829
-1.09549098196e-07 -0.00783918573878 0.991618621235 1.00591668115
-1.08967935872e-07 -0.00782867028389 0.992012719752 1.00551936506
-1.08386773547e-07 -0.00781822172784 0.99240426898 1.00512467244
-1.07805611222e-07 -0.00780816286866 0.992780935611 1.00474522885
-1.07224448898e-07 -0.00779924691208 0.993113954579 1.00441050761
-1.06643286573e-07 -0.0077903309555 0.993446973547 1.00407578638
-1.06062124248e-07 -0.00778205709329 0.993755423754 1.0037661429
-1.05480961924e-07 -0.00777447094492 0.99403755964 1.00348335892
-1.04899799599e-07 -0.00776688479655 0.994319695525 1.00320057494
-1.04318637275e-07 -0.00776004138364 0.994573364074 1.00294675118
-1.0373747495e-07 -0.00775360460977 0.994811447088 1.00270878281
-1.03156312625e-07 -0.00774716783589 0.995049530102 1.00247081444
-1.02575150301e-07 -0.00774146606683 0.995259400721 1.00226146319
-1.01993987976e-07 -0.00773601877137 0.995459503635 1.00206201978
-1.01412825651e-07 -0.00773057147592 0.995659606549 1.00186257636
-1.00831663327e-07 -0.00772577836502 0.995834566958 1.0016885709
-1.00250501002e-07 -0.00772117943381 0.996002064391 1.00152211612
-9.96693386774e-08 -0.00771658050261 0.996169561824 1.00135566134
-9.90881763527e-08 -0.00771250996772 0.996316728214 1.0012097302
-9.85070140281e-08 -0.00770863538516 0.996456354968 1.00107141011
-9.79258517034e-08 -0.0077047608026 0.996595981722 1.00093309002
-9.73446893788e-08 -0.00770126573621 0.996720991204 1.00080949619
-9.67635270541e-08 -0.00769800698125 0.996836899022 1.00069507188
-9.61823647295e-08 -0.0076947482263 0.996952806839 1.00058064758
-9.56012024048e-08 -0.00769171352116 0.997060077471 1.00047490925
-9.50200400802e-08 -0.00768897604814 0.997155889716 1.00038069403
-9.44388777555e-08 -0.00768623857512 0.997251701961 1.00028647882
-9.38577154309e-08 -0.00768357505953 0.997344660774 1.00019512845
-9.32765531062e-08 -0.00768127686797 0.99742352462 1.00011792942
-9.26953907816e-08 -0.00767897867642 0.997502388466 1.00004073039
-9.21142284569e-08 -0.00767668048487 0.997581252312 0.999963531359
-9.15330661323e-08 -0.00767468820066 0.997648304487 0.999898173013
-9.09519038076e-08 -0.00767275849698 0.997712940307 0.999835236957
-9.0370741483e-08 -0.0076708287933 0.997777576127 0.999772300902
-8.97895791583e-08 -0.00766902628325 0.997837297081 0.999714284453
-8.92084168337e-08 -0.00766740423583 0.997890044812 0.999663247954
-8.8627254509e-08 -0.00766578218842 0.997942792543 0.999612211456
-8.80460921844e-08 -0.007664160141 0.997995540274 0.999561174957
-8.74649298597e-08 -0.00766277232908 0.998039230141 0.999519191483
-8.68837675351e-08 -0.00766140591728 0.998082092468 0.999478035106
-8.63026052104e-08 -0.00766003950547 0.998124954794 0.999436878729
-8.57214428858e-08 -0.00765874429389 0.99816506164 0.999398472029
-8.51402805611e-08 -0.00765758925009 0.998199743927 0.999365478457
-8.45591182365e-08 -0.00765643420629 0.998234426214 0.999332484886
-8.39779559118e-08 -0.00765527916249 0.998269108502 0.999299491315
-8.33967935872e-08 -0.00765424117845 0.998299256596 0.99927101457
-8.28156312625e-08 -0.0076532600217 0.998327203542 0.999244730542
-8.22344689379e-08 -0.00765227886494 0.998355150489 0.999218446514
-8.16533066132e-08 -0.00765129770819 0.998383097435 0.999192162486
-8.10721442886e-08 -0.00765044795455 0.998405949573 0.999170943726
-8.04909819639e-08 -0.007649609113 0.998428378624 0.9991501456
-7.99098196393e-08 -0.00764877027145 0.998450807675 0.999129347474
-7.93286573146e-08 -0.00764794130313 0.998472853469 0.99910892949
-7.874749499e-08 -0.00764721832217 0.998490785068 0.99909259227
-7.81663326653e-08 -0.00764649534121 0.998508716667 0.999076255049
-7.75851703407e-08 -0.00764577236024 0.998526648265 0.999059917828
-7.7004008016e-08 -0.00764506408857 0.998544008066 0.999044146138
-7.64228456914e-08 -0.00764443492053 0.998558292851 0.999031415754
-7.58416833667e-08 -0.00764380575249 0.998572577636 0.99901868537
-7.52605210421e-08 -0.00764317658444 0.998586862421 0.999005954987
-7.46793587174e-08 -0.00764255768455 0.998600747338 0.998993618674
-7.40981963928e-08 -0.00764200405565 0.998612090435 0.998983787336
-7.35170340681e-08 -0.00764145042675 0.998623433531 0.998973955997
-7.29358717435e-08 -0.00764089679786 0.998634776628 0.998964124658
-7.23547094188e-08 -0.00764034440599 0.998646071442 0.998954340685
-7.17735470942e-08 -0.00763985125565 0.998655054013 0.998946825071
-7.11923847695e-08 -0.00763935810531 0.998664036584 0.998939309458
-7.06112224449e-08 -0.00763886495497 0.998673019155 0.998931793844
-7.00300601202e-08 -0.00763837180463 0.998682001726 0.99892427823
-6.94488977956e-08 -0.00763791755606 0.998689461496 0.99891824774
-6.88677354709e-08 -0.00763747254343 0.998696559729 0.998912569842
-6.82865731463e-08 -0.00763702753079 0.998703657962 0.998906891944
-6.77054108216e-08 -0.00763658251815 0.998710756194 0.998901214047
-6.7124248497e-08 -0.00763615642225 0.998717111119 0.998896255504
-6.65430861723e-08 -0.00763574949473 0.998722712847 0.998892025885
-6.59619238477e-08 -0.00763534256722 0.998728314576 0.998887796267
-6.5380761523e-08 -0.0076349356397 0.998733916304 0.998883566648
-6.47995991984e-08 -0.0076345312218 0.998739418927 0.998879431971
-6.42184368737e-08 -0.00763415424029 0.99874383808 0.998876335237
-6.36372745491e-08 -0.00763377725878 0.998748257233 0.998873238503
-6.30561122244e-08 -0.00763340027727 0.998752676386 0.998870141769
-6.24749498998e-08 -0.00763302329576 0.998757095538 0.998867045034
-6.18937875752e-08 -0.00763265958205 0.998760987269 0.998864446759
-6.13126252505e-08 -0.00763230599751 0.998764476344 0.998862229027
-6.07314629259e-08 -0.00763195241297 0.998767965419 0.998860011295
-6.01503006012e-08 -0.00763159882843 0.998771454494 0.998857793564
-5.95691382766e-08 -0.0076312452439 0.998774943569 0.998855575832
-5.89879759519e-08 -0.00763090880425 0.998777745073 0.998853996189
-5.84068136273e-08 -0.00763057338053 0.998780505834 0.998852454358
-5.78256513026e-08 -0.00763023795682 0.998783266596 0.998850912526
-5.7244488978e-08 -0.00762990253311 0.998786027357 0.998849370695
-5.66633266533e-08 -0.00762957008139 0.998788667518 0.998847938059
-5.60821643287e-08 -0.00762924865932 0.998790860106 0.99884691067
-5.5501002004e-08 -0.00762892723725 0.998793052694 0.998845883282
-5.49198396794e-08 -0.00762860581519 0.998795245282 0.998844855893
-5.43386773547e-08 -0.00762828439312 0.99879743787 0.998843828505
-5.37575150301e-08 -0.00762796692799 0.998799467324 0.998842943934
-5.31763527054e-08 -0.00762765622592 0.998801217954 0.99884230346
-5.25951903808e-08 -0.00762734552386 0.998802968585 0.998841662987
-5.20140280561e-08 -0.00762703482179 0.998804719215 0.998841022514
-5.14328657315e-08 -0.00762672411972 0.998806469845 0.998840382041
-5.08517034068e-08 -0.00762641677493 0.998808079074 0.998839859748
-5.02705410822e-08 -0.00762611422138 0.998809486504 0.998839506114
-4.96893787575e-08 -0.00762581166783 0.998810893935 0.99883915248
-4.91082164329e-08 -0.00762550911428 0.998812301365 0.998838798845
-4.85270541082e-08 -0.00762520656073 0.998813708796 0.998838445211
-4.79458917836e-08 -0.0076249060867 0.998815026076 0.998838162211
-4.73647294589e-08 -0.00762460968089 0.998816166993 0.998838017396
-4.67835671343e-08 -0.00762431327507 0.99881730791 0.998837872581
-4.62024048096e-08 -0.00762401686926 0.998818448827 0.998837727766
-4.5621242485e-08 -0.00762372046345 0.998819589743 0.998837582951
-4.50400801603e-08 -0.00762342472549 0.998820700558 0.99883745967
-4.44589178357e-08 -0.00762313292199 0.998821634033 0.998837463249
-4.3877755511e-08 -0.00762284111848 0.998822567509 0.998837466829
-4.32965931864e-08 -0.00762254931498 0.998823500984 0.998837470408
-4.27154308617e-08 -0.00762225751147 0.99882443446 0.998837473987
-4.21342685371e-08 -0.00762196570797 0.998825367935 0.998837477566
-4.15531062124e-08 -0.00762167674023 0.998826166719 0.998837565698
-4.09719438878e-08 -0.00762138835425 0.99882693787 0.998837671177
-4.03907815631e-08 -0.00762109996828 0.998827709021 0.998837776656
-3.98096192385e-08 -0.00762081158231 0.998828480172 0.998837882135
-3.92284569138e-08 -0.00762052319633 0.998829251323 0.998837987614
-3.86472945892e-08 -0.00762023579006 0.998829972567 0.998838118928
-3.80661322645e-08 -0.00761994992034 0.998830615537 0.99883829076
-3.74849699399e-08 -0.00761966405061 0.998831258506 0.998838462592
-3.69038076152e-08 -0.00761937818089 0.998831901476 0.998838634424
-3.63226452906e-08 -0.00761909231116 0.998832544446 0.998838806256
-3.57414829659e-08 -0.00761880644144 0.998833187416 0.998838978088
-3.51603206413e-08 -0.00761852207897 0.998833746158 0.998839182215
-3.45791583166e-08 -0.00761823804532 0.998834286526 0.998839393387
-3.3997995992e-08 -0.00761795401168 0.998834826894 0.998839604558
-3.34168336673e-08 -0.00761766997803 0.998835367262 0.99883981573
-3.28356713427e-08 -0.00761738594438 0.99883590763 0.998840026902
-3.2254509018e-08 -0.00761710207188 0.998836437839 0.998840240372
-3.16733466934e-08 -0.0076168193652 0.998836894555 0.998840470468
-3.10921843687e-08 -0.00761653665851 0.998837351272 0.998840700564
-3.05110220441e-08 -0.00761625395182 0.998837807988 0.99884093066
-2.99298597194e-08 -0.00761597124514 0.998838264704 0.998841160756
-2.93486973948e-08 -0.00761568853845 0.998838721421 0.998841390852
-2.87675350701e-08 -0.00761540610496 0.998839158047 0.998841621974
-2.81863727455e-08 -0.00761512434732 0.998839544973 0.998841855635
-2.76052104208e-08 -0.00761484258969 0.998839931898 0.998842089295
-2.70240480962e-08 -0.00761456083205 0.998840318824 0.998842322956
-2.64428857715e-08 -0.00761427907442 0.99884070575 0.998842556616
-2.58617234469e-08 -0.00761399731678 0.998841092675 0.998842790277
-2.52805611222e-08 -0.00761371577181 0.998841460643 0.998843021415
-2.46993987976e-08 -0.007613434685 0.998841787767 0.998843247117
-2.41182364729e-08 -0.0076131535982 0.99884211489 0.99884347282
-2.35370741483e-08 -0.0076128725114 0.998842442014 0.998843698522
-2.29559118236e-08 -0.0076125914246 0.998842769138 0.998843924225
-2.2374749499e-08 -0.0076123103378 0.998843096261 0.998844149927
-2.17935871743e-08 -0.00761202934715 0.998843412541 0.998844372216
-2.12124248497e-08 -0.00761174872789 0.998843686936 0.998844581316
-2.0631262525e-08 -0.00761146810863 0.998843961331 0.998844790417
-2.00501002004e-08 -0.00761118748937 0.998844235726 0.998844999518
-1.94689378758e-08 -0.00761090687012 0.998844510121 0.998845208618
-1.88877755511e-08 -0.00761062625086 0.998844784516 0.998845417719
-1.83066132265e-08 -0.0076103456316 0.998845058911 0.99884562682
-1.77254509018e-08 -0.00761006531632 0.998845287851 0.998845813948
-1.71442885772e-08 -0.00760978501687 0.998845514424 0.998845999932
-1.65631262525e-08 -0.00760950471742 0.998845740997 0.998846185916
-1.59819639279e-08 -0.00760922441797 0.99884596757 0.9988463719
-1.54008016032e-08 -0.00760894411852 0.998846194142 0.998846557884
-1.48196392786e-08 -0.00760866381907 0.998846420715 0.998846743867
-1.42384769539e-08 -0.00760838363605 0.998846622898 0.998846914453
-1.36573146293e-08 -0.00760810354901 0.998846804975 0.998847072345
-1.30761523046e-08 -0.00760782346197 0.998846987052 0.998847230237
-1.249498998e-08 -0.00760754337493 0.998847169129 0.998847388129
-1.19138276553e-08 -0.00760726328789 0.998847351206 0.998847546022
-1.13326653307e-08 -0.00760698320085 0.998847533283 0.998847703914
-1.0751503006e-08 -0.00760670311381 0.998847715359 0.998847861806
-1.01703406814e-08 -0.00760642315942 0.998847855359 0.998847987859
-9.58917835671e-09 -0.00760614320567 0.998847995153 0.998848113757
-9.00801603206e-09 -0.00760586325192 0.998848134947 0.998848239655
-8.42685370741e-09 -0.00760558329818 0.998848274741 0.998848365553
-7.84569138277e-09 -0.00760530334443 0.998848414535 0.998848491451
-7.26452905812e-09 -0.00760502339068 0.998848554329 0.998848617349
-6.68336673347e-09 -0.00760474345781 0.998848682375 0.998848733109
-6.10220440882e-09 -0.00760446357657 0.998848781368 0.998848823799
-5.52104208417e-09 -0.00760418369533 0.998848880361 0.998848914488
-4.93987975952e-09 -0.00760390381409 0.998848979354 0.998849005178
-4.35871743487e-09 -0.00760362393285 0.998849078347 0.998849095868
-3.77755511022e-09 -0.00760334405161 0.99884917734 0.998849186557
-3.19639278557e-09 -0.00760306417037 0.998849276333 0.998849277247
-2.61523046092e-09 -0.00760278429813 0.998849358532 0.998849351834
-2.03406813627e-09 -0.00760250443816 0.998849417815 0.998849404448
-1.45290581162e-09 -0.0076022245782 0.998849477098 0.998849457063
-8.71743486974e-10 -0.00760194471823 0.998849536381 0.998849509677
-2.90581162324e-10 -0.00760166485827 0.998849595664 0.998849562291
2.90581162325e-10 -0.0076013849983 0.998849654946 0.998849614905
8.71743486974e-10 -0.00760110513834 0.998849714229 0.99884966752
1.45290581162e-09 -0.00760082526681 0.998849758185 0.99884970391
2.03406813627e-09 -0.00760054537766 0.998849778795 0.998849715589
2.61523046092e-09 -0.00760026548852 0.998849799405 0.998849727267
3.19639278557e-09 -0.00759998559937 0.998849820015 0.998849738946
3.77755511022e-09 -0.00759970571022 0.998849840625 0.998849750625
4.35871743487e-09 -0.00759942582108 0.998849861235 0.998849762304
4.93987975952e-09 -0.00759914593193 0.998849881845 0.998849773983
5.52104208417e-09 -0.00759886602456 0.998849894832 0.998849776629
6.10220440882e-09 -0.00759858604628 0.99884987815 0.998849744122
6.68336673347e-09 -0.00759830606799 0.998849861469 0.998849711614
7.26452905812e-09 -0.00759802608971 0.998849844787 0.998849679107
7.84569138277e-09 -0.00759774611142 0.998849828105 0.9988496466
8.42685370742e-09 -0.00759746613314 0.998849811424 0.998849614093
9.00801603206e-09 -0.00759718615486 0.998849794742 0.998849581586
9.58917835671e-09 -0.00759690617657 0.99884977806 0.998849549079
1.01703406814e-08 -0.00759662605278 0.99884973184 0.998849475784
1.0751503006e-08 -0.00759634590194 0.99884968013 0.998849394909
1.13326653307e-08 -0.00759606575111 0.99884962842 0.998849314033
1.19138276553e-08 -0.00759578560027 0.99884957671 0.998849233158
1.249498998e-08 -0.00759550544943 0.998849525 0.998849152283
1.30761523046e-08 -0.0075952252986 0.99884947329 0.998849071408
1.36573146293e-08 -0.00759494514776 0.99884942158 0.998848990533
1.42384769539e-08 -0.00759466490407 0.998849360273 0.998848892883
1.48196392786e-08 -0.00759438445266 0.998849277498 0.998848757708
1.54008016032e-08 -0.00759410400124 0.998849194722 0.998848622533
1.59819639279e-08 -0.00759382354983 0.998849111946 0.998848487357
1.65631262525e-08 -0.00759354309841 0.99884902917 0.998848352182
1.71442885772e-08 -0.007593262647 0.998848946394 0.998848217007
1.77254509018e-08 -0.00759298219558 0.998848863619 0.998848081831
1.83066132265e-08 -0.00759270174417 0.998848780843 0.998847946656
1.88877755511e-08 -0.00759242098965 0.998848683686 0.99884777367
1.94689378758e-08 -0.00759214003075 0.998848576831 0.998847575187
2.00501002004e-08 -0.00759185907185 0.998848469976 0.998847376704
2.06312625251e-08 -0.00759157811295 0.998848363121 0.998847178221
2.12124248497e-08 -0.00759129715405 0.998848256266 0.998846979738
2.17935871743e-08 -0.00759101619515 0.998848149411 0.998846781255
2.2374749499e-08 -0.00759073523625 0.998848042556 0.998846582772
2.29559118236e-08 -0.00759045427735 0.998847935701 0.998846384289
2.35370741483e-08 -0.00759017271932 0.998847820507 0.998846131152
2.41182364729e-08 -0.00758989090957 0.998847701808 0.998845855051
2.46993987976e-08 -0.00758960909982 0.99884758311 0.99884557895
2.52805611222e-08 -0.00758932729007 0.998847464411 0.998845302849
2.58617234469e-08 -0.00758904548031 0.998847345713 0.998845026748
2.64428857715e-08 -0.00758876367056 0.998847227014 0.998844750647
2.70240480962e-08 -0.00758848186081 0.998847108315 0.998844474546
2.76052104208e-08 -0.00758820005106 0.998846989617 0.998844198445
2.81863727455e-08 -0.00758791734735 0.998846876838 0.998843859153
2.87675350701e-08 -0.00758763410795 0.998846767607 0.998843481995
2.93486973948e-08 -0.00758735086854 0.998846658376 0.998843104836
2.99298597194e-08 -0.00758706762914 0.998846549145 0.998842727678
3.05110220441e-08 -0.00758678438974 0.998846439914 0.998842350519
3.10921843687e-08 -0.00758650115034 0.998846330683 0.998841973361
3.16733466934e-08 -0.00758621791094 0.998846221452 0.998841596202
3.2254509018e-08 -0.00758593467153 0.998846112221 0.998841219044
3.28356713427e-08 -0.00758565057098 0.998846019572 0.998840791888
3.34168336673e-08 -0.00758536491493 0.998845956875 0.998840274424
3.3997995992e-08 -0.00758507925888 0.998845894179 0.998839756959
3.45791583166e-08 -0.00758479360283 0.998845831482 0.998839239495
3.51603206413e-08 -0.00758450794679 0.998845768785 0.998838722031
3.57414829659e-08 -0.00758422229074 0.998845706088 0.998838204566
3.63226452906e-08 -0.00758393663469 0.998845643391 0.998837687102
3.69038076152e-08 -0.00758365097864 0.998845580694 0.998837169638
3.74849699399e-08 -0.0075833653226 0.998845517997 0.998836652173
3.80661322645e-08 -0.00758307599057 0.998845554552 0.998835949744
3.86472945892e-08 -0.00758278621723 0.998845603022 0.998835225109
3.92284569138e-08 -0.00758249644389 0.998845651493 0.998834500474
3.98096192385e-08 -0.00758220667055 0.998845699963 0.998833775839
4.03907815631e-08 -0.00758191689721 0.998845748433 0.998833051204
4.09719438878e-08 -0.00758162712386 0.998845796903 0.998832326568
4.15531062124e-08 -0.00758133735052 0.998845845374 0.998831601933
4.21342685371e-08 -0.00758104757718 0.998845893844 0.998830877298
4.27154308617e-08 -0.007580756175 0.998845993977 0.998830078384
4.32965931864e-08 -0.00758045932368 0.998846266942 0.998829030977
4.3877755511e-08 -0.00758016247236 0.998846539907 0.99882798357
4.44589178357e-08 -0.00757986562105 0.998846812872 0.998826936162
4.50400801603e-08 -0.00757956876973 0.998847085837 0.998825888755
4.5621242485e-08 -0.00757927191841 0.998847358802 0.998824841348
4.62024048096e-08 -0.0075789750671 0.998847631767 0.998823793941
4.67835671343e-08 -0.00757867821578 0.998847904732 0.998822746533
4.73647294589e-08 -0.00757838136446 0.998848177697 0.998821699126
4.79458917836e-08 -0.00757808004546 0.998848605102 0.998820460711
4.85270541082e-08 -0.00757777090679 0.998849302818 0.99881888798
4.91082164329e-08 -0.00757746176812 0.998850000534 0.998817315249
4.96893787575e-08 -0.00757715262945 0.99885069825 0.998815742519
5.02705410822e-08 -0.00757684349078 0.998851395966 0.998814169788
5.08517034068e-08 -0.00757653435211 0.998852093682 0.998812597057
5.14328657315e-08 -0.00757622521344 0.998852791398 0.998811024327
5.20140280561e-08 -0.00757591607477 0.998853489114 0.998809451596
5.25951903808e-08 -0.0075756069361 0.99885418683 0.998807878865
5.31763527054e-08 -0.00757529158014 0.998855110082 0.998806050936
5.37575150301e-08 -0.00757496088622 0.998856589729 0.998803593437
5.43386773547e-08 -0.00757463019231 0.998858069376 0.998801135939
5.49198396794e-08 -0.00757429949839 0.998859549023 0.99879867844
5.5501002004e-08 -0.00757396880447 0.99886102867 0.998796220941
5.60821643287e-08 -0.00757363811055 0.998862508317 0.998793763442
5.66633266533e-08 -0.00757330741663 0.998863987965 0.998791305943
5.7244488978e-08 -0.00757297672272 0.998865467612 0.998788848444
5.78256513026e-08 -0.0075726460288 0.998866947259 0.998786390945
5.84068136273e-08 -0.00757231533488 0.998868426906 0.998783933447
5.89879759519e-08 -0.00757194641759 0.998871331863 0.99877994573
5.95691382766e-08 -0.00757157748965 0.998874237218 0.998775957587
6.01503006012e-08 -0.00757120856171 0.998877142572 0.998771969443
6.07314629259e-08 -0.00757083963378 0.998880047927 0.9987679813
6.13126252505e-08 -0.00757047070584 0.998882953282 0.998763993157
6.18937875752e-08 -0.0075701017779 0.998885858636 0.998760005013
6.24749498998e-08 -0.00756973284996 0.998888763991 0.99875601687
6.30561122244e-08 -0.00756936392202 0.998891669346 0.998752028727
6.36372745491e-08 -0.00756899499408 0.9988945747 0.998748040584
6.42184368737e-08 -0.00756859228076 0.99889876002 0.998742720034
6.47995991984e-08 -0.00756815474398 0.998904264632 0.99873602614
6.5380761523e-08 -0.00756771720721 0.998909769243 0.998729332246
6.59619238477e-08 -0.00756727967043 0.998915273855 0.998722638352
6.65430861723e-08 -0.00756684213366 0.998920778467 0.998715944458
6.7124248497e-08 -0.00756640459688 0.998926283079 0.998709250563
6.77054108216e-08 -0.00756596706011 0.998931787691 0.998702556669
6.82865731463e-08 -0.00756552952333 0.998937292303 0.998695862775
6.88677354709e-08 -0.00756509198656 0.998942796915 0.998689168881
6.94488977956e-08 -0.00756465444978 0.998948301527 0.998682474987
7.00300601202e-08 -0.00756412203088 0.998957433891 0.998672072347
7.06112224449e-08 -0.00756355988401 0.998967702883 0.998660507702
7.11923847695e-08 -0.00756299773713 0.998977971875 0.998648943057
7.17735470942e-08 -0.00756243559026 0.998988240867 0.998637378412
7.23547094188e-08 -0.00756187344338 0.998998509859 0.998625813767
7.29358717435e-08 -0.00756131129651 0.999008778851 0.998614249122
7.35170340681e-08 -0.00756074914963 0.999019047843 0.998602684478
7.40981963928e-08 -0.00756018700275 0.999029316835 0.998591119833
7.46793587174e-08 -0.00755962485588 0.999039585827 0.998579555188
7.52605210421e-08 -0.007559062709 0.999049854819 0.998567990543
7.58416833667e-08 -0.00755831689203 0.999067184215 0.998549284609
7.64228456914e-08 -0.00755752557258 0.999086262757 0.998528809489
7.7004008016e-08 -0.00755673425313 0.999105341299 0.99850833437
7.75851703407e-08 -0.00755594293368 0.999124419842 0.99848785925
7.81663326653e-08 -0.00755515161423 0.999143498384 0.998467384131
7.874749499e-08 -0.00755436029478 0.999162576926 0.998446909011
7.93286573146e-08 -0.00755356897533 0.999181655468 0.998426433892
7.99098196393e-08 -0.00755277765588 0.99920073401 0.998405958773
8.04909819639e-08 -0.00755198633643 0.999219812552 0.998385483653
8.10721442886e-08 -0.00755119501698 0.999238891095 0.998365008534
8.16533066132e-08 -0.0075501444911 0.999267967072 0.998334488708
8.22344689379e-08 -0.00754892621123 0.999303513218 0.998297468119
8.28156312625e-08 -0.00754770793136 0.999339059365 0.998260447531
8.33967935872e-08 -0.00754648965148 0.999374605512 0.998223426942
8.39779559118e-08 -0.00754527137161 0.999410151658 0.998186406354
8.45591182365e-08 -0.00754405309174 0.999445697805 0.998149385765
8.51402805611e-08 -0.00754283481187 0.999481243952 0.998112365177
8.57214428858e-08 -0.007541616532 0.999516790098 0.998075344588
8.63026052104e-08 -0.00754039825213 0.999552336245 0.998038324
8.68837675351e-08 -0.00753917997226 0.999587882392 0.998001303411
8.74649298597e-08 -0.00753782234591 0.99962881624 0.997958896182
8.80460921844e-08 -0.00753579795121 0.999695530065 0.997890714051
8.8627254509e-08 -0.00753377355651 0.99976224389 0.99782253192
8.92084168337e-08 -0.00753174916181 0.999828957715 0.997754349789
8.97895791583e-08 -0.00752972476712 0.99989567154 0.997686167658
9.0370741483e-08 -0.00752770037242 0.999962385365 0.997617985527
9.09519038076e-08 -0.00752567597772 1.00002909919 0.997549803396
9.15330661323e-08 -0.00752365158302 1.00009581301 0.997481621264
9.21142284569e-08 -0.00752162718832 1.00016252684 0.997413439133
9.26953907816e-08 -0.00751960279362 1.00022924066 0.997345257002
9.32765531062e-08 -0.00751757839892 1.00029595449 0.997277074871
9.38577154309e-08 -0.00751479317946 1.00039215816 0.997179555592
9.44388777555e-08 -0.00751122583737 1.00051867718 0.997051877926
9.50200400802e-08 -0.00750765849527 1.00064519621 0.996924200259
9.56012024048e-08 -0.00750409115318 1.00077171523 0.996796522593
9.61823647295e-08 -0.00750052381108 1.00089823426 0.996668844926
9.67635270541e-08 -0.00749695646899 1.00102475329 0.99654116726
9.73446893788e-08 -0.00749338912689 1.00115127231 0.996413489594
9.79258517034e-08 -0.0074898217848 1.00127779134 0.996285811927
9.85070140281e-08 -0.0074862544427 1.00140431036 0.996158134261
9.90881763527e-08 -0.0074826871006 1.00153082939 0.996030456594
9.96693386774e-08 -0.00747911975851 1.00165734841 0.995902778928
1.00250501002e-07 -0.00747386910747 1.00184934714 0.995710427106
1.00831663327e-07 -0.00746730670858 1.00209237206 0.995467676821
1.01412825651e-07 -0.00746074430969 1.00233539699 0.995224926536
1.01993987976e-07 -0.00745418191081 1.00257842191 0.994982176251
1.02575150301e-07 -0.00744761951192 1.00282144684 0.994739425966
1.03156312625e-07 -0.00744105711303 1.00306447176 0.994496675681
1.0373747495e-07 -0.00743449471415 1.00330749668 0.994253925396
1.04318637275e-07 -0.00742793231526 1.00355052161 0.994011175111
1.04899799599e-07 -0.00742136991637 1.00379354653 0.993768424826
1.05480961924e-07 -0.00741480751748 1.00403657146 0.993525674541
1.06062124248e-07 -0.0074082451186 1.00427959638 0.993282924256
1.06643286573e-07 -0.00739947837072 1.00460891498 0.992956020062
1.07224448898e-07 -0.00738701789933 1.00508283181 0.992488103135
1.07805611222e-07 -0.00737455742794 1.00555674864 0.992020186209
1.08386773547e-07 -0.00736209695656 1.00603066548 0.991552269282
1.08967935872e-07 -0.00734963648517 1.00650458231 0.991084352356
1.09549098196e-07 -0.00733717601378 1.00697849914 0.990616435429
1.10130260521e-07 -0.0073247155424 1.00745241598 0.990148518503
1.10711422846e-07 -0.00731225507101 1.00792633281 0.989680601576
1.1129258517e-07 -0.00729979459963 1.00840024964 0.98921268465
1.11873747495e-07 -0.00728733412824 1.00887416647 0.988744767723
1.1245490982e-07 -0.00727487365685 1.00934808331 0.988276850797
1.13036072144e-07 -0.00726241318547 1.00982200014 0.98780893387
1.13617234469e-07 -0.00723908260833 1.01072669962 0.98693112996
1.14198396794e-07 -0.00721483473851 1.01166775143 0.986018737026
1.14779559118e-07 -0.00719058686869 1.01260880325 0.985106344093
1.15360721443e-07 -0.00716633899886 1.01354985506 0.98419395116
1.15941883768e-07 -0.00714209112904 1.01449090688 0.983281558227
1.16523046092e-07 -0.00711784325922 1.01543195869 0.982369165293
1.17104208417e-07 -0.0070935953894 1.01637301051 0.98145677236
1.17685370741e-07 -0.00706934751958 1.01731406232 0.980544379427
1.18266533066e-07 -0.00704509964976 1.01825511414 0.979631986494
1.18847695391e-07 -0.00702085177994 1.01919616595 0.978719593561
1.19428857715e-07 -0.00699660391012 1.02013721777 0.977807200627
1.2001002004e-07 -0.00696754523379 1.02127366343 0.976717852968
1.20591182365e-07 -0.00691938120364 1.02318608471 0.974925757727
1.21172344689e-07 -0.00687121717348 1.02509850599 0.973133662485
1.21753507014e-07 -0.00682305314333 1.02701092728 0.971341567244
1.22334669339e-07 -0.00677488911318 1.02892334856 0.969549472003
1.22915831663e-07 -0.00672672508303 1.03083576984 0.967757376761
1.23496993988e-07 -0.00667856105288 1.03274819113 0.96596528152
1.24078156313e-07 -0.00663039702273 1.03466061241 0.964173186278
1.24659318637e-07 -0.00658223299258 1.03657303369 0.962381091037
1.25240480962e-07 -0.00653406896243 1.03848545498 0.960588995796
1.25821643287e-07 -0.00648590493228 1.04039787626 0.958796900554
1.26402805611e-07 -0.00643774090213 1.04231029754 0.957004805313
1.26983967936e-07 -0.00637950632877 1.04465278491 0.954860770629
1.27565130261e-07 -0.00628205371113 1.04867009262 0.951346166719
1.28146292585e-07 -0.00618460109348 1.05268740033 0.947831562809
1.2872745491e-07 -0.00608714847583 1.05670470804 0.944316958898
1.29308617234e-07 -0.00598969585819 1.06072201575 0.940802354988
1.29889779559e-07 -0.00589224324054 1.06473932345 0.937287751078
1.30470941884e-07 -0.0057947906229 1.06875663116 0.933773147167
1.31052104208e-07 -0.00569733800525 1.07277393887 0.930258543257
1.31633266533e-07 -0.0055998853876 1.07679124658 0.926743939347
1.32214428858e-07 -0.00550243276996 1.08080855429 0.923229335436
1.32795591182e-07 -0.00540498015231 1.084825862 0.919714731526
1.33376753507e-07 -0.00530752753467 1.08884316971 0.916200127616
1.33957915832e-07 -0.00521007491702 1.09286047742 0.912685523705
1.34539078156e-07 -0.00501706569926 1.10140540195 0.906173379675
1.35120240481e-07 -0.00481632932261 1.110316451 0.899418840365
1.35701402806e-07 -0.00461559294597 1.11922750006 0.892664301055
1.3628256513e-07 -0.00441485656932 1.12813854911 0.885909761745
1.36863727455e-07 -0.00421412019268 1.13704959816 0.879155222435
1.3744488978e-07 -0.00401338381603 1.14596064722 0.872400683125
1.38026052104e-07 -0.00381264743939 1.15487169627 0.865646143815
1.38607214429e-07 -0.00361191106274 1.16378274532 0.858891604505
1.39188376754e-07 -0.0034111746861 1.17269379438 0.852137065195
1.39769539078e-07 -0.00321043830945 1.18160484343 0.845382525885
1.40350701403e-07 -0.00300970193281 1.19051589249 0.838627986575
1.40931863727e-07 -0.00280896555617 1.19942694154 0.831873447265
1.41513026052e-07 -0.0025293698689 1.21255042696 0.822953413721
1.42094188377e-07 -0.00210780822408 1.23325732338 0.810134963362
1.42675350701e-07 -0.00168624657927 1.2539642198 0.797316513003
1.43256513026e-07 -0.00126468493445 1.27467111622 0.784498062644
1.43837675351e-07 -0.000843123289633 1.29537801264 0.771679612284
1.44418837675e-07 -0.000421561644817 1.31608490906 0.758861161925
1.45e-07 0 1.33679180548 0.746042711566
