-1.45e-07 9.42569394247e-11 0.928846255947 1.077292895
-1.44418837675e-07 9.11184709252e-05 0.932146038718 1.07350834047
-1.43837675351e-07 0.000177045170745 0.93529987116 1.06995341133
-1.43256513026e-07 0.000256582494172 0.938248702112 1.06665693621
-1.42675350701e-07 0.00033113422679 0.941036081072 1.06356032343
-1.42094188377e-07 0.000401567037034 0.943689345052 1.06062796144
-1.41513026052e-07 0.000468177855652 0.946217694302 1.05784745294
-1.40931863727e-07 0.000529171839912 0.948561021687 1.05528841631
-1.40350701403e-07 0.000586764375348 0.950791425425 1.05286248811
-1.39769539078e-07 0.000641384890302 0.952922939465 1.05055261166
-1.39188376754e-07 0.000691791524966 0.954913526801 1.04840646875
-1.38607214429e-07 0.000738851010011 0.956791398492 1.0463895187
-1.38026052104e-07 0.000783639514559 0.95859261395 1.04446002589
-1.3744488978e-07 0.000824780672447 0.960270206385 1.04267043926
-1.36863727455e-07 0.000863276252009 0.961857583741 1.04098174539
-1.3628256513e-07 0.000900061600139 0.96338660464 1.03935823442
-1.35701402806e-07 0.000933168106551 0.96478946119 1.03787426607
-1.35120240481e-07 0.000964747166043 0.966139655701 1.03644794639
-1.34539078156e-07 0.000994268183382 0.967418894752 1.03509930103
-1.33957915832e-07 0.0010212554782 0.968610344032 1.03384584201
-1.33376753507e-07 0.00104726694724 0.969767950941 1.03262901138
-1.32795591182e-07 0.00107041949863 0.970826041219 1.03151912771
-1.32214428858e-07 0.00109266365948 0.971852374428 1.03044309286
-1.31633266533e-07 0.00111300843671 0.972812305739 1.0294378336
-1.31052104208e-07 0.00113195834399 0.973723276199 1.02848436552
-1.30470941884e-07 0.00114972972659 0.974592879669 1.02757465576
-1.29889779559e-07 0.00116581131924 0.975402947325 1.02672748447
-1.29308617234e-07 0.00118123127342 0.97618970369 1.02590480016
-1.2872745491e-07 0.0011948257718 0.97691191846 1.02514947779
-1.28146292585e-07 0.00120810393579 0.977622948777 1.02440582861
-1.27565130261e-07 0.00121955039224 0.978269003591 1.02372959491
-1.26983967936e-07 0.00123088420949 0.978911062796 1.02305750686
-1.26402805611e-07 0.00124048217895 0.979491356932 1.02244915744
-1.25821643287e-07 0.00125005707695 0.980070830137 1.02184165518
-1.25240480962e-07 0.00125806937366 0.980594541048 1.02129141285
-1.24659318637e-07 0.00126605898567 0.981117442442 1.02074200178
-1.24078156313e-07 0.00127271449281 0.981592604282 1.02024139141
-1.23496993988e-07 0.00127928091945 0.982064578469 1.01974403955
-1.22915831663e-07 0.00128477741897 0.982498165545 1.01928576679
-1.22334669339e-07 0.00129007152646 0.98292449115 1.01883488639
-1.21753507014e-07 0.00129457851807 0.983322504614 1.01841272073
-1.21172344689e-07 0.0012987402694 0.983708099969 1.01800314975
-1.20591182365e-07 0.00130240174949 0.984075656147 1.01761181235
-1.2001002004e-07 0.00130556056501 0.984425086848 1.01723879574
-1.19428857715e-07 0.00130849773873 0.984766505745 1.01687385239
-1.18847695391e-07 0.00131077288195 0.985083993873 1.01653302332
-1.18266533066e-07 0.00131304802518 0.985401482002 1.01619219425
-1.17685370741e-07 0.00131458776928 0.985692321323 1.01587814387
-1.17104208417e-07 0.00131608875414 0.985981756117 1.01556550487
-1.16523046092e-07 0.00131718879029 0.986256624613 1.01526746673
-1.15941883768e-07 0.00131801580553 0.986521574376 1.01497937087
-1.15360721443e-07 0.00131873534027 0.986782608969 1.01469519079
-1.14779559118e-07 0.00131897968705 0.98702633399 1.01442832299
-1.14198396794e-07 0.00131922403383 0.98727005901 1.01416145519
-1.13617234469e-07 0.00131910986885 0.987500687068 1.01390766105
-1.13036072144e-07 0.00131885440739 0.987726153359 1.0136590195
-1.1245490982e-07 0.00131851732406 0.987948628455 1.01341335892
-1.11873747495e-07 0.00131783692543 0.98815852209 1.01318023676
-1.1129258517e-07 0.0013171565268 0.988368415725 1.0129471146
-1.10711422846e-07 0.00131625890622 0.988570320451 1.01272194352
-1.10130260521e-07 0.00131522090535 0.988767062321 1.01250191085
-1.09549098196e-07 0.00131418290447 0.988963804191 1.01228187819
-1.08967935872e-07 0.0013128588558 0.989149982468 1.01207234933
-1.08386773547e-07 0.00131152350211 0.989335743256 1.0118632356
-1.07805611222e-07 0.0013101261712 0.989519204013 1.01165640792
-1.07224448898e-07 0.00130854707351 0.98969591924 1.01145628479
-1.06643286573e-07 0.00130696797581 0.989872634466 1.01125616165
-1.06062124248e-07 0.00130529407585 0.99004581029 1.01105955744
-1.05480961924e-07 0.0013035186381 0.990215195244 1.01086672216
-1.04899799599e-07 0.00130174320036 0.990384580198 1.01067388688
-1.04318637275e-07 0.00129986778316 0.990550203888 1.01048479622
-1.0373747495e-07 0.00129793762838 0.990713768328 1.01029775569
-1.03156312625e-07 0.0012960074736 0.990877332768 1.01011071516
-1.02575150301e-07 0.0012939893202 0.991037553064 1.0099270143
-1.01993987976e-07 0.00129194069988 0.991196615549 1.0097444697
-1.01412825651e-07 0.00128989207956 0.991355678035 1.00956192511
-1.00831663327e-07 0.00128777622365 0.991512149008 1.00938198441
-1.00250501002e-07 0.00128564041041 0.991667850751 1.00920281662
-9.96693386774e-08 0.00128350459717 0.991823552494 1.00902364883
-9.90881763527e-08 0.00128132463216 0.991977515459 1.00884624896
-9.85070140281e-08 0.00127912829375 0.99213083361 1.00866950472
-9.79258517034e-08 0.00127693195535 0.992284151761 1.00849276047
-9.73446893788e-08 0.00127471213181 0.992436509846 1.00831701648
-9.67635270541e-08 0.0012724776849 0.992588270132 1.00814189532
-9.61823647295e-08 0.001270243238 0.992740030418 1.00796677415
-9.56012024048e-08 0.00126800036239 0.992891416073 1.00779206697
-9.50200400802e-08 0.00126574630499 0.993042304729 1.00761790902
-9.44388777555e-08 0.00126349224759 0.993193193385 1.00744375107
-9.38577154309e-08 0.00126123739537 0.993344029225 1.00726966595
-9.32765531062e-08 0.001258978617 0.993494604177 1.00709594058
-9.26953907816e-08 0.00125671983863 0.993645179129 1.0069222152
-9.21142284569e-08 0.00125446106026 0.99379575408 1.00674848983
-9.15330661323e-08 0.00125220796655 0.993946433895 1.00657478159
-9.09519038076e-08 0.00124995603577 0.994097135162 1.00640107685
-9.0370741483e-08 0.00124770410499 0.994247836429 1.00622737211
-8.97895791583e-08 0.00124545852441 0.994398727062 1.00605355067
-8.92084168337e-08 0.00124322195352 0.994549886367 1.00587956365
-8.8627254509e-08 0.00124098538263 0.994701045672 1.00570557663
-8.80460921844e-08 0.00123874881175 0.994852204976 1.0055315896
-8.74649298597e-08 0.00123653153606 0.995003996775 1.00535715814
-8.68837675351e-08 0.0012343160232 0.995155846359 1.00518268608
-8.63026052104e-08 0.00123210051035 0.995307695944 1.00500821401
-8.57214428858e-08 0.0012298931366 0.995459825479 1.00483354129
-8.51402805611e-08 0.00122770178582 0.995612506139 1.00465847354
-8.45591182365e-08 0.00122551043503 0.995765186798 1.0044834058
-8.39779559118e-08 0.00122331908425 0.995917867458 1.00430833806
-8.33967935872e-08 0.00122114447629 0.996071145713 1.00413285194
-8.28156312625e-08 0.00121897799623 0.996224714074 1.00395716273
-8.22344689379e-08 0.00121681151617 0.996378282435 1.00378147351
-8.16533066132e-08 0.0012146450361 0.996531850796 1.0036057843
-8.10721442886e-08 0.00121250012727 0.996686219413 1.00342956975
-8.04909819639e-08 0.00121035700977 0.996840654486 1.00325331158
-7.99098196393e-08 0.00120821389228 0.996995089559 1.00307705342
-7.93286573146e-08 0.00120607246184 0.997149590588 1.00290075741
-7.874749499e-08 0.00120394914162 0.997304799641 1.00272405525
-7.81663326653e-08 0.0012018258214 0.997460008694 1.00254735309
-7.75851703407e-08 0.00119970250118 0.997615217748 1.00237065092
-7.7004008016e-08 0.00119758142582 0.99777052319 1.00219390928
-7.64228456914e-08 0.00119547242282 0.997926346997 1.0020169553
-7.58416833667e-08 0.00119336341982 0.998082170804 1.00184000132
-7.52605210421e-08 0.00119125441683 0.998237994611 1.00166304735
-7.46793587174e-08 0.00118914637203 0.998393871936 1.00148609377
-7.40981963928e-08 0.00118704441817 0.998550089453 1.00130914271
-7.35170340681e-08 0.0011849424643 0.99870630697 1.00113219165
-7.29358717435e-08 0.00118284051044 0.998862524487 1.00095524059
-7.23547094188e-08 0.00118073851784 0.999018744356 1.00077829599
-7.17735470942e-08 0.00117863467004 0.999175076899 1.00060166097
-7.11923847695e-08 0.00117653082224 0.999331409443 1.00042502594
-7.06112224449e-08 0.00117442697445 0.999487741986 1.00024839092
-7.00300601202e-08 0.00117232312665 0.999644074529 1.0000717559
-6.94488977956e-08 0.00117020924942 0.999800231261 0.99989567347
-6.88677354709e-08 0.00116809299104 0.999956346251 0.999719722239
-6.82865731463e-08 0.00116597673266 1.00011246124 0.999543771007
-6.77054108216e-08 0.00116386047428 1.00026857623 0.999367819776
-6.7124248497e-08 0.00116173209209 1.00042439289 0.999192416303
-6.65430861723e-08 0.00115959142482 1.00057990723 0.999017567876
-6.59619238477e-08 0.00115745075754 1.00073542158 0.998842719449
-6.5380761523e-08 0.00115531009026 1.00089093592 0.998667871021
-6.47995991984e-08 0.00115316625481 1.00104636386 0.998493154163
-6.42184368737e-08 0.00115098778336 1.00120084707 0.998319875683
-6.36372745491e-08 0.00114880931191 1.00135533028 0.998146597203
-6.30561122244e-08 0.00114663084046 1.0015098135 0.997973318723
-6.24749498998e-08 0.001144452369 1.00166429671 0.997800040243
-6.18937875752e-08 0.0011422441168 1.00181792585 0.997627942575
-6.13126252505e-08 0.00114001312879 1.00197090295 0.997456746386
-6.07314629259e-08 0.00113778214077 1.00212388005 0.997285550197
-6.01503006012e-08 0.00113555115275 1.00227685715 0.997114354008
-5.95691382766e-08 0.00113332016474 1.00242983425 0.996943157819
-5.89879759519e-08 0.0011310245383 1.00258090172 0.996774451123
-5.84068136273e-08 0.00112872508165 1.00273185603 0.996605891945
-5.78256513026e-08 0.00112642562499 1.00288281034 0.996437332767
-5.7244488978e-08 0.00112412616833 1.00303376465 0.996268773589
-5.66633266533e-08 0.00112180854585 1.00318417168 0.996100900287
-5.60821643287e-08 0.00111942350624 1.00333254759 0.995935572413
-5.5501002004e-08 0.00111703846663 1.00348092351 0.995770244539
-5.49198396794e-08 0.00111465342702 1.00362929943 0.995604916665
-5.43386773547e-08 0.0011122683874 1.00377767534 0.995439588791
-5.37575150301e-08 0.00110984504103 1.00392488111 0.995275686559
-5.31763527054e-08 0.00110735622193 1.00407008691 0.995114220988
-5.25951903808e-08 0.00110486740282 1.00421529271 0.994952755417
-5.20140280561e-08 0.00110237858371 1.00436049851 0.994791289846
-5.14328657315e-08 0.0010998897646 1.0045057043 0.994629824275
-5.08517034068e-08 0.00109735027935 1.00464934652 0.994470223868
-5.02705410822e-08 0.00109473848706 1.00479075732 0.994313285287
-4.96893787575e-08 0.00109212669477 1.00493216812 0.994156346705
-4.91082164329e-08 0.00108951490248 1.00507357892 0.993999408124
-4.85270541082e-08 0.00108690311019 1.00521498972 0.993842469542
-4.79458917836e-08 0.00108424292305 1.00535489532 0.993687297375
-4.73647294589e-08 0.00108148805946 1.00549185626 0.993535580905
-4.67835671343e-08 0.00107873319586 1.0056288172 0.993383864435
-4.62024048096e-08 0.00107597833227 1.00576577813 0.993232147964
-4.5621242485e-08 0.00107322346867 1.00590273907 0.993080431494
-4.50400801603e-08 0.00107044481069 1.0060389554 0.992929577591
-4.44589178357e-08 0.00106752597609 1.00617078513 0.992783805212
-4.3877755511e-08 0.00106460714149 1.00630261485 0.992638032833
-4.32965931864e-08 0.00106168830689 1.00643444458 0.992492260455
-4.27154308617e-08 0.00105876947229 1.0065662743 0.992346488076
-4.21342685371e-08 0.00105585063769 1.00669810403 0.992200715698
-4.15531062124e-08 0.00105277783371 1.00682509189 0.992060493609
-4.09719438878e-08 0.00104967344239 1.00695108643 0.991921410182
-4.03907815631e-08 0.00104656905106 1.00707708097 0.991782326754
-3.98096192385e-08 0.00104346465973 1.00720307551 0.991643243327
-3.92284569138e-08 0.0010403602684 1.00732907005 0.991504159899
-3.86472945892e-08 0.00103717500975 1.00745251145 0.991367978
-3.80661322645e-08 0.00103386292065 1.00757194857 0.991236346791
-3.74849699399e-08 0.00103055083155 1.00769138569 0.991104715583
-3.69038076152e-08 0.00102723874245 1.00781082281 0.990973084374
-3.63226452906e-08 0.00102392665335 1.00793025993 0.990841453165
-3.57414829659e-08 0.00102061456425 1.00804969704 0.990709821956
-3.51603206413e-08 0.00101711346328 1.00816314722 0.990584945924
-3.45791583166e-08 0.00101357112836 1.00827529131 0.990461543569
-3.3997995992e-08 0.00101002879344 1.0083874354 0.990338141214
-3.34168336673e-08 0.00100648645852 1.00849957949 0.990214738859
-3.28356713427e-08 0.00100294412361 1.00861172358 0.990091336503
-3.2254509018e-08 0.000999371059188 1.00872289168 0.989969028751
-3.16733466934e-08 0.00099557569167 1.0088269993 0.989854639561
-3.10921843687e-08 0.000991780324152 1.00893110693 0.989740250372
-3.05110220441e-08 0.000987984956635 1.00903521455 0.989625861182
-2.99298597194e-08 0.000984189589117 1.00913932217 0.989511471993
-2.93486973948e-08 0.000980394221599 1.00924342979 0.989397082803
-2.87675350701e-08 0.000976519442283 1.00934500955 0.989285514298
-2.81863727455e-08 0.000972448207117 1.00944033565 0.989180923849
-2.76052104208e-08 0.00096837697195 1.00953566176 0.9890763334
-2.70240480962e-08 0.000964305736784 1.00963098786 0.988971742951
-2.64428857715e-08 0.000960234501617 1.00972631396 0.988867152503
-2.58617234469e-08 0.000956163266451 1.00982164007 0.988762562054
-2.52805611222e-08 0.000951997392658 1.00991394788 0.988661325041
-2.46993987976e-08 0.000947627621301 1.00999975281 0.98856731296
-2.41182364729e-08 0.000943257849944 1.01008555774 0.988473300879
-2.35370741483e-08 0.000938888078587 1.01017136267 0.988379288797
-2.29559118236e-08 0.000934518307231 1.0102571676 0.988285276716
-2.2374749499e-08 0.000930148535874 1.01034297253 0.988191264634
-2.17935871743e-08 0.000925712790782 1.01042666999 0.988099585504
-2.12124248497e-08 0.000921022222189 1.01050222732 0.988016917399
-2.0631262525e-08 0.000916331653596 1.01057778465 0.987934249294
-2.00501002004e-08 0.000911641085004 1.01065334199 0.987851581188
-1.94689378758e-08 0.000906950516411 1.01072889932 0.987768913083
-1.88877755511e-08 0.000902259947818 1.01080445665 0.987686244977
-1.83066132265e-08 0.000897569379226 1.01088001399 0.987603576872
-1.77254509018e-08 0.000892553378046 1.01094516142 0.987532397006
-1.71442885772e-08 0.000887520427537 1.01100976668 0.987461815476
-1.65631262525e-08 0.000882487477028 1.01107437195 0.987391233946
-1.59819639279e-08 0.00087745452652 1.01113897721 0.987320652416
-1.54008016032e-08 0.000872421576011 1.01120358247 0.987250070886
-1.48196392786e-08 0.000867388625502 1.01126818773 0.987179489356
-1.42384769539e-08 0.000862156702375 1.01132642084 0.987115922014
-1.36573146293e-08 0.000856760759738 1.01137940117 0.987058136691
-1.30761523046e-08 0.000851364817101 1.0114323815 0.987000351368
-1.249498998e-08 0.000845968874465 1.01148536183 0.986942566045
-1.19138276553e-08 0.000840572931828 1.01153834216 0.986884780722
-1.13326653307e-08 0.000835176989191 1.01159132249 0.986826995399
-1.0751503006e-08 0.000829781046554 1.01164430282 0.986769210076
-1.01703406814e-08 0.000824004661568 1.01168508714 0.986724821261
-9.58917835671e-09 0.000818226419358 1.01172581192 0.986680497845
-9.00801603206e-09 0.000812448177148 1.0117665367 0.986636174429
-8.42685370741e-09 0.000806669934938 1.01180726149 0.986591851012
-7.84569138277e-09 0.000800891692728 1.01184798627 0.986547527596
-7.26452905812e-09 0.000795113450517 1.01188871105 0.98650320418
-6.68336673347e-09 0.000789220048372 1.01192574091 0.986462932552
-6.10220440882e-09 0.000783041860887 1.01195363339 0.986432680814
-5.52104208417e-09 0.000776863673401 1.01198152587 0.986402429076
-4.93987975952e-09 0.000770685485916 1.01200941835 0.986372177338
-4.35871743487e-09 0.00076450729843 1.01203731083 0.9863419256
-3.77755511022e-09 0.000758329110945 1.01206520331 0.986311673862
-3.19639278557e-09 0.00075215092346 1.01209309579 0.986281422124
-2.61523046092e-09 0.000745797000435 1.01211534559 0.986257350142
-2.03406813627e-09 0.000739203273266 1.01212989551 0.986241710895
-1.45290581162e-09 0.000732609546097 1.01214444543 0.986226071647
-8.71743486974e-10 0.000726015818928 1.01215899535 0.9862104324
-2.90581162324e-10 0.000719422091759 1.01217354527 0.986194793152
2.90581162325e-10 0.00071282836459 1.01218809519 0.986179153905
8.71743486974e-10 0.000706234637421 1.01220264511 0.986163514658
1.45290581162e-09 0.000699471014663 1.01221173638 0.986153848336
2.03406813627e-09 0.00069244862402 1.01221251357 0.986153279376
2.61523046092e-09 0.000685426233378 1.01221329075 0.986152710416
3.19639278557e-09 0.000678403842735 1.01221406794 0.986152141456
3.77755511022e-09 0.000671381452093 1.01221484513 0.986151572495
4.35871743487e-09 0.00066435906145 1.01221562231 0.986151003535
4.93987975952e-09 0.000657336670807 1.0122163995 0.986150434575
5.52104208417e-09 0.000650224564656 1.01221429261 0.986153019887
6.10220440882e-09 0.000642763304862 1.01220096153 0.986167880952
6.68336673347e-09 0.000635302045067 1.01218763044 0.986182742018
7.26452905812e-09 0.000627840785273 1.01217429935 0.986197603083
7.84569138277e-09 0.000620379525478 1.01216096827 0.986212464149
8.42685370742e-09 0.000612918265684 1.01214763718 0.986227325214
9.00801603206e-09 0.000605457005889 1.0121343061 0.98624218628
9.58917835671e-09 0.000597995746095 1.01212097501 0.986257047345
1.01703406814e-08 0.000590158651344 1.01209555658 0.986285127413
1.0751503006e-08 0.000582251707974 1.01206789172 0.986315664222
1.13326653307e-08 0.000574344764603 1.01204022687 0.98634620103
1.19138276553e-08 0.000566437821233 1.01201256202 0.986376737839
1.249498998e-08 0.000558530877863 1.01198489716 0.986407274648
1.30761523046e-08 0.000550623934492 1.01195723231 0.986437811456
1.36573146293e-08 0.000542716991122 1.01192956745 0.986468348265
1.42384769539e-08 0.000534671464711 1.01189744401 0.986503763049
1.48196392786e-08 0.000526315909901 1.01185534613 0.986550090505
1.54008016032e-08 0.00051796035509 1.01181324826 0.986596417961
1.59819639279e-08 0.00050960480028 1.01177115038 0.986642745417
1.65631262525e-08 0.000501249245469 1.0117290525 0.986689072872
1.71442885772e-08 0.000492893690659 1.01168695462 0.986735400328
1.77254509018e-08 0.000484538135848 1.01164485674 0.986781727784
1.83066132265e-08 0.000476182581038 1.01160275886 0.986828055239
1.88877755511e-08 0.000467559966551 1.01155206686 0.986883793901
1.94689378758e-08 0.000458757272031 1.01149557977 0.986945878598
2.00501002004e-08 0.000449954577511 1.01143909268 0.987007963295
2.06312625251e-08 0.000441151882991 1.0113826056 0.987070047991
2.12124248497e-08 0.000432349188471 1.01132611851 0.987132132688
2.17935871743e-08 0.000423546493951 1.01126963143 0.987194217385
2.2374749499e-08 0.000414743799431 1.01121314434 0.987256302082
2.29559118236e-08 0.000405941104911 1.01115665725 0.987318386779
2.35370741483e-08 0.000396828063161 1.01109018187 0.987391426201
2.41182364729e-08 0.000387584625862 1.01101950979 0.987469068361
2.46993987976e-08 0.000378341188563 1.01094883772 0.987546710522
2.52805611222e-08 0.000369097751264 1.01087816565 0.987624352682
2.58617234469e-08 0.000359854313964 1.01080749357 0.987701994843
2.64428857715e-08 0.000350610876665 1.0107368215 0.987779637003
2.70240480962e-08 0.000341367439366 1.01066614943 0.987857279164
2.76052104208e-08 0.000332124002066 1.01059547735 0.987934921324
2.81863727455e-08 0.000322612382746 1.01051617452 0.988022051002
2.87675350701e-08 0.000312940057664 1.01043169977 0.988114865993
2.93486973948e-08 0.000303267732582 1.01034722503 0.988207680984
2.99298597194e-08 0.0002935954075 1.01026275028 0.988300495975
3.05110220441e-08 0.000283923082418 1.01017827554 0.988393310966
3.10921843687e-08 0.000274250757336 1.01009380079 0.988486125957
3.16733466934e-08 0.000264578432254 1.01000932605 0.988578940948
3.2254509018e-08 0.000254906107172 1.0099248513 0.988671755939
3.28356713427e-08 0.000245087311114 1.00983566414 0.988769768031
3.34168336673e-08 0.000235003947263 1.00973796504 0.988877167551
3.3997995992e-08 0.000224920583413 1.00964026594 0.988984567071
3.45791583166e-08 0.000214837219563 1.00954256684 0.989091966591
3.51603206413e-08 0.000204753855713 1.00944486774 0.989199366112
3.57414829659e-08 0.000194670491863 1.00934716864 0.989306765632
3.63226452906e-08 0.000184587128013 1.00924946954 0.989414165152
3.69038076152e-08 0.000174503764163 1.00915177044 0.989521564672
3.74849699399e-08 0.000164420400312 1.00905407134 0.989628964192
3.80661322645e-08 0.00015399182378 1.00894527292 0.989748660764
3.86472945892e-08 0.000143521802835 1.00883514198 0.989869833656
3.92284569138e-08 0.00013305178189 1.00872501103 0.989991006548
3.98096192385e-08 0.000122581760946 1.00861488009 0.99011217944
4.03907815631e-08 0.000112111740001 1.00850474915 0.990233352332
4.09719438878e-08 0.000101641719056 1.0083946182 0.990354525224
4.15531062124e-08 9.11716981111e-05 1.00828448726 0.990475698117
4.21342685371e-08 8.07016771663e-05 1.00817435631 0.990596871009
4.27154308617e-08 7.01499163786e-05 1.00806160044 0.990720970995
4.32965931864e-08 5.93247026032e-05 1.00794006314 0.990854863304
4.3877755511e-08 4.84994888277e-05 1.00781852584 0.990988755612
4.44589178357e-08 3.76742750523e-05 1.00769698854 0.991122647921
4.50400801603e-08 2.68490612769e-05 1.00757545124 0.991256540229
4.5621242485e-08 1.60238475014e-05 1.00745391394 0.991390432537
4.62024048096e-08 5.19863372597e-06 1.00733237664 0.991524324846
4.67835671343e-08 -5.62658004947e-06 1.00721083934 0.991658217154
4.73647294589e-08 -1.64517938249e-05 1.00708930204 0.991792109463
4.79458917836e-08 -2.73919261268e-05 1.00696408239 0.991930147141
4.85270541082e-08 -3.8533196769e-05 1.00683241763 0.992075440333
4.91082164329e-08 -4.96744674112e-05 1.00670075287 0.992220733525
4.96893787575e-08 -6.08157380534e-05 1.00656908811 0.992366026717
5.02705410822e-08 -7.19570086956e-05 1.00643742335 0.992511319909
5.08517034068e-08 -8.30982793378e-05 1.00630575859 0.992656613101
5.14328657315e-08 -9.423954998e-05 1.00617409383 0.992801906292
5.20140280561e-08 -0.000105380820622 1.00604242907 0.992947199484
5.25951903808e-08 -0.000116522091264 1.00591076431 0.993092492676
5.31763527054e-08 -0.000127740822195 1.00577662747 0.993240610121
5.37575150301e-08 -0.000139150646491 1.00563639205 0.993395694956
5.43386773547e-08 -0.000150560470787 1.00549615663 0.993550779791
5.49198396794e-08 -0.000161970295082 1.00535592122 0.993705864625
5.5501002004e-08 -0.000173380119378 1.0052156858 0.99386094946
5.60821643287e-08 -0.000184789943674 1.00507545038 0.994016034295
5.66633266533e-08 -0.00019619976797 1.00493521496 0.99417111913
5.7244488978e-08 -0.000207609592266 1.00479497955 0.994326203965
5.78256513026e-08 -0.000219019416562 1.00465474413 0.994481288799
5.84068136273e-08 -0.000230429240858 1.00451450871 0.994636373634
5.89879759519e-08 -0.000242050741161 1.00436757302 0.994799312115
5.95691382766e-08 -0.000253672300455 1.00422063546 0.994962252785
6.01503006012e-08 -0.000265293859748 1.00407369791 0.995125193454
6.07314629259e-08 -0.000276915419041 1.00392676035 0.995288134124
6.13126252505e-08 -0.000288536978335 1.00377982279 0.995451074793
6.18937875752e-08 -0.000300158537628 1.00363288524 0.995614015463
6.24749498998e-08 -0.000311780096921 1.00348594768 0.995776956132
6.30561122244e-08 -0.000323401656214 1.00333901012 0.995939896802
6.36372745491e-08 -0.000335023215508 1.00319207257 0.996102837471
6.42184368737e-08 -0.000346715732913 1.00304293486 0.996268504645
6.47995991984e-08 -0.000358481388663 1.0028915294 0.996436982095
6.5380761523e-08 -0.000370247044413 1.00274012394 0.996605459546
6.59619238477e-08 -0.000382012700163 1.00258871848 0.996773936997
6.65430861723e-08 -0.000393778355914 1.00243731302 0.996942414447
6.7124248497e-08 -0.000405544011664 1.00228590756 0.997110891898
6.77054108216e-08 -0.000417309667414 1.0021345021 0.997279369349
6.82865731463e-08 -0.000429075323164 1.00198309664 0.997447846799
6.88677354709e-08 -0.000440840978914 1.00183169118 0.99761632425
6.94488977956e-08 -0.000452606634664 1.00168028572 0.997784801701
7.00300601202e-08 -0.000464420229461 1.00152753127 0.997955361288
7.06112224449e-08 -0.000476248844271 1.00137435415 0.99812657324
7.11923847695e-08 -0.000488077459081 1.00122117704 0.998297785192
7.17735470942e-08 -0.00049990607389 1.00106799993 0.998468997143
7.23547094188e-08 -0.0005117346887 1.00091482282 0.998640209095
7.29358717435e-08 -0.00052356330351 1.00076164571 0.998811421047
7.35170340681e-08 -0.00053539191832 1.00060846859 0.998982632999
7.40981963928e-08 -0.00054722053313 1.00045529148 0.99915384495
7.46793587174e-08 -0.00055904914794 1.00030211437 0.999325056902
7.52605210421e-08 -0.00057087776275 1.00014893726 0.999496268854
7.58416833667e-08 -0.000582676898162 0.999997018447 0.999666887974
7.64228456914e-08 -0.000594468730342 0.999845411368 0.999837360225
7.7004008016e-08 -0.000606260562522 0.999693804289 1.00000783248
7.75851703407e-08 -0.000618052394702 0.99954219721 1.00017830473
7.81663326653e-08 -0.000629844226882 0.999390590131 1.00034877698
7.874749499e-08 -0.000641636059062 0.999238983052 1.00051924923
7.93286573146e-08 -0.000653427891241 0.999087375973 1.00068972148
7.99098196393e-08 -0.000665219723421 0.998935768894 1.00086019374
8.04909819639e-08 -0.000677011555601 0.998784161815 1.00103066599
8.10721442886e-08 -0.000688803387781 0.998632554736 1.00120113824
8.16533066132e-08 -0.000700494926796 0.998484540918 1.00136842008
8.22344689379e-08 -0.000712121557785 0.998338852598 1.00153363714
8.28156312625e-08 -0.000723748188775 0.998193164277 1.0016988542
8.33967935872e-08 -0.000735374819764 0.998047475957 1.00186407126
8.39779559118e-08 -0.000747001450753 0.997901787636 1.00202928832
8.45591182365e-08 -0.000758628081742 0.997756099316 1.00219450538
8.51402805611e-08 -0.000770254712731 0.997610410995 1.00235972244
8.57214428858e-08 -0.00078188134372 0.997464722675 1.0025249395
8.63026052104e-08 -0.000793507974709 0.997319034354 1.00269015656
8.68837675351e-08 -0.000805134605698 0.997173346034 1.00285537362
8.74649298597e-08 -0.000816702026544 0.997029732192 1.00301859421
8.80460921844e-08 -0.000827986128776 0.996896044667 1.00317226176
8.8627254509e-08 -0.000839270231007 0.996762357142 1.00332592931
8.92084168337e-08 -0.000850554333239 0.996628669617 1.00347959686
8.97895791583e-08 -0.000861838435471 0.996494982092 1.0036332644
9.0370741483e-08 -0.000873122537703 0.996361294567 1.00378693195
9.09519038076e-08 -0.000884406639935 0.996227607042 1.0039405995
9.15330661323e-08 -0.000895690742166 0.996093919517 1.00409426705
9.21142284569e-08 -0.000906974844398 0.995960231992 1.00424793459
9.26953907816e-08 -0.00091825894663 0.995826544467 1.00440160214
9.32765531062e-08 -0.000929543048862 0.995692856942 1.00455526969
9.38577154309e-08 -0.000940526422539 0.995569669135 1.00469852593
9.44388777555e-08 -0.000951200649323 0.995457274966 1.0048310794
9.50200400802e-08 -0.000961874876107 0.995344880796 1.00496363288
9.56012024048e-08 -0.000972549102891 0.995232486627 1.00509618635
9.61823647295e-08 -0.000983223329675 0.995120092458 1.00522873983
9.67635270541e-08 -0.000993897556458 0.995007698289 1.00536129331
9.73446893788e-08 -0.00100457178324 0.994895304119 1.00549384678
9.79258517034e-08 -0.00101524601003 0.99478290995 1.00562640026
9.85070140281e-08 -0.00102592023681 0.994670515781 1.00575895374
9.90881763527e-08 -0.00103659446359 0.994558121611 1.00589150721
9.96693386774e-08 -0.00104726869038 0.994445727442 1.00602406069
1.00250501002e-07 -0.00105735187691 0.994354036317 1.00613582178
1.00831663327e-07 -0.00106697448501 0.994278478399 1.00623138006
1.01412825651e-07 -0.00107659709311 0.994202920482 1.00632693833
1.01993987976e-07 -0.00108621970122 0.994127362564 1.0064224966
1.02575150301e-07 -0.00109584230932 0.994051804647 1.00651805487
1.03156312625e-07 -0.00110546491743 0.993976246729 1.00661361314
1.0373747495e-07 -0.00111508752553 0.993900688812 1.00670917141
1.04318637275e-07 -0.00112471013364 0.993825130895 1.00680472968
1.04899799599e-07 -0.00113433274174 0.993749572977 1.00690028795
1.05480961924e-07 -0.00114395534985 0.99367401506 1.00699584622
1.06062124248e-07 -0.00115357795795 0.993598457142 1.00709140449
1.06643286573e-07 -0.00116251184221 0.99354718049 1.0071624934
1.07224448898e-07 -0.00117029166443 0.993536590806 1.00719258014
1.07805611222e-07 -0.00117807148666 0.993526001123 1.00722266688
1.08386773547e-07 -0.00118585130889 0.99351541144 1.00725275362
1.08967935872e-07 -0.00119363113112 0.993504821756 1.00728284036
1.09549098196e-07 -0.00120141095335 0.993494232073 1.0073129271
1.10130260521e-07 -0.00120919077557 0.99348364239 1.00734301384
1.10711422846e-07 -0.0012169705978 0.993473052706 1.00737310058
1.1129258517e-07 -0.00122475042003 0.993462463023 1.00740318732
1.11873747495e-07 -0.00123253024226 0.993451873339 1.00743327406
1.1245490982e-07 -0.00124031006449 0.993441283656 1.00746336081
1.13036072144e-07 -0.00124808988671 0.993430693973 1.00749344755
1.13617234469e-07 -0.00125277973179 0.99352996248 1.0074132597
1.14198396794e-07 -0.0012572088238 0.99363850156 1.00732376613
1.14779559118e-07 -0.00126163791581 0.99374704064 1.00723427257
1.15360721443e-07 -0.00126606700782 0.99385557972 1.007144779
1.15941883768e-07 -0.00127049609984 0.9939641188 1.00705528544
1.16523046092e-07 -0.00127492519185 0.99407265788 1.00696579188
1.17104208417e-07 -0.00127935428386 0.994181196961 1.00687629831
1.17685370741e-07 -0.00128378337587 0.994289736041 1.00678680475
1.18266533066e-07 -0.00128821246788 0.994398275121 1.00669731119
1.18847695391e-07 -0.00129264155989 0.994506814201 1.00660781762
1.19428857715e-07 -0.0012970706519 0.994615353281 1.00651832406
1.2001002004e-07 -0.00130022111791 0.994769847416 1.00638327257
1.20591182365e-07 -0.00129829372386 0.995106844746 1.00606729503
1.21172344689e-07 -0.00129636632982 0.995443842077 1.00575131749
1.21753507014e-07 -0.00129443893578 0.995780839407 1.00543533996
1.22334669339e-07 -0.00129251154173 0.996117836738 1.00511936242
1.22915831663e-07 -0.00129058414769 0.996454834069 1.00480338488
1.23496993988e-07 -0.00128865675365 0.996791831399 1.00448740734
1.24078156313e-07 -0.0012867293596 0.99712882873 1.0041714298
1.24659318637e-07 -0.00128480196556 0.997465826061 1.00385545226
1.25240480962e-07 -0.00128287457152 0.997802823391 1.00353947472
1.25821643287e-07 -0.00128094717747 0.998139820722 1.00322349718
1.26402805611e-07 -0.00127901978343 0.998476818052 1.00290751965
1.26983967936e-07 -0.00127452943618 0.998907442896 1.00250115462
1.27565130261e-07 -0.00126005809678 0.999702684411 1.00174279067
1.28146292585e-07 -0.00124558675738 1.00049792593 1.00098442672
1.2872745491e-07 -0.00123111541798 1.00129316744 1.00022606278
1.29308617234e-07 -0.00121664407858 1.00208840896 0.999467698827
1.29889779559e-07 -0.00120217273918 1.00288365047 0.998709334879
1.30470941884e-07 -0.00118770139978 1.00367889199 0.99795097093
1.31052104208e-07 -0.00117323006038 1.0044741335 0.997192606982
1.31633266533e-07 -0.00115875872098 1.00526937502 0.996434243033
1.32214428858e-07 -0.00114428738158 1.00606461653 0.995675879084
1.32795591182e-07 -0.00112981604218 1.00685985805 0.994917515136
1.33376753507e-07 -0.00111534470278 1.00765509956 0.994159151187
1.33957915832e-07 -0.00110087336338 1.00845034108 0.993400787239
1.34539078156e-07 -0.00106271910073 1.01013612541 0.991828339571
1.35120240481e-07 -0.00102264972484 1.01189392326 0.990190061241
1.35701402806e-07 -0.000982580348946 1.0136517211 0.988551782912
1.3628256513e-07 -0.000942510973052 1.01540951894 0.986913504582
1.36863727455e-07 -0.000902441597159 1.01716731679 0.985275226253
1.3744488978e-07 -0.000862372221265 1.01892511463 0.983636947923
1.38026052104e-07 -0.000822302845372 1.02068291247 0.981998669593
1.38607214429e-07 -0.000782233469478 1.02244071032 0.980360391264
1.39188376754e-07 -0.000742164093585 1.02419850816 0.978722112934
1.39769539078e-07 -0.000702094717692 1.025956306 0.977083834605
1.40350701403e-07 -0.000662025341798 1.02771410385 0.975445556275
1.40931863727e-07 -0.000621955965905 1.02947190169 0.973807277945
1.41513026052e-07 -0.000562704437479 1.0319526344 0.971508260138
1.42094188377e-07 -0.000468920364566 1.03573482588 0.968019750414
1.42675350701e-07 -0.000375136291652 1.03951701736 0.964531240689
1.43256513026e-07 -0.000281352218739 1.04329920884 0.961042730964
1.43837675351e-07 -0.000187568145826 1.04708140031 0.957554221239
1.44418837675e-07 -9.37840729131e-05 1.05086359179 0.954065711515
1.45e-07 0 1.05464578327 0.95057720179
