-1.45e-07 0.00772542486102 1.01658250751 0.983642468639
-1.44418837675e-07 0.00769280512966 1.01531861437 0.984867301299
-1.43837675351e-07 0.00766148137262 1.01414126775 0.986010088298
-1.43256513026e-07 0.00763171971374 1.0130688998 0.987053689597
-1.42675350701e-07 0.00760314806692 1.01207674595 0.988021138992
-1.42094188377e-07 0.00757554463261 1.01114999095 0.98892632965
-1.41513026052e-07 0.00754882995928 1.01028335754 0.989774174357
-1.40931863727e-07 0.00752339005551 1.00950326384 0.990539145147
-1.40350701403e-07 0.00749870194836 1.00877441652 0.99125484718
-1.39769539078e-07 0.00747466529766 1.00809003548 0.991927751519
-1.39188376754e-07 0.00745153485424 1.00746770257 0.99254078254
-1.38607214429e-07 0.00742910413884 1.0068935122 0.993107198297
-1.38026052104e-07 0.00740714319985 1.00635170349 0.99364222342
-1.3744488978e-07 0.00738592276416 1.00586110862 0.994127499259
-1.36863727455e-07 0.00736522345186 1.00540675682 0.994577461758
-1.3628256513e-07 0.00734485986491 1.00497576918 0.995004652401
-1.35701402806e-07 0.00732519864231 1.00459392172 0.995383827019
-1.35120240481e-07 0.00730581977626 1.00423195487 0.995743523642
-1.34539078156e-07 0.00728682135007 1.00389677465 0.99607697612
-1.33957915832e-07 0.00726827593429 1.00359370652 0.996378886938
-1.33376753507e-07 0.00724990380437 1.00330293911 0.996668709832
-1.32795591182e-07 0.00723202552325 1.0030474296 0.996923817651
-1.32214428858e-07 0.00721429867633 1.00280281355 0.997168175083
-1.31633266533e-07 0.00719688846815 1.002580975 0.997390054178
-1.31052104208e-07 0.00717970241646 1.00237539018 0.997595857694
-1.30470941884e-07 0.00716270575444 1.00218353814 0.997788078965
-1.29889779559e-07 0.00714597055974 1.00201080509 0.997961350726
-1.29308617234e-07 0.00712933774276 1.0018455581 0.998127202793
-1.2872745491e-07 0.00711297658238 1.00170035136 0.998273151456
-1.28146292585e-07 0.00709666249755 1.00155861741 0.998415651046
-1.27565130261e-07 0.00708061027104 1.00143638099 0.998538747469
-1.26983967936e-07 0.00706457414728 1.00131534356 0.998660650713
-1.26402805611e-07 0.00704877613752 1.00121220926 0.998764702473
-1.25821643287e-07 0.00703298129257 1.00110931291 0.998868516965
-1.25240480962e-07 0.00701739189317 1.00102202207 0.998956740781
-1.24659318637e-07 0.00700180547628 1.00093495778 0.999044738262
-1.24078156313e-07 0.00698638699561 1.00086078712 0.999119829531
-1.23496993988e-07 0.00697097972834 1.00078747739 0.99919405903
-1.22915831663e-07 0.00695570127806 1.00072416934 0.999258257787
-1.22334669339e-07 0.00694044719537 1.00066275326 0.999320559086
-1.21753507014e-07 0.00692528366961 1.00060845122 0.999375711832
-1.21172344689e-07 0.00691015986343 1.00055726951 0.999427729122
-1.20591182365e-07 0.00689509101252 1.00051045832 0.999475346084
-1.2001002004e-07 0.00688007737978 1.00046803857 0.999518541667
-1.19428857715e-07 0.00686508698033 1.00042749038 0.999559849169
-1.18847695391e-07 0.00685016597729 1.00039253244 0.999595517088
-1.18266533066e-07 0.00683524497426 1.0003575745 0.999631185007
-1.17685370741e-07 0.00682039750336 1.00032861989 0.999660784334
-1.17104208417e-07 0.00680555390799 1.00029998167 0.999690063815
-1.16523046092e-07 0.00679074855265 1.00027450945 0.999716136228
-1.15941883768e-07 0.00677596923638 1.00025119306 0.999740024828
-1.15360721443e-07 0.00676119970155 1.00022869841 0.999763079244
-1.14779559118e-07 0.00674647341196 1.00020983682 0.999782445608
-1.14198396794e-07 0.00673174712236 1.00019097523 0.999801811971
-1.13617234469e-07 0.00671705199564 1.00017477183 0.99981847396
-1.13036072144e-07 0.00670236915081 1.00015961608 0.999834070104
-1.1245490982e-07 0.00668769309418 1.00014504864 0.999849066365
-1.11873747495e-07 0.00667304558982 1.00013295571 0.999861539423
-1.1129258517e-07 0.00665839808547 1.00012086277 0.999874012481
-1.10711422846e-07 0.00664376791393 1.00011029707 0.9998849246
-1.10130260521e-07 0.00662914894377 1.00010071835 0.999894827958
-1.09549098196e-07 0.0066145299736 1.00009113962 0.999904731317
-1.08967935872e-07 0.00659993299431 1.00008353227 0.999912614926
-1.08386773547e-07 0.00658533688412 1.00007600283 0.999920418712
-1.07805611222e-07 0.00657074539298 1.00006889495 0.999927789497
-1.07224448898e-07 0.00655616744859 1.00006302346 0.999933890378
-1.06643286573e-07 0.0065415895042 1.00005715197 0.999939991259
-1.06062124248e-07 0.00652701847102 1.00005192313 0.999945430347
-1.05480961924e-07 0.00651245484007 1.00004738262 0.999950160623
-1.04899799599e-07 0.00649789120912 1.00004284211 0.999954890898
-1.04318637275e-07 0.00648333480173 1.00003898646 0.999958914022
-1.0373747495e-07 0.00646878234916 1.00003550577 0.999962549989
-1.03156312625e-07 0.00645422989658 1.00003202507 0.999966185956
-1.02575150301e-07 0.00643968386893 1.00002916593 0.999969178363
-1.01993987976e-07 0.00642514006572 1.00002652198 0.999971947957
-1.01412825651e-07 0.0064105962625 1.00002387804 0.999974717551
-1.00831663327e-07 0.00639605757012 1.00002173897 0.999976962885
-1.00250501002e-07 0.00638152039478 1.00001974977 0.999979052604
-9.96693386774e-08 0.00636698321943 1.00001776056 0.999981142323
-9.90881763527e-08 0.00635244971156 1.00001614161 0.999982846443
-9.85070140281e-08 0.00633791756376 1.00001465996 0.999984407567
-9.79258517034e-08 0.00632338541595 1.00001317831 0.99998596869
-9.73446893788e-08 0.00630885559351 1.00001193676 0.999987278996
-9.67635270541e-08 0.00629432721901 1.00001084471 0.999988433126
-9.61823647295e-08 0.0062797988445 1.00000975265 0.999989587256
-9.56012024048e-08 0.00626527167372 1.00000878781 0.999990608071
-9.50200400802e-08 0.00625074609985 1.00000799174 0.999991452026
-9.44388777555e-08 0.00623622052598 1.00000719567 0.999992295981
-9.38577154309e-08 0.00622169529802 1.00000643705 0.999993100564
-9.32765531062e-08 0.00620717177877 1.00000586342 0.999993710658
-9.26953907816e-08 0.00619264825952 1.00000528978 0.999994320753
-9.21142284569e-08 0.00617812474027 1.00000471615 0.999994930848
-9.15330661323e-08 0.00616360245718 1.00000427971 0.999995396211
-9.09519038076e-08 0.00614908042698 1.00000387135 0.999995831966
-9.0370741483e-08 0.00613455839678 1.00000346298 0.99999626772
-8.97895791583e-08 0.00612003680706 1.00000310477 0.999996650378
-8.92084168337e-08 0.00610551584231 1.00000281774 0.9999969577
-8.8627254509e-08 0.00609099487756 1.0000025307 0.999997265022
-8.80460921844e-08 0.00607647391281 1.00000224367 0.999997572344
-8.74649298597e-08 0.00606195363731 1.00000203723 0.999997794051
-8.68837675351e-08 0.00604743342477 1.00000183815 0.999998007935
-8.63026052104e-08 0.00603291321223 1.00000163908 0.99999822182
-8.57214428858e-08 0.00601839317609 1.0000014612 0.999998413106
-8.51402805611e-08 0.00600387348722 1.00000132505 0.999998559901
-8.45591182365e-08 0.00598935379835 1.0000011889 0.999998706696
-8.39779559118e-08 0.00597483410948 1.00000105274 0.999998853491
-8.33967935872e-08 0.00596031466243 1.00000094648 0.999998968302
-8.28156312625e-08 0.00594579533279 1.00000085473 0.999999067588
-8.22344689379e-08 0.00593127600315 1.00000076298 0.999999166873
-8.16533066132e-08 0.00591675667351 1.00000067123 0.999999266158
-8.10721442886e-08 0.00590223756792 1.00000060797 0.999999334829
-8.04909819639e-08 0.00588771848094 1.00000054709 0.999999400957
-7.99098196393e-08 0.00587319939396 1.00000048621 0.999999467085
-7.93286573146e-08 0.00585868032073 1.00000042712 0.999999531271
-7.874749499e-08 0.00584416139504 1.00000038737 0.99999957461
-7.81663326653e-08 0.00582964246935 1.00000034762 0.999999617949
-7.75851703407e-08 0.00581512354366 1.00000030787 0.999999661288
-7.7004008016e-08 0.0058006046345 1.00000027035 0.999999702211
-7.64228456914e-08 0.00578608581422 1.00000024483 0.999999730137
-7.58416833667e-08 0.00577156699394 1.00000021932 0.999999758064
-7.52605210421e-08 0.00575704817366 1.0000001938 0.999999785991
-7.46793587174e-08 0.00574252936257 1.00000016956 0.999999812524
-7.40981963928e-08 0.00572801060997 1.00000015348 0.999999830202
-7.35170340681e-08 0.00571349185736 1.00000013739 0.99999984788
-7.29358717435e-08 0.00569897310476 1.0000001213 0.999999865558
-7.23547094188e-08 0.00568445435302 1.00000010534 0.9999998831
-7.17735470942e-08 0.00566993564307 1.00000009538 0.999999894083
-7.11923847695e-08 0.00565541693311 1.00000008542 0.999999905067
-7.06112224449e-08 0.00564089822315 1.00000007547 0.999999916051
-7.00300601202e-08 0.00562637951319 1.00000006551 0.999999927035
-6.94488977956e-08 0.00561186082454 1.00000005872 0.99999993455
-6.88677354709e-08 0.00559734214094 1.00000005268 0.999999941243
-6.82865731463e-08 0.00558282345734 1.00000004663 0.999999947935
-6.77054108216e-08 0.00556830477374 1.00000004059 0.999999954628
-6.7124248497e-08 0.00555378609807 1.00000003577 0.99999995998
-6.65430861723e-08 0.00553926743044 1.00000003217 0.999999963975
-6.59619238477e-08 0.0055247487628 1.00000002858 0.99999996797
-6.5380761523e-08 0.00551023009517 1.00000002499 0.999999971965
-6.47995991984e-08 0.00549571142833 1.00000002152 0.999999975821
-6.42184368737e-08 0.00548119277015 1.00000001943 0.999999978154
-6.36372745491e-08 0.00546667411198 1.00000001734 0.999999980488
-6.30561122244e-08 0.00545215545381 1.00000001525 0.999999982822
-6.24749498998e-08 0.00543763679563 1.00000001316 0.999999985156
-6.18937875752e-08 0.00542311814057 1.00000001159 0.999999986922
-6.13126252505e-08 0.00540859948789 1.0000000104 0.999999988255
-6.07314629259e-08 0.0053940808352 1.00000000921 0.999999989589
-6.01503006012e-08 0.00537956218252 1.00000000802 0.999999990922
-5.95691382766e-08 0.00536504352983 1.00000000684 0.999999992255
-5.89879759519e-08 0.00535052488008 1.00000000615 0.999999993032
-5.84068136273e-08 0.00533600623051 1.00000000549 0.999999993776
-5.78256513026e-08 0.00532148758093 1.00000000483 0.999999994519
-5.7244488978e-08 0.00530696893135 1.00000000417 0.999999995263
-5.66633266533e-08 0.00529245028214 1.00000000357 0.999999995935
-5.60821643287e-08 0.00527793163428 1.00000000322 0.99999999634
-5.5501002004e-08 0.00526341298642 1.00000000286 0.999999996745
-5.49198396794e-08 0.00524889433856 1.0000000025 0.99999999715
-5.43386773547e-08 0.00523437569069 1.00000000215 0.999999997555
-5.37575150301e-08 0.00521985704317 1.00000000185 0.999999997889
-5.31763527054e-08 0.00520533839624 1.00000000166 0.999999998104
-5.25951903808e-08 0.0051908197493 1.00000000147 0.999999998319
-5.20140280561e-08 0.00517630110237 1.00000000128 0.999999998534
-5.14328657315e-08 0.00516178245543 1.00000000109 0.999999998749
-5.08517034068e-08 0.0051472638087 1.00000000094 0.999999998921
-5.02705410822e-08 0.00513274516225 1.00000000084 0.999999999032
-4.96893787575e-08 0.0051182265158 1.00000000075 0.999999999143
-4.91082164329e-08 0.00510370786935 1.00000000065 0.999999999254
-4.85270541082e-08 0.0050891892229 1.00000000055 0.999999999365
-4.79458917836e-08 0.00507467057654 1.00000000047 0.999999999457
-4.73647294589e-08 0.00506015193034 1.00000000043 0.999999999512
-4.67835671343e-08 0.00504563328413 1.00000000038 0.999999999568
-4.62024048096e-08 0.00503111463793 1.00000000033 0.999999999624
-4.5621242485e-08 0.00501659599173 1.00000000028 0.999999999679
-4.50400801603e-08 0.00500207734555 1.00000000024 0.999999999731
-4.44589178357e-08 0.00498755869947 1.00000000021 0.999999999758
-4.3877755511e-08 0.00497304005339 1.00000000019 0.999999999785
-4.32965931864e-08 0.00495852140731 1.00000000016 0.999999999812
-4.27154308617e-08 0.00494400276123 1.00000000014 0.999999999839
-4.21342685371e-08 0.00492948411515 1.00000000011 0.999999999866
-4.15531062124e-08 0.00491496546912 1.0000000001 0.999999999882
-4.09719438878e-08 0.0049004468231 1.00000000009 0.999999999895
-4.03907815631e-08 0.00488592817708 1.00000000008 0.999999999907
-3.98096192385e-08 0.00487140953107 1.00000000007 0.99999999992
-3.92284569138e-08 0.00485689088505 1.00000000006 0.999999999933
-3.86472945892e-08 0.00484237223904 1.00000000005 0.999999999943
-3.80661322645e-08 0.00482785359305 1.00000000004 0.999999999949
-3.74849699399e-08 0.00481333494705 1.00000000004 0.999999999955
-3.69038076152e-08 0.00479881630106 1.00000000003 0.999999999961
-3.63226452906e-08 0.00478429765507 1.00000000003 0.999999999967
-3.57414829659e-08 0.00476977900908 1.00000000002 0.999999999973
-3.51603206413e-08 0.0047552603631 1.00000000002 0.999999999976
-3.45791583166e-08 0.00474074171712 1.00000000002 0.999999999979
-3.3997995992e-08 0.00472622307114 1.00000000002 0.999999999981
-3.34168336673e-08 0.00471170442516 1.00000000001 0.999999999984
-3.28356713427e-08 0.00469718577917 1.00000000001 0.999999999987
-3.2254509018e-08 0.0046826671332 1.00000000001 0.999999999989
-3.16733466934e-08 0.00466814848722 1.00000000001 0.99999999999
-3.10921843687e-08 0.00465362984124 1.00000000001 0.999999999991
-3.05110220441e-08 0.00463911119527 1 0.999999999992
-2.99298597194e-08 0.00462459254929 1 0.999999999993
-2.93486973948e-08 0.00461007390332 1 0.999999999994
-2.87675350701e-08 0.00459555525735 1 0.999999999995
-2.81863727455e-08 0.00458103661137 1 0.999999999996
-2.76052104208e-08 0.0045665179654 1 0.999999999996
-2.70240480962e-08 0.00455199931943 1 0.999999999997
-2.64428857715e-08 0.00453748067346 1 0.999999999997
-2.58617234469e-08 0.00452296202749 1 0.999999999998
-2.52805611222e-08 0.00450844338152 1 0.999999999998
-2.46993987976e-08 0.00449392473555 1 0.999999999998
-2.41182364729e-08 0.00447940608957 1 0.999999999998
-2.35370741483e-08 0.0044648874436 1 0.999999999999
-2.29559118236e-08 0.00445036879763 1 0.999999999999
-2.2374749499e-08 0.00443585015166 1 0.999999999999
-2.17935871743e-08 0.00442133150569 1 0.999999999999
-2.12124248497e-08 0.00440681285972 1 0.999999999999
-2.0631262525e-08 0.00439229421375 1 0.999999999999
-2.00501002004e-08 0.00437777556778 1 1
-1.94689378758e-08 0.00436325692181 1 1
-1.88877755511e-08 0.00434873827584 1 1
-1.83066132265e-08 0.00433421962987 1 1
-1.77254509018e-08 0.0043197009839 1 1
-1.71442885772e-08 0.00430518233792 1 1
-1.65631262525e-08 0.00429066369195 1 1
-1.59819639279e-08 0.00427614504598 1 1
-1.54008016032e-08 0.00426162640001 1 1
-1.48196392786e-08 0.00424710775404 1 1
-1.42384769539e-08 0.00423258910807 1 1
-1.36573146293e-08 0.0042180704621 1 1
-1.30761523046e-08 0.00420355181613 1 1
-1.249498998e-08 0.00418903317015 1 1
-1.19138276553e-08 0.00417451452418 1 1
-1.13326653307e-08 0.00415999587821 1 1
-1.0751503006e-08 0.00414547723224 1 1
-1.01703406814e-08 0.00413095858627 1 1
-9.58917835671e-09 0.0041164399403 1 1
-9.00801603206e-09 0.00410192129433 1 1
-8.42685370741e-09 0.00408740264836 1 1
-7.84569138277e-09 0.00407288400239 1 1
-7.26452905812e-09 0.00405836535642 1 1
-6.68336673347e-09 0.00404384671045 1 1
-6.10220440882e-09 0.00402932806448 1 1
-5.52104208417e-09 0.0040148094185 1 1
-4.93987975952e-09 0.00400029077253 1 1
-4.35871743487e-09 0.00398577212656 1 1
-3.77755511022e-09 0.00397125348059 1 1
-3.19639278557e-09 0.00395673483462 1 1
-2.61523046092e-09 0.00394221618865 1 1
-2.03406813627e-09 0.00392769754268 1 1
-1.45290581162e-09 0.00391317889671 1 1
-8.71743486974e-10 0.00389866025074 1 1
-2.90581162324e-10 0.00388414160477 1 1
2.90581162325e-10 0.0038696229588 1 1
8.71743486974e-10 0.00385510431283 1 1
1.45290581162e-09 0.00384058566686 1 1
2.03406813627e-09 0.00382606702089 1 1
2.61523046092e-09 0.00381154837491 1 1
3.19639278557e-09 0.00379702972894 1 1
3.77755511022e-09 0.00378251108297 1 1
4.35871743487e-09 0.003767992437 1 1
4.93987975952e-09 0.00375347379103 1 1
5.52104208417e-09 0.00373895514506 1 1
6.10220440882e-09 0.00372443649909 1 1
6.68336673347e-09 0.00370991785312 1 1
7.26452905812e-09 0.00369539920714 1 1
7.84569138277e-09 0.00368088056117 1 1
8.42685370742e-09 0.0036663619152 1 1
9.00801603206e-09 0.00365184326923 1 1
9.58917835671e-09 0.00363732462326 1 1
1.01703406814e-08 0.00362280597729 1 1
1.0751503006e-08 0.00360828733132 1 1
1.13326653307e-08 0.00359376868534 1 1
1.19138276553e-08 0.00357925003937 0.999999999999 1
1.249498998e-08 0.0035647313934 0.999999999999 1
1.30761523046e-08 0.00355021274743 0.999999999999 1
1.36573146293e-08 0.00353569410146 0.999999999999 1
1.42384769539e-08 0.00352117545549 0.999999999999 1
1.48196392786e-08 0.00350665680952 0.999999999999 1
1.54008016032e-08 0.00349213816355 0.999999999998 1
1.59819639279e-08 0.00347761951758 0.999999999998 1
1.65631262525e-08 0.00346310087161 0.999999999998 1
1.71442885772e-08 0.00344858222563 0.999999999998 1
1.77254509018e-08 0.00343406357966 0.999999999997 1
1.83066132265e-08 0.00341954493369 0.999999999997 1
1.88877755511e-08 0.00340502628772 0.999999999997 1
1.94689378758e-08 0.00339050764174 0.999999999996 1
2.00501002004e-08 0.00337598899577 0.999999999995 1
2.06312625251e-08 0.0033614703498 0.999999999994 1
2.12124248497e-08 0.00334695170382 0.999999999994 1.00000000001
2.17935871743e-08 0.00333243305785 0.999999999993 1.00000000001
2.2374749499e-08 0.00331791441188 0.999999999992 1.00000000001
2.29559118236e-08 0.0033033957659 0.999999999991 1.00000000001
2.35370741483e-08 0.00328887711992 0.999999999989 1.00000000001
2.41182364729e-08 0.00327435847395 0.999999999987 1.00000000001
2.46993987976e-08 0.00325983982797 0.999999999985 1.00000000001
2.52805611222e-08 0.00324532118199 0.999999999982 1.00000000001
2.58617234469e-08 0.00323080253601 0.99999999998 1.00000000002
2.64428857715e-08 0.00321628389003 0.999999999978 1.00000000002
2.70240480962e-08 0.00320176524405 0.999999999975 1.00000000002
2.76052104208e-08 0.00318724659807 0.999999999973 1.00000000002
2.81863727455e-08 0.00317272795207 0.999999999968 1.00000000002
2.87675350701e-08 0.00315820930607 0.999999999961 1.00000000003
2.93486973948e-08 0.00314369066007 0.999999999954 1.00000000004
2.99298597194e-08 0.00312917201407 0.999999999947 1.00000000004
3.05110220441e-08 0.00311465336807 0.999999999941 1.00000000005
3.10921843687e-08 0.00310013472207 0.999999999934 1.00000000005
3.16733466934e-08 0.00308561607607 0.999999999927 1.00000000006
3.2254509018e-08 0.00307109743007 0.99999999992 1.00000000007
3.28356713427e-08 0.00305657878405 0.999999999909 1.00000000008
3.34168336673e-08 0.003042060138 0.99999999989 1.00000000009
3.3997995992e-08 0.00302754149194 0.99999999987 1.00000000011
3.45791583166e-08 0.00301302284588 0.999999999851 1.00000000013
3.51603206413e-08 0.00299850419982 0.999999999832 1.00000000014
3.57414829659e-08 0.00298398555376 0.999999999812 1.00000000016
3.63226452906e-08 0.0029694669077 0.999999999793 1.00000000018
3.69038076152e-08 0.00295494826164 0.999999999773 1.00000000019
3.74849699399e-08 0.00294042961558 0.999999999754 1.00000000021
3.80661322645e-08 0.00292591096936 0.999999999702 1.00000000025
3.86472945892e-08 0.00291139232312 0.999999999646 1.0000000003
3.92284569138e-08 0.00289687367688 0.999999999589 1.00000000035
3.98096192385e-08 0.00288235503064 0.999999999533 1.0000000004
4.03907815631e-08 0.0028678363844 0.999999999477 1.00000000045
4.09719438878e-08 0.00285331773816 0.999999999421 1.0000000005
4.15531062124e-08 0.00283879909192 0.999999999364 1.00000000054
4.21342685371e-08 0.00282428044568 0.999999999308 1.00000000059
4.27154308617e-08 0.00280976179931 0.999999999228 1.00000000066
4.32965931864e-08 0.00279524315252 0.999999999066 1.0000000008
4.3877755511e-08 0.00278072450573 0.999999998904 1.00000000095
4.44589178357e-08 0.00276620585894 0.999999998743 1.00000000109
4.50400801603e-08 0.00275168721215 0.999999998581 1.00000000123
4.5621242485e-08 0.00273716856536 0.999999998419 1.00000000137
4.62024048096e-08 0.00272264991857 0.999999998257 1.00000000152
4.67835671343e-08 0.00270813127178 0.999999998096 1.00000000166
4.73647294589e-08 0.00269361262499 0.999999997934 1.0000000018
4.79458917836e-08 0.00267909397758 0.999999997662 1.00000000204
4.85270541082e-08 0.00266457532912 0.999999997198 1.00000000245
4.91082164329e-08 0.00265005668065 0.999999996734 1.00000000286
4.96893787575e-08 0.00263553803218 0.99999999627 1.00000000327
5.02705410822e-08 0.00262101938372 0.999999995806 1.00000000367
5.08517034068e-08 0.00260650073525 0.999999995342 1.00000000408
5.14328657315e-08 0.00259198208678 0.999999994878 1.00000000449
5.20140280561e-08 0.00257746343832 0.999999994413 1.0000000049
5.25951903808e-08 0.00256294478985 0.999999993949 1.00000000531
5.31763527054e-08 0.00254842613992 0.999999993237 1.00000000594
5.37575150301e-08 0.0025339074864 0.999999991913 1.00000000712
5.43386773547e-08 0.00251938883287 0.999999990589 1.0000000083
5.49198396794e-08 0.00250487017934 0.999999989266 1.00000000947
5.5501002004e-08 0.00249035152582 0.999999987942 1.00000001065
5.60821643287e-08 0.00247583287229 0.999999986618 1.00000001183
5.66633266533e-08 0.00246131421876 0.999999985294 1.00000001301
5.7244488978e-08 0.00244679556524 0.99999998397 1.00000001418
5.78256513026e-08 0.00243227691171 0.999999982646 1.00000001536
5.84068136273e-08 0.00241775825818 0.999999981322 1.00000001654
5.89879759519e-08 0.00240323958944 0.999999977571 1.00000001991
5.95691382766e-08 0.00238872092069 0.999999973819 1.00000002327
6.01503006012e-08 0.00237420225193 0.999999970067 1.00000002664
6.07314629259e-08 0.00235968358318 0.999999966314 1.00000003001
6.13126252505e-08 0.00234516491443 0.999999962562 1.00000003337
6.18937875752e-08 0.00233064624568 0.99999995881 1.00000003674
6.24749498998e-08 0.00231612757693 0.999999955058 1.00000004011
6.30561122244e-08 0.00230160890818 0.999999951306 1.00000004347
6.36372745491e-08 0.00228709023943 0.999999947553 1.00000004684
6.42184368737e-08 0.00227257154826 0.999999940451 1.00000005326
6.47995991984e-08 0.00225805283398 0.999999929897 1.00000006281
6.5380761523e-08 0.0022435341197 0.999999919342 1.00000007237
6.59619238477e-08 0.00222901540541 0.999999908787 1.00000008193
6.65430861723e-08 0.00221449669113 0.999999898233 1.00000009149
6.7124248497e-08 0.00219997797685 0.999999887678 1.00000010105
6.77054108216e-08 0.00218545926257 0.999999877123 1.00000011061
6.82865731463e-08 0.00217094054829 0.999999866568 1.00000012016
6.88677354709e-08 0.00215642183401 0.999999856014 1.00000012972
6.94488977956e-08 0.00214190311972 0.999999845459 1.00000013928
7.00300601202e-08 0.00212738430246 0.999999820524 1.00000016205
7.06112224449e-08 0.00211286545294 0.999999791084 1.00000018897
7.11923847695e-08 0.00209834660342 0.999999761644 1.00000021588
7.17735470942e-08 0.00208382775389 0.999999732203 1.0000002428
7.23547094188e-08 0.00206930890437 0.999999702763 1.00000026971
7.29358717435e-08 0.00205479005484 0.999999673323 1.00000029663
7.35170340681e-08 0.00204027120532 0.999999643882 1.00000032354
7.40981963928e-08 0.0020257523558 0.999999614442 1.00000035046
7.46793587174e-08 0.00201123350627 0.999999585002 1.00000037737
7.52605210421e-08 0.00199671465675 0.999999555561 1.00000040429
7.58416833667e-08 0.00198219548775 0.999999484511 1.00000046982
7.64228456914e-08 0.00196767623962 0.999999403153 1.00000054492
7.7004008016e-08 0.00195315699148 0.999999321794 1.00000062003
7.75851703407e-08 0.00193863774334 0.999999240436 1.00000069513
7.81663326653e-08 0.0019241184952 0.999999159077 1.00000077023
7.874749499e-08 0.00190959924706 0.999999077719 1.00000084533
7.93286573146e-08 0.00189507999892 0.99999899636 1.00000092043
7.99098196393e-08 0.00188056075079 0.999998915002 1.00000099554
8.04909819639e-08 0.00186604150265 0.999998833643 1.00000107064
8.10721442886e-08 0.00185152225451 0.999998752285 1.00000114574
8.16533066132e-08 0.00183700229925 0.999998585173 1.00000130124
8.22344689379e-08 0.00182248188634 0.999998362564 1.00000150877
8.28156312625e-08 0.00180796147344 0.999998139954 1.00000171631
8.33967935872e-08 0.00179344106054 0.999997917345 1.00000192384
8.39779559118e-08 0.00177892064764 0.999997694735 1.00000213137
8.45591182365e-08 0.00176440023474 0.999997472126 1.0000023389
8.51402805611e-08 0.00174987982184 0.999997249516 1.00000254644
8.57214428858e-08 0.00173535940894 0.999997026907 1.00000275397
8.63026052104e-08 0.00172083899604 0.999996804297 1.0000029615
8.68837675351e-08 0.00170631858314 0.999996581688 1.00000316903
8.74649298597e-08 0.00169179758739 0.999996293357 1.00000343881
8.80460921844e-08 0.00167727380275 0.999995690553 1.00000400646
8.8627254509e-08 0.00166275001811 0.999995087749 1.0000045741
8.92084168337e-08 0.00164822623346 0.999994484945 1.00000514174
8.97895791583e-08 0.00163370244882 0.999993882141 1.00000570939
9.0370741483e-08 0.00161917866418 0.999993279337 1.00000627703
9.09519038076e-08 0.00160465487954 0.999992676533 1.00000684468
9.15330661323e-08 0.0015901310949 0.999992073729 1.00000741232
9.21142284569e-08 0.00157560731025 0.999991470925 1.00000797996
9.26953907816e-08 0.00156108352561 0.99999086812 1.00000854761
9.32765531062e-08 0.00154655974097 0.999990265316 1.00000911525
9.38577154309e-08 0.00153203119089 0.999989163281 1.00001016064
9.44388777555e-08 0.00151749774199 0.99998754804 1.00001169715
9.50200400802e-08 0.00150296429308 0.999985932799 1.00001323365
9.56012024048e-08 0.00148843084418 0.999984317557 1.00001477016
9.61823647295e-08 0.00147389739527 0.999982702316 1.00001630667
9.67635270541e-08 0.00145936394636 0.999981087074 1.00001784318
9.73446893788e-08 0.00144483049746 0.999979471833 1.00001937968
9.79258517034e-08 0.00143029704855 0.999977856592 1.00002091619
9.85070140281e-08 0.00141576359964 0.99997624135 1.0000224527
9.90881763527e-08 0.00140123015074 0.999974626109 1.00002398921
9.96693386774e-08 0.00138669670183 0.999973010868 1.00002552571
1.00250501002e-07 0.00137214784265 0.999969895888 1.00002851218
1.00831663327e-07 0.00135758697476 0.999965612211 1.00003262854
1.01412825651e-07 0.00134302610686 0.999961328533 1.00003674491
1.01993987976e-07 0.00132846523896 0.999957044856 1.00004086128
1.02575150301e-07 0.00131390437106 0.999952761178 1.00004497764
1.03156312625e-07 0.00129934350316 0.999948477501 1.00004909401
1.0373747495e-07 0.00128478263526 0.999944193824 1.00005321037
1.04318637275e-07 0.00127022176736 0.999939910146 1.00005732674
1.04899799599e-07 0.00125566089946 0.999935626469 1.00006144311
1.05480961924e-07 0.00124110003156 0.999931342792 1.00006555947
1.06062124248e-07 0.00122653916366 0.999927059114 1.00006967584
1.06643286573e-07 0.00121194951686 0.999920171608 1.00007633514
1.07224448898e-07 0.00119731164663 0.999908920987 1.00008725553
1.07805611222e-07 0.0011826737764 0.999897670367 1.00009817591
1.08386773547e-07 0.00116803590617 0.999886419746 1.00010909629
1.08967935872e-07 0.00115339803594 0.999875169126 1.00012001668
1.09549098196e-07 0.0011387601657 0.999863918505 1.00013093706
1.10130260521e-07 0.00112412229547 0.999852667885 1.00014185745
1.10711422846e-07 0.00110948442524 0.999841417265 1.00015277783
1.1129258517e-07 0.00109484655501 0.999830166644 1.00016369822
1.11873747495e-07 0.00108020868478 0.999818916024 1.0001746186
1.1245490982e-07 0.00106557081454 0.999807665403 1.00018553898
1.13036072144e-07 0.00105093294431 0.999796414783 1.00019645937
1.13617234469e-07 0.00103609760617 0.999768526351 1.00022379063
1.14198396794e-07 0.00102124560435 0.999739233908 1.00025250674
1.14779559118e-07 0.00100639360254 0.999709941466 1.00028122286
1.15360721443e-07 0.000991541600725 0.999680649023 1.00030993898
1.15941883768e-07 0.000976689598911 0.999651356581 1.00033865509
1.16523046092e-07 0.000961837597096 0.999622064138 1.00036737121
1.17104208417e-07 0.000946985595281 0.999592771696 1.00039608733
1.17685370741e-07 0.000932133593467 0.999563479253 1.00042480344
1.18266533066e-07 0.000917281591652 0.999534186811 1.00045351956
1.18847695391e-07 0.000902429589838 0.999504894368 1.00048223568
1.19428857715e-07 0.000887577588023 0.999475601926 1.0005109518
1.2001002004e-07 0.000872606890918 0.999436972931 1.00054896967
1.20591182365e-07 0.000857164814319 0.999361265303 1.00062392801
1.21172344689e-07 0.000841722737721 0.999285557674 1.00069888635
1.21753507014e-07 0.000826280661122 0.999209850046 1.0007738447
1.22334669339e-07 0.000810838584524 0.999134142418 1.00084880304
1.22915831663e-07 0.000795396507926 0.999058434789 1.00092376138
1.23496993988e-07 0.000779954431327 0.998982727161 1.00099871972
1.24078156313e-07 0.000764512354729 0.998907019532 1.00107367806
1.24659318637e-07 0.000749070278131 0.998831311904 1.0011486364
1.25240480962e-07 0.000733628201532 0.998755604276 1.00122359474
1.25821643287e-07 0.000718186124934 0.998679896647 1.00129855308
1.26402805611e-07 0.000702744048336 0.998604189019 1.00137351142
1.26983967936e-07 0.000686972369507 0.998504206135 1.00147292402
1.27565130261e-07 0.000669917109984 0.998309687332 1.00166756963
1.28146292585e-07 0.000652861850461 0.998115168529 1.00186221524
1.2872745491e-07 0.000635806590938 0.997920649726 1.00205686085
1.29308617234e-07 0.000618751331414 0.997726130923 1.00225150646
1.29889779559e-07 0.000601696071891 0.99753161212 1.00244615207
1.30470941884e-07 0.000584640812368 0.997337093317 1.00264079769
1.31052104208e-07 0.000567585552844 0.997142574514 1.0028354433
1.31633266533e-07 0.000550530293321 0.996948055711 1.00303008891
1.32214428858e-07 0.000533475033798 0.996753536908 1.00322473452
1.32795591182e-07 0.000516419774274 0.996559018105 1.00341938013
1.33376753507e-07 0.000499364514751 0.996364499302 1.00361402574
1.33957915832e-07 0.000482309255228 0.996169980499 1.00380867135
1.34539078156e-07 0.000461199786984 0.995695297162 1.00428989555
1.35120240481e-07 0.000439762476238 0.995197958396 1.00479429385
1.35701402806e-07 0.000418325165492 0.994700619629 1.00529869215
1.3628256513e-07 0.000396887854746 0.994203280863 1.00580309045
1.36863727455e-07 0.000375450543999 0.993705942096 1.00630748876
1.3744488978e-07 0.000354013233253 0.993208603329 1.00681188706
1.38026052104e-07 0.000332575922507 0.992711264563 1.00731628536
1.38607214429e-07 0.00031113861176 0.992213925796 1.00782068366
1.39188376754e-07 0.000289701301014 0.99171658703 1.00832508196
1.39769539078e-07 0.000268263990268 0.991219248263 1.00882948026
1.40350701403e-07 0.000246826679522 0.990721909496 1.00933387857
1.40931863727e-07 0.000225389368775 0.99022457073 1.00983827687
1.41513026052e-07 0.000199720484296 0.989451523849 1.01062894099
1.42094188377e-07 0.000166433736913 0.98818213524 1.01193495329
1.42675350701e-07 0.000133146989531 0.98691274663 1.01324096558
1.43256513026e-07 9.98602421481e-05 0.985643358021 1.01454697788
1.43837675351e-07 6.65734947654e-05 0.984373969412 1.01585299017
1.44418837675e-07 3.32867473827e-05 0.983104580803 1.01715900247
1.45e-07 0 0.981835192194 1.01846501476
