-1.45e-07 -0.0146946313238 1.11276199217 0.901296522641
-1.44418837675e-07 -0.014830825142 1.10686930086 0.906103085372
-1.43837675351e-07 -0.0149585221396 1.10126314056 0.910710830101
-1.43256513026e-07 -0.0150756582687 1.09601819209 0.915073471121
-1.42675350701e-07 -0.015184460548 1.09105552586 0.919238756702
-1.42094188377e-07 -0.0152863283606 1.08632641633 0.923237829758
-1.41513026052e-07 -0.015381729626 1.08181425913 0.927080626157
-1.40931863727e-07 -0.0154675214608 1.07762191936 0.930687089158
-1.40350701403e-07 -0.0155474239153 1.0736240551 0.934146124873
-1.39769539078e-07 -0.0156221611323 1.06979637531 0.937475181319
-1.39188376754e-07 -0.0156895124509 1.06621083211 0.940616199979
-1.38607214429e-07 -0.0157509231027 1.06281876355 0.943603520546
-1.38026052104e-07 -0.0158082841984 1.05955829172 0.946485477179
-1.3744488978e-07 -0.0158590882473 1.05651009429 0.949195169118
-1.36863727455e-07 -0.0159050732008 1.05361707212 0.951776398479
-1.3628256513e-07 -0.0159479381339 1.05082446109 0.954274327121
-1.35701402806e-07 -0.0159840106544 1.04824952798 0.956588673059
-1.35120240481e-07 -0.0160172235088 1.04576585958 0.958824712464
-1.34539078156e-07 -0.0160465833235 1.04340515889 0.960955243686
-1.33957915832e-07 -0.0160711311028 1.04119748798 0.962952370745
-1.33376753507e-07 -0.0160938200599 1.03904889505 0.964897843459
-1.32795591182e-07 -0.0161109984664 1.03707503016 0.966688762039
-1.32214428858e-07 -0.0161263989434 1.03515740743 0.968429268377
-1.31633266533e-07 -0.0161380818896 1.03335738329 0.970064366104
-1.31052104208e-07 -0.0161469910387 1.03164495044 0.971620007969
-1.30470941884e-07 -0.0161535566085 1.03000652339 0.97310851763
-1.29889779559e-07 -0.0161567058998 1.02847585108 0.974498233322
-1.29308617234e-07 -0.0161585175448 1.02698737022 0.975849266166
-1.2872745491e-07 -0.0161565743866 1.02561725506 0.97709075524
-1.28146292585e-07 -0.0161539805563 1.02426765157 0.978313261405
-1.27565130261e-07 -0.0161475503209 1.02303899041 0.979422932021
-1.26983967936e-07 -0.0161408841692 1.0218177665 0.980525663917
-1.26402805611e-07 -0.0161305125882 1.02071343049 0.981518602096
-1.25821643287e-07 -0.0161200917577 1.01961064806 0.982510080988
-1.25240480962e-07 -0.016106267647 1.01861535635 0.983400040768
-1.24659318637e-07 -0.0160923941301 1.01762162512 0.984288526768
-1.24078156313e-07 -0.0160755524002 1.01672181873 0.9850879399
-1.23496993988e-07 -0.0160585124777 1.01582828387 0.985881405483
-1.22915831663e-07 -0.0160390373814 1.01501199995 0.986601409028
-1.22334669339e-07 -0.0160191016372 1.01421032916 0.987307516176
-1.21753507014e-07 -0.0159973302055 1.01346707622 0.987957996089
-1.21172344689e-07 -0.015974753615 1.01274944618 0.988584077103
-1.20591182365e-07 -0.01595097923 1.01207008071 0.989173725729
-1.2001002004e-07 -0.0159260013202 1.01142916289 0.989726767675
-1.19428857715e-07 -0.0159004773743 1.01080576817 0.990263152937
-1.18847695391e-07 -0.015873322452 1.01023471393 0.990749785703
-1.18266533066e-07 -0.0158461675298 1.0096636597 0.99123641847
-1.17685370741e-07 -0.0158171434868 1.00915290663 0.991665917536
-1.17104208417e-07 -0.0157880209316 1.00864533174 0.992092405367
-1.16523046092e-07 -0.01575784371 1.00817198973 0.992486618684
-1.15941883768e-07 -0.0157269483267 1.00772195815 0.992858855083
-1.15360721443e-07 -0.0156957592441 1.00728152575 0.993222102512
-1.14779559118e-07 -0.0156632716707 1.00688353281 0.993545608314
-1.14198396794e-07 -0.0156307840973 1.00648553987 0.993869114115
-1.13617234469e-07 -0.0155972741863 1.0061212226 0.994161359068
-1.13036072144e-07 -0.015563361352 1.00577017756 0.994441283511
-1.1245490982e-07 -0.0155292042807 1.0054272485 0.994713755277
-1.11873747495e-07 -0.0154940199076 1.00511845661 0.994954879832
-1.1129258517e-07 -0.0154588355345 1.00480966472 0.995196004387
-1.10711422846e-07 -0.0154229644605 1.00452391664 0.995416245247
-1.10130260521e-07 -0.0153866496041 1.00425306068 0.995622989961
-1.09549098196e-07 -0.0153503347476 1.00398220472 0.995829734675
-1.08967935872e-07 -0.015313056446 1.00374403443 0.996007319238
-1.08386773547e-07 -0.0152757400676 1.00350715592 0.996183751351
-1.07805611222e-07 -0.0152381988986 1.00327799675 0.996353422998
-1.07224448898e-07 -0.0151999984638 1.00307147681 0.996503267557
-1.06643286573e-07 -0.0151617980291 1.00286495687 0.996653112115
-1.06062124248e-07 -0.015123222196 1.00267150278 0.996791758307
-1.05480961924e-07 -0.0150842442933 1.00249204282 0.99691841051
-1.04899799599e-07 -0.0150452663906 1.00231258286 0.997045062713
-1.04318637275e-07 -0.0150058483394 1.00214867217 0.9971587176
-1.0373747495e-07 -0.0149661893118 1.00199327451 0.997265256608
-1.03156312625e-07 -0.0149265302843 1.00183787686 0.997371795616
-1.02575150301e-07 -0.0148864297335 1.00169833556 0.997465457783
-1.01993987976e-07 -0.0148461763184 1.00156428406 0.997554661727
-1.01412825651e-07 -0.0148059229033 1.00143023256 0.997643865671
-1.00831663327e-07 -0.0147652711204 1.00131074918 0.997721624751
-1.00250501002e-07 -0.0147245010912 1.00119559001 0.997795986686
-9.96693386774e-08 -0.014683731062 1.00108043084 0.99787034862
-9.90881763527e-08 -0.0146426348345 1.00097744075 0.997935506453
-9.85070140281e-08 -0.0146014176384 1.00087896349 0.997997251004
-9.79258517034e-08 -0.0145602004424 1.00078048622 0.998058995556
-9.73446893788e-08 -0.014518745726 1.00069106583 0.998114180484
-9.67635270541e-08 -0.0144771431139 1.00060728485 0.998165280965
-9.61823647295e-08 -0.0144355405018 1.00052350386 0.998216381446
-9.56012024048e-08 -0.0143937957333 1.00044527486 0.998263654634
-9.50200400802e-08 -0.0143518623755 1.00037441129 0.998305850406
-9.44388777555e-08 -0.0143099290177 1.00030354773 0.998348046177
-9.38577154309e-08 -0.0142679480885 1.00023459133 0.998388999134
-9.32765531062e-08 -0.0142257321735 1.00017505561 0.998423813015
-9.26953907816e-08 -0.0141835162585 1.00011551989 0.998458626897
-9.21142284569e-08 -0.0141413003435 1.00005598417 0.998493440779
-9.15330661323e-08 -0.0140988849611 1.00000467608 0.99852322522
-9.09519038076e-08 -0.0140564287729 0.99995505114 0.998551980771
-9.0370741483e-08 -0.0140139725847 0.999905426204 0.998580736322
-8.97895791583e-08 -0.0139714323298 0.999859377511 0.998607459031
-8.92084168337e-08 -0.0139287728009 0.999818402802 0.998631297538
-8.8627254509e-08 -0.013886113272 0.999777428094 0.998655136045
-8.80460921844e-08 -0.0138434537432 0.999736453385 0.998678974552
-8.74649298597e-08 -0.0138006373151 0.999702379276 0.998699201537
-8.68837675351e-08 -0.0137578065525 0.999668935616 0.998719098568
-8.63026052104e-08 -0.0137149757899 0.999635491955 0.998738995599
-8.57214428858e-08 -0.0136720967036 0.999604250985 0.998757843117
-8.51402805611e-08 -0.0136291224851 0.999577346325 0.998774624522
-8.45591182365e-08 -0.0135861482666 0.999550441665 0.998791405927
-8.39779559118e-08 -0.0135431740481 0.999523537004 0.998808187332
-8.33967935872e-08 -0.0135001193553 0.999500443162 0.998823336815
-8.28156312625e-08 -0.0134570255957 0.999479199301 0.998837694073
-8.22344689379e-08 -0.0134139318362 0.999457955441 0.998852051331
-8.16533066132e-08 -0.0133708380767 0.999436711581 0.998866408589
-8.10721442886e-08 -0.0133276528572 0.999419977373 0.998879055452
-8.04909819639e-08 -0.0132844600426 0.99940361766 0.998891560278
-7.99098196393e-08 -0.0132412672281 0.999387257947 0.998904065105
-7.93286573146e-08 -0.0131980674602 0.999371255951 0.998916451764
-7.874749499e-08 -0.0131547930492 0.999359093979 0.99892756992
-7.81663326653e-08 -0.0131115186383 0.999346932007 0.998938688075
-7.75851703407e-08 -0.0130682442274 0.999334770034 0.99894980623
-7.7004008016e-08 -0.0130249593434 0.999323171151 0.998960765411
-7.64228456914e-08 -0.0129816181371 0.99931460045 0.998970869658
-7.58416833667e-08 -0.0129382769308 0.999306029749 0.998980973904
-7.52605210421e-08 -0.0128949357245 0.999297459047 0.998991078151
-7.46793587174e-08 -0.012851587135 0.999289303673 0.999001084246
-7.40981963928e-08 -0.0128081916134 0.999283788391 0.999010466426
-7.35170340681e-08 -0.0127647960918 0.999278273108 0.999019848606
-7.29358717435e-08 -0.0127214005703 0.999272757825 0.999029230786
-7.23547094188e-08 -0.0126780041518 0.999267295351 0.99903860274
-7.17735470942e-08 -0.0126345647802 0.999264361885 0.999047484956
-7.11923847695e-08 -0.0125911254086 0.99926142842 0.999056367172
-7.06112224449e-08 -0.012547686037 0.999258494955 0.999065249388
-7.00300601202e-08 -0.0125042466654 0.999255561489 0.999074131604
-6.94488977956e-08 -0.0124607789086 0.999254376038 0.999082741215
-6.88677354709e-08 -0.0124173044127 0.999253605594 0.999091286104
-6.82865731463e-08 -0.0123738299168 0.99925283515 0.999099830994
-6.77054108216e-08 -0.0123303554209 0.999252064706 0.999108375884
-6.7124248497e-08 -0.0122868670712 0.999252184567 0.999116809127
-6.65430861723e-08 -0.0122433646835 0.999253206575 0.99912512924
-6.59619238477e-08 -0.0121998622958 0.999254228584 0.999133449353
-6.5380761523e-08 -0.0121563599081 0.999255250593 0.999141769466
-6.47995991984e-08 -0.0121128556822 0.99925639532 0.999150076688
-6.42184368737e-08 -0.0120693313608 0.999258881675 0.99915824298
-6.36372745491e-08 -0.0120258070395 0.999261368029 0.999166409272
-6.30561122244e-08 -0.0119822827181 0.999263854384 0.999174575564
-6.24749498998e-08 -0.0119387583967 0.999266340738 0.999182741856
-6.18937875752e-08 -0.0118952244028 0.999269492657 0.9991908419
-6.13126252505e-08 -0.0118516830246 0.999273152694 0.999198891367
-6.07314629259e-08 -0.0118081416464 0.99927681273 0.999206940834
-6.01503006012e-08 -0.0117646002682 0.999280472767 0.999214990301
-5.95691382766e-08 -0.01172105889 0.999284132804 0.999223039768
-5.89879759519e-08 -0.0116775051522 0.999288657712 0.999230988228
-5.84068136273e-08 -0.011633950682 0.999293233869 0.999238930703
-5.78256513026e-08 -0.0115903962118 0.999297810026 0.999246873178
-5.7244488978e-08 -0.0115468417416 0.999302386182 0.999254815653
-5.66633266533e-08 -0.0115032851717 0.999307108357 0.999262733014
-5.60821643287e-08 -0.0114597208093 0.999312372436 0.999270557172
-5.5501002004e-08 -0.011416156447 0.999317636514 0.99927838133
-5.49198396794e-08 -0.0113725920846 0.999322900593 0.999286205488
-5.43386773547e-08 -0.0113290277222 0.999328164671 0.999294029646
-5.37575150301e-08 -0.0112854606541 0.999333608095 0.999301800075
-5.31763527054e-08 -0.0112418889615 0.99933935805 0.999309478671
-5.25951903808e-08 -0.0111983172689 0.999345108004 0.999317157267
-5.20140280561e-08 -0.0111547455764 0.999350857959 0.999324835863
-5.14328657315e-08 -0.0111111738838 0.999356607914 0.999332514459
-5.08517034068e-08 -0.0110676000088 0.99936248445 0.99934011716
-5.02705410822e-08 -0.0110240230192 0.999368541635 0.99934761155
-4.96893787575e-08 -0.0109804460297 0.999374598821 0.99935510594
-4.91082164329e-08 -0.0109368690401 0.999380656006 0.99936260033
-4.85270541082e-08 -0.0108932920506 0.999386713191 0.99937009472
-4.79458917836e-08 -0.0108497138096 0.999392820983 0.999377511172
-4.73647294589e-08 -0.0108061331203 0.999399027778 0.999384775153
-4.67835671343e-08 -0.0107625524311 0.999405234573 0.999392039134
-4.62024048096e-08 -0.0107189717418 0.999411441368 0.999399303115
-4.5621242485e-08 -0.0106753910525 0.999417648163 0.999406567096
-4.50400801603e-08 -0.0106318100063 0.999423856547 0.999413790306
-4.44589178357e-08 -0.0105882268573 0.999430074297 0.999420773327
-4.3877755511e-08 -0.0105446437082 0.999436292046 0.999427756347
-4.32965931864e-08 -0.0105010605592 0.999442509795 0.999434739368
-4.27154308617e-08 -0.0104574774101 0.999448727544 0.999441722388
-4.21342685371e-08 -0.0104138942611 0.999454945294 0.999448705409
-4.15531062124e-08 -0.0103703098579 0.999461071315 0.999455411914
-4.09719438878e-08 -0.0103267251974 0.999467178518 0.999462061691
-4.03907815631e-08 -0.0102831405369 0.999473285721 0.999468711469
-3.98096192385e-08 -0.0102395558764 0.999479392924 0.999475361246
-3.92284569138e-08 -0.010195971216 0.999485500126 0.999482011024
-3.86472945892e-08 -0.0101523862442 0.99949152303 0.999488510832
-3.80661322645e-08 -0.0101088007842 0.999497413721 0.99949477543
-3.74849699399e-08 -0.0100652153241 0.999503304412 0.999501040029
-3.69038076152e-08 -0.0100216298641 0.999509195103 0.999507304628
-3.63226452906e-08 -0.00997804440408 0.999515085793 0.999513569227
-3.57414829659e-08 -0.00993445894406 0.999520976484 0.999519833826
-3.51603206413e-08 -0.00989087325517 0.99952661399 0.999525741179
-3.45791583166e-08 -0.00984728751636 0.999532196262 0.999531570596
-3.3997995992e-08 -0.00980370177754 0.999537778534 0.999537400013
-3.34168336673e-08 -0.00976011603873 0.999543360807 0.99954322943
-3.28356713427e-08 -0.00971653029992 0.999548943079 0.999549058847
-3.2254509018e-08 -0.00967294457183 0.999554478274 0.999554829713
-3.16733466934e-08 -0.00962935892132 0.999559672906 0.999560177017
-3.10921843687e-08 -0.00958577327081 0.999564867537 0.999565524321
-3.05110220441e-08 -0.0095421876203 0.999570062169 0.999570871624
-2.99298597194e-08 -0.00949860196979 0.999575256801 0.999576218928
-2.93486973948e-08 -0.00945501631928 0.999580451432 0.999581566232
-2.87675350701e-08 -0.00941143076439 0.999585514948 0.999586762343
-2.81863727455e-08 -0.00936784544608 0.999590254099 0.999591584421
-2.76052104208e-08 -0.00932426012776 0.99959499325 0.999596406498
-2.70240480962e-08 -0.00928067480944 0.999599732401 0.999601228576
-2.64428857715e-08 -0.00923708949112 0.999604471551 0.999606050654
-2.58617234469e-08 -0.0091935041728 0.999609210702 0.999610872732
-2.52805611222e-08 -0.00914991900589 0.999613787167 0.999615515983
-2.46993987976e-08 -0.00910633416517 0.999618013126 0.999619773954
-2.41182364729e-08 -0.00906274932446 0.999622239085 0.999624031925
-2.35370741483e-08 -0.00901916448374 0.999626465045 0.999628289896
-2.29559118236e-08 -0.00897557964303 0.999630691004 0.999632547866
-2.2374749499e-08 -0.00893199480231 0.999634916964 0.999636805837
-2.17935871743e-08 -0.00888841007357 0.999639027348 0.999640940698
-2.12124248497e-08 -0.00884482577734 0.999642691326 0.999644600046
-2.0631262525e-08 -0.00880124148111 0.999646355304 0.999648259394
-2.00501002004e-08 -0.00875765718488 0.999650019282 0.999651918742
-1.94689378758e-08 -0.00871407288865 0.99965368326 0.99965557809
-1.88877755511e-08 -0.00867048859242 0.999657347238 0.999659237438
-1.83066132265e-08 -0.00862690429619 0.999661011216 0.999662896786
-1.77254509018e-08 -0.00858332052165 0.999664102035 0.999665958414
-1.71442885772e-08 -0.00853973677429 0.999667163002 0.999668988911
-1.65631262525e-08 -0.00849615302693 0.999670223969 0.999672019408
-1.59819639279e-08 -0.00845256927956 0.999673284937 0.999675049905
-1.54008016032e-08 -0.0084089855322 0.999676345904 0.999678080402
-1.48196392786e-08 -0.00836540178484 0.999679406871 0.999681110899
-1.42384769539e-08 -0.00832181831355 0.999682118465 0.999683782359
-1.36573146293e-08 -0.00827823506984 0.999684542059 0.999686157853
-1.30761523046e-08 -0.00823465182613 0.999686965653 0.999688533347
-1.249498998e-08 -0.00819106858242 0.999689389247 0.999690908841
-1.19138276553e-08 -0.00814748533871 0.999691812841 0.999693284335
-1.13326653307e-08 -0.008103902095 0.999694236435 0.999695659829
-1.0751503006e-08 -0.00806031885129 0.999696660029 0.999698035323
-1.01703406814e-08 -0.00801673602491 0.999698420797 0.999699736766
-9.58917835671e-09 -0.00797315320058 0.99970017833 0.999701434918
-9.00801603206e-09 -0.00792957037624 0.999701935862 0.99970313307
-8.42685370741e-09 -0.0078859875519 0.999703693395 0.999704831223
-7.84569138277e-09 -0.00784240472757 0.999705450928 0.999706529375
-7.26452905812e-09 -0.00779882190323 0.99970720846 0.999708227527
-6.68336673347e-09 -0.00775523916669 0.999708767338 0.999709725252
-6.10220440882e-09 -0.00771165664727 0.999709834953 0.999710727327
-5.52104208417e-09 -0.00766807412784 0.999710902569 0.999711729403
-4.93987975952e-09 -0.00762449160842 0.999711970184 0.999712731478
-4.35871743487e-09 -0.007580909089 0.999713037799 0.999713733554
-3.77755511022e-09 -0.00753732656958 0.999714105414 0.999714735629
-3.19639278557e-09 -0.00749374405015 0.999715173029 0.999715737704
-2.61523046092e-09 -0.00745016160192 0.999715940563 0.999716438989
-2.03406813627e-09 -0.00740657925084 0.999716298615 0.999716729822
-1.45290581162e-09 -0.00736299689975 0.999716656667 0.999717020655
-8.71743486974e-10 -0.00731941454866 0.999717014719 0.999717311488
-2.90581162324e-10 -0.00727583219757 0.99971737277 0.999717602321
2.90581162325e-10 -0.00723224984649 0.999717730822 0.999717893154
8.71743486974e-10 -0.0071886674954 0.999718088874 0.999718183987
1.45290581162e-09 -0.00714508515138 0.999718159454 0.999718188448
2.03406813627e-09 -0.00710150281813 0.999717792187 0.999717756737
2.61523046092e-09 -0.00705792048487 0.999717424921 0.999717325025
3.19639278557e-09 -0.00701433815162 0.999717057654 0.999716893314
3.77755511022e-09 -0.00697075581837 0.999716690387 0.999716461602
4.35871743487e-09 -0.00692717348511 0.99971632312 0.999716029891
4.93987975952e-09 -0.00688359115186 0.999715955854 0.999715598179
5.52104208417e-09 -0.00684000879062 0.999715437906 0.999715017407
6.10220440882e-09 -0.00679642632049 0.999714333543 0.999713856521
6.68336673347e-09 -0.00675284385035 0.99971322918 0.999712695636
7.26452905812e-09 -0.00670926138021 0.999712124817 0.99971153475
7.84569138277e-09 -0.00666567891008 0.999711020454 0.999710373865
8.42685370742e-09 -0.00662209643994 0.999709916091 0.999709212979
9.00801603206e-09 -0.0065785139698 0.999708811728 0.999708052093
9.58917835671e-09 -0.00653493149967 0.999707707365 0.999706891208
1.01703406814e-08 -0.00649134879118 0.999705975358 0.999705115099
1.0751503006e-08 -0.00644776603839 0.999704126702 0.999703224651
1.13326653307e-08 -0.00640418328561 0.999702278047 0.999701334203
1.19138276553e-08 -0.00636060053283 0.999700429392 0.999699443755
1.249498998e-08 -0.00631701778004 0.999698580736 0.999697553307
1.30761523046e-08 -0.00627343502726 0.999696732081 0.999695662859
1.36573146293e-08 -0.00622985227448 0.999694883426 0.999693772411
1.42384769539e-08 -0.00618626939821 0.999692804421 0.999691659214
1.48196392786e-08 -0.00614268624571 0.999690210092 0.999689047699
1.54008016032e-08 -0.00609910309321 0.999687615764 0.999686436184
1.59819639279e-08 -0.00605551994071 0.999685021436 0.999683824669
1.65631262525e-08 -0.00601193678821 0.999682427107 0.999681213154
1.71442885772e-08 -0.00596835363571 0.999679832779 0.999678601639
1.77254509018e-08 -0.00592477048321 0.99967723845 0.999675990124
1.83066132265e-08 -0.00588118733071 0.999674644122 0.999673378609
1.88877755511e-08 -0.00583760390545 0.999671608245 0.999670349274
1.94689378758e-08 -0.00579402029626 0.999668274629 0.999667038201
2.00501002004e-08 -0.00575043668707 0.999664941012 0.999663727127
2.06312625251e-08 -0.00570685307788 0.999661607396 0.999660416054
2.12124248497e-08 -0.00566326946869 0.99965827378 0.999657104981
2.17935871743e-08 -0.0056196858595 0.999654940163 0.999653793907
2.2374749499e-08 -0.00557610225032 0.999651606547 0.999650482834
2.29559118236e-08 -0.00553251864113 0.999648272931 0.999647171761
2.35370741483e-08 -0.00548893474882 0.999644430599 0.999643396766
2.41182364729e-08 -0.00544535073756 0.999640374525 0.999639426851
2.46993987976e-08 -0.00540176672629 0.99963631845 0.999635456936
2.52805611222e-08 -0.00535818271503 0.999632262376 0.99963148702
2.58617234469e-08 -0.00531459870377 0.999628206302 0.999627517105
2.64428857715e-08 -0.00527101469251 0.999624150228 0.99962354719
2.70240480962e-08 -0.00522743068125 0.999620094154 0.999619577275
2.76052104208e-08 -0.00518384666998 0.999616038079 0.999615607359
2.81863727455e-08 -0.00514026256505 0.999611549344 0.999611268603
2.87675350701e-08 -0.00509667840397 0.99960680134 0.999606708822
2.93486973948e-08 -0.0050530942429 0.999602053336 0.999602149041
2.99298597194e-08 -0.00500951008183 0.999597305332 0.99959758926
3.05110220441e-08 -0.00496592592075 0.999592557328 0.999593029479
3.10921843687e-08 -0.00492234175968 0.999587809324 0.999588469699
3.16733466934e-08 -0.0048787575986 0.99958306132 0.999583909918
3.2254509018e-08 -0.00483517343753 0.999578313316 0.999579350137
3.28356713427e-08 -0.00479158943526 0.999573335696 0.999574619474
3.34168336673e-08 -0.00474800571983 0.999567943327 0.999569580151
3.3997995992e-08 -0.0047044220044 0.999562550957 0.999564540828
3.45791583166e-08 -0.00466083828897 0.999557158588 0.999559501505
3.51603206413e-08 -0.00461725457354 0.999551766218 0.999554462182
3.57414829659e-08 -0.00457367085811 0.999546373849 0.999549422859
3.63226452906e-08 -0.00453008714268 0.999540981479 0.999544383536
3.69038076152e-08 -0.00448650342725 0.99953558911 0.999539344212
3.74849699399e-08 -0.00444291971182 0.99953019674 0.999534304889
3.80661322645e-08 -0.00439933745446 0.999524288786 0.999528989713
3.86472945892e-08 -0.00435575537216 0.999518318934 0.999523641419
3.92284569138e-08 -0.00431217328985 0.999512349081 0.999518293125
3.98096192385e-08 -0.00426859120754 0.999506379229 0.999512944831
4.03907815631e-08 -0.00422500912523 0.999500409377 0.999507596537
4.09719438878e-08 -0.00418142704292 0.999494439524 0.999502248243
4.15531062124e-08 -0.00413784496061 0.999488469672 0.999496899949
4.21342685371e-08 -0.00409426287831 0.99948249982 0.999491551655
4.27154308617e-08 -0.00405068168024 0.99947641665 0.999486191717
4.32965931864e-08 -0.00400710344031 0.999469954386 0.999480792821
4.3877755511e-08 -0.00396352520038 0.999463492122 0.999475393926
4.44589178357e-08 -0.00391994696045 0.999457029858 0.99946999503
4.50400801603e-08 -0.00387636872052 0.999450567595 0.999464596135
4.5621242485e-08 -0.00383279048059 0.999444105331 0.999459197239
4.62024048096e-08 -0.00378921224066 0.999437643067 0.999453798344
4.67835671343e-08 -0.00374563400073 0.999431180803 0.999448399448
4.73647294589e-08 -0.00370205576081 0.99942471854 0.999443000553
4.79458917836e-08 -0.00365848036551 0.999418111454 0.999437723994
4.85270541082e-08 -0.00361490994909 0.999411250892 0.999432661557
4.91082164329e-08 -0.00357133953267 0.999404390329 0.99942759912
4.96893787575e-08 -0.00352776911625 0.999397529766 0.999422536684
5.02705410822e-08 -0.00348419869983 0.999390669204 0.999417474247
5.08517034068e-08 -0.00344062828341 0.999383808641 0.99941241181
5.14328657315e-08 -0.00339705786699 0.999376948079 0.999407349373
5.20140280561e-08 -0.00335348745057 0.999370087516 0.999402286936
5.25951903808e-08 -0.00330991703415 0.999363226954 0.9993972245
5.31763527054e-08 -0.00326635091541 0.999356273786 0.999392425844
5.37575150301e-08 -0.00322279539895 0.999349092162 0.999388277933
5.43386773547e-08 -0.00317923988249 0.999341910538 0.999384130022
5.49198396794e-08 -0.00313568436604 0.999334728914 0.999379982111
5.5501002004e-08 -0.00309212884958 0.99932754729 0.9993758342
5.60821643287e-08 -0.00304857333313 0.999320365666 0.999371686289
5.66633266533e-08 -0.00300501781667 0.999313184043 0.999367538378
5.7244488978e-08 -0.00296146230022 0.999306002419 0.999363390467
5.78256513026e-08 -0.00291790678376 0.999298820795 0.999359242556
5.84068136273e-08 -0.0028743512673 0.999291639171 0.999355094645
5.89879759519e-08 -0.00283082317594 0.999284137896 0.999352727918
5.95691382766e-08 -0.00278729509222 0.999276636531 0.999350361687
6.01503006012e-08 -0.00274376700849 0.999269135167 0.999347995457
6.07314629259e-08 -0.00270023892477 0.999261633803 0.999345629226
6.13126252505e-08 -0.00265671084105 0.999254132438 0.999343262995
6.18937875752e-08 -0.00261318275733 0.999246631074 0.999340896765
6.24749498998e-08 -0.0025696546736 0.99923912971 0.999338530534
6.30561122244e-08 -0.00252612658988 0.999231628346 0.999336164304
6.36372745491e-08 -0.00248259850616 0.999224126981 0.999333798073
6.42184368737e-08 -0.00243909488696 0.999216371077 0.999332957337
6.47995991984e-08 -0.00239561648397 0.999208352813 0.999333688965
6.5380761523e-08 -0.00235213808097 0.999200334549 0.999334420594
6.59619238477e-08 -0.00230865967798 0.999192316285 0.999335152223
6.65430861723e-08 -0.00226518127499 0.99918429802 0.999335883852
6.7124248497e-08 -0.002221702872 0.999176279756 0.999336615481
6.77054108216e-08 -0.002178224469 0.999168261492 0.99933734711
6.82865731463e-08 -0.00213474606601 0.999160243227 0.999338078739
6.88677354709e-08 -0.00209126766302 0.999152224963 0.999338810368
6.94488977956e-08 -0.00204778926003 0.999144206699 0.999339541997
7.00300601202e-08 -0.00200437893782 0.999135308966 0.999344182237
7.06112224449e-08 -0.00196098994633 0.999126135682 0.999350047102
7.11923847695e-08 -0.00191760095485 0.999116962398 0.999355911967
7.17735470942e-08 -0.00187421196336 0.999107789114 0.999361776833
7.23547094188e-08 -0.00183082297187 0.99909861583 0.999367641698
7.29358717435e-08 -0.00178743398039 0.999089442546 0.999373506564
7.35170340681e-08 -0.0017440449889 0.999080269262 0.999379371429
7.40981963928e-08 -0.00170065599741 0.999071095979 0.999385236295
7.46793587174e-08 -0.00165726700592 0.999061922695 0.99939110116
7.52605210421e-08 -0.00161387801444 0.999052749411 0.999396966025
7.58416833667e-08 -0.00157061801289 0.99904141114 0.999409530398
7.64228456914e-08 -0.00152738996734 0.999029536515 0.999423754507
7.7004008016e-08 -0.00148416192179 0.999017661891 0.999437978617
7.75851703407e-08 -0.00144093387624 0.999005787266 0.999452202727
7.81663326653e-08 -0.00139770583069 0.998993912641 0.999466426837
7.874749499e-08 -0.00135447778514 0.998982038016 0.999480650946
7.93286573146e-08 -0.00131124973959 0.998970163391 0.999494875056
7.99098196393e-08 -0.00126802169404 0.998958288766 0.999509099166
8.04909819639e-08 -0.00122479364849 0.998946414141 0.999523323275
8.10721442886e-08 -0.00118156560294 0.998934539516 0.999537547385
8.16533066132e-08 -0.00113851420288 0.998918995895 0.999560041238
8.22344689379e-08 -0.00109557712477 0.998901077761 0.999587887129
8.28156312625e-08 -0.00105264004666 0.998883159627 0.999615733019
8.33967935872e-08 -0.00100970296855 0.998865241493 0.999643578909
8.39779559118e-08 -0.000966765890441 0.99884732336 0.999671424799
8.45591182365e-08 -0.000923828812332 0.998829405226 0.999699270689
8.51402805611e-08 -0.000880891734223 0.998811487092 0.999727116579
8.57214428858e-08 -0.000837954656114 0.998793568958 0.99975496247
8.63026052104e-08 -0.000795017578005 0.998775650824 0.99978280836
8.68837675351e-08 -0.000752080499896 0.998757732691 0.99981065425
8.74649298597e-08 -0.000709234987609 0.998737592241 0.999842385037
8.80460921844e-08 -0.000666827614802 0.998706818081 0.999892704932
8.8627254509e-08 -0.000624420241995 0.998676043921 0.999943024826
8.92084168337e-08 -0.000582012869188 0.99864526976 0.99999334472
8.97895791583e-08 -0.000539605496381 0.9986144956 1.00004366461
9.0370741483e-08 -0.000497198123575 0.99858372144 1.00009398451
9.09519038076e-08 -0.000454790750768 0.99855294728 1.0001443044
9.15330661323e-08 -0.000412383377961 0.99852217312 1.0001946243
9.21142284569e-08 -0.000369976005154 0.99849139896 1.00024494419
9.26953907816e-08 -0.000327568632347 0.9984606248 1.00029526409
9.32765531062e-08 -0.00028516125954 0.99842985064 1.00034558398
9.38577154309e-08 -0.000243233497703 0.998386113828 1.00041455368
9.44388777555e-08 -0.000201798772658 0.998329051499 1.00050269526
9.50200400802e-08 -0.000160364047613 0.998271989171 1.00059083685
9.56012024048e-08 -0.000118929322568 0.998214926842 1.00067897843
9.61823647295e-08 -7.74945975226e-05 0.998157864513 1.00076712001
9.67635270541e-08 -3.60598724775e-05 0.998100802184 1.00085526159
9.73446893788e-08 5.37485256755e-06 0.998043739856 1.00094340317
9.79258517034e-08 4.68095776126e-05 0.997986677527 1.00103154475
9.85070140281e-08 8.82443026577e-05 0.997929615198 1.00111968633
9.90881763527e-08 0.000129679027703 0.99787255287 1.00120782791
9.96693386774e-08 0.000171113752748 0.997815490541 1.00129596949
1.00250501002e-07 0.000211535119961 0.997729060666 1.00142074852
1.00831663327e-07 0.000251166810415 0.997619745618 1.00157407791
1.01412825651e-07 0.000290798500869 0.99751043057 1.00172740731
1.01993987976e-07 0.000330430191323 0.997401115523 1.0018807367
1.02575150301e-07 0.000370061881777 0.997291800475 1.0020340661
1.03156312625e-07 0.000409693572231 0.997182485427 1.00218739549
1.0373747495e-07 0.000449325262686 0.99707317038 1.00234072489
1.04318637275e-07 0.00048895695314 0.996963855332 1.00249405428
1.04899799599e-07 0.000528588643594 0.996854540284 1.00264738368
1.05480961924e-07 0.000568220334048 0.996745225237 1.00280071308
1.06062124248e-07 0.000607852024502 0.996635910189 1.00295404247
1.06643286573e-07 0.00064622211166 0.996488543017 1.00315043659
1.07224448898e-07 0.000682478189759 0.996277413696 1.00341899222
1.07805611222e-07 0.000718734267857 0.996066284375 1.00368754785
1.08386773547e-07 0.000754990345955 0.995855155054 1.00395610348
1.08967935872e-07 0.000791246424053 0.995644025733 1.00422465911
1.09549098196e-07 0.000827502502151 0.995432896412 1.00449321474
1.10130260521e-07 0.000863758580249 0.995221767091 1.00476177037
1.10711422846e-07 0.000900014658347 0.99501063777 1.00503032601
1.1129258517e-07 0.000936270736445 0.994799508449 1.00529888164
1.11873747495e-07 0.000972526814543 0.994588379128 1.00556743727
1.1245490982e-07 0.00100878289264 0.994377249807 1.0058359929
1.13036072144e-07 0.00104503897074 0.994166120486 1.00610454853
1.13617234469e-07 0.00107540902423 0.993774715252 1.0065656839
1.14198396794e-07 0.00110528237535 0.993368097123 1.00704307045
1.14779559118e-07 0.00113515572647 0.992961478994 1.00752045699
1.15360721443e-07 0.00116502907759 0.992554860864 1.00799784354
1.15941883768e-07 0.00119490242871 0.992148242735 1.00847523008
1.16523046092e-07 0.00122477577983 0.991741624606 1.00895261663
1.17104208417e-07 0.00125464913095 0.991335006477 1.00943000317
1.17685370741e-07 0.00128452248207 0.990928388348 1.00990738972
1.18266533066e-07 0.00131439583319 0.990521770219 1.01038477626
1.18847695391e-07 0.00134426918431 0.99011515209 1.01086216281
1.19428857715e-07 0.00137414253543 0.989708533961 1.01133954935
1.2001002004e-07 0.00140156479537 0.989227396564 1.01189496773
1.20591182365e-07 0.00141925293608 0.988450317733 1.01276027716
1.21172344689e-07 0.00143694107679 0.987673238902 1.01362558658
1.21753507014e-07 0.00145462921749 0.986896160072 1.01449089601
1.22334669339e-07 0.0014723173582 0.986119081241 1.01535620543
1.22915831663e-07 0.00149000549891 0.98534200241 1.01622151486
1.23496993988e-07 0.00150769363961 0.98456492358 1.01708682428
1.24078156313e-07 0.00152538178032 0.983787844749 1.01795213371
1.24659318637e-07 0.00154306992103 0.983010765918 1.01881744313
1.25240480962e-07 0.00156075806174 0.982233687088 1.01968275256
1.25821643287e-07 0.00157844620244 0.981456608257 1.02054806198
1.26402805611e-07 0.00159613434315 0.980679529426 1.0214133714
1.26983967936e-07 0.0016090264596 0.979761339009 1.02242982631
1.27565130261e-07 0.00160324126264 0.978293613144 1.02403489201
1.28146292585e-07 0.00159745606568 0.976825887279 1.0256399577
1.2872745491e-07 0.00159167086871 0.975358161414 1.0272450234
1.29308617234e-07 0.00158588567175 0.97389043555 1.02885008909
1.29889779559e-07 0.00158010047479 0.972422709685 1.03045515478
1.30470941884e-07 0.00157431527783 0.97095498382 1.03206022048
1.31052104208e-07 0.00156853008086 0.969487257955 1.03366528617
1.31633266533e-07 0.0015627448839 0.968019532091 1.03527035187
1.32214428858e-07 0.00155695968694 0.966551806226 1.03687541756
1.32795591182e-07 0.00155117448998 0.965084080361 1.03848048325
1.33376753507e-07 0.00154538929301 0.963616354496 1.04008554895
1.33957915832e-07 0.00153960409605 0.962148628632 1.04169061464
1.34539078156e-07 0.0014916410155 0.959521889825 1.0446444495
1.35120240481e-07 0.00144026723168 0.956801427748 1.04770735222
1.35701402806e-07 0.00138889344786 0.95408096567 1.05077025494
1.3628256513e-07 0.00133751966404 0.951360503593 1.05383315765
1.36863727455e-07 0.00128614588022 0.948640041515 1.05689606037
1.3744488978e-07 0.00123477209641 0.945919579438 1.05995896309
1.38026052104e-07 0.00118339831259 0.943199117361 1.0630218658
1.38607214429e-07 0.00113202452877 0.940478655283 1.06608476852
1.39188376754e-07 0.00108065074495 0.937758193206 1.06914767124
1.39769539078e-07 0.00102927696114 0.935037731128 1.07221057395
1.40350701403e-07 0.000977903177318 0.932317269051 1.07527347667
1.40931863727e-07 0.0009265293935 0.929596806973 1.07833637939
1.41513026052e-07 0.00084330918337 0.926077178074 1.08243960456
1.42094188377e-07 0.000702757652808 0.921118854336 1.08841566343
1.42675350701e-07 0.000562206122247 0.916160530599 1.09439172229
1.43256513026e-07 0.000421654591685 0.911202206861 1.10036778116
1.43837675351e-07 0.000281103061123 0.906243883124 1.10634384002
1.44418837675e-07 0.000140551530562 0.901285559386 1.11231989889
1.45e-07 0 0.896327235649 1.11829595775
