-1.45e-07 -0.0242145790216 0.850608666238 1.17319596706
-1.44418837675e-07 -0.0239569856052 0.85911067132 1.1616184794
-1.43837675351e-07 -0.0237122280094 0.867187604206 1.15076798319
-1.43256513026e-07 -0.0234832009456 0.874753702183 1.14082197939
-1.42675350701e-07 -0.0232663906082 0.881913136531 1.13156497427
-1.42094188377e-07 -0.0230596437938 0.888732695582 1.12286919116
-1.41513026052e-07 -0.0228622159741 0.895234377487 1.1146890455
-1.40931863727e-07 -0.0226784220672 0.901261247241 1.10725115867
-1.40350701403e-07 -0.0225028454723 0.906995989848 1.10025353658
-1.39769539078e-07 -0.0223344383348 0.912474338745 1.09363830042
-1.39188376754e-07 -0.0221761628564 0.917585468642 1.08755784309
-1.38607214429e-07 -0.0220258968496 0.922400972353 1.08189430692
-1.38026052104e-07 -0.021881055736 0.927014995392 1.0765118415
-1.3744488978e-07 -0.0217449009724 0.93130288675 1.07157572695
-1.36863727455e-07 -0.0216150169438 0.935351533229 1.06695800534
-1.3628256513e-07 -0.0214891844989 0.939245340656 1.06254575005
-1.35701402806e-07 -0.0213720308372 0.942802998155 1.05856931774
-1.35120240481e-07 -0.0212584637869 0.94621975297 1.05477117453
-1.34539078156e-07 -0.0211497292434 0.949446659182 1.05121325339
-1.33957915832e-07 -0.0210469168396 0.952437781456 1.04794698938
-1.33376753507e-07 -0.0209463832061 0.95533794706 1.04479276135
-1.32795591182e-07 -0.0208525017895 0.957969904809 1.04196336549
-1.32214428858e-07 -0.0207607248396 0.960515997894 1.03923593636
-1.31633266533e-07 -0.0206733481881 0.962882553732 1.03672171283
-1.31052104208e-07 -0.0205891895414 0.96511632333 1.0343623109
-1.30470941884e-07 -0.0205077497849 0.967237901926 1.03213371763
-1.29889779559e-07 -0.0204301930643 0.969197528183 1.03009074573
-1.29308617234e-07 -0.0203541567493 0.971093741887 1.028120454
-1.2872745491e-07 -0.0202822999529 0.972813848917 1.02634879738
-1.28146292585e-07 -0.020211167428 0.97450343831 1.02461156235
-1.27565130261e-07 -0.0201442150547 0.976015163478 1.02307194882
-1.26983967936e-07 -0.0200775197361 0.977515951044 1.02154448785
-1.26402805611e-07 -0.020014774758 0.978847062585 1.0202028953
-1.25821643287e-07 -0.0199520822846 0.980175918931 1.01886377317
-1.25240480962e-07 -0.0198929380591 0.981350973652 1.01769088021
-1.24659318637e-07 -0.0198338453444 0.982523795592 1.01652040045
-1.24078156313e-07 -0.0197777775565 0.983564328441 1.01549107693
-1.23496993988e-07 -0.0197219117481 0.984596028117 1.01447117866
-1.22915831663e-07 -0.0196684704692 0.985520765687 1.01356401322
-1.22334669339e-07 -0.0196154878248 0.986425269844 1.01267817281
-1.21753507014e-07 -0.0195642897704 0.987250360279 1.01187503522
-1.21172344689e-07 -0.0195138744626 0.988040618721 1.01110817227
-1.20591182365e-07 -0.0194645955208 0.988779871079 1.01039380889
-1.2001002004e-07 -0.0194164583814 0.989467873336 1.00973219622
-1.19428857715e-07 -0.0193688264804 0.990133000124 1.00909385699
-1.18847695391e-07 -0.0193227036954 0.990729799283 1.00852503413
-1.18266533066e-07 -0.0192765809105 0.991326598441 1.00795621126
-1.17685370741e-07 -0.0192321438333 0.991846399341 1.00746482022
-1.17104208417e-07 -0.0191877956013 0.992362142044 1.00697751022
-1.16523046092e-07 -0.0191443738745 0.99283518173 1.00653264049
-1.15941883768e-07 -0.0191015830393 0.993279143344 1.00611666991
-1.15360721443e-07 -0.0190590433508 0.993711421536 1.00571217149
-1.14779559118e-07 -0.01901761402 0.994092045513 1.00535839325
-1.14198396794e-07 -0.0189761846893 0.99447266949 1.00500461501
-1.13617234469e-07 -0.01893560571 0.994813351799 1.004689569
-1.13036072144e-07 -0.0188953618708 0.995138292321 1.00438978812
-1.1245490982e-07 -0.0188553154862 0.995453864435 1.00409897412
-1.11873747495e-07 -0.0188160996286 0.995730031456 1.00384587631
-1.1129258517e-07 -0.0187768837711 0.996006198477 1.0035927785
-1.10711422846e-07 -0.0187382070871 0.996256512164 1.00336408812
-1.10130260521e-07 -0.0186998788455 0.996490118061 1.00315117113
-1.09549098196e-07 -0.0186615506039 0.996723723958 1.00293825413
-1.08967935872e-07 -0.0186239564139 0.996921737685 1.00275845311
-1.08386773547e-07 -0.0185863912345 0.997118344759 1.00257996088
-1.07805611222e-07 -0.0185489921009 0.997306805242 1.00240893201
-1.07224448898e-07 -0.0185120799456 0.997471373412 1.00225979171
-1.06643286573e-07 -0.0184751677903 0.997635941583 1.0021106514
-1.06062124248e-07 -0.0184385242178 0.997787166712 1.00197353507
-1.05480961924e-07 -0.0184021683102 0.997924100806 1.001849297
-1.04899799599e-07 -0.0183658124026 0.998061034899 1.00172505892
-1.04318637275e-07 -0.018329761201 0.998182629309 1.00161440316
-1.0373747495e-07 -0.0182938768224 0.998295825422 1.00151118358
-1.03156312625e-07 -0.0182579924438 0.998409021534 1.00140796399
-1.02575150301e-07 -0.0182224034987 0.998507134212 1.00131785265
-1.01993987976e-07 -0.0181869168387 0.998600024699 1.00123227965
-1.01412825651e-07 -0.0181514301788 0.998692915186 1.00114670665
-1.00831663327e-07 -0.0181162008603 0.998772470231 1.00107249631
-1.00250501002e-07 -0.0180810479278 0.998848066957 1.0010016587
-9.96693386774e-08 -0.0180458949952 0.998923663683 1.0009308211
-9.90881763527e-08 -0.0180109452433 0.998988565394 1.00086891004
-9.85070140281e-08 -0.0179760708395 0.999049500928 1.00081030932
-9.79258517034e-08 -0.0179411964357 0.999110436463 1.0007517086
-9.73446893788e-08 -0.0179064644903 0.999163749352 1.00069933598
-9.67635270541e-08 -0.0178718212489 0.999212315888 1.00065084137
-9.61823647295e-08 -0.0178371780074 0.999260882423 1.00060234675
-9.56012024048e-08 -0.0178026167447 0.999304987266 1.00055742005
-9.50200400802e-08 -0.0177681642378 0.999343173077 1.00051722664
-9.44388777555e-08 -0.017733711731 0.999381358888 1.00047703323
-9.38577154309e-08 -0.017699285559 0.999418086284 1.00043798189
-9.32765531062e-08 -0.0176649894723 0.999447609615 1.00040457191
-9.26953907816e-08 -0.0176306933857 0.999477132946 1.00037116193
-9.21142284569e-08 -0.017596397299 0.999506656277 1.00033775195
-9.15330661323e-08 -0.0175622070271 0.999530216495 1.00030892203
-9.09519038076e-08 -0.0175280384021 0.999552556817 1.00028102908
-9.0370741483e-08 -0.0174938697771 0.999574897139 1.00025313612
-8.97895791583e-08 -0.0174597438044 0.999594792573 1.00022709088
-8.92084168337e-08 -0.0174256783472 0.999611219192 1.00020366717
-8.8627254509e-08 -0.0173916128899 0.999627645812 1.00018024346
-8.80460921844e-08 -0.0173575474326 0.999644072431 1.00015681975
-8.74649298597e-08 -0.017323557947 0.999656074693 1.00013670405
-8.68837675351e-08 -0.0172895754023 0.999667672739 1.00011689057
-8.63026052104e-08 -0.0172555928576 0.999679270785 1.00009707709
-8.57214428858e-08 -0.01722163259 0.999689553691 1.00007824485
-8.51402805611e-08 -0.0171877161781 0.999697247556 1.00006134431
-8.45591182365e-08 -0.0171537997662 0.999704941421 1.00004444377
-8.39779559118e-08 -0.0171198833543 0.999712635286 1.00002754322
-8.33967935872e-08 -0.0170860021672 0.999718229093 1.0000122267
-8.28156312625e-08 -0.0170521380802 0.999722803414 0.999997679156
-8.22344689379e-08 -0.0170182739932 0.999727377735 0.999983131607
-8.16533066132e-08 -0.0169844099062 0.999731952056 0.999968584059
-8.10721442886e-08 -0.0169505837144 0.999734258675 0.999955798759
-8.04909819639e-08 -0.0169167606695 0.999736376979 0.999943159802
-7.99098196393e-08 -0.0168829376246 0.999738495282 0.999930520845
-7.93286573146e-08 -0.0168491172972 0.999740451917 0.999918014857
-7.874749499e-08 -0.0168153261425 0.999740673076 0.999906936264
-7.81663326653e-08 -0.0167815349877 0.999740894234 0.99989585767
-7.75851703407e-08 -0.0167477438329 0.999741115392 0.999884779077
-7.7004008016e-08 -0.0167139565235 0.99974111257 0.999873902936
-7.64228456914e-08 -0.0166801898933 0.999739905224 0.999864115544
-7.58416833667e-08 -0.0166464232631 0.999738697878 0.999854328152
-7.52605210421e-08 -0.0166126566329 0.999737490532 0.99984454076
-7.46793587174e-08 -0.0165788925373 0.999736142153 0.999834901007
-7.40981963928e-08 -0.0165451445527 0.99973389727 0.999826199744
-7.35170340681e-08 -0.016511396568 0.999731652387 0.99981749848
-7.29358717435e-08 -0.0164776485834 0.999729407504 0.999808797216
-7.23547094188e-08 -0.0164439008851 0.999727148029 0.999800115019
-7.17735470942e-08 -0.0164101668954 0.999724189767 0.999792345886
-7.11923847695e-08 -0.0163764329057 0.999721231504 0.999784576754
-7.06112224449e-08 -0.016342698916 0.999718273242 0.999776807622
-7.00300601202e-08 -0.0163089649264 0.999715314979 0.999769038489
-6.94488977956e-08 -0.016275239302 0.999711995739 0.999761930421
-6.88677354709e-08 -0.0162415156637 0.999708590798 0.999754979301
-6.82865731463e-08 -0.0162077920253 0.999705185856 0.999748028181
-6.77054108216e-08 -0.016174068387 0.999701780915 0.99974107706
-6.7124248497e-08 -0.0161403484874 0.99969826202 0.999734490627
-6.65430861723e-08 -0.0161066323761 0.999694627655 0.999728273732
-6.59619238477e-08 -0.0160729162648 0.999690993291 0.999722056838
-6.5380761523e-08 -0.0160392001535 0.999687358926 0.999715839943
-6.47995991984e-08 -0.0160054844917 0.999683719972 0.999709679427
-6.42184368737e-08 -0.015971773744 0.999680030837 0.999704135268
-6.36372745491e-08 -0.0159380629962 0.999676341702 0.999698591109
-6.30561122244e-08 -0.0159043522484 0.999672652567 0.99969304695
-6.24749498998e-08 -0.0158706415007 0.999668963432 0.999687502791
-6.18937875752e-08 -0.0158369328672 0.999665321429 0.99968231411
-6.13126252505e-08 -0.0158032258479 0.999661715408 0.999677396816
-6.07314629259e-08 -0.0157695188285 0.999658109387 0.999672479522
-6.01503006012e-08 -0.0157358118092 0.999654503366 0.999667562228
-5.95691382766e-08 -0.0157021047898 0.999650897344 0.999662644935
-5.89879759519e-08 -0.0156684001418 0.999647469947 0.99965828573
-5.84068136273e-08 -0.0156346956344 0.999644053134 0.999653959595
-5.78256513026e-08 -0.0156009911269 0.999640636321 0.99964963346
-5.7244488978e-08 -0.0155672866194 0.999637219509 0.999645307325
-5.66633266533e-08 -0.0155335824565 0.999633859535 0.999641100322
-5.60821643287e-08 -0.0154998795724 0.9996307105 0.999637335442
-5.5501002004e-08 -0.0154661766883 0.999627561466 0.999633570562
-5.49198396794e-08 -0.0154324738041 0.999624412432 0.999629805682
-5.43386773547e-08 -0.01539877092 0.999621263398 0.999626040802
-5.37575150301e-08 -0.0153650684011 0.999618233405 0.999622472941
-5.31763527054e-08 -0.0153313665062 0.999615406876 0.999619241818
-5.25951903808e-08 -0.0152976646114 0.999612580347 0.999616010695
-5.20140280561e-08 -0.0152639627166 0.999609753817 0.999612779571
-5.14328657315e-08 -0.0152302608218 0.999606927288 0.999609548448
-5.08517034068e-08 -0.0151965591535 0.999604247679 0.999606525854
-5.02705410822e-08 -0.0151628578085 0.999601777746 0.999603800857
-4.96893787575e-08 -0.0151291564635 0.999599307812 0.999601075859
-4.91082164329e-08 -0.0150954551185 0.999596837878 0.999598350862
-4.85270541082e-08 -0.0150617537735 0.999594367945 0.999595625865
-4.79458917836e-08 -0.0150280525155 0.999592024144 0.999593062073
-4.73647294589e-08 -0.0149943514277 0.999589927103 0.999590813649
-4.67835671343e-08 -0.0149606503399 0.999587830061 0.999588565226
-4.62024048096e-08 -0.0149269492521 0.99958573302 0.999586316803
-4.5621242485e-08 -0.0148932481643 0.999583635978 0.99958406838
-4.50400801603e-08 -0.0148595470871 0.999581593201 0.999581884382
-4.44589178357e-08 -0.0148258460726 0.99957987011 0.999580079925
-4.3877755511e-08 -0.014792145058 0.999578147019 0.999578275467
-4.32965931864e-08 -0.0147584440435 0.999576423928 0.999576471009
-4.27154308617e-08 -0.0147247430289 0.999574700836 0.999574666552
-4.21342685371e-08 -0.0146910420144 0.999572977745 0.999572862094
-4.15531062124e-08 -0.0146573409732 0.99957155513 0.999571395962
-4.09719438878e-08 -0.0146236399266 0.999570194159 0.999569999238
-4.03907815631e-08 -0.01458993888 0.999568833187 0.999568602515
-3.98096192385e-08 -0.0145562378334 0.999567472216 0.999567205791
-3.92284569138e-08 -0.0145225367868 0.999566111245 0.999565809068
-3.86472945892e-08 -0.0144888357083 0.999564882498 0.999564555548
-3.80661322645e-08 -0.0144551345796 0.999563861131 0.999563526624
-3.74849699399e-08 -0.014421433451 0.999562839763 0.999562497701
-3.69038076152e-08 -0.0143877323223 0.999561818395 0.999561468777
-3.63226452906e-08 -0.0143540311937 0.999560797027 0.999560439854
-3.57414829659e-08 -0.014320330065 0.999559775659 0.99955941093
-3.51603206413e-08 -0.0142866288585 0.999559007545 0.999558648395
-3.45791583166e-08 -0.014252927635 0.999558294679 0.999557943974
-3.3997995992e-08 -0.0142192264115 0.999557581813 0.999557239552
-3.34168336673e-08 -0.0141855251879 0.999556868947 0.999556535131
-3.28356713427e-08 -0.0141518239644 0.999556156081 0.999555830709
-3.2254509018e-08 -0.0141181227307 0.99955547611 0.999555160114
-3.16733466934e-08 -0.0140844214228 0.999555034103 0.999554734222
-3.10921843687e-08 -0.0140507201149 0.999554592097 0.999554308331
-3.05110220441e-08 -0.0140170188071 0.99955415009 0.99955388244
-2.99298597194e-08 -0.0139833174992 0.999553708084 0.999553456549
-2.93486973948e-08 -0.0139496161913 0.999553266078 0.999553030657
-2.87675350701e-08 -0.013915914866 0.999552889901 0.999552671226
-2.81863727455e-08 -0.0138822134973 0.999552676582 0.999552476207
-2.76052104208e-08 -0.0138485121286 0.999552463262 0.999552281188
-2.70240480962e-08 -0.01381481076 0.999552249943 0.999552086169
-2.64428857715e-08 -0.0137811093913 0.999552036623 0.999551891151
-2.58617234469e-08 -0.0137474080227 0.999551823303 0.999551696132
-2.52805611222e-08 -0.0137137066439 0.999551668308 0.99955155905
-2.46993987976e-08 -0.0136800052434 0.999551638972 0.999551546792
-2.41182364729e-08 -0.0136463038428 0.999551609636 0.999551534534
-2.35370741483e-08 -0.0136126024423 0.9995515803 0.999551522277
-2.29559118236e-08 -0.0135789010418 0.999551550964 0.999551510019
-2.2374749499e-08 -0.0135451996412 0.999551521628 0.999551497761
-2.17935871743e-08 -0.0135114982401 0.999551520827 0.999551513396
-2.12124248497e-08 -0.0134777968366 0.999551630243 0.999551636766
-2.0631262525e-08 -0.0134440954332 0.99955173966 0.999551760137
-2.00501002004e-08 -0.0134103940297 0.999551849076 0.999551883508
-1.94689378758e-08 -0.0133766926263 0.999551958492 0.999552006878
-1.88877755511e-08 -0.0133429912229 0.999552067908 0.999552130249
-1.83066132265e-08 -0.0133092898194 0.999552177324 0.99955225362
-1.77254509018e-08 -0.0132755884372 0.99955237704 0.99955246355
-1.71442885772e-08 -0.0132418870562 0.999552581458 0.999552677988
-1.65631262525e-08 -0.0132081856751 0.999552785876 0.999552892426
-1.59819639279e-08 -0.0131744842941 0.999552990294 0.999553106864
-1.54008016032e-08 -0.0131407829131 0.999553194713 0.999553321302
-1.48196392786e-08 -0.013107081532 0.999553399131 0.99955353574
-1.42384769539e-08 -0.013073380174 0.999553633561 0.999553778019
-1.36573146293e-08 -0.013039678835 0.999553892732 0.999554043249
-1.30761523046e-08 -0.013005977496 0.999554151902 0.999554308478
-1.249498998e-08 -0.012972276157 0.999554411073 0.999554573707
-1.19138276553e-08 -0.012938574818 0.999554670243 0.999554838937
-1.13326653307e-08 -0.0129048734791 0.999554929413 0.999555104166
-1.0751503006e-08 -0.0128711721401 0.999555188584 0.999555369396
-1.01703406814e-08 -0.012837470856 0.999555467682 0.999555651143
-9.58917835671e-09 -0.0128037695721 0.999555746878 0.999555932971
-9.00801603206e-09 -0.0127700682883 0.999556026073 0.999556214799
-8.42685370741e-09 -0.0127363670045 0.999556305269 0.999556496627
-7.84569138277e-09 -0.0127026657206 0.999556584464 0.999556778455
-7.26452905812e-09 -0.0126689644368 0.99955686366 0.999557060283
-6.68336673347e-09 -0.0126352631708 0.999557140791 0.999557339328
-6.10220440882e-09 -0.0126015619489 0.999557412819 0.99955761149
-5.52104208417e-09 -0.0125678607271 0.999557684846 0.999557883653
-4.93987975952e-09 -0.0125341595052 0.999557956873 0.999558155815
-4.35871743487e-09 -0.0125004582833 0.999558228901 0.999558427977
-3.77755511022e-09 -0.0124667570614 0.999558500928 0.999558700139
-3.19639278557e-09 -0.0124330558396 0.999558772956 0.999558972302
-2.61523046092e-09 -0.0123993546446 0.999559034474 0.999559233401
-2.03406813627e-09 -0.0123656534865 0.999559281654 0.999559479404
-1.45290581162e-09 -0.0123319523283 0.999559528833 0.999559725408
-8.71743486974e-10 -0.0122982511701 0.999559776013 0.999559971411
-2.90581162324e-10 -0.012264550012 0.999560023192 0.999560217414
2.90581162325e-10 -0.0122308488538 0.999560270372 0.999560463418
8.71743486974e-10 -0.0121971476956 0.999560517551 0.999560709421
1.45290581162e-09 -0.0121634465623 0.999560752403 0.9995609431
2.03406813627e-09 -0.0121297454666 0.999560968478 0.999561158007
2.61523046092e-09 -0.012096044371 0.999561184553 0.999561372914
3.19639278557e-09 -0.0120623432754 0.999561400629 0.999561587821
3.77755511022e-09 -0.0120286421797 0.999561616704 0.999561802729
4.35871743487e-09 -0.0119949410841 0.999561832779 0.999562017636
4.93987975952e-09 -0.0119612399885 0.999562048855 0.999562232543
5.52104208417e-09 -0.0119275389053 0.999562259994 0.999562442782
6.10220440882e-09 -0.0118938378709 0.99956245192 0.999562634854
6.68336673347e-09 -0.0118601368364 0.999562643847 0.999562826926
7.26452905812e-09 -0.0118264358019 0.999562835774 0.999563018997
7.84569138277e-09 -0.0117927347674 0.999563027701 0.999563211069
8.42685370742e-09 -0.011759033733 0.999563219628 0.999563403141
9.00801603206e-09 -0.0117253326985 0.999563411555 0.999563595212
9.58917835671e-09 -0.011691631664 0.999563603482 0.999563787284
1.01703406814e-08 -0.0116579306827 0.999563793391 0.999563979357
1.0751503006e-08 -0.0116242297112 0.999563982925 0.99956417143
1.13326653307e-08 -0.0115905287397 0.99956417246 0.999564363503
1.19138276553e-08 -0.0115568277682 0.999564361994 0.999564555576
1.249498998e-08 -0.0115231267967 0.999564551528 0.999564747649
1.30761523046e-08 -0.0114894258252 0.999564741062 0.999564939722
1.36573146293e-08 -0.0114557248538 0.999564930597 0.999565131795
1.42384769539e-08 -0.0114220239043 0.999565131081 0.999565335716
1.48196392786e-08 -0.0113883230039 0.99956535606 0.999565566143
1.54008016032e-08 -0.0113546221036 0.999565581039 0.99956579657
1.59819639279e-08 -0.0113209212033 0.999565806019 0.999566026996
1.65631262525e-08 -0.0112872203029 0.999566030998 0.999566257423
1.71442885772e-08 -0.0112535194026 0.999566255978 0.999566487849
1.77254509018e-08 -0.0112198185023 0.999566480957 0.999566718276
1.83066132265e-08 -0.011186117602 0.999566705936 0.999566948703
1.88877755511e-08 -0.0111524167541 0.999566984788 0.999567234346
1.94689378758e-08 -0.0111187159418 0.999567299967 0.999567557221
2.00501002004e-08 -0.0110850151294 0.999567615146 0.999567880097
2.06312625251e-08 -0.011051314317 0.999567930324 0.999568202973
2.12124248497e-08 -0.0110176135046 0.999568245503 0.999568525849
2.17935871743e-08 -0.0109839126922 0.999568560682 0.999568848724
2.2374749499e-08 -0.0109502118798 0.99956887586 0.9995691716
2.29559118236e-08 -0.0109165110674 0.999569191039 0.999569494476
2.35370741483e-08 -0.010882810334 0.999569620351 0.999569931006
2.41182364729e-08 -0.0108491096339 0.999570097618 0.999570415289
2.46993987976e-08 -0.0108154089338 0.999570574884 0.999570899571
2.52805611222e-08 -0.0107817082337 0.99957105215 0.999571383854
2.58617234469e-08 -0.0107480075336 0.999571529417 0.999571868137
2.64428857715e-08 -0.0107143068335 0.999572006683 0.99957235242
2.70240480962e-08 -0.0106806061334 0.999572483949 0.999572836703
2.76052104208e-08 -0.0106469054333 0.999572961216 0.999573320986
2.81863727455e-08 -0.0106132048184 0.999573595145 0.999573956975
2.87675350701e-08 -0.0105795042546 0.999574322954 0.999574683874
2.93486973948e-08 -0.0105458036908 0.999575050763 0.999575410773
2.99298597194e-08 -0.0105121031269 0.999575778572 0.999576137672
3.05110220441e-08 -0.0104784025631 0.999576506381 0.999576864571
3.10921843687e-08 -0.0104447019993 0.99957723419 0.99957759147
3.16733466934e-08 -0.0104110014354 0.999577961999 0.999578318369
3.2254509018e-08 -0.0103773008716 0.999578689808 0.999579045268
3.28356713427e-08 -0.0103436003564 0.999579543801 0.999579890041
3.34168336673e-08 -0.0103098999291 0.999580625718 0.999580947727
3.3997995992e-08 -0.0102761995019 0.999581707635 0.999582005413
3.45791583166e-08 -0.0102424990746 0.999582789552 0.999583063099
3.51603206413e-08 -0.0102087986474 0.999583871469 0.999584120785
3.57414829659e-08 -0.0101750982201 0.999584953386 0.999585178472
3.63226452906e-08 -0.0101413977928 0.999586035303 0.999586236158
3.69038076152e-08 -0.0101076973656 0.99958711722 0.999587293844
3.74849699399e-08 -0.0100739969383 0.999588199137 0.99958835153
3.80661322645e-08 -0.0100402965637 0.999589701193 0.99958978102
3.86472945892e-08 -0.0100065961955 0.999591253688 0.999591255147
3.92284569138e-08 -0.00997289582721 0.999592806183 0.999592729274
3.98096192385e-08 -0.00993919545895 0.999594358678 0.999594203401
4.03907815631e-08 -0.00990549509069 0.999595911174 0.999595677528
4.09719438878e-08 -0.00987179472243 0.999597463669 0.999597151654
4.15531062124e-08 -0.00983809435417 0.999599016164 0.999598625781
4.21342685371e-08 -0.0098043939859 0.999600568659 0.999600099908
4.27154308617e-08 -0.00977069356855 0.999602258713 0.999601685287
4.32965931864e-08 -0.00973699298698 0.999604408955 0.99960364285
4.3877755511e-08 -0.00970329240541 0.999606559197 0.999605600413
4.44589178357e-08 -0.00966959182384 0.999608709439 0.999607557976
4.50400801603e-08 -0.00963589124227 0.999610859681 0.999609515538
4.5621242485e-08 -0.0096021906607 0.999613009923 0.999611473101
4.62024048096e-08 -0.00956849007913 0.999615160166 0.999613430664
4.67835671343e-08 -0.00953478949756 0.999617310408 0.999615388227
4.73647294589e-08 -0.00950108891599 0.99961946065 0.99961734579
4.79458917836e-08 -0.0094673879987 0.999621878338 0.999619486883
4.85270541082e-08 -0.00943368649381 0.99962476413 0.999621949205
4.91082164329e-08 -0.00939998498892 0.999627649922 0.999624411527
4.96893787575e-08 -0.00936628348403 0.999630535714 0.99962687385
5.02705410822e-08 -0.00933258197914 0.999633421505 0.999629336172
5.08517034068e-08 -0.00929888047425 0.999636307297 0.999631798494
5.14328657315e-08 -0.00926517896936 0.999639193089 0.999634260816
5.20140280561e-08 -0.00923147746447 0.999642078881 0.999636723138
5.25951903808e-08 -0.00919777595958 0.999644964673 0.99963918546
5.31763527054e-08 -0.00916407371392 0.999648107528 0.999641773264
5.37575150301e-08 -0.00913036964079 0.999651884557 0.999644670632
5.43386773547e-08 -0.00909666556766 0.999655661586 0.999647568
5.49198396794e-08 -0.00906296149454 0.999659438615 0.999650465368
5.5501002004e-08 -0.00902925742141 0.999663215643 0.999653362736
5.60821643287e-08 -0.00899555334828 0.999666992672 0.999656260104
5.66633266533e-08 -0.00896184927515 0.999670769701 0.999659157472
5.7244488978e-08 -0.00892814520203 0.999674546729 0.99966205484
5.78256513026e-08 -0.0088944411289 0.999678323758 0.999664952208
5.84068136273e-08 -0.00886073705577 0.999682100787 0.999667849576
5.89879759519e-08 -0.00882702682333 0.999686968461 0.999670943612
5.95691382766e-08 -0.00879331658917 0.999691836439 0.999674037703
6.01503006012e-08 -0.00875960635501 0.999696704416 0.999677131795
6.07314629259e-08 -0.00872589612085 0.999701572394 0.999680225886
6.13126252505e-08 -0.00869218588669 0.999706440372 0.999683319977
6.18937875752e-08 -0.00865847565253 0.99971130835 0.999686414068
6.24749498998e-08 -0.00862476541837 0.999716176328 0.99968950816
6.30561122244e-08 -0.00859105518421 0.999721044306 0.999692602251
6.36372745491e-08 -0.00855734495005 0.999725912284 0.999695696342
6.42184368737e-08 -0.00852362793585 0.999731471987 0.99969861975
6.47995991984e-08 -0.0084899039333 0.999737744669 0.999701367231
6.5380761523e-08 -0.00845617993075 0.99974401735 0.999704114711
6.59619238477e-08 -0.0084224559282 0.999750290032 0.999706862191
6.65430861723e-08 -0.00838873192564 0.999756562714 0.999709609672
6.7124248497e-08 -0.00835500792309 0.999762835395 0.999712357152
6.77054108216e-08 -0.00832128392054 0.999769108077 0.999715104633
6.82865731463e-08 -0.00828755991799 0.999775380759 0.999717852113
6.88677354709e-08 -0.00825383591543 0.999781653441 0.999720599594
6.94488977956e-08 -0.00822011191288 0.999787926122 0.999723347074
7.00300601202e-08 -0.00818636535037 0.999795721208 0.999724995832
7.06112224449e-08 -0.0081526117195 0.999803993286 0.999726300344
7.11923847695e-08 -0.00811885808862 0.999812265363 0.999727604855
7.17735470942e-08 -0.00808510445774 0.999820537441 0.999728909367
7.23547094188e-08 -0.00805135082687 0.999828809518 0.999730213879
7.29358717435e-08 -0.00801759719599 0.999837081596 0.99973151839
7.35170340681e-08 -0.00798384356512 0.999845353673 0.999732822902
7.40981963928e-08 -0.00795008993424 0.999853625751 0.999734127413
7.46793587174e-08 -0.00791633630336 0.999861897828 0.999735431925
7.52605210421e-08 -0.00788258267249 0.999870169906 0.999736736437
7.58416833667e-08 -0.0078487789555 0.999881047147 0.999735188397
7.64228456914e-08 -0.00781496283016 0.999892569792 0.999732933665
7.7004008016e-08 -0.00778114670482 0.999904092436 0.999730678934
7.75851703407e-08 -0.00774733057949 0.999915615081 0.999728424202
7.81663326653e-08 -0.00771351445415 0.999927137726 0.999726169471
7.874749499e-08 -0.00767969832881 0.999938660371 0.99972391474
7.93286573146e-08 -0.00764588220348 0.999950183016 0.999721660008
7.99098196393e-08 -0.00761206607814 0.999961705661 0.999719405277
8.04909819639e-08 -0.0075782499528 0.999973228306 0.999717150545
8.10721442886e-08 -0.00754443382747 0.99998475095 0.999714895814
8.16533066132e-08 -0.00751053841319 0.999999903067 0.999708024999
8.22344689379e-08 -0.00747659168446 1.00001740412 0.999698166735
8.28156312625e-08 -0.00744264495573 1.00003490516 0.999688308471
8.33967935872e-08 -0.007408698227 1.00005240621 0.999678450207
8.39779559118e-08 -0.00737475149827 1.00006990726 0.999668591943
8.45591182365e-08 -0.00734080476955 1.00008740831 0.999658733679
8.51402805611e-08 -0.00730685804082 1.00010490936 0.999648875415
8.57214428858e-08 -0.00727291131209 1.00012241041 0.999639017151
8.63026052104e-08 -0.00723896458336 1.00013991146 0.999629158887
8.68837675351e-08 -0.00720501785463 1.0001574125 0.999619300623
8.74649298597e-08 -0.00717102405405 1.00017697911 0.999606781474
8.80460921844e-08 -0.0071368050162 1.00020642936 0.999581530081
8.8627254509e-08 -0.00710258597835 1.00023587961 0.999556278689
8.92084168337e-08 -0.00706836694049 1.00026532986 0.999531027296
8.97895791583e-08 -0.00703414790264 1.0002947801 0.999505775903
9.0370741483e-08 -0.00699992886479 1.00032423035 0.99948052451
9.09519038076e-08 -0.00696570982694 1.0003536806 0.999455273117
9.15330661323e-08 -0.00693149078908 1.00038313085 0.999430021724
9.21142284569e-08 -0.00689727175123 1.00041258109 0.999404770331
9.26953907816e-08 -0.00686305271338 1.00044203134 0.999379518939
9.32765531062e-08 -0.00682883367552 1.00047148159 0.999354267546
9.38577154309e-08 -0.00679433401845 1.00051323555 0.999313901958
9.44388777555e-08 -0.00675954588673 1.00056763766 0.999257999082
9.50200400802e-08 -0.00672475775502 1.00062203976 0.999202096205
9.56012024048e-08 -0.0066899696233 1.00067644186 0.999146193329
9.61823647295e-08 -0.00665518149159 1.00073084396 0.999090290453
9.67635270541e-08 -0.00662039335987 1.00078524606 0.999034387576
9.73446893788e-08 -0.00658560522816 1.00083964816 0.9989784847
9.79258517034e-08 -0.00655081709644 1.00089405027 0.998922581824
9.85070140281e-08 -0.00651602896473 1.00094845237 0.998866678947
9.90881763527e-08 -0.00648124083301 1.00100285447 0.998810776071
9.96693386774e-08 -0.0064464527013 1.00105725657 0.998754873194
1.00250501002e-07 -0.00641099243523 1.001141526 0.998664602245
1.00831663327e-07 -0.00637500839675 1.00124907006 0.998547549376
1.01412825651e-07 -0.00633902435826 1.00135661411 0.998430496507
1.01993987976e-07 -0.00630304031978 1.00146415817 0.998313443637
1.02575150301e-07 -0.0062670562813 1.00157170223 0.998196390768
1.03156312625e-07 -0.00623107224281 1.00167924629 0.998079337899
1.0373747495e-07 -0.00619508820433 1.00178679035 0.99796228503
1.04318637275e-07 -0.00615910416585 1.00189433441 0.997845232161
1.04899799599e-07 -0.00612312012736 1.00200187847 0.997728179291
1.05480961924e-07 -0.00608713608888 1.00210942253 0.997611126422
1.06062124248e-07 -0.0060511520504 1.00221696659 0.997494073553
1.06643286573e-07 -0.00601422150057 1.00236720991 0.997330929857
1.07224448898e-07 -0.00597570492639 1.00258900237 0.99709055394
1.07805611222e-07 -0.00593718835221 1.00281079483 0.996850178022
1.08386773547e-07 -0.00589867177803 1.00303258729 0.996609802105
1.08967935872e-07 -0.00586015520385 1.00325437975 0.996369426188
1.09549098196e-07 -0.00582163862967 1.00347617222 0.99612905027
1.10130260521e-07 -0.00578312205549 1.00369796468 0.995888674353
1.10711422846e-07 -0.00574460548131 1.00391975714 0.995648298436
1.1129258517e-07 -0.00570608890713 1.0041415496 0.995407922518
1.11873747495e-07 -0.00566757233295 1.00436334206 0.995167546601
1.1245490982e-07 -0.00562905575877 1.00458513452 0.994927170684
1.13036072144e-07 -0.00559053918459 1.00480692698 0.994686794767
1.13617234469e-07 -0.00554703093908 1.00525694723 0.99421390319
1.14198396794e-07 -0.00550310146273 1.00572622687 0.993721390378
1.14779559118e-07 -0.00545917198639 1.00619550651 0.993228877565
1.15360721443e-07 -0.00541524251005 1.00666478616 0.992736364752
1.15941883768e-07 -0.00537131303371 1.0071340658 0.99224385194
1.16523046092e-07 -0.00532738355737 1.00760334544 0.991751339127
1.17104208417e-07 -0.00528345408103 1.00807262509 0.991258826314
1.17685370741e-07 -0.00523952460469 1.00854190473 0.990766313502
1.18266533066e-07 -0.00519559512835 1.00901118437 0.990273800689
1.18847695391e-07 -0.005151665652 1.00948046401 0.989781287877
1.19428857715e-07 -0.00510773617566 1.00994974366 0.989288775064
1.2001002004e-07 -0.00506145523392 1.01052808404 0.988691355194
1.20591182365e-07 -0.00500583582092 1.01153954185 0.987677313613
1.21172344689e-07 -0.00495021640792 1.01255099965 0.986663272032
1.21753507014e-07 -0.00489459699492 1.01356245745 0.985649230451
1.22334669339e-07 -0.00483897758191 1.01457391525 0.98463518887
1.22915831663e-07 -0.00478335816891 1.01558537306 0.983621147289
1.23496993988e-07 -0.00472773875591 1.01659683086 0.982607105708
1.24078156313e-07 -0.0046721193429 1.01760828866 0.981593064127
1.24659318637e-07 -0.0046164999299 1.01861974647 0.980579022545
1.25240480962e-07 -0.0045608805169 1.01963120427 0.979564980964
1.25821643287e-07 -0.0045052611039 1.02064266207 0.978550939383
1.26402805611e-07 -0.00444964169089 1.02165411987 0.977536897802
1.26983967936e-07 -0.00438880549984 1.02291330093 0.97630161448
1.27565130261e-07 -0.0043076534402 1.02513719875 0.974204742242
1.28146292585e-07 -0.00422650138056 1.02736109656 0.972107870003
1.2872745491e-07 -0.00414534932092 1.02958499438 0.970010997765
1.29308617234e-07 -0.00406419726128 1.03180889219 0.967914125527
1.29889779559e-07 -0.00398304520164 1.03403279 0.965817253289
1.30470941884e-07 -0.003901893142 1.03625668782 0.963720381051
1.31052104208e-07 -0.00382074108235 1.03848058563 0.961623508813
1.31633266533e-07 -0.00373958902271 1.04070448344 0.959526636574
1.32214428858e-07 -0.00365843696307 1.04292838126 0.957429764336
1.32795591182e-07 -0.00357728490343 1.04515227907 0.955332892098
1.33376753507e-07 -0.00349613284379 1.04737617689 0.95323601986
1.33957915832e-07 -0.00341498078415 1.0496000747 0.951139147622
1.34539078156e-07 -0.00328159843941 1.05443436099 0.946991829438
1.35120240481e-07 -0.00314399250666 1.05947973565 0.942678702492
1.35701402806e-07 -0.00300638657391 1.06452511031 0.938365575546
1.3628256513e-07 -0.00286878064116 1.06957048497 0.9340524486
1.36863727455e-07 -0.0027311747084 1.07461585963 0.929739321655
1.3744488978e-07 -0.00259356877565 1.07966123429 0.925426194709
1.38026052104e-07 -0.0024559628429 1.08470660895 0.921113067763
1.38607214429e-07 -0.00231835691015 1.08975198361 0.916799940817
1.39188376754e-07 -0.0021807509774 1.09479735827 0.912486813871
1.39769539078e-07 -0.00204314504464 1.09984273293 0.908173686925
1.40350701403e-07 -0.00190553911189 1.10488810758 0.903860559979
1.40931863727e-07 -0.00176793317914 1.10993348224 0.899547433033
1.41513026052e-07 -0.00158512355985 1.11737439034 0.893605920608
1.42094188377e-07 -0.00132093629987 1.12912784181 0.884732917889
1.42675350701e-07 -0.0010567490399 1.14088129329 0.875859915169
1.43256513026e-07 -0.000792561779924 1.15263474476 0.86698691245
1.43837675351e-07 -0.000528374519949 1.16438819623 0.85811390973
1.44418837675e-07 -0.000264187259975 1.17614164771 0.849240907011
1.45e-07 0 1.18789509918 0.840367904291
