-1.45e-07 7.34655600369e-07 0.999954271863 1.00004573335
-1.44418837675e-07 8.00839852834e-07 0.999956838909 1.00004316607
-1.43837675351e-07 8.63184280406e-07 0.999959271143 1.00004073363
-1.43256513026e-07 9.20797083667e-07 0.999961537254 1.00003846733
-1.42675350701e-07 9.7471222673e-07 0.999963673537 1.00003633088
-1.42094188377e-07 1.02556938011e-06 0.999965702449 1.00003430181
-1.41513026052e-07 1.07358696218e-06 0.999967631656 1.00003237247
-1.40931863727e-07 1.11742443318e-06 0.999969414081 1.00003058992
-1.40350701403e-07 1.15872558835e-06 0.99997110744 1.00002889646
-1.39769539078e-07 1.19780919312e-06 0.999972722926 1.00002728087
-1.39188376754e-07 1.23374400687e-06 0.99997422783 1.00002577588
-1.38607214429e-07 1.26717185331e-06 0.999975644687 1.00002435895
-1.38026052104e-07 1.29889718003e-06 0.999977001749 1.00002300181
-1.3744488978e-07 1.32788368293e-06 0.999978262616 1.00002174088
-1.36863727455e-07 1.35487797026e-06 0.999979453503 1.00002054994
-1.3628256513e-07 1.38058394215e-06 0.999980599136 1.00001940425
-1.35701402806e-07 1.4035109303e-06 0.999981647147 1.00001835619
-1.35120240481e-07 1.42528007906e-06 0.999982654481 1.00001734881
-1.34539078156e-07 1.44548918522e-06 0.999983607007 1.00001639624
-1.33957915832e-07 1.46377024833e-06 0.99998449179 1.00001551142
-1.33376753507e-07 1.48130811273e-06 0.999985350461 1.00001465271
-1.32795591182e-07 1.49666110488e-06 0.999986132357 1.00001387078
-1.32214428858e-07 1.5113165371e-06 0.999986889738 1.00001311337
-1.31633266533e-07 1.52451341833e-06 0.999987595861 1.00001240721
-1.31052104208e-07 1.53663339892e-06 0.999988264134 1.00001173891
-1.30470941884e-07 1.54784350688e-06 0.999988900428 1.0000111026
-1.29889779559e-07 1.55774113809e-06 0.999989490584 1.00001051241
-1.29308617234e-07 1.56712486808e-06 0.999990062676 1.0000099403
-1.2872745491e-07 1.57508111001e-06 0.999990584581 1.00000941837
-1.28146292585e-07 1.58278998164e-06 0.999991097789 1.00000890513
-1.27565130261e-07 1.58905549878e-06 0.999991560244 1.00000844265
-1.26983967936e-07 1.59523225813e-06 0.999992019578 1.0000079833
-1.26402805611e-07 1.60002935125e-06 0.99999243039 1.00000757246
-1.25821643287e-07 1.60480810699e-06 0.999992840557 1.00000716228
-1.25240480962e-07 1.60833270517e-06 0.999993206607 1.00000679621
-1.24659318637e-07 1.6118390964e-06 0.999993572016 1.00000643077
-1.24078156313e-07 1.61426278428e-06 0.999993899333 1.00000610344
-1.23496993988e-07 1.61661417817e-06 0.999994224105 1.00000577865
-1.22915831663e-07 1.61808623403e-06 0.999994517932 1.0000054848
-1.22334669339e-07 1.61939195051e-06 0.999994805905 1.00000519681
-1.21753507014e-07 1.62004137207e-06 0.999995070776 1.00000493191
-1.21172344689e-07 1.6204029333e-06 0.999995325513 1.00000467715
-1.20591182365e-07 1.62034042916e-06 0.999995565319 1.00000443733
-1.2001002004e-07 1.61985183089e-06 0.999995790121 1.0000042125
-1.19428857715e-07 1.61917175748e-06 0.99999600818 1.00000399442
-1.18847695391e-07 1.6179197595e-06 0.999996206093 1.00000379649
-1.18266533066e-07 1.61666776151e-06 0.999996404007 1.00000359855
-1.17685370741e-07 1.61476641806e-06 0.999996579042 1.00000342349
-1.17104208417e-07 1.61283085081e-06 0.999996752871 1.00000324965
-1.16523046092e-07 1.61053218359e-06 0.999996913901 1.00000308859
-1.15941883768e-07 1.60798626809e-06 0.999997066217 1.00000293626
-1.15360721443e-07 1.60534011444e-06 0.999997214998 1.00000278745
-1.14779559118e-07 1.60225079241e-06 0.999997348152 1.00000265428
-1.14198396794e-07 1.59916147038e-06 0.999997481305 1.0000025211
-1.13617234469e-07 1.59572611881e-06 0.999997602251 1.00000240013
-1.13036072144e-07 1.59215439026e-06 0.999997718386 1.00000228397
-1.1245490982e-07 1.58850064242e-06 0.999997831626 1.00000217071
-1.11873747495e-07 1.58450190771e-06 0.999997932689 1.00000206963
-1.1129258517e-07 1.58050317299e-06 0.999998033752 1.00000196854
-1.10711422846e-07 1.57627551738e-06 0.99999812673 1.00000187554
-1.10130260521e-07 1.571899921e-06 0.999998214483 1.00000178776
-1.09549098196e-07 1.56752432463e-06 0.999998302237 1.00000169999
-1.08967935872e-07 1.56282970641e-06 0.999998378716 1.00000162348
-1.08386773547e-07 1.55812248e-06 0.99999845475 1.00000154743
-1.07805611222e-07 1.55334126769e-06 0.999998528167 1.00000147399
-1.07224448898e-07 1.54834306959e-06 0.999998593911 1.00000140822
-1.06643286573e-07 1.54334487148e-06 0.999998659654 1.00000134245
-1.06062124248e-07 1.53822376327e-06 0.999998721048 1.00000128103
-1.05480961924e-07 1.53297101245e-06 0.999998777783 1.00000122427
-1.04899799599e-07 1.52771826163e-06 0.999998834518 1.00000116751
-1.04318637275e-07 1.5223220222e-06 0.99999888617 1.00000111583
-1.0373747495e-07 1.51684722444e-06 0.99999893504 1.00000106694
-1.03156312625e-07 1.51137242667e-06 0.99999898391 1.00000101804
-1.02575150301e-07 1.50575416218e-06 0.999999027693 1.00000097424
-1.01993987976e-07 1.50008622659e-06 0.999999069715 1.00000093219
-1.01412825651e-07 1.494418291e-06 0.999999111737 1.00000089014
-1.00831663327e-07 1.48862117843e-06 0.999999149174 1.00000085268
-1.00250501002e-07 1.48278572264e-06 0.99999918525 1.00000081658
-9.96693386774e-08 1.47695026685e-06 0.999999221326 1.00000078049
-9.90881763527e-08 1.47100910856e-06 0.999999253646 1.00000074814
-9.85070140281e-08 1.46502875118e-06 0.999999284574 1.00000071718
-9.79258517034e-08 1.45904839381e-06 0.999999315501 1.00000068623
-9.73446893788e-08 1.45299100054e-06 0.999999343688 1.00000065802
-9.67635270541e-08 1.44688563972e-06 0.999999370168 1.00000063151
-9.61823647295e-08 1.4407802789e-06 0.999999396647 1.00000060501
-9.56012024048e-08 1.4346286873e-06 0.99999942148 1.00000058015
-9.50200400802e-08 1.42841576436e-06 0.999999444128 1.00000055748
-9.44388777555e-08 1.42220284141e-06 0.999999466775 1.00000053481
-9.38577154309e-08 1.41597437388e-06 0.999999488868 1.00000051269
-9.32765531062e-08 1.40966912144e-06 0.999999508221 1.00000049331
-9.26953907816e-08 1.403363869e-06 0.999999527574 1.00000047393
-9.21142284569e-08 1.39705861655e-06 0.999999546926 1.00000045455
-9.15330661323e-08 1.39068771971e-06 0.999999563932 1.00000043752
-9.09519038076e-08 1.38430339375e-06 0.999999580458 1.00000042097
-9.0370741483e-08 1.3779190678e-06 0.999999596984 1.00000040442
-8.97895791583e-08 1.37150680307e-06 0.99999961251 1.00000038887
-8.92084168337e-08 1.36505489872e-06 0.999999626616 1.00000037474
-8.8627254509e-08 1.35860299438e-06 0.999999640722 1.0000003606
-8.80460921844e-08 1.35215109003e-06 0.999999654828 1.00000034647
-8.74649298597e-08 1.34564636663e-06 0.999999667038 1.00000033424
-8.68837675351e-08 1.3391368176e-06 0.999999679076 1.00000032217
-8.63026052104e-08 1.33262726857e-06 0.999999691113 1.00000031011
-8.57214428858e-08 1.32610118364e-06 0.999999702555 1.00000029864
-8.51402805611e-08 1.31954254545e-06 0.999999712827 1.00000028835
-8.45591182365e-08 1.31298390725e-06 0.999999723098 1.00000027805
-8.39779559118e-08 1.30642526906e-06 0.99999973337 1.00000026775
-8.33967935872e-08 1.29983852876e-06 0.999999742629 1.00000025847
-8.28156312625e-08 1.29323814614e-06 0.999999751395 1.00000024968
-8.22344689379e-08 1.28663776351e-06 0.999999760161 1.00000024089
-8.16533066132e-08 1.28003738089e-06 0.999999768928 1.00000023209
-8.10721442886e-08 1.27340425855e-06 0.999999776511 1.00000022448
-8.04909819639e-08 1.2667684174e-06 0.999999783995 1.00000021697
-7.99098196393e-08 1.26013257625e-06 0.99999979148 1.00000020946
-7.93286573146e-08 1.25349417058e-06 0.999999798872 1.00000020204
-7.874749499e-08 1.24682823514e-06 0.999999805266 1.00000019563
-7.81663326653e-08 1.2401622997e-06 0.999999811659 1.00000018921
-7.75851703407e-08 1.23349636426e-06 0.999999818053 1.00000018279
-7.7004008016e-08 1.22682642608e-06 0.999999824301 1.00000017652
-7.64228456914e-08 1.22013496195e-06 0.999999829766 1.00000017103
-7.58416833667e-08 1.21344349783e-06 0.999999835232 1.00000016554
-7.52605210421e-08 1.20675203371e-06 0.999999840697 1.00000016004
-7.46793587174e-08 1.2000576264e-06 0.999999846056 1.00000015466
-7.40981963928e-08 1.19334451031e-06 0.999999850731 1.00000014996
-7.35170340681e-08 1.18663139422e-06 0.999999855407 1.00000014526
-7.29358717435e-08 1.17991827813e-06 0.999999860082 1.00000014056
-7.23547094188e-08 1.17320478636e-06 0.999999864744 1.00000013588
-7.17735470942e-08 1.16647330341e-06 0.999999868748 1.00000013185
-7.11923847695e-08 1.15974182046e-06 0.999999872751 1.00000012782
-7.06112224449e-08 1.15301033751e-06 0.999999876755 1.00000012379
-7.00300601202e-08 1.14627885456e-06 0.999999880759 1.00000011976
-6.94488977956e-08 1.13953477467e-06 0.9999998843 1.0000001162
-6.88677354709e-08 1.13278770405e-06 0.999999887731 1.00000011274
-6.82865731463e-08 1.12604063344e-06 0.999999891162 1.00000010929
-6.77054108216e-08 1.11929356282e-06 0.999999894593 1.00000010583
-6.7124248497e-08 1.11253991629e-06 0.999999897782 1.00000010262
-6.65430861723e-08 1.10577960637e-06 0.999999900725 1.00000009965
-6.59619238477e-08 1.09901929644e-06 0.999999903669 1.00000009668
-6.5380761523e-08 1.09225898652e-06 0.999999906612 1.00000009372
-6.47995991984e-08 1.08549773325e-06 0.999999909521 1.00000009079
-6.42184368737e-08 1.0787261669e-06 0.999999912048 1.00000008824
-6.36372745491e-08 1.07195460055e-06 0.999999914575 1.00000008569
-6.30561122244e-08 1.0651830342e-06 0.999999917102 1.00000008313
-6.24749498998e-08 1.05841146785e-06 0.999999919629 1.00000008058
-6.18937875752e-08 1.05163446755e-06 0.999999921954 1.00000007823
-6.13126252505e-08 1.04485331875e-06 0.999999924126 1.00000007604
-6.07314629259e-08 1.03807216996e-06 0.999999926297 1.00000007384
-6.01503006012e-08 1.03129102116e-06 0.999999928469 1.00000007165
-5.95691382766e-08 1.02450987236e-06 0.999999930641 1.00000006945
-5.89879759519e-08 1.01772101184e-06 0.999999932525 1.00000006755
-5.84068136273e-08 1.01093169435e-06 0.999999934392 1.00000006566
-5.78256513026e-08 1.00414237687e-06 0.99999993626 1.00000006377
-5.7244488978e-08 9.97353059384e-07 0.999999938127 1.00000006188
-5.66633266533e-08 9.90562261709e-07 0.999999939939 1.00000006004
-5.60821643287e-08 9.83765970743e-07 0.999999941546 1.00000005842
-5.5501002004e-08 9.76969679777e-07 0.999999943152 1.00000005679
-5.49198396794e-08 9.70173388812e-07 0.999999944759 1.00000005516
-5.43386773547e-08 9.63377097846e-07 0.999999946365 1.00000005353
-5.37575150301e-08 9.56578606443e-07 0.99999994789 1.00000005198
-5.31763527054e-08 9.49776354119e-07 0.999999949273 1.00000005058
-5.25951903808e-08 9.42974101796e-07 0.999999950656 1.00000004917
-5.20140280561e-08 9.36171849473e-07 0.999999952039 1.00000004777
-5.14328657315e-08 9.29369597149e-07 0.999999953423 1.00000004637
-5.08517034068e-08 9.22565242635e-07 0.999999954727 1.00000004504
-5.02705410822e-08 9.15757888028e-07 0.999999955919 1.00000004383
-4.96893787575e-08 9.08950533421e-07 0.99999995711 1.00000004262
-4.91082164329e-08 9.02143178814e-07 0.999999958302 1.0000000414
-4.85270541082e-08 8.95335824207e-07 0.999999959493 1.00000004019
-4.79458917836e-08 8.88526991104e-07 0.999999960629 1.00000003904
-4.73647294589e-08 8.8171526557e-07 0.999999961656 1.00000003799
-4.67835671343e-08 8.74903540035e-07 0.999999962682 1.00000003694
-4.62024048096e-08 8.680918145e-07 0.999999963709 1.00000003589
-4.5621242485e-08 8.61280088966e-07 0.999999964735 1.00000003485
-4.50400801603e-08 8.54467819835e-07 0.999999965741 1.00000003382
-4.44589178357e-08 8.4765234829e-07 0.999999966627 1.00000003292
-4.3877755511e-08 8.40836876745e-07 0.999999967512 1.00000003201
-4.32965931864e-08 8.340214052e-07 0.999999968397 1.00000003111
-4.27154308617e-08 8.27205933655e-07 0.999999969282 1.00000003021
-4.21342685371e-08 8.2039046211e-07 0.999999970167 1.0000000293
-4.15531062124e-08 8.13572327252e-07 0.999999970952 1.0000000285
-4.09719438878e-08 8.06753646007e-07 0.999999971715 1.00000002772
-4.03907815631e-08 7.99934964761e-07 0.999999972479 1.00000002693
-3.98096192385e-08 7.93116283515e-07 0.999999973242 1.00000002615
-3.92284569138e-08 7.86297602269e-07 0.999999974006 1.00000002537
-3.86472945892e-08 7.79477851446e-07 0.999999974729 1.00000002463
-3.80661322645e-08 7.72656423124e-07 0.999999975388 1.00000002395
-3.74849699399e-08 7.65834994801e-07 0.999999976048 1.00000002327
-3.69038076152e-08 7.59013566478e-07 0.999999976707 1.0000000226
-3.63226452906e-08 7.52192138156e-07 0.999999977366 1.00000002192
-3.57414829659e-08 7.45370709833e-07 0.999999978026 1.00000002124
-3.51603206413e-08 7.38547355945e-07 0.999999978612 1.00000002064
-3.45791583166e-08 7.31723581985e-07 0.999999979183 1.00000002005
-3.3997995992e-08 7.24899808024e-07 0.999999979753 1.00000001947
-3.34168336673e-08 7.18076034064e-07 0.999999980323 1.00000001888
-3.28356713427e-08 7.11252260104e-07 0.999999980894 1.00000001829
-3.2254509018e-08 7.04428243877e-07 0.999999981455 1.00000001772
-3.16733466934e-08 6.97602475047e-07 0.99999998195 1.00000001721
-3.10921843687e-08 6.90776706218e-07 0.999999982444 1.0000000167
-3.05110220441e-08 6.83950937389e-07 0.999999982939 1.00000001619
-2.99298597194e-08 6.7712516856e-07 0.999999983433 1.00000001567
-2.93486973948e-08 6.70299399731e-07 0.999999983928 1.00000001516
-2.87675350701e-08 6.63473145607e-07 0.999999984404 1.00000001467
-2.81863727455e-08 6.5664569092e-07 0.999999984835 1.00000001423
-2.76052104208e-08 6.49818236233e-07 0.999999985265 1.00000001378
-2.70240480962e-08 6.42990781546e-07 0.999999985696 1.00000001334
-2.64428857715e-08 6.36163326859e-07 0.999999986126 1.0000000129
-2.58617234469e-08 6.29335872172e-07 0.999999986557 1.00000001245
-2.52805611222e-08 6.22507970202e-07 0.999999986971 1.00000001203
-2.46993987976e-08 6.15679104568e-07 0.999999987348 1.00000001163
-2.41182364729e-08 6.08850238934e-07 0.999999987725 1.00000001124
-2.35370741483e-08 6.02021373301e-07 0.999999988102 1.00000001085
-2.29559118236e-08 5.95192507667e-07 0.999999988479 1.00000001046
-2.2374749499e-08 5.88363642033e-07 0.999999988856 1.00000001007
-2.17935871743e-08 5.81534537136e-07 0.999999989223 1.00000000969
-2.12124248497e-08 5.74704508085e-07 0.999999989556 1.00000000934
-2.0631262525e-08 5.67874479034e-07 0.999999989889 1.000000009
-2.00501002004e-08 5.61044449983e-07 0.999999990222 1.00000000865
-1.94689378758e-08 5.54214420932e-07 0.999999990555 1.00000000831
-1.88877755511e-08 5.47384391881e-07 0.999999990888 1.00000000796
-1.83066132265e-08 5.40554362831e-07 0.999999991221 1.00000000762
-1.77254509018e-08 5.33723442969e-07 0.99999999152 1.00000000731
-1.71442885772e-08 5.26892476712e-07 0.999999991817 1.000000007
-1.65631262525e-08 5.20061510455e-07 0.999999992115 1.00000000669
-1.59819639279e-08 5.13230544199e-07 0.999999992412 1.00000000638
-1.54008016032e-08 5.06399577942e-07 0.99999999271 1.00000000608
-1.48196392786e-08 4.99568611685e-07 0.999999993008 1.00000000577
-1.42384769539e-08 4.92737247134e-07 0.99999999329 1.00000000548
-1.36573146293e-08 4.85905554256e-07 0.99999999356 1.0000000052
-1.30761523046e-08 4.79073861379e-07 0.99999999383 1.00000000492
-1.249498998e-08 4.72242168501e-07 0.9999999941 1.00000000464
-1.19138276553e-08 4.65410475623e-07 0.99999999437 1.00000000436
-1.13326653307e-08 4.58578782746e-07 0.999999994641 1.00000000408
-1.0751503006e-08 4.51747089868e-07 0.999999994911 1.0000000038
-1.01703406814e-08 4.44914873481e-07 0.999999995161 1.00000000354
-9.58917835671e-09 4.38082654539e-07 0.999999995412 1.00000000328
-9.00801603206e-09 4.31250435596e-07 0.999999995663 1.00000000302
-8.42685370741e-09 4.24418216653e-07 0.999999995913 1.00000000276
-7.84569138277e-09 4.17585997711e-07 0.999999996164 1.0000000025
-7.26452905812e-09 4.10753778768e-07 0.999999996415 1.00000000224
-6.68336673347e-09 4.03921464882e-07 0.999999996662 1.00000000199
-6.10220440882e-09 3.97088916206e-07 0.9999999969 1.00000000174
-5.52104208417e-09 3.9025636753e-07 0.999999997139 1.0000000015
-4.93987975952e-09 3.83423818854e-07 0.999999997378 1.00000000126
-4.35871743487e-09 3.76591270178e-07 0.999999997616 1.00000000101
-3.77755511022e-09 3.69758721503e-07 0.999999997855 1.00000000077
-3.19639278557e-09 3.62926172827e-07 0.999999998093 1.00000000052
-2.61523046092e-09 3.56093568639e-07 0.99999999833 1.00000000028
-2.03406813627e-09 3.49260888701e-07 0.999999998564 1.00000000004
-1.45290581162e-09 3.42428208763e-07 0.999999998799 0.999999999798
-8.71743486974e-10 3.35595528825e-07 0.999999999033 0.999999999558
-2.90581162324e-10 3.28762848887e-07 0.999999999267 0.999999999317
2.90581162325e-10 3.2193016895e-07 0.999999999501 0.999999999077
8.71743486974e-10 3.15097489012e-07 0.999999999736 0.999999998837
1.45290581162e-09 3.08264839476e-07 0.999999999971 0.999999998596
2.03406813627e-09 3.01432236246e-07 1.00000000021 0.999999998354
2.61523046092e-09 2.94599633017e-07 1.00000000045 0.999999998113
3.19639278557e-09 2.87767029787e-07 1.00000000069 0.999999997871
3.77755511022e-09 2.80934426557e-07 1.00000000092 0.999999997629
4.35871743487e-09 2.74101823328e-07 1.00000000116 0.999999997387
4.93987975952e-09 2.67269220098e-07 1.0000000014 0.999999997145
5.52104208417e-09 2.60436678832e-07 1.00000000164 0.999999996901
6.10220440882e-09 2.53604378714e-07 1.00000000189 0.999999996649
6.68336673347e-09 2.46772078596e-07 1.00000000214 0.999999996396
7.26452905812e-09 2.39939778478e-07 1.00000000239 0.999999996143
7.84569138277e-09 2.3310747836e-07 1.00000000264 0.999999995891
8.42685370742e-09 2.26275178242e-07 1.00000000289 0.999999995638
9.00801603206e-09 2.19442878124e-07 1.00000000314 0.999999995385
9.58917835671e-09 2.12610578006e-07 1.00000000339 0.999999995133
1.01703406814e-08 2.05778749511e-07 1.00000000366 0.999999994862
1.0751503006e-08 1.98947008666e-07 1.00000000393 0.999999994589
1.13326653307e-08 1.92115267821e-07 1.00000000421 0.999999994315
1.19138276553e-08 1.85283526976e-07 1.00000000448 0.999999994042
1.249498998e-08 1.78451786131e-07 1.00000000475 0.999999993768
1.30761523046e-08 1.71620045286e-07 1.00000000503 0.999999993495
1.36573146293e-08 1.6478830444e-07 1.0000000053 0.999999993221
1.42384769539e-08 1.57956829292e-07 1.00000000558 0.999999992938
1.48196392786e-08 1.51125948543e-07 1.00000000589 0.999999992632
1.54008016032e-08 1.44295067794e-07 1.0000000062 0.999999992326
1.59819639279e-08 1.37464187045e-07 1.0000000065 0.999999992021
1.65631262525e-08 1.30633306296e-07 1.00000000681 0.999999991715
1.71442885772e-08 1.23802425547e-07 1.00000000711 0.999999991409
1.77254509018e-08 1.16971544798e-07 1.00000000742 0.999999991104
1.83066132265e-08 1.10140664049e-07 1.00000000773 0.999999990798
1.88877755511e-08 1.03310515471e-07 1.00000000806 0.999999990465
1.94689378758e-08 9.64808606012e-08 1.00000000842 0.999999990113
2.00501002004e-08 8.96512057313e-08 1.00000000877 0.999999989761
2.06312625251e-08 8.28215508614e-08 1.00000000913 0.999999989409
2.12124248497e-08 7.59918959915e-08 1.00000000948 0.999999989057
2.17935871743e-08 6.91622411216e-08 1.00000000984 0.999999988705
2.2374749499e-08 6.23325862517e-08 1.00000001019 0.999999988353
2.29559118236e-08 5.55029313818e-08 1.00000001055 0.999999988001
2.35370741483e-08 4.86744631057e-08 1.00000001095 0.999999987604
2.41182364729e-08 4.18464933889e-08 1.00000001137 0.999999987188
2.46993987976e-08 3.50185236721e-08 1.00000001178 0.999999986773
2.52805611222e-08 2.81905539554e-08 1.0000000122 0.999999986357
2.58617234469e-08 2.13625842386e-08 1.00000001262 0.999999985941
2.64428857715e-08 1.45346145218e-08 1.00000001304 0.999999985525
2.70240480962e-08 7.70664480506e-09 1.00000001346 0.99999998511
2.76052104208e-08 8.78675088294e-10 1.00000001388 0.999999984694
2.81863727455e-08 -5.94786941075e-09 1.00000001436 0.999999984224
2.87675350701e-08 -1.27735598604e-08 1.00000001487 0.999999983722
2.93486973948e-08 -1.959925031e-08 1.00000001537 0.999999983219
2.99298597194e-08 -2.64249407596e-08 1.00000001588 0.999999982717
3.05110220441e-08 -3.32506312092e-08 1.00000001639 0.999999982215
3.10921843687e-08 -4.00763216589e-08 1.0000000169 0.999999981713
3.16733466934e-08 -4.69020121085e-08 1.00000001741 0.999999981211
3.2254509018e-08 -5.37277025581e-08 1.00000001791 0.999999980708
3.28356713427e-08 -6.0552299035e-08 1.00000001846 0.999999980165
3.34168336673e-08 -6.73749194893e-08 1.00000001909 0.999999979546
3.3997995992e-08 -7.41975399437e-08 1.00000001971 0.999999978928
3.45791583166e-08 -8.1020160398e-08 1.00000002034 0.999999978309
3.51603206413e-08 -8.78427808524e-08 1.00000002096 0.99999997769
3.57414829659e-08 -9.46654013067e-08 1.00000002159 0.999999977072
3.63226452906e-08 -1.01488021761e-07 1.00000002221 0.999999976453
3.69038076152e-08 -1.08310642215e-07 1.00000002284 0.999999975835
3.74849699399e-08 -1.1513326267e-07 1.00000002346 0.999999975216
3.80661322645e-08 -1.21952175744e-07 1.00000002423 0.999999974457
3.86472945892e-08 -1.2877064373e-07 1.00000002502 0.999999973682
3.92284569138e-08 -1.35589111716e-07 1.0000000258 0.999999972906
3.98096192385e-08 -1.42407579702e-07 1.00000002659 0.99999997213
4.03907815631e-08 -1.49226047688e-07 1.00000002737 0.999999971354
4.09719438878e-08 -1.56044515674e-07 1.00000002816 0.999999970579
4.15531062124e-08 -1.6286298366e-07 1.00000002894 0.999999969803
4.21342685371e-08 -1.69681451646e-07 1.00000002973 0.999999969027
4.27154308617e-08 -1.76498613034e-07 1.00000003056 0.999999968202
4.32965931864e-08 -1.83311403323e-07 1.00000003156 0.999999967212
4.3877755511e-08 -1.90124193612e-07 1.00000003256 0.999999966222
4.44589178357e-08 -1.96936983901e-07 1.00000003356 0.999999965232
4.50400801603e-08 -2.0374977419e-07 1.00000003456 0.999999964242
4.5621242485e-08 -2.10562564479e-07 1.00000003556 0.999999963252
4.62024048096e-08 -2.17375354768e-07 1.00000003656 0.999999962261
4.67835671343e-08 -2.24188145057e-07 1.00000003756 0.999999961271
4.73647294589e-08 -2.31000935345e-07 1.00000003856 0.999999960281
4.79458917836e-08 -2.37810855851e-07 1.00000003967 0.999999959183
4.85270541082e-08 -2.44615753464e-07 1.00000004097 0.999999957896
4.91082164329e-08 -2.51420651077e-07 1.00000004227 0.99999995661
4.96893787575e-08 -2.5822554869e-07 1.00000004357 0.999999955323
5.02705410822e-08 -2.65030446303e-07 1.00000004487 0.999999954036
5.08517034068e-08 -2.71835343916e-07 1.00000004617 0.99999995275
5.14328657315e-08 -2.78640241529e-07 1.00000004747 0.999999951463
5.20140280561e-08 -2.85445139142e-07 1.00000004877 0.999999950176
5.25951903808e-08 -2.92250036755e-07 1.00000005007 0.99999994889
5.31763527054e-08 -2.99051700056e-07 1.00000005149 0.999999947482
5.37575150301e-08 -3.05845384359e-07 1.00000005321 0.999999945776
5.43386773547e-08 -3.12639068662e-07 1.00000005492 0.99999994407
5.49198396794e-08 -3.19432752965e-07 1.00000005664 0.999999942364
5.5501002004e-08 -3.26226437268e-07 1.00000005836 0.999999940658
5.60821643287e-08 -3.33020121572e-07 1.00000006008 0.999999938952
5.66633266533e-08 -3.39813805875e-07 1.0000000618 0.999999937246
5.7244488978e-08 -3.46607490178e-07 1.00000006352 0.99999993554
5.78256513026e-08 -3.53401174481e-07 1.00000006524 0.999999933834
5.84068136273e-08 -3.60194858784e-07 1.00000006696 0.999999932127
5.89879759519e-08 -3.66972188009e-07 1.00000006929 0.999999929814
5.95691382766e-08 -3.73749512676e-07 1.00000007161 0.9999999275
6.01503006012e-08 -3.80526837343e-07 1.00000007394 0.999999925186
6.07314629259e-08 -3.87304162011e-07 1.00000007627 0.999999922872
6.13126252505e-08 -3.94081486678e-07 1.0000000786 0.999999920558
6.18937875752e-08 -4.00858811345e-07 1.00000008093 0.999999918244
6.24749498998e-08 -4.07636136012e-07 1.00000008325 0.99999991593
6.30561122244e-08 -4.14413460679e-07 1.00000008558 0.999999913616
6.36372745491e-08 -4.21190785346e-07 1.00000008791 0.999999911302
6.42184368737e-08 -4.27955990581e-07 1.00000009068 0.99999990854
6.47995991984e-08 -4.34708704006e-07 1.00000009392 0.999999905318
6.5380761523e-08 -4.41461417431e-07 1.00000009716 0.999999902096
6.59619238477e-08 -4.48214130856e-07 1.0000001004 0.999999898874
6.65430861723e-08 -4.54966844281e-07 1.00000010364 0.999999895653
6.7124248497e-08 -4.61719557705e-07 1.00000010688 0.999999892431
6.77054108216e-08 -4.6847227113e-07 1.00000011011 0.999999889209
6.82865731463e-08 -4.75224984555e-07 1.00000011335 0.999999885987
6.88677354709e-08 -4.8197769798e-07 1.00000011659 0.999999882765
6.94488977956e-08 -4.88730411405e-07 1.00000011983 0.999999879543
7.00300601202e-08 -4.95453963371e-07 1.00000012413 0.999999875253
7.06112224449e-08 -5.0216837862e-07 1.00000012878 0.999999870629
7.11923847695e-08 -5.0888279387e-07 1.00000013342 0.999999866005
7.17735470942e-08 -5.15597209119e-07 1.00000013806 0.99999986138
7.23547094188e-08 -5.22311624368e-07 1.0000001427 0.999999856756
7.29358717435e-08 -5.29026039618e-07 1.00000014734 0.999999852132
7.35170340681e-08 -5.35740454867e-07 1.00000015198 0.999999847508
7.40981963928e-08 -5.42454870116e-07 1.00000015663 0.999999842884
7.46793587174e-08 -5.49169285366e-07 1.00000016127 0.999999838259
7.52605210421e-08 -5.55883700615e-07 1.00000016591 0.999999833635
7.58416833667e-08 -5.62548618148e-07 1.00000017235 0.999999827212
7.64228456914e-08 -5.69201273106e-07 1.00000017924 0.999999820344
7.7004008016e-08 -5.75853928063e-07 1.00000018612 0.999999813476
7.75851703407e-08 -5.82506583021e-07 1.00000019301 0.999999806607
7.81663326653e-08 -5.89159237979e-07 1.00000019989 0.999999799739
7.874749499e-08 -5.95811892937e-07 1.00000020678 0.999999792871
7.93286573146e-08 -6.02464547895e-07 1.00000021367 0.999999786003
7.99098196393e-08 -6.09117202852e-07 1.00000022055 0.999999779134
8.04909819639e-08 -6.1576985781e-07 1.00000022744 0.999999772266
8.10721442886e-08 -6.22422512768e-07 1.00000023432 0.999999765398
8.16533066132e-08 -6.29012483579e-07 1.00000024347 0.999999756268
8.22344689379e-08 -6.35561886278e-07 1.00000025408 0.999999745675
8.28156312625e-08 -6.42111288978e-07 1.00000026469 0.999999735082
8.33967935872e-08 -6.48660691677e-07 1.00000027531 0.99999972449
8.39779559118e-08 -6.55210094376e-07 1.00000028592 0.999999713897
8.45591182365e-08 -6.61759497076e-07 1.00000029653 0.999999703304
8.51402805611e-08 -6.68308899775e-07 1.00000030714 0.999999692711
8.57214428858e-08 -6.74858302475e-07 1.00000031775 0.999999682118
8.63026052104e-08 -6.81407705174e-07 1.00000032836 0.999999671526
8.68837675351e-08 -6.87957107873e-07 1.00000033897 0.999999660933
8.74649298597e-08 -6.94475605365e-07 1.00000035069 0.999999649232
8.80460921844e-08 -7.00846222443e-07 1.00000036771 0.999999632231
8.8627254509e-08 -7.07216839521e-07 1.00000038473 0.999999615231
8.92084168337e-08 -7.13587456599e-07 1.00000040175 0.99999959823
8.97895791583e-08 -7.19958073677e-07 1.00000041877 0.999999581229
9.0370741483e-08 -7.26328690755e-07 1.00000043579 0.999999564228
9.09519038076e-08 -7.32699307833e-07 1.00000045281 0.999999547228
9.15330661323e-08 -7.39069924911e-07 1.00000046983 0.999999530227
9.21142284569e-08 -7.45440541989e-07 1.00000048684 0.999999513226
9.26953907816e-08 -7.51811159067e-07 1.00000050386 0.999999496225
9.32765531062e-08 -7.58181776145e-07 1.00000052088 0.999999479225
9.38577154309e-08 -7.64394603448e-07 1.00000054353 0.999999456599
9.44388777555e-08 -7.70445223944e-07 1.00000057195 0.999999428192
9.50200400802e-08 -7.7649584444e-07 1.00000060038 0.999999399785
9.56012024048e-08 -7.82546464936e-07 1.00000062881 0.999999371378
9.61823647295e-08 -7.88597085431e-07 1.00000065723 0.999999342971
9.67635270541e-08 -7.94647705927e-07 1.00000068566 0.999999314563
9.73446893788e-08 -8.00698326423e-07 1.00000071408 0.999999286156
9.79258517034e-08 -8.06748946919e-07 1.00000074251 0.999999257749
9.85070140281e-08 -8.12799567415e-07 1.00000077094 0.999999229342
9.90881763527e-08 -8.1885018791e-07 1.00000079936 0.999999200935
9.96693386774e-08 -8.24900808406e-07 1.00000082779 0.999999172528
1.00250501002e-07 -8.30619549455e-07 1.00000086799 0.999999132342
1.00831663327e-07 -8.36079667658e-07 1.00000091738 0.999999082979
1.01412825651e-07 -8.41539785862e-07 1.00000096676 0.999999033616
1.01993987976e-07 -8.46999904065e-07 1.00000101614 0.999998984253
1.02575150301e-07 -8.52460022268e-07 1.00000106553 0.99999893489
1.03156312625e-07 -8.57920140472e-07 1.00000111491 0.999998885526
1.0373747495e-07 -8.63380258675e-07 1.00000116429 0.999998836163
1.04318637275e-07 -8.68840376879e-07 1.00000121367 0.9999987868
1.04899799599e-07 -8.74300495082e-07 1.00000126306 0.999998737437
1.05480961924e-07 -8.79760613285e-07 1.00000131244 0.999998688073
1.06062124248e-07 -8.85220731489e-07 1.00000136182 0.99999863871
1.06643286573e-07 -8.90262103978e-07 1.00000142602 0.999998574537
1.07224448898e-07 -8.9460180405e-07 1.00000151502 0.999998485548
1.07805611222e-07 -8.98941504122e-07 1.00000160403 0.999998396558
1.08386773547e-07 -9.03281204194e-07 1.00000169304 0.999998307569
1.08967935872e-07 -9.07620904266e-07 1.00000178205 0.99999821858
1.09549098196e-07 -9.11960604338e-07 1.00000187106 0.99999812959
1.10130260521e-07 -9.1630030441e-07 1.00000196006 0.999998040601
1.10711422846e-07 -9.20640004482e-07 1.00000204907 0.999997951612
1.1129258517e-07 -9.24979704554e-07 1.00000213808 0.999997862622
1.11873747495e-07 -9.29319404626e-07 1.00000222709 0.999997773633
1.1245490982e-07 -9.33659104698e-07 1.0000023161 0.999997684643
1.13036072144e-07 -9.3799880477e-07 1.0000024051 0.999997595654
1.13617234469e-07 -9.40327871314e-07 1.00000256504 0.999997435735
1.14198396794e-07 -9.4248726707e-07 1.00000273096 0.999997269831
1.14779559118e-07 -9.44646662826e-07 1.00000289688 0.999997103927
1.15360721443e-07 -9.46806058582e-07 1.0000030628 0.999996938022
1.15941883768e-07 -9.48965454338e-07 1.00000322873 0.999996772118
1.16523046092e-07 -9.51124850094e-07 1.00000339465 0.999996606214
1.17104208417e-07 -9.53284245849e-07 1.00000356057 0.999996440309
1.17685370741e-07 -9.55443641605e-07 1.00000372649 0.999996274405
1.18266533066e-07 -9.57603037361e-07 1.00000389241 0.999996108501
1.18847695391e-07 -9.59762433117e-07 1.00000405833 0.999995942596
1.19428857715e-07 -9.61921828873e-07 1.00000422425 0.999995776692
1.2001002004e-07 -9.63207818884e-07 1.00000442093 0.999995580033
1.20591182365e-07 -9.61025216731e-07 1.00000473974 0.999995261238
1.21172344689e-07 -9.58842614579e-07 1.00000505856 0.999994942442
1.21753507014e-07 -9.56660012426e-07 1.00000537737 0.999994623647
1.22334669339e-07 -9.54477410274e-07 1.00000569618 0.999994304851
1.22915831663e-07 -9.52294808121e-07 1.000006015 0.999993986056
1.23496993988e-07 -9.50112205969e-07 1.00000633381 0.99999366726
1.24078156313e-07 -9.47929603816e-07 1.00000665262 0.999993348465
1.24659318637e-07 -9.45747001664e-07 1.00000697144 0.999993029669
1.25240480962e-07 -9.43564399511e-07 1.00000729025 0.999992710874
1.25821643287e-07 -9.41381797358e-07 1.00000760906 0.999992392078
1.26402805611e-07 -9.39199195206e-07 1.00000792788 0.999992073283
1.26983967936e-07 -9.35211687759e-07 1.00000831016 0.999991691015
1.27565130261e-07 -9.24195278859e-07 1.00000893964 0.999991061564
1.28146292585e-07 -9.1317886996e-07 1.00000956912 0.999990432114
1.2872745491e-07 -9.0216246106e-07 1.00001019859 0.999989802664
1.29308617234e-07 -8.9114605216e-07 1.00001082807 0.999989173213
1.29889779559e-07 -8.80129643261e-07 1.00001145754 0.999988543763
1.30470941884e-07 -8.69113234361e-07 1.00001208702 0.999987914312
1.31052104208e-07 -8.58096825461e-07 1.0000127165 0.999987284862
1.31633266533e-07 -8.47080416561e-07 1.00001334597 0.999986655411
1.32214428858e-07 -8.36064007662e-07 1.00001397545 0.999986025961
1.32795591182e-07 -8.25047598762e-07 1.00001460492 0.99998539651
1.33376753507e-07 -8.14031189862e-07 1.0000152344 0.99998476706
1.33957915832e-07 -8.03014780963e-07 1.00001586388 0.999984137609
1.34539078156e-07 -7.75033078252e-07 1.00001708947 0.999982912075
1.35120240481e-07 -7.45679481601e-07 1.00001836328 0.999981638339
1.35701402806e-07 -7.16325884949e-07 1.00001963708 0.999980364603
1.3628256513e-07 -6.86972288297e-07 1.00002091088 0.999979090867
1.36863727455e-07 -6.57618691646e-07 1.00002218469 0.999977817131
1.3744488978e-07 -6.28265094994e-07 1.00002345849 0.999976543395
1.38026052104e-07 -5.98911498342e-07 1.00002473229 0.999975269659
1.38607214429e-07 -5.69557901691e-07 1.00002600609 0.999973995922
1.39188376754e-07 -5.40204305039e-07 1.0000272799 0.999972722186
1.39769539078e-07 -5.10850708387e-07 1.0000285537 0.99997144845
1.40350701403e-07 -4.81497111736e-07 1.0000298275 0.999970174714
1.40931863727e-07 -4.52143515084e-07 1.00003110131 0.999968900978
1.41513026052e-07 -4.08933283714e-07 1.00003286174 0.999967140665
1.42094188377e-07 -3.40777736428e-07 1.00003549822 0.999964504396
1.42675350701e-07 -2.72622189142e-07 1.0000381347 0.999961868127
1.43256513026e-07 -2.04466641857e-07 1.00004077118 0.999959231858
1.43837675351e-07 -1.36311094571e-07 1.00004340766 0.999956595589
1.44418837675e-07 -6.81555472856e-08 1.00004604414 0.99995395932
1.45e-07 0 1.00004868062 0.999951323051
