-1.45e-07 0 	0 	-45841.2710342 	
-1.44418837675e-07 0 	0 	-45555.0803944 	
-1.43837675351e-07 0 	0 	-45340.8326683 	
-1.43256513026e-07 0 	0 	-45284.4624963 	
-1.42675350701e-07 0 	0 	-45342.3127575 	
-1.42094188377e-07 0 	0 	-45489.8156085 	
-1.41513026052e-07 0 	0 	-45717.4556184 	
-1.40931863727e-07 0 	0 	-46052.8020751 	
-1.40350701403e-07 0 	0 	-46446.7814561 	
-1.39769539078e-07 0 	0 	-46890.1847962 	
-1.39188376754e-07 0 	0 	-47397.8511957 	
-1.38607214429e-07 0 	0 	-47949.7399725 	
-1.38026052104e-07 0 	0 	-48529.9058946 	
-1.3744488978e-07 0 	0 	-49150.6322355 	
-1.36863727455e-07 0 	0 	-49795.0995601 	
-1.3628256513e-07 0 	0 	-50454.4942212 	
-1.35701402806e-07 0 	0 	-51138.7920736 	
-1.35120240481e-07 0 	0 	-51829.9697612 	
-1.34539078156e-07 0 	0 	-52530.4171594 	
-1.33957915832e-07 0 	0 	-53236.375467 	
-1.33376753507e-07 0 	0 	-53943.9871804 	
-1.32795591182e-07 0 	0 	-54650.9645325 	
-1.32214428858e-07 0 	0 	-55355.4974077 	
-1.31633266533e-07 0 	0 	-56054.9190458 	
-1.31052104208e-07 0 	0 	-56747.0350979 	
-1.30470941884e-07 0 	0 	-57432.9786656 	
-1.29889779559e-07 0 	0 	-58105.627799 	
-1.29308617234e-07 0 	0 	-58773.0714873 	
-1.2872745491e-07 0 	0 	-59421.1864888 	
-1.28146292585e-07 0 	0 	-60065.95201 	
-1.27565130261e-07 0 	0 	-60686.1562564 	
-1.26983967936e-07 0 	0 	-61304.8501291 	
-1.26402805611e-07 0 	0 	-61895.1806184 	
-1.25821643287e-07 0 	0 	-62485.134125 	
-1.25240480962e-07 0 	0 	-63044.7827663 	
-1.24659318637e-07 0 	0 	-63603.9914638 	
-1.24078156313e-07 0 	0 	-64133.0667523 	
-1.23496993988e-07 0 	0 	-64660.129981 	
-1.22915831663e-07 0 	0 	-65159.4404532 	
-1.22334669339e-07 0 	0 	-65653.5010942 	
-1.21753507014e-07 0 	0 	-66124.3620751 	
-1.21172344689e-07 0 	0 	-66585.0473535 	
-1.20591182365e-07 0 	0 	-67029.1116954 	
-1.2001002004e-07 0 	0 	-67456.4755855 	
-1.19428857715e-07 0 	0 	-67875.5883899 	
-1.18847695391e-07 0 	0 	-68270.0557058 	
-1.18266533066e-07 0 	0 	-68664.5230216 	
-1.17685370741e-07 0 	0 	-69028.4456054 	
-1.17104208417e-07 0 	0 	-69390.7583274 	
-1.16523046092e-07 0 	0 	-69734.5418695 	
-1.15941883768e-07 0 	0 	-70065.7082032 	
-1.15360721443e-07 0 	0 	-70391.3554428 	
-1.14779559118e-07 0 	0 	-70692.601911 	
-1.14198396794e-07 0 	0 	-70993.8483791 	
-1.13617234469e-07 0 	0 	-71274.6374582 	
-1.13036072144e-07 0 	0 	-71547.363882 	
-1.1245490982e-07 0 	0 	-71814.9063861 	
-1.11873747495e-07 0 	0 	-72060.6444554 	
-1.1129258517e-07 0 	0 	-72306.3825247 	
-1.10711422846e-07 0 	0 	-72536.714323 	
-1.10130260521e-07 0 	0 	-72757.0897753 	
-1.09549098196e-07 0 	0 	-72977.4652277 	
-1.08967935872e-07 0 	0 	-73175.0636294 	
-1.08386773547e-07 0 	0 	-73371.76185 	
-1.07805611222e-07 0 	0 	-73562.8755428 	
-1.07224448898e-07 0 	0 	-73737.610938 	
-1.06643286573e-07 0 	0 	-73912.3463332 	
-1.06062124248e-07 0 	0 	-74077.3058643 	
-1.05480961924e-07 0 	0 	-74231.7949763 	
-1.04899799599e-07 0 	0 	-74386.2840882 	
-1.04318637275e-07 0 	0 	-74528.785406 	
-1.0373747495e-07 0 	0 	-74664.7235459 	
-1.03156312625e-07 0 	0 	-74800.6616858 	
-1.02575150301e-07 0 	0 	-74924.0485758 	
-1.01993987976e-07 0 	0 	-75043.0899679 	
-1.01412825651e-07 0 	0 	-75162.13136 	
-1.00831663327e-07 0 	0 	-75269.3746496 	
-1.00250501002e-07 0 	0 	-75373.1159427 	
-9.96693386774e-08 0 	0 	-75476.8572358 	
-9.90881763527e-08 0 	0 	-75570.5505175 	
-9.85070140281e-08 0 	0 	-75660.5175594 	
-9.79258517034e-08 0 	0 	-75750.4846013 	
-9.73446893788e-08 0 	0 	-75832.8533194 	
-9.67635270541e-08 0 	0 	-75910.4908269 	
-9.61823647295e-08 0 	0 	-75988.1283345 	
-9.56012024048e-08 0 	0 	-76061.0493777 	
-9.50200400802e-08 0 	0 	-76127.7133987 	
-9.44388777555e-08 0 	0 	-76194.3774197 	
-9.38577154309e-08 0 	0 	-76259.4064725 	
-9.32765531062e-08 0 	0 	-76316.3593492 	
-9.26953907816e-08 0 	0 	-76373.3122259 	
-9.21142284569e-08 0 	0 	-76430.2651026 	
-9.15330661323e-08 0 	0 	-76480.1239061 	
-9.09519038076e-08 0 	0 	-76528.5314504 	
-9.0370741483e-08 0 	0 	-76576.9389948 	
-8.97895791583e-08 0 	0 	-76622.2554132 	
-8.92084168337e-08 0 	0 	-76663.1861346 	
-8.8627254509e-08 0 	0 	-76704.1168561 	
-8.80460921844e-08 0 	0 	-76745.0475775 	
-8.74649298597e-08 0 	0 	-76780.0180653 	
-8.68837675351e-08 0 	0 	-76814.4440172 	
-8.63026052104e-08 0 	0 	-76848.8699691 	
-8.57214428858e-08 0 	0 	-76881.4004825 	
-8.51402805611e-08 0 	0 	-76910.1995553 	
-8.45591182365e-08 0 	0 	-76938.9986281 	
-8.39779559118e-08 0 	0 	-76967.7977009 	
-8.33967935872e-08 0 	0 	-76993.3387754 	
-8.28156312625e-08 0 	0 	-77017.2982371 	
-8.22344689379e-08 0 	0 	-77041.2576988 	
-8.16533066132e-08 0 	0 	-77065.2171606 	
-8.10721442886e-08 0 	0 	-77085.3554144 	
-8.04909819639e-08 0 	0 	-77105.1763443 	
-7.99098196393e-08 0 	0 	-77124.9972741 	
-7.93286573146e-08 0 	0 	-77144.5183667 	
-7.874749499e-08 0 	0 	-77160.8207618 	
-7.81663326653e-08 0 	0 	-77177.1231569 	
-7.75851703407e-08 0 	0 	-77193.4255519 	
-7.7004008016e-08 0 	0 	-77209.2616466 	
-7.64228456914e-08 0 	0 	-77222.590071 	
-7.58416833667e-08 0 	0 	-77235.9184954 	
-7.52605210421e-08 0 	0 	-77249.2469198 	
-7.46793587174e-08 0 	0 	-77262.2356669 	
-7.40981963928e-08 0 	0 	-77273.0652057 	
-7.35170340681e-08 0 	0 	-77283.8947444 	
-7.29358717435e-08 0 	0 	-77294.7242831 	
-7.23547094188e-08 0 	0 	-77305.5111305 	
-7.17735470942e-08 0 	0 	-77314.2534927 	
-7.11923847695e-08 0 	0 	-77322.9958549 	
-7.06112224449e-08 0 	0 	-77331.7382171 	
-7.00300601202e-08 0 	0 	-77340.4805793 	
-6.94488977956e-08 0 	0 	-77347.8226023 	
-6.88677354709e-08 0 	0 	-77354.8321615 	
-6.82865731463e-08 0 	0 	-77361.8417208 	
-6.77054108216e-08 0 	0 	-77368.85128 	
-6.7124248497e-08 0 	0 	-77375.1506716 	
-6.65430861723e-08 0 	0 	-77380.7304485 	
-6.59619238477e-08 0 	0 	-77386.3102254 	
-6.5380761523e-08 0 	0 	-77391.8900023 	
-6.47995991984e-08 0 	0 	-77397.3715296 	
-6.42184368737e-08 0 	0 	-77401.7789445 	
-6.36372745491e-08 0 	0 	-77406.1863595 	
-6.30561122244e-08 0 	0 	-77410.5937744 	
-6.24749498998e-08 0 	0 	-77415.0011894 	
-6.18937875752e-08 0 	0 	-77418.8669776 	
-6.13126252505e-08 0 	0 	-77422.3192663 	
-6.07314629259e-08 0 	0 	-77425.771555 	
-6.01503006012e-08 0 	0 	-77429.2238437 	
-5.95691382766e-08 0 	0 	-77432.6761324 	
-5.89879759519e-08 0 	0 	-77435.3986621 	
-5.84068136273e-08 0 	0 	-77438.0779491 	
-5.78256513026e-08 0 	0 	-77440.7572362 	
-5.7244488978e-08 0 	0 	-77443.4365232 	
-5.66633266533e-08 0 	0 	-77445.9839387 	
-5.60821643287e-08 0 	0 	-77448.0419517 	
-5.5501002004e-08 0 	0 	-77450.0999648 	
-5.49198396794e-08 0 	0 	-77452.1579778 	
-5.43386773547e-08 0 	0 	-77454.2159909 	
-5.37575150301e-08 0 	0 	-77456.0910388 	
-5.31763527054e-08 0 	0 	-77457.6533684 	
-5.25951903808e-08 0 	0 	-77459.215698 	
-5.20140280561e-08 0 	0 	-77460.7780275 	
-5.14328657315e-08 0 	0 	-77462.3403571 	
-5.08517034068e-08 0 	0 	-77463.7410148 	
-5.02705410822e-08 0 	0 	-77464.9109463 	
-4.96893787575e-08 0 	0 	-77466.0808777 	
-4.91082164329e-08 0 	0 	-77467.2508092 	
-4.85270541082e-08 0 	0 	-77468.4207406 	
-4.79458917836e-08 0 	0 	-77469.4864965 	
-4.73647294589e-08 0 	0 	-77470.3484501 	
-4.67835671343e-08 0 	0 	-77471.2104036 	
-4.62024048096e-08 0 	0 	-77472.0723572 	
-4.5621242485e-08 0 	0 	-77472.9343108 	
-4.50400801603e-08 0 	0 	-77473.7615223 	
-4.44589178357e-08 0 	0 	-77474.3840627 	
-4.3877755511e-08 0 	0 	-77475.006603 	
-4.32965931864e-08 0 	0 	-77475.6291434 	
-4.27154308617e-08 0 	0 	-77476.2516837 	
-4.21342685371e-08 0 	0 	-77476.8742241 	
-4.15531062124e-08 0 	0 	-77477.3440385 	
-4.09719438878e-08 0 	0 	-77477.7825208 	
-4.03907815631e-08 0 	0 	-77478.221003 	
-3.98096192385e-08 0 	0 	-77478.6594852 	
-3.92284569138e-08 0 	0 	-77479.0979674 	
-3.86472945892e-08 0 	0 	-77479.4820706 	
-3.80661322645e-08 0 	0 	-77479.7808869 	
-3.74849699399e-08 0 	0 	-77480.0797032 	
-3.69038076152e-08 0 	0 	-77480.3785195 	
-3.63226452906e-08 0 	0 	-77480.6773358 	
-3.57414829659e-08 0 	0 	-77480.9761521 	
-3.51603206413e-08 0 	0 	-77481.1893586 	
-3.45791583166e-08 0 	0 	-77481.383889 	
-3.3997995992e-08 0 	0 	-77481.5784193 	
-3.34168336673e-08 0 	0 	-77481.7729496 	
-3.28356713427e-08 0 	0 	-77481.9674799 	
-3.2254509018e-08 0 	0 	-77482.1527481 	
-3.16733466934e-08 0 	0 	-77482.2710123 	
-3.10921843687e-08 0 	0 	-77482.3892766 	
-3.05110220441e-08 0 	0 	-77482.5075408 	
-2.99298597194e-08 0 	0 	-77482.6258051 	
-2.93486973948e-08 0 	0 	-77482.7440693 	
-2.87675350701e-08 0 	0 	-77482.8467185 	
-2.81863727455e-08 0 	0 	-77482.9107379 	
-2.76052104208e-08 0 	0 	-77482.9747572 	
-2.70240480962e-08 0 	0 	-77483.0387766 	
-2.64428857715e-08 0 	0 	-77483.1027959 	
-2.58617234469e-08 0 	0 	-77483.1668153 	
-2.52805611222e-08 0 	0 	-77483.2190831 	
-2.46993987976e-08 0 	0 	-77483.2460323 	
-2.41182364729e-08 0 	0 	-77483.2729816 	
-2.35370741483e-08 0 	0 	-77483.2999309 	
-2.29559118236e-08 0 	0 	-77483.3268801 	
-2.2374749499e-08 0 	0 	-77483.3538294 	
-2.17935871743e-08 0 	0 	-77483.3758798 	
-2.12124248497e-08 0 	0 	-77483.3790085 	
-2.0631262525e-08 0 	0 	-77483.3821372 	
-2.00501002004e-08 0 	0 	-77483.3852659 	
-1.94689378758e-08 0 	0 	-77483.3883946 	
-1.88877755511e-08 0 	0 	-77483.3915232 	
-1.83066132265e-08 0 	0 	-77483.3946519 	
-1.77254509018e-08 0 	0 	-77483.3847201 	
-1.71442885772e-08 0 	0 	-77483.3741081 	
-1.65631262525e-08 0 	0 	-77483.3634962 	
-1.59819639279e-08 0 	0 	-77483.3528842 	
-1.54008016032e-08 0 	0 	-77483.3422722 	
-1.48196392786e-08 0 	0 	-77483.3316602 	
-1.42384769539e-08 0 	0 	-77483.3176251 	
-1.36573146293e-08 0 	0 	-77483.3007683 	
-1.30761523046e-08 0 	0 	-77483.2839115 	
-1.249498998e-08 0 	0 	-77483.2670548 	
-1.19138276553e-08 0 	0 	-77483.250198 	
-1.13326653307e-08 0 	0 	-77483.2333412 	
-1.0751503006e-08 0 	0 	-77483.2164844 	
-1.01703406814e-08 0 	0 	-77483.1987262 	
-9.58917835671e-09 0 	0 	-77483.1809635 	
-9.00801603206e-09 0 	0 	-77483.1632009 	
-8.42685370741e-09 0 	0 	-77483.1454383 	
-7.84569138277e-09 0 	0 	-77483.1276757 	
-7.26452905812e-09 0 	0 	-77483.1099131 	
-6.68336673347e-09 0 	0 	-77483.0928929 	
-6.10220440882e-09 0 	0 	-77483.0777089 	
-5.52104208417e-09 0 	0 	-77483.0625249 	
-4.93987975952e-09 0 	0 	-77483.0473409 	
-4.35871743487e-09 0 	0 	-77483.0321569 	
-3.77755511022e-09 0 	0 	-77483.0169729 	
-3.19639278557e-09 0 	0 	-77483.0017889 	
-2.61523046092e-09 0 	0 	-77482.9884385 	
-2.03406813627e-09 0 	0 	-77482.9775902 	
-1.45290581162e-09 0 	0 	-77482.9667418 	
-8.71743486974e-10 0 	0 	-77482.9558935 	
-2.90581162324e-10 0 	0 	-77482.9450451 	
2.90581162325e-10 0 	0 	-77482.9341968 	
8.71743486974e-10 0 	0 	-77482.9233484 	
1.45290581162e-09 0 	0 	-77482.9142203 	
2.03406813627e-09 0 	0 	-77482.9077122 	
2.61523046092e-09 0 	0 	-77482.9012041 	
3.19639278557e-09 0 	0 	-77482.894696 	
3.77755511022e-09 0 	0 	-77482.888188 	
4.35871743487e-09 0 	0 	-77482.8816799 	
4.93987975952e-09 0 	0 	-77482.8751718 	
5.52104208417e-09 0 	0 	-77482.8691383 	
6.10220440882e-09 0 	0 	-77482.8649516 	
6.68336673347e-09 0 	0 	-77482.860765 	
7.26452905812e-09 0 	0 	-77482.8565784 	
7.84569138277e-09 0 	0 	-77482.8523917 	
8.42685370742e-09 0 	0 	-77482.8482051 	
9.00801603206e-09 0 	0 	-77482.8440185 	
9.58917835671e-09 0 	0 	-77482.8398318 	
1.01703406814e-08 0 	0 	-77482.8337129 	
1.0751503006e-08 0 	0 	-77482.8272348 	
1.13326653307e-08 0 	0 	-77482.8207568 	
1.19138276553e-08 0 	0 	-77482.8142787 	
1.249498998e-08 0 	0 	-77482.8078007 	
1.30761523046e-08 0 	0 	-77482.8013226 	
1.36573146293e-08 0 	0 	-77482.7948446 	
1.42384769539e-08 0 	0 	-77482.785118 	
1.48196392786e-08 0 	0 	-77482.7681239 	
1.54008016032e-08 0 	0 	-77482.7511298 	
1.59819639279e-08 0 	0 	-77482.7341357 	
1.65631262525e-08 0 	0 	-77482.7171416 	
1.71442885772e-08 0 	0 	-77482.7001475 	
1.77254509018e-08 0 	0 	-77482.6831534 	
1.83066132265e-08 0 	0 	-77482.6661594 	
1.88877755511e-08 0 	0 	-77482.634777 	
1.94689378758e-08 0 	0 	-77482.5936927 	
2.00501002004e-08 0 	0 	-77482.5526083 	
2.06312625251e-08 0 	0 	-77482.5115239 	
2.12124248497e-08 0 	0 	-77482.4704395 	
2.17935871743e-08 0 	0 	-77482.4293551 	
2.2374749499e-08 0 	0 	-77482.3882708 	
2.29559118236e-08 0 	0 	-77482.3471864 	
2.35370741483e-08 0 	0 	-77482.2738125 	
2.41182364729e-08 0 	0 	-77482.1868717 	
2.46993987976e-08 0 	0 	-77482.099931 	
2.52805611222e-08 0 	0 	-77482.0129903 	
2.58617234469e-08 0 	0 	-77481.9260496 	
2.64428857715e-08 0 	0 	-77481.8391089 	
2.70240480962e-08 0 	0 	-77481.7521682 	
2.76052104208e-08 0 	0 	-77481.6652275 	
2.81863727455e-08 0 	0 	-77481.5279714 	
2.87675350701e-08 0 	0 	-77481.3605644 	
2.93486973948e-08 0 	0 	-77481.1931573 	
2.99298597194e-08 0 	0 	-77481.0257502 	
3.05110220441e-08 0 	0 	-77480.8583432 	
3.10921843687e-08 0 	0 	-77480.6909361 	
3.16733466934e-08 0 	0 	-77480.523529 	
3.2254509018e-08 0 	0 	-77480.356122 	
3.28356713427e-08 0 	0 	-77480.1404171 	
3.34168336673e-08 0 	0 	-77479.8374727 	
3.3997995992e-08 0 	0 	-77479.5345284 	
3.45791583166e-08 0 	0 	-77479.231584 	
3.51603206413e-08 0 	0 	-77478.9286397 	
3.57414829659e-08 0 	0 	-77478.6256954 	
3.63226452906e-08 0 	0 	-77478.322751 	
3.69038076152e-08 0 	0 	-77478.0198067 	
3.74849699399e-08 0 	0 	-77477.7168623 	
3.80661322645e-08 0 	0 	-77477.2142725 	
3.86472945892e-08 0 	0 	-77476.6877142 	
3.92284569138e-08 0 	0 	-77476.1611559 	
3.98096192385e-08 0 	0 	-77475.6345977 	
4.03907815631e-08 0 	0 	-77475.1080394 	
4.09719438878e-08 0 	0 	-77474.5814811 	
4.15531062124e-08 0 	0 	-77474.0549229 	
4.21342685371e-08 0 	0 	-77473.5283646 	
4.27154308617e-08 0 	0 	-77472.917695 	
4.32965931864e-08 0 	0 	-77472.0256387 	
4.3877755511e-08 0 	0 	-77471.1335824 	
4.44589178357e-08 0 	0 	-77470.2415261 	
4.50400801603e-08 0 	0 	-77469.3494698 	
4.5621242485e-08 0 	0 	-77468.4574135 	
4.62024048096e-08 0 	0 	-77467.5653572 	
4.67835671343e-08 0 	0 	-77466.6733009 	
4.73647294589e-08 0 	0 	-77465.7812446 	
4.79458917836e-08 0 	0 	-77464.6725151 	
4.85270541082e-08 0 	0 	-77463.1845493 	
4.91082164329e-08 0 	0 	-77461.6965835 	
4.96893787575e-08 0 	0 	-77460.2086176 	
5.02705410822e-08 0 	0 	-77458.7206518 	
5.08517034068e-08 0 	0 	-77457.2326859 	
5.14328657315e-08 0 	0 	-77455.7447201 	
5.20140280561e-08 0 	0 	-77454.2567543 	
5.25951903808e-08 0 	0 	-77452.7687884 	
5.31763527054e-08 0 	0 	-77451.0001408 	
5.37575150301e-08 0 	0 	-77448.5390553 	
5.43386773547e-08 0 	0 	-77446.0779699 	
5.49198396794e-08 0 	0 	-77443.6168844 	
5.5501002004e-08 0 	0 	-77441.1557989 	
5.60821643287e-08 0 	0 	-77438.6947135 	
5.66633266533e-08 0 	0 	-77436.233628 	
5.7244488978e-08 0 	0 	-77433.7725426 	
5.78256513026e-08 0 	0 	-77431.3114571 	
5.84068136273e-08 0 	0 	-77428.8503717 	
5.89879759519e-08 0 	0 	-77424.7944497 	
5.95691382766e-08 0 	0 	-77420.7380833 	
6.01503006012e-08 0 	0 	-77416.6817169 	
6.07314629259e-08 0 	0 	-77412.6253505 	
6.13126252505e-08 0 	0 	-77408.5689841 	
6.18937875752e-08 0 	0 	-77404.5126177 	
6.24749498998e-08 0 	0 	-77400.4562513 	
6.30561122244e-08 0 	0 	-77396.3998849 	
6.36372745491e-08 0 	0 	-77392.3435185 	
6.42184368737e-08 0 	0 	-77386.9930848 	
6.47995991984e-08 0 	0 	-77380.3088229 	
6.5380761523e-08 0 	0 	-77373.624561 	
6.59619238477e-08 0 	0 	-77366.9402991 	
6.65430861723e-08 0 	0 	-77360.2560371 	
6.7124248497e-08 0 	0 	-77353.5717752 	
6.77054108216e-08 0 	0 	-77346.8875133 	
6.82865731463e-08 0 	0 	-77340.2032514 	
6.88677354709e-08 0 	0 	-77333.5189895 	
6.94488977956e-08 0 	0 	-77326.8347276 	
7.00300601202e-08 0 	0 	-77316.8387655 	
7.06112224449e-08 0 	0 	-77305.8051988 	
7.11923847695e-08 0 	0 	-77294.771632 	
7.17735470942e-08 0 	0 	-77283.7380653 	
7.23547094188e-08 0 	0 	-77272.7044986 	
7.29358717435e-08 0 	0 	-77261.6709319 	
7.35170340681e-08 0 	0 	-77250.6373651 	
7.40981963928e-08 0 	0 	-77239.6037984 	
7.46793587174e-08 0 	0 	-77228.5702317 	
7.52605210421e-08 0 	0 	-77217.536665 	
7.58416833667e-08 0 	0 	-77200.7134463 	
7.64228456914e-08 0 	0 	-77182.455898 	
7.7004008016e-08 0 	0 	-77164.1983496 	
7.75851703407e-08 0 	0 	-77145.9408013 	
7.81663326653e-08 0 	0 	-77127.683253 	
7.874749499e-08 0 	0 	-77109.4257046 	
7.93286573146e-08 0 	0 	-77091.1681563 	
7.99098196393e-08 0 	0 	-77072.910608 	
8.04909819639e-08 0 	0 	-77054.6530596 	
8.10721442886e-08 0 	0 	-77036.3955113 	
8.16533066132e-08 0 	0 	-77010.8438104 	
8.22344689379e-08 0 	0 	-76980.5714583 	
8.28156312625e-08 0 	0 	-76950.2991062 	
8.33967935872e-08 0 	0 	-76920.0267541 	
8.39779559118e-08 0 	0 	-76889.754402 	
8.45591182365e-08 0 	0 	-76859.4820499 	
8.51402805611e-08 0 	0 	-76829.2096978 	
8.57214428858e-08 0 	0 	-76798.9373457 	
8.63026052104e-08 0 	0 	-76768.6649936 	
8.68837675351e-08 0 	0 	-76738.3926415 	
8.74649298597e-08 0 	0 	-76704.6736935 	
8.80460921844e-08 0 	0 	-76654.4628961 	
8.8627254509e-08 0 	0 	-76604.2520987 	
8.92084168337e-08 0 	0 	-76554.0413013 	
8.97895791583e-08 0 	0 	-76503.8305039 	
9.0370741483e-08 0 	0 	-76453.6197065 	
9.09519038076e-08 0 	0 	-76403.4089091 	
9.15330661323e-08 0 	0 	-76353.1981117 	
9.21142284569e-08 0 	0 	-76302.9873143 	
9.26953907816e-08 0 	0 	-76252.7765169 	
9.32765531062e-08 0 	0 	-76202.5657194 	
9.38577154309e-08 0 	0 	-76136.1660059 	
9.44388777555e-08 0 	0 	-76053.1241974 	
9.50200400802e-08 0 	0 	-75970.0823889 	
9.56012024048e-08 0 	0 	-75887.0405804 	
9.61823647295e-08 0 	0 	-75803.9987719 	
9.67635270541e-08 0 	0 	-75720.9569634 	
9.73446893788e-08 0 	0 	-75637.9151548 	
9.79258517034e-08 0 	0 	-75554.8733463 	
9.85070140281e-08 0 	0 	-75471.8315378 	
9.90881763527e-08 0 	0 	-75388.7897293 	
9.96693386774e-08 0 	0 	-75305.7479208 	
1.00250501002e-07 0 	0 	-75192.8275422 	
1.00831663327e-07 0 	0 	-75056.623767 	
1.01412825651e-07 0 	0 	-74920.4199917 	
1.01993987976e-07 0 	0 	-74784.2162165 	
1.02575150301e-07 0 	0 	-74648.0124412 	
1.03156312625e-07 0 	0 	-74511.8086659 	
1.0373747495e-07 0 	0 	-74375.6048907 	
1.04318637275e-07 0 	0 	-74239.4011154 	
1.04899799599e-07 0 	0 	-74103.1973402 	
1.05480961924e-07 0 	0 	-73966.9935649 	
1.06062124248e-07 0 	0 	-73830.7897897 	
1.06643286573e-07 0 	0 	-73663.4381457 	
1.07224448898e-07 0 	0 	-73443.8934892 	
1.07805611222e-07 0 	0 	-73224.3488328 	
1.08386773547e-07 0 	0 	-73004.8041763 	
1.08967935872e-07 0 	0 	-72785.2595198 	
1.09549098196e-07 0 	0 	-72565.7148633 	
1.10130260521e-07 0 	0 	-72346.1702068 	
1.10711422846e-07 0 	0 	-72126.6255504 	
1.1129258517e-07 0 	0 	-71907.0808939 	
1.11873747495e-07 0 	0 	-71687.5362374 	
1.1245490982e-07 0 	0 	-71467.9915809 	
1.13036072144e-07 0 	0 	-71248.4469244 	
1.13617234469e-07 0 	0 	-70915.8115244 	
1.14198396794e-07 0 	0 	-70573.6327663 	
1.14779559118e-07 0 	0 	-70231.4540082 	
1.15360721443e-07 0 	0 	-69889.2752501 	
1.15941883768e-07 0 	0 	-69547.0964921 	
1.16523046092e-07 0 	0 	-69204.917734 	
1.17104208417e-07 0 	0 	-68862.7389759 	
1.17685370741e-07 0 	0 	-68520.5602178 	
1.18266533066e-07 0 	0 	-68178.3814597 	
1.18847695391e-07 0 	0 	-67836.2027016 	
1.19428857715e-07 0 	0 	-67494.0239435 	
1.2001002004e-07 0 	0 	-67120.2876739 	
1.20591182365e-07 0 	0 	-66621.2257605 	
1.21172344689e-07 0 	0 	-66122.1638471 	
1.21753507014e-07 0 	0 	-65623.1019336 	
1.22334669339e-07 0 	0 	-65124.0400202 	
1.22915831663e-07 0 	0 	-64624.9781068 	
1.23496993988e-07 0 	0 	-64125.9161934 	
1.24078156313e-07 0 	0 	-63626.8542799 	
1.24659318637e-07 0 	0 	-63127.7923665 	
1.25240480962e-07 0 	0 	-62628.7304531 	
1.25821643287e-07 0 	0 	-62129.6685397 	
1.26402805611e-07 0 	0 	-61630.6066262 	
1.26983967936e-07 0 	0 	-61105.4522632 	
1.27565130261e-07 0 	0 	-60478.685224 	
1.28146292585e-07 0 	0 	-59851.9181848 	
1.2872745491e-07 0 	0 	-59225.1511455 	
1.29308617234e-07 0 	0 	-58598.3841063 	
1.29889779559e-07 0 	0 	-57971.6170671 	
1.30470941884e-07 0 	0 	-57344.8500279 	
1.31052104208e-07 0 	0 	-56718.0829887 	
1.31633266533e-07 0 	0 	-56091.3159495 	
1.32214428858e-07 0 	0 	-55464.5489102 	
1.32795591182e-07 0 	0 	-54837.781871 	
1.33376753507e-07 0 	0 	-54211.0148318 	
1.33957915832e-07 0 	0 	-53584.2477926 	
1.34539078156e-07 0 	0 	-53101.0014505 	
1.35120240481e-07 0 	0 	-52629.3608712 	
1.35701402806e-07 0 	0 	-52157.7202918 	
1.3628256513e-07 0 	0 	-51686.0797125 	
1.36863727455e-07 0 	0 	-51214.4391331 	
1.3744488978e-07 0 	0 	-50742.7985538 	
1.38026052104e-07 0 	0 	-50271.1579745 	
1.38607214429e-07 0 	0 	-49799.5173951 	
1.39188376754e-07 0 	0 	-49327.8768158 	
1.39769539078e-07 0 	0 	-48856.2362364 	
1.40350701403e-07 0 	0 	-48384.5956571 	
1.40931863727e-07 0 	0 	-47912.9550777 	
1.41513026052e-07 0 	0 	-47510.3986432 	
1.42094188377e-07 0 	0 	-47232.210488 	
1.42675350701e-07 0 	0 	-46954.0223328 	
1.43256513026e-07 0 	0 	-46675.8341776 	
1.43837675351e-07 0 	0 	-46397.6460223 	
1.44418837675e-07 0 	0 	-46119.4578671 	
1.45e-07 0 	0 	-45841.2697119 	
