-1.45e-07 0.0120438419188 0.897332502926 1.11681709725
-1.44418837675e-07 0.0121885702679 0.902411815667 1.11054246138
-1.43837675351e-07 0.0123244879187 0.907275654247 1.10458242555
-1.43256513026e-07 0.0124494694276 0.911874630021 1.09901822055
-1.42675350701e-07 0.0125658341048 0.916260787625 1.09376248496
-1.42094188377e-07 0.012675035704 0.920467949559 1.08876153464
-1.41513026052e-07 0.0127775619809 0.924506968968 1.08399697363
-1.40931863727e-07 0.0128701830942 0.92829223018 1.07957998091
-1.40350701403e-07 0.0129567430174 0.931919540413 1.07537376849
-1.39769539078e-07 0.0130379895859 0.935407689213 1.07135185784
-1.39188376754e-07 0.0131116466881 0.938694822898 1.06759168491
-1.38607214429e-07 0.0131792090133 0.941818017606 1.06404009719
-1.38026052104e-07 0.0132426191491 0.944828921506 1.06063024885
-1.3744488978e-07 0.0132993128214 0.947656495793 1.05744865655
-1.36863727455e-07 0.0133510781332 0.950347665332 1.0544334909
-1.3628256513e-07 0.0133996532635 0.952950407044 1.05152598595
-1.35701402806e-07 0.0134412931741 0.955358659071 1.0488513435
-1.35120240481e-07 0.0134800180402 0.957684141315 1.04627408346
-1.34539078156e-07 0.0135148152512 0.95989810171 1.04382803393
-1.33957915832e-07 0.0135447152754 0.961971376077 1.04154485849
-1.33376753507e-07 0.0135727242187 0.963990201991 1.03932452936
-1.32795591182e-07 0.0135951343618 0.965846409175 1.03728969904
-1.32214428858e-07 0.0136157411116 0.967649694288 1.03531442742
-1.31633266533e-07 0.0136325770871 0.969342322904 1.03346368907
-1.31052104208e-07 0.0136466042659 0.97095172871 1.03170547349
-1.30470941884e-07 0.0136582582944 0.972490819622 1.03002543033
-1.29889779559e-07 0.0136664588029 0.973926665421 1.02845892118
-1.29308617234e-07 0.0136733070833 0.975322085522 1.02693686634
-1.2872745491e-07 0.0136763661237 0.976603281168 1.025539209
-1.28146292585e-07 0.0136787685243 0.977864682785 1.02416310858
-1.27565130261e-07 0.0136773060226 0.979008685959 1.02291378843
-1.26983967936e-07 0.0136756058522 0.98014546982 1.02167226452
-1.26402805611e-07 0.0136701792404 0.981168266807 1.02055295378
-1.25821643287e-07 0.0136647030998 0.982189548775 1.0194352674
-1.25240480962e-07 0.0136558104121 0.983105657335 1.01842967391
-1.24659318637e-07 0.0136468681255 0.984020239064 1.01742570771
-1.24078156313e-07 0.013634951362 0.984842731619 1.0165194259
-1.23496993988e-07 0.0136228359876 0.985659075221 1.01561966665
-1.22915831663e-07 0.0136082846941 0.986399620352 1.01480003089
-1.22334669339e-07 0.0135932726116 0.987125827117 1.01399555163
-1.21753507014e-07 0.0135764276235 0.987794747078 1.01325149234
-1.21172344689e-07 0.0135587786968 0.988438540228 1.01253393412
-1.20591182365e-07 0.0135399359942 0.989044882093 1.01185583723
-1.2001002004e-07 0.0135198938048 0.989613593505 1.01121739045
-1.19428857715e-07 0.0134993084262 0.990165211445 1.01059696055
-1.18847695391e-07 0.0134771005746 0.990665772232 1.01003034592
-1.18266533066e-07 0.0134548927231 0.991166333019 1.00946373129
-1.17685370741e-07 0.0134308290072 0.991608353205 1.00895892274
-1.17104208417e-07 0.0134066674779 0.992047288006 1.00845737168
-1.16523046092e-07 0.013381460766 0.99245319955 1.00799079261
-1.15941883768e-07 0.0133555423503 0.992836624329 1.00754802727
-1.15360721443e-07 0.0133293334406 0.993210862572 1.00711503444
-1.14779559118e-07 0.0133018402121 0.993544485718 1.00672524734
-1.14198396794e-07 0.0132743469837 0.993878108864 1.00633546024
-1.13617234469e-07 0.013245844564 0.994179814607 1.00597983112
-1.13036072144e-07 0.0132169444023 0.99446894108 1.00563766433
-1.1245490982e-07 0.0131878036254 0.994750463455 1.00530369758
-1.11873747495e-07 0.0131576507801 0.995000001716 1.00500422161
-1.1129258517e-07 0.0131274979348 0.995249539977 1.00470474564
-1.10711422846e-07 0.013096669941 0.995477777245 1.0044284547
-1.10130260521e-07 0.0130654056307 0.995692248686 1.00416714714
-1.09549098196e-07 0.0130341413204 0.995906720128 1.00390583958
-1.08967935872e-07 0.0130019317198 0.996091446291 1.00367726971
-1.08386773547e-07 0.01296968476 0.996274996879 1.00344999368
-1.07805611222e-07 0.0129372177057 0.996451647355 1.00323041154
-1.07224448898e-07 0.0129041051584 0.996608061187 1.00303339403
-1.06643286573e-07 0.0128709926112 0.996764475019 1.00283637652
-1.06062124248e-07 0.0128375132869 0.996909445682 1.00265231272
-1.05480961924e-07 0.0128036411268 0.997042160164 1.00248212296
-1.04899799599e-07 0.0127697689668 0.997174874645 1.0023119332
-1.04318637275e-07 0.0127354676913 0.997294282319 1.00215707002
-1.0373747495e-07 0.0127009314801 0.997406404671 1.00201059796
-1.03156312625e-07 0.0126663952689 0.997518527023 1.00186412591
-1.02575150301e-07 0.0126314295417 0.997617428999 1.00173318405
-1.01993987976e-07 0.0125963151074 0.997711753813 1.00160761906
-1.01412825651e-07 0.012561200673 0.997806078627 1.00148205408
-1.00831663327e-07 0.012525699562 0.997888607535 1.0013706582
-1.00250501002e-07 0.0124900836748 0.997967635098 1.0012634681
-9.96693386774e-08 0.0124544677877 0.998046662662 1.00115627799
-9.90881763527e-08 0.0124185359848 0.998116154189 1.00106083294
-9.85070140281e-08 0.0123824870267 0.99818210934 1.00096974346
-9.79258517034e-08 0.0123464380685 0.99824806449 1.00087865398
-9.73446893788e-08 0.0123101595979 0.998307176636 1.00079623191
-9.67635270541e-08 0.0122737382179 0.998362027882 1.00071920674
-9.61823647295e-08 0.0122373168379 0.998416879127 1.00064218157
-9.56012024048e-08 0.0122007584077 0.998467702005 1.00057042005
-9.50200400802e-08 0.012164018162 0.998513180712 1.00050564148
-9.44388777555e-08 0.0121272779162 0.998558659419 1.00044086292
-9.38577154309e-08 0.0120904919128 0.998602814939 1.00037787384
-9.32765531062e-08 0.0120534798822 0.998640434373 1.00032372423
-9.26953907816e-08 0.0120164678517 0.998678053807 1.00026957461
-9.21142284569e-08 0.0119794558211 0.998715673241 1.00021542499
-9.15330661323e-08 0.0119422523653 0.998747858889 1.0001689076
-9.09519038076e-08 0.011905009749 0.998778932929 1.00012395155
-9.0370741483e-08 0.0118677671327 0.998810006969 1.0000789955
-8.97895791583e-08 0.011830444021 0.998838843264 1.00003731529
-8.92084168337e-08 0.0117930067025 0.99886450464 1.00000028284
-8.8627254509e-08 0.0117555693839 0.998890166016 0.999963250387
-8.80460921844e-08 0.0117181320653 0.998915827393 0.999926217937
-8.74649298597e-08 0.0116805448436 0.99893741728 0.999895419114
-8.68837675351e-08 0.0116429439265 0.998958635191 0.999865189805
-8.63026052104e-08 0.0116053430095 0.998979853101 0.999834960496
-8.57214428858e-08 0.0115676960208 0.998999851289 0.999806690761
-8.51402805611e-08 0.0115299583337 0.99901744828 0.999782278727
-8.45591182365e-08 0.0114922206466 0.999035045272 0.999757866693
-8.39779559118e-08 0.0114544829595 0.999052642263 0.999733454659
-8.33967935872e-08 0.0114166686997 0.999068267491 0.999712376367
-8.28156312625e-08 0.0113788172671 0.999082935516 0.999692916456
-8.22344689379e-08 0.0113409658346 0.999097603542 0.999673456546
-8.16533066132e-08 0.011303114402 0.999112271567 0.999653996635
-8.10721442886e-08 0.0112651760964 0.999124767513 0.999638409929
-8.04909819639e-08 0.0112272305767 0.999137083083 0.999623144864
-7.99098196393e-08 0.0111892850569 0.999149398653 0.999607879799
-7.93286573146e-08 0.011151332942 0.999161554256 0.999592915859
-7.874749499e-08 0.0111133100304 0.999171992637 0.99958118444
-7.81663326653e-08 0.0110752871187 0.999182431018 0.999569453022
-7.75851703407e-08 0.0110372642071 0.999192869399 0.999557721604
-7.7004008016e-08 0.010999231372 0.999203074162 0.999546453944
-7.64228456914e-08 0.0109611451709 0.999212022575 0.999537680288
-7.58416833667e-08 0.0109230589697 0.999220970987 0.999528906631
-7.52605210421e-08 0.0108849727685 0.999229919399 0.999520132974
-7.46793587174e-08 0.0108468795745 0.999238707601 0.99951169336
-7.40981963928e-08 0.0108087419295 0.999246477405 0.999505377137
-7.35170340681e-08 0.0107706042845 0.999254247208 0.999499060914
-7.29358717435e-08 0.0107324666395 0.999262017012 0.999492744691
-7.23547094188e-08 0.0106943281446 0.999269767753 0.999486469864
-7.17735470942e-08 0.0106561489489 0.999276605607 0.999482177511
-7.11923847695e-08 0.0106179697532 0.999283443461 0.999477885158
-7.06112224449e-08 0.0105797905575 0.999290281314 0.999473592805
-7.00300601202e-08 0.0105416113618 0.999297119168 0.999469300452
-6.94488977956e-08 0.0105034052254 0.999303359124 0.999466340877
-6.88677354709e-08 0.0104651926928 0.999309457129 0.999463697725
-6.82865731463e-08 0.0104269801602 0.999315555134 0.999461054573
-6.77054108216e-08 0.0103887676276 0.99932165314 0.999458411421
-6.7124248497e-08 0.0103505419031 0.999327456522 0.999456427097
-6.65430861723e-08 0.0103123028114 0.999332961362 0.999455110364
-6.59619238477e-08 0.0102740637197 0.999338466201 0.999453793632
-6.5380761523e-08 0.0102358246279 0.999343971041 0.999452476899
-6.47995991984e-08 0.0101975837762 0.999349435342 0.999451248104
-6.42184368737e-08 0.0101593236829 0.999354456448 0.999450980688
-6.36372745491e-08 0.0101210635896 0.999359477553 0.999450713272
-6.30561122244e-08 0.0100828034964 0.999364498659 0.999450445856
-6.24749498998e-08 0.0100445434031 0.999369519765 0.99945017844
-6.18937875752e-08 0.0100062739677 0.999374311587 0.999450371724
-6.13126252505e-08 0.00996799740011 0.999378928365 0.999450916725
-6.07314629259e-08 0.00992972083253 0.999383545143 0.999451461726
-6.01503006012e-08 0.00989144426495 0.999388161922 0.999452006727
-5.95691382766e-08 0.00985316769737 0.9993927787 0.999452551728
-5.89879759519e-08 0.00981487903467 0.999397066358 0.999453673457
-5.84068136273e-08 0.00977658965525 0.999401334514 0.999454829361
-5.78256513026e-08 0.00973830027584 0.999405602671 0.999455985265
-5.7244488978e-08 0.00970001089642 0.999409870827 0.999457141169
-5.66633266533e-08 0.00966171942197 0.99941407294 0.999458390583
-5.60821643287e-08 0.0096234201724 0.999418029954 0.999459987031
-5.5501002004e-08 0.00958512092283 0.999421986968 0.999461583479
-5.49198396794e-08 0.00954682167326 0.999425943982 0.999463179927
-5.43386773547e-08 0.00950852242368 0.999429900996 0.999464776376
-5.37575150301e-08 0.00947022039634 0.999433751993 0.999466482681
-5.31763527054e-08 0.00943191362133 0.999437421788 0.999468376751
-5.25951903808e-08 0.00939360684631 0.999441091583 0.999470270822
-5.20140280561e-08 0.0093553000713 0.999444761378 0.999472164892
-5.14328657315e-08 0.00931699329628 0.999448431172 0.999474058962
-5.08517034068e-08 0.00927868418447 0.999451988515 0.999476026725
-5.02705410822e-08 0.00924037173775 0.999455385376 0.999478099656
-4.96893787575e-08 0.00920205929102 0.999458782236 0.999480172587
-4.91082164329e-08 0.0091637468443 0.999462179096 0.999482245518
-4.85270541082e-08 0.00912543439757 0.999465575956 0.999484318449
-4.79458917836e-08 0.00908712052376 0.999468883156 0.9994864189
-4.73647294589e-08 0.00904880385808 0.999472014952 0.999488573189
-4.67835671343e-08 0.0090104871924 0.999475146747 0.999490727478
-4.62024048096e-08 0.00897217052673 0.999478278542 0.999492881767
-4.5621242485e-08 0.00893385386105 0.999481410338 0.999495036056
-4.50400801603e-08 0.00889553674678 0.999484504255 0.999497190711
-4.44589178357e-08 0.0088572169898 0.999487375023 0.999499347522
-4.3877755511e-08 0.00881889723282 0.999490245792 0.999501504333
-4.32965931864e-08 0.00878057747584 0.999493116561 0.999503661144
-4.27154308617e-08 0.00874225771886 0.999495987329 0.999505817955
-4.21342685371e-08 0.00870393796188 0.999498858098 0.999507974766
-4.15531062124e-08 0.00866561635846 0.999501514104 0.999510081804
-4.09719438878e-08 0.00862729437624 0.999504126051 0.99951217863
-4.03907815631e-08 0.00858897239402 0.999506737998 0.999514275457
-3.98096192385e-08 0.00855065041179 0.999509349945 0.999516372283
-3.92284569138e-08 0.00851232842957 0.999511961892 0.99951846911
-3.86472945892e-08 0.00847400583684 0.999514473784 0.999520523771
-3.80661322645e-08 0.00843568228661 0.999516828752 0.999522512299
-3.74849699399e-08 0.00839735873638 0.999519183719 0.999524500828
-3.69038076152e-08 0.00835903518615 0.999521538687 0.999526489357
-3.63226452906e-08 0.00832071163591 0.999523893655 0.999528477885
-3.57414829659e-08 0.00828238808568 0.999526248623 0.999530466414
-3.51603206413e-08 0.00824406365208 0.999528394667 0.999532336407
-3.45791583166e-08 0.00820573902576 0.999530495134 0.999534180541
-3.3997995992e-08 0.00816741439944 0.999532595601 0.999536024674
-3.34168336673e-08 0.00812908977313 0.999534696067 0.999537868808
-3.28356713427e-08 0.00809076514681 0.999536796534 0.999539712942
-3.2254509018e-08 0.0080524404338 0.999538866542 0.999541536414
-3.16733466934e-08 0.00801411509361 0.999540716204 0.999543210416
-3.10921843687e-08 0.00797578975343 0.999542565865 0.999544884419
-3.05110220441e-08 0.00793746441324 0.999544415527 0.999546558421
-2.99298597194e-08 0.00789913907305 0.999546265189 0.999548232424
-2.93486973948e-08 0.00786081373286 0.99954811485 0.999549906426
-2.87675350701e-08 0.00782248826243 0.999549893792 0.999551526521
-2.81863727455e-08 0.00778416246979 0.99955149778 0.999553013255
-2.76052104208e-08 0.00774583667715 0.999553101768 0.999554499989
-2.70240480962e-08 0.0077075108845 0.999554705756 0.999555986724
-2.64428857715e-08 0.00766918509186 0.999556309744 0.999557473458
-2.58617234469e-08 0.00763085929922 0.999557913732 0.999558960192
-2.52805611222e-08 0.00759253342145 0.999559441893 0.999560384318
-2.46993987976e-08 0.00755420736026 0.999560806685 0.999561673556
-2.41182364729e-08 0.00751588129907 0.999562171477 0.999562962795
-2.35370741483e-08 0.00747755523788 0.999563536269 0.999564252033
-2.29559118236e-08 0.00743922917669 0.999564901061 0.999565541271
-2.2374749499e-08 0.0074009031155 0.999566265853 0.99956683051
-2.17935871743e-08 0.00736257702479 0.999567582991 0.999568078115
-2.12124248497e-08 0.00732425082007 0.999568716068 0.999569164912
-2.0631262525e-08 0.00728592461534 0.999569849144 0.999570251709
-2.00501002004e-08 0.00724759841062 0.999570982221 0.999571338506
-1.94689378758e-08 0.00720927220589 0.999572115297 0.999572425303
-1.88877755511e-08 0.00717094600117 0.999573248374 0.9995735121
-1.83066132265e-08 0.00713261979644 0.99957438145 0.999574598897
-1.77254509018e-08 0.00709429353218 0.999575301831 0.999575492099
-1.71442885772e-08 0.00705596726482 0.999576211134 0.999576375219
-1.65631262525e-08 0.00701764099746 0.999577120437 0.999577258338
-1.59819639279e-08 0.0069793147301 0.99957802974 0.999578141457
-1.54008016032e-08 0.00694098846274 0.999578939043 0.999579024577
-1.48196392786e-08 0.00690266219538 0.999579848347 0.999579907696
-1.42384769539e-08 0.00686433592026 0.999580639223 0.999580679697
-1.36573146293e-08 0.00682600963873 0.999581332476 0.999581360099
-1.30761523046e-08 0.00678768335721 0.999582025729 0.999582040501
-1.249498998e-08 0.00674935707569 0.999582718982 0.999582720903
-1.19138276553e-08 0.00671103079417 0.999583412235 0.999583401305
-1.13326653307e-08 0.00667270451265 0.999584105488 0.999584081707
-1.0751503006e-08 0.00663437823113 0.999584798741 0.999584762109
-1.01703406814e-08 0.00659605196074 0.99958528371 0.99958524249
-9.58917835671e-09 0.00655772569041 0.999585767662 0.999585721894
-9.00801603206e-09 0.00651939942008 0.999586251613 0.999586201298
-8.42685370741e-09 0.00648107314976 0.999586735565 0.999586680703
-7.84569138277e-09 0.00644274687943 0.999587219517 0.999587160107
-7.26452905812e-09 0.0064044206091 0.999587703469 0.999587639512
-6.68336673347e-09 0.00636609434481 0.999588128599 0.999588061369
-6.10220440882e-09 0.00632776809545 0.999588408264 0.999588340912
-5.52104208417e-09 0.0062894418461 0.99958868793 0.999588620456
-4.93987975952e-09 0.00625111559675 0.999588967596 0.999588899999
-4.35871743487e-09 0.00621278934739 0.999589247261 0.999589179543
-3.77755511022e-09 0.00617446309804 0.999589526927 0.999589459086
-3.19639278557e-09 0.00613613684869 0.999589806593 0.99958973863
-2.61523046092e-09 0.00609781060852 0.999590000965 0.999589933372
-2.03406813627e-09 0.00605948438091 0.99959007895 0.999590012397
-1.45290581162e-09 0.00602115815329 0.999590156934 0.999590091422
-8.71743486974e-10 0.00598283192568 0.999590234919 0.999590170447
-2.90581162324e-10 0.00594450569806 0.999590312903 0.999590249473
2.90581162325e-10 0.00590617947044 0.999590390887 0.999590328498
8.71743486974e-10 0.00586785324283 0.999590468872 0.999590407523
1.45290581162e-09 0.00582952702308 0.999590466807 0.999590405692
2.03406813627e-09 0.00579120081532 0.999590342819 0.999590280711
2.61523046092e-09 0.00575287460756 0.999590218832 0.99959015573
3.19639278557e-09 0.0057145483998 0.999590094844 0.999590030749
3.77755511022e-09 0.00567622219204 0.999589970857 0.999589905767
4.35871743487e-09 0.00563789598428 0.999589846869 0.999589780786
4.93987975952e-09 0.00559956977653 0.999589722882 0.999589655805
5.52104208417e-09 0.00556124357341 0.999589556923 0.999589487664
6.10220440882e-09 0.00552291738837 0.99958922762 0.999589151553
6.68336673347e-09 0.00548459120332 0.999588898318 0.999588815443
7.26452905812e-09 0.00544626501828 0.999588569015 0.999588479332
7.84569138277e-09 0.00540793883324 0.999588239713 0.999588143222
8.42685370742e-09 0.0053696126482 0.99958791041 0.999587807111
9.00801603206e-09 0.00533128646316 0.999587581108 0.999587471001
9.58917835671e-09 0.00529296027811 0.999587251805 0.99958713489
1.01703406814e-08 0.00525463412716 0.999586744275 0.999586611238
1.0751503006e-08 0.00521630798253 0.999586203622 0.999586052731
1.13326653307e-08 0.00517798183791 0.999585662968 0.999585494224
1.19138276553e-08 0.00513965569329 0.999585122315 0.999584935718
1.249498998e-08 0.00510132954866 0.999584581662 0.999584377211
1.30761523046e-08 0.00506300340404 0.999584041008 0.999583818704
1.36573146293e-08 0.00502467725942 0.999583500355 0.999583260197
1.42384769539e-08 0.00498635114214 0.999582892066 0.999582628183
1.48196392786e-08 0.00494802508606 0.999582132469 0.999581831725
1.54008016032e-08 0.00490969902998 0.999581372871 0.999581035266
1.59819639279e-08 0.0048713729739 0.999580613273 0.999580238807
1.65631262525e-08 0.00483304691782 0.999579853675 0.999579442348
1.71442885772e-08 0.00479472086173 0.999579094077 0.999578645889
1.77254509018e-08 0.00475639480565 0.99957833448 0.99957784943
1.83066132265e-08 0.00471806874957 0.999577574882 0.999577052971
1.88877755511e-08 0.00467974280855 0.99957668041 0.9995761027
1.94689378758e-08 0.00464141694511 0.999575694992 0.999575048713
2.00501002004e-08 0.00460309108168 0.999574709574 0.999573994726
2.06312625251e-08 0.00456476521824 0.999573724156 0.999572940739
2.12124248497e-08 0.0045264393548 0.999572738738 0.999571886752
2.17935871743e-08 0.00448811349136 0.99957175332 0.999570832765
2.2374749499e-08 0.00444978762793 0.999570767902 0.999569778778
2.29559118236e-08 0.00441146176449 0.999569782484 0.99956872479
2.35370741483e-08 0.0043731361799 0.999568636498 0.99956747333
2.41182364729e-08 0.00433481071247 0.999567423049 0.999566138898
2.46993987976e-08 0.00429648524503 0.999566209599 0.999564804467
2.52805611222e-08 0.0042581597776 0.99956499615 0.999563470036
2.58617234469e-08 0.00421983431016 0.9995637827 0.999562135604
2.64428857715e-08 0.00418150884273 0.999562569251 0.999560801173
2.70240480962e-08 0.0041431833753 0.999561355801 0.999559466741
2.76052104208e-08 0.00410485790786 0.999560142352 0.99955813231
2.81863727455e-08 0.00406653292367 0.999558791851 0.999556606699
2.87675350701e-08 0.00402820822906 0.999557359225 0.999554966526
2.93486973948e-08 0.00398988353445 0.999555926598 0.999553326352
2.99298597194e-08 0.00395155883984 0.999554493971 0.999551686178
3.05110220441e-08 0.00391323414522 0.999553061344 0.999550046005
3.10921843687e-08 0.00387490945061 0.999551628717 0.999548405831
3.16733466934e-08 0.003836584756 0.99955019609 0.999546765657
3.2254509018e-08 0.00379826006139 0.999548763464 0.999545125484
3.28356713427e-08 0.003759935884 0.999547263413 0.99954336679
3.34168336673e-08 0.00372161264087 0.999545641576 0.999541394018
3.3997995992e-08 0.00368328939773 0.999544019738 0.999539421245
3.45791583166e-08 0.0036449661546 0.999542397901 0.999537448473
3.51603206413e-08 0.00360664291147 0.999540776064 0.9995354757
3.57414829659e-08 0.00356831966834 0.999539154227 0.999533502928
3.63226452906e-08 0.0035299964252 0.999537532389 0.999531530156
3.69038076152e-08 0.00349167318207 0.999535910552 0.999529557383
3.74849699399e-08 0.00345334993894 0.999534288715 0.999527584611
3.80661322645e-08 0.00341502906675 0.999532557438 0.999525289269
3.86472945892e-08 0.00337670847921 0.999530813023 0.999522955201
3.92284569138e-08 0.00333838789167 0.999529068608 0.999520621133
3.98096192385e-08 0.00330006730412 0.999527324192 0.999518287065
4.03907815631e-08 0.00326174671658 0.999525579777 0.999515952998
4.09719438878e-08 0.00322342612904 0.999523835361 0.99951361893
4.15531062124e-08 0.00318510554149 0.999522090946 0.999511284862
4.21342685371e-08 0.00314678495395 0.99952034653 0.999508950794
4.27154308617e-08 0.00310846546584 0.999518603213 0.999506525762
4.32965931864e-08 0.00307014965577 0.99951686357 0.999503796416
4.3877755511e-08 0.0030318338457 0.999515123926 0.99950106707
4.44589178357e-08 0.00299351803563 0.999513384283 0.999498337723
4.50400801603e-08 0.00295520222556 0.999511644639 0.999495608377
4.5621242485e-08 0.00291688641549 0.999509904995 0.999492879031
4.62024048096e-08 0.00287857060542 0.999508165352 0.999490149685
4.67835671343e-08 0.00284025479535 0.999506425708 0.999487420339
4.73647294589e-08 0.00280193898528 0.999504686065 0.999484690993
4.79458917836e-08 0.00276362626985 0.999503030185 0.999481799739
4.85270541082e-08 0.00272531897085 0.999501520914 0.999478625103
4.91082164329e-08 0.00268701167186 0.999500011643 0.999475450467
4.96893787575e-08 0.00264870437286 0.999498502372 0.99947227583
5.02705410822e-08 0.00261039707387 0.999496993102 0.999469101194
5.08517034068e-08 0.00257208977487 0.999495483831 0.999465926558
5.14328657315e-08 0.00253378247588 0.99949397456 0.999462751922
5.20140280561e-08 0.00249547517688 0.999492465289 0.999459577286
5.25951903808e-08 0.00245716787789 0.999490956018 0.99945640265
5.31763527054e-08 0.00241886493277 0.99948962378 0.999453073008
5.37575150301e-08 0.0023805727286 0.999488728277 0.999449360968
5.43386773547e-08 0.00234228052443 0.999487832775 0.999445648928
5.49198396794e-08 0.00230398832026 0.999486937273 0.999441936888
5.5501002004e-08 0.0022656961161 0.99948604177 0.999438224848
5.60821643287e-08 0.00222740391193 0.999485146268 0.999434512808
5.66633266533e-08 0.00218911170776 0.999484250766 0.999430800768
5.7244488978e-08 0.00215081950359 0.999483355263 0.999427088728
5.78256513026e-08 0.00211252729942 0.999482459761 0.999423376688
5.84068136273e-08 0.00207423509525 0.999481564258 0.999419664648
5.89879759519e-08 0.00203596964372 0.999481919977 0.999415224419
5.95691382766e-08 0.00199770419964 0.999482276044 0.999410783987
6.01503006012e-08 0.00195943875556 0.999482632112 0.999406343555
6.07314629259e-08 0.00192117331149 0.999482988179 0.999401903123
6.13126252505e-08 0.00188290786741 0.999483344246 0.999397462691
6.18937875752e-08 0.00184464242333 0.999483700314 0.999393022259
6.24749498998e-08 0.00180637697926 0.999484056381 0.999388581827
6.30561122244e-08 0.00176811153518 0.999484412448 0.999384141395
6.36372745491e-08 0.0017298460911 0.999484768516 0.999379700963
6.42184368737e-08 0.00169160407102 0.999486259478 0.999374701688
6.47995991984e-08 0.00165338619464 0.999488920205 0.999369126401
6.5380761523e-08 0.00161516831826 0.999491580932 0.999363551114
6.59619238477e-08 0.00157695044188 0.999494241659 0.999357975826
6.65430861723e-08 0.0015387325655 0.999496902386 0.999352400539
6.7124248497e-08 0.00150051468912 0.999499563113 0.999346825251
6.77054108216e-08 0.00146229681274 0.99950222384 0.999341249964
6.82865731463e-08 0.00142407893636 0.999504884568 0.999335674677
6.88677354709e-08 0.00138586105998 0.999507545295 0.999330099389
6.94488977956e-08 0.0013476431836 0.999510206022 0.999324524102
7.00300601202e-08 0.00130949001679 0.999515949346 0.999317434895
7.06112224449e-08 0.00127135712443 0.999522658493 0.999309871356
7.11923847695e-08 0.00123322423208 0.99952936764 0.999302307816
7.17735470942e-08 0.00119509133973 0.999536076787 0.999294744276
7.23547094188e-08 0.00115695844738 0.999542785934 0.999287180737
7.29358717435e-08 0.00111882555503 0.999549495082 0.999279617197
7.35170340681e-08 0.00108069266267 0.999556204229 0.999272053657
7.40981963928e-08 0.00104255977032 0.999562913376 0.999264490118
7.46793587174e-08 0.00100442687797 0.999569622523 0.999256926578
7.52605210421e-08 0.000966293985617 0.99957633167 0.999249363038
7.58416833667e-08 0.000928283618906 0.999588624546 0.999238802957
7.64228456914e-08 0.000890303606726 0.999602300737 0.999227500512
7.7004008016e-08 0.000852323594545 0.999615976927 0.999216198067
7.75851703407e-08 0.000814343582365 0.999629653117 0.999204895622
7.81663326653e-08 0.000776363570185 0.999643329307 0.999193593177
7.874749499e-08 0.000738383558004 0.999657005497 0.999182290732
7.93286573146e-08 0.000700403545824 0.999670681688 0.999170988287
7.99098196393e-08 0.000662423533643 0.999684357878 0.999159685842
8.04909819639e-08 0.000624443521463 0.999698034068 0.999148383397
8.10721442886e-08 0.000586463509282 0.999711710258 0.999137080952
8.16533066132e-08 0.000548651841599 0.999732631063 0.999121375215
8.22344689379e-08 0.000510949123603 0.999758240458 0.999102819742
8.28156312625e-08 0.000473246405608 0.999783849854 0.999084264269
8.33967935872e-08 0.000435543687613 0.999809459249 0.999065708796
8.39779559118e-08 0.000397840969617 0.999835068645 0.999047153323
8.45591182365e-08 0.000360138251622 0.99986067804 0.99902859785
8.51402805611e-08 0.000322435533627 0.999886287436 0.999010042377
8.57214428858e-08 0.000284732815631 0.999911896831 0.998991486903
8.63026052104e-08 0.000247030097636 0.999937506227 0.99897293143
8.68837675351e-08 0.00020932737964 0.999963115622 0.998954375957
8.74649298597e-08 0.000171712407551 0.999992278135 0.998933368058
8.80460921844e-08 0.000134517296768 1.0000384422 0.998900625377
8.8627254509e-08 9.73221859863e-05 1.00008460627 0.998867882697
8.92084168337e-08 6.01270752041e-05 1.00013077033 0.998835140016
8.97895791583e-08 2.29319644219e-05 1.0001769344 0.998802397336
9.0370741483e-08 -1.42631463604e-05 1.00022309847 0.998769654655
9.09519038076e-08 -5.14582571426e-05 1.00026926253 0.998736911975
9.15330661323e-08 -8.86533679248e-05 1.0003154266 0.998704169294
9.21142284569e-08 -0.000125848478707 1.00036159066 0.998671426614
9.26953907816e-08 -0.000163043589489 1.00040775473 0.998638683933
9.32765531062e-08 -0.000200238700271 1.0004539188 0.998605941253
9.38577154309e-08 -0.000236971078415 1.0005177609 0.998559538866
9.44388777555e-08 -0.000273227770576 1.00059977591 0.998499094396
9.50200400802e-08 -0.000309484462737 1.00068179091 0.998438649925
9.56012024048e-08 -0.000345741154898 1.00076380592 0.998378205454
9.61823647295e-08 -0.000381997847058 1.00084582092 0.998317760983
9.67635270541e-08 -0.000418254539219 1.00092783593 0.998257316513
9.73446893788e-08 -0.00045451123138 1.00100985094 0.998196872042
9.79258517034e-08 -0.000490767923541 1.00109186594 0.998136427571
9.85070140281e-08 -0.000527024615702 1.00117388095 0.9980759831
9.90881763527e-08 -0.000563281307863 1.00125589595 0.99801553863
9.96693386774e-08 -0.000599538000023 1.00133791096 0.997955094159
1.00250501002e-07 -0.000634809602595 1.0014556663 0.997864402068
1.00831663327e-07 -0.000669313556929 1.00160127291 0.997750138993
1.01412825651e-07 -0.000703817511263 1.00174687953 0.997635875917
1.01993987976e-07 -0.000738321465597 1.00189248614 0.997521612842
1.02575150301e-07 -0.000772825419931 1.00203809275 0.997407349766
1.03156312625e-07 -0.000807329374265 1.00218369937 0.997293086691
1.0373747495e-07 -0.000841833328599 1.00232930598 0.997178823615
1.04318637275e-07 -0.000876337282933 1.00247491259 0.99706456054
1.04899799599e-07 -0.000910841237267 1.00262051921 0.996950297464
1.05480961924e-07 -0.000945345191601 1.00276612582 0.996836034389
1.06062124248e-07 -0.000979849145935 1.00291173244 0.996721771313
1.06643286573e-07 -0.00101311677897 1.00310031492 0.996568645454
1.07224448898e-07 -0.00104431276679 1.00336091004 0.996350399062
1.07805611222e-07 -0.00107550875461 1.00362150517 0.996132152671
1.08386773547e-07 -0.00110670474242 1.00388210029 0.99591390628
1.08967935872e-07 -0.00113790073024 1.00414269541 0.995695659888
1.09549098196e-07 -0.00116909671806 1.00440329053 0.995477413497
1.10130260521e-07 -0.00120029270588 1.00466388565 0.995259167106
1.10711422846e-07 -0.0012314886937 1.00492448078 0.995040920714
1.1129258517e-07 -0.00126268468152 1.0051850759 0.994822674323
1.11873747495e-07 -0.00129388066933 1.00544567102 0.994604427932
1.1245490982e-07 -0.00132507665715 1.00570626614 0.99438618154
1.13036072144e-07 -0.00135627264497 1.00596686127 0.994167935149
1.13617234469e-07 -0.00138165120494 1.00642318816 0.99376545091
1.14198396794e-07 -0.00140653885119 1.00689603222 0.993347419441
1.14779559118e-07 -0.00143142649744 1.00736887628 0.992929387973
1.15360721443e-07 -0.0014563141437 1.00784172034 0.992511356504
1.15941883768e-07 -0.00148120178995 1.00831456439 0.992093325036
1.16523046092e-07 -0.0015060894362 1.00878740845 0.991675293567
1.17104208417e-07 -0.00153097708245 1.00926025251 0.991257262099
1.17685370741e-07 -0.00155586472871 1.00973309657 0.99083923063
1.18266533066e-07 -0.00158075237496 1.01020594063 0.990421199162
1.18847695391e-07 -0.00160564002121 1.01067878469 0.990003167693
1.19428857715e-07 -0.00163052766746 1.01115162874 0.989585136225
1.2001002004e-07 -0.00165297070043 1.01170503671 0.989090437169
1.20591182365e-07 -0.00166570534008 1.01257839145 0.988291264969
1.21172344689e-07 -0.00167843997974 1.01345174619 0.987492092769
1.21753507014e-07 -0.00169117461939 1.01432510093 0.986692920569
1.22334669339e-07 -0.00170390925905 1.01519845567 0.985893748369
1.22915831663e-07 -0.0017166438987 1.0160718104 0.985094576169
1.23496993988e-07 -0.00172937853836 1.01694516514 0.984295403969
1.24078156313e-07 -0.00174211317802 1.01781851988 0.983496231769
1.24659318637e-07 -0.00175484781767 1.01869187462 0.982697059569
1.25240480962e-07 -0.00176758245733 1.01956522936 0.981897887369
1.25821643287e-07 -0.00178031709698 1.02043858409 0.98109871517
1.26402805611e-07 -0.00179305173664 1.02131193883 0.98029954297
1.26983967936e-07 -0.00180095583869 1.02234370422 0.979353587549
1.27565130261e-07 -0.0017900482209 1.02399237334 0.977836009451
1.28146292585e-07 -0.00177914060311 1.02564104247 0.976318431353
1.2872745491e-07 -0.00176823298531 1.0272897116 0.974800853255
1.29308617234e-07 -0.00175732536752 1.02893838072 0.973283275158
1.29889779559e-07 -0.00174641774973 1.03058704985 0.97176569706
1.30470941884e-07 -0.00173551013193 1.03223571897 0.970248118962
1.31052104208e-07 -0.00172460251414 1.0338843881 0.968730540865
1.31633266533e-07 -0.00171369489635 1.03553305722 0.967212962767
1.32214428858e-07 -0.00170278727855 1.03718172635 0.965695384669
1.32795591182e-07 -0.00169187966076 1.03883039548 0.964177806571
1.33376753507e-07 -0.00168097204297 1.0404790646 0.962660228474
1.33957915832e-07 -0.00167006442517 1.04212773373 0.961142650376
1.34539078156e-07 -0.00161621221631 1.04521342273 0.958402050418
1.35120240481e-07 -0.00155888730459 1.04841531596 0.955562551124
1.35701402806e-07 -0.00150156239287 1.05161720919 0.952723051831
1.3628256513e-07 -0.00144423748115 1.05481910242 0.949883552538
1.36863727455e-07 -0.00138691256943 1.05802099565 0.947044053244
1.3744488978e-07 -0.00132958765771 1.06122288887 0.944204553951
1.38026052104e-07 -0.00127226274599 1.0644247821 0.941365054658
1.38607214429e-07 -0.00121493783427 1.06762667533 0.938525555364
1.39188376754e-07 -0.00115761292254 1.07082856856 0.935686056071
1.39769539078e-07 -0.00110028801082 1.07403046179 0.932846556778
1.40350701403e-07 -0.0010429630991 1.07723235502 0.930007057484
1.40931863727e-07 -0.000985638187382 1.08043424825 0.927167558191
1.41513026052e-07 -0.000895486542236 1.08476590328 0.923468915929
1.42094188377e-07 -0.000746238785196 1.09113140461 0.918223607164
1.42675350701e-07 -0.000596991028157 1.09749690593 0.912978298399
1.43256513026e-07 -0.000447743271118 1.10386240726 0.907732989633
1.43837675351e-07 -0.000298495514078 1.11022790858 0.902487680868
1.44418837675e-07 -0.000149247757039 1.11659340991 0.897242372103
1.45e-07 0 1.12295891123 0.891997063338
