-1.45e-07 0 	0 	-256809.08065 	
-1.44418837675e-07 0 	0 	-240223.310331 	
-1.43837675351e-07 0 	0 	-224078.194077 	
-1.43256513026e-07 0 	0 	-208932.008556 	
-1.42675350701e-07 0 	0 	-194573.693201 	
-1.42094188377e-07 0 	0 	-180870.763511 	
-1.41513026052e-07 0 	0 	-167778.875947 	
-1.40931863727e-07 0 	0 	-155594.655249 	
-1.40350701403e-07 0 	0 	-143966.51517 	
-1.39769539078e-07 0 	0 	-132826.031433 	
-1.39188376754e-07 0 	0 	-122382.69892 	
-1.38607214429e-07 0 	0 	-112499.933813 	
-1.38026052104e-07 0 	0 	-102999.250358 	
-1.3744488978e-07 0 	0 	-94117.1260215 	
-1.36863727455e-07 0 	0 	-85689.4954857 	
-1.3628256513e-07 0 	0 	-77556.1093304 	
-1.35701402806e-07 0 	0 	-70063.1698298 	
-1.35120240481e-07 0 	0 	-62839.803108 	
-1.34539078156e-07 0 	0 	-55979.6517192 	
-1.33957915832e-07 0 	0 	-49573.0186749 	
-1.33376753507e-07 0 	0 	-43341.5658443 	
-1.32795591182e-07 0 	0 	-37629.3531934 	
-1.32214428858e-07 0 	0 	-32084.6331161 	
-1.31633266533e-07 0 	0 	-26890.1287657 	
-1.31052104208e-07 0 	0 	-21956.8782295 	
-1.30470941884e-07 0 	0 	-17244.3608628 	
-1.29889779559e-07 0 	0 	-12853.5399078 	
-1.29308617234e-07 0 	0 	-8588.6794123 	
-1.2872745491e-07 0 	0 	-4677.31277986 	
-1.28146292585e-07 0 	0 	-827.203321318 	
-1.27565130261e-07 0 	0 	2661.8150294 	
-1.26983967936e-07 0 	0 	6128.62840579 	
-1.26402805611e-07 0 	0 	9246.76462298 	
-1.25821643287e-07 0 	0 	12360.2665107 	
-1.25240480962e-07 0 	0 	15153.6067035 	
-1.24659318637e-07 0 	0 	17942.2990238 	
-1.24078156313e-07 0 	0 	20451.8353803 	
-1.23496993988e-07 0 	0 	22942.73201 	
-1.22915831663e-07 0 	0 	25204.6712982 	
-1.22334669339e-07 0 	0 	27423.300027 	
-1.21753507014e-07 0 	0 	29469.3893139 	
-1.21172344689e-07 0 	0 	31439.8003349 	
-1.20591182365e-07 0 	0 	33297.6657562 	
-1.2001002004e-07 0 	0 	35042.4471525 	
-1.19428857715e-07 0 	0 	36735.9406312 	
-1.18847695391e-07 0 	0 	38276.2402332 	
-1.18266533066e-07 0 	0 	39816.5398353 	
-1.17685370741e-07 0 	0 	41181.3424734 	
-1.17104208417e-07 0 	0 	42536.8955349 	
-1.16523046092e-07 0 	0 	43793.4620458 	
-1.15941883768e-07 0 	0 	44982.6249302 	
-1.15360721443e-07 0 	0 	46144.233913 	
-1.14779559118e-07 0 	0 	47184.0228224 	
-1.14198396794e-07 0 	0 	48223.8117319 	
-1.13617234469e-07 0 	0 	49167.7304418 	
-1.13036072144e-07 0 	0 	50073.8648403 	
-1.1245490982e-07 0 	0 	50957.1063788 	
-1.11873747495e-07 0 	0 	51744.0567108 	
-1.1129258517e-07 0 	0 	52531.0070428 	
-1.10711422846e-07 0 	0 	53253.6225494 	
-1.10130260521e-07 0 	0 	53934.6614947 	
-1.09549098196e-07 0 	0 	54615.7004399 	
-1.08967935872e-07 0 	0 	55206.5228508 	
-1.08386773547e-07 0 	0 	55793.7797772 	
-1.07805611222e-07 0 	0 	56359.998444 	
-1.07224448898e-07 0 	0 	56864.5161243 	
-1.06643286573e-07 0 	0 	57369.0338046 	
-1.06062124248e-07 0 	0 	57838.4367516 	
-1.05480961924e-07 0 	0 	58270.230136 	
-1.04899799599e-07 0 	0 	58702.0235203 	
-1.04318637275e-07 0 	0 	59092.6681942 	
-1.0373747495e-07 0 	0 	59460.7844273 	
-1.03156312625e-07 0 	0 	59828.9006605 	
-1.02575150301e-07 0 	0 	60155.7627558 	
-1.01993987976e-07 0 	0 	60468.3418301 	
-1.01412825651e-07 0 	0 	60780.9209043 	
-1.00831663327e-07 0 	0 	61056.298902 	
-1.00250501002e-07 0 	0 	61320.6346123 	
-9.96693386774e-08 0 	0 	61584.9703226 	
-9.90881763527e-08 0 	0 	61818.8611208 	
-9.85070140281e-08 0 	0 	62041.4616209 	
-9.79258517034e-08 0 	0 	62264.062121 	
-9.73446893788e-08 0 	0 	62464.5058625 	
-9.67635270541e-08 0 	0 	62651.1533651 	
-9.61823647295e-08 0 	0 	62837.8008677 	
-9.56012024048e-08 0 	0 	63011.1938977 	
-9.50200400802e-08 0 	0 	63167.0030926 	
-9.44388777555e-08 0 	0 	63322.8122875 	
-9.38577154309e-08 0 	0 	63474.1878424 	
-9.32765531062e-08 0 	0 	63603.662751 	
-9.26953907816e-08 0 	0 	63733.1376596 	
-9.21142284569e-08 0 	0 	63862.6125682 	
-9.15330661323e-08 0 	0 	63973.5031123 	
-9.09519038076e-08 0 	0 	64080.5917885 	
-9.0370741483e-08 0 	0 	64187.6804648 	
-8.97895791583e-08 0 	0 	64286.9380927 	
-8.92084168337e-08 0 	0 	64375.0850105 	
-8.8627254509e-08 0 	0 	64463.2319283 	
-8.80460921844e-08 0 	0 	64551.3788461 	
-8.74649298597e-08 0 	0 	64624.910096 	
-8.68837675351e-08 0 	0 	64697.1060365 	
-8.63026052104e-08 0 	0 	64769.301977 	
-8.57214428858e-08 0 	0 	64836.9952279 	
-8.51402805611e-08 0 	0 	64895.8242925 	
-8.45591182365e-08 0 	0 	64954.6533572 	
-8.39779559118e-08 0 	0 	65013.4824219 	
-8.33967935872e-08 0 	0 	65064.8085125 	
-8.28156312625e-08 0 	0 	65112.492244 	
-8.22344689379e-08 0 	0 	65160.1759754 	
-8.16533066132e-08 0 	0 	65207.8597069 	
-8.10721442886e-08 0 	0 	65247.0071 	
-8.04909819639e-08 0 	0 	65285.4456113 	
-7.99098196393e-08 0 	0 	65323.8841225 	
-7.93286573146e-08 0 	0 	65361.6725546 	
-7.874749499e-08 0 	0 	65392.4825063 	
-7.81663326653e-08 0 	0 	65423.2924581 	
-7.75851703407e-08 0 	0 	65454.1024098 	
-7.7004008016e-08 0 	0 	65483.9307648 	
-7.64228456914e-08 0 	0 	65508.480289 	
-7.58416833667e-08 0 	0 	65533.0298133 	
-7.52605210421e-08 0 	0 	65557.5793376 	
-7.46793587174e-08 0 	0 	65581.4343979 	
-7.40981963928e-08 0 	0 	65600.874996 	
-7.35170340681e-08 0 	0 	65620.3155941 	
-7.29358717435e-08 0 	0 	65639.7561922 	
-7.23547094188e-08 0 	0 	65659.1120043 	
-7.17735470942e-08 0 	0 	65674.407417 	
-7.11923847695e-08 0 	0 	65689.7028298 	
-7.06112224449e-08 0 	0 	65704.9982425 	
-7.00300601202e-08 0 	0 	65720.2936553 	
-6.94488977956e-08 0 	0 	65732.8873145 	
-6.88677354709e-08 0 	0 	65744.8395325 	
-6.82865731463e-08 0 	0 	65756.7917506 	
-6.77054108216e-08 0 	0 	65768.7439687 	
-6.7124248497e-08 0 	0 	65779.3651842 	
-6.65430861723e-08 0 	0 	65788.6376915 	
-6.59619238477e-08 0 	0 	65797.9101987 	
-6.5380761523e-08 0 	0 	65807.1827059 	
-6.47995991984e-08 0 	0 	65816.276363 	
-6.42184368737e-08 0 	0 	65823.4147435 	
-6.36372745491e-08 0 	0 	65830.553124 	
-6.30561122244e-08 0 	0 	65837.6915046 	
-6.24749498998e-08 0 	0 	65844.8298851 	
-6.18937875752e-08 0 	0 	65851.0109226 	
-6.13126252505e-08 0 	0 	65856.4610863 	
-6.07314629259e-08 0 	0 	65861.9112499 	
-6.01503006012e-08 0 	0 	65867.3614136 	
-5.95691382766e-08 0 	0 	65872.8115772 	
-5.89879759519e-08 0 	0 	65877.0098433 	
-5.84068136273e-08 0 	0 	65881.1339269 	
-5.78256513026e-08 0 	0 	65885.2580105 	
-5.7244488978e-08 0 	0 	65889.3820941 	
-5.66633266533e-08 0 	0 	65893.2867229 	
-5.60821643287e-08 0 	0 	65896.3769094 	
-5.5501002004e-08 0 	0 	65899.4670958 	
-5.49198396794e-08 0 	0 	65902.5572823 	
-5.43386773547e-08 0 	0 	65905.6474688 	
-5.37575150301e-08 0 	0 	65908.4424662 	
-5.31763527054e-08 0 	0 	65910.7329355 	
-5.25951903808e-08 0 	0 	65913.0234047 	
-5.20140280561e-08 0 	0 	65915.3138739 	
-5.14328657315e-08 0 	0 	65917.6043432 	
-5.08517034068e-08 0 	0 	65919.6421137 	
-5.02705410822e-08 0 	0 	65921.3192511 	
-4.96893787575e-08 0 	0 	65922.9963885 	
-4.91082164329e-08 0 	0 	65924.6735259 	
-4.85270541082e-08 0 	0 	65926.3506633 	
-4.79458917836e-08 0 	0 	65927.8701555 	
-4.73647294589e-08 0 	0 	65929.0812411 	
-4.67835671343e-08 0 	0 	65930.2923267 	
-4.62024048096e-08 0 	0 	65931.5034123 	
-4.5621242485e-08 0 	0 	65932.7144979 	
-4.50400801603e-08 0 	0 	65933.8747145 	
-4.44589178357e-08 0 	0 	65934.7352536 	
-4.3877755511e-08 0 	0 	65935.5957928 	
-4.32965931864e-08 0 	0 	65936.4563319 	
-4.27154308617e-08 0 	0 	65937.3168711 	
-4.21342685371e-08 0 	0 	65938.1774102 	
-4.15531062124e-08 0 	0 	65938.821648 	
-4.09719438878e-08 0 	0 	65939.4215109 	
-4.03907815631e-08 0 	0 	65940.0213738 	
-3.98096192385e-08 0 	0 	65940.6212366 	
-3.92284569138e-08 0 	0 	65941.2210995 	
-3.86472945892e-08 0 	0 	65941.7464638 	
-3.80661322645e-08 0 	0 	65942.1549864 	
-3.74849699399e-08 0 	0 	65942.5635089 	
-3.69038076152e-08 0 	0 	65942.9720314 	
-3.63226452906e-08 0 	0 	65943.380554 	
-3.57414829659e-08 0 	0 	65943.7890765 	
-3.51603206413e-08 0 	0 	65944.0840457 	
-3.45791583166e-08 0 	0 	65944.3542426 	
-3.3997995992e-08 0 	0 	65944.6244395 	
-3.34168336673e-08 0 	0 	65944.8946365 	
-3.28356713427e-08 0 	0 	65945.1648334 	
-3.2254509018e-08 0 	0 	65945.4231062 	
-3.16733466934e-08 0 	0 	65945.5951175 	
-3.10921843687e-08 0 	0 	65945.7671289 	
-3.05110220441e-08 0 	0 	65945.9391402 	
-2.99298597194e-08 0 	0 	65946.1111515 	
-2.93486973948e-08 0 	0 	65946.2831629 	
-2.87675350701e-08 0 	0 	65946.4355646 	
-2.81863727455e-08 0 	0 	65946.5394542 	
-2.76052104208e-08 0 	0 	65946.6433439 	
-2.70240480962e-08 0 	0 	65946.7472336 	
-2.64428857715e-08 0 	0 	65946.8511232 	
-2.58617234469e-08 0 	0 	65946.9550129 	
-2.52805611222e-08 0 	0 	65947.044359 	
-2.46993987976e-08 0 	0 	65947.1023713 	
-2.41182364729e-08 0 	0 	65947.1603836 	
-2.35370741483e-08 0 	0 	65947.2183959 	
-2.29559118236e-08 0 	0 	65947.2764082 	
-2.2374749499e-08 0 	0 	65947.3344205 	
-2.17935871743e-08 0 	0 	65947.3863341 	
-2.12124248497e-08 0 	0 	65947.4146912 	
-2.0631262525e-08 0 	0 	65947.4430482 	
-2.00501002004e-08 0 	0 	65947.4714053 	
-1.94689378758e-08 0 	0 	65947.4997624 	
-1.88877755511e-08 0 	0 	65947.5281194 	
-1.83066132265e-08 0 	0 	65947.5564765 	
-1.77254509018e-08 0 	0 	65947.5676893 	
-1.71442885772e-08 0 	0 	65947.5780093 	
-1.65631262525e-08 0 	0 	65947.5883292 	
-1.59819639279e-08 0 	0 	65947.5986491 	
-1.54008016032e-08 0 	0 	65947.6089691 	
-1.48196392786e-08 0 	0 	65947.619289 	
-1.42384769539e-08 0 	0 	65947.6241657 	
-1.36573146293e-08 0 	0 	65947.6245555 	
-1.30761523046e-08 0 	0 	65947.6249452 	
-1.249498998e-08 0 	0 	65947.6253349 	
-1.19138276553e-08 0 	0 	65947.6257246 	
-1.13326653307e-08 0 	0 	65947.6261144 	
-1.0751503006e-08 0 	0 	65947.6265041 	
-1.01703406814e-08 0 	0 	65947.6223998 	
-9.58917835671e-09 0 	0 	65947.6182736 	
-9.00801603206e-09 0 	0 	65947.6141473 	
-8.42685370741e-09 0 	0 	65947.6100211 	
-7.84569138277e-09 0 	0 	65947.6058949 	
-7.26452905812e-09 0 	0 	65947.6017686 	
-6.68336673347e-09 0 	0 	65947.5972892 	
-6.10220440882e-09 0 	0 	65947.5919363 	
-5.52104208417e-09 0 	0 	65947.5865834 	
-4.93987975952e-09 0 	0 	65947.5812305 	
-4.35871743487e-09 0 	0 	65947.5758775 	
-3.77755511022e-09 0 	0 	65947.5705246 	
-3.19639278557e-09 0 	0 	65947.5651717 	
-2.61523046092e-09 0 	0 	65947.5599288 	
-2.03406813627e-09 0 	0 	65947.5548359 	
-1.45290581162e-09 0 	0 	65947.549743 	
-8.71743486974e-10 0 	0 	65947.5446502 	
-2.90581162324e-10 0 	0 	65947.5395573 	
2.90581162325e-10 0 	0 	65947.5344644 	
8.71743486974e-10 0 	0 	65947.5293716 	
1.45290581162e-09 0 	0 	65947.5242787 	
2.03406813627e-09 0 	0 	65947.5191858 	
2.61523046092e-09 0 	0 	65947.5140928 	
3.19639278557e-09 0 	0 	65947.5089999 	
3.77755511022e-09 0 	0 	65947.503907 	
4.35871743487e-09 0 	0 	65947.498814 	
4.93987975952e-09 0 	0 	65947.4937211 	
5.52104208417e-09 0 	0 	65947.4881608 	
6.10220440882e-09 0 	0 	65947.4807817 	
6.68336673347e-09 0 	0 	65947.4734025 	
7.26452905812e-09 0 	0 	65947.4660234 	
7.84569138277e-09 0 	0 	65947.4586442 	
8.42685370742e-09 0 	0 	65947.4512651 	
9.00801603206e-09 0 	0 	65947.4438859 	
9.58917835671e-09 0 	0 	65947.4365068 	
1.01703406814e-08 0 	0 	65947.4229322 	
1.0751503006e-08 0 	0 	65947.4082063 	
1.13326653307e-08 0 	0 	65947.3934804 	
1.19138276553e-08 0 	0 	65947.3787544 	
1.249498998e-08 0 	0 	65947.3640285 	
1.30761523046e-08 0 	0 	65947.3493025 	
1.36573146293e-08 0 	0 	65947.3345766 	
1.42384769539e-08 0 	0 	65947.3147089 	
1.48196392786e-08 0 	0 	65947.2833386 	
1.54008016032e-08 0 	0 	65947.2519682 	
1.59819639279e-08 0 	0 	65947.2205978 	
1.65631262525e-08 0 	0 	65947.1892275 	
1.71442885772e-08 0 	0 	65947.1578571 	
1.77254509018e-08 0 	0 	65947.1264868 	
1.83066132265e-08 0 	0 	65947.0951164 	
1.88877755511e-08 0 	0 	65947.0441607 	
1.94689378758e-08 0 	0 	65946.9799984 	
2.00501002004e-08 0 	0 	65946.915836 	
2.06312625251e-08 0 	0 	65946.8516737 	
2.12124248497e-08 0 	0 	65946.7875114 	
2.17935871743e-08 0 	0 	65946.7233491 	
2.2374749499e-08 0 	0 	65946.6591868 	
2.29559118236e-08 0 	0 	65946.5950245 	
2.35370741483e-08 0 	0 	65946.4883952 	
2.41182364729e-08 0 	0 	65946.363923 	
2.46993987976e-08 0 	0 	65946.2394509 	
2.52805611222e-08 0 	0 	65946.1149787 	
2.58617234469e-08 0 	0 	65945.9905065 	
2.64428857715e-08 0 	0 	65945.8660343 	
2.70240480962e-08 0 	0 	65945.7415621 	
2.76052104208e-08 0 	0 	65945.61709 	
2.81863727455e-08 0 	0 	65945.4257388 	
2.87675350701e-08 0 	0 	65945.194311 	
2.93486973948e-08 0 	0 	65944.9628831 	
2.99298597194e-08 0 	0 	65944.7314553 	
3.05110220441e-08 0 	0 	65944.5000275 	
3.10921843687e-08 0 	0 	65944.2685997 	
3.16733466934e-08 0 	0 	65944.0371719 	
3.2254509018e-08 0 	0 	65943.805744 	
3.28356713427e-08 0 	0 	65943.5080118 	
3.34168336673e-08 0 	0 	65943.0905151 	
3.3997995992e-08 0 	0 	65942.6730184 	
3.45791583166e-08 0 	0 	65942.2555217 	
3.51603206413e-08 0 	0 	65941.838025 	
3.57414829659e-08 0 	0 	65941.4205284 	
3.63226452906e-08 0 	0 	65941.0030317 	
3.69038076152e-08 0 	0 	65940.585535 	
3.74849699399e-08 0 	0 	65940.1680383 	
3.80661322645e-08 0 	0 	65939.4641924 	
3.86472945892e-08 0 	0 	65938.725969 	
3.92284569138e-08 0 	0 	65937.9877456 	
3.98096192385e-08 0 	0 	65937.2495222 	
4.03907815631e-08 0 	0 	65936.5112988 	
4.09719438878e-08 0 	0 	65935.7730753 	
4.15531062124e-08 0 	0 	65935.0348519 	
4.21342685371e-08 0 	0 	65934.2966285 	
4.27154308617e-08 0 	0 	65933.4315578 	
4.32965931864e-08 0 	0 	65932.1421314 	
4.3877755511e-08 0 	0 	65930.852705 	
4.44589178357e-08 0 	0 	65929.5632786 	
4.50400801603e-08 0 	0 	65928.2738523 	
4.5621242485e-08 0 	0 	65926.9844259 	
4.62024048096e-08 0 	0 	65925.6949995 	
4.67835671343e-08 0 	0 	65924.4055731 	
4.73647294589e-08 0 	0 	65923.1161467 	
4.79458917836e-08 0 	0 	65921.4818586 	
4.85270541082e-08 0 	0 	65919.2439695 	
4.91082164329e-08 0 	0 	65917.0060804 	
4.96893787575e-08 0 	0 	65914.7681914 	
5.02705410822e-08 0 	0 	65912.5303023 	
5.08517034068e-08 0 	0 	65910.2924132 	
5.14328657315e-08 0 	0 	65908.0545241 	
5.20140280561e-08 0 	0 	65905.8166351 	
5.25951903808e-08 0 	0 	65903.578746 	
5.31763527054e-08 0 	0 	65900.8681631 	
5.37575150301e-08 0 	0 	65896.9914517 	
5.43386773547e-08 0 	0 	65893.1147403 	
5.49198396794e-08 0 	0 	65889.2380289 	
5.5501002004e-08 0 	0 	65885.3613175 	
5.60821643287e-08 0 	0 	65881.4846061 	
5.66633266533e-08 0 	0 	65877.6078947 	
5.7244488978e-08 0 	0 	65873.7311834 	
5.78256513026e-08 0 	0 	65869.854472 	
5.84068136273e-08 0 	0 	65865.9777606 	
5.89879759519e-08 0 	0 	65859.2523945 	
5.95691382766e-08 0 	0 	65852.5262347 	
6.01503006012e-08 0 	0 	65845.8000748 	
6.07314629259e-08 0 	0 	65839.0739149 	
6.13126252505e-08 0 	0 	65832.3477551 	
6.18937875752e-08 0 	0 	65825.6215952 	
6.24749498998e-08 0 	0 	65818.8954353 	
6.30561122244e-08 0 	0 	65812.1692754 	
6.36372745491e-08 0 	0 	65805.4431156 	
6.42184368737e-08 0 	0 	65796.2581774 	
6.47995991984e-08 0 	0 	65784.5389133 	
6.5380761523e-08 0 	0 	65772.8196493 	
6.59619238477e-08 0 	0 	65761.1003853 	
6.65430861723e-08 0 	0 	65749.3811213 	
6.7124248497e-08 0 	0 	65737.6618573 	
6.77054108216e-08 0 	0 	65725.9425933 	
6.82865731463e-08 0 	0 	65714.2233292 	
6.88677354709e-08 0 	0 	65702.5040652 	
6.94488977956e-08 0 	0 	65690.7848012 	
7.00300601202e-08 0 	0 	65672.3440102 	
7.06112224449e-08 0 	0 	65651.7972654 	
7.11923847695e-08 0 	0 	65631.2505205 	
7.17735470942e-08 0 	0 	65610.7037757 	
7.23547094188e-08 0 	0 	65590.1570308 	
7.29358717435e-08 0 	0 	65569.610286 	
7.35170340681e-08 0 	0 	65549.0635411 	
7.40981963928e-08 0 	0 	65528.5167963 	
7.46793587174e-08 0 	0 	65507.9700514 	
7.52605210421e-08 0 	0 	65487.4233066 	
7.58416833667e-08 0 	0 	65454.2477279 	
7.64228456914e-08 0 	0 	65417.9434791 	
7.7004008016e-08 0 	0 	65381.6392303 	
7.75851703407e-08 0 	0 	65345.3349815 	
7.81663326653e-08 0 	0 	65309.0307328 	
7.874749499e-08 0 	0 	65272.726484 	
7.93286573146e-08 0 	0 	65236.4222352 	
7.99098196393e-08 0 	0 	65200.1179864 	
8.04909819639e-08 0 	0 	65163.8137376 	
8.10721442886e-08 0 	0 	65127.5094889 	
8.16533066132e-08 0 	0 	65073.9551583 	
8.22344689379e-08 0 	0 	65009.236869 	
8.28156312625e-08 0 	0 	64944.5185797 	
8.33967935872e-08 0 	0 	64879.8002903 	
8.39779559118e-08 0 	0 	64815.082001 	
8.45591182365e-08 0 	0 	64750.3637117 	
8.51402805611e-08 0 	0 	64685.6454224 	
8.57214428858e-08 0 	0 	64620.927133 	
8.63026052104e-08 0 	0 	64556.2088437 	
8.68837675351e-08 0 	0 	64491.4905544 	
8.74649298597e-08 0 	0 	64417.8229908 	
8.80460921844e-08 0 	0 	64301.3334405 	
8.8627254509e-08 0 	0 	64184.8438903 	
8.92084168337e-08 0 	0 	64068.3543401 	
8.97895791583e-08 0 	0 	63951.8647899 	
9.0370741483e-08 0 	0 	63835.3752396 	
9.09519038076e-08 0 	0 	63718.8856894 	
9.15330661323e-08 0 	0 	63602.3961392 	
9.21142284569e-08 0 	0 	63485.906589 	
9.26953907816e-08 0 	0 	63369.4170387 	
9.32765531062e-08 0 	0 	63252.9274885 	
9.38577154309e-08 0 	0 	63089.4350102 	
9.44388777555e-08 0 	0 	62877.6238436 	
9.50200400802e-08 0 	0 	62665.8126771 	
9.56012024048e-08 0 	0 	62454.0015105 	
9.61823647295e-08 0 	0 	62242.190344 	
9.67635270541e-08 0 	0 	62030.3791774 	
9.73446893788e-08 0 	0 	61818.5680109 	
9.79258517034e-08 0 	0 	61606.7568443 	
9.85070140281e-08 0 	0 	61394.9456778 	
9.90881763527e-08 0 	0 	61183.1345112 	
9.96693386774e-08 0 	0 	60971.3233447 	
1.00250501002e-07 0 	0 	60659.841177 	
1.00831663327e-07 0 	0 	60270.6886439 	
1.01412825651e-07 0 	0 	59881.5361108 	
1.01993987976e-07 0 	0 	59492.3835777 	
1.02575150301e-07 0 	0 	59103.2310446 	
1.03156312625e-07 0 	0 	58714.0785115 	
1.0373747495e-07 0 	0 	58324.9259784 	
1.04318637275e-07 0 	0 	57935.7734453 	
1.04899799599e-07 0 	0 	57546.6209122 	
1.05480961924e-07 0 	0 	57157.4683791 	
1.06062124248e-07 0 	0 	56768.3158459 	
1.06643286573e-07 0 	0 	56254.5912674 	
1.07224448898e-07 0 	0 	55532.1271954 	
1.07805611222e-07 0 	0 	54809.6631235 	
1.08386773547e-07 0 	0 	54087.1990515 	
1.08967935872e-07 0 	0 	53364.7349795 	
1.09549098196e-07 0 	0 	52642.2709076 	
1.10130260521e-07 0 	0 	51919.8068356 	
1.10711422846e-07 0 	0 	51197.3427637 	
1.1129258517e-07 0 	0 	50474.8786917 	
1.11873747495e-07 0 	0 	49752.4146198 	
1.1245490982e-07 0 	0 	49029.9505478 	
1.13036072144e-07 0 	0 	48307.4864758 	
1.13617234469e-07 0 	0 	47001.621101 	
1.14198396794e-07 0 	0 	45646.5243977 	
1.14779559118e-07 0 	0 	44291.4276945 	
1.15360721443e-07 0 	0 	42936.3309913 	
1.15941883768e-07 0 	0 	41581.2342881 	
1.16523046092e-07 0 	0 	40226.1375849 	
1.17104208417e-07 0 	0 	38871.0408817 	
1.17685370741e-07 0 	0 	37515.9441785 	
1.18266533066e-07 0 	0 	36160.8474753 	
1.18847695391e-07 0 	0 	34805.750772 	
1.19428857715e-07 0 	0 	33450.6540688 	
1.2001002004e-07 0 	0 	31851.772807 	
1.20591182365e-07 0 	0 	29284.7398984 	
1.21172344689e-07 0 	0 	26717.7069899 	
1.21753507014e-07 0 	0 	24150.6740814 	
1.22334669339e-07 0 	0 	21583.6411729 	
1.22915831663e-07 0 	0 	19016.6082644 	
1.23496993988e-07 0 	0 	16449.5753559 	
1.24078156313e-07 0 	0 	13882.5424473 	
1.24659318637e-07 0 	0 	11315.5095388 	
1.25240480962e-07 0 	0 	8748.47663032 	
1.25821643287e-07 0 	0 	6181.4437218 	
1.26402805611e-07 0 	0 	3614.41081328 	
1.26983967936e-07 0 	0 	568.92007978 	
1.27565130261e-07 0 	0 	-4339.84453974 	
1.28146292585e-07 0 	0 	-9248.60915925 	
1.2872745491e-07 0 	0 	-14157.3737788 	
1.29308617234e-07 0 	0 	-19066.1383983 	
1.29889779559e-07 0 	0 	-23974.9030178 	
1.30470941884e-07 0 	0 	-28883.6676373 	
1.31052104208e-07 0 	0 	-33792.4322568 	
1.31633266533e-07 0 	0 	-38701.1968763 	
1.32214428858e-07 0 	0 	-43609.9614959 	
1.32795591182e-07 0 	0 	-48518.7261154 	
1.33376753507e-07 0 	0 	-53427.4907349 	
1.33957915832e-07 0 	0 	-58336.2553544 	
1.34539078156e-07 0 	0 	-67465.0490793 	
1.35120240481e-07 0 	0 	-76935.0943279 	
1.35701402806e-07 0 	0 	-86405.1395765 	
1.3628256513e-07 0 	0 	-95875.184825 	
1.36863727455e-07 0 	0 	-105345.230074 	
1.3744488978e-07 0 	0 	-114815.275322 	
1.38026052104e-07 0 	0 	-124285.320571 	
1.38607214429e-07 0 	0 	-133755.365819 	
1.39188376754e-07 0 	0 	-143225.411068 	
1.39769539078e-07 0 	0 	-152695.456316 	
1.40350701403e-07 0 	0 	-162165.501565 	
1.40931863727e-07 0 	0 	-171635.546814 	
1.41513026052e-07 0 	0 	-182166.359397 	
1.42094188377e-07 0 	0 	-194606.81143 	
1.42675350701e-07 0 	0 	-207047.263463 	
1.43256513026e-07 0 	0 	-219487.715496 	
1.43837675351e-07 0 	0 	-231928.167529 	
1.44418837675e-07 0 	0 	-244368.619562 	
1.45e-07 0 	0 	-256809.071595 	
