-1.45e-07 7.2015625651e-11 0.822368698675 1.21440461739
-1.44418837675e-07 0.000280958071916 0.831391405509 1.20126969258
-1.43837675351e-07 0.000546241710188 0.840018939417 1.18890192481
-1.43256513026e-07 0.0007921809572 0.848170945424 1.17749754512
-1.42675350701e-07 0.00102297532161 0.855939358226 1.16682993721
-1.42094188377e-07 0.00124122974713 0.863384522767 1.15676403654
-1.41513026052e-07 0.00144783015532 0.87052565727 1.14725200371
-1.40931863727e-07 0.00163724194224 0.877206990477 1.13854072103
-1.40350701403e-07 0.0018162025599 0.883601713271 1.13030672745
-1.39769539078e-07 0.00198601948527 0.889743866887 1.12248793498
-1.39188376754e-07 0.00214283351363 0.895521020448 1.11525194484
-1.38607214429e-07 0.00228927224691 0.901000504879 1.10847287809
-1.38026052104e-07 0.00242865921738 0.906276151859 1.10200251873
-1.3744488978e-07 0.00255668597281 0.911219153357 1.09602429039
-1.36863727455e-07 0.00267643065498 0.915914980809 1.09039937962
-1.3628256513e-07 0.00279081817224 0.920450606377 1.08500264588
-1.35701402806e-07 0.00289362663622 0.924634478969 1.08009288216
-1.35120240481e-07 0.00299159985986 0.928669023789 1.07538380147
-1.34539078156e-07 0.00308305820672 0.93250236826 1.07094511586
-1.33957915832e-07 0.00316644677164 0.93608265297 1.06683730744
-1.33376753507e-07 0.00324672330659 0.939565067489 1.06285681279
-1.32795591182e-07 0.00331783482717 0.942755982557 1.0592479283
-1.32214428858e-07 0.00338601389389 0.94585240311 1.05575673916
-1.31633266533e-07 0.00344806139645 0.948751241975 1.05251164309
-1.31052104208e-07 0.00350557217966 0.951502122968 1.04944695462
-1.30470941884e-07 0.00355924989177 0.954127994454 1.04653469242
-1.29889779559e-07 0.00360738719643 0.956571169381 1.04384092295
-1.29308617234e-07 0.00365335515059 0.958942809339 1.04123270446
-1.2872745491e-07 0.00369328547832 0.961113336201 1.03886082074
-1.28146292585e-07 0.00373216954196 0.963249012048 1.03652989162
-1.27565130261e-07 0.00376493767743 0.965179082051 1.03443678857
-1.26983967936e-07 0.00379732971938 0.967096508506 1.03235831043
-1.26402805611e-07 0.0038238657435 0.968815413307 1.03050623971
-1.25821643287e-07 0.00385032393426 0.970531679521 1.02865717821
-1.25240480962e-07 0.00387145057577 0.972065831431 1.02701322072
-1.24659318637e-07 0.00389249981776 0.97359733954 1.02537224077
-1.24078156313e-07 0.00390894005173 0.974970338407 1.02390781893
-1.23496993988e-07 0.00392507253427 0.976332753338 1.02245518619
-1.22915831663e-07 0.00393745733456 0.977565493427 1.02114561249
-1.22334669339e-07 0.0039491332071 0.978773703663 1.01986310047
-1.21753507014e-07 0.00395800936022 0.979884513646 1.01868715929
-1.21172344689e-07 0.00396565751637 0.980952602485 1.01755796161
-1.20591182365e-07 0.00397149540647 0.98195741165 1.01649752182
-1.2001002004e-07 0.00397551437007 0.982898638408 1.01550616888
-1.19428857715e-07 0.00397871564878 0.983811162375 1.01454582535
-1.18847695391e-07 0.00397947455269 0.98463795286 1.01367810503
-1.18266533066e-07 0.0039802334566 0.985464743345 1.01281038472
-1.17685370741e-07 0.00397821926045 0.986193837951 1.01204772931
-1.17104208417e-07 0.00397605890791 0.98691778349 1.01129061136
-1.16523046092e-07 0.00397234843826 0.987586949283 1.01059219967
-1.15941883768e-07 0.00396758243617 0.988218813508 1.00993376327
-1.15360721443e-07 0.00396238884162 0.988835527519 1.00929152282
-1.14779559118e-07 0.00395530479448 0.989385260084 1.00872088723
-1.14198396794e-07 0.00394822074734 0.989934992649 1.00815025164
-1.13617234469e-07 0.00393966250842 0.990432379517 1.00763548896
-1.13036072144e-07 0.00393052326184 0.990909135927 1.00714274688
-1.1245490982e-07 0.00392103523061 0.991373485953 1.00666323827
-1.11873747495e-07 0.00391008015273 0.991785652645 1.00623939185
-1.1129258517e-07 0.00389912507485 0.992197819337 1.00581554542
-1.10711422846e-07 0.00388719892349 0.992575396666 1.00542859831
-1.10130260521e-07 0.00387464521317 0.992930620523 1.0050654975
-1.09549098196e-07 0.00386209150284 0.993285844379 1.00470239668
-1.08967935872e-07 0.00384818882635 0.993592966909 1.00439065044
-1.08386773547e-07 0.00383423283682 0.993898188407 1.00408093381
-1.07805611222e-07 0.00381996525163 0.994192290019 1.00378310554
-1.07224448898e-07 0.003804783819 0.994453779238 1.0035201434
-1.06643286573e-07 0.00378960238637 0.994715268457 1.00325718126
-1.06062124248e-07 0.00377390585162 0.994958363873 1.0030139202
-1.05480961924e-07 0.0037576576178 0.995181758644 1.00279175995
-1.04899799599e-07 0.00374140938398 0.995405153414 1.0025695997
-1.04318637275e-07 0.00372456337785 0.995607191479 1.00237036307
-1.0373747495e-07 0.00370739009832 0.995797536996 1.00218367687
-1.03156312625e-07 0.00369021681879 0.995987882513 1.00199699066
-1.02575150301e-07 0.00367245010515 0.996157015874 1.00183312458
-1.01993987976e-07 0.00365447793257 0.996318805155 1.00167715928
-1.01412825651e-07 0.00363650575998 0.996480594436 1.00152119398
-1.00831663327e-07 0.00361800376194 0.996623433888 1.00138565913
-1.00250501002e-07 0.00359934449735 0.996760648518 1.00125618859
-9.96693386774e-08 0.00358068523276 0.996897863147 1.00112671806
-9.90881763527e-08 0.00356159672081 0.997019712072 1.0010138433
-9.85070140281e-08 0.00354234902526 0.997135862725 1.00090712299
-9.79258517034e-08 0.00352310132971 0.997252013379 1.00080040267
-9.73446893788e-08 0.00350354442407 0.99735708082 1.00070566529
-9.67635270541e-08 0.00348379498411 0.997455247131 1.00061838926
-9.61823647295e-08 0.00346404554415 0.997553413443 1.00053111323
-9.56012024048e-08 0.00344411304217 0.997645005056 1.00045094462
-9.50200400802e-08 0.00342393768385 0.997727874449 1.00038020497
-9.44388777555e-08 0.00340376232553 0.997810743841 1.00030946532
-9.38577154309e-08 0.00338352637534 0.997891430574 1.00024108074
-9.32765531062e-08 0.00336299112224 0.997961335722 1.00018432942
-9.26953907816e-08 0.00334245586914 0.998031240871 1.0001275781
-9.21142284569e-08 0.00332192061605 0.998101146019 1.00007082678
-9.15330661323e-08 0.00330113409132 0.998161960417 1.00002384193
-9.09519038076e-08 0.00328029616309 0.998220915089 0.999978855034
-9.0370741483e-08 0.00325945823485 0.998279869762 0.999933868139
-8.97895791583e-08 0.0032385155759 0.998335011961 0.999892945806
-8.92084168337e-08 0.00321742432474 0.998384745016 0.999857790281
-8.8627254509e-08 0.00319633307359 0.998434478071 0.999822634756
-8.80460921844e-08 0.00317524182244 0.998484211126 0.999787479231
-8.74649298597e-08 0.00315395726661 0.998526846929 0.999759799032
-8.68837675351e-08 0.00313265505017 0.998568834316 0.999732801791
-8.63026052104e-08 0.00311135283374 0.998610821703 0.99970580455
-8.57214428858e-08 0.00308999173726 0.998650621979 0.999681069846
-8.51402805611e-08 0.00306851472705 0.998686116616 0.999660789269
-8.45591182365e-08 0.00304703771684 0.998721611252 0.999640508693
-8.39779559118e-08 0.00302556070663 0.998757105889 0.999620228116
-8.33967935872e-08 0.00300398671317 0.9987889416 0.999603636866
-8.28156312625e-08 0.00298236563868 0.998819001066 0.99958883662
-8.22344689379e-08 0.00296074456418 0.998849060532 0.999574036373
-8.16533066132e-08 0.00293912348969 0.998879119997 0.999559236126
-8.10721442886e-08 0.00291739337409 0.99890498068 0.999548521914
-8.04909819639e-08 0.00289565420341 0.998930492683 0.999538147018
-7.99098196393e-08 0.00287391503272 0.998956004686 0.999527772121
-7.93286573146e-08 0.00285216765816 0.998981192323 0.999517698036
-7.874749499e-08 0.00283033221654 0.999002897945 0.999510853102
-7.81663326653e-08 0.00280849677493 0.999024603567 0.999504008169
-7.75851703407e-08 0.00278666133331 0.999046309188 0.999497163236
-7.7004008016e-08 0.00276481365708 0.9990675145 0.999490753323
-7.64228456914e-08 0.00274290018558 0.999086029244 0.999486682867
-7.58416833667e-08 0.00272098671408 0.999104543988 0.999482612411
-7.52605210421e-08 0.00269907324258 0.999123058733 0.999478541955
-7.46793587174e-08 0.00267715122483 0.999141208904 0.99947476255
-7.40981963928e-08 0.00265517488154 0.999157041611 0.999472833253
-7.35170340681e-08 0.00263319853826 0.999172874319 0.999470903956
-7.29358717435e-08 0.00261122219497 0.999188707027 0.999468974659
-7.23547094188e-08 0.00258924482182 0.999204493447 0.999467078377
-7.17735470942e-08 0.00256721812869 0.999218063148 0.999466763198
-7.11923847695e-08 0.00254519143556 0.99923163285 0.999466448018
-7.06112224449e-08 0.00252316474243 0.999245202552 0.999466132838
-7.00300601202e-08 0.0025011380493 0.999258772253 0.999465817659
-6.94488977956e-08 0.00247907897554 0.999270791225 0.999466455409
-6.88677354709e-08 0.00245701221409 0.999282442028 0.999467319401
-6.82865731463e-08 0.00243494545263 0.99929409283 0.999468183393
-6.77054108216e-08 0.00241287869117 0.999305743633 0.999469047385
-6.7124248497e-08 0.00239079619481 0.999316581502 0.999470320517
-6.65430861723e-08 0.00236869775421 0.999326595624 0.999472008232
-6.59619238477e-08 0.00234659931361 0.999336609745 0.999473695948
-6.5380761523e-08 0.00232450087301 0.999346623866 0.999475383663
-6.47995991984e-08 0.00230240034751 0.999356520237 0.99947711635
-6.42184368737e-08 0.00228027702877 0.9993651293 0.999479340691
-6.36372745491e-08 0.00225815371003 0.999373738363 0.999481565032
-6.30561122244e-08 0.0022360303913 0.999382347426 0.999483789373
-6.24749498998e-08 0.00221390707256 0.999390956489 0.999486013714
-6.18937875752e-08 0.00219177275183 0.999398876932 0.999488412737
-6.13126252505e-08 0.00216963003174 0.999406271654 0.999490945119
-6.07314629259e-08 0.00214748731164 0.999413666377 0.999493477501
-6.01503006012e-08 0.00212534459155 0.999421061099 0.999496009883
-5.95691382766e-08 0.00210320187145 0.999428455822 0.999498542265
-5.89879759519e-08 0.00208104497031 0.999434853321 0.999501196736
-5.84068136273e-08 0.00205888722886 0.999441191728 0.999503858441
-5.78256513026e-08 0.00203672948741 0.999447530135 0.999506520146
-5.7244488978e-08 0.00201457174596 0.999453868542 0.999509181851
-5.66633266533e-08 0.00199241155428 0.999460010796 0.999511842045
-5.60821643287e-08 0.00197024226934 0.999465425088 0.99951449663
-5.5501002004e-08 0.0019480729844 0.999470839379 0.999517151215
-5.49198396794e-08 0.00192590369945 0.99947625367 0.9995198058
-5.43386773547e-08 0.00190373441451 0.999481667961 0.999522460385
-5.37575150301e-08 0.00188156188044 0.9994867825 0.999525075129
-5.31763527054e-08 0.00185938379308 0.999491384711 0.999527621776
-5.25951903808e-08 0.00183720570571 0.999495986922 0.999530168424
-5.20140280561e-08 0.00181502761834 0.999500589133 0.999532715072
-5.14328657315e-08 0.00179284953097 0.999505191344 0.99953526172
-5.08517034068e-08 0.00177066870016 0.999509498709 0.999537734638
-5.02705410822e-08 0.0017484839541 0.999513385293 0.999540102336
-4.96893787575e-08 0.00172629920804 0.999517271877 0.999542470034
-4.91082164329e-08 0.00170411446197 0.999521158462 0.999544837732
-4.85270541082e-08 0.00168192971591 0.999525045046 0.999547205429
-4.79458917836e-08 0.00165974328006 0.999528718147 0.999549496933
-4.73647294589e-08 0.00163755353841 0.999531973607 0.999551639376
-4.67835671343e-08 0.00161536379675 0.999535229067 0.999553781819
-4.62024048096e-08 0.0015931740551 0.999538484526 0.999555924262
-4.5621242485e-08 0.00157098431345 0.999541739986 0.999558066705
-4.50400801603e-08 0.00154879403254 0.999544914796 0.999560172679
-4.44589178357e-08 0.00152660057477 0.999547614483 0.999562063808
-4.3877755511e-08 0.00150440711699 0.999550314171 0.999563954938
-4.32965931864e-08 0.00148221365922 0.999553013858 0.999565846067
-4.27154308617e-08 0.00146002020144 0.999555713545 0.999567737196
-4.21342685371e-08 0.00143782674367 0.999558413233 0.999569628326
-4.15531062124e-08 0.00141563101202 0.999560708422 0.999571302851
-4.09719438878e-08 0.00139343481387 0.999562920627 0.999572932939
-4.03907815631e-08 0.00137123861572 0.999565132832 0.999574563027
-3.98096192385e-08 0.00134904241757 0.999567345036 0.999576193114
-3.92284569138e-08 0.00132684621942 0.999569557241 0.999577823202
-3.86472945892e-08 0.00130464924142 0.999571604058 0.999579352885
-3.80661322645e-08 0.0012824510403 0.999573391484 0.999580725094
-3.74849699399e-08 0.00126025283918 0.99957517891 0.999582097302
-3.69038076152e-08 0.00123805463806 0.999576966337 0.999583469511
-3.63226452906e-08 0.00121585643695 0.999578753763 0.99958484172
-3.57414829659e-08 0.00119365823583 0.999580541189 0.999586213929
-3.51603206413e-08 0.00117145884366 0.999582027593 0.99958738513
-3.45791583166e-08 0.00114925919165 0.999583448328 0.999588512481
-3.3997995992e-08 0.00112705953964 0.999584869062 0.999589639832
-3.34168336673e-08 0.00110485988763 0.999586289797 0.999590767182
-3.28356713427e-08 0.00108266023563 0.999587710531 0.999591894533
-3.2254509018e-08 0.00106046045714 0.999589093293 0.9995929946
-3.16733466934e-08 0.00103825976365 0.999590201349 0.999593897289
-3.10921843687e-08 0.00101605907016 0.999591309405 0.999594799978
-3.05110220441e-08 0.000993858376675 0.999592417461 0.999595702667
-2.99298597194e-08 0.000971657683187 0.999593525517 0.999596605356
-2.93486973948e-08 0.000949456989699 0.999594633573 0.999597508045
-2.87675350701e-08 0.000927256082987 0.999595666055 0.999598353256
-2.81863727455e-08 0.000905054648781 0.999596511574 0.999599056273
-2.76052104208e-08 0.000882853214575 0.999597357093 0.99959975929
-2.70240480962e-08 0.000860651780368 0.999598202612 0.999600462307
-2.64428857715e-08 0.000838450346162 0.999599048131 0.999601165324
-2.58617234469e-08 0.000816248911956 0.99959989365 0.999601868342
-2.52805611222e-08 0.000794047312365 0.999600670586 0.999602516827
-2.46993987976e-08 0.000771845356456 0.999601299759 0.999603047826
-2.41182364729e-08 0.000749643400546 0.999601928933 0.999603578824
-2.35370741483e-08 0.000727441444637 0.999602558107 0.999604109823
-2.29559118236e-08 0.000705239488727 0.999603187281 0.999604640821
-2.2374749499e-08 0.000683037532818 0.999603816454 0.999605171819
-2.17935871743e-08 0.000660835502189 0.999604409762 0.999605673282
-2.12124248497e-08 0.000638633182954 0.999604864536 0.99960606066
-2.0631262525e-08 0.000616430863718 0.99960531931 0.999606448039
-2.00501002004e-08 0.000594228544483 0.999605774084 0.999606835417
-1.94689378758e-08 0.000572026225248 0.999606228858 0.999607222796
-1.88877755511e-08 0.000549823906013 0.999606683633 0.999607610175
-1.83066132265e-08 0.000527621586778 0.999607138407 0.999607997553
-1.77254509018e-08 0.00050541903073 0.999607462802 0.999608274464
-1.71442885772e-08 0.000483216462348 0.999607780408 0.999608545622
-1.65631262525e-08 0.000461013893967 0.999608098013 0.999608816779
-1.59819639279e-08 0.000438811325585 0.999608415618 0.999609087936
-1.54008016032e-08 0.000416608757204 0.999608733223 0.999609359094
-1.48196392786e-08 0.000394406188822 0.999609050829 0.999609630251
-1.42384769539e-08 0.00037220352923 0.999609310736 0.99960985129
-1.36573146293e-08 0.000350000794449 0.999609523082 0.999610031013
-1.30761523046e-08 0.000327798059669 0.999609735427 0.999610210736
-1.249498998e-08 0.000305595324889 0.999609947772 0.999610390459
-1.19138276553e-08 0.000283392590108 0.999610160118 0.999610570182
-1.13326653307e-08 0.000261189855328 0.999610372463 0.999610749906
-1.0751503006e-08 0.000238987120547 0.999610584808 0.999610929629
-1.01703406814e-08 0.000216784281161 0.999610718156 0.999611038923
-9.58917835671e-09 0.000194581441263 0.999610851117 0.999611147872
-9.00801603206e-09 0.000172378601366 0.999610984079 0.999611256822
-8.42685370741e-09 0.000150175761469 0.999611117041 0.999611365772
-7.84569138277e-09 0.000127972921572 0.999611250003 0.999611474722
-7.26452905812e-09 0.000105770081674 0.999611382964 0.999611583672
-6.68336673347e-09 8.35672252734e-05 0.999611498553 0.999611676585
-6.10220440882e-09 6.136432806e-05 0.99961157118 0.999611729837
-5.52104208417e-09 3.91614308467e-05 0.999611643807 0.99961178309
-4.93987975952e-09 1.69585336333e-05 0.999611716434 0.999611836343
-4.35871743487e-09 -5.24436358004e-06 0.999611789061 0.999611889596
-3.77755511022e-09 -2.74472607934e-05 0.999611861688 0.999611942849
-3.19639278557e-09 -4.96501580068e-05 0.999611934315 0.999611996101
-2.61523046092e-09 -7.18530620581e-05 0.999611986234 0.999612029204
-2.03406813627e-09 -9.40559754404e-05 0.999612009897 0.99961203481
-1.45290581162e-09 -0.000116258888823 0.99961203356 0.999612040415
-8.71743486974e-10 -0.000138461802205 0.999612057222 0.999612046021
-2.90581162324e-10 -0.000160664715587 0.999612080885 0.999612051627
2.90581162325e-10 -0.00018286762897 0.999612104548 0.999612057233
8.71743486974e-10 -0.000205070542352 0.999612128211 0.999612062839
1.45290581162e-09 -0.000227273445849 0.999612133583 0.999612049385
2.03406813627e-09 -0.000249476334288 0.999612111096 0.9996120069
2.61523046092e-09 -0.000271679222728 0.99961208861 0.999611964415
3.19639278557e-09 -0.000293882111168 0.999612066123 0.99961192193
3.77755511022e-09 -0.000316084999607 0.999612043637 0.999611879445
4.35871743487e-09 -0.000338287888047 0.99961202115 0.99961183696
4.93987975952e-09 -0.000360490776486 0.999611998664 0.999611794475
5.52104208417e-09 -0.000382693649866 0.999611965396 0.999611740017
6.10220440882e-09 -0.000404896464633 0.99961189017 0.99961163896
6.68336673347e-09 -0.000427099279401 0.999611814944 0.999611537903
7.26452905812e-09 -0.000449302094168 0.999611739719 0.999611436846
7.84569138277e-09 -0.000471504908936 0.999611664493 0.999611335789
8.42685370742e-09 -0.000493707723703 0.999611589267 0.999611234732
9.00801603206e-09 -0.000515910538471 0.999611514041 0.999611133675
9.58917835671e-09 -0.000538113353238 0.999611438816 0.999611032618
1.01703406814e-08 -0.000560316049484 0.99961130501 0.999610863458
1.0751503006e-08 -0.000582518723703 0.999611160318 0.999610681642
1.13326653307e-08 -0.000604721397921 0.999611015626 0.999610499826
1.19138276553e-08 -0.00062692407214 0.999610870934 0.99961031801
1.249498998e-08 -0.000649126746358 0.999610726242 0.999610136194
1.30761523046e-08 -0.000671329420577 0.99961058155 0.999609954378
1.36573146293e-08 -0.000693532094795 0.999610436858 0.999609772561
1.42384769539e-08 -0.000715734694275 0.99961026227 0.999609554751
1.48196392786e-08 -0.000737937126555 0.9996100208 0.999609256415
1.54008016032e-08 -0.000760139558836 0.99960977933 0.99960895808
1.59819639279e-08 -0.000782341991116 0.99960953786 0.999608659744
1.65631262525e-08 -0.000804544423396 0.99960929639 0.999608361409
1.71442885772e-08 -0.000826746855676 0.99960905492 0.999608063074
1.77254509018e-08 -0.000848949287957 0.99960881345 0.999607764738
1.83066132265e-08 -0.000871151720237 0.99960857198 0.999607466403
1.88877755511e-08 -0.000893353910612 0.999608250146 0.999607067719
1.94689378758e-08 -0.000915555937869 0.999607874123 0.999606601369
2.00501002004e-08 -0.000937757965127 0.9996074981 0.99960613502
2.06312625251e-08 -0.000959959992384 0.999607122076 0.99960566867
2.12124248497e-08 -0.000982162019641 0.999606746053 0.99960520232
2.17935871743e-08 -0.0010043640469 0.99960637003 0.999604735971
2.2374749499e-08 -0.00102656607416 0.999605994006 0.999604269621
2.29559118236e-08 -0.00104876810141 0.999605617983 0.999603803271
2.35370741483e-08 -0.00107096965234 0.999605114083 0.99960316942
2.41182364729e-08 -0.00109317100314 0.999604556453 0.999602465191
2.46993987976e-08 -0.00111537235393 0.999603998824 0.999601760963
2.52805611222e-08 -0.00113757370473 0.999603441195 0.999601056734
2.58617234469e-08 -0.00115977505552 0.999602883565 0.999600352505
2.64428857715e-08 -0.00118197640632 0.999602325936 0.999599648276
2.70240480962e-08 -0.00120417775711 0.999601768307 0.999598944048
2.76052104208e-08 -0.00122637910791 0.999601210678 0.999598239819
2.81863727455e-08 -0.00124857974731 0.999600506203 0.999597329524
2.87675350701e-08 -0.0012707799604 0.999599713731 0.999596295745
2.93486973948e-08 -0.0012929801735 0.99959892126 0.999595261966
2.99298597194e-08 -0.0013151803866 0.999598128789 0.999594228187
3.05110220441e-08 -0.00133738059969 0.999597336318 0.999593194408
3.10921843687e-08 -0.00135958081279 0.999596543847 0.999592160629
3.16733466934e-08 -0.00138178102589 0.999595751375 0.99959112685
3.2254509018e-08 -0.00140398123898 0.999594958904 0.999590093072
3.28356713427e-08 -0.00142618076349 0.999594063869 0.999588899677
3.34168336673e-08 -0.00144837904421 0.999592983573 0.999587417972
3.3997995992e-08 -0.00147057732492 0.999591903277 0.999585936267
3.45791583166e-08 -0.00149277560564 0.999590822982 0.999584454562
3.51603206413e-08 -0.00151497388636 0.999589742686 0.999582972857
3.57414829659e-08 -0.00153717216708 0.99958866239 0.999581491153
3.63226452906e-08 -0.00155937044779 0.999587582094 0.999580009448
3.69038076152e-08 -0.00158156872851 0.999586501799 0.999578527743
3.74849699399e-08 -0.00160376700923 0.999585421503 0.999577046038
3.80661322645e-08 -0.00162596232931 0.999584048072 0.999575028025
3.86472945892e-08 -0.00164815729395 0.999582639448 0.999572945626
3.92284569138e-08 -0.00167035225859 0.999581230825 0.999570863227
3.98096192385e-08 -0.00169254722324 0.999579822202 0.999568780827
4.03907815631e-08 -0.00171474218788 0.999578413578 0.999566698428
4.09719438878e-08 -0.00173693715252 0.999577004955 0.999564616029
4.15531062124e-08 -0.00175913211716 0.999575596331 0.99956253363
4.21342685371e-08 -0.0017813270818 0.999574187708 0.999560451231
4.27154308617e-08 -0.00180352072383 0.999572702195 0.999558184501
4.32965931864e-08 -0.00182570994116 0.999570959454 0.999555301108
4.3877755511e-08 -0.0018478991585 0.999569216714 0.999552417716
4.44589178357e-08 -0.00187008837584 0.999567473974 0.999549534324
4.50400801603e-08 -0.00189227759317 0.999565731234 0.999546650932
4.5621242485e-08 -0.00191446681051 0.999563988493 0.99954376754
4.62024048096e-08 -0.00193665602784 0.999562245753 0.999540884148
4.67835671343e-08 -0.00195884524518 0.999560503013 0.999538000756
4.73647294589e-08 -0.00198103446251 0.999558760273 0.999535117363
4.79458917836e-08 -0.00200322002346 0.999556920969 0.999531843928
4.85270541082e-08 -0.00202539918477 0.999554912653 0.999527887811
4.91082164329e-08 -0.00204757834607 0.999552904337 0.999523931694
4.96893787575e-08 -0.00206975750737 0.999550896021 0.999519975577
5.02705410822e-08 -0.00209193666867 0.999548887705 0.99951601946
5.08517034068e-08 -0.00211411582997 0.999546879389 0.999512063344
5.14328657315e-08 -0.00213629499127 0.999544871073 0.999508107227
5.20140280561e-08 -0.00215847415258 0.999542862757 0.99950415111
5.25951903808e-08 -0.00218065331388 0.999540854441 0.999500194993
5.31763527054e-08 -0.00220282735294 0.999538830955 0.999495817455
5.37575150301e-08 -0.00222498875551 0.999536770045 0.999490400277
5.43386773547e-08 -0.00224715015807 0.999534709134 0.999484983099
5.49198396794e-08 -0.00226931156064 0.999532648223 0.999479565921
5.5501002004e-08 -0.00229147296321 0.999530587313 0.999474148743
5.60821643287e-08 -0.00231363436577 0.999528526402 0.999468731565
5.66633266533e-08 -0.00233579576834 0.999526465492 0.999463314387
5.7244488978e-08 -0.00235795717091 0.999524404581 0.999457897209
5.78256513026e-08 -0.00238011857347 0.999522343671 0.999452480031
5.84068136273e-08 -0.00240227997604 0.99952028276 0.999447062853
5.89879759519e-08 -0.0024244097334 0.999518650921 0.9994395931
5.95691382766e-08 -0.00244653948195 0.999517019201 0.999432122774
6.01503006012e-08 -0.00246866923049 0.999515387481 0.999424652449
6.07314629259e-08 -0.00249079897903 0.999513755761 0.999417182123
6.13126252505e-08 -0.00251292872758 0.999512124041 0.999409711798
6.18937875752e-08 -0.00253505847612 0.999510492322 0.999402241472
6.24749498998e-08 -0.00255718822466 0.999508860602 0.999394771147
6.30561122244e-08 -0.00257931797321 0.999507228882 0.999387300822
6.36372745491e-08 -0.00260144772175 0.999505597162 0.999379830496
6.42184368737e-08 -0.00262354942085 0.999504655986 0.999370873614
6.47995991984e-08 -0.00264562220868 0.999504426572 0.999360384499
6.5380761523e-08 -0.00266769499651 0.999504197158 0.999349895384
6.59619238477e-08 -0.00268976778433 0.999503967743 0.999339406269
6.65430861723e-08 -0.00271184057216 0.999503738329 0.999328917154
6.7124248497e-08 -0.00273391335999 0.999503508914 0.999318428039
6.77054108216e-08 -0.00275598614781 0.9995032795 0.999307938924
6.82865731463e-08 -0.00277805893564 0.999503050086 0.999297449809
6.88677354709e-08 -0.00280013172346 0.999502820671 0.999286960694
6.94488977956e-08 -0.00282220451129 0.999502591257 0.999276471579
7.00300601202e-08 -0.00284419847819 0.999504851814 0.999262410994
7.06112224449e-08 -0.00286616774934 0.999507892515 0.999247231414
7.11923847695e-08 -0.00288813702048 0.999510933217 0.999232051835
7.17735470942e-08 -0.00291010629162 0.999513973919 0.999216872255
7.23547094188e-08 -0.00293207556277 0.99951701462 0.999201692675
7.29358717435e-08 -0.00295404483391 0.999520055322 0.999186513096
7.35170340681e-08 -0.00297601410505 0.999523096023 0.999171333516
7.40981963928e-08 -0.0029979833762 0.999526136725 0.999156153936
7.46793587174e-08 -0.00301995264734 0.999529177427 0.999140974356
7.52605210421e-08 -0.00304192191848 0.999532218128 0.999125794777
7.58416833667e-08 -0.0030637388544 0.99954068899 0.999104427147
7.64228456914e-08 -0.00308551805075 0.999550505121 0.999081526488
7.7004008016e-08 -0.0031072972471 0.999560321252 0.999058625829
7.75851703407e-08 -0.00312907644345 0.999570137383 0.999035725171
7.81663326653e-08 -0.0031508556398 0.999579953513 0.999012824512
7.874749499e-08 -0.00317263483615 0.999589769644 0.998989923853
7.93286573146e-08 -0.00319441403251 0.999599585775 0.998967023194
7.99098196393e-08 -0.00321619322886 0.999609401906 0.998944122536
8.04909819639e-08 -0.00323797242521 0.999619218037 0.998921221877
8.10721442886e-08 -0.00325975162156 0.999629034168 0.998898321218
8.16533066132e-08 -0.00328131663896 0.999646930849 0.998867287706
8.22344689379e-08 -0.0033027430434 0.999670057124 0.998830990751
8.28156312625e-08 -0.00332416944783 0.9996931834 0.998794693795
8.33967935872e-08 -0.00334559585227 0.999716309675 0.99875839684
8.39779559118e-08 -0.00336702225671 0.999739435951 0.998722099884
8.45591182365e-08 -0.00338844866114 0.999762562226 0.998685802929
8.51402805611e-08 -0.00340987506558 0.999785688501 0.998649505973
8.57214428858e-08 -0.00343130147002 0.999808814777 0.998613209018
8.63026052104e-08 -0.00345272787445 0.999831941052 0.998576912062
8.68837675351e-08 -0.00347415427889 0.999855067328 0.998540615107
8.74649298597e-08 -0.00349546621471 0.99988260686 0.998500125221
8.80460921844e-08 -0.00351623042195 0.999931263682 0.998439572302
8.8627254509e-08 -0.00353699462918 0.999979920505 0.998379019383
8.92084168337e-08 -0.00355775883642 1.00002857733 0.998318466464
8.97895791583e-08 -0.00357852304365 1.00007723415 0.998257913544
9.0370741483e-08 -0.00359928725089 1.00012589097 0.998197360625
9.09519038076e-08 -0.00362005145812 1.00017454779 0.998136807706
9.15330661323e-08 -0.00364081566535 1.00022320462 0.998076254787
9.21142284569e-08 -0.00366157987259 1.00027186144 0.998015701867
9.26953907816e-08 -0.00368234407982 1.00032051826 0.997955148948
9.32765531062e-08 -0.00370310828706 1.00036917508 0.997894596029
9.38577154309e-08 -0.00372325242018 1.00044179789 0.997811688163
9.44388777555e-08 -0.00374275912138 1.00053905757 0.997705799565
9.50200400802e-08 -0.00376226582257 1.00063631725 0.997599910967
9.56012024048e-08 -0.00378177252376 1.00073357692 0.997494022369
9.61823647295e-08 -0.00380127922495 1.0008308366 0.997388133771
9.67635270541e-08 -0.00382078592614 1.00092809628 0.997282245173
9.73446893788e-08 -0.00384029262733 1.00102535595 0.997176356575
9.79258517034e-08 -0.00385979932852 1.00112261563 0.997070467977
9.85070140281e-08 -0.00387930602972 1.0012198753 0.996964579379
9.90881763527e-08 -0.00389881273091 1.00131713498 0.996858690781
9.96693386774e-08 -0.0039183194321 1.00141439466 0.996752802183
1.00250501002e-07 -0.0039364678031 1.00156379918 0.996598213739
1.00831663327e-07 -0.00395355767162 1.0017538385 0.996405675089
1.01412825651e-07 -0.00397064754013 1.00194387781 0.99621313644
1.01993987976e-07 -0.00398773740865 1.00213391712 0.996020597791
1.02575150301e-07 -0.00400482727716 1.00232395643 0.995828059142
1.03156312625e-07 -0.00402191714568 1.00251399574 0.995635520493
1.0373747495e-07 -0.0040390070142 1.00270403505 0.995442981844
1.04318637275e-07 -0.00405609688271 1.00289407436 0.995250443195
1.04899799599e-07 -0.00407318675123 1.00308411367 0.995057904546
1.05480961924e-07 -0.00409027661975 1.00327415298 0.994865365897
1.06062124248e-07 -0.00410736648826 1.00346419229 0.994672827248
1.06643286573e-07 -0.00412269881217 1.00372108692 0.99441745324
1.07224448898e-07 -0.00413508610159 1.00409000786 0.99405678899
1.07805611222e-07 -0.00414747339101 1.0044589288 0.99369612474
1.08386773547e-07 -0.00415986068043 1.00482784973 0.993335460489
1.08967935872e-07 -0.00417224796985 1.00519677067 0.992974796239
1.09549098196e-07 -0.00418463525927 1.00556569161 0.992614131989
1.10130260521e-07 -0.00419702254869 1.00593461254 0.992253467738
1.10711422846e-07 -0.0042094098381 1.00630353348 0.991892803488
1.1129258517e-07 -0.00422179712752 1.00667245442 0.991532139238
1.11873747495e-07 -0.00423418441694 1.00704137535 0.991171474987
1.1245490982e-07 -0.00424657170636 1.00741029629 0.990810810737
1.13036072144e-07 -0.00425895899578 1.00777921723 0.990450146486
1.13617234469e-07 -0.0042628012285 1.00847131643 0.989785941398
1.14198396794e-07 -0.00426592237183 1.0091906876 0.989096121491
1.14779559118e-07 -0.00426904351517 1.00991005876 0.988406301584
1.15360721443e-07 -0.0042721646585 1.01062942993 0.987716481677
1.15941883768e-07 -0.00427528580183 1.01134880109 0.98702666177
1.16523046092e-07 -0.00427840694516 1.01206817225 0.986336841863
1.17104208417e-07 -0.00428152808849 1.01278754342 0.985647021957
1.17685370741e-07 -0.00428464923182 1.01350691458 0.98495720205
1.18266533066e-07 -0.00428777037515 1.01422628575 0.984267382143
1.18847695391e-07 -0.00429089151849 1.01494565691 0.983577562236
1.19428857715e-07 -0.00429401266182 1.01566502808 0.982887742329
1.2001002004e-07 -0.00429341358155 1.01652570297 0.982068008399
1.20591182365e-07 -0.00427804022426 1.01794754319 0.980732341566
1.21172344689e-07 -0.00426266686697 1.01936938341 0.979396674733
1.21753507014e-07 -0.00424729350967 1.02079122364 0.9780610079
1.22334669339e-07 -0.00423192015238 1.02221306386 0.976725341067
1.22915831663e-07 -0.00421654679509 1.02363490408 0.975389674234
1.23496993988e-07 -0.0042011734378 1.0250567443 0.974054007401
1.24078156313e-07 -0.00418580008051 1.02647858452 0.972718340568
1.24659318637e-07 -0.00417042672322 1.02790042474 0.971382673735
1.25240480962e-07 -0.00415505336592 1.02932226496 0.970047006902
1.25821643287e-07 -0.00413968000863 1.03074410518 0.968711340069
1.26402805611e-07 -0.00412430665134 1.0321659454 0.967375673236
1.26983967936e-07 -0.0041012916761 1.03388537044 0.965783331075
1.27565130261e-07 -0.0040485176993 1.03676368971 0.963191409824
1.28146292585e-07 -0.0039957437225 1.03964200898 0.960599488574
1.2872745491e-07 -0.0039429697457 1.04252032825 0.958007567323
1.29308617234e-07 -0.00389019576889 1.04539864752 0.955415646072
1.29889779559e-07 -0.00383742179209 1.04827696679 0.952823724822
1.30470941884e-07 -0.00378464781529 1.05115528607 0.950231803571
1.31052104208e-07 -0.00373187383848 1.05403360534 0.94763988232
1.31633266533e-07 -0.00367909986168 1.05691192461 0.94504796107
1.32214428858e-07 -0.00362632588488 1.05979024388 0.942456039819
1.32795591182e-07 -0.00357355190808 1.06266856315 0.939864118568
1.33376753507e-07 -0.00352077793127 1.06554688243 0.937272197318
1.33957915832e-07 -0.00346800395447 1.0684252017 0.934680276067
1.34539078156e-07 -0.00334429847053 1.07425469513 0.929895262852
1.35120240481e-07 -0.00321485712926 1.08032283447 0.924932905842
1.35701402806e-07 -0.00308541578798 1.08639097381 0.919970548832
1.3628256513e-07 -0.00295597444671 1.09245911315 0.915008191822
1.36863727455e-07 -0.00282653310543 1.09852725249 0.910045834812
1.3744488978e-07 -0.00269709176416 1.10459539183 0.905083477803
1.38026052104e-07 -0.00256765042289 1.11066353117 0.900121120793
1.38607214429e-07 -0.00243820908161 1.11673167051 0.895158763783
1.39188376754e-07 -0.00230876774034 1.12279980985 0.890196406773
1.39769539078e-07 -0.00217932639907 1.1288679492 0.885234049763
1.40350701403e-07 -0.00204988505779 1.13493608854 0.880271692753
1.40931863727e-07 -0.00192044371652 1.14100422788 0.875309335743
1.41513026052e-07 -0.0017340208531 1.14964239474 0.868758250452
1.42094188377e-07 -0.00144501737759 1.16290723682 0.859347067476
1.42675350701e-07 -0.00115601390207 1.1761720789 0.8499358845
1.43256513026e-07 -0.000867010426552 1.18943692098 0.840524701524
1.43837675351e-07 -0.000578006951035 1.20270176306 0.831113518547
1.44418837675e-07 -0.000289003475517 1.21596660514 0.821702335571
1.45e-07 0 1.22923144722 0.812291152595
