-1.45e-07 0.0226206763652 1.03402819179 0.969191694395
-1.44418837675e-07 0.0225496967458 1.03124119128 0.971812262262
-1.43837675351e-07 0.0224812510544 1.02865198039 0.974254391431
-1.43256513026e-07 0.0224158280909 1.02630321555 0.97648104262
-1.42675350701e-07 0.0223526783142 1.02413775218 0.978541666231
-1.42094188377e-07 0.0222913617135 1.02212152173 0.980466281286
-1.41513026052e-07 0.0222317170859 1.02024234279 0.982265446002
-1.40931863727e-07 0.0221744338839 1.01855999182 0.98388281507
-1.40350701403e-07 0.0221185180669 1.01699390714 0.985391828565
-1.39769539078e-07 0.0220637798498 1.01552862602 0.98680665518
-1.39188376754e-07 0.0220106561004 1.01420374588 0.988089512038
-1.38607214429e-07 0.0219587500321 1.0129874903 0.989269431986
-1.38026052104e-07 0.0219076537777 1.01184421578 0.990379998111
-1.3744488978e-07 0.0218578121472 1.01081613329 0.99138054638
-1.36863727455e-07 0.0218088268187 1.00986928585 0.992302919542
-1.3628256513e-07 0.0217603910786 1.00897478435 0.993174878092
-1.35701402806e-07 0.0217130694725 1.00818999387 0.993940477471
-1.35120240481e-07 0.0216661778281 1.007449392 0.994662926949
-1.34539078156e-07 0.0216198655029 1.00676832874 0.995327237376
-1.33957915832e-07 0.0215742108646 1.00615827925 0.995921703259
-1.33376753507e-07 0.0215288051214 1.00557540096 0.996489407589
-1.32795591182e-07 0.0214840771442 1.00507003995 0.996980319813
-1.32214428858e-07 0.0214395435186 1.00458846873 0.997447492216
-1.31633266533e-07 0.0213954162691 1.00415664039 0.997865026246
-1.31052104208e-07 0.0213515542942 1.00376003351 0.998247149333
-1.30470941884e-07 0.0213079164498 1.00339318521 0.99859935374
-1.29889779559e-07 0.0212645586193 1.00306739647 0.998909957764
-1.29308617234e-07 0.0212213104285 1.00275768463 0.999204273129
-1.2872745491e-07 0.0211783186989 1.00249056405 0.999455087193
-1.28146292585e-07 0.0211353714117 1.00223082413 0.999698362891
-1.27565130261e-07 0.0210926337887 1.00201202231 0.999899469858
-1.26983967936e-07 0.0210499090588 1.00179573794 1.0000979837
-1.26402805611e-07 0.0210073363043 1.00161651652 1.00025797603
-1.25821643287e-07 0.0209647655697 1.00143778772 1.00041745637
-1.25240480962e-07 0.0209222880628 1.00129083702 1.00054359041
-1.24659318637e-07 0.0208798119092 1.00114434766 1.00066924036
-1.24078156313e-07 0.0208373766904 1.0010236128 1.00076758676
-1.23496993988e-07 0.0207949442048 1.0009045976 1.00086411006
-1.22915831663e-07 0.0207525122281 1.00080511399 1.00093969846
-1.22334669339e-07 0.0207100803477 1.00070932505 1.00101132673
-1.21753507014e-07 0.0206676239587 1.00062706446 1.00106828297
-1.21172344689e-07 0.02062515682 1.0005507376 1.00111880386
-1.20591182365e-07 0.0205826574755 1.00048246547 1.00116047844
-1.2001002004e-07 0.020540125771 1.00042228659 1.00119326441
-1.19428857715e-07 0.0204975720071 1.00036543119 1.00122235115
-1.18847695391e-07 0.0204549523528 1.00031850282 1.00124038855
-1.18266533066e-07 0.0204123326986 1.00027157445 1.00125842595
-1.17685370741e-07 0.0203696123262 1.00023484512 1.00126495082
-1.17104208417e-07 0.0203268866454 1.00019865334 1.00127086891
-1.16523046092e-07 0.0202840899381 1.00016756214 1.00127094596
-1.15941883768e-07 0.0202412448663 1.00013994412 1.00126704562
-1.15360721443e-07 0.02019837607 1.0001135676 1.0012617032
-1.14779559118e-07 0.0201554023841 1.00009267992 1.00124998509
-1.14198396794e-07 0.0201124286982 1.00007179224 1.00123826698
-1.13617234469e-07 0.0200693587234 1.00005461701 1.0012221805
-1.13036072144e-07 0.0200262507994 1.00003890494 1.00120437236
-1.1245490982e-07 0.0199831166036 1.00002393813 1.00118567896
-1.11873747495e-07 0.0199398719047 1.000012106 1.00116326201
-1.1129258517e-07 0.0198966272058 1.00000027387 1.00114084506
-1.10711422846e-07 0.0198532994684 0.99999015173 1.00111639379
-1.10130260521e-07 0.0198099180671 0.999981134672 1.00109062784
-1.09549098196e-07 0.0197665366658 0.999972117613 1.00106486189
-1.08967935872e-07 0.019723025913 0.999964980316 1.00103689617
-1.08386773547e-07 0.0196795100481 0.99995791731 1.0010088435
-1.07805611222e-07 0.0196359610094 0.999951177617 1.00098043497
-1.07224448898e-07 0.0195923146789 0.999945386136 1.00095098277
-1.06643286573e-07 0.0195486683484 0.999939594654 1.00092153057
-1.06062124248e-07 0.0195049616246 0.99993416227 1.00089175652
-1.05480961924e-07 0.0194611902166 0.999929114497 1.00086163777
-1.04899799599e-07 0.0194174188087 0.999924066724 1.00083151902
-1.04318637275e-07 0.01937357074 0.99991924416 1.00080135608
-1.0373747495e-07 0.0193296807005 0.999914544897 1.00077116895
-1.03156312625e-07 0.0192857906609 0.999909845633 1.00074098181
-1.02575150301e-07 0.0192418178536 0.999905195066 1.00071110125
-1.01993987976e-07 0.0191978163904 0.999900561357 1.00068132683
-1.01412825651e-07 0.0191538149273 0.999895927648 1.00065155241
-1.00831663327e-07 0.0191097334901 0.999891198484 1.00062238943
-1.00250501002e-07 0.0190656283145 0.999886440986 1.00059340794
-9.96693386774e-08 0.0190215231388 0.999881683488 1.00056442645
-9.90881763527e-08 0.0189773481357 0.999876753529 1.00053623779
-9.85070140281e-08 0.0189331472375 0.999871759615 1.00050834315
-9.79258517034e-08 0.0188889463393 0.999866765701 1.00048044852
-9.73446893788e-08 0.0188446914282 0.999861594615 1.0004533597
-9.67635270541e-08 0.018800402885 0.99985631321 1.00042677263
-9.61823647295e-08 0.0187561143419 0.999851031804 1.00040018557
-9.56012024048e-08 0.0187117915695 0.999845625539 1.00037422888
-9.50200400802e-08 0.0186674233873 0.999840053629 1.00034910848
-9.44388777555e-08 0.0186230552051 0.999834481719 1.00032398808
-9.38577154309e-08 0.0185786749286 0.999828866488 1.00029913273
-9.32765531062e-08 0.018534234911 0.999823037263 1.00027558666
-9.26953907816e-08 0.0184897948934 0.999817208038 1.00025204059
-9.21142284569e-08 0.0184453548757 0.999811378813 1.00022849452
-9.15330661323e-08 0.0184008614473 0.999805385025 1.00020630948
-9.09519038076e-08 0.0183563570925 0.999799357573 1.00018440287
-9.0370741483e-08 0.0183118527377 0.99979333012 1.00016249625
-8.97895791583e-08 0.0182673247251 0.999787252201 1.00014127994
-8.92084168337e-08 0.0182227631467 0.999781102679 1.00012104303
-8.8627254509e-08 0.0181782015684 0.999774953157 1.00010080613
-8.80460921844e-08 0.0181336399901 0.999768803635 1.00008056922
-8.74649298597e-08 0.0180890320921 0.999762620862 1.000061864
-8.68837675351e-08 0.0180444199623 0.999756435051 1.00004329872
-8.63026052104e-08 0.0179998078324 0.99975024924 1.00002473344
-8.57214428858e-08 0.01795518076 0.999744081265 1.00000672424
-8.51402805611e-08 0.0179105242711 0.999737948403 0.999989809739
-8.45591182365e-08 0.0178658677821 0.99973181554 0.99997289524
-8.39779559118e-08 0.0178212112932 0.999725682678 0.999955980741
-8.33967935872e-08 0.0177765287734 0.999719644506 0.999940151298
-8.28156312625e-08 0.0177318336167 0.999713652302 0.999924848601
-8.22344689379e-08 0.0176871384601 0.999707660097 0.999909545905
-8.16533066132e-08 0.0176424433034 0.999701667893 0.999894243208
-8.10721442886e-08 0.0175977172298 0.999695881517 0.999880379584
-8.04909819639e-08 0.0175529885888 0.999690112233 0.999866635465
-7.99098196393e-08 0.0175082599478 0.999684342949 0.999852891346
-7.93286573146e-08 0.0174635288521 0.999678598955 0.999839274566
-7.874749499e-08 0.0174187714063 0.99967312645 0.999827024737
-7.81663326653e-08 0.0173740139606 0.999667653945 0.999814774909
-7.75851703407e-08 0.0173292565148 0.999662181441 0.999802525081
-7.7004008016e-08 0.0172844952096 0.999656765402 0.999790498144
-7.64228456914e-08 0.0172397131491 0.999651653027 0.999779669873
-7.58416833667e-08 0.0171949310885 0.999646540653 0.999768841602
-7.52605210421e-08 0.017150149028 0.999641428278 0.99975801333
-7.46793587174e-08 0.0171053641275 0.999636371855 0.999747367549
-7.40981963928e-08 0.0170605611739 0.999631671096 0.999737881789
-7.35170340681e-08 0.0170157582204 0.999626970338 0.999728396029
-7.29358717435e-08 0.0169709552668 0.999622269579 0.999718910269
-7.23547094188e-08 0.016926151953 0.999617578035 0.999709450259
-7.17735470942e-08 0.0168813313867 0.9996133278 0.999701223392
-7.11923847695e-08 0.0168365108204 0.999609077565 0.999692996525
-7.06112224449e-08 0.0167916902541 0.99960482733 0.999684769658
-7.00300601202e-08 0.0167468696878 0.999600577095 0.99967654279
-6.94488977956e-08 0.0167020372069 0.999596712087 0.999669263161
-6.88677354709e-08 0.0166572018973 0.999592938539 0.999662208421
-6.82865731463e-08 0.0166123665878 0.999589164991 0.999655153681
-6.77054108216e-08 0.0165675312782 0.999585391443 0.999648098941
-6.7124248497e-08 0.0165226898834 0.999581861471 0.999641582318
-6.65430861723e-08 0.0164778423223 0.999578578317 0.999635610969
-6.59619238477e-08 0.0164329947612 0.999575295163 0.99962963962
-6.5380761523e-08 0.0163881472002 0.999572012008 0.99962366827
-6.47995991984e-08 0.0163432987924 0.999568770111 0.999617780196
-6.42184368737e-08 0.0162984411279 0.99956597926 0.999612802521
-6.36372745491e-08 0.0162535834634 0.999563188408 0.999607824847
-6.30561122244e-08 0.0162087257989 0.999560397556 0.999602847172
-6.24749498998e-08 0.0161638681344 0.999557606705 0.999597869498
-6.18937875752e-08 0.0161190057832 0.999555089953 0.999593404359
-6.13126252505e-08 0.0160741398539 0.999552782461 0.99958933051
-6.07314629259e-08 0.0160292739246 0.999550474969 0.999585256661
-6.01503006012e-08 0.0159844079953 0.999548167476 0.999581182813
-5.95691382766e-08 0.015939542066 0.999545859984 0.999577108964
-5.89879759519e-08 0.0158946698093 0.999543991222 0.999573804139
-5.84068136273e-08 0.0158497971777 0.999542148457 0.999570544884
-5.78256513026e-08 0.0158049245461 0.999540305692 0.999567285629
-5.7244488978e-08 0.0157600519144 0.999538462927 0.999564026373
-5.66633266533e-08 0.01571517814 0.999536713073 0.999560921357
-5.60821643287e-08 0.0156703001245 0.999535308029 0.999558388751
-5.5501002004e-08 0.0156254221089 0.999533902985 0.999555856145
-5.49198396794e-08 0.0155805440933 0.999532497941 0.999553323539
-5.43386773547e-08 0.0155356660778 0.999531092897 0.999550790933
-5.37575150301e-08 0.0154907864825 0.999529836883 0.999548494789
-5.31763527054e-08 0.0154459041872 0.999528835583 0.999546602798
-5.25951903808e-08 0.0154010218919 0.999527834284 0.999544710807
-5.20140280561e-08 0.0153561395966 0.999526832985 0.999542818816
-5.14328657315e-08 0.0153112573013 0.999525831685 0.999540926824
-5.08517034068e-08 0.015266373621 0.999524980457 0.99953926435
-5.02705410822e-08 0.0152214879639 0.9995243434 0.999537929425
-4.96893787575e-08 0.0151766023069 0.999523706342 0.999536594501
-4.91082164329e-08 0.0151317166498 0.999523069285 0.999535259576
-4.85270541082e-08 0.0150868309928 0.999522432227 0.999533924651
-4.79458917836e-08 0.0150419444546 0.999521903632 0.999532750922
-4.73647294589e-08 0.0149970561928 0.999521587225 0.999531892545
-4.67835671343e-08 0.014952167931 0.999521270819 0.999531034169
-4.62024048096e-08 0.0149072796691 0.999520954412 0.999530175792
-4.5621242485e-08 0.0148623914073 0.999520638005 0.999529317415
-4.50400801603e-08 0.0148175028573 0.999520361412 0.99952851702
-4.44589178357e-08 0.0147726126097 0.999520319367 0.999528058207
-4.3877755511e-08 0.0147277223621 0.999520277323 0.999527599394
-4.32965931864e-08 0.0146828321145 0.999520235278 0.99952714058
-4.27154308617e-08 0.0146379418669 0.999520193234 0.999526681767
-4.21342685371e-08 0.0145930516192 0.999520151189 0.999526222954
-4.15531062124e-08 0.0145481601398 0.999520297245 0.999526035127
-4.09719438878e-08 0.0145032684077 0.999520481891 0.999525902895
-4.03907815631e-08 0.0144583766756 0.999520666537 0.999525770663
-3.98096192385e-08 0.0144134849435 0.999520851183 0.99952563843
-3.92284569138e-08 0.0143685932114 0.999521035828 0.999525506198
-3.86472945892e-08 0.0143237010577 0.999521290107 0.999525474425
-3.80661322645e-08 0.0142788082426 0.999521653598 0.999525600213
-3.74849699399e-08 0.0142339154276 0.999522017088 0.999525726001
-3.69038076152e-08 0.0141890226126 0.999522380578 0.999525851788
-3.63226452906e-08 0.0141441297976 0.999522744068 0.999525977576
-3.57414829659e-08 0.0140992369826 0.999523107559 0.999526103363
-3.51603206413e-08 0.0140543435392 0.999523579339 0.999526388613
-3.45791583166e-08 0.0140094499588 0.999524074742 0.999526708649
-3.3997995992e-08 0.0139645563784 0.999524570146 0.999527028686
-3.34168336673e-08 0.013919662798 0.99952506555 0.999527348723
-3.28356713427e-08 0.0138747692176 0.999525560953 0.99952766876
-3.2254509018e-08 0.0138298755742 0.999526066905 0.999528005262
-3.16733466934e-08 0.0137849814756 0.999526649161 0.99952846088
-3.10921843687e-08 0.0137400873769 0.999527231417 0.999528916498
-3.05110220441e-08 0.0136951932783 0.999527813673 0.999529372116
-2.99298597194e-08 0.0136502991796 0.999528395929 0.999529827733
-2.93486973948e-08 0.013605405081 0.999528978184 0.999530283351
-2.87675350701e-08 0.0135605108874 0.999529573244 0.99953076265
-2.81863727455e-08 0.0135156164588 0.999530199978 0.999531300533
-2.76052104208e-08 0.0134707220303 0.999530826713 0.999531838415
-2.70240480962e-08 0.0134258276018 0.999531453447 0.999532376298
-2.64428857715e-08 0.0133809331733 0.999532080182 0.99953291418
-2.58617234469e-08 0.0133360387448 0.999532706916 0.999533452063
-2.52805611222e-08 0.013291144256 0.999533335388 0.999534000881
-2.46993987976e-08 0.0132462496372 0.999533967602 0.999534573258
-2.41182364729e-08 0.0132013550185 0.999534599817 0.999535145636
-2.35370741483e-08 0.0131564603998 0.999535232031 0.999535718013
-2.29559118236e-08 0.0131115657811 0.999535864245 0.999536290391
-2.2374749499e-08 0.0130666711623 0.99953649646 0.999536862768
-2.17935871743e-08 0.013021776525 0.999537122592 0.999537433585
-2.12124248497e-08 0.0129768818156 0.999537725232 0.999537998376
-2.0631262525e-08 0.0129319871062 0.999538327872 0.999538563166
-2.00501002004e-08 0.0128870923968 0.999538930512 0.999539127956
-1.94689378758e-08 0.0128421976874 0.999539533152 0.999539692747
-1.88877755511e-08 0.012797302978 0.999540135792 0.999540257537
-1.83066132265e-08 0.0127524082686 0.999540738432 0.999540822328
-1.77254509018e-08 0.0127075135365 0.999541283842 0.999541345415
-1.71442885772e-08 0.0126626188032 0.999541826271 0.99954186633
-1.65631262525e-08 0.0126177240699 0.9995423687 0.999542387246
-1.59819639279e-08 0.0125728293366 0.999542911129 0.999542908161
-1.54008016032e-08 0.0125279346033 0.999543453558 0.999543429077
-1.48196392786e-08 0.0124830398701 0.999543995987 0.999543949992
-1.42384769539e-08 0.0124381451459 0.999544491268 0.999544430196
-1.36573146293e-08 0.0123932504292 0.999544947684 0.999544876839
-1.30761523046e-08 0.0123483557126 0.9995454041 0.999545323482
-1.249498998e-08 0.0123034609959 0.999545860516 0.999545770125
-1.19138276553e-08 0.0122585662792 0.999546316931 0.999546216768
-1.13326653307e-08 0.0122136715625 0.999546773347 0.999546663411
-1.0751503006e-08 0.0121687768459 0.999547229763 0.999547110054
-1.01703406814e-08 0.0121238821655 0.999547580116 0.999547458513
-9.58917835671e-09 0.0120789874854 0.999547929951 0.999547806493
-9.00801603206e-09 0.0120340928052 0.999548279787 0.999548154473
-8.42685370741e-09 0.0119891981251 0.999548629622 0.999548502453
-7.84569138277e-09 0.0119443034449 0.999548979458 0.999548850433
-7.26452905812e-09 0.0118994087648 0.999549329293 0.999549198413
-6.68336673347e-09 0.0118545140965 0.999549644154 0.999549512744
-6.10220440882e-09 0.0118096194576 0.999549872525 0.999549743861
-5.52104208417e-09 0.0117647248188 0.999550100896 0.999549974978
-4.93987975952e-09 0.0117198301799 0.999550329267 0.999550206095
-4.35871743487e-09 0.011674935541 0.999550557638 0.999550437212
-3.77755511022e-09 0.0116300409022 0.999550786009 0.999550668329
-3.19639278557e-09 0.0115851462633 0.99955101438 0.999550899446
-2.61523046092e-09 0.0115402516397 0.999551187731 0.999551076191
-2.03406813627e-09 0.0114953570371 0.999551286004 0.999551178741
-1.45290581162e-09 0.0114504624344 0.999551384277 0.999551281291
-8.71743486974e-10 0.0114055678317 0.99955148255 0.999551383841
-2.90581162324e-10 0.0113606732291 0.999551580823 0.999551486391
2.90581162325e-10 0.0113157786264 0.999551679096 0.999551588941
8.71743486974e-10 0.0112708840237 0.999551777368 0.999551691491
1.45290581162e-09 0.0112259894319 0.999551823439 0.999551741215
2.03406813627e-09 0.0111810948564 0.999551790001 0.999551710477
2.61523046092e-09 0.011136200281 0.999551756563 0.99955167974
3.19639278557e-09 0.0110913057056 0.999551723125 0.999551649003
3.77755511022e-09 0.0110464111301 0.999551689687 0.999551618265
4.35871743487e-09 0.0110015165547 0.999551656249 0.999551587528
4.93987975952e-09 0.0109566219793 0.999551622811 0.999551556791
5.52104208417e-09 0.0109117274082 0.999551563775 0.999551499421
6.10220440882e-09 0.0108668328541 0.999551405117 0.999551338403
6.68336673347e-09 0.0108219383001 0.999551246459 0.999551177385
7.26452905812e-09 0.0107770437461 0.999551087801 0.999551016367
7.84569138277e-09 0.010732149192 0.999550929142 0.999550855349
8.42685370742e-09 0.010687254638 0.999550770484 0.999550694331
9.00801603206e-09 0.0106423600839 0.999550611826 0.999550533313
9.58917835671e-09 0.0105974655299 0.999550453167 0.999550372295
1.01703406814e-08 0.0105525709993 0.999550202489 0.999550111362
1.0751503006e-08 0.0105076764731 0.99954993471 0.999549831861
1.13326653307e-08 0.0104627819469 0.99954966693 0.999549552359
1.19138276553e-08 0.0104178874207 0.99954939915 0.999549272857
1.249498998e-08 0.0103729928945 0.999549131371 0.999548993355
1.30761523046e-08 0.0103280983683 0.999548863591 0.999548713853
1.36573146293e-08 0.0102832038421 0.999548595811 0.999548434351
1.42384769539e-08 0.0102383093343 0.9995483029 0.999548125054
1.48196392786e-08 0.0101934148675 0.999547953767 0.9995477491
1.54008016032e-08 0.0101485204007 0.999547604634 0.999547373146
1.59819639279e-08 0.010103625934 0.999547255501 0.999546997192
1.65631262525e-08 0.0100587314672 0.999546906368 0.999546621238
1.71442885772e-08 0.0100138370004 0.999546557235 0.999546245284
1.77254509018e-08 0.00996894253368 0.999546208102 0.99954586933
1.83066132265e-08 0.00992404806692 0.999545858969 0.999545493376
1.88877755511e-08 0.00987915368085 0.999545486447 0.999545080191
1.94689378758e-08 0.00983425934919 0.999545098154 0.999544641901
2.00501002004e-08 0.00978936501753 0.999544709862 0.999544203611
2.06312625251e-08 0.00974447068586 0.999544321569 0.999543765321
2.12124248497e-08 0.0096995763542 0.999543933276 0.999543327031
2.17935871743e-08 0.00965468202254 0.999543544983 0.999542888741
2.2374749499e-08 0.00960978769088 0.99954315669 0.999542450451
2.29559118236e-08 0.00956489335922 0.999542768397 0.999542012161
2.35370741483e-08 0.009519999227 0.99954239493 0.999541564076
2.41182364729e-08 0.00947510517858 0.999542027693 0.999541111877
2.46993987976e-08 0.00943021113016 0.999541660455 0.999540659677
2.52805611222e-08 0.00938531708173 0.999541293218 0.999540207477
2.58617234469e-08 0.00934042303331 0.99954092598 0.999539755278
2.64428857715e-08 0.00929552898489 0.999540558743 0.999539303078
2.70240480962e-08 0.00925063493647 0.999540191506 0.999538850878
2.76052104208e-08 0.00920574088805 0.999539824268 0.999538398679
2.81863727455e-08 0.00916084718229 0.999539521986 0.999537978549
2.87675350701e-08 0.00911595368186 0.999539258627 0.999537577638
2.93486973948e-08 0.00907106018143 0.999538995269 0.999537176726
2.99298597194e-08 0.009026166681 0.99953873191 0.999536775815
3.05110220441e-08 0.00898127318057 0.999538468551 0.999536374903
3.10921843687e-08 0.00893637968014 0.999538205193 0.999535973992
3.16733466934e-08 0.00889148617971 0.999537941834 0.99953557308
3.2254509018e-08 0.00884659267928 0.999537678475 0.999535172168
3.28356713427e-08 0.0088016995347 0.999537491737 0.999534819593
3.34168336673e-08 0.0087568070329 0.999537443397 0.999534554326
3.3997995992e-08 0.00871191453109 0.999537395057 0.999534289058
3.45791583166e-08 0.00866702202928 0.999537346717 0.999534023791
3.51603206413e-08 0.00862212952747 0.999537298377 0.999533758524
3.57414829659e-08 0.00857723702566 0.999537250037 0.999533493257
3.63226452906e-08 0.00853234452385 0.999537201697 0.999533227989
3.69038076152e-08 0.00848745202204 0.999537153357 0.999532962722
3.74849699399e-08 0.00844255952023 0.999537105017 0.999532697455
3.80661322645e-08 0.00839766857667 0.999537379366 0.999532647245
3.86472945892e-08 0.00835277782017 0.999537692454 0.999532622853
3.92284569138e-08 0.00830788706368 0.999538005543 0.999532598462
3.98096192385e-08 0.00826299630718 0.999538318631 0.99953257407
4.03907815631e-08 0.00821810555069 0.99953863172 0.999532549679
4.09719438878e-08 0.0081732147942 0.999538944808 0.999532525287
4.15531062124e-08 0.0081283240377 0.999539257896 0.999532500896
4.21342685371e-08 0.00808343328121 0.999539570985 0.999532476504
4.27154308617e-08 0.00803854320706 0.999540010963 0.999532536573
4.32965931864e-08 0.00799365541561 0.99954087544 0.999532879195
4.3877755511e-08 0.00794876762417 0.999541739916 0.999533221816
4.44589178357e-08 0.00790387983273 0.999542604392 0.999533564438
4.50400801603e-08 0.00785899204129 0.999543468869 0.99953390706
4.5621242485e-08 0.00781410424984 0.999544333345 0.999534249682
4.62024048096e-08 0.0077692164584 0.999545197821 0.999534592303
4.67835671343e-08 0.00772432866696 0.999546062298 0.999534934925
4.73647294589e-08 0.00767944087551 0.999546926774 0.999535277547
4.79458917836e-08 0.00763455488179 0.999548080141 0.999535805883
4.85270541082e-08 0.00758967203457 0.999549739144 0.999536659271
4.91082164329e-08 0.00754478918734 0.999551398147 0.999537512659
4.96893787575e-08 0.00749990634012 0.99955305715 0.999538366046
5.02705410822e-08 0.00745502349289 0.999554716153 0.999539219434
5.08517034068e-08 0.00741014064566 0.999556375156 0.999540072821
5.14328657315e-08 0.00736525779844 0.999558034159 0.999540926209
5.20140280561e-08 0.00732037495121 0.999559693162 0.999541779597
5.25951903808e-08 0.00727549210399 0.999561352165 0.999542632984
5.31763527054e-08 0.00723061160709 0.999563328941 0.99954367762
5.37575150301e-08 0.0071857369084 0.99956608966 0.999545194061
5.43386773547e-08 0.00714086220972 0.999568850378 0.999546710502
5.49198396794e-08 0.00709598751104 0.999571611097 0.999548226943
5.5501002004e-08 0.00705111281236 0.999574371816 0.999549743384
5.60821643287e-08 0.00700623811368 0.999577132534 0.999551259825
5.66633266533e-08 0.00696136341499 0.999579893253 0.999552776266
5.7244488978e-08 0.00691648871631 0.999582653972 0.999554292707
5.78256513026e-08 0.00687161401763 0.99958541469 0.999555809148
5.84068136273e-08 0.00682673931895 0.999588175409 0.99955732559
5.89879759519e-08 0.00678187795335 0.999592420327 0.999559647372
5.95691382766e-08 0.00673701659148 0.99959666566 0.999561969379
6.01503006012e-08 0.0066921552296 0.999600910992 0.999564291385
6.07314629259e-08 0.00664729386772 0.999605156324 0.999566613392
6.13126252505e-08 0.00660243250584 0.999609401656 0.999568935399
6.18937875752e-08 0.00655757114396 0.999613646989 0.999571257406
6.24749498998e-08 0.00651270978208 0.999617892321 0.999573579413
6.30561122244e-08 0.0064678484202 0.999622137653 0.999575901419
6.36372745491e-08 0.00642298705832 0.999626382985 0.999578223426
6.42184368737e-08 0.0063781364028 0.999631590664 0.999580991859
6.47995991984e-08 0.00633329678259 0.999637790258 0.999584220434
6.5380761523e-08 0.00628845716239 0.999643989851 0.99958744901
6.59619238477e-08 0.00624361754218 0.999650189445 0.999590677585
6.65430861723e-08 0.00619877792198 0.999656389039 0.999593906161
6.7124248497e-08 0.00615393830177 0.999662588633 0.999597134736
6.77054108216e-08 0.00610909868157 0.999668788226 0.999600363312
6.82865731463e-08 0.00606425906136 0.99967498782 0.999603591887
6.88677354709e-08 0.00601941944116 0.999681187414 0.999606820463
6.94488977956e-08 0.00597457982095 0.999687387008 0.999610049038
7.00300601202e-08 0.005929767115 0.999695503117 0.999613976123
7.06112224449e-08 0.00588496284167 0.999704219699 0.99961812206
7.11923847695e-08 0.00584015856835 0.99971293628 0.999622267998
7.17735470942e-08 0.00579535429502 0.999721652862 0.999626413935
7.23547094188e-08 0.0057505500217 0.999730369444 0.999630559872
7.29358717435e-08 0.00570574574837 0.999739086026 0.99963470581
7.35170340681e-08 0.00566094147505 0.999747802608 0.999638851747
7.40981963928e-08 0.00561613720172 0.999756519189 0.999642997685
7.46793587174e-08 0.0055713329284 0.999765235771 0.999647143622
7.52605210421e-08 0.00552652865507 0.999773952353 0.999651289559
7.58416833667e-08 0.00548177028962 0.999785203852 0.999656055839
7.64228456914e-08 0.0054370232974 0.999797083353 0.999660975803
7.7004008016e-08 0.00539227630517 0.999808962854 0.999665895766
7.75851703407e-08 0.00534752931294 0.999820842354 0.999670815729
7.81663326653e-08 0.00530278232072 0.999832721855 0.999675735693
7.874749499e-08 0.00525803532849 0.999844601355 0.999680655656
7.93286573146e-08 0.00521328833626 0.999856480856 0.99968557562
7.99098196393e-08 0.00516854134404 0.999868360357 0.999690495583
8.04909819639e-08 0.00512379435181 0.999880239857 0.999695415547
8.10721442886e-08 0.00507904735958 0.999892119358 0.99970033551
8.16533066132e-08 0.00503435639686 0.999906326892 0.999705509004
8.22344689379e-08 0.00498970169548 0.999922041091 0.999710846579
8.28156312625e-08 0.0049450469941 0.999937755289 0.999716184153
8.33967935872e-08 0.00490039229273 0.999953469487 0.999721521728
8.39779559118e-08 0.00485573759135 0.999969183685 0.999726859303
8.45591182365e-08 0.00481108288997 0.999984897884 0.999732196877
8.51402805611e-08 0.00476642818859 1.00000061208 0.999737534452
8.57214428858e-08 0.00472177348721 1.00001632628 0.999742872027
8.63026052104e-08 0.00467711878583 1.00003204048 0.999748209602
8.68837675351e-08 0.00463246408445 1.00004775468 0.999753547176
8.74649298597e-08 0.00458783480102 1.00006421987 0.999758861829
8.80460921844e-08 0.00454332714163 1.00008427856 0.999764066798
8.8627254509e-08 0.00449881948223 1.00010433725 0.999769271768
8.92084168337e-08 0.00445431182284 1.00012439594 0.999774476737
8.97895791583e-08 0.00440980416344 1.00014445463 0.999779681707
9.0370741483e-08 0.00436529650405 1.00016451332 0.999784886677
9.09519038076e-08 0.00432078884465 1.00018457201 0.999790091646
9.15330661323e-08 0.00427628118526 1.0002046307 0.999795296616
9.21142284569e-08 0.00423177352586 1.0002246894 0.999800501586
9.26953907816e-08 0.00418726586647 1.00024474809 0.999805706555
9.32765531062e-08 0.00414275820708 1.00026480678 0.999810911525
9.38577154309e-08 0.00409836364037 1.00028691591 0.999815838109
9.44388777555e-08 0.00405408533218 1.00031113288 0.999820478514
9.50200400802e-08 0.00400980702399 1.00033534985 0.999825118919
9.56012024048e-08 0.0039655287158 1.00035956682 0.999829759324
9.61823647295e-08 0.00392125040761 1.0003837838 0.99983439973
9.67635270541e-08 0.00387697209942 1.00040800077 0.999839040135
9.73446893788e-08 0.00383269379123 1.00043221774 0.99984368054
9.79258517034e-08 0.00378841548304 1.00045643471 0.999848320945
9.85070140281e-08 0.00374413717485 1.00048065169 0.99985296135
9.90881763527e-08 0.00369985886666 1.00050486866 0.999857601755
9.96693386774e-08 0.00365558055847 1.00052908563 0.99986224216
1.00250501002e-07 0.00361149537253 1.00055433889 0.999867053012
1.00831663327e-07 0.00356756068046 1.00058039971 0.999871996687
1.01412825651e-07 0.0035236259884 1.00060646052 0.999876940362
1.01993987976e-07 0.00347969129633 1.00063252134 0.999881884038
1.02575150301e-07 0.00343575660427 1.00065858215 0.999886827713
1.03156312625e-07 0.00339182191221 1.00068464297 0.999891771388
1.0373747495e-07 0.00334788722014 1.00071070378 0.999896715063
1.04318637275e-07 0.00330395252808 1.0007367646 0.999901658738
1.04899799599e-07 0.00326001783601 1.00076282541 0.999906602413
1.05480961924e-07 0.00321608314395 1.00078888622 0.999911546089
1.06062124248e-07 0.00317214845188 1.00081494704 0.999916489764
1.06643286573e-07 0.00312839118528 1.00083864332 0.999923679453
1.07224448898e-07 0.00308493122214 1.00085837748 0.999934632681
1.07805611222e-07 0.003041471259 1.00087811163 0.999945585909
1.08386773547e-07 0.00299801129586 1.00089784579 0.999956539137
1.08967935872e-07 0.00295455133273 1.00091757994 0.999967492365
1.09549098196e-07 0.00291109136959 1.0009373141 0.999978445593
1.10130260521e-07 0.00286763140645 1.00095704825 0.999989398822
1.10711422846e-07 0.00282417144331 1.0009767824 1.00000035205
1.1129258517e-07 0.00278071148017 1.00099651656 1.00001130528
1.11873747495e-07 0.00273725151703 1.00101625071 1.00002225851
1.1245490982e-07 0.00269379155389 1.00103598487 1.00003321173
1.13036072144e-07 0.00265033159076 1.00105571902 1.00004416496
1.13617234469e-07 0.00260736913721 1.00104789123 1.0000792906
1.14198396794e-07 0.00256444866688 1.00103773757 1.00011645606
1.14779559118e-07 0.00252152819654 1.00102758391 1.00015362152
1.15360721443e-07 0.00247860772621 1.00101743026 1.00019078699
1.15941883768e-07 0.00243568725587 1.0010072766 1.00022795245
1.16523046092e-07 0.00239276678554 1.00099712294 1.00026511791
1.17104208417e-07 0.0023498463152 1.00098696929 1.00030228338
1.17685370741e-07 0.00230692584487 1.00097681563 1.00033944884
1.18266533066e-07 0.00226400537453 1.00096666197 1.0003766143
1.18847695391e-07 0.0022210849042 1.00095650832 1.00041377977
1.19428857715e-07 0.00217816443386 1.00094635466 1.00045094523
1.2001002004e-07 0.00213529417755 1.00091750469 1.00050543898
1.20591182365e-07 0.00209262333821 1.00081440528 1.00062874925
1.21172344689e-07 0.00204995249888 1.00071130588 1.00075205952
1.21753507014e-07 0.00200728165955 1.00060820647 1.0008753698
1.22334669339e-07 0.00196461082022 1.00050510706 1.00099868007
1.22915831663e-07 0.00192193998089 1.00040200766 1.00112199034
1.23496993988e-07 0.00187926914156 1.00029890825 1.00124530061
1.24078156313e-07 0.00183659830223 1.00019580884 1.00136861089
1.24659318637e-07 0.0017939274629 1.00009270944 1.00149192116
1.25240480962e-07 0.00175125662356 0.99998961003 1.00161523143
1.25821643287e-07 0.00170858578423 0.999886510624 1.00173854171
1.26402805611e-07 0.0016659149449 0.999783411217 1.00186185198
1.26983967936e-07 0.00162298644413 0.999628045691 1.00203636029
1.27565130261e-07 0.00157905452403 0.999269138513 1.00241025077
1.28146292585e-07 0.00153512260394 0.998910231335 1.00278414125
1.2872745491e-07 0.00149119068384 0.998551324156 1.00315803173
1.29308617234e-07 0.00144725876374 0.998192416978 1.0035319222
1.29889779559e-07 0.00140332684364 0.9978335098 1.00390581268
1.30470941884e-07 0.00135939492355 0.997474602622 1.00427970316
1.31052104208e-07 0.00131546300345 0.997115695444 1.00465359364
1.31633266533e-07 0.00127153108335 0.996756788266 1.00502748412
1.32214428858e-07 0.00122759916325 0.996397881088 1.0054013746
1.32795591182e-07 0.00118366724315 0.99603897391 1.00577526508
1.33376753507e-07 0.00113973532306 0.995680066732 1.00614915556
1.33957915832e-07 0.00109580340296 0.995321159554 1.00652304604
1.34539078156e-07 0.00104591970811 0.994345449398 1.00753217946
1.35120240481e-07 0.000995554724597 0.993319861635 1.00859268164
1.35701402806e-07 0.000945189741081 0.992294273871 1.00965318381
1.3628256513e-07 0.000894824757565 0.991268686108 1.01071368598
1.36863727455e-07 0.000844459774048 0.990243098345 1.01177418815
1.3744488978e-07 0.000794094790532 0.989217510582 1.01283469033
1.38026052104e-07 0.000743729807015 0.988191922819 1.0138951925
1.38607214429e-07 0.000693364823499 0.987166335055 1.01495569467
1.39188376754e-07 0.000642999839982 0.986140747292 1.01601619685
1.39769539078e-07 0.000592634856466 0.985115159529 1.01707669902
1.40350701403e-07 0.000542269872949 0.984089571766 1.01813720119
1.40931863727e-07 0.000491904889433 0.983063984003 1.01919770336
1.41513026052e-07 0.000433711896346 0.981432354048 1.02090697087
1.42094188377e-07 0.000361426580288 0.978709700608 1.02378417391
1.42675350701e-07 0.00028914126423 0.975987047168 1.02666137696
1.43256513026e-07 0.000216855948173 0.973264393728 1.02953858
1.43837675351e-07 0.000144570632115 0.970541740287 1.03241578304
1.44418837675e-07 7.22853160576e-05 0.967819086847 1.03529298609
1.45e-07 0 0.965096433407 1.03817018913
