-1.45e-07 0 	0 	733971.614186 	
-1.44418837675e-07 0 	0 	692034.55221 	
-1.43837675351e-07 0 	0 	651374.022853 	
-1.43256513026e-07 0 	0 	613590.406863 	
-1.42675350701e-07 0 	0 	578043.268849 	
-1.42094188377e-07 0 	0 	544340.368616 	
-1.41513026052e-07 0 	0 	512346.579167 	
-1.40931863727e-07 0 	0 	482858.88406 	
-1.40350701403e-07 0 	0 	454886.176377 	
-1.39769539078e-07 0 	0 	428236.716972 	
-1.39188376754e-07 0 	0 	403461.900479 	
-1.38607214429e-07 0 	0 	380175.217973 	
-1.38026052104e-07 0 	0 	357898.173666 	
-1.3744488978e-07 0 	0 	337242.580859 	
-1.36863727455e-07 0 	0 	317763.591987 	
-1.3628256513e-07 0 	0 	299045.29601 	
-1.35701402806e-07 0 	0 	281964.656481 	
-1.35120240481e-07 0 	0 	265564.941635 	
-1.34539078156e-07 0 	0 	250082.686952 	
-1.33957915832e-07 0 	0 	235732.145118 	
-1.33376753507e-07 0 	0 	221817.682365 	
-1.32795591182e-07 0 	0 	209183.348727 	
-1.32214428858e-07 0 	0 	196956.998499 	
-1.31633266533e-07 0 	0 	185583.71419 	
-1.31052104208e-07 0 	0 	174839.184633 	
-1.30470941884e-07 0 	0 	164625.889536 	
-1.29889779559e-07 0 	0 	155177.55728 	
-1.29308617234e-07 0 	0 	146028.74677 	
-1.2872745491e-07 0 	0 	137710.456338 	
-1.28146292585e-07 0 	0 	129536.087253 	
-1.27565130261e-07 0 	0 	122199.928821 	
-1.26983967936e-07 0 	0 	114915.315404 	
-1.26402805611e-07 0 	0 	108430.385567 	
-1.25821643287e-07 0 	0 	101956.084466 	
-1.25240480962e-07 0 	0 	96207.2366156 	
-1.24659318637e-07 0 	0 	90468.9203632 	
-1.24078156313e-07 0 	0 	85355.5130552 	
-1.23496993988e-07 0 	0 	80283.8319988 	
-1.22915831663e-07 0 	0 	75718.484594 	
-1.22334669339e-07 0 	0 	71248.9174492 	
-1.21753507014e-07 0 	0 	67156.2829539 	
-1.21172344689e-07 0 	0 	63228.9765071 	
-1.20591182365e-07 0 	0 	59544.5417094 	
-1.2001002004e-07 0 	0 	56104.1404739 	
-1.19428857715e-07 0 	0 	52773.0632244 	
-1.18847695391e-07 0 	0 	49768.5300427 	
-1.18266533066e-07 0 	0 	46763.9968609 	
-1.17685370741e-07 0 	0 	44128.951737 	
-1.17104208417e-07 0 	0 	41513.3805005 	
-1.16523046092e-07 0 	0 	39103.6426731 	
-1.15941883768e-07 0 	0 	36834.0644753 	
-1.15360721443e-07 0 	0 	34621.0724325 	
-1.14779559118e-07 0 	0 	32658.2565594 	
-1.14198396794e-07 0 	0 	30695.4406863 	
-1.13617234469e-07 0 	0 	28927.0608708 	
-1.13036072144e-07 0 	0 	27235.3120898 	
-1.1245490982e-07 0 	0 	25589.4132368 	
-1.11873747495e-07 0 	0 	24136.3668668 	
-1.1129258517e-07 0 	0 	22683.3204968 	
-1.10711422846e-07 0 	0 	21357.5101246 	
-1.10130260521e-07 0 	0 	20113.9263731 	
-1.09549098196e-07 0 	0 	18870.3426216 	
-1.08967935872e-07 0 	0 	17802.9387707 	
-1.08386773547e-07 0 	0 	16742.4977974 	
-1.07805611222e-07 0 	0 	15722.6233645 	
-1.07224448898e-07 0 	0 	14821.7224398 	
-1.06643286573e-07 0 	0 	13920.8215151 	
-1.06062124248e-07 0 	0 	13086.7732227 	
-1.05480961924e-07 0 	0 	12324.3273043 	
-1.04899799599e-07 0 	0 	11561.8813859 	
-1.04318637275e-07 0 	0 	10876.7820003 	
-1.0373747495e-07 0 	0 	10234.0289424 	
-1.03156312625e-07 0 	0 	9591.27588451 	
-1.02575150301e-07 0 	0 	9025.08127464 	
-1.01993987976e-07 0 	0 	8485.39275576 	
-1.01412825651e-07 0 	0 	7945.70423687 	
-1.00831663327e-07 0 	0 	7474.17258497 	
-1.00250501002e-07 0 	0 	7022.87173789 	
-9.96693386774e-08 0 	0 	6571.57089081 	
-9.90881763527e-08 0 	0 	6175.33645924 	
-9.85070140281e-08 0 	0 	5799.52305036 	
-9.79258517034e-08 0 	0 	5423.70964147 	
-9.73446893788e-08 0 	0 	5087.4590893 	
-9.67635270541e-08 0 	0 	4775.84294449 	
-9.61823647295e-08 0 	0 	4464.22679969 	
-9.56012024048e-08 0 	0 	4175.9746183 	
-9.50200400802e-08 0 	0 	3918.71786717 	
-9.44388777555e-08 0 	0 	3661.46111604 	
-9.38577154309e-08 0 	0 	3411.91951383 	
-9.32765531062e-08 0 	0 	3200.48807541 	
-9.26953907816e-08 0 	0 	2989.05663698 	
-9.21142284569e-08 0 	0 	2777.62519856 	
-9.15330661323e-08 0 	0 	2598.11879112 	
-9.09519038076e-08 0 	0 	2425.14339773 	
-9.0370741483e-08 0 	0 	2252.16800434 	
-8.97895791583e-08 0 	0 	2092.4728692 	
-8.92084168337e-08 0 	0 	1951.61979638 	
-8.8627254509e-08 0 	0 	1810.76672355 	
-8.80460921844e-08 0 	0 	1669.91365073 	
-8.74649298597e-08 0 	0 	1553.52964617 	
-8.68837675351e-08 0 	0 	1439.3811725 	
-8.63026052104e-08 0 	0 	1325.23269884 	
-8.57214428858e-08 0 	0 	1218.5263523 	
-8.51402805611e-08 0 	0 	1126.4708935 	
-8.45591182365e-08 0 	0 	1034.41543469 	
-8.39779559118e-08 0 	0 	942.359975883 	
-8.33967935872e-08 0 	0 	862.548031207 	
-8.28156312625e-08 0 	0 	788.679766398 	
-8.22344689379e-08 0 	0 	714.81150159 	
-8.16533066132e-08 0 	0 	640.943236781 	
-8.10721442886e-08 0 	0 	580.828805053 	
-8.04909819639e-08 0 	0 	521.856530863 	
-7.99098196393e-08 0 	0 	462.884256673 	
-7.93286573146e-08 0 	0 	404.946266809 	
-7.874749499e-08 0 	0 	358.111129794 	
-7.81663326653e-08 0 	0 	311.27599278 	
-7.75851703407e-08 0 	0 	264.440855765 	
-7.7004008016e-08 0 	0 	219.148076174 	
-7.64228456914e-08 0 	0 	182.149785429 	
-7.58416833667e-08 0 	0 	145.151494684 	
-7.52605210421e-08 0 	0 	108.153203939 	
-7.46793587174e-08 0 	0 	72.2327603168 	
-7.40981963928e-08 0 	0 	43.1638104622 	
-7.35170340681e-08 0 	0 	14.0948606075 	
-7.29358717435e-08 0 	0 	-14.9740892472 	
-7.23547094188e-08 0 	0 	-43.9130257765 	
-7.17735470942e-08 0 	0 	-66.6256257253 	
-7.11923847695e-08 0 	0 	-89.3382256742 	
-7.06112224449e-08 0 	0 	-112.050825623 	
-7.00300601202e-08 0 	0 	-134.763425572 	
-6.94488977956e-08 0 	0 	-153.381534215 	
-6.88677354709e-08 0 	0 	-171.027542784 	
-6.82865731463e-08 0 	0 	-188.673551353 	
-6.77054108216e-08 0 	0 	-206.319559922 	
-6.7124248497e-08 0 	0 	-221.971228171 	
-6.65430861723e-08 0 	0 	-235.602026264 	
-6.59619238477e-08 0 	0 	-249.232824357 	
-6.5380761523e-08 0 	0 	-262.86362245 	
-6.47995991984e-08 0 	0 	-276.229325807 	
-6.42184368737e-08 0 	0 	-286.696883775 	
-6.36372745491e-08 0 	0 	-297.164441742 	
-6.30561122244e-08 0 	0 	-307.63199971 	
-6.24749498998e-08 0 	0 	-318.099557677 	
-6.18937875752e-08 0 	0 	-327.162446129 	
-6.13126252505e-08 0 	0 	-335.15295365 	
-6.07314629259e-08 0 	0 	-343.143461171 	
-6.01503006012e-08 0 	0 	-351.133968692 	
-5.95691382766e-08 0 	0 	-359.124476213 	
-5.89879759519e-08 0 	0 	-365.295019855 	
-5.84068136273e-08 0 	0 	-371.357719544 	
-5.78256513026e-08 0 	0 	-377.420419232 	
-5.7244488978e-08 0 	0 	-383.48311892 	
-5.66633266533e-08 0 	0 	-389.229346796 	
-5.60821643287e-08 0 	0 	-393.801082255 	
-5.5501002004e-08 0 	0 	-398.372817713 	
-5.49198396794e-08 0 	0 	-402.944553172 	
-5.43386773547e-08 0 	0 	-407.51628863 	
-5.37575150301e-08 0 	0 	-411.665101666 	
-5.31763527054e-08 0 	0 	-415.091068659 	
-5.25951903808e-08 0 	0 	-418.517035652 	
-5.20140280561e-08 0 	0 	-421.943002645 	
-5.14328657315e-08 0 	0 	-425.368969639 	
-5.08517034068e-08 0 	0 	-428.434512856 	
-5.02705410822e-08 0 	0 	-430.985685508 	
-4.96893787575e-08 0 	0 	-433.53685816 	
-4.91082164329e-08 0 	0 	-436.088030812 	
-4.85270541082e-08 0 	0 	-438.639203464 	
-4.79458917836e-08 0 	0 	-440.965936635 	
-4.73647294589e-08 0 	0 	-442.853591322 	
-4.67835671343e-08 0 	0 	-444.741246008 	
-4.62024048096e-08 0 	0 	-446.628900695 	
-4.5621242485e-08 0 	0 	-448.516555382 	
-4.50400801603e-08 0 	0 	-450.331664442 	
-4.44589178357e-08 0 	0 	-451.719395222 	
-4.3877755511e-08 0 	0 	-453.107126002 	
-4.32965931864e-08 0 	0 	-454.494856781 	
-4.27154308617e-08 0 	0 	-455.882587561 	
-4.21342685371e-08 0 	0 	-457.27031834 	
-4.15531062124e-08 0 	0 	-458.34759495 	
-4.09719438878e-08 0 	0 	-459.361180824 	
-4.03907815631e-08 0 	0 	-460.374766698 	
-3.98096192385e-08 0 	0 	-461.388352573 	
-3.92284569138e-08 0 	0 	-462.401938447 	
-3.86472945892e-08 0 	0 	-463.307230482 	
-3.80661322645e-08 0 	0 	-464.042676955 	
-3.74849699399e-08 0 	0 	-464.778123427 	
-3.69038076152e-08 0 	0 	-465.5135699 	
-3.63226452906e-08 0 	0 	-466.249016372 	
-3.57414829659e-08 0 	0 	-466.984462844 	
-3.51603206413e-08 0 	0 	-467.551289287 	
-3.45791583166e-08 0 	0 	-468.08133038 	
-3.3997995992e-08 0 	0 	-468.611371473 	
-3.34168336673e-08 0 	0 	-469.141412566 	
-3.28356713427e-08 0 	0 	-469.671453659 	
-3.2254509018e-08 0 	0 	-470.183189255 	
-3.16733466934e-08 0 	0 	-470.56249939 	
-3.10921843687e-08 0 	0 	-470.941809525 	
-3.05110220441e-08 0 	0 	-471.32111966 	
-2.99298597194e-08 0 	0 	-471.700429795 	
-2.93486973948e-08 0 	0 	-472.07973993 	
-2.87675350701e-08 0 	0 	-472.427393713 	
-2.81863727455e-08 0 	0 	-472.696733247 	
-2.76052104208e-08 0 	0 	-472.966072781 	
-2.70240480962e-08 0 	0 	-473.235412314 	
-2.64428857715e-08 0 	0 	-473.504751848 	
-2.58617234469e-08 0 	0 	-473.774091382 	
-2.52805611222e-08 0 	0 	-474.01811375 	
-2.46993987976e-08 0 	0 	-474.207590648 	
-2.41182364729e-08 0 	0 	-474.397067547 	
-2.35370741483e-08 0 	0 	-474.586544445 	
-2.29559118236e-08 0 	0 	-474.776021343 	
-2.2374749499e-08 0 	0 	-474.965498241 	
-2.17935871743e-08 0 	0 	-475.143074504 	
-2.12124248497e-08 0 	0 	-475.274684571 	
-2.0631262525e-08 0 	0 	-475.406294639 	
-2.00501002004e-08 0 	0 	-475.537904706 	
-1.94689378758e-08 0 	0 	-475.669514773 	
-1.88877755511e-08 0 	0 	-475.80112484 	
-1.83066132265e-08 0 	0 	-475.932734907 	
-1.77254509018e-08 0 	0 	-476.024392149 	
-1.71442885772e-08 0 	0 	-476.11396855 	
-1.65631262525e-08 0 	0 	-476.20354495 	
-1.59819639279e-08 0 	0 	-476.29312135 	
-1.54008016032e-08 0 	0 	-476.382697751 	
-1.48196392786e-08 0 	0 	-476.472274151 	
-1.42384769539e-08 0 	0 	-476.544913014 	
-1.36573146293e-08 0 	0 	-476.603589721 	
-1.30761523046e-08 0 	0 	-476.662266428 	
-1.249498998e-08 0 	0 	-476.720943135 	
-1.19138276553e-08 0 	0 	-476.779619842 	
-1.13326653307e-08 0 	0 	-476.838296549 	
-1.0751503006e-08 0 	0 	-476.896973257 	
-1.01703406814e-08 0 	0 	-476.932357554 	
-9.58917835671e-09 0 	0 	-476.967628144 	
-9.00801603206e-09 0 	0 	-477.002898734 	
-8.42685370741e-09 0 	0 	-477.038169324 	
-7.84569138277e-09 0 	0 	-477.073439914 	
-7.26452905812e-09 0 	0 	-477.108710504 	
-6.68336673347e-09 0 	0 	-477.138553857 	
-6.10220440882e-09 0 	0 	-477.154975896 	
-5.52104208417e-09 0 	0 	-477.171397936 	
-4.93987975952e-09 0 	0 	-477.187819976 	
-4.35871743487e-09 0 	0 	-477.204242016 	
-3.77755511022e-09 0 	0 	-477.220664055 	
-3.19639278557e-09 0 	0 	-477.237086095 	
-2.61523046092e-09 0 	0 	-477.246380416 	
-2.03406813627e-09 0 	0 	-477.245948435 	
-1.45290581162e-09 0 	0 	-477.245516455 	
-8.71743486974e-10 0 	0 	-477.245084474 	
-2.90581162324e-10 0 	0 	-477.244652494 	
2.90581162325e-10 0 	0 	-477.244220514 	
8.71743486974e-10 0 	0 	-477.243788533 	
1.45290581162e-09 0 	0 	-477.236459392 	
2.03406813627e-09 0 	0 	-477.218625188 	
2.61523046092e-09 0 	0 	-477.200790984 	
3.19639278557e-09 0 	0 	-477.18295678 	
3.77755511022e-09 0 	0 	-477.165122576 	
4.35871743487e-09 0 	0 	-477.147288372 	
4.93987975952e-09 0 	0 	-477.129454169 	
5.52104208417e-09 0 	0 	-477.107346062 	
6.10220440882e-09 0 	0 	-477.068604837 	
6.68336673347e-09 0 	0 	-477.029863612 	
7.26452905812e-09 0 	0 	-476.991122387 	
7.84569138277e-09 0 	0 	-476.952381162 	
8.42685370742e-09 0 	0 	-476.913639937 	
9.00801603206e-09 0 	0 	-476.874898712 	
9.58917835671e-09 0 	0 	-476.836157487 	
1.01703406814e-08 0 	0 	-476.773473371 	
1.0751503006e-08 0 	0 	-476.706339489 	
1.13326653307e-08 0 	0 	-476.639205606 	
1.19138276553e-08 0 	0 	-476.572071724 	
1.249498998e-08 0 	0 	-476.504937842 	
1.30761523046e-08 0 	0 	-476.43780396 	
1.36573146293e-08 0 	0 	-476.370670077 	
1.42384769539e-08 0 	0 	-476.29061636 	
1.48196392786e-08 0 	0 	-476.181659282 	
1.54008016032e-08 0 	0 	-476.072702203 	
1.59819639279e-08 0 	0 	-475.963745124 	
1.65631262525e-08 0 	0 	-475.854788045 	
1.71442885772e-08 0 	0 	-475.745830967 	
1.77254509018e-08 0 	0 	-475.636873888 	
1.83066132265e-08 0 	0 	-475.527916809 	
1.88877755511e-08 0 	0 	-475.380308591 	
1.94689378758e-08 0 	0 	-475.206637664 	
2.00501002004e-08 0 	0 	-475.032966737 	
2.06312625251e-08 0 	0 	-474.85929581 	
2.12124248497e-08 0 	0 	-474.685624883 	
2.17935871743e-08 0 	0 	-474.511953955 	
2.2374749499e-08 0 	0 	-474.338283028 	
2.29559118236e-08 0 	0 	-474.164612101 	
2.35370741483e-08 0 	0 	-473.918262347 	
2.41182364729e-08 0 	0 	-473.641375844 	
2.46993987976e-08 0 	0 	-473.364489341 	
2.52805611222e-08 0 	0 	-473.087602838 	
2.58617234469e-08 0 	0 	-472.810716334 	
2.64428857715e-08 0 	0 	-472.533829831 	
2.70240480962e-08 0 	0 	-472.256943328 	
2.76052104208e-08 0 	0 	-471.980056824 	
2.81863727455e-08 0 	0 	-471.598079155 	
2.87675350701e-08 0 	0 	-471.153126512 	
2.93486973948e-08 0 	0 	-470.708173869 	
2.99298597194e-08 0 	0 	-470.263221226 	
3.05110220441e-08 0 	0 	-469.818268582 	
3.10921843687e-08 0 	0 	-469.373315939 	
3.16733466934e-08 0 	0 	-468.928363296 	
3.2254509018e-08 0 	0 	-468.483410653 	
3.28356713427e-08 0 	0 	-467.939350879 	
3.34168336673e-08 0 	0 	-467.216275744 	
3.3997995992e-08 0 	0 	-466.49320061 	
3.45791583166e-08 0 	0 	-465.770125475 	
3.51603206413e-08 0 	0 	-465.04705034 	
3.57414829659e-08 0 	0 	-464.323975205 	
3.63226452906e-08 0 	0 	-463.600900071 	
3.69038076152e-08 0 	0 	-462.877824936 	
3.74849699399e-08 0 	0 	-462.154749801 	
3.80661322645e-08 0 	0 	-461.014918799 	
3.86472945892e-08 0 	0 	-459.825054287 	
3.92284569138e-08 0 	0 	-458.635189775 	
3.98096192385e-08 0 	0 	-457.445325263 	
4.03907815631e-08 0 	0 	-456.255460751 	
4.09719438878e-08 0 	0 	-455.065596239 	
4.15531062124e-08 0 	0 	-453.875731727 	
4.21342685371e-08 0 	0 	-452.685867215 	
4.27154308617e-08 0 	0 	-451.313309589 	
4.32965931864e-08 0 	0 	-449.329569265 	
4.3877755511e-08 0 	0 	-447.34582894 	
4.44589178357e-08 0 	0 	-445.362088615 	
4.50400801603e-08 0 	0 	-443.378348291 	
4.5621242485e-08 0 	0 	-441.394607966 	
4.62024048096e-08 0 	0 	-439.410867641 	
4.67835671343e-08 0 	0 	-437.427127317 	
4.73647294589e-08 0 	0 	-435.443386992 	
4.79458917836e-08 0 	0 	-432.96235794 	
4.85270541082e-08 0 	0 	-429.610939818 	
4.91082164329e-08 0 	0 	-426.259521696 	
4.96893787575e-08 0 	0 	-422.908103574 	
5.02705410822e-08 0 	0 	-419.556685452 	
5.08517034068e-08 0 	0 	-416.20526733 	
5.14328657315e-08 0 	0 	-412.853849209 	
5.20140280561e-08 0 	0 	-409.502431087 	
5.25951903808e-08 0 	0 	-406.151012965 	
5.31763527054e-08 0 	0 	-402.111213516 	
5.37575150301e-08 0 	0 	-396.373187692 	
5.43386773547e-08 0 	0 	-390.635161869 	
5.49198396794e-08 0 	0 	-384.897136045 	
5.5501002004e-08 0 	0 	-379.159110221 	
5.60821643287e-08 0 	0 	-373.421084397 	
5.66633266533e-08 0 	0 	-367.683058573 	
5.7244488978e-08 0 	0 	-361.94503275 	
5.78256513026e-08 0 	0 	-356.207006926 	
5.84068136273e-08 0 	0 	-350.468981102 	
5.89879759519e-08 0 	0 	-340.513539856 	
5.95691382766e-08 0 	0 	-330.556923307 	
6.01503006012e-08 0 	0 	-320.600306757 	
6.07314629259e-08 0 	0 	-310.643690207 	
6.13126252505e-08 0 	0 	-300.687073658 	
6.18937875752e-08 0 	0 	-290.730457108 	
6.24749498998e-08 0 	0 	-280.773840558 	
6.30561122244e-08 0 	0 	-270.817224009 	
6.36372745491e-08 0 	0 	-260.860607459 	
6.42184368737e-08 0 	0 	-247.183960717 	
6.47995991984e-08 0 	0 	-229.672983543 	
6.5380761523e-08 0 	0 	-212.162006369 	
6.59619238477e-08 0 	0 	-194.651029195 	
6.65430861723e-08 0 	0 	-177.140052021 	
6.7124248497e-08 0 	0 	-159.629074847 	
6.77054108216e-08 0 	0 	-142.118097673 	
6.82865731463e-08 0 	0 	-124.607120499 	
6.88677354709e-08 0 	0 	-107.096143325 	
6.94488977956e-08 0 	0 	-89.5851661512 	
7.00300601202e-08 0 	0 	-61.6371341092 	
7.06112224449e-08 0 	0 	-30.4190183365 	
7.11923847695e-08 0 	0 	0.799097436147 	
7.17735470942e-08 0 	0 	32.0172132088 	
7.23547094188e-08 0 	0 	63.2353289815 	
7.29358717435e-08 0 	0 	94.4534447541 	
7.35170340681e-08 0 	0 	125.671560527 	
7.40981963928e-08 0 	0 	156.889676299 	
7.46793587174e-08 0 	0 	188.107792072 	
7.52605210421e-08 0 	0 	219.325907845 	
7.58416833667e-08 0 	0 	270.745307235 	
7.64228456914e-08 0 	0 	327.169377122 	
7.7004008016e-08 0 	0 	383.593447009 	
7.75851703407e-08 0 	0 	440.017516895 	
7.81663326653e-08 0 	0 	496.441586782 	
7.874749499e-08 0 	0 	552.865656668 	
7.93286573146e-08 0 	0 	609.289726555 	
7.99098196393e-08 0 	0 	665.713796442 	
8.04909819639e-08 0 	0 	722.137866328 	
8.10721442886e-08 0 	0 	778.561936215 	
8.16533066132e-08 0 	0 	863.510879477 	
8.22344689379e-08 0 	0 	966.92063443 	
8.28156312625e-08 0 	0 	1070.33038938 	
8.33967935872e-08 0 	0 	1173.74014434 	
8.39779559118e-08 0 	0 	1277.14989929 	
8.45591182365e-08 0 	0 	1380.55965424 	
8.51402805611e-08 0 	0 	1483.96940919 	
8.57214428858e-08 0 	0 	1587.37916415 	
8.63026052104e-08 0 	0 	1690.7889191 	
8.68837675351e-08 0 	0 	1794.19867405 	
8.74649298597e-08 0 	0 	1912.95955662 	
8.80460921844e-08 0 	0 	2105.17508597 	
8.8627254509e-08 0 	0 	2297.39061532 	
8.92084168337e-08 0 	0 	2489.60614467 	
8.97895791583e-08 0 	0 	2681.82167401 	
9.0370741483e-08 0 	0 	2874.03720336 	
9.09519038076e-08 0 	0 	3066.25273271 	
9.15330661323e-08 0 	0 	3258.46826206 	
9.21142284569e-08 0 	0 	3450.68379141 	
9.26953907816e-08 0 	0 	3642.89932076 	
9.32765531062e-08 0 	0 	3835.11485011 	
9.38577154309e-08 0 	0 	4111.2720805 	
9.44388777555e-08 0 	0 	4473.72080466 	
9.50200400802e-08 0 	0 	4836.16952883 	
9.56012024048e-08 0 	0 	5198.61825299 	
9.61823647295e-08 0 	0 	5561.06697715 	
9.67635270541e-08 0 	0 	5923.51570131 	
9.73446893788e-08 0 	0 	6285.96442547 	
9.79258517034e-08 0 	0 	6648.41314963 	
9.85070140281e-08 0 	0 	7010.8618738 	
9.90881763527e-08 0 	0 	7373.31059796 	
9.96693386774e-08 0 	0 	7735.75932212 	
1.00250501002e-07 0 	0 	8284.26863893 	
1.00831663327e-07 0 	0 	8977.76891655 	
1.01412825651e-07 0 	0 	9671.26919417 	
1.01993987976e-07 0 	0 	10364.7694718 	
1.02575150301e-07 0 	0 	11058.2697494 	
1.03156312625e-07 0 	0 	11751.770027 	
1.0373747495e-07 0 	0 	12445.2703046 	
1.04318637275e-07 0 	0 	13138.7705823 	
1.04899799599e-07 0 	0 	13832.2708599 	
1.05480961924e-07 0 	0 	14525.7711375 	
1.06062124248e-07 0 	0 	15219.2714151 	
1.06643286573e-07 0 	0 	16156.9435499 	
1.07224448898e-07 0 	0 	17503.762934 	
1.07805611222e-07 0 	0 	18850.5823181 	
1.08386773547e-07 0 	0 	20197.4017022 	
1.08967935872e-07 0 	0 	21544.2210863 	
1.09549098196e-07 0 	0 	22891.0404704 	
1.10130260521e-07 0 	0 	24237.8598545 	
1.10711422846e-07 0 	0 	25584.6792386 	
1.1129258517e-07 0 	0 	26931.4986227 	
1.11873747495e-07 0 	0 	28278.3180068 	
1.1245490982e-07 0 	0 	29625.1373909 	
1.13036072144e-07 0 	0 	30971.956775 	
1.13617234469e-07 0 	0 	33525.7575825 	
1.14198396794e-07 0 	0 	36181.4116057 	
1.14779559118e-07 0 	0 	38837.0656289 	
1.15360721443e-07 0 	0 	41492.7196521 	
1.15941883768e-07 0 	0 	44148.3736752 	
1.16523046092e-07 0 	0 	46804.0276984 	
1.17104208417e-07 0 	0 	49459.6817216 	
1.17685370741e-07 0 	0 	52115.3357448 	
1.18266533066e-07 0 	0 	54770.989768 	
1.18847695391e-07 0 	0 	57426.6437912 	
1.19428857715e-07 0 	0 	60082.2978143 	
1.2001002004e-07 0 	0 	63273.6585709 	
1.20591182365e-07 0 	0 	68592.4935157 	
1.21172344689e-07 0 	0 	73911.3284605 	
1.21753507014e-07 0 	0 	79230.1634053 	
1.22334669339e-07 0 	0 	84548.9983501 	
1.22915831663e-07 0 	0 	89867.833295 	
1.23496993988e-07 0 	0 	95186.6682398 	
1.24078156313e-07 0 	0 	100505.503185 	
1.24659318637e-07 0 	0 	105824.338129 	
1.25240480962e-07 0 	0 	111143.173074 	
1.25821643287e-07 0 	0 	116462.008019 	
1.26402805611e-07 0 	0 	121780.842964 	
1.26983967936e-07 0 	0 	128225.629355 	
1.27565130261e-07 0 	0 	139055.245126 	
1.28146292585e-07 0 	0 	149884.860896 	
1.2872745491e-07 0 	0 	160714.476667 	
1.29308617234e-07 0 	0 	171544.092437 	
1.29889779559e-07 0 	0 	182373.708208 	
1.30470941884e-07 0 	0 	193203.323978 	
1.31052104208e-07 0 	0 	204032.939749 	
1.31633266533e-07 0 	0 	214862.555519 	
1.32214428858e-07 0 	0 	225692.17129 	
1.32795591182e-07 0 	0 	236521.78706 	
1.33376753507e-07 0 	0 	247351.402831 	
1.33957915832e-07 0 	0 	258181.018601 	
1.34539078156e-07 0 	0 	279787.102629 	
1.35120240481e-07 0 	0 	302264.622876 	
1.35701402806e-07 0 	0 	324742.143123 	
1.3628256513e-07 0 	0 	347219.663371 	
1.36863727455e-07 0 	0 	369697.183618 	
1.3744488978e-07 0 	0 	392174.703865 	
1.38026052104e-07 0 	0 	414652.224113 	
1.38607214429e-07 0 	0 	437129.74436 	
1.39188376754e-07 0 	0 	459607.264607 	
1.39769539078e-07 0 	0 	482084.784855 	
1.40350701403e-07 0 	0 	504562.305102 	
1.40931863727e-07 0 	0 	527039.825349 	
1.41513026052e-07 0 	0 	552303.024149 	
1.42094188377e-07 0 	0 	582581.122522 	
1.42675350701e-07 0 	0 	612859.220894 	
1.43256513026e-07 0 	0 	643137.319267 	
1.43837675351e-07 0 	0 	673415.417639 	
1.44418837675e-07 0 	0 	703693.516012 	
1.45e-07 0 	0 	733971.614384 	
