-1.45e-07 0 	0 	590829.363708 	
-1.44418837675e-07 0 	0 	556649.744462 	
-1.43837675351e-07 0 	0 	523487.589677 	
-1.43256513026e-07 0 	0 	492621.429841 	
-1.42675350701e-07 0 	0 	463545.727842 	
-1.42094188377e-07 0 	0 	435949.146676 	
-1.41513026052e-07 0 	0 	409725.031483 	
-1.40931863727e-07 0 	0 	385518.629655 	
-1.40350701403e-07 0 	0 	362535.13896 	
-1.39769539078e-07 0 	0 	340620.585238 	
-1.39188376754e-07 0 	0 	320222.964958 	
-1.38607214429e-07 0 	0 	301032.316182 	
-1.38026052104e-07 0 	0 	282661.205767 	
-1.3744488978e-07 0 	0 	265608.099841 	
-1.36863727455e-07 0 	0 	249513.417544 	
-1.3628256513e-07 0 	0 	234038.510548 	
-1.35701402806e-07 0 	0 	219900.277393 	
-1.35120240481e-07 0 	0 	206318.899829 	
-1.34539078156e-07 0 	0 	193487.814968 	
-1.33957915832e-07 0 	0 	181583.964783 	
-1.33376753507e-07 0 	0 	170037.532205 	
-1.32795591182e-07 0 	0 	159541.825319 	
-1.32214428858e-07 0 	0 	149381.574113 	
-1.31633266533e-07 0 	0 	139922.738212 	
-1.31052104208e-07 0 	0 	130981.757214 	
-1.30470941884e-07 0 	0 	122478.311471 	
-1.29889779559e-07 0 	0 	114605.939553 	
-1.29308617234e-07 0 	0 	106980.665041 	
-1.2872745491e-07 0 	0 	100041.64181 	
-1.28146292585e-07 0 	0 	93221.5394949 	
-1.27565130261e-07 0 	0 	87095.1193869 	
-1.26983967936e-07 0 	0 	81011.3566451 	
-1.26402805611e-07 0 	0 	75590.3925682 	
-1.25821643287e-07 0 	0 	70178.237865 	
-1.25240480962e-07 0 	0 	65368.2418192 	
-1.24659318637e-07 0 	0 	60566.9874707 	
-1.24078156313e-07 0 	0 	56285.1764969 	
-1.23496993988e-07 0 	0 	52038.0496563 	
-1.22915831663e-07 0 	0 	48212.3861286 	
-1.22334669339e-07 0 	0 	44466.4484213 	
-1.21753507014e-07 0 	0 	41034.6839409 	
-1.21172344689e-07 0 	0 	37740.7203293 	
-1.20591182365e-07 0 	0 	34649.4524798 	
-1.2001002004e-07 0 	0 	31761.8501018 	
-1.19428857715e-07 0 	0 	28965.6010952 	
-1.18847695391e-07 0 	0 	26442.2190285 	
-1.18266533066e-07 0 	0 	23918.8369618 	
-1.17685370741e-07 0 	0 	21704.5757112 	
-1.17104208417e-07 0 	0 	19506.6066894 	
-1.16523046092e-07 0 	0 	17481.0380616 	
-1.15941883768e-07 0 	0 	15572.863279 	
-1.15360721443e-07 0 	0 	13712.134657 	
-1.14779559118e-07 0 	0 	12061.1728713 	
-1.14198396794e-07 0 	0 	10410.2110855 	
-1.13617234469e-07 0 	0 	8922.44475903 	
-1.13036072144e-07 0 	0 	7498.99693911 	
-1.1245490982e-07 0 	0 	6114.06855137 	
-1.11873747495e-07 0 	0 	4891.1593519 	
-1.1129258517e-07 0 	0 	3668.25015244 	
-1.10711422846e-07 0 	0 	2552.32726798 	
-1.10130260521e-07 0 	0 	1505.5445899 	
-1.09549098196e-07 0 	0 	458.761911816 	
-1.08967935872e-07 0 	0 	-439.763528951 	
-1.08386773547e-07 0 	0 	-1332.42963511 	
-1.07805611222e-07 0 	0 	-2190.93477341 	
-1.07224448898e-07 0 	0 	-2949.25266024 	
-1.06643286573e-07 0 	0 	-3707.57054708 	
-1.06062124248e-07 0 	0 	-4409.55820967 	
-1.05480961924e-07 0 	0 	-5051.21350153 	
-1.04899799599e-07 0 	0 	-5692.8687934 	
-1.04318637275e-07 0 	0 	-6269.31933411 	
-1.0373747495e-07 0 	0 	-6810.07103145 	
-1.03156312625e-07 0 	0 	-7350.82272879 	
-1.02575150301e-07 0 	0 	-7827.00931869 	
-1.01993987976e-07 0 	0 	-8280.84215591 	
-1.01412825651e-07 0 	0 	-8734.67499313 	
-1.00831663327e-07 0 	0 	-9131.01314531 	
-1.00250501002e-07 0 	0 	-9510.28531716 	
-9.96693386774e-08 0 	0 	-9889.55748901 	
-9.90881763527e-08 0 	0 	-10222.3716243 	
-9.85070140281e-08 0 	0 	-10537.9570982 	
-9.79258517034e-08 0 	0 	-10853.5425722 	
-9.73446893788e-08 0 	0 	-11135.7504 	
-9.67635270541e-08 0 	0 	-11397.1751348 	
-9.61823647295e-08 0 	0 	-11658.5998695 	
-9.56012024048e-08 0 	0 	-11900.3166433 	
-9.50200400802e-08 0 	0 	-12115.8881646 	
-9.44388777555e-08 0 	0 	-12331.4596858 	
-9.38577154309e-08 0 	0 	-12540.525502 	
-9.32765531062e-08 0 	0 	-12717.4553889 	
-9.26953907816e-08 0 	0 	-12894.3852757 	
-9.21142284569e-08 0 	0 	-13071.3151626 	
-9.15330661323e-08 0 	0 	-13221.3384837 	
-9.09519038076e-08 0 	0 	-13365.8574356 	
-9.0370741483e-08 0 	0 	-13510.3763875 	
-8.97895791583e-08 0 	0 	-13643.7105932 	
-8.92084168337e-08 0 	0 	-13761.1758542 	
-8.8627254509e-08 0 	0 	-13878.6411151 	
-8.80460921844e-08 0 	0 	-13996.106376 	
-8.74649298597e-08 0 	0 	-14092.9824711 	
-8.68837675351e-08 0 	0 	-14187.9775089 	
-8.63026052104e-08 0 	0 	-14282.9725468 	
-8.57214428858e-08 0 	0 	-14371.7126633 	
-8.51402805611e-08 0 	0 	-14448.1390759 	
-8.45591182365e-08 0 	0 	-14524.5654884 	
-8.39779559118e-08 0 	0 	-14600.9919009 	
-8.33967935872e-08 0 	0 	-14667.1422201 	
-8.28156312625e-08 0 	0 	-14728.3039544 	
-8.22344689379e-08 0 	0 	-14789.4656887 	
-8.16533066132e-08 0 	0 	-14850.627423 	
-8.10721442886e-08 0 	0 	-14900.2645079 	
-8.04909819639e-08 0 	0 	-14948.944553 	
-7.99098196393e-08 0 	0 	-14997.6245981 	
-7.93286573146e-08 0 	0 	-15045.4396724 	
-7.874749499e-08 0 	0 	-15083.9694446 	
-7.81663326653e-08 0 	0 	-15122.4992167 	
-7.75851703407e-08 0 	0 	-15161.0289888 	
-7.7004008016e-08 0 	0 	-15198.2717905 	
-7.64228456914e-08 0 	0 	-15228.5935234 	
-7.58416833667e-08 0 	0 	-15258.9152562 	
-7.52605210421e-08 0 	0 	-15289.2369891 	
-7.46793587174e-08 0 	0 	-15318.6616741 	
-7.40981963928e-08 0 	0 	-15342.3841425 	
-7.35170340681e-08 0 	0 	-15366.1066108 	
-7.29358717435e-08 0 	0 	-15389.8290792 	
-7.23547094188e-08 0 	0 	-15413.4436626 	
-7.17735470942e-08 0 	0 	-15431.8916341 	
-7.11923847695e-08 0 	0 	-15450.3396056 	
-7.06112224449e-08 0 	0 	-15468.7875771 	
-7.00300601202e-08 0 	0 	-15487.2355485 	
-6.94488977956e-08 0 	0 	-15502.2973188 	
-6.88677354709e-08 0 	0 	-15516.5551488 	
-6.82865731463e-08 0 	0 	-15530.8129788 	
-6.77054108216e-08 0 	0 	-15545.0708088 	
-6.7124248497e-08 0 	0 	-15557.685552 	
-6.65430861723e-08 0 	0 	-15568.6353512 	
-6.59619238477e-08 0 	0 	-15579.5851503 	
-6.5380761523e-08 0 	0 	-15590.5349495 	
-6.47995991984e-08 0 	0 	-15601.2672779 	
-6.42184368737e-08 0 	0 	-15609.6221103 	
-6.36372745491e-08 0 	0 	-15617.9769427 	
-6.30561122244e-08 0 	0 	-15626.3317751 	
-6.24749498998e-08 0 	0 	-15634.6866074 	
-6.18937875752e-08 0 	0 	-15641.8946579 	
-6.13126252505e-08 0 	0 	-15648.2272091 	
-6.07314629259e-08 0 	0 	-15654.5597604 	
-6.01503006012e-08 0 	0 	-15660.8923116 	
-5.95691382766e-08 0 	0 	-15667.2248629 	
-5.89879759519e-08 0 	0 	-15672.0795904 	
-5.84068136273e-08 0 	0 	-15676.8467478 	
-5.78256513026e-08 0 	0 	-15681.6139052 	
-5.7244488978e-08 0 	0 	-15686.3810627 	
-5.66633266533e-08 0 	0 	-15690.8927929 	
-5.60821643287e-08 0 	0 	-15694.45658 	
-5.5501002004e-08 0 	0 	-15698.0203671 	
-5.49198396794e-08 0 	0 	-15701.5841541 	
-5.43386773547e-08 0 	0 	-15705.1479412 	
-5.37575150301e-08 0 	0 	-15708.3726866 	
-5.31763527054e-08 0 	0 	-15711.0179522 	
-5.25951903808e-08 0 	0 	-15713.6632178 	
-5.20140280561e-08 0 	0 	-15716.3084834 	
-5.14328657315e-08 0 	0 	-15718.953749 	
-5.08517034068e-08 0 	0 	-15721.3122523 	
-5.02705410822e-08 0 	0 	-15723.2615094 	
-4.96893787575e-08 0 	0 	-15725.2107664 	
-4.91082164329e-08 0 	0 	-15727.1600234 	
-4.85270541082e-08 0 	0 	-15729.1092804 	
-4.79458917836e-08 0 	0 	-15730.8814692 	
-4.73647294589e-08 0 	0 	-15732.3072536 	
-4.67835671343e-08 0 	0 	-15733.7330379 	
-4.62024048096e-08 0 	0 	-15735.1588223 	
-4.5621242485e-08 0 	0 	-15736.5846067 	
-4.50400801603e-08 0 	0 	-15737.9536937 	
-4.44589178357e-08 0 	0 	-15738.9887677 	
-4.3877755511e-08 0 	0 	-15740.0238417 	
-4.32965931864e-08 0 	0 	-15741.0589157 	
-4.27154308617e-08 0 	0 	-15742.0939897 	
-4.21342685371e-08 0 	0 	-15743.1290637 	
-4.15531062124e-08 0 	0 	-15743.9240404 	
-4.09719438878e-08 0 	0 	-15744.6697602 	
-4.03907815631e-08 0 	0 	-15745.4154801 	
-3.98096192385e-08 0 	0 	-15746.1611999 	
-3.92284569138e-08 0 	0 	-15746.9069198 	
-3.86472945892e-08 0 	0 	-15747.5698626 	
-3.80661322645e-08 0 	0 	-15748.1029798 	
-3.74849699399e-08 0 	0 	-15748.636097 	
-3.69038076152e-08 0 	0 	-15749.1692142 	
-3.63226452906e-08 0 	0 	-15749.7023314 	
-3.57414829659e-08 0 	0 	-15750.2354486 	
-3.51603206413e-08 0 	0 	-15750.6413435 	
-3.45791583166e-08 0 	0 	-15751.0194842 	
-3.3997995992e-08 0 	0 	-15751.397625 	
-3.34168336673e-08 0 	0 	-15751.7757657 	
-3.28356713427e-08 0 	0 	-15752.1539064 	
-3.2254509018e-08 0 	0 	-15752.5184343 	
-3.16733466934e-08 0 	0 	-15752.7844846 	
-3.10921843687e-08 0 	0 	-15753.0505349 	
-3.05110220441e-08 0 	0 	-15753.3165852 	
-2.99298597194e-08 0 	0 	-15753.5826355 	
-2.93486973948e-08 0 	0 	-15753.8486858 	
-2.87675350701e-08 0 	0 	-15754.0915701 	
-2.81863727455e-08 0 	0 	-15754.2771444 	
-2.76052104208e-08 0 	0 	-15754.4627188 	
-2.70240480962e-08 0 	0 	-15754.6482931 	
-2.64428857715e-08 0 	0 	-15754.8338674 	
-2.58617234469e-08 0 	0 	-15755.0194418 	
-2.52805611222e-08 0 	0 	-15755.1868158 	
-2.46993987976e-08 0 	0 	-15755.3149775 	
-2.41182364729e-08 0 	0 	-15755.4431393 	
-2.35370741483e-08 0 	0 	-15755.571301 	
-2.29559118236e-08 0 	0 	-15755.6994627 	
-2.2374749499e-08 0 	0 	-15755.8276244 	
-2.17935871743e-08 0 	0 	-15755.9473975 	
-2.12124248497e-08 0 	0 	-15756.0347693 	
-2.0631262525e-08 0 	0 	-15756.1221411 	
-2.00501002004e-08 0 	0 	-15756.2095129 	
-1.94689378758e-08 0 	0 	-15756.2968847 	
-1.88877755511e-08 0 	0 	-15756.3842565 	
-1.83066132265e-08 0 	0 	-15756.4716283 	
-1.77254509018e-08 0 	0 	-15756.5314388 	
-1.71442885772e-08 0 	0 	-15756.5898139 	
-1.65631262525e-08 0 	0 	-15756.6481889 	
-1.59819639279e-08 0 	0 	-15756.706564 	
-1.54008016032e-08 0 	0 	-15756.764939 	
-1.48196392786e-08 0 	0 	-15756.8233141 	
-1.42384769539e-08 0 	0 	-15756.8702737 	
-1.36573146293e-08 0 	0 	-15756.9078231 	
-1.30761523046e-08 0 	0 	-15756.9453726 	
-1.249498998e-08 0 	0 	-15756.982922 	
-1.19138276553e-08 0 	0 	-15757.0204715 	
-1.13326653307e-08 0 	0 	-15757.0580209 	
-1.0751503006e-08 0 	0 	-15757.0955704 	
-1.01703406814e-08 0 	0 	-15757.1177909 	
-9.58917835671e-09 0 	0 	-15757.1399365 	
-9.00801603206e-09 0 	0 	-15757.1620821 	
-8.42685370741e-09 0 	0 	-15757.1842278 	
-7.84569138277e-09 0 	0 	-15757.2063734 	
-7.26452905812e-09 0 	0 	-15757.2285191 	
-6.68336673347e-09 0 	0 	-15757.2471667 	
-6.10220440882e-09 0 	0 	-15757.2571638 	
-5.52104208417e-09 0 	0 	-15757.2671609 	
-4.93987975952e-09 0 	0 	-15757.2771581 	
-4.35871743487e-09 0 	0 	-15757.2871552 	
-3.77755511022e-09 0 	0 	-15757.2971523 	
-3.19639278557e-09 0 	0 	-15757.3071494 	
-2.61523046092e-09 0 	0 	-15757.3126045 	
-2.03406813627e-09 0 	0 	-15757.3118614 	
-1.45290581162e-09 0 	0 	-15757.3111184 	
-8.71743486974e-10 0 	0 	-15757.3103754 	
-2.90581162324e-10 0 	0 	-15757.3096323 	
2.90581162325e-10 0 	0 	-15757.3088893 	
8.71743486974e-10 0 	0 	-15757.3081462 	
1.45290581162e-09 0 	0 	-15757.3029878 	
2.03406813627e-09 0 	0 	-15757.2911043 	
2.61523046092e-09 0 	0 	-15757.2792208 	
3.19639278557e-09 0 	0 	-15757.2673372 	
3.77755511022e-09 0 	0 	-15757.2554537 	
4.35871743487e-09 0 	0 	-15757.2435702 	
4.93987975952e-09 0 	0 	-15757.2316866 	
5.52104208417e-09 0 	0 	-15757.2170127 	
6.10220440882e-09 0 	0 	-15757.1914789 	
6.68336673347e-09 0 	0 	-15757.1659451 	
7.26452905812e-09 0 	0 	-15757.1404113 	
7.84569138277e-09 0 	0 	-15757.1148775 	
8.42685370742e-09 0 	0 	-15757.0893437 	
9.00801603206e-09 0 	0 	-15757.0638099 	
9.58917835671e-09 0 	0 	-15757.0382761 	
1.01703406814e-08 0 	0 	-15756.9966777 	
1.0751503006e-08 0 	0 	-15756.9520938 	
1.13326653307e-08 0 	0 	-15756.9075098 	
1.19138276553e-08 0 	0 	-15756.8629258 	
1.249498998e-08 0 	0 	-15756.8183418 	
1.30761523046e-08 0 	0 	-15756.7737579 	
1.36573146293e-08 0 	0 	-15756.7291739 	
1.42384769539e-08 0 	0 	-15756.6756712 	
1.48196392786e-08 0 	0 	-15756.6022163 	
1.54008016032e-08 0 	0 	-15756.5287614 	
1.59819639279e-08 0 	0 	-15756.4553065 	
1.65631262525e-08 0 	0 	-15756.3818516 	
1.71442885772e-08 0 	0 	-15756.3083967 	
1.77254509018e-08 0 	0 	-15756.2349418 	
1.83066132265e-08 0 	0 	-15756.1614869 	
1.88877755511e-08 0 	0 	-15756.0606264 	
1.94689378758e-08 0 	0 	-15755.9412862 	
2.00501002004e-08 0 	0 	-15755.821946 	
2.06312625251e-08 0 	0 	-15755.7026058 	
2.12124248497e-08 0 	0 	-15755.5832657 	
2.17935871743e-08 0 	0 	-15755.4639255 	
2.2374749499e-08 0 	0 	-15755.3445853 	
2.29559118236e-08 0 	0 	-15755.2252451 	
2.35370741483e-08 0 	0 	-15755.0530909 	
2.41182364729e-08 0 	0 	-15754.8587464 	
2.46993987976e-08 0 	0 	-15754.664402 	
2.52805611222e-08 0 	0 	-15754.4700575 	
2.58617234469e-08 0 	0 	-15754.275713 	
2.64428857715e-08 0 	0 	-15754.0813685 	
2.70240480962e-08 0 	0 	-15753.887024 	
2.76052104208e-08 0 	0 	-15753.6926796 	
2.81863727455e-08 0 	0 	-15753.4202379 	
2.87675350701e-08 0 	0 	-15753.1009972 	
2.93486973948e-08 0 	0 	-15752.7817564 	
2.99298597194e-08 0 	0 	-15752.4625157 	
3.05110220441e-08 0 	0 	-15752.143275 	
3.10921843687e-08 0 	0 	-15751.8240342 	
3.16733466934e-08 0 	0 	-15751.5047935 	
3.2254509018e-08 0 	0 	-15751.1855528 	
3.28356713427e-08 0 	0 	-15750.7911487 	
3.34168336673e-08 0 	0 	-15750.2609783 	
3.3997995992e-08 0 	0 	-15749.7308079 	
3.45791583166e-08 0 	0 	-15749.2006375 	
3.51603206413e-08 0 	0 	-15748.6704672 	
3.57414829659e-08 0 	0 	-15748.1402968 	
3.63226452906e-08 0 	0 	-15747.6101264 	
3.69038076152e-08 0 	0 	-15747.0799561 	
3.74849699399e-08 0 	0 	-15746.5497857 	
3.80661322645e-08 0 	0 	-15745.6976939 	
3.86472945892e-08 0 	0 	-15744.8069538 	
3.92284569138e-08 0 	0 	-15743.9162138 	
3.98096192385e-08 0 	0 	-15743.0254738 	
4.03907815631e-08 0 	0 	-15742.1347338 	
4.09719438878e-08 0 	0 	-15741.2439938 	
4.15531062124e-08 0 	0 	-15740.3532538 	
4.21342685371e-08 0 	0 	-15739.4625137 	
4.27154308617e-08 0 	0 	-15738.4283197 	
4.32965931864e-08 0 	0 	-15736.9142139 	
4.3877755511e-08 0 	0 	-15735.4001081 	
4.44589178357e-08 0 	0 	-15733.8860023 	
4.50400801603e-08 0 	0 	-15732.3718964 	
4.5621242485e-08 0 	0 	-15730.8577906 	
4.62024048096e-08 0 	0 	-15729.3436848 	
4.67835671343e-08 0 	0 	-15727.829579 	
4.73647294589e-08 0 	0 	-15726.3154731 	
4.79458917836e-08 0 	0 	-15724.4051796 	
4.85270541082e-08 0 	0 	-15721.801451 	
4.91082164329e-08 0 	0 	-15719.1977223 	
4.96893787575e-08 0 	0 	-15716.5939937 	
5.02705410822e-08 0 	0 	-15713.990265 	
5.08517034068e-08 0 	0 	-15711.3865364 	
5.14328657315e-08 0 	0 	-15708.7828077 	
5.20140280561e-08 0 	0 	-15706.1790791 	
5.25951903808e-08 0 	0 	-15703.5753504 	
5.31763527054e-08 0 	0 	-15700.4161865 	
5.37575150301e-08 0 	0 	-15695.886772 	
5.43386773547e-08 0 	0 	-15691.3573575 	
5.49198396794e-08 0 	0 	-15686.827943 	
5.5501002004e-08 0 	0 	-15682.2985285 	
5.60821643287e-08 0 	0 	-15677.769114 	
5.66633266533e-08 0 	0 	-15673.2396995 	
5.7244488978e-08 0 	0 	-15668.710285 	
5.78256513026e-08 0 	0 	-15664.1808705 	
5.84068136273e-08 0 	0 	-15659.651456 	
5.89879759519e-08 0 	0 	-15651.6816687 	
5.95691382766e-08 0 	0 	-15643.7109227 	
6.01503006012e-08 0 	0 	-15635.7401767 	
6.07314629259e-08 0 	0 	-15627.7694306 	
6.13126252505e-08 0 	0 	-15619.7986846 	
6.18937875752e-08 0 	0 	-15611.8279386 	
6.24749498998e-08 0 	0 	-15603.8571925 	
6.30561122244e-08 0 	0 	-15595.8864465 	
6.36372745491e-08 0 	0 	-15587.9157005 	
6.42184368737e-08 0 	0 	-15576.8820469 	
6.47995991984e-08 0 	0 	-15562.6913761 	
6.5380761523e-08 0 	0 	-15548.5007052 	
6.59619238477e-08 0 	0 	-15534.3100344 	
6.65430861723e-08 0 	0 	-15520.1193636 	
6.7124248497e-08 0 	0 	-15505.9286927 	
6.77054108216e-08 0 	0 	-15491.7380219 	
6.82865731463e-08 0 	0 	-15477.5473511 	
6.88677354709e-08 0 	0 	-15463.3566802 	
6.94488977956e-08 0 	0 	-15449.1660094 	
7.00300601202e-08 0 	0 	-15426.3158474 	
7.06112224449e-08 0 	0 	-15400.7525387 	
7.11923847695e-08 0 	0 	-15375.18923 	
7.17735470942e-08 0 	0 	-15349.6259213 	
7.23547094188e-08 0 	0 	-15324.0626126 	
7.29358717435e-08 0 	0 	-15298.4993039 	
7.35170340681e-08 0 	0 	-15272.9359952 	
7.40981963928e-08 0 	0 	-15247.3726865 	
7.46793587174e-08 0 	0 	-15221.8093778 	
7.52605210421e-08 0 	0 	-15196.2460692 	
7.58416833667e-08 0 	0 	-15153.8197266 	
7.64228456914e-08 0 	0 	-15107.2157322 	
7.7004008016e-08 0 	0 	-15060.6117379 	
7.75851703407e-08 0 	0 	-15014.0077435 	
7.81663326653e-08 0 	0 	-14967.4037492 	
7.874749499e-08 0 	0 	-14920.7997549 	
7.93286573146e-08 0 	0 	-14874.1957605 	
7.99098196393e-08 0 	0 	-14827.5917662 	
8.04909819639e-08 0 	0 	-14780.9877718 	
8.10721442886e-08 0 	0 	-14734.3837775 	
8.16533066132e-08 0 	0 	-14663.8606681 	
8.22344689379e-08 0 	0 	-14577.8575153 	
8.28156312625e-08 0 	0 	-14491.8543626 	
8.33967935872e-08 0 	0 	-14405.8512098 	
8.39779559118e-08 0 	0 	-14319.848057 	
8.45591182365e-08 0 	0 	-14233.8449042 	
8.51402805611e-08 0 	0 	-14147.8417514 	
8.57214428858e-08 0 	0 	-14061.8385986 	
8.63026052104e-08 0 	0 	-13975.8354458 	
8.68837675351e-08 0 	0 	-13889.832293 	
8.74649298597e-08 0 	0 	-13790.9185639 	
8.80460921844e-08 0 	0 	-13630.2281465 	
8.8627254509e-08 0 	0 	-13469.5377291 	
8.92084168337e-08 0 	0 	-13308.8473118 	
8.97895791583e-08 0 	0 	-13148.1568944 	
9.0370741483e-08 0 	0 	-12987.466477 	
9.09519038076e-08 0 	0 	-12826.7760596 	
9.15330661323e-08 0 	0 	-12666.0856422 	
9.21142284569e-08 0 	0 	-12505.3952248 	
9.26953907816e-08 0 	0 	-12344.7048075 	
9.32765531062e-08 0 	0 	-12184.0143901 	
9.38577154309e-08 0 	0 	-11952.6313322 	
9.44388777555e-08 0 	0 	-11648.5767241 	
9.50200400802e-08 0 	0 	-11344.522116 	
9.56012024048e-08 0 	0 	-11040.4675079 	
9.61823647295e-08 0 	0 	-10736.4128998 	
9.67635270541e-08 0 	0 	-10432.3582917 	
9.73446893788e-08 0 	0 	-10128.3036835 	
9.79258517034e-08 0 	0 	-9824.24907543 	
9.85070140281e-08 0 	0 	-9520.19446732 	
9.90881763527e-08 0 	0 	-9216.1398592 	
9.96693386774e-08 0 	0 	-8912.08525109 	
1.00250501002e-07 0 	0 	-8451.38128983 	
1.00831663327e-07 0 	0 	-7868.60558893 	
1.01412825651e-07 0 	0 	-7285.82988802 	
1.01993987976e-07 0 	0 	-6703.05418712 	
1.02575150301e-07 0 	0 	-6120.27848621 	
1.03156312625e-07 0 	0 	-5537.50278531 	
1.0373747495e-07 0 	0 	-4954.72708441 	
1.04318637275e-07 0 	0 	-4371.9513835 	
1.04899799599e-07 0 	0 	-3789.1756826 	
1.05480961924e-07 0 	0 	-3206.3999817 	
1.06062124248e-07 0 	0 	-2623.62428079 	
1.06643286573e-07 0 	0 	-1835.68233452 	
1.07224448898e-07 0 	0 	-703.953000374 	
1.07805611222e-07 0 	0 	427.776333772 	
1.08386773547e-07 0 	0 	1559.50566792 	
1.08967935872e-07 0 	0 	2691.23500206 	
1.09549098196e-07 0 	0 	3822.96433621 	
1.10130260521e-07 0 	0 	4954.69367036 	
1.10711422846e-07 0 	0 	6086.4230045 	
1.1129258517e-07 0 	0 	7218.15233865 	
1.11873747495e-07 0 	0 	8349.88167279 	
1.1245490982e-07 0 	0 	9481.61100694 	
1.13036072144e-07 0 	0 	10613.3403411 	
1.13617234469e-07 0 	0 	12755.4052332 	
1.14198396794e-07 0 	0 	14982.7290394 	
1.14779559118e-07 0 	0 	17210.0528457 	
1.15360721443e-07 0 	0 	19437.3766519 	
1.15941883768e-07 0 	0 	21664.7004581 	
1.16523046092e-07 0 	0 	23892.0242644 	
1.17104208417e-07 0 	0 	26119.3480706 	
1.17685370741e-07 0 	0 	28346.6718768 	
1.18266533066e-07 0 	0 	30573.9956831 	
1.18847695391e-07 0 	0 	32801.3194893 	
1.19428857715e-07 0 	0 	35028.6432955 	
1.2001002004e-07 0 	0 	37701.8242586 	
1.20591182365e-07 0 	0 	42145.6560905 	
1.21172344689e-07 0 	0 	46589.4879223 	
1.21753507014e-07 0 	0 	51033.3197542 	
1.22334669339e-07 0 	0 	55477.151586 	
1.22915831663e-07 0 	0 	59920.9834179 	
1.23496993988e-07 0 	0 	64364.8152497 	
1.24078156313e-07 0 	0 	68808.6470816 	
1.24659318637e-07 0 	0 	73252.4789135 	
1.25240480962e-07 0 	0 	77696.3107453 	
1.25821643287e-07 0 	0 	82140.1425772 	
1.26402805611e-07 0 	0 	86583.974409 	
1.26983967936e-07 0 	0 	91957.3250637 	
1.27565130261e-07 0 	0 	100950.531134 	
1.28146292585e-07 0 	0 	109943.737205 	
1.2872745491e-07 0 	0 	118936.943275 	
1.29308617234e-07 0 	0 	127930.149346 	
1.29889779559e-07 0 	0 	136923.355416 	
1.30470941884e-07 0 	0 	145916.561487 	
1.31052104208e-07 0 	0 	154909.767557 	
1.31633266533e-07 0 	0 	163902.973628 	
1.32214428858e-07 0 	0 	172896.179698 	
1.32795591182e-07 0 	0 	181889.385769 	
1.33376753507e-07 0 	0 	190882.591839 	
1.33957915832e-07 0 	0 	199875.79791 	
1.34539078156e-07 0 	0 	217659.045812 	
1.35120240481e-07 0 	0 	236153.098093 	
1.35701402806e-07 0 	0 	254647.150374 	
1.3628256513e-07 0 	0 	273141.202655 	
1.36863727455e-07 0 	0 	291635.254936 	
1.3744488978e-07 0 	0 	310129.307217 	
1.38026052104e-07 0 	0 	328623.359498 	
1.38607214429e-07 0 	0 	347117.411779 	
1.39188376754e-07 0 	0 	365611.46406 	
1.39769539078e-07 0 	0 	384105.516342 	
1.40350701403e-07 0 	0 	402599.568623 	
1.40931863727e-07 0 	0 	421093.620904 	
1.41513026052e-07 0 	0 	441850.261641 	
1.42094188377e-07 0 	0 	466680.112431 	
1.42675350701e-07 0 	0 	491509.963221 	
1.43256513026e-07 0 	0 	516339.814011 	
1.43837675351e-07 0 	0 	541169.6648 	
1.44418837675e-07 0 	0 	565999.51559 	
1.45e-07 0 	0 	590829.36638 	
