-1.45e-07 0.023776412919 1.50950082665 0.655934495453
-1.44418837675e-07 0.0231489449143 1.4734594163 0.672123985403
-1.43837675351e-07 0.0225552699612 1.43997738409 0.68772723212
-1.43256513026e-07 0.0220030729369 1.40966767871 0.702626252451
-1.42675350701e-07 0.0214831638633 1.38171180831 0.716937685541
-1.42094188377e-07 0.0209898998602 1.35564454389 0.73074428478
-1.41513026052e-07 0.0205213413331 1.33129397588 0.744069937245
-1.40931863727e-07 0.0200890456676 1.30936115004 0.75664880482
-1.40350701403e-07 0.0196786925999 1.28883198945 0.768750239954
-1.39769539078e-07 0.0192875100082 1.26951473549 0.780427898715
-1.39188376754e-07 0.0189235021743 1.25186897744 0.791483409438
-1.38607214429e-07 0.0185810825173 1.23550273241 0.802020854364
-1.38026052104e-07 0.0182533131168 1.219993933 0.812201042654
-1.3744488978e-07 0.017949081635 1.20583222387 0.821791265644
-1.36863727455e-07 0.017661940553 1.19261691503 0.830935574607
-1.3628256513e-07 0.0173858493334 1.18001142639 0.839790362706
-1.35701402806e-07 0.0171335579624 1.16868374609 0.848000745339
-1.35120240481e-07 0.0168911670487 1.15787244535 0.85593375779
-1.34539078156e-07 0.0166621157529 1.14775690095 0.86349304889
-1.33957915832e-07 0.016449526198 1.1384770393 0.870576440668
-1.33376753507e-07 0.0162432802742 1.1295176023 0.877475363101
-1.32795591182e-07 0.0160556620064 1.12148026872 0.883820011602
-1.32214428858e-07 0.0158739825032 1.11373011205 0.889983211479
-1.31633266533e-07 0.015704720558 1.10658042302 0.895767014465
-1.31052104208e-07 0.0155446138731 1.09986394863 0.901264233232
-1.30470941884e-07 0.0153922424614 1.093513497 0.906519317189
-1.29889779559e-07 0.0152510128236 1.08767979735 0.911417820931
-1.29308617234e-07 0.0151141457554 1.0820484323 0.916176705435
-1.2872745491e-07 0.0149893785211 1.07696798549 0.920540439651
-1.28146292585e-07 0.0148667080747 1.07198300765 0.924835698026
-1.27565130261e-07 0.014756252534 1.06754483116 0.928724634753
-1.26983967936e-07 0.0146465481381 1.06314027973 0.932588585094
-1.26402805611e-07 0.0145484999343 1.05924947167 0.936058254343
-1.25821643287e-07 0.014450606655 1.05536549187 0.939522683132
-1.25240480962e-07 0.0143632899459 1.0519411003 0.942623875975
-1.24659318637e-07 0.0142761267797 1.0485233807 0.945719795625
-1.24078156313e-07 0.0141980762842 1.04549655107 0.948498422603
-1.23496993988e-07 0.0141206342576 1.04249582185 0.951255863401
-1.22915831663e-07 0.0140505773433 1.03980818095 0.953752949423
-1.22334669339e-07 0.0139819174287 1.0371797652 0.956200785611
-1.21753507014e-07 0.0139187563972 1.03478200682 0.958452580968
-1.21172344689e-07 0.0138580072545 1.03248541806 0.960618390015
-1.20591182365e-07 0.0138008019861 1.03033606149 0.9626565766
-1.2001002004e-07 0.0137471575462 1.02833464146 0.964566530172
-1.19428857715e-07 0.0136951086523 1.0263989389 0.966418502199
-1.18847695391e-07 0.0136478255571 1.02465953038 0.968097286897
-1.18266533066e-07 0.0136005424619 1.02292012187 0.969776071595
-1.17685370741e-07 0.0135586531048 1.02140115378 0.971257251923
-1.17104208417e-07 0.013517048025 1.01989380402 0.972728017502
-1.16523046092e-07 0.0134784483693 1.01850843418 0.974087872905
-1.15941883768e-07 0.0134418952189 1.017206125 0.975372205443
-1.15360721443e-07 0.0134061685011 1.01593715014 0.976625840613
-1.14779559118e-07 0.0133740955706 1.01481555149 0.97774375796
-1.14198396794e-07 0.0133420226401 1.01369395283 0.978861675306
-1.13617234469e-07 0.0133127901851 1.01268629175 0.979873467897
-1.13036072144e-07 0.0132846772166 1.01172353568 0.980843434655
-1.1245490982e-07 0.0132572342599 1.01078752269 0.981788237517
-1.11873747495e-07 0.0132326094848 1.00996399556 0.98262719681
-1.1129258517e-07 0.0132079847098 1.00914046842 0.983466156103
-1.10711422846e-07 0.0131852198787 1.00839085321 0.984234931797
-1.10130260521e-07 0.0131636570417 1.00768900379 0.984958351143
-1.09549098196e-07 0.0131420942046 1.00698715437 0.985681770489
-1.08967935872e-07 0.0131231077712 1.00638728596 0.986307557776
-1.08386773547e-07 0.0131042231608 1.00579144798 0.986929486506
-1.07805611222e-07 0.0130859320509 1.00521901967 0.987528837696
-1.07224448898e-07 0.0130693815586 1.0047152472 0.988061973497
-1.06643286573e-07 0.0130528310663 1.00421147473 0.988595109299
-1.06062124248e-07 0.0130372591696 1.0037461789 0.989090885534
-1.05480961924e-07 0.0130227353956 1.00332209338 0.989546647882
-1.04899799599e-07 0.0130082116215 1.00289800787 0.99000241023
-1.04318637275e-07 0.0129948207789 1.00251833854 0.990414777161
-1.0373747495e-07 0.0129820502029 1.00216298656 0.990803385604
-1.03156312625e-07 0.012969279627 1.00180763457 0.991191994048
-1.02575150301e-07 0.0129576313114 1.00149616312 0.991537479561
-1.01993987976e-07 0.0129463715452 1.00119988401 0.991868035038
-1.01412825651e-07 0.0129351117789 1.00090360489 0.992198590515
-1.00831663327e-07 0.0129248520699 1.00064633005 0.992490599672
-1.00250501002e-07 0.012914889205 1.00040063272 0.992771167236
-9.96693386774e-08 0.0129049263401 1.0001549354 0.993051734801
-9.90881763527e-08 0.0128957724142 0.999940711959 0.993301025281
-9.85070140281e-08 0.0128869184781 0.999738160399 0.993538716857
-9.79258517034e-08 0.012878064542 0.999535608839 0.993776408432
-9.73446893788e-08 0.0128697926528 0.999355648773 0.993991522571
-9.67635270541e-08 0.0128618831839 0.999189755641 0.994192578529
-9.61823647295e-08 0.012853973715 0.999023862509 0.994393634487
-9.56012024048e-08 0.0128464086139 0.998871302459 0.994581285942
-9.50200400802e-08 0.012839300363 0.998736430531 0.994751154527
-9.44388777555e-08 0.0128321921121 0.998601558602 0.994921023111
-9.38577154309e-08 0.0128251978437 0.998471088098 0.995086437767
-9.32765531062e-08 0.0128187666092 0.998362359101 0.995229851556
-9.26953907816e-08 0.0128123353748 0.998253630105 0.995373265344
-9.21142284569e-08 0.0128059041403 0.998144901108 0.995516679133
-9.15330661323e-08 0.012799945966 0.998054385662 0.995641526169
-9.09519038076e-08 0.0127940845672 0.997967596224 0.995762574941
-9.0370741483e-08 0.0127882231685 0.997880806787 0.995883623712
-8.97895791583e-08 0.0127825593008 0.997801597067 0.995996879687
-8.92084168337e-08 0.0127771756908 0.997733141469 0.996099079223
-8.8627254509e-08 0.0127717920807 0.997664685871 0.99620127876
-8.80460921844e-08 0.0127664084707 0.997596230273 0.996303478297
-8.74649298597e-08 0.0127613905783 0.997541752669 0.996391161061
-8.68837675351e-08 0.0127564060983 0.997488552115 0.996477517552
-8.63026052104e-08 0.0127514216184 0.997435351561 0.996563874043
-8.57214428858e-08 0.0127465490597 0.997386408399 0.996645754868
-8.51402805611e-08 0.0127418968337 0.99734584652 0.996718824706
-8.45591182365e-08 0.0127372446077 0.997305284641 0.996791894545
-8.39779559118e-08 0.0127325923818 0.997264722761 0.996864964383
-8.33967935872e-08 0.0127281257503 0.997231179716 0.996930544962
-8.28156312625e-08 0.0127237492167 0.997201044002 0.99699248984
-8.22344689379e-08 0.012719372683 0.997170908289 0.997054434717
-8.16533066132e-08 0.0127149961494 0.997140772575 0.997116379595
-8.10721442886e-08 0.0127108302362 0.997118544758 0.997169730547
-8.04909819639e-08 0.0127066818134 0.997096973635 0.997222367835
-7.99098196393e-08 0.0127025333907 0.997075402511 0.997275005123
-7.93286573146e-08 0.0126984010146 0.997054428445 0.997326978678
-7.874749499e-08 0.0126944408961 0.997039863668 0.997371827178
-7.81663326653e-08 0.0126904807776 0.997025298891 0.997416675678
-7.75851703407e-08 0.0126865206591 0.997010734115 0.997461524178
-7.7004008016e-08 0.0126825848734 0.996997064449 0.997505349237
-7.64228456914e-08 0.0126787799448 0.99698820851 0.997543670432
-7.58416833667e-08 0.0126749750162 0.996979352571 0.997581991628
-7.52605210421e-08 0.0126711700875 0.996970496633 0.997620312824
-7.46793587174e-08 0.0126673825311 0.996962270621 0.997657888274
-7.40981963928e-08 0.0126637054041 0.996958048832 0.997690723278
-7.35170340681e-08 0.012660028277 0.996953827044 0.997723558281
-7.29358717435e-08 0.01265635115 0.996949605255 0.997756393285
-7.23547094188e-08 0.0126526761764 0.996945460143 0.997789133534
-7.17735470942e-08 0.0126491043315 0.996944987069 0.997817335957
-7.11923847695e-08 0.0126455324865 0.996944513995 0.99784553838
-7.06112224449e-08 0.0126419606416 0.996944040921 0.997873740802
-7.00300601202e-08 0.0126383887967 0.996943567847 0.997901943225
-6.94488977956e-08 0.012634887159 0.996945537746 0.997926963684
-6.88677354709e-08 0.0126314021896 0.996948087648 0.997951228692
-6.82865731463e-08 0.0126279172202 0.99695063755 0.9979754937
-6.77054108216e-08 0.0126244322509 0.996953187451 0.997999758708
-6.7124248497e-08 0.0126209830035 0.996956944849 0.998022347278
-6.65430861723e-08 0.0126175699532 0.996961925806 0.998043237109
-6.59619238477e-08 0.012614156903 0.996966906763 0.99806412694
-6.5380761523e-08 0.0126107438528 0.99697188772 0.998085016771
-6.47995991984e-08 0.0126073358171 0.996977032132 0.99810566159
-6.42184368737e-08 0.0126039826025 0.996983963513 0.998123627824
-6.36372745491e-08 0.012600629388 0.996990894895 0.998141594058
-6.30561122244e-08 0.0125972761734 0.996997826276 0.998159560292
-6.24749498998e-08 0.0125939229588 0.997004757657 0.998177526526
-6.18937875752e-08 0.012590598169 0.997012574566 0.998194039148
-6.13126252505e-08 0.0125872950796 0.997021067523 0.998209442025
-6.07314629259e-08 0.0125839919902 0.997029560479 0.998224844902
-6.01503006012e-08 0.0125806889009 0.997038053436 0.998240247778
-5.95691382766e-08 0.0125773858115 0.997046546393 0.998255650655
-5.89879759519e-08 0.0125741227098 0.997056217268 0.998268903148
-5.84068136273e-08 0.0125708619777 0.997065957943 0.998282028218
-5.78256513026e-08 0.0125676012455 0.997075698618 0.998295153288
-5.7244488978e-08 0.0125643405133 0.997085439292 0.998308278357
-5.66633266533e-08 0.0125610874572 0.997095391054 0.998320967727
-5.60821643287e-08 0.0125578628886 0.997106126205 0.998332040124
-5.5501002004e-08 0.01255463832 0.997116861355 0.998343112521
-5.49198396794e-08 0.0125514137513 0.997127596506 0.998354184918
-5.43386773547e-08 0.0125481891827 0.997138331656 0.998365257315
-5.37575150301e-08 0.0125449761418 0.997149358264 0.998375637324
-5.31763527054e-08 0.0125417828038 0.997160883023 0.998384833924
-5.25951903808e-08 0.0125385894658 0.997172407781 0.998394030524
-5.20140280561e-08 0.0125353961278 0.99718393254 0.998403227124
-5.14328657315e-08 0.0125322027898 0.997195457298 0.998412423725
-5.08517034068e-08 0.012529020697 0.997207238634 0.998420904716
-5.02705410822e-08 0.0125258546525 0.99721938614 0.998428364442
-4.96893787575e-08 0.012522688608 0.997231533645 0.998435824167
-4.91082164329e-08 0.0125195225634 0.99724368115 0.998443283893
-4.85270541082e-08 0.0125163565189 0.997255828655 0.998450743619
-4.79458917836e-08 0.0125131986362 0.997268140268 0.998457652926
-4.73647294589e-08 0.0125100567207 0.997280772928 0.998463485428
-4.67835671343e-08 0.0125069148052 0.997293405589 0.99846931793
-4.62024048096e-08 0.0125037728896 0.997306038249 0.998475150432
-4.5621242485e-08 0.0125006309741 0.99731867091 0.998480982935
-4.50400801603e-08 0.0124974921858 0.997331357191 0.998486592025
-4.44589178357e-08 0.0124943718207 0.99734435936 0.99849088496
-4.3877755511e-08 0.0124912514555 0.997357361528 0.998495177894
-4.32965931864e-08 0.0124881310904 0.997370363697 0.998499470829
-4.27154308617e-08 0.0124850107253 0.997383365866 0.998503763764
-4.21342685371e-08 0.0124818903602 0.997396368034 0.998508056698
-4.15531062124e-08 0.0124787860945 0.997409593984 0.998511131667
-4.09719438878e-08 0.0124756851317 0.997422865844 0.998513956765
-4.03907815631e-08 0.0124725841689 0.997436137703 0.998516781864
-3.98096192385e-08 0.0124694832062 0.997449409563 0.998519606963
-3.92284569138e-08 0.0124663822434 0.997462681423 0.998522432061
-3.86472945892e-08 0.0124632881162 0.997476023609 0.998524709345
-3.80661322645e-08 0.0124602047097 0.997489476096 0.998526127447
-3.74849699399e-08 0.0124571213032 0.997502928582 0.998527545549
-3.69038076152e-08 0.0124540378967 0.997516381068 0.998528963652
-3.63226452906e-08 0.0124509544902 0.997529833555 0.998530381754
-3.57414829659e-08 0.0124478710837 0.997543286041 0.998531799857
-3.51603206413e-08 0.0124448007348 0.997556819073 0.998532107351
-3.45791583166e-08 0.0124417332344 0.997570369676 0.998532172559
-3.3997995992e-08 0.0124386657341 0.997583920279 0.998532237768
-3.34168336673e-08 0.0124355982338 0.997597470882 0.998532302976
-3.28356713427e-08 0.0124325307335 0.997611021486 0.998532368185
-3.2254509018e-08 0.0124294649777 0.997624574361 0.998532275257
-3.16733466934e-08 0.0124264118429 0.997638143678 0.998531038337
-3.10921843687e-08 0.0124233587081 0.997651712994 0.998529801417
-3.05110220441e-08 0.0124203055732 0.99766528231 0.998528564498
-2.99298597194e-08 0.0124172524384 0.997678851626 0.998527327578
-2.93486973948e-08 0.0124141993035 0.997692420943 0.998526090659
-2.87675350701e-08 0.0124111498717 0.997705972871 0.998524493356
-2.81863727455e-08 0.0124081096007 0.997719481786 0.998522004506
-2.76052104208e-08 0.0124050693297 0.9977329907 0.998519515656
-2.70240480962e-08 0.0124020290587 0.997746499615 0.998517026807
-2.64428857715e-08 0.0123989887877 0.997760008529 0.998514537957
-2.58617234469e-08 0.0123959485167 0.997773517444 0.998512049107
-2.52805611222e-08 0.0123929118421 0.9977869815 0.998509179823
-2.46993987976e-08 0.0123898829158 0.997800348909 0.998505490897
-2.41182364729e-08 0.0123868539896 0.997813716319 0.998501801971
-2.35370741483e-08 0.0123838250634 0.997827083728 0.998498113046
-2.29559118236e-08 0.0123807961372 0.997840451138 0.99849442412
-2.2374749499e-08 0.012377767211 0.997853818548 0.998490735195
-2.17935871743e-08 0.0123747402927 0.997867139394 0.998486810834
-2.12124248497e-08 0.0123717211301 0.997880280391 0.998481977103
-2.0631262525e-08 0.0123687019674 0.997893421387 0.998477143373
-2.00501002004e-08 0.0123656828048 0.997906562384 0.998472309643
-1.94689378758e-08 0.0123626636421 0.99791970338 0.998467475913
-1.88877755511e-08 0.0123596444795 0.997932844377 0.998462642183
-1.83066132265e-08 0.0123566253168 0.997945985373 0.998457808453
-1.77254509018e-08 0.0123536138394 0.997958825494 0.998451943666
-1.71442885772e-08 0.0123506027623 0.997971649946 0.99844602518
-1.65631262525e-08 0.0123475916853 0.997984474397 0.998440106694
-1.59819639279e-08 0.0123445806082 0.997997298848 0.998434188207
-1.54008016032e-08 0.0123415695311 0.998010123299 0.998428269721
-1.48196392786e-08 0.012338558454 0.99802294775 0.998422351235
-1.42384769539e-08 0.0123355508219 0.998035545833 0.998415874231
-1.36573146293e-08 0.0123325460296 0.998047957312 0.998408936823
-1.30761523046e-08 0.0123295412374 0.998060368791 0.998401999415
-1.249498998e-08 0.0123265364451 0.998072780271 0.998395062008
-1.19138276553e-08 0.0123235316529 0.99808519175 0.9983881246
-1.13326653307e-08 0.0123205268606 0.998097603229 0.998381187192
-1.0751503006e-08 0.0123175220684 0.998110014709 0.998374249784
-1.01703406814e-08 0.0123145215982 0.998121912243 0.998366370374
-9.58917835671e-09 0.0123115211492 0.998133807268 0.998358486366
-9.00801603206e-09 0.0123085207001 0.998145702293 0.998350602358
-8.42685370741e-09 0.0123055202511 0.998157597319 0.99834271835
-7.84569138277e-09 0.012302519802 0.998169492344 0.998334834341
-7.26452905812e-09 0.012299519353 0.998181387369 0.998326950333
-6.68336673347e-09 0.0122965195515 0.998193101718 0.998318816576
-6.10220440882e-09 0.0122935213513 0.998204369264 0.9983100652
-5.52104208417e-09 0.0122905231512 0.99821563681 0.998301313824
-4.93987975952e-09 0.0122875249511 0.998226904356 0.998292562448
-4.35871743487e-09 0.012284526751 0.998238171902 0.998283811072
-3.77755511022e-09 0.0122815285508 0.998249439448 0.998275059697
-3.19639278557e-09 0.0122785303507 0.998260706994 0.998266308321
-2.61523046092e-09 0.012275532149 0.998271658926 0.998257226639
-2.03406813627e-09 0.0122725339451 0.99828218018 0.998247694229
-1.45290581162e-09 0.0122695357412 0.998292701434 0.99823816182
-8.71743486974e-10 0.0122665375373 0.998303222688 0.99822862941
-2.90581162324e-10 0.0122635393333 0.998313743942 0.998219097
2.90581162325e-10 0.0122605411294 0.998324265197 0.998209564591
8.71743486974e-10 0.0122575429255 0.998334786451 0.998200032181
1.45290581162e-09 0.0122545437639 0.998344961728 0.998190227247
2.03406813627e-09 0.0122515431435 0.998354610047 0.998180007232
2.61523046092e-09 0.0122485425232 0.998364258367 0.998169787216
3.19639278557e-09 0.0122455419028 0.998373906686 0.9981595672
3.77755511022e-09 0.0122425412824 0.998383555005 0.998149347185
4.35871743487e-09 0.0122395406621 0.998393203325 0.998139127169
4.93987975952e-09 0.0122365400417 0.998402851644 0.998128907153
5.52104208417e-09 0.0122335384018 0.998412294045 0.998118567096
6.10220440882e-09 0.0122305327938 0.998420935055 0.998107759863
6.68336673347e-09 0.0122275271858 0.998429576065 0.998096952629
7.26452905812e-09 0.0122245215778 0.998438217075 0.998086145396
7.84569138277e-09 0.0122215159699 0.998446858085 0.998075338162
8.42685370742e-09 0.0122185103619 0.998455499095 0.998064530929
9.00801603206e-09 0.0122155047539 0.998464140105 0.998053723695
9.58917835671e-09 0.0122124991459 0.998472781115 0.998042916462
1.01703406814e-08 0.0122094870314 0.998480452963 0.998031704436
1.0751503006e-08 0.0122064737075 0.998487944693 0.998020417179
1.13326653307e-08 0.0122034603837 0.998495436424 0.998009129923
1.19138276553e-08 0.0122004470599 0.998502928154 0.997997842666
1.249498998e-08 0.0121974337361 0.998510419885 0.99798655541
1.30761523046e-08 0.0121944204122 0.998517911615 0.997975268153
1.36573146293e-08 0.0121914070884 0.998525403345 0.997963980897
1.42384769539e-08 0.0121883904886 0.99853249384 0.997952580576
1.48196392786e-08 0.01218536656 0.998538686719 0.997940927315
1.54008016032e-08 0.0121823426314 0.998544879598 0.997929274054
1.59819639279e-08 0.0121793187028 0.998551072477 0.997917620793
1.65631262525e-08 0.0121762947742 0.998557265356 0.997905967532
1.71442885772e-08 0.0121732708456 0.998563458234 0.997894314271
1.77254509018e-08 0.012170246917 0.998569651113 0.99788266101
1.83066132265e-08 0.0121672229884 0.998575843992 0.997871007749
1.88877755511e-08 0.0121641908944 0.998581166958 0.997859208375
1.94689378758e-08 0.0121611532944 0.998585903336 0.997847310477
2.00501002004e-08 0.0121581156945 0.998590639714 0.997835412579
2.06312625251e-08 0.0121550780946 0.998595376092 0.99782351468
2.12124248497e-08 0.0121520404946 0.99860011247 0.997811616782
2.17935871743e-08 0.0121490028947 0.998604848848 0.997799718883
2.2374749499e-08 0.0121459652948 0.998609585226 0.997787820985
2.29559118236e-08 0.0121429276948 0.998614321604 0.997775923087
2.35370741483e-08 0.0121398781515 0.998617914621 0.99776394471
2.41182364729e-08 0.01213682359 0.998621027243 0.997751932519
2.46993987976e-08 0.0121337690285 0.998624139866 0.997739920328
2.52805611222e-08 0.0121307144671 0.998627252488 0.997727908137
2.58617234469e-08 0.0121276599056 0.99863036511 0.997715895947
2.64428857715e-08 0.0121246053441 0.998633477732 0.997703883756
2.70240480962e-08 0.0121215507826 0.998636590354 0.997691871565
2.76052104208e-08 0.0121184962211 0.998639702977 0.997679859374
2.81863727455e-08 0.0121154287925 0.998641687406 0.997667865216
2.87675350701e-08 0.0121123536535 0.998642995775 0.997655881864
2.93486973948e-08 0.0121092785144 0.998644304144 0.997643898512
2.99298597194e-08 0.0121062033753 0.998645612513 0.99763191516
3.05110220441e-08 0.0121031282362 0.998646920882 0.997619931807
3.10921843687e-08 0.0121000530971 0.998648229251 0.997607948455
3.16733466934e-08 0.012096977958 0.99864953762 0.997595965103
3.2254509018e-08 0.0120939028189 0.998650845989 0.997583981751
3.28356713427e-08 0.0120908188682 0.99865143966 0.997572067058
3.34168336673e-08 0.0120877190013 0.998650742385 0.997560276381
3.3997995992e-08 0.0120846191343 0.998650045111 0.997548485704
3.45791583166e-08 0.0120815192674 0.998649347836 0.997536695028
3.51603206413e-08 0.0120784194005 0.998648650562 0.997524904351
3.57414829659e-08 0.0120753195335 0.998647953287 0.997513113675
3.63226452906e-08 0.0120722196666 0.998647256012 0.997501322998
3.69038076152e-08 0.0120691197997 0.998646558738 0.997489532322
3.74849699399e-08 0.0120660199327 0.998645861463 0.997477741645
3.80661322645e-08 0.012062893445 0.998643161542 0.997466301636
3.86472945892e-08 0.0120597637613 0.998640221193 0.997454903727
3.92284569138e-08 0.0120566340777 0.998637280844 0.997443505817
3.98096192385e-08 0.012053504394 0.998634340495 0.997432107908
4.03907815631e-08 0.0120503747104 0.998631400146 0.997420709998
4.09719438878e-08 0.0120472450267 0.998628459797 0.997409312089
4.15531062124e-08 0.012044115343 0.998625519448 0.997397914179
4.21342685371e-08 0.0120409856594 0.998622579099 0.99738651627
4.27154308617e-08 0.0120378475505 0.998619052939 0.997375269957
4.32965931864e-08 0.012034681256 0.998613567 0.997364530795
4.3877755511e-08 0.0120315149614 0.998608081062 0.997353791634
4.44589178357e-08 0.0120283486668 0.998602595124 0.997343052473
4.50400801603e-08 0.0120251823722 0.998597109186 0.997332313312
4.5621242485e-08 0.0120220160777 0.998591623247 0.997321574151
4.62024048096e-08 0.0120188497831 0.998586137309 0.99731083499
4.67835671343e-08 0.0120156834885 0.998580651371 0.997300095829
4.73647294589e-08 0.012012517194 0.998575165433 0.997289356668
4.79458917836e-08 0.0120093339747 0.998568600317 0.997278997954
4.85270541082e-08 0.0120061211328 0.998560146352 0.997269305127
4.91082164329e-08 0.0120029082908 0.998551692386 0.997259612299
4.96893787575e-08 0.0119996954489 0.998543238421 0.997249919472
5.02705410822e-08 0.011996482607 0.998534784455 0.997240226644
5.08517034068e-08 0.011993269765 0.99852633049 0.997230533817
5.14328657315e-08 0.0119900569231 0.998517876524 0.997220840989
5.20140280561e-08 0.0119868440811 0.998509422559 0.997211148162
5.25951903808e-08 0.0119836312392 0.998500968593 0.997201455334
5.31763527054e-08 0.0119804004241 0.998491472402 0.997192241263
5.37575150301e-08 0.0119771252697 0.998479405053 0.997184208277
5.43386773547e-08 0.0119738501152 0.998467337704 0.997176175291
5.49198396794e-08 0.0119705749607 0.998455270356 0.997168142305
5.5501002004e-08 0.0119672998062 0.998443203007 0.997160109319
5.60821643287e-08 0.0119640246518 0.998431135658 0.997152076333
5.66633266533e-08 0.0119607494973 0.99841906831 0.997144043347
5.7244488978e-08 0.0119574743428 0.998407000961 0.997136010361
5.78256513026e-08 0.0119541991883 0.998394933613 0.997127977375
5.84068136273e-08 0.0119509240339 0.998382866264 0.997119944389
5.89879759519e-08 0.011947559961 0.998366124917 0.997114605681
5.95691382766e-08 0.0119441958634 0.998349382268 0.997109267723
6.01503006012e-08 0.0119408317657 0.998332639619 0.997103929766
6.07314629259e-08 0.0119374676681 0.99831589697 0.997098591808
6.13126252505e-08 0.0119341035705 0.998299154321 0.997093253851
6.18937875752e-08 0.0119307394728 0.998282411672 0.997087915894
6.24749498998e-08 0.0119273753752 0.998265669023 0.997082577936
6.30561122244e-08 0.0119240112776 0.998248926374 0.997077239979
6.36372745491e-08 0.0119206471799 0.998232183725 0.997071902021
6.42184368737e-08 0.0119172161378 0.998212230498 0.997068790644
6.47995991984e-08 0.0119137160942 0.998188968045 0.997067974261
6.5380761523e-08 0.0119102160507 0.998165705593 0.997067157877
6.59619238477e-08 0.0119067160071 0.998142443141 0.997066341494
6.65430861723e-08 0.0119032159636 0.998119180689 0.99706552511
6.7124248497e-08 0.0118997159201 0.998095918237 0.997064708726
6.77054108216e-08 0.0118962158765 0.998072655785 0.997063892343
6.82865731463e-08 0.011892715833 0.998049393332 0.997063075959
6.88677354709e-08 0.0118892157894 0.99802613088 0.997062259576
6.94488977956e-08 0.0118857157459 0.998002868428 0.997061443192
7.00300601202e-08 0.0118820471003 0.997972110197 0.997066599497
7.06112224449e-08 0.0118783256293 0.997939003426 0.997073627133
7.11923847695e-08 0.0118746041583 0.997905896656 0.99708065477
7.17735470942e-08 0.0118708826872 0.997872789886 0.997087682407
7.23547094188e-08 0.0118671612162 0.997839683116 0.997094710043
7.29358717435e-08 0.0118634397452 0.997806576346 0.99710173768
7.35170340681e-08 0.0118597182741 0.997773469576 0.997108765316
7.40981963928e-08 0.0118559968031 0.997740362806 0.997115792953
7.46793587174e-08 0.0118522753321 0.997707256036 0.997122820589
7.52605210421e-08 0.0118485538611 0.997674149265 0.997129848226
7.58416833667e-08 0.0118445276412 0.997628226785 0.997148112338
7.64228456914e-08 0.0118404259229 0.997579129337 0.997169160177
7.7004008016e-08 0.0118363242045 0.997530031889 0.997190208017
7.75851703407e-08 0.0118322224862 0.997480934441 0.997211255856
7.81663326653e-08 0.0118281207678 0.997431836993 0.997232303695
7.874749499e-08 0.0118240190494 0.997382739546 0.997253351535
7.93286573146e-08 0.0118199173311 0.997333642098 0.997274399374
7.99098196393e-08 0.0118158156127 0.99728454465 0.997295447213
8.04909819639e-08 0.0118117138944 0.997235447202 0.997316495053
8.10721442886e-08 0.011807612176 0.997186349754 0.997337542892
8.16533066132e-08 0.0118030974386 0.997120515992 0.99737419365
8.22344689379e-08 0.0117983154024 0.997043850771 0.997420942351
8.28156312625e-08 0.0117935333661 0.996967185551 0.997467691052
8.33967935872e-08 0.0117887513298 0.99689052033 0.997514439753
8.39779559118e-08 0.0117839692936 0.99681385511 0.997561188454
8.45591182365e-08 0.0117791872573 0.996737189889 0.997607937155
8.51402805611e-08 0.0117744052211 0.996660524669 0.997654685856
8.57214428858e-08 0.0117696231848 0.996583859448 0.997701434557
8.63026052104e-08 0.0117648411485 0.996507194228 0.997748183258
8.68837675351e-08 0.0117600591123 0.996430529007 0.997794931958
8.74649298597e-08 0.0117550600258 0.996345272323 0.997850001662
8.80460921844e-08 0.0117490223612 0.996218905765 0.997944887094
8.8627254509e-08 0.0117429846966 0.996092539207 0.998039772527
8.92084168337e-08 0.0117369470319 0.995966172649 0.998134657959
8.97895791583e-08 0.0117309093673 0.995839806091 0.998229543391
9.0370741483e-08 0.0117248717027 0.995713439533 0.998324428823
9.09519038076e-08 0.0117188340381 0.995587072975 0.998419314255
9.15330661323e-08 0.0117127963735 0.995460706417 0.998514199687
9.21142284569e-08 0.0117067587088 0.995334339859 0.998609085119
9.26953907816e-08 0.0117007210442 0.995207973301 0.998703970551
9.32765531062e-08 0.0116946833796 0.995081606744 0.998798855983
9.38577154309e-08 0.0116874750754 0.994909601083 0.99893906032
9.44388777555e-08 0.0116790633617 0.994690678737 0.99912585218
9.50200400802e-08 0.0116706516479 0.994471756391 0.999312644041
9.56012024048e-08 0.0116622399342 0.994252834045 0.999499435901
9.61823647295e-08 0.0116538282205 0.994033911699 0.999686227761
9.67635270541e-08 0.0116454165068 0.993814989353 0.999873019621
9.73446893788e-08 0.0116370047931 0.993596067007 1.00005981148
9.79258517034e-08 0.0116285930794 0.993377144661 1.00024660334
9.85070140281e-08 0.0116201813657 0.993158222315 1.0004333952
9.90881763527e-08 0.011611769652 0.992939299969 1.00062018706
9.96693386774e-08 0.0116033579383 0.992720377623 1.00080697892
1.00250501002e-07 0.0115923729919 0.992402307325 1.00109424539
1.00831663327e-07 0.0115793828091 0.992006974257 1.00145980845
1.01412825651e-07 0.0115663926263 0.991611641189 1.00182537151
1.01993987976e-07 0.0115534024435 0.991216308121 1.00219093457
1.02575150301e-07 0.0115404122607 0.990820975053 1.00255649763
1.03156312625e-07 0.0115274220779 0.990425641985 1.00292206069
1.0373747495e-07 0.0115144318951 0.990030308918 1.00328762375
1.04318637275e-07 0.0115014417123 0.98963497585 1.00365318681
1.04899799599e-07 0.0114884515295 0.989239642782 1.00401874987
1.05480961924e-07 0.0114754613466 0.988844309714 1.00438431293
1.06062124248e-07 0.0114624711638 0.988448976646 1.00474987599
1.06643286573e-07 0.0114461230235 0.987925941581 1.00524802829
1.07224448898e-07 0.0114241481125 0.987188922311 1.00596835413
1.07805611222e-07 0.0114021732014 0.986451903041 1.00668867997
1.08386773547e-07 0.0113801982903 0.985714883771 1.00740900581
1.08967935872e-07 0.0113582233792 0.984977864501 1.00812933165
1.09549098196e-07 0.0113362484681 0.984240845231 1.00884965749
1.10130260521e-07 0.011314273557 0.983503825961 1.00956998333
1.10711422846e-07 0.011292298646 0.982766806692 1.01029030917
1.1129258517e-07 0.0112703237349 0.982029787422 1.01101063501
1.11873747495e-07 0.0112483488238 0.981292768152 1.01173096086
1.1245490982e-07 0.0112263739127 0.980555748882 1.0124512867
1.13036072144e-07 0.0112043990016 0.979818729612 1.01317161254
1.13617234469e-07 0.0111658988064 0.978466056998 1.01455714929
1.14198396794e-07 0.0111260040965 0.977061431411 1.01599882102
1.14779559118e-07 0.0110861093865 0.975656805825 1.01744049275
1.15360721443e-07 0.0110462146766 0.974252180238 1.01888216448
1.15941883768e-07 0.0110063199667 0.972847554652 1.02032383621
1.16523046092e-07 0.0109664252567 0.971442929065 1.02176550794
1.17104208417e-07 0.0109265305468 0.970038303478 1.02320717966
1.17685370741e-07 0.0108866358369 0.968633677892 1.02464885139
1.18266533066e-07 0.010846741127 0.967229052305 1.02609052312
1.18847695391e-07 0.010806846417 0.965824426719 1.02753219485
1.19428857715e-07 0.0107669517071 0.964419801132 1.02897386658
1.2001002004e-07 0.0107197529367 0.962753404924 1.03072076698
1.20591182365e-07 0.0106435472503 0.96004742828 1.03367983453
1.21172344689e-07 0.0105673415639 0.957341451636 1.03663890209
1.21753507014e-07 0.0104911358774 0.954635474992 1.03959796964
1.22334669339e-07 0.010414930191 0.951929498348 1.0425570372
1.22915831663e-07 0.0103387245046 0.949223521704 1.04551610476
1.23496993988e-07 0.0102625188182 0.94651754506 1.04847517231
1.24078156313e-07 0.0101863131318 0.943811568416 1.05143423987
1.24659318637e-07 0.0101101074454 0.941105591773 1.05439330743
1.25240480962e-07 0.010033901759 0.938399615129 1.05735237498
1.25821643287e-07 0.00995769607254 0.935693638485 1.06031144254
1.26402805611e-07 0.00988149038613 0.932987661841 1.06327051009
1.26983967936e-07 0.00979000696686 0.929775527876 1.06691823179
1.27565130261e-07 0.00963902697508 0.92459224898 1.0732478017
1.28146292585e-07 0.0094880469833 0.919408970083 1.07957737161
1.2872745491e-07 0.00933706699153 0.914225691186 1.08590694153
1.29308617234e-07 0.00918608699975 0.90904241229 1.09223651144
1.29889779559e-07 0.00903510700797 0.903859133393 1.09856608135
1.30470941884e-07 0.0088841270162 0.898675854496 1.10489565127
1.31052104208e-07 0.00873314702442 0.8934925756 1.11122522118
1.31633266533e-07 0.00858216703264 0.888309296703 1.11755479109
1.32214428858e-07 0.00843118704087 0.883126017806 1.12388436101
1.32795591182e-07 0.00828020704909 0.87794273891 1.13021393092
1.33376753507e-07 0.00812922705731 0.872759460013 1.13654350084
1.33957915832e-07 0.00797824706554 0.867576181116 1.14287307075
1.34539078156e-07 0.00768223280112 0.858322957342 1.1568446815
1.35120240481e-07 0.00737449037908 0.848740618565 1.17143426385
1.35701402806e-07 0.00706674795704 0.839158279789 1.18602384619
1.3628256513e-07 0.006759005535 0.829575941012 1.20061342853
1.36863727455e-07 0.00645126311296 0.819993602235 1.21520301087
1.3744488978e-07 0.00614352069092 0.810411263458 1.22979259321
1.38026052104e-07 0.00583577826888 0.800828924681 1.24438217555
1.38607214429e-07 0.00552803584684 0.791246585904 1.25897175789
1.39188376754e-07 0.0052202934248 0.781664247127 1.27356134023
1.39769539078e-07 0.00491255100276 0.772081908351 1.28815092257
1.40350701403e-07 0.00460480858072 0.762499569574 1.30274050492
1.40931863727e-07 0.00429706615868 0.752917230797 1.31733008726
1.41513026052e-07 0.00386894770463 0.740605741732 1.33951558772
1.42094188377e-07 0.00322412308719 0.723381117731 1.37537559006
1.42675350701e-07 0.00257929846975 0.70615649373 1.41123559239
1.43256513026e-07 0.00193447385231 0.68893186973 1.44709559472
1.43837675351e-07 0.00128964923488 0.671707245729 1.48295559705
1.44418837675e-07 0.000644824617438 0.654482621729 1.51881559939
1.45e-07 0 0.637257997728 1.55467560172
