-1.45e-07 -0.014694631259 0.726800431229 1.37675888261
-1.44418837675e-07 -0.0142148061564 0.740445528653 1.35148376824
-1.43837675351e-07 -0.0137611151468 0.753500136777 1.32784253436
-1.43256513026e-07 -0.0133395424863 0.765894575454 1.30630868255
-1.42675350701e-07 -0.0129430025774 0.777747362115 1.28635489985
-1.42094188377e-07 -0.0125671338469 0.789139285749 1.26767656532
-1.41513026052e-07 -0.0122104400156 0.800094956614 1.25016260542
-1.40931863727e-07 -0.011881914576 0.810382199083 1.234303148
-1.40350701403e-07 -0.0115704461592 0.82024759657 1.21941276343
-1.39769539078e-07 -0.0112738825639 0.82973996094 1.20536114486
-1.39188376754e-07 -0.0109984557146 0.838689117127 1.19247315148
-1.38607214429e-07 -0.0107398282701 0.847190871564 1.18048290318
-1.38026052104e-07 -0.0104926028274 0.85538525841 1.16909584331
-1.3744488978e-07 -0.0102637007523 0.863075272001 1.15866091575
-1.36863727455e-07 -0.0100481065202 0.870387599816 1.14889953169
-1.3628256513e-07 -0.0098411167048 0.877454947587 1.13957245451
-1.35701402806e-07 -0.0096526626892 0.883981160216 1.1311606509
-1.35120240481e-07 -0.00947192022247 0.890276293374 1.12312094692
-1.34539078156e-07 -0.00930156809562 0.896260076079 1.11558260027
-1.33957915832e-07 -0.00914403875752 0.901850275096 1.1086498088
-1.33376753507e-07 -0.00899145074601 0.907288123498 1.10194944163
-1.32795591182e-07 -0.00885337247263 0.912270657425 1.09592071642
-1.32214428858e-07 -0.00871991981016 0.917105065413 1.09010216774
-1.31633266533e-07 -0.00859613898953 0.921629752007 1.08472308407
-1.31052104208e-07 -0.00847948825194 0.925921828952 1.0796624582
-1.30470941884e-07 -0.00836886171664 0.930017374161 1.0748708971
-1.29889779559e-07 -0.00826691099663 0.933825032715 1.07046074392
-1.29308617234e-07 -0.00816835729828 0.937519969043 1.06619993128
-1.2872745491e-07 -0.00807922358209 0.940897444403 1.06234725511
-1.28146292585e-07 -0.00799172226053 0.944219906753 1.05856530517
-1.27565130261e-07 -0.00791372828374 0.947217415448 1.05518981526
-1.26983967936e-07 -0.0078363189526 0.950194941409 1.05183932024
-1.26402805611e-07 -0.0077679796515 0.952858470128 1.0488718891
-1.25821643287e-07 -0.00769976090177 0.955517825455 1.04590954933
-1.25240480962e-07 -0.00763976958818 0.957889037975 1.0432908504
-1.24659318637e-07 -0.00757989771448 0.960256067449 1.0406771402
-1.24078156313e-07 -0.00752711210912 0.962372315933 1.03835644037
-1.23496993988e-07 -0.00747479966616 0.964471819337 1.03605530535
-1.22915831663e-07 -0.00742822792881 0.966366245152 1.03398939192
-1.22334669339e-07 -0.00738274212812 0.968221877605 1.03196797402
-1.21753507014e-07 -0.0073415290222 0.969923586341 1.03012019867
-1.21172344689e-07 -0.00730218998129 0.971557781934 1.02834858542
-1.20591182365e-07 -0.00726560330622 0.973092077354 1.02668801085
-1.2001002004e-07 -0.00723178216449 0.974525994672 1.02513900616
-1.19428857715e-07 -0.00719919958163 0.975914656872 1.02363964314
-1.18847695391e-07 -0.00717031649849 0.977168144795 1.02228855679
-1.18266533066e-07 -0.00714143341535 0.978421632718 1.02093747043
-1.17685370741e-07 -0.0071167349187 0.979521320728 1.01975313561
-1.17104208417e-07 -0.0070922569709 0.980612902705 1.01857758944
-1.16523046092e-07 -0.00707010923713 0.981618397541 1.0174944292
-1.15941883768e-07 -0.00704954823283 0.982565272438 1.01647417797
-1.15360721443e-07 -0.00702962754081 0.983488385363 1.01547920115
-1.14779559118e-07 -0.00701253776871 0.984306442923 1.01459596641
-1.14198396794e-07 -0.00699544799662 0.985124500483 1.01371273167
-1.13617234469e-07 -0.00698055724981 0.985860636352 1.01291596747
-1.13036072144e-07 -0.00696653318165 0.986564485289 1.012153283
-1.1245490982e-07 -0.00695302735131 0.987248964482 1.01141091139
-1.11873747495e-07 -0.00694170131603 0.987851971282 1.01075397911
-1.1129258517e-07 -0.00693037528076 0.988454978083 1.01009704682
-1.10711422846e-07 -0.00692048637757 0.989004123016 1.00949629518
-1.10130260521e-07 -0.00691152622502 0.989518459566 1.00893185045
-1.09549098196e-07 -0.00690256607247 0.990032796116 1.00836740571
-1.08967935872e-07 -0.00689559426192 0.990472446101 1.0078805257
-1.08386773547e-07 -0.00688870103344 0.990909144368 1.00739671117
-1.07805611222e-07 -0.00688226520199 0.991328631953 1.0069307114
-1.07224448898e-07 -0.00687717082411 0.991697644067 1.00651695878
-1.06643286573e-07 -0.00687207644624 0.992066656181 1.00610320616
-1.06062124248e-07 -0.00686773501792 0.992407301056 1.00571874874
-1.05480961924e-07 -0.0068642000347 0.992717563257 1.00536566789
-1.04899799599e-07 -0.00686066505147 0.993027825459 1.00501258704
-1.04318637275e-07 -0.00685800008517 0.993305284099 1.00469333891
-1.0373747495e-07 -0.00685581144302 0.99356478317 1.0043926138
-1.03156312625e-07 -0.00685362280087 0.993824282242 1.00409188869
-1.02575150301e-07 -0.00685229400317 0.994051351172 1.00382460258
-1.01993987976e-07 -0.0068512629011 0.994267192128 1.00356889374
-1.01412825651e-07 -0.00685023179902 0.994483033084 1.0033131849
-1.00831663327e-07 -0.00684996480684 0.994670059853 1.00308721172
-1.00250501002e-07 -0.00684992462316 0.994848533791 1.00287006491
-9.96693386774e-08 -0.00684988443949 0.995027007729 1.00265291809
-9.90881763527e-08 -0.00685046029184 0.995182267673 1.00245977664
-9.85070140281e-08 -0.00685126459715 0.995328918858 1.00227553743
-9.79258517034e-08 -0.00685206890246 0.995475570043 1.00209129822
-9.73446893788e-08 -0.00685331467846 0.995605606709 1.00192429816
-9.67635270541e-08 -0.0068548353428 0.995725298096 1.00176803233
-9.61823647295e-08 -0.00685635600715 0.995844989483 1.00161176649
-9.56012024048e-08 -0.00685813659053 0.995954917905 1.00146568069
-9.50200400802e-08 -0.00686026199134 0.996051894444 1.00133310006
-9.44388777555e-08 -0.00686238739216 0.996148870983 1.00120051944
-9.38577154309e-08 -0.00686459830887 0.99624264408 1.00107130171
-9.32765531062e-08 -0.00686723164448 0.996320593283 1.0009586955
-9.26953907816e-08 -0.00686986498008 0.996398542487 1.00084608929
-9.21142284569e-08 -0.00687249831569 0.99647649169 1.00073348308
-9.15330661323e-08 -0.00687548395552 0.996541291138 1.000634805
-9.09519038076e-08 -0.00687854166745 0.996603400494 1.00053897625
-9.0370741483e-08 -0.00688159937938 0.996665509851 1.00044314749
-8.97895791583e-08 -0.0068848028635 0.99672220396 1.00035312156
-8.92084168337e-08 -0.00688821316957 0.996771214904 1.00027132868
-8.8627254509e-08 -0.00689162347563 0.996820225847 1.0001895358
-8.80460921844e-08 -0.0068950337817 0.996869236791 1.00010774292
-8.74649298597e-08 -0.00689871094004 0.996908395168 1.00003666703
-8.68837675351e-08 -0.00690241247842 0.9969466534 0.999966570255
-8.63026052104e-08 -0.00690611401679 0.996984911632 0.99989647348
-8.57214428858e-08 -0.00690989607858 0.997020220307 0.999829647293
-8.51402805611e-08 -0.00691383666216 0.997049722359 0.999769259727
-8.45591182365e-08 -0.00691777724574 0.997079224411 0.999708872161
-8.39779559118e-08 -0.00692171782932 0.997108726462 0.999648484595
-8.33967935872e-08 -0.00692578961532 0.997133471689 0.999593503318
-8.28156312625e-08 -0.00692992509423 0.997155907688 0.999541146552
-8.22344689379e-08 -0.00693406057314 0.997178343688 0.999488789787
-8.16533066132e-08 -0.00693819605205 0.997200779687 0.999436433022
-8.10721442886e-08 -0.00694247718567 0.997218005062 0.999390189354
-8.04909819639e-08 -0.00694677041486 0.997234797731 0.999344453334
-7.99098196393e-08 -0.00695106364405 0.9972515904 0.999298717314
-7.93286573146e-08 -0.00695536766837 0.997268003625 0.999253445126
-7.874749499e-08 -0.0069597875764 0.997280343591 0.99921315208
-7.81663326653e-08 -0.00696420748442 0.997292683557 0.999172859035
-7.75851703407e-08 -0.00696862739244 0.997305023523 0.999132565989
-7.7004008016e-08 -0.00697306311253 0.997316820604 0.999092973067
-7.64228456914e-08 -0.00697758386673 0.997325698157 0.999057145268
-7.58416833667e-08 -0.00698210462092 0.99733457571 0.999021317469
-7.52605210421e-08 -0.00698662537512 0.997343453263 0.998985489671
-7.46793587174e-08 -0.00699115693704 0.9973519714 0.998950159232
-7.40981963928e-08 -0.00699575719988 0.997358204855 0.998917990338
-7.35170340681e-08 -0.00700035746271 0.99736443831 0.998885821443
-7.29358717435e-08 -0.00700495772555 0.997370671765 0.998853652549
-7.23547094188e-08 -0.0070095592567 0.997376864872 0.998821544989
-7.17735470942e-08 -0.00701422152749 0.997381125733 0.998792374716
-7.11923847695e-08 -0.00701888379828 0.997385386593 0.998763204443
-7.06112224449e-08 -0.00702354606907 0.997389647454 0.998734034171
-7.00300601202e-08 -0.00702820833986 0.997393908314 0.998704863898
-6.94488977956e-08 -0.00703290921136 0.997397016994 0.998677683379
-6.88677354709e-08 -0.00703761924731 0.997399852128 0.99865097526
-6.82865731463e-08 -0.00704232928326 0.997402687261 0.998624267142
-6.77054108216e-08 -0.00704703931921 0.997405522395 0.998597559023
-6.7124248497e-08 -0.00705176737252 0.997407868737 0.998571859238
-6.65430861723e-08 -0.00705651368284 0.997409719785 0.9985471812
-6.59619238477e-08 -0.00706125999317 0.997411570834 0.998522503162
-6.5380761523e-08 -0.0070660063035 0.997413421882 0.998497825125
-6.47995991984e-08 -0.00707075488464 0.997415220068 0.998473288344
-6.42184368737e-08 -0.00707552829143 0.997416440328 0.998450295861
-6.36372745491e-08 -0.00708030169822 0.997417660587 0.998427303378
-6.30561122244e-08 -0.00708507510502 0.997418880847 0.998404310894
-6.24749498998e-08 -0.00708984851181 0.997420101107 0.998381318411
-6.18937875752e-08 -0.00709463317659 0.99742112218 0.9983591278
-6.13126252505e-08 -0.00709942643617 0.997421991186 0.99833754937
-6.07314629259e-08 -0.00710421969574 0.997422860191 0.99831597094
-6.01503006012e-08 -0.00710901295532 0.997423729197 0.998294392511
-5.95691382766e-08 -0.00711380621489 0.997424598203 0.998272814081
-5.89879759519e-08 -0.00711861289806 0.997425341678 0.998252371487
-5.84068136273e-08 -0.00712342037665 0.997426077714 0.998231996199
-5.78256513026e-08 -0.00712822785525 0.99742681375 0.998211620911
-5.7244488978e-08 -0.00713303533385 0.997427549787 0.998191245622
-5.66633266533e-08 -0.00713784491791 0.997428293197 0.998171091559
-5.60821643287e-08 -0.00714266231581 0.997429063971 0.99815175851
-5.5501002004e-08 -0.00714747971371 0.997429834746 0.998132425461
-5.49198396794e-08 -0.00715229711161 0.997430605521 0.998113092412
-5.43386773547e-08 -0.00715711450952 0.997431376296 0.998093759363
-5.37575150301e-08 -0.00716193438809 0.997432206466 0.998074766791
-5.31763527054e-08 -0.00716675850654 0.997433138151 0.998056356149
-5.25951903808e-08 -0.007171582625 0.997434069836 0.998037945508
-5.20140280561e-08 -0.00717640674345 0.997435001521 0.998019534867
-5.14328657315e-08 -0.0071812308619 0.997435933206 0.998001124226
-5.08517034068e-08 -0.00718605680438 0.997436969196 0.997983058085
-5.02705410822e-08 -0.00719088534998 0.997438154043 0.997965483589
-4.96893787575e-08 -0.00719571389557 0.997439338889 0.997947909094
-4.91082164329e-08 -0.00720054244117 0.997440523736 0.997930334598
-4.85270541082e-08 -0.00720537098676 0.997441708582 0.997912760102
-4.79458917836e-08 -0.00721020050518 0.997443000949 0.997895448499
-4.73647294589e-08 -0.00721503192678 0.997444503663 0.9978786512
-4.67835671343e-08 -0.00721986334837 0.997446006377 0.997861853901
-4.62024048096e-08 -0.00722469476997 0.99744750909 0.997845056603
-4.5621242485e-08 -0.00722952619156 0.997449011804 0.997828259304
-4.50400801603e-08 -0.00723435789352 0.997450566808 0.997811569445
-4.44589178357e-08 -0.00723919124715 0.997452429862 0.99779551253
-4.3877755511e-08 -0.00724402460078 0.997454292916 0.997779455616
-4.32965931864e-08 -0.00724885795442 0.99745615597 0.997763398702
-4.27154308617e-08 -0.00725369130805 0.997458019024 0.997747341788
-4.21342685371e-08 -0.00725852466168 0.997459882078 0.997731284874
-4.15531062124e-08 -0.0072633592467 0.997462064581 0.997715826596
-4.09719438878e-08 -0.00726819408434 0.997464312619 0.99770049113
-4.03907815631e-08 -0.00727302892198 0.997466560658 0.997685155664
-3.98096192385e-08 -0.00727786375963 0.997468808697 0.997669820198
-3.92284569138e-08 -0.00728269859727 0.997471056735 0.997654484733
-3.86472945892e-08 -0.00728753399588 0.99747345874 0.997639428395
-3.80661322645e-08 -0.0072923702743 0.99747610222 0.997624809836
-3.74849699399e-08 -0.00729720655272 0.997478745701 0.997610191276
-3.69038076152e-08 -0.00730204283115 0.997481389182 0.997595572717
-3.63226452906e-08 -0.00730687910957 0.997484032662 0.997580954157
-3.57414829659e-08 -0.00731171538799 0.997486676143 0.997566335598
-3.51603206413e-08 -0.0073165530849 0.997489643652 0.997552311322
-3.45791583166e-08 -0.00732139109127 0.99749268185 0.997538416692
-3.3997995992e-08 -0.00732622909763 0.997495720048 0.997524522062
-3.34168336673e-08 -0.007331067104 0.997498758246 0.997510627432
-3.28356713427e-08 -0.00733590511037 0.997501796444 0.997496732802
-3.2254509018e-08 -0.00734074339422 0.997504881433 0.997482928069
-3.16733466934e-08 -0.00734558368551 0.997508304922 0.997469773669
-3.10921843687e-08 -0.00735042397681 0.99751172841 0.997456619269
-3.05110220441e-08 -0.0073552642681 0.997515151899 0.997443464868
-2.99298597194e-08 -0.00736010455939 0.997518575388 0.997430310468
-2.93486973948e-08 -0.00736494485068 0.997521998876 0.997417156068
-2.87675350701e-08 -0.00736978602349 0.997525528649 0.997404221584
-2.81863727455e-08 -0.00737462937708 0.997529321357 0.99739183115
-2.76052104208e-08 -0.00737947273068 0.997533114065 0.997379440716
-2.70240480962e-08 -0.00738431608427 0.997536906773 0.997367050281
-2.64428857715e-08 -0.00738915943787 0.997540699481 0.997354659847
-2.58617234469e-08 -0.00739400279146 0.997544492189 0.997342269413
-2.52805611222e-08 -0.0073988474193 0.997548395285 0.997330130575
-2.46993987976e-08 -0.0074036947925 0.99755253621 0.997318533797
-2.41182364729e-08 -0.00740854216569 0.997556677135 0.99730693702
-2.35370741483e-08 -0.00741338953888 0.997560818061 0.997295340243
-2.29559118236e-08 -0.00741823691208 0.997564958986 0.997283743466
-2.2374749499e-08 -0.00742308428527 0.997569099911 0.997272146688
-2.17935871743e-08 -0.00742793271208 0.997573307414 0.997260720218
-2.12124248497e-08 -0.00743278520852 0.997577772074 0.997249951555
-2.0631262525e-08 -0.00743763770496 0.997582236735 0.997239182893
-2.00501002004e-08 -0.00744249020139 0.997586701395 0.997228414231
-1.94689378758e-08 -0.00744734269783 0.997591166055 0.997217645568
-1.88877755511e-08 -0.00745219519426 0.997595630715 0.997206876906
-1.83066132265e-08 -0.0074570476907 0.997600095376 0.997196108244
-1.77254509018e-08 -0.00746190621793 0.997604842352 0.997186163068
-1.71442885772e-08 -0.00746676505927 0.997609604032 0.997176260782
-1.65631262525e-08 -0.0074716239006 0.997614365712 0.997166358496
-1.59819639279e-08 -0.00747648274193 0.997619127391 0.99715645621
-1.54008016032e-08 -0.00748134158326 0.997623889071 0.997146553924
-1.48196392786e-08 -0.0074862004246 0.997628650751 0.997136651638
-1.42384769539e-08 -0.00749106346469 0.997633559976 0.99712724688
-1.36573146293e-08 -0.00749592996595 0.997638590826 0.997118252251
-1.30761523046e-08 -0.00750079646721 0.997643621676 0.997109257621
-1.249498998e-08 -0.00750566296847 0.997648652526 0.997100262991
-1.19138276553e-08 -0.00751052946973 0.997653683376 0.997091268362
-1.13326653307e-08 -0.00751539597099 0.997658714227 0.997082273732
-1.0751503006e-08 -0.00752026247225 0.997663745077 0.997073279102
-1.01703406814e-08 -0.00752513797563 0.997669015942 0.997065231148
-9.58917835671e-09 -0.00753001352296 0.997674287978 0.997057187815
-9.00801603206e-09 -0.0075348890703 0.997679560014 0.997049144481
-8.42685370741e-09 -0.00753976461763 0.99768483205 0.997041101148
-7.84569138277e-09 -0.00754464016496 0.997690104087 0.997033057815
-7.26452905812e-09 -0.00754951571229 0.997695376123 0.997025014482
-6.68336673347e-09 -0.00755439427784 0.997700709782 0.997017258145
-6.10220440882e-09 -0.00755928030733 0.99770619583 0.997010211535
-5.52104208417e-09 -0.00756416633682 0.997711681879 0.997003164926
-4.93987975952e-09 -0.00756905236631 0.997717167928 0.996996118316
-4.35871743487e-09 -0.0075739383958 0.997722653976 0.996989071707
-3.77755511022e-09 -0.00757882442529 0.997728140025 0.996982025097
-3.19639278557e-09 -0.00758371045478 0.997733626074 0.996974978488
-2.61523046092e-09 -0.00758860153671 0.997739191875 0.996968373144
-2.03406813627e-09 -0.00759349951306 0.997744866506 0.99696236994
-1.45290581162e-09 -0.00759839748942 0.997750541136 0.996956366736
-8.71743486974e-10 -0.00760329546577 0.997756215767 0.996950363531
-2.90581162324e-10 -0.00760819344213 0.997761890398 0.996944360327
2.90581162325e-10 -0.00761309141849 0.997767565028 0.996938357123
8.71743486974e-10 -0.00761798939484 0.997773239659 0.996932353919
1.45290581162e-09 -0.00762289268897 0.997778980029 0.99692678304
2.03406813627e-09 -0.0076278040826 0.997784820528 0.996921870636
2.61523046092e-09 -0.00763271547623 0.997790661027 0.996916958232
3.19639278557e-09 -0.00763762686985 0.997796501526 0.996912045828
3.77755511022e-09 -0.00764253826348 0.997802342024 0.996907133424
4.35871743487e-09 -0.0076474496571 0.997808182523 0.99690222102
4.93987975952e-09 -0.00765236105073 0.997814023022 0.996897308615
5.52104208417e-09 -0.00765727548353 0.997819893561 0.996892628906
6.10220440882e-09 -0.00766220174413 0.997825881009 0.996888854792
6.68336673347e-09 -0.00766712800473 0.997831868456 0.996885080679
7.26452905812e-09 -0.00767205426533 0.997837855904 0.996881306565
7.84569138277e-09 -0.00767698052592 0.997843843352 0.996877532452
8.42685370742e-09 -0.00768190678652 0.9978498308 0.996873758338
9.00801603206e-09 -0.00768683304712 0.997855818248 0.996869984225
9.58917835671e-09 -0.00769175930772 0.997861805696 0.996866210111
1.01703406814e-08 -0.00769669928295 0.997867905386 0.996863435354
1.0751503006e-08 -0.00770164180703 0.997874025936 0.996860846327
1.13326653307e-08 -0.0077065843311 0.997880146487 0.996858257299
1.19138276553e-08 -0.00771152685518 0.997886267037 0.996855668272
1.249498998e-08 -0.00771646937926 0.997892387588 0.996853079245
1.30761523046e-08 -0.00772141190334 0.997898508138 0.996850490217
1.36573146293e-08 -0.00772635442741 0.997904628689 0.99684790119
1.42384769539e-08 -0.00773130237726 0.997910788151 0.996845692148
1.48196392786e-08 -0.00773626246525 0.997917034666 0.996844333184
1.54008016032e-08 -0.00774122255324 0.99792328118 0.99684297422
1.59819639279e-08 -0.00774618264123 0.997929527694 0.996841615256
1.65631262525e-08 -0.00775114272923 0.997935774208 0.996840256292
1.71442885772e-08 -0.00775610281722 0.997942020723 0.996838897328
1.77254509018e-08 -0.00776106290521 0.997948267237 0.996837538364
1.83066132265e-08 -0.00776602299321 0.997954513751 0.9968361794
1.88877755511e-08 -0.00777099425481 0.997960836586 0.996835579856
1.94689378758e-08 -0.00777597305085 0.997967210884 0.996835492395
2.00501002004e-08 -0.00778095184689 0.997973585183 0.996835404933
2.06312625251e-08 -0.00778593064293 0.997979959481 0.996835317471
2.12124248497e-08 -0.00779090943897 0.99798633378 0.996835230009
2.17935871743e-08 -0.00779588823501 0.997992708078 0.996835142547
2.2374749499e-08 -0.00780086703106 0.997999082376 0.996835055086
2.29559118236e-08 -0.0078058458271 0.998005456675 0.996834967624
2.35370741483e-08 -0.00781083842872 0.998011930883 0.996835800213
2.41182364729e-08 -0.00781583683089 0.998018447069 0.996837019371
2.46993987976e-08 -0.00782083523307 0.998024963255 0.996838238528
2.52805611222e-08 -0.00782583363525 0.998031479441 0.996839457686
2.58617234469e-08 -0.00783083203742 0.998037995626 0.996840676843
2.64428857715e-08 -0.0078358304396 0.998044511812 0.996841896001
2.70240480962e-08 -0.00784082884178 0.998051027998 0.996843115159
2.76052104208e-08 -0.00784582724395 0.998057544184 0.996844334316
2.81863727455e-08 -0.00785083822556 0.998064168844 0.996846385588
2.87675350701e-08 -0.00785585674527 0.998070858507 0.996848935496
2.93486973948e-08 -0.00786087526499 0.998077548169 0.996851485405
2.99298597194e-08 -0.0078658937847 0.998084237832 0.996854035313
3.05110220441e-08 -0.00787091230442 0.998090927494 0.996856585221
3.10921843687e-08 -0.00787593082413 0.998097617156 0.99685913513
3.16733466934e-08 -0.00788094934385 0.998104306819 0.996861685038
3.2254509018e-08 -0.00788596786357 0.998110996481 0.996864234947
3.28356713427e-08 -0.00789099351458 0.998117768489 0.996867260887
3.34168336673e-08 -0.00789603204674 0.998124689237 0.996871146676
3.3997995992e-08 -0.00790107057889 0.998131609985 0.996875032465
3.45791583166e-08 -0.00790610911105 0.998138530733 0.996878918253
3.51603206413e-08 -0.0079111476432 0.998145451481 0.996882804042
3.57414829659e-08 -0.00791618617536 0.998152372229 0.996886689831
3.63226452906e-08 -0.00792122470751 0.998159292977 0.99689057562
3.69038076152e-08 -0.00792626323967 0.998166213725 0.996894461408
3.74849699399e-08 -0.00793130177182 0.998173134473 0.996898347197
3.80661322645e-08 -0.00793635718016 0.998180349156 0.996903400755
3.86472945892e-08 -0.00794141461457 0.998187599126 0.996908594509
3.92284569138e-08 -0.00794647204897 0.998194849096 0.996913788264
3.98096192385e-08 -0.00795152948338 0.998202099067 0.996918982018
4.03907815631e-08 -0.00795658691778 0.998209349037 0.996924175772
4.09719438878e-08 -0.00796164435219 0.998216599008 0.996929369527
4.15531062124e-08 -0.00796670178659 0.998223848978 0.996934563281
4.21342685371e-08 -0.007971759221 0.998231098948 0.996939757035
4.27154308617e-08 -0.00797682036318 0.998238462425 0.996945232013
4.32965931864e-08 -0.00798189390941 0.998246205625 0.996951647797
4.3877755511e-08 -0.00798696745563 0.998253948825 0.996958063582
4.44589178357e-08 -0.00799204100185 0.998261692025 0.996964479366
4.50400801603e-08 -0.00799711454808 0.998269435225 0.996970895151
4.5621242485e-08 -0.0080021880943 0.998277178425 0.996977310935
4.62024048096e-08 -0.00800726164052 0.998284921625 0.996983726719
4.67835671343e-08 -0.00801233518675 0.998292664825 0.996990142504
4.73647294589e-08 -0.00801740873297 0.998300408026 0.996996558288
4.79458917836e-08 -0.00802248607582 0.998308430592 0.997003349683
4.85270541082e-08 -0.00802757006377 0.998316942126 0.997010798498
4.91082164329e-08 -0.00803265405171 0.99832545366 0.997018247314
4.96893787575e-08 -0.00803773803966 0.998333965193 0.997025696129
5.02705410822e-08 -0.00804282202761 0.998342476727 0.997033144944
5.08517034068e-08 -0.00804790601556 0.998350988261 0.997040593759
5.14328657315e-08 -0.00805299000351 0.998359499795 0.997048042575
5.20140280561e-08 -0.00805807399146 0.998368011328 0.99705549139
5.25951903808e-08 -0.00806315797941 0.998376522862 0.997062940205
5.31763527054e-08 -0.00806824188693 0.998385391097 0.997070579011
5.37575150301e-08 -0.00807332559604 0.99839513931 0.997078686523
5.43386773547e-08 -0.00807840930515 0.998404887523 0.997086794034
5.49198396794e-08 -0.00808349301425 0.998414635736 0.997094901545
5.5501002004e-08 -0.00808857672336 0.998424383949 0.997103009056
5.60821643287e-08 -0.00809366043247 0.998434132162 0.997111116567
5.66633266533e-08 -0.00809874414157 0.998443880375 0.997119224079
5.7244488978e-08 -0.00810382785068 0.998453628588 0.99712733159
5.78256513026e-08 -0.00810891155979 0.998463376801 0.997135439101
5.84068136273e-08 -0.00811399526889 0.998473125014 0.997143546612
5.89879759519e-08 -0.0081190589402 0.99848492244 0.997151600994
5.95691382766e-08 -0.00812412260592 0.998496720437 0.997159655361
6.01503006012e-08 -0.00812918627164 0.998508518433 0.997167709729
6.07314629259e-08 -0.00813424993736 0.99852031643 0.997175764096
6.13126252505e-08 -0.00813931360308 0.998532114427 0.997183818463
6.18937875752e-08 -0.0081443772688 0.998543912423 0.99719187283
6.24749498998e-08 -0.00814944093452 0.99855571042 0.997199927197
6.30561122244e-08 -0.00815450460024 0.998567508417 0.997207981564
6.36372745491e-08 -0.00815956826596 0.998579306414 0.997216035932
6.42184368737e-08 -0.00816460420343 0.998592823563 0.997223407069
6.47995991984e-08 -0.00816961156069 0.998608112686 0.997230073985
6.5380761523e-08 -0.00817461891795 0.99862340181 0.997236740901
6.59619238477e-08 -0.00817962627521 0.998638690933 0.997243407817
6.65430861723e-08 -0.00818463363246 0.998653980057 0.997250074732
6.7124248497e-08 -0.00818964098972 0.99866926918 0.997256741648
6.77054108216e-08 -0.00819464834698 0.998684558304 0.997263408564
6.82865731463e-08 -0.00819965570423 0.998699847427 0.997270075479
6.88677354709e-08 -0.00820466306149 0.998715136551 0.997276742395
6.94488977956e-08 -0.00820967041875 0.998730425674 0.997283409311
7.00300601202e-08 -0.00821458397216 0.998750358341 0.997287118399
7.06112224449e-08 -0.00821946813544 0.998771745899 0.997289900756
7.11923847695e-08 -0.00822435229872 0.998793133456 0.997292683113
7.17735470942e-08 -0.00822923646201 0.998814521014 0.99729546547
7.23547094188e-08 -0.00823412062529 0.998835908572 0.997298247827
7.29358717435e-08 -0.00823900478857 0.998857296129 0.997301030184
7.35170340681e-08 -0.00824388895185 0.998878683687 0.997303812542
7.40981963928e-08 -0.00824877311513 0.998900071244 0.997306594899
7.46793587174e-08 -0.00825365727841 0.998921458802 0.997309377256
7.52605210421e-08 -0.0082585414417 0.998942846359 0.997312159613
7.58416833667e-08 -0.00826322700096 0.998972974378 0.997308064053
7.64228456914e-08 -0.00826786335802 0.999005267759 0.997302264557
7.7004008016e-08 -0.00827249971508 0.999037561141 0.99729646506
7.75851703407e-08 -0.00827713607215 0.999069854523 0.997290665564
7.81663326653e-08 -0.00828177242921 0.999102147905 0.997284866067
7.874749499e-08 -0.00828640878627 0.999134441287 0.997279066571
7.93286573146e-08 -0.00829104514333 0.999166734668 0.997273267074
7.99098196393e-08 -0.00829568150039 0.99919902805 0.997267467578
8.04909819639e-08 -0.00830031785746 0.999231321432 0.997261668081
8.10721442886e-08 -0.00830495421452 0.999263614814 0.997255868585
8.16533066132e-08 -0.00830929740861 0.999308007881 0.997239447478
8.22344689379e-08 -0.00831345087262 0.999360231658 0.997216152245
8.28156312625e-08 -0.00831760433664 0.999412455435 0.997192857012
8.33967935872e-08 -0.00832175780065 0.999464679213 0.997169561779
8.39779559118e-08 -0.00832591126467 0.99951690299 0.997146266546
8.45591182365e-08 -0.00833006472868 0.999569126767 0.997122971313
8.51402805611e-08 -0.0083342181927 0.999621350544 0.99709967608
8.57214428858e-08 -0.00833837165672 0.999673574321 0.997076380847
8.63026052104e-08 -0.00834252512073 0.999725798099 0.997053085614
8.68837675351e-08 -0.00834667858475 0.999778021876 0.997029790382
8.74649298597e-08 -0.00835067085354 0.999836670257 0.997000515458
8.80460921844e-08 -0.00835389180842 0.999926060158 0.996942627912
8.8627254509e-08 -0.0083571127633 1.00001545006 0.996884740366
8.92084168337e-08 -0.00836033371818 1.00010483996 0.996826852819
8.97895791583e-08 -0.00836355467306 1.00019422986 0.996768965273
9.0370741483e-08 -0.00836677562794 1.00028361976 0.996711077726
9.09519038076e-08 -0.00836999658282 1.00037300966 0.99665319018
9.15330661323e-08 -0.0083732175377 1.00046239956 0.996595302633
9.21142284569e-08 -0.00837643849258 1.00055178947 0.996537415087
9.26953907816e-08 -0.00837965944746 1.00064117937 0.99647952754
9.32765531062e-08 -0.00838288040234 1.00073056927 0.996421639994
9.38577154309e-08 -0.00838521142672 1.00085479849 0.996330341736
9.44388777555e-08 -0.00838662760863 1.00101484228 0.996204697495
9.50200400802e-08 -0.00838804379055 1.00117488608 0.996079053254
9.56012024048e-08 -0.00838945997246 1.00133492988 0.995953409012
9.61823647295e-08 -0.00839087615437 1.00149497368 0.995827764771
9.67635270541e-08 -0.00839229233628 1.00165501748 0.99570212053
9.73446893788e-08 -0.00839370851819 1.00181506127 0.995576476289
9.79258517034e-08 -0.00839512470011 1.00197510507 0.995450832048
9.85070140281e-08 -0.00839654088202 1.00213514887 0.995325187807
9.90881763527e-08 -0.00839795706393 1.00229519267 0.995199543566
9.96693386774e-08 -0.00839937324584 1.00245523647 0.995073899325
1.00250501002e-07 -0.00839881006324 1.00269222331 0.994873621002
1.00831663327e-07 -0.00839670442633 1.00298916937 0.994615182769
1.01412825651e-07 -0.00839459878942 1.00328611543 0.994356744536
1.01993987976e-07 -0.00839249315251 1.00358306148 0.994098306303
1.02575150301e-07 -0.0083903875156 1.00388000754 0.993839868071
1.03156312625e-07 -0.00838828187869 1.0041769536 0.993581429838
1.0373747495e-07 -0.00838617624178 1.00447389965 0.993322991605
1.04318637275e-07 -0.00838407060487 1.00477084571 0.993064553373
1.04899799599e-07 -0.00838196496796 1.00506779177 0.99280611514
1.05480961924e-07 -0.00837985933105 1.00536473783 0.992547676907
1.06062124248e-07 -0.00837775369414 1.00566168388 0.992289238675
1.06643286573e-07 -0.00837304973449 1.00605978957 0.991933078914
1.07224448898e-07 -0.00836399188815 1.00662740369 0.991413171804
1.07805611222e-07 -0.00835493404181 1.00719501781 0.990893264694
1.08386773547e-07 -0.00834587619547 1.00776263192 0.990373357584
1.08967935872e-07 -0.00833681834913 1.00833024604 0.989853450473
1.09549098196e-07 -0.00832776050279 1.00889786015 0.989333543363
1.10130260521e-07 -0.00831870265645 1.00946547427 0.988813636253
1.10711422846e-07 -0.00830964481011 1.01003308838 0.988293729143
1.1129258517e-07 -0.00830058696377 1.0106007025 0.987773822033
1.11873747495e-07 -0.00829152911743 1.01116831662 0.987253914923
1.1245490982e-07 -0.00828247127108 1.01173593073 0.986734007813
1.13036072144e-07 -0.00827341342474 1.01230354485 0.986214100703
1.13617234469e-07 -0.00825152858615 1.01337632431 0.985217398409
1.14198396794e-07 -0.00822856131961 1.01449173303 0.984180460929
1.14779559118e-07 -0.00820559405308 1.01560714174 0.983143523449
1.15360721443e-07 -0.00818262678655 1.01672255046 0.982106585969
1.15941883768e-07 -0.00815965952001 1.01783795917 0.981069648489
1.16523046092e-07 -0.00813669225348 1.01895336789 0.980032711009
1.17104208417e-07 -0.00811372498695 1.0200687766 0.978995773529
1.17685370741e-07 -0.00809075772042 1.02118418532 0.977958836049
1.18266533066e-07 -0.00806779045388 1.02229959403 0.976921898569
1.18847695391e-07 -0.00804482318735 1.02341500275 0.975884961089
1.19428857715e-07 -0.00802185592082 1.02453041146 0.974848023609
1.2001002004e-07 -0.00799320854375 1.02587579827 0.973605728618
1.20591182365e-07 -0.00794200351005 1.02813450655 0.971547888898
1.21172344689e-07 -0.00789079847634 1.03039321483 0.969490049178
1.21753507014e-07 -0.00783959344264 1.03265192311 0.967432209458
1.22334669339e-07 -0.00778838840894 1.03491063139 0.965374369738
1.22915831663e-07 -0.00773718337523 1.03716933967 0.963316530018
1.23496993988e-07 -0.00768597834153 1.03942804795 0.961258690297
1.24078156313e-07 -0.00763477330783 1.04168675623 0.959200850577
1.24659318637e-07 -0.00758356827413 1.04394546451 0.957143010857
1.25240480962e-07 -0.00753236324042 1.04620417279 0.955085171137
1.25821643287e-07 -0.00748115820672 1.04846288107 0.953027331417
1.26402805611e-07 -0.00742995317302 1.05072158935 0.950969491697
1.26983967936e-07 -0.00736685222518 1.05349115091 0.948506539185
1.27565130261e-07 -0.00725742463164 1.05825014503 0.944465942735
1.28146292585e-07 -0.00714799703809 1.06300913915 0.940425346286
1.2872745491e-07 -0.00703856944455 1.06776813327 0.936384749836
1.29308617234e-07 -0.006929141851 1.07252712739 0.932344153387
1.29889779559e-07 -0.00681971425746 1.07728612151 0.928303556937
1.30470941884e-07 -0.00671028666391 1.08204511563 0.924262960488
1.31052104208e-07 -0.00660085907037 1.08680410976 0.920222364038
1.31633266533e-07 -0.00649143147682 1.09156310388 0.916181767589
1.32214428858e-07 -0.00638200388328 1.096322098 0.91214117114
1.32795591182e-07 -0.00627257628973 1.10108109212 0.90810057469
1.33376753507e-07 -0.00616314869618 1.10584008624 0.904059978241
1.33957915832e-07 -0.00605372110264 1.11059908036 0.900019381791
1.34539078156e-07 -0.00583132407848 1.12084402148 0.892594434619
1.35120240481e-07 -0.00559979181155 1.13153258224 0.884895812832
1.35701402806e-07 -0.00536825954463 1.14222114299 0.877197191045
1.3628256513e-07 -0.00513672727771 1.15290970375 0.869498569257
1.36863727455e-07 -0.00490519501079 1.1635982645 0.86179994747
1.3744488978e-07 -0.00467366274387 1.17428682526 0.854101325683
1.38026052104e-07 -0.00444213047695 1.18497538602 0.846402703896
1.38607214429e-07 -0.00421059821002 1.19566394677 0.838704082109
1.39188376754e-07 -0.0039790659431 1.20635250753 0.831005460321
1.39769539078e-07 -0.00374753367618 1.21704106828 0.823306838534
1.40350701403e-07 -0.00351600140926 1.22772962904 0.815608216747
1.40931863727e-07 -0.00328446914234 1.23841818979 0.80790959496
1.41513026052e-07 -0.0029594758218 1.25431060894 0.797808003783
1.42094188377e-07 -0.0024662298515 1.27957124007 0.783380482699
1.42675350701e-07 -0.0019729838812 1.30483187121 0.768952961614
1.43256513026e-07 -0.0014797379109 1.33009250234 0.75452544053
1.43837675351e-07 -0.0009864919406 1.35535313347 0.740097919445
1.44418837675e-07 -0.0004932459703 1.38061376461 0.725670398361
1.45e-07 0 1.40587439574 0.711242877276
