-1.45e-07 0 	0 	-957.33823629 	
-1.44418837675e-07 -6.57662521395e-16 	6.57662521395e-16 	-904.653252743 	
-1.43837675351e-07 -1.2924613051e-15 	1.2924613051e-15 	-853.602272886 	
-1.43256513026e-07 0 	0 	-806.347131063 	
-1.42675350701e-07 -1.40101927987e-16 	1.40101927987e-16 	-761.890354857 	
-1.42094188377e-07 -3.75552883653e-15 	3.75552883653e-15 	-719.652132814 	
-1.41513026052e-07 0 	0 	-680.104457948 	
-1.40931863727e-07 0 	0 	-643.42004018 	
-1.40350701403e-07 0 	0 	-608.264467175 	
-1.39769539078e-07 0 	0 	-575.750701759 	
-1.39188376754e-07 0 	0 	-545.150142095 	
-1.38607214429e-07 0 	0 	-515.881772795 	
-1.38026052104e-07 0 	0 	-489.274687951 	
-1.3744488978e-07 0 	0 	-463.26080234 	
-1.36863727455e-07 -1.21451022613e-16 	1.21451022613e-16 	-439.913287615 	
-1.3628256513e-07 -6.29910387654e-16 	6.29910387654e-16 	-417.048262572 	
-1.35701402806e-07 0 	0 	-396.369751534 	
-1.35120240481e-07 0 	0 	-376.189930464 	
-1.34539078156e-07 0 	0 	-357.984365052 	
-1.33957915832e-07 0 	0 	-340.068770906 	
-1.33376753507e-07 0 	0 	-324.140708005 	
-1.32795591182e-07 0 	0 	-308.212645104 	
-1.32214428858e-07 0 	0 	-294.271229156 	
-1.31633266533e-07 0 	0 	-280.427400203 	
-1.31052104208e-07 0 	0 	-267.861396555 	
-1.30470941884e-07 0 	0 	-255.912235429 	
-1.29889779559e-07 0 	0 	-244.452294841 	
-1.29308617234e-07 -5.09316562629e-17 	5.09316562629e-17 	-234.213404221 	
-1.2872745491e-07 -8.49190006658e-16 	8.49190006658e-16 	-223.974513602 	
-1.28146292585e-07 -3.88335226487e-16 	3.88335226487e-16 	-214.935125747 	
-1.27565130261e-07 -5.39700572734e-16 	5.39700572734e-16 	-206.228651972 	
-1.26983967936e-07 -1.2442364395e-15 	1.2442364395e-15 	-197.738813439 	
-1.26402805611e-07 -1.93069970244e-16 	1.93069970244e-16 	-190.394701432 	
-1.25821643287e-07 0 	0 	-183.050589425 	
-1.25240480962e-07 0 	0 	-176.197822686 	
-1.24659318637e-07 -3.95684552239e-18 	3.95684552239e-18 	-170.05492511 	
-1.24078156313e-07 -2.26116817872e-15 	2.26116817872e-15 	-163.912027533 	
-1.23496993988e-07 -2.09487781093e-15 	2.09487781093e-15 	-158.322179761 	
-1.22915831663e-07 0 	0 	-153.229197631 	
-1.22334669339e-07 0 	0 	-148.136215501 	
-1.21753507014e-07 0 	0 	-143.503113219 	
-1.21172344689e-07 0 	0 	-139.319349504 	
-1.20591182365e-07 0 	0 	-135.135585788 	
-1.2001002004e-07 0 	0 	-131.2165141 	
-1.19428857715e-07 0 	0 	-127.81242717 	
-1.18847695391e-07 0 	0 	-124.40834024 	
-1.18266533066e-07 0 	0 	-121.018042475 	
-1.17685370741e-07 0 	0 	-118.275592223 	
-1.17104208417e-07 -2.29169205589e-16 	2.29169205589e-16 	-115.533141971 	
-1.16523046092e-07 -9.3969020439e-16 	9.3969020439e-16 	-112.790691719 	
-1.15941883768e-07 -8.62292954287e-16 	8.62292954287e-16 	-110.349469077 	
-1.15360721443e-07 -1.65486568209e-16 	1.65486568209e-16 	-108.162254599 	
-1.14779559118e-07 -4.83659461874e-16 	4.83659461874e-16 	-105.975040121 	
-1.14198396794e-07 -1.11796104519e-15 	1.11796104519e-15 	-103.787825643 	
-1.13617234469e-07 -6.02743982561e-16 	6.02743982561e-16 	-102.013528723 	
-1.13036072144e-07 -2.64990329424e-17 	2.64990329424e-17 	-100.286722895 	
-1.1245490982e-07 -8.76013189055e-16 	8.76013189055e-16 	-98.559917067 	
-1.11873747495e-07 -1.56617932436e-15 	1.56617932436e-15 	-96.8616701945 	
-1.1129258517e-07 -7.32948314016e-16 	7.32948314016e-16 	-95.5117629183 	
-1.10711422846e-07 0 	0 	-94.1618556421 	
-1.10130260521e-07 0 	0 	-92.8119483659 	
-1.09549098196e-07 0 	0 	-91.4835998923 	
-1.08967935872e-07 0 	0 	-90.4379673733 	
-1.08386773547e-07 0 	0 	-89.3923348542 	
-1.07805611222e-07 0 	0 	-88.3467023352 	
-1.07224448898e-07 0 	0 	-87.3010698162 	
-1.06643286573e-07 0 	0 	-86.4667228991 	
-1.06062124248e-07 0 	0 	-85.6630454057 	
-1.05480961924e-07 0 	0 	-84.8593679123 	
-1.04899799599e-07 0 	0 	-84.0556904189 	
-1.04318637275e-07 0 	0 	-83.3416470692 	
-1.0373747495e-07 0 	0 	-82.7272015572 	
-1.03156312625e-07 -7.98364217736e-17 	7.98364217736e-17 	-82.1127560453 	
-1.02575150301e-07 -4.39116467556e-16 	4.39116467556e-16 	-81.4983105333 	
-1.01993987976e-07 -7.98396513338e-16 	7.98396513338e-16 	-80.8838650213 	
-1.01412825651e-07 -5.2674371184e-16 	5.2674371184e-16 	-80.3947319428 	
-1.00831663327e-07 -1.74962023571e-16 	1.74962023571e-16 	-79.9255886276 	
-1.00250501002e-07 0 	0 	-79.4564453123 	
-9.96693386774e-08 0 	0 	-78.987301997 	
-9.90881763527e-08 0 	0 	-78.5213630032 	
-9.85070140281e-08 0 	0 	-78.161516231 	
-9.79258517034e-08 0 	0 	-77.8016694589 	
-9.73446893788e-08 -3.17107643833e-16 	3.17107643833e-16 	-77.4418226868 	
-9.67635270541e-08 -8.87450226861e-16 	8.87450226861e-16 	-77.0819759147 	
-9.61823647295e-08 -1.45779280989e-15 	1.45779280989e-15 	-76.7221291425 	
-9.56012024048e-08 -9.07777394557e-16 	9.07777394557e-16 	-76.4396754912 	
-9.50200400802e-08 -3.50396727762e-16 	3.50396727762e-16 	-76.1601392749 	
-9.44388777555e-08 -3.78395309902e-16 	3.78395309902e-16 	-75.8806030586 	
-9.38577154309e-08 -1.39736437161e-15 	1.39736437161e-15 	-75.6010668424 	
-9.32765531062e-08 -2.41633343333e-15 	2.41633343333e-15 	-75.3215306261 	
-9.26953907816e-08 -2.05162889014e-15 	2.05162889014e-15 	-75.0795732242 	
-9.21142284569e-08 -1.05701655162e-15 	1.05701655162e-15 	-74.8574702333 	
-9.15330661323e-08 -6.24042130885e-17 	6.24042130885e-17 	-74.6353672424 	
-9.09519038076e-08 -4.22543216313e-16 	4.22543216313e-16 	-74.4132642515 	
-9.0370741483e-08 -8.73372473253e-16 	8.73372473253e-16 	-74.1911612606 	
-8.97895791583e-08 -1.21212272421e-15 	1.21212272421e-15 	-73.9726173884 	
-8.92084168337e-08 -7.72675061701e-16 	7.72675061701e-16 	-73.7902875599 	
-8.8627254509e-08 -3.33227399188e-16 	3.33227399188e-16 	-73.6079577315 	
-8.80460921844e-08 -2.90956410338e-16 	2.90956410338e-16 	-73.425627903 	
-8.74649298597e-08 -1.49468261487e-15 	1.49468261487e-15 	-73.2432980745 	
-8.68837675351e-08 -2.69840881939e-15 	2.69840881939e-15 	-73.0609682461 	
-8.63026052104e-08 -3.19574223339e-15 	3.19574223339e-15 	-72.8854421095 	
-8.57214428858e-08 -2.02422321872e-15 	2.02422321872e-15 	-72.7295934623 	
-8.51402805611e-08 -8.52704204054e-16 	8.52704204054e-16 	-72.5737448152 	
-8.45591182365e-08 0 	0 	-72.417896168 	
-8.39779559118e-08 0 	0 	-72.2620475208 	
-8.33967935872e-08 0 	0 	-72.1061988736 	
-8.28156312625e-08 0 	0 	-71.9527605749 	
-8.22344689379e-08 0 	0 	-71.8136803947 	
-8.16533066132e-08 0 	0 	-71.6746002145 	
-8.10721442886e-08 0 	0 	-71.5355200343 	
-8.04909819639e-08 0 	0 	-71.3964398541 	
-7.99098196393e-08 0 	0 	-71.2573596739 	
-7.93286573146e-08 0 	0 	-71.1182794938 	
-7.874749499e-08 0 	0 	-70.9865048317 	
-7.81663326653e-08 0 	0 	-70.8573447518 	
-7.75851703407e-08 0 	0 	-70.728184672 	
-7.7004008016e-08 -6.32929481855e-17 	6.32929481855e-17 	-70.5990245921 	
-7.64228456914e-08 -2.0163094218e-16 	2.0163094218e-16 	-70.4698645122 	
-7.58416833667e-08 -3.39968936174e-16 	3.39968936174e-16 	-70.3407044323 	
-7.52605210421e-08 -4.57250808579e-16 	4.57250808579e-16 	-70.2116549543 	
-7.46793587174e-08 -3.23388029281e-16 	3.23388029281e-16 	-70.0877986826 	
-7.40981963928e-08 -1.89525249983e-16 	1.89525249983e-16 	-69.9639424108 	
-7.35170340681e-08 -5.56624706845e-17 	5.56624706845e-17 	-69.8400861391 	
-7.29358717435e-08 -7.27494043536e-17 	7.27494043536e-17 	-69.7162298674 	
-7.23547094188e-08 -1.97281361218e-16 	1.97281361218e-16 	-69.5923735956 	
-7.17735470942e-08 -3.21813318083e-16 	3.21813318083e-16 	-69.4685173239 	
-7.11923847695e-08 -4.46345274947e-16 	4.46345274947e-16 	-69.3446610522 	
-7.06112224449e-08 -3.14965923534e-16 	3.14965923534e-16 	-69.2231366292 	
-7.00300601202e-08 -1.94743348119e-16 	1.94743348119e-16 	-69.101654555 	
-6.94488977956e-08 -7.45207727037e-17 	7.45207727037e-17 	-68.9801724807 	
-6.88677354709e-08 0 	0 	-68.8586904064 	
-6.82865731463e-08 0 	0 	-68.7372083321 	
-6.77054108216e-08 0 	0 	-68.6157262579 	
-6.7124248497e-08 0 	0 	-68.4942441836 	
-6.65430861723e-08 0 	0 	-68.373169119 	
-6.59619238477e-08 0 	0 	-68.2523599893 	
-6.5380761523e-08 0 	0 	-68.1315508595 	
-6.47995991984e-08 0 	0 	-68.0107417297 	
-6.42184368737e-08 -1.57600410146e-16 	1.57600410146e-16 	-67.8899325999 	
-6.36372745491e-08 -3.47596020231e-16 	3.47596020231e-16 	-67.7691234702 	
-6.30561122244e-08 -5.37591630316e-16 	5.37591630316e-16 	-67.6483143404 	
-6.24749498998e-08 -7.27587240401e-16 	7.27587240401e-16 	-67.5275052106 	
-6.18937875752e-08 -5.6269783634e-16 	5.6269783634e-16 	-67.4065438998 	
-6.13126252505e-08 -3.80266636204e-16 	3.80266636204e-16 	-67.2855603562 	
-6.07314629259e-08 -1.97835436068e-16 	1.97835436068e-16 	-67.1645768126 	
-6.01503006012e-08 -1.54042359319e-17 	1.54042359319e-17 	-67.043593269 	
-5.95691382766e-08 0 	0 	-66.9226097254 	
-5.89879759519e-08 0 	0 	-66.8016261818 	
-5.84068136273e-08 0 	0 	-66.6806426382 	
-5.78256513026e-08 0 	0 	-66.5596590946 	
-5.7244488978e-08 0 	0 	-66.4383188268 	
-5.66633266533e-08 0 	0 	-66.3168709269 	
-5.60821643287e-08 0 	0 	-66.1954230271 	
-5.5501002004e-08 0 	0 	-66.0739751272 	
-5.49198396794e-08 0 	0 	-65.9525272274 	
-5.43386773547e-08 0 	0 	-65.8310793275 	
-5.37575150301e-08 0 	0 	-65.7096314277 	
-5.31763527054e-08 0 	0 	-65.5881835279 	
-5.25951903808e-08 0 	0 	-65.4666196921 	
-5.20140280561e-08 0 	0 	-65.3447486263 	
-5.14328657315e-08 0 	0 	-65.2228775606 	
-5.08517034068e-08 0 	0 	-65.1010064949 	
-5.02705410822e-08 0 	0 	-64.9791354292 	
-4.96893787575e-08 -1.1508553511e-16 	1.1508553511e-16 	-64.8572643634 	
-4.91082164329e-08 -2.39222924728e-16 	2.39222924728e-16 	-64.7353932977 	
-4.85270541082e-08 -3.63360314345e-16 	3.63360314345e-16 	-64.613522232 	
-4.79458917836e-08 -4.87497703963e-16 	4.87497703963e-16 	-64.4916511662 	
-4.73647294589e-08 -4.93593709846e-16 	4.93593709846e-16 	-64.3696999853 	
-4.67835671343e-08 -3.75649742311e-16 	3.75649742311e-16 	-64.2476130037 	
-4.62024048096e-08 -2.57705774777e-16 	2.57705774777e-16 	-64.1255260222 	
-4.5621242485e-08 -1.39761807243e-16 	1.39761807243e-16 	-64.0034390407 	
-4.50400801603e-08 -2.18178397088e-17 	2.18178397088e-17 	-63.8813520592 	
-4.44589178357e-08 0 	0 	-63.7592650777 	
-4.3877755511e-08 0 	0 	-63.6371780962 	
-4.32965931864e-08 0 	0 	-63.5150911147 	
-4.27154308617e-08 0 	0 	-63.3930041331 	
-4.21342685371e-08 0 	0 	-63.2709189009 	
-4.15531062124e-08 0 	0 	-63.1488758956 	
-4.09719438878e-08 0 	0 	-63.0268328903 	
-4.03907815631e-08 0 	0 	-62.904789885 	
-3.98096192385e-08 0 	0 	-62.7827468797 	
-3.92284569138e-08 0 	0 	-62.6607038745 	
-3.86472945892e-08 0 	0 	-62.5386608692 	
-3.80661322645e-08 0 	0 	-62.4166178639 	
-3.74849699399e-08 0 	0 	-62.2945748586 	
-3.69038076152e-08 0 	0 	-62.1725318533 	
-3.63226452906e-08 0 	0 	-62.0505628551 	
-3.57414829659e-08 0 	0 	-61.9288049877 	
-3.51603206413e-08 0 	0 	-61.8070471203 	
-3.45791583166e-08 0 	0 	-61.685289253 	
-3.3997995992e-08 0 	0 	-61.5635313856 	
-3.34168336673e-08 -1.00818449809e-17 	1.00818449809e-17 	-61.4417735182 	
-3.28356713427e-08 -4.96871169897e-17 	4.96871169897e-17 	-61.3200156508 	
-3.2254509018e-08 -8.92923889985e-17 	8.92923889985e-17 	-61.1982577835 	
-3.16733466934e-08 -1.28897661007e-16 	1.28897661007e-16 	-61.0764999161 	
-3.10921843687e-08 -1.68502933016e-16 	1.68502933016e-16 	-60.9547420487 	
-3.05110220441e-08 -1.94112600621e-16 	1.94112600621e-16 	-60.8329882907 	
-2.99298597194e-08 -1.57047228096e-16 	1.57047228096e-16 	-60.7116994039 	
-2.93486973948e-08 -1.1998185557e-16 	1.1998185557e-16 	-60.5904105171 	
-2.87675350701e-08 -8.29164830442e-17 	8.29164830442e-17 	-60.4691216303 	
-2.81863727455e-08 -4.58511105185e-17 	4.58511105185e-17 	-60.3478327436 	
-2.76052104208e-08 -8.78573799283e-18 	8.78573799283e-18 	-60.2265438568 	
-2.70240480962e-08 -1.02971599157e-16 	1.02971599157e-16 	-60.10525497 	
-2.64428857715e-08 -2.37933763462e-16 	2.37933763462e-16 	-59.9839660832 	
-2.58617234469e-08 -3.72895927767e-16 	3.72895927767e-16 	-59.8626771964 	
-2.52805611222e-08 -5.07858092072e-16 	5.07858092072e-16 	-59.7413883097 	
-2.46993987976e-08 -6.42820256377e-16 	6.42820256377e-16 	-59.6200994229 	
-2.41182364729e-08 -6.56671036419e-16 	6.56671036419e-16 	-59.4989643895 	
-2.35370741483e-08 -5.31194300942e-16 	5.31194300942e-16 	-59.3782565666 	
-2.29559118236e-08 -4.05717565465e-16 	4.05717565465e-16 	-59.2575487436 	
-2.2374749499e-08 -2.80240829988e-16 	2.80240829988e-16 	-59.1368409206 	
-2.17935871743e-08 -1.54764094511e-16 	1.54764094511e-16 	-59.0161330977 	
-2.12124248497e-08 -2.92873590337e-17 	2.92873590337e-17 	-58.8954252747 	
-2.0631262525e-08 0 	0 	-58.7747174517 	
-2.00501002004e-08 0 	0 	-58.6540096288 	
-1.94689378758e-08 0 	0 	-58.5333018058 	
-1.88877755511e-08 0 	0 	-58.4125939829 	
-1.83066132265e-08 0 	0 	-58.2918861599 	
-1.77254509018e-08 0 	0 	-58.1711807481 	
-1.71442885772e-08 0 	0 	-58.0510961811 	
-1.65631262525e-08 0 	0 	-57.931011614 	
-1.59819639279e-08 0 	0 	-57.8109270469 	
-1.54008016032e-08 0 	0 	-57.6908424798 	
-1.48196392786e-08 0 	0 	-57.5707579127 	
-1.42384769539e-08 -1.15660251112e-17 	1.15660251112e-17 	-57.4506733456 	
-1.36573146293e-08 -5.95287437352e-17 	5.95287437352e-17 	-57.3305887785 	
-1.30761523046e-08 -1.07491462359e-16 	1.07491462359e-16 	-57.2105042115 	
-1.249498998e-08 -1.55454180983e-16 	1.55454180983e-16 	-57.0904196444 	
-1.19138276553e-08 -2.03416899607e-16 	2.03416899607e-16 	-56.9703350773 	
-1.13326653307e-08 -2.51379618231e-16 	2.51379618231e-16 	-56.8502505102 	
-1.0751503006e-08 -2.56014661503e-16 	2.56014661503e-16 	-56.7302879948 	
-1.01703406814e-08 -2.12167707358e-16 	2.12167707358e-16 	-56.610810164 	
-9.58917835671e-09 -1.68320753212e-16 	1.68320753212e-16 	-56.4913323333 	
-9.00801603206e-09 -1.24473799067e-16 	1.24473799067e-16 	-56.3718545026 	
-8.42685370741e-09 -8.06268449215e-17 	8.06268449215e-17 	-56.2523766719 	
-7.84569138277e-09 -3.67798907762e-17 	3.67798907762e-17 	-56.1328988411 	
-7.26452905812e-09 -6.43313490869e-18 	6.43313490869e-18 	-56.0134210104 	
-6.68336673347e-09 -4.63469373775e-17 	4.63469373775e-17 	-55.8939431797 	
-6.10220440882e-09 -8.62607398464e-17 	8.62607398464e-17 	-55.774465349 	
-5.52104208417e-09 -1.26174542315e-16 	1.26174542315e-16 	-55.6549875183 	
-4.93987975952e-09 -1.66088344784e-16 	1.66088344784e-16 	-55.5355096875 	
-4.35871743487e-09 -2.06002147253e-16 	2.06002147253e-16 	-55.4160318568 	
-3.77755511022e-09 -2.45915949722e-16 	2.45915949722e-16 	-55.2965540261 	
-3.19639278557e-09 -1.98739335632e-16 	1.98739335632e-16 	-55.1775195675 	
-2.61523046092e-09 -1.62604910972e-16 	1.62604910972e-16 	-55.0585755421 	
-2.03406813627e-09 -1.26470486311e-16 	1.26470486311e-16 	-54.9396315166 	
-1.45290581162e-09 -9.03360616509e-17 	9.03360616509e-17 	-54.8206874912 	
-8.71743486974e-10 -5.42016369905e-17 	5.42016369905e-17 	-54.7017434657 	
-2.90581162324e-10 -1.80672123302e-17 	1.80672123302e-17 	-54.5827994403 	
2.90581162325e-10 0 	0 	-54.4638554148 	
8.71743486974e-10 0 	0 	-54.3449113894 	
1.45290581162e-09 0 	0 	-54.2259673639 	
2.03406813627e-09 0 	0 	-54.1070233385 	
2.61523046092e-09 0 	0 	-53.988079313 	
3.19639278557e-09 0 	0 	-53.8691352876 	
3.77755511022e-09 0 	0 	-53.7502636911 	
4.35871743487e-09 0 	0 	-53.6317471968 	
4.93987975952e-09 0 	0 	-53.5132307026 	
5.52104208417e-09 0 	0 	-53.3947142083 	
6.10220440882e-09 0 	0 	-53.276197714 	
6.68336673347e-09 0 	0 	-53.1576812198 	
7.26452905812e-09 0 	0 	-53.0391647255 	
7.84569138277e-09 -1.50092999672e-16 	1.50092999672e-16 	-52.9206482312 	
8.42685370742e-09 -3.29025583082e-16 	3.29025583082e-16 	-52.802131737 	
9.00801603206e-09 -5.07958166493e-16 	5.07958166493e-16 	-52.6836152427 	
9.58917835671e-09 -6.86890749903e-16 	6.86890749903e-16 	-52.5650987484 	
1.01703406814e-08 -8.65823333314e-16 	8.65823333314e-16 	-52.4465822542 	
1.0751503006e-08 -1.04475591672e-15 	1.04475591672e-15 	-52.3280657599 	
1.13326653307e-08 -8.37984457098e-16 	8.37984457098e-16 	-52.2097925905 	
1.19138276553e-08 -6.78098731239e-16 	6.78098731239e-16 	-52.0915806944 	
1.249498998e-08 -5.1821300538e-16 	5.1821300538e-16 	-51.9733687983 	
1.30761523046e-08 -3.58327279521e-16 	3.58327279521e-16 	-51.8551569021 	
1.36573146293e-08 -1.98441553662e-16 	1.98441553662e-16 	-51.736945006 	
1.42384769539e-08 -3.85558278025e-17 	3.85558278025e-17 	-51.6187331098 	
1.48196392786e-08 0 	0 	-51.5005212137 	
1.54008016032e-08 0 	0 	-51.3823093175 	
1.59819639279e-08 0 	0 	-51.2640974214 	
1.65631262525e-08 0 	0 	-51.1458855253 	
1.71442885772e-08 0 	0 	-51.0276736291 	
1.77254509018e-08 0 	0 	-50.909461733 	
1.83066132265e-08 0 	0 	-50.7914226973 	
1.88877755511e-08 0 	0 	-50.6733843331 	
1.94689378758e-08 0 	0 	-50.5553459688 	
2.00501002004e-08 0 	0 	-50.4373076045 	
2.06312625251e-08 0 	0 	-50.3192692402 	
2.12124248497e-08 0 	0 	-50.2012308759 	
2.17935871743e-08 0 	0 	-50.0831925116 	
2.2374749499e-08 0 	0 	-49.9651541473 	
2.29559118236e-08 0 	0 	-49.847115783 	
2.35370741483e-08 0 	0 	-49.7290774187 	
2.41182364729e-08 0 	0 	-49.6110390544 	
2.46993987976e-08 0 	0 	-49.4930282128 	
2.52805611222e-08 0 	0 	-49.375027283 	
2.58617234469e-08 0 	0 	-49.2570263532 	
2.64428857715e-08 0 	0 	-49.1390254234 	
2.70240480962e-08 0 	0 	-49.0210244937 	
2.76052104208e-08 -3.93745062143e-18 	3.93745062143e-18 	-48.9030235639 	
2.81863727455e-08 -2.05488126042e-17 	2.05488126042e-17 	-48.7850226341 	
2.87675350701e-08 -3.7160174587e-17 	3.7160174587e-17 	-48.6670217043 	
2.93486973948e-08 -5.37715365697e-17 	5.37715365697e-17 	-48.5490207746 	
2.99298597194e-08 -7.03828985525e-17 	7.03828985525e-17 	-48.4310198448 	
3.05110220441e-08 -8.69942605352e-17 	8.69942605352e-17 	-48.313018915 	
3.10921843687e-08 -6.20875103133e-17 	6.20875103133e-17 	-48.1949037236 	
3.16733466934e-08 -4.74943356409e-17 	4.74943356409e-17 	-48.0767875221 	
3.2254509018e-08 -3.29011609686e-17 	3.29011609686e-17 	-47.9586713206 	
3.28356713427e-08 -1.83079862962e-17 	1.83079862962e-17 	-47.8405551191 	
3.34168336673e-08 -3.71481162387e-18 	3.71481162387e-18 	-47.7224389176 	
3.3997995992e-08 0 	0 	-47.6043227162 	
3.45791583166e-08 0 	0 	-47.4862065147 	
3.51603206413e-08 0 	0 	-47.3680903132 	
3.57414829659e-08 0 	0 	-47.2499741117 	
3.63226452906e-08 0 	0 	-47.1318579102 	
3.69038076152e-08 0 	0 	-47.013521659 	
3.74849699399e-08 0 	0 	-46.8951082743 	
3.80661322645e-08 0 	0 	-46.7766948897 	
3.86472945892e-08 0 	0 	-46.6582815051 	
3.92284569138e-08 0 	0 	-46.5398681204 	
3.98096192385e-08 0 	0 	-46.4214547358 	
4.03907815631e-08 0 	0 	-46.3030413512 	
4.09719438878e-08 0 	0 	-46.1846279665 	
4.15531062124e-08 0 	0 	-46.0662145819 	
4.21342685371e-08 0 	0 	-45.9478011973 	
4.27154308617e-08 0 	0 	-45.8288868912 	
4.32965931864e-08 0 	0 	-45.7099518348 	
4.3877755511e-08 0 	0 	-45.5910167783 	
4.44589178357e-08 0 	0 	-45.4720817219 	
4.50400801603e-08 -2.70490945931e-17 	2.70490945931e-17 	-45.3531466654 	
4.5621242485e-08 -1.73272441042e-16 	1.73272441042e-16 	-45.234211609 	
4.62024048096e-08 -3.19495787491e-16 	3.19495787491e-16 	-45.1152765525 	
4.67835671343e-08 -4.6571913394e-16 	4.6571913394e-16 	-44.996341496 	
4.73647294589e-08 -6.11942480389e-16 	6.11942480389e-16 	-44.8774064396 	
4.79458917836e-08 -4.8907765888e-16 	4.8907765888e-16 	-44.7579659805 	
4.85270541082e-08 -3.64537946385e-16 	3.64537946385e-16 	-44.6382273601 	
4.91082164329e-08 -2.3999823389e-16 	2.3999823389e-16 	-44.5184887397 	
4.96893787575e-08 -1.15458521394e-16 	1.15458521394e-16 	-44.3987501193 	
5.02705410822e-08 -9.92092875982e-19 	9.92092875982e-19 	-44.2790114989 	
5.08517034068e-08 -1.45976827345e-17 	1.45976827345e-17 	-44.1592728785 	
5.14328657315e-08 -2.8203272593e-17 	2.8203272593e-17 	-44.0395342581 	
5.20140280561e-08 -4.18088624516e-17 	4.18088624516e-17 	-43.9197956377 	
5.25951903808e-08 -5.54144523101e-17 	5.54144523101e-17 	-43.8000570173 	
5.31763527054e-08 -4.12749788102e-17 	4.12749788102e-17 	-43.6794758749 	
5.37575150301e-08 -2.98757705031e-17 	2.98757705031e-17 	-43.5585767993 	
5.43386773547e-08 -1.84765621959e-17 	1.84765621959e-17 	-43.4376777237 	
5.49198396794e-08 -7.07735388873e-18 	7.07735388873e-18 	-43.3167786481 	
5.5501002004e-08 0 	0 	-43.1958795725 	
5.60821643287e-08 0 	0 	-43.0749804969 	
5.66633266533e-08 0 	0 	-42.9540814213 	
5.7244488978e-08 0 	0 	-42.8331823457 	
5.78256513026e-08 0 	0 	-42.7119090487 	
5.84068136273e-08 0 	0 	-42.5893954713 	
5.89879759519e-08 0 	0 	-42.4668818938 	
5.95691382766e-08 0 	0 	-42.3443683163 	
6.01503006012e-08 0 	0 	-42.2218547389 	
6.07314629259e-08 0 	0 	-42.0993411614 	
6.13126252505e-08 0 	0 	-41.9768275839 	
6.18937875752e-08 0 	0 	-41.8543140065 	
6.24749498998e-08 0 	0 	-41.7315206825 	
6.30561122244e-08 0 	0 	-41.6068125293 	
6.36372745491e-08 0 	0 	-41.4821043761 	
6.42184368737e-08 0 	0 	-41.3573962229 	
6.47995991984e-08 0 	0 	-41.2326880697 	
6.5380761523e-08 0 	0 	-41.1079799165 	
6.59619238477e-08 0 	0 	-40.9832717633 	
6.65430861723e-08 0 	0 	-40.8585636101 	
6.7124248497e-08 0 	0 	-40.7326941517 	
6.77054108216e-08 0 	0 	-40.6050473308 	
6.82865731463e-08 0 	0 	-40.4774005099 	
6.88677354709e-08 0 	0 	-40.349753689 	
6.94488977956e-08 0 	0 	-40.2221068681 	
7.00300601202e-08 0 	0 	-40.0944600472 	
7.06112224449e-08 0 	0 	-39.9668132263 	
7.11923847695e-08 0 	0 	-39.8390969053 	
7.17735470942e-08 0 	0 	-39.7075536976 	
7.23547094188e-08 0 	0 	-39.5760104899 	
7.29358717435e-08 0 	0 	-39.4444672822 	
7.35170340681e-08 0 	0 	-39.3129240745 	
7.40981963928e-08 0 	0 	-39.1813808668 	
7.46793587174e-08 0 	0 	-39.0498376591 	
7.52605210421e-08 0 	0 	-38.9182944514 	
7.58416833667e-08 0 	0 	-38.7817268768 	
7.64228456914e-08 0 	0 	-38.6450522962 	
7.7004008016e-08 0 	0 	-38.5083777155 	
7.75851703407e-08 -4.67378868596e-18 	4.67378868596e-18 	-38.3717031348 	
7.81663326653e-08 -1.32894480436e-17 	1.32894480436e-17 	-38.2350285542 	
7.874749499e-08 -2.19051074013e-17 	2.19051074013e-17 	-38.0983539735 	
7.93286573146e-08 -1.05114317092e-17 	1.05114317092e-17 	-37.9599073419 	
7.99098196393e-08 -7.0254552355e-18 	7.0254552355e-18 	-37.8165093451 	
8.04909819639e-08 -3.53947876177e-18 	3.53947876177e-18 	-37.6731113483 	
8.10721442886e-08 -5.35022880396e-20 	5.35022880396e-20 	-37.5297133516 	
8.16533066132e-08 0 	0 	-37.3863153548 	
8.22344689379e-08 0 	0 	-37.2429173581 	
8.28156312625e-08 0 	0 	-37.0995193613 	
8.33967935872e-08 0 	0 	-36.9486119424 	
8.39779559118e-08 0 	0 	-36.7964438902 	
8.45591182365e-08 0 	0 	-36.644275838 	
8.51402805611e-08 0 	0 	-36.4921077858 	
8.57214428858e-08 0 	0 	-36.3399397336 	
8.63026052104e-08 0 	0 	-36.1877716813 	
8.68837675351e-08 0 	0 	-36.0271419104 	
8.74649298597e-08 0 	0 	-35.8635864142 	
8.80460921844e-08 0 	0 	-35.700030918 	
8.8627254509e-08 2.85275164918e-18 	-2.85275164918e-18 	-35.5364754218 	
8.92084168337e-08 6.61485238583e-18 	-6.61485238583e-18 	-35.3729199255 	
8.97895791583e-08 1.03769531225e-17 	-1.03769531225e-17 	-35.2093644293 	
9.0370741483e-08 1.25349002989e-17 	-1.25349002989e-17 	-35.0324150025 	
9.09519038076e-08 6.06446533484e-18 	-6.06446533484e-18 	-34.8541492193 	
9.15330661323e-08 0 	0 	-34.6758834361 	
9.21142284569e-08 0 	0 	-34.4976176528 	
9.26953907816e-08 0 	0 	-34.3193518696 	
9.32765531062e-08 0 	0 	-34.1345556513 	
9.38577154309e-08 0 	0 	-33.9373991567 	
9.44388777555e-08 0 	0 	-33.740242662 	
9.50200400802e-08 1.02209043264e-17 	-1.02209043264e-17 	-33.5430861673 	
9.56012024048e-08 2.64794307833e-17 	-2.64794307833e-17 	-33.3459296727 	
9.61823647295e-08 5.23035119298e-17 	-5.23035119298e-17 	-33.1478978452 	
9.67635270541e-08 3.1840439336e-17 	-3.1840439336e-17 	-32.9266453672 	
9.73446893788e-08 1.13773667422e-17 	-1.13773667422e-17 	-32.7053928892 	
9.79258517034e-08 0 	0 	-32.4841404112 	
9.85070140281e-08 0 	0 	-32.2628879332 	
9.90881763527e-08 0 	0 	-32.0416354552 	
9.96693386774e-08 0 	0 	-31.7907722459 	
1.00250501002e-07 0 	0 	-31.5390146987 	
1.00831663327e-07 9.73907890054e-18 	-9.73907890054e-18 	-31.2872571514 	
1.01412825651e-07 2.9320640361e-17 	-2.9320640361e-17 	-31.0354996041 	
1.01993987976e-07 4.98753453198e-17 	-4.98753453198e-17 	-30.7784724176 	
1.02575150301e-07 2.74313390516e-17 	-2.74313390516e-17 	-30.488410757 	
1.03156312625e-07 4.98733278331e-18 	-4.98733278331e-18 	-30.1983490964 	
1.0373747495e-07 9.58843701797e-18 	-9.58843701797e-18 	-29.9082874358 	
1.04318637275e-07 2.1916269163e-17 	-2.1916269163e-17 	-29.6182257752 	
1.04899799599e-07 2.37428843089e-17 	-2.37428843089e-17 	-29.3030683418 	
1.05480961924e-07 9.97996599837e-18 	-9.97996599837e-18 	-28.9653256983 	
1.06062124248e-07 8.31145749977e-18 	-8.31145749977e-18 	-28.6275830547 	
1.06643286573e-07 3.85497214723e-17 	-3.85497214723e-17 	-28.2898404111 	
1.07224448898e-07 6.68970205787e-17 	-6.68970205787e-17 	-27.9446420512 	
1.07805611222e-07 3.38018367765e-17 	-3.38018367765e-17 	-27.5480803036 	
1.08386773547e-07 7.06652974361e-19 	-7.06652974361e-19 	-27.151518556 	
1.08967935872e-07 3.51353996948e-17 	-3.51353996948e-17 	-26.7549568083 	
1.09549098196e-07 7.10373835496e-17 	-7.10373835496e-17 	-26.3583950607 	
1.10130260521e-07 4.33391741823e-17 	-4.33391741823e-17 	-25.8950361409 	
1.10711422846e-07 4.65571015461e-18 	-4.65571015461e-18 	-25.4265835325 	
1.1129258517e-07 5.67810664289e-17 	-5.67810664289e-17 	-24.9581309241 	
1.11873747495e-07 1.21330973215e-16 	-1.21330973215e-16 	-24.4896783156 	
1.1245490982e-07 7.08052135492e-17 	-7.08052135492e-17 	-23.9407709888 	
1.13036072144e-07 2.14182812513e-18 	-2.14182812513e-18 	-23.3852675048 	
1.13617234469e-07 2.43588891891e-17 	-2.43588891891e-17 	-22.8297640208 	
1.14198396794e-07 4.66286652935e-17 	-4.66286652935e-17 	-22.2634886484 	
1.14779559118e-07 2.01727915841e-17 	-2.01727915841e-17 	-21.6035556727 	
1.15360721443e-07 6.90222421687e-18 	-6.90222421687e-18 	-20.9436226969 	
1.15941883768e-07 3.59650899496e-17 	-3.59650899496e-17 	-20.2836897211 	
1.16523046092e-07 4.00608036369e-17 	-4.00608036369e-17 	-19.5669714747 	
1.17104208417e-07 9.76992470692e-18 	-9.76992470692e-18 	-18.7829117262 	
1.17685370741e-07 0 	0 	-17.9988519777 	
1.18266533066e-07 0 	0 	-17.2147922292 	
1.18847695391e-07 0 	0 	-16.2875722566 	
1.19428857715e-07 0 	0 	-15.3573051784 	
1.2001002004e-07 0 	0 	-14.4270381002 	
1.20591182365e-07 0 	0 	-13.3840243852 	
1.21172344689e-07 3.41807350946e-18 	-3.41807350946e-18 	-12.2830611187 	
1.21753507014e-07 8.85161741043e-17 	-8.85161741043e-17 	-11.1820978522 	
1.22334669339e-07 9.10928520909e-17 	-9.10928520909e-17 	-9.98349196478 	
1.22915831663e-07 4.48293422914e-18 	-4.48293422914e-18 	-8.68495280437 	
1.23496993988e-07 0 	0 	-7.38641364395 	
1.24078156313e-07 0 	0 	-5.9805499615 	
1.24659318637e-07 0 	0 	-4.45522580327 	
1.25240480962e-07 3.1721467497e-16 	-3.1721467497e-16 	-2.92990164503 	
1.25821643287e-07 2.60308395896e-16 	-2.60308395896e-16 	-1.25198113628 	
1.26402805611e-07 0 	0 	0.531560941869 	
1.26983967936e-07 0 	0 	2.31510302002 	
1.27565130261e-07 0 	0 	4.34398260656 	
1.28146292585e-07 3.17546134037e-17 	-3.17546134037e-17 	6.41925088117 	
1.2872745491e-07 6.70664260136e-17 	-6.70664260136e-17 	8.56558545795 	
1.29308617234e-07 4.02242622934e-18 	-4.02242622934e-18 	10.9679747683 	
1.29889779559e-07 0 	0 	13.3703640786 	
1.30470941884e-07 0 	0 	16.0327580605 	
1.31052104208e-07 0 	0 	18.7993243768 	
1.31633266533e-07 0 	0 	21.6969761764 	
1.32214428858e-07 0 	0 	24.8661792095 	
1.32795591182e-07 0 	0 	28.0560874786 	
1.33376753507e-07 0 	0 	31.6675067645 	
1.33957915832e-07 0 	0 	35.2789260503 	
1.34539078156e-07 0 	0 	39.3115105076 	
1.35120240481e-07 7.22975769035e-17 	-7.22975769035e-17 	43.4055409413 	
1.35701402806e-07 1.80915836201e-17 	-1.80915836201e-17 	47.9175054006 	
1.3628256513e-07 0 	0 	52.5350385108 	
1.36863727455e-07 0 	0 	57.6150766246 	
1.3744488978e-07 0 	0 	62.7971739488 	
1.38026052104e-07 0 	0 	68.542936278 	
1.38607214429e-07 0 	0 	74.4140608751 	
1.39188376754e-07 0 	0 	80.8475143767 	
1.39769539078e-07 0 	0 	87.562361759 	
1.40350701403e-07 1.33451479876e-16 	-1.33451479876e-16 	94.6813288576 	
1.40931863727e-07 6.0626402069e-18 	-6.0626402069e-18 	102.358174953 	
1.41513026052e-07 0 	0 	110.357844667 	
1.42094188377e-07 1.75357213672e-17 	-1.75357213672e-17 	118.962051691 	
1.42675350701e-07 4.88162921715e-19 	-4.88162921715e-19 	128.134266741 	
1.43256513026e-07 4.6912662692e-17 	-4.6912662692e-17 	137.774831338 	
1.43837675351e-07 0 	0 	148.006129111 	
1.44418837675e-07 3.79629546775e-18 	-3.79629546775e-18 	159.038734353 	
1.45e-07 0 	0 	170.416289139 	
