-1.45e-07 -0.0226206762845 0.81851997081 1.21690223761
-1.44418837675e-07 -0.0223107007776 0.828390613421 1.20245278457
-1.43837675351e-07 -0.0220165929139 0.83779289075 1.18891421207
-1.43256513026e-07 -0.0217419602644 0.846635039761 1.1765132601
-1.42675350701e-07 -0.0214824794448 0.855028029545 1.16497636694
-1.42094188377e-07 -0.0212354944938 0.86304398875 1.15414214841
-1.41513026052e-07 -0.0210000904124 0.870706274136 1.14395279585
-1.40931863727e-07 -0.0207816613451 0.877836928311 1.13468964563
-1.40350701403e-07 -0.0205734847089 0.884638395644 1.12597471996
-1.39769539078e-07 -0.0203742591232 0.89115039184 1.11773568788
-1.39188376754e-07 -0.0201877021856 0.897246029348 1.11016136869
-1.38607214429e-07 -0.0200111833484 0.903004492678 1.10310447838
-1.38026052104e-07 -0.0198414693451 0.908532677984 1.09639626063
-1.3744488978e-07 -0.0196826679563 0.91368677259 1.09024130586
-1.36863727455e-07 -0.0195317642596 0.918564930775 1.08448062577
-1.3628256513e-07 -0.0193859648243 0.923264396636 1.07897436106
-1.35701402806e-07 -0.0192511245716 0.927574101935 1.07400741763
-1.35120240481e-07 -0.0191208257176 0.931719595346 1.06926101341
-1.34539078156e-07 -0.0189966458256 0.935643833942 1.06481175798
-1.33957915832e-07 -0.0188799859641 0.939291920819 1.06072322971
-1.33376753507e-07 -0.0187662214383 0.942833375338 1.05677327389
-1.32795591182e-07 -0.018660929073 0.946059193783 1.05322513828
-1.32214428858e-07 -0.018558325205 0.949183492556 1.04980319094
-1.31633266533e-07 -0.0184613428044 0.952095520509 1.04664509479
-1.31052104208e-07 -0.0183684846919 0.954849840388 1.0436787333
-1.30470941884e-07 -0.0182791111875 0.957470912825 1.04087436828
-1.29889779559e-07 -0.0181947309598 0.959898786989 1.0383001084
-1.29308617234e-07 -0.0181123058533 0.962251014232 1.03581594635
-1.2872745491e-07 -0.0180352740162 0.964392251143 1.03357833378
-1.28146292585e-07 -0.0179591767823 0.966496925406 1.03138344593
-1.27565130261e-07 -0.0178884932221 0.968387602887 1.02943422816
-1.26983967936e-07 -0.0178181425709 0.970265120827 1.02750011765
-1.26402805611e-07 -0.017752927321 0.971937646315 1.0257974872
-1.25821643287e-07 -0.0176877803266 0.973607447212 1.02409793339
-1.25240480962e-07 -0.0176272642038 0.975090674678 1.02260583504
-1.24659318637e-07 -0.0175668153085 0.976571193608 1.02111674839
-1.24078156313e-07 -0.0175103305211 0.977890587433 1.01980424389
-1.23496993988e-07 -0.017454110424 0.979199222655 1.01850353009
-1.22915831663e-07 -0.017401081255 0.980377058792 1.01734421495
-1.22334669339e-07 -0.0173486556958 0.981530152409 1.0162116474
-1.21753507014e-07 -0.017298589358 0.982585747505 1.01518311548
-1.21172344689e-07 -0.0172495578085 0.983598578355 1.01420021507
-1.20591182365e-07 -0.0172020355607 0.984548537992 1.01328356715
-1.2001002004e-07 -0.0171560298353 0.985435325635 1.01243348868
-1.19428857715e-07 -0.0171106984427 0.986293803587 1.01161288215
-1.18847695391e-07 -0.0170673812414 0.987067722218 1.01088030653
-1.18266533066e-07 -0.01702406404 0.987841640849 1.01014773091
-1.17685370741e-07 -0.0169830082488 0.988519884472 1.00951357556
-1.17104208417e-07 -0.0169420716454 0.989193085539 1.00888460746
-1.16523046092e-07 -0.0169023846384 0.98981300756 1.00830979863
-1.15941883768e-07 -0.016863548528 0.990396649897 1.00777186885
-1.15360721443e-07 -0.0168250530515 0.990965654013 1.00724864116
-1.14779559118e-07 -0.0167880635697 0.991469940283 1.0067904136
-1.14198396794e-07 -0.0167510740879 0.991974226553 1.00633218605
-1.13617234469e-07 -0.0167152447715 0.992428253173 1.0059238181
-1.13036072144e-07 -0.0166798726987 0.992862471487 1.00553510079
-1.1245490982e-07 -0.016644771696 0.993284848323 1.00515798076
-1.11873747495e-07 -0.0166108108596 0.99365741792 1.00482964086
-1.1129258517e-07 -0.0165768500231 0.994029987518 1.00450130095
-1.10711422846e-07 -0.0165436342256 0.994369725207 1.00420468309
-1.10130260521e-07 -0.0165108999116 0.994688245184 1.00392856569
-1.09549098196e-07 -0.0164781655975 0.995006765161 1.00365244829
-1.08967935872e-07 -0.0164464526189 0.995279860519 1.00341958922
-1.08386773547e-07 -0.016414780005 0.995551160631 1.00318843979
-1.07805611222e-07 -0.0163833401092 0.995812008281 1.00296708996
-1.07224448898e-07 -0.0163525827291 0.996042200957 1.0027744804
-1.06643286573e-07 -0.0163218253491 0.996272393634 1.00258187085
-1.06062124248e-07 -0.0162914473081 0.996485368019 1.0024051314
-1.05480961924e-07 -0.0162614755574 0.996679900788 1.00224538961
-1.04899799599e-07 -0.0162315038068 0.996874433557 1.00208564782
-1.04318637275e-07 -0.0162019659474 0.997049046865 1.00194392543
-1.0373747495e-07 -0.0161726656385 0.997212754499 1.00181206844
-1.03156312625e-07 -0.0161433653296 0.997376462133 1.00168021146
-1.02575150301e-07 -0.0161144893817 0.997520446493 1.00156583128
-1.01993987976e-07 -0.0160857603561 0.997657602256 1.00145750192
-1.01412825651e-07 -0.0160570313306 0.997794758018 1.00134917257
-1.00831663327e-07 -0.0160286753924 0.997914339897 1.00125606221
-1.00250501002e-07 -0.0160004301966 0.998028705371 1.00116746927
-9.96693386774e-08 -0.0159721850009 0.998143070844 1.00107887632
-9.90881763527e-08 -0.0159442373045 0.998243217031 1.00100228685
-9.85070140281e-08 -0.0159163999339 0.998338090087 1.0009301488
-9.79258517034e-08 -0.0158885625632 0.998432963143 1.00085801074
-9.73446893788e-08 -0.0158609360101 0.998517598413 1.00079427262
-9.67635270541e-08 -0.0158334407256 0.998595858971 1.00073576486
-9.61823647295e-08 -0.0158059454411 0.998674119529 1.0006772571
-9.56012024048e-08 -0.015778572868 0.998746316707 1.00062356891
-9.50200400802e-08 -0.015751363088 0.99881047 1.00057627454
-9.44388777555e-08 -0.015724153308 0.998874623292 1.00052898017
-9.38577154309e-08 -0.0156969834376 0.998936767015 1.00048322772
-9.32765531062e-08 -0.0156700107069 0.998988984159 1.00044509179
-9.26953907816e-08 -0.0156430379763 0.999041201304 1.00040695586
-9.21142284569e-08 -0.0156160652456 0.999093418449 1.00036881993
-9.15330661323e-08 -0.0155892550349 0.999137282925 1.00033684643
-9.09519038076e-08 -0.0155624780714 0.999179438666 1.00030613361
-9.0370741483e-08 -0.0155357011079 0.999221594407 1.00027542078
-8.97895791583e-08 -0.0155089906162 0.999260257426 1.00024717547
-8.92084168337e-08 -0.0154823744349 0.999293964963 1.00022243108
-8.8627254509e-08 -0.0154557582536 0.999327672499 1.00019768669
-8.80460921844e-08 -0.0154291420723 0.999361380036 1.00017294231
-8.74649298597e-08 -0.0154026461945 0.999388614323 1.00015255832
-8.68837675351e-08 -0.0153761613079 0.999415257204 1.00013257271
-8.63026052104e-08 -0.0153496764212 0.999441900085 1.0001125871
-8.57214428858e-08 -0.0153232274363 0.999466561669 1.00009386861
-8.51402805611e-08 -0.0152968491292 0.999487322788 1.00007764464
-8.45591182365e-08 -0.015270470822 0.999508083907 1.00006142066
-8.39779559118e-08 -0.0152440925149 0.999528845027 1.00004519669
-8.33967935872e-08 -0.015217772091 0.999546325418 1.00003095701
-8.28156312625e-08 -0.0151914797668 0.999562213162 1.00001768063
-8.22344689379e-08 -0.0151651874426 0.999578100906 1.00000440424
-8.16533066132e-08 -0.0151388951184 0.99959398865 0.999991127854
-8.10721442886e-08 -0.0151126664298 0.999606168251 0.999979965999
-8.04909819639e-08 -0.0150864430256 0.999618039918 0.999968979741
-7.99098196393e-08 -0.0150602196214 0.999629911584 0.999957993483
-7.93286573146e-08 -0.0150340008931 0.999641502969 0.999947157677
-7.874749499e-08 -0.0150078323592 0.999650085574 0.999937936946
-7.81663326653e-08 -0.0149816638253 0.999658668179 0.999928716216
-7.75851703407e-08 -0.0149554952914 0.999667250784 0.999919495485
-7.7004008016e-08 -0.0149293335583 0.999675414127 0.999910486845
-7.64228456914e-08 -0.0149032083986 0.999681322766 0.999902618782
-7.58416833667e-08 -0.014877083239 0.999687231404 0.999894750719
-7.52605210421e-08 -0.0148509580793 0.999693140042 0.999886882656
-7.46793587174e-08 -0.0148248375452 0.999698755786 0.999879154993
-7.40981963928e-08 -0.0147987464141 0.999702509706 0.999872319806
-7.35170340681e-08 -0.014772655283 0.999706263625 0.999865484619
-7.29358717435e-08 -0.0147465641519 0.999710017545 0.999858649432
-7.23547094188e-08 -0.0147204735624 0.999713736339 0.999851830399
-7.17735470942e-08 -0.0146944089135 0.999715772925 0.99984578497
-7.11923847695e-08 -0.0146683442645 0.999717809512 0.99983973954
-7.06112224449e-08 -0.0146422796156 0.999719846098 0.999833694111
-7.00300601202e-08 -0.0146162149667 0.999721882685 0.999827648682
-6.94488977956e-08 -0.0145901668288 0.999722828498 0.999822095417
-6.88677354709e-08 -0.0145641226109 0.999723515344 0.999816659001
-6.82865731463e-08 -0.0145380783931 0.999724202189 0.999811222585
-6.77054108216e-08 -0.0145120341752 0.999724889035 0.999805786168
-6.7124248497e-08 -0.014485997713 0.99972505853 0.999800587309
-6.65430861723e-08 -0.0144599691096 0.999724703792 0.999795629167
-6.59619238477e-08 -0.0144339405062 0.999724349055 0.999790671025
-6.5380761523e-08 -0.0144079119028 0.999723994317 0.999785712883
-6.47995991984e-08 -0.0143818842891 0.999723573874 0.999780787167
-6.42184368737e-08 -0.0143558674953 0.999722435107 0.999776215952
-6.36372745491e-08 -0.0143298507015 0.999721296341 0.999771644737
-6.30561122244e-08 -0.0143038339077 0.999720157575 0.999767073522
-6.24749498998e-08 -0.0142778171139 0.999719018808 0.999762502307
-6.18937875752e-08 -0.0142518053265 0.999717557046 0.999758115931
-6.13126252505e-08 -0.0142257973612 0.999715848695 0.999753870668
-6.07314629259e-08 -0.0141997893959 0.999714140344 0.999749625405
-6.01503006012e-08 -0.0141737814305 0.999712431994 0.999745380142
-5.95691382766e-08 -0.0141477734652 0.999710723643 0.999741134879
-5.89879759519e-08 -0.0141217716484 0.9997086453 0.999737161283
-5.84068136273e-08 -0.0140957701959 0.999706545032 0.999733203785
-5.78256513026e-08 -0.0140697687434 0.999704444764 0.999729246287
-5.7244488978e-08 -0.0140437672909 0.999702344496 0.999725288788
-5.66633266533e-08 -0.0140177668425 0.999700192078 0.999721387765
-5.60821643287e-08 -0.0139917701207 0.999697846121 0.999717696331
-5.5501002004e-08 -0.0139657733988 0.999695500163 0.999714004898
-5.49198396794e-08 -0.013939776677 0.999693154206 0.999710313464
-5.43386773547e-08 -0.0139137799552 0.999690808248 0.99970662203
-5.37575150301e-08 -0.0138877844785 0.999688415634 0.999703024979
-5.31763527054e-08 -0.0138617911299 0.999685943277 0.999699589243
-5.25951903808e-08 -0.0138357977812 0.999683470919 0.999696153507
-5.20140280561e-08 -0.0138098044326 0.999680998562 0.999692717771
-5.14328657315e-08 -0.013783811084 0.999678526204 0.999689282034
-5.08517034068e-08 -0.0137578187039 0.999676041386 0.999685950341
-5.02705410822e-08 -0.0137318277061 0.999673538785 0.999682767128
-4.96893787575e-08 -0.0137058367082 0.999671036184 0.999679583916
-4.91082164329e-08 -0.0136798457104 0.999668533583 0.999676400703
-4.85270541082e-08 -0.0136538547125 0.999666030982 0.999673217491
-4.79458917836e-08 -0.0136278642527 0.999663543947 0.999670119957
-4.73647294589e-08 -0.0136018748456 0.999661087364 0.999667190039
-4.67835671343e-08 -0.0135758854384 0.99965863078 0.999664260121
-4.62024048096e-08 -0.0135498960312 0.999656174197 0.999661330203
-4.5621242485e-08 -0.0135239066241 0.999653717613 0.999658400285
-4.50400801603e-08 -0.013497917367 0.999651276291 0.99965550745
-4.44589178357e-08 -0.0134719289938 0.999648924874 0.999652833077
-4.3877755511e-08 -0.0134459406206 0.999646573457 0.999650158705
-4.32965931864e-08 -0.0134199522474 0.999644222041 0.999647484332
-4.27154308617e-08 -0.0133939638742 0.999641870624 0.999644809959
-4.21342685371e-08 -0.013367975501 0.999639519207 0.999642135587
-4.15531062124e-08 -0.0133419876535 0.999637291947 0.999639674874
-4.09719438878e-08 -0.013315999914 0.999635090157 0.999637257994
-4.03907815631e-08 -0.0132900121745 0.999632888368 0.999634841115
-3.98096192385e-08 -0.0132640244349 0.999630686579 0.999632424235
-3.92284569138e-08 -0.0132380366954 0.99962848479 0.999630007355
-3.86472945892e-08 -0.013212049093 0.999626353688 0.999627690904
-3.80661322645e-08 -0.0131860617057 0.999624333452 0.999625531964
-3.74849699399e-08 -0.0131600743184 0.999622313215 0.999623373023
-3.69038076152e-08 -0.0131340869311 0.999620292979 0.999621214083
-3.63226452906e-08 -0.0131080995438 0.999618272743 0.999619055142
-3.57414829659e-08 -0.0130821121565 0.999616252506 0.999616896201
-3.51603206413e-08 -0.0130561249009 0.999614398824 0.999614947573
-3.45791583166e-08 -0.013030137674 0.999612581476 0.999613044826
-3.3997995992e-08 -0.0130041504471 0.999610764128 0.999611142079
-3.34168336673e-08 -0.0129781632202 0.99960894678 0.999609239332
-3.28356713427e-08 -0.0129521759933 0.999607129432 0.999607336584
-3.2254509018e-08 -0.0129261887707 0.999605338247 0.99960546444
-3.16733466934e-08 -0.0129002015788 0.999603736329 0.999603813683
-3.10921843687e-08 -0.012874214387 0.999602134411 0.999602162926
-3.05110220441e-08 -0.0128482271951 0.999600532493 0.99960051217
-2.99298597194e-08 -0.0128222400032 0.999598930575 0.999598861413
-2.93486973948e-08 -0.0127962528114 0.999597328657 0.999597210656
-2.87675350701e-08 -0.0127702656076 0.999595790317 0.999595630547
-2.81863727455e-08 -0.0127442783742 0.999594409265 0.999594225215
-2.76052104208e-08 -0.0127182911409 0.999593028212 0.999592819882
-2.70240480962e-08 -0.0126923039076 0.999591647159 0.99959141455
-2.64428857715e-08 -0.0126663166743 0.999590266106 0.999590009217
-2.58617234469e-08 -0.0126403294409 0.999588885054 0.999588603885
-2.52805611222e-08 -0.0126143421814 0.999587573998 0.999587273646
-2.46993987976e-08 -0.0125883548653 0.999586413751 0.999586105196
-2.41182364729e-08 -0.0125623675492 0.999585253504 0.999584936746
-2.35370741483e-08 -0.0125363802331 0.999584093257 0.999583768295
-2.29559118236e-08 -0.012510392917 0.99958293301 0.999582599845
-2.2374749499e-08 -0.0124844056009 0.999581772763 0.999581431395
-2.17935871743e-08 -0.0124584182645 0.999580657103 0.999580309626
-2.12124248497e-08 -0.0124324308495 0.99957971366 0.999579368161
-2.0631262525e-08 -0.0124064434345 0.999578770217 0.999578426697
-2.00501002004e-08 -0.0123804560195 0.999577826774 0.999577485232
-1.94689378758e-08 -0.0123544686044 0.999576883331 0.999576543767
-1.88877755511e-08 -0.0123284811894 0.999575939888 0.999575602303
-1.83066132265e-08 -0.0123024937744 0.999574996445 0.999574660838
-1.77254509018e-08 -0.0122765062665 0.999574252953 0.999573925188
-1.71442885772e-08 -0.0122505187538 0.999573519875 0.999573200257
-1.65631262525e-08 -0.0122245312412 0.999572786796 0.999572475326
-1.59819639279e-08 -0.0121985437285 0.999572053718 0.999571750395
-1.54008016032e-08 -0.0121725562158 0.99957132064 0.999571025464
-1.48196392786e-08 -0.0121465687031 0.999570587562 0.999570300533
-1.42384769539e-08 -0.0121205811441 0.999569965725 0.999569688764
-1.36573146293e-08 -0.0120945935469 0.999569435587 0.999569170279
-1.30761523046e-08 -0.0120686059498 0.99956890545 0.999568651793
-1.249498998e-08 -0.0120426183527 0.999568375313 0.999568133308
-1.19138276553e-08 -0.0120166307555 0.999567845176 0.999567614822
-1.13326653307e-08 -0.0119906431584 0.999567315039 0.999567096336
-1.0751503006e-08 -0.0119646555612 0.999566784901 0.999566577851
-1.01703406814e-08 -0.0119386679013 0.999566449739 0.99956625611
-9.58917835671e-09 -0.011912680241 0.999566115528 0.99956593533
-9.00801603206e-09 -0.0118866925808 0.999565781317 0.99956561455
-8.42685370741e-09 -0.0118607049205 0.999565447106 0.99956529377
-7.84569138277e-09 -0.0118347172602 0.999565112895 0.99956497299
-7.26452905812e-09 -0.0118087296 0.999564778684 0.99956465221
-6.68336673347e-09 -0.0117827419292 0.999564499362 0.999564386512
-6.10220440882e-09 -0.0117567542324 0.999564355778 0.999564257031
-5.52104208417e-09 -0.0117307665357 0.999564212195 0.999564127549
-4.93987975952e-09 -0.0117047788389 0.999564068612 0.999563998067
-4.35871743487e-09 -0.0116787911422 0.999563925028 0.999563868586
-3.77755511022e-09 -0.0116528034454 0.999563781445 0.999563739104
-3.19639278557e-09 -0.0116268157487 0.999563637862 0.999563609623
-2.61523046092e-09 -0.0116008280492 0.999563573884 0.999563559706
-2.03406813627e-09 -0.0115748403461 0.999563618536 0.999563618363
-1.45290581162e-09 -0.0115488526429 0.999563663187 0.999563677019
-8.71743486974e-10 -0.0115228649397 0.999563707839 0.999563735675
-2.90581162324e-10 -0.0114968772365 0.99956375249 0.999563794332
2.90581162325e-10 -0.0114708895333 0.999563797141 0.999563852988
8.71743486974e-10 -0.0114449018302 0.999563841793 0.999563911644
1.45290581162e-09 -0.0114189141371 0.999563961657 0.999564045199
2.03406813627e-09 -0.0113929264596 0.999564196077 0.999564292831
2.61523046092e-09 -0.011366938782 0.999564430498 0.999564540463
3.19639278557e-09 -0.0113409511044 0.999564664919 0.999564788095
3.77755511022e-09 -0.0113149634268 0.999564899339 0.999565035727
4.35871743487e-09 -0.0112889757493 0.99956513376 0.999565283359
4.93987975952e-09 -0.0112629880717 0.999565368181 0.999565530991
5.52104208417e-09 -0.011237000406 0.999565642672 0.99956581834
6.10220440882e-09 -0.0112110127864 0.999566073113 0.999566260258
6.68336673347e-09 -0.0111850251669 0.999566503554 0.999566702177
7.26452905812e-09 -0.0111590375473 0.999566933994 0.999567144095
7.84569138277e-09 -0.0111330499278 0.999567364435 0.999567586014
8.42685370742e-09 -0.0111070623082 0.999567794875 0.999568027932
9.00801603206e-09 -0.0110810746886 0.999568225316 0.999568469851
9.58917835671e-09 -0.0110550870691 0.999568655756 0.999568911769
1.01703406814e-08 -0.011029099524 0.999569261144 0.999569525809
1.0751503006e-08 -0.0110031119928 0.999569899046 0.999570171838
1.13326653307e-08 -0.0109771244616 0.999570536948 0.999570817866
1.19138276553e-08 -0.0109511369303 0.99957117485 0.999571463895
1.249498998e-08 -0.0109251493991 0.999571812752 0.999572109924
1.30761523046e-08 -0.0108991618679 0.999572450654 0.999572755952
1.36573146293e-08 -0.0108731743367 0.999573088556 0.999573401981
1.42384769539e-08 -0.01084718684 0.999573795704 0.999574115301
1.48196392786e-08 -0.0108211994206 0.999574657764 0.999574979162
1.54008016032e-08 -0.0107952120013 0.999575519824 0.999575843023
1.59819639279e-08 -0.0107692245819 0.999576381885 0.999576706884
1.65631262525e-08 -0.0107432371626 0.999577243945 0.999577570745
1.71442885772e-08 -0.0107172497432 0.999578106005 0.999578434606
1.77254509018e-08 -0.0106912623239 0.999578968066 0.999579298467
1.83066132265e-08 -0.0106652749045 0.999579830126 0.999580162328
1.88877755511e-08 -0.0106392875565 0.999580838911 0.99958116587
1.94689378758e-08 -0.0106133002567 0.999581946634 0.999582263601
2.00501002004e-08 -0.0105873129568 0.999583054358 0.999583361332
2.06312625251e-08 -0.0105613256569 0.999584162081 0.999584459063
2.12124248497e-08 -0.0105353383571 0.999585269804 0.999585556794
2.17935871743e-08 -0.0105093510572 0.999586377527 0.999586654525
2.2374749499e-08 -0.0104833637574 0.99958748525 0.999587752256
2.29559118236e-08 -0.0104573764575 0.999588592974 0.999588849987
2.35370741483e-08 -0.0104313892234 0.999589891478 0.999590123197
2.41182364729e-08 -0.0104054020168 0.99959127014 0.999591470137
2.46993987976e-08 -0.0103794148103 0.999592648802 0.999592817076
2.52805611222e-08 -0.0103534276037 0.999594027465 0.999594164016
2.58617234469e-08 -0.0103274403972 0.999595406127 0.999595510956
2.64428857715e-08 -0.0103014531906 0.99959678479 0.999596857896
2.70240480962e-08 -0.0102754659841 0.999598163452 0.999598204835
2.76052104208e-08 -0.0102494787776 0.999599542114 0.999599551775
2.81863727455e-08 -0.0102234915705 0.999601107346 0.999601060484
2.87675350701e-08 -0.0101975043631 0.999602784377 0.999602666133
2.93486973948e-08 -0.0101715171558 0.999604461409 0.999604271781
2.99298597194e-08 -0.0101455299484 0.999606138441 0.99960587743
3.05110220441e-08 -0.010119542741 0.999607815472 0.999607483078
3.10921843687e-08 -0.0100935555337 0.999609492504 0.999609088727
3.16733466934e-08 -0.0100675683263 0.999611169535 0.999610694375
3.2254509018e-08 -0.0100415811189 0.999612846567 0.999612300024
3.28356713427e-08 -0.0100155938303 0.99961463976 0.999613996191
3.34168336673e-08 -0.00998960639491 0.999616642774 0.999615855859
3.3997995992e-08 -0.00996361895951 0.999618645789 0.999617715527
3.45791583166e-08 -0.00993763152412 0.999620648803 0.999619575196
3.51603206413e-08 -0.00991164408873 0.999622651818 0.999621434864
3.57414829659e-08 -0.00988565665334 0.999624654832 0.999623294533
3.63226452906e-08 -0.00985966921794 0.999626657846 0.999625154201
3.69038076152e-08 -0.00983368178255 0.999628660861 0.999627013869
3.74849699399e-08 -0.00980769434716 0.999630663875 0.999628873538
3.80661322645e-08 -0.00978170627673 0.999632981322 0.999630931265
3.86472945892e-08 -0.00975571813007 0.999635336518 0.99963301277
3.92284569138e-08 -0.00972972998341 0.999637691714 0.999635094276
3.98096192385e-08 -0.00970374183675 0.999640046911 0.999637175781
4.03907815631e-08 -0.00967775369008 0.999642402107 0.999639257286
4.09719438878e-08 -0.00965176554342 0.999644757303 0.999641338792
4.15531062124e-08 -0.00962577739676 0.999647112499 0.999643420297
4.21342685371e-08 -0.0095997892501 0.999649467696 0.999645501802
4.27154308617e-08 -0.00957380071592 0.999651909769 0.999647615748
4.32965931864e-08 -0.00954781088537 0.999654642483 0.999649838221
4.3877755511e-08 -0.00952182105481 0.999657375197 0.999652060693
4.44589178357e-08 -0.00949583122426 0.999660107911 0.999654283165
4.50400801603e-08 -0.0094698413937 0.999662840626 0.999656505637
4.5621242485e-08 -0.00944385156314 0.99966557334 0.99965872811
4.62024048096e-08 -0.00941786173259 0.999668306054 0.999660950582
4.67835671343e-08 -0.00939187190203 0.999671038768 0.999663173054
4.73647294589e-08 -0.00936588207148 0.999673771482 0.999665395526
4.79458917836e-08 -0.00933989093544 0.999676652774 0.999667609706
4.85270541082e-08 -0.00931389751447 0.999679794118 0.999669809373
4.91082164329e-08 -0.0092879040935 0.999682935461 0.999672009039
4.96893787575e-08 -0.00926191067253 0.999686076805 0.999674208705
5.02705410822e-08 -0.00923591725155 0.999689218149 0.999676408371
5.08517034068e-08 -0.00920992383058 0.999692359492 0.999678608038
5.14328657315e-08 -0.00918393040961 0.999695500836 0.999680807704
5.20140280561e-08 -0.00915793698863 0.999698642179 0.99968300737
5.25951903808e-08 -0.00913194356766 0.999701783523 0.999685207037
5.31763527054e-08 -0.0091059480456 0.99970505944 0.999687312657
5.37575150301e-08 -0.0090799473402 0.999708667347 0.999689186266
5.43386773547e-08 -0.0090539466348 0.999712275255 0.999691059876
5.49198396794e-08 -0.0090279459294 0.999715883162 0.999692933485
5.5501002004e-08 -0.009001945224 0.99971949107 0.999694807095
5.60821643287e-08 -0.0089759445186 0.999723098977 0.999696680705
5.66633266533e-08 -0.0089499438132 0.999726706885 0.999698554314
5.7244488978e-08 -0.0089239431078 0.999730314792 0.999700427924
5.78256513026e-08 -0.0088979424024 0.999733922699 0.999702301533
5.84068136273e-08 -0.00887194169699 0.999737530607 0.999704175143
5.89879759519e-08 -0.00884592657554 0.999741742274 0.999705183679
5.95691382766e-08 -0.00881991145006 0.99974595411 0.999706191973
6.01503006012e-08 -0.00879389632459 0.999750165946 0.999707200267
6.07314629259e-08 -0.00876788119911 0.999754377781 0.999708208562
6.13126252505e-08 -0.00874186607364 0.999758589617 0.999709216856
6.18937875752e-08 -0.00871585094817 0.999762801453 0.999710225151
6.24749498998e-08 -0.00868983582269 0.999767013288 0.999711233445
6.30561122244e-08 -0.00866382069722 0.999771225124 0.999712241739
6.36372745491e-08 -0.00863780557174 0.99977543696 0.999713250034
6.42184368737e-08 -0.00861177654185 0.999780111633 0.999713366444
6.47995991984e-08 -0.00858573318033 0.999785263364 0.999712563565
6.5380761523e-08 -0.00855968981881 0.999790415096 0.999711760687
6.59619238477e-08 -0.00853364645729 0.999795566827 0.999710957808
6.65430861723e-08 -0.00850760309576 0.999800718558 0.99971015493
6.7124248497e-08 -0.00848155973424 0.99980587029 0.999709352051
6.77054108216e-08 -0.00845551637272 0.999811022021 0.999708549173
6.82865731463e-08 -0.0084294730112 0.999816173752 0.999707746294
6.88677354709e-08 -0.00840342964967 0.999821325484 0.999706943416
6.94488977956e-08 -0.00837738628815 0.999826477215 0.999706140537
7.00300601202e-08 -0.00835130093891 0.99983294736 0.999702690946
7.06112224449e-08 -0.0083252024343 0.999839830584 0.9996984121
7.11923847695e-08 -0.0082991039297 0.999846713808 0.999694133255
7.17735470942e-08 -0.00827300542509 0.999853597032 0.999689854409
7.23547094188e-08 -0.00824690692048 0.999860480256 0.999685575564
7.29358717435e-08 -0.00822080841587 0.99986736348 0.999681296718
7.35170340681e-08 -0.00819470991126 0.999874246704 0.999677017873
7.40981963928e-08 -0.00816861140665 0.999881129928 0.999672739028
7.46793587174e-08 -0.00814251290204 0.999888013152 0.999668460182
7.52605210421e-08 -0.00811641439743 0.999894896376 0.999664181337
7.58416833667e-08 -0.00809022935601 0.999904600178 0.999654732625
7.64228456914e-08 -0.00806402287595 0.99991500275 0.999644003131
7.7004008016e-08 -0.00803781639588 0.999925405323 0.999633273636
7.75851703407e-08 -0.00801160991581 0.999935807895 0.999622544141
7.81663326653e-08 -0.00798540343575 0.999946210467 0.999611814646
7.874749499e-08 -0.00795919695568 0.99995661304 0.999601085151
7.93286573146e-08 -0.00793299047562 0.999967015612 0.999590355656
7.99098196393e-08 -0.00790678399555 0.999977418184 0.999579626161
8.04909819639e-08 -0.00788057751548 0.999987820757 0.999568896666
8.10721442886e-08 -0.00785437103542 0.999998223329 0.999558167172
8.16533066132e-08 -0.00782803540895 1.00001313542 0.999540221859
8.22344689379e-08 -0.00780161620114 1.00003096599 0.999517606591
8.28156312625e-08 -0.00777519699332 1.00004879657 0.999494991324
8.33967935872e-08 -0.0077487777855 1.00006662714 0.999472376057
8.39779559118e-08 -0.00772235857769 1.00008445771 0.99944976079
8.45591182365e-08 -0.00769593936987 1.00010228829 0.999427145522
8.51402805611e-08 -0.00766952016206 1.00012011886 0.999404530255
8.57214428858e-08 -0.00764310095424 1.00013794943 0.999381914988
8.63026052104e-08 -0.00761668174643 1.00015578001 0.99935929972
8.68837675351e-08 -0.00759026253861 1.00017361058 0.999336684453
8.74649298597e-08 -0.00756377026612 1.0001941709 0.999310253172
8.80460921844e-08 -0.00753692838155 1.00022779294 0.999265562391
8.8627254509e-08 -0.00751008649697 1.00026141498 0.999220871609
8.92084168337e-08 -0.0074832446124 1.00029503702 0.999176180828
8.97895791583e-08 -0.00745640272783 1.00032865905 0.999131490046
9.0370741483e-08 -0.00742956084325 1.00036228109 0.999086799264
9.09519038076e-08 -0.00740271895868 1.00039590313 0.999042108483
9.15330661323e-08 -0.00737587707411 1.00042952517 0.998997417701
9.21142284569e-08 -0.00734903518953 1.00046314721 0.99895272692
9.26953907816e-08 -0.00732219330496 1.00049676925 0.998908036138
9.32765531062e-08 -0.00729535142038 1.00053039129 0.998863345357
9.38577154309e-08 -0.00726809122232 1.00058051965 0.998798100615
9.44388777555e-08 -0.00724040100086 1.0006476164 0.998711726544
9.50200400802e-08 -0.0072127107794 1.00071471315 0.998625352473
9.56012024048e-08 -0.00718502055794 1.0007818099 0.998538978402
9.61823647295e-08 -0.00715733033648 1.00084890665 0.998452604331
9.67635270541e-08 -0.00712964011502 1.00091600339 0.99836623026
9.73446893788e-08 -0.00710194989356 1.00098310014 0.998279856189
9.79258517034e-08 -0.0070742596721 1.00105019689 0.998193482118
9.85070140281e-08 -0.00704656945064 1.00111729364 0.998107108047
9.90881763527e-08 -0.00701887922918 1.00118439039 0.998020733975
9.96693386774e-08 -0.00699118900772 1.00125148713 0.997934359904
1.00250501002e-07 -0.00696253110036 1.00135832792 0.997802838458
1.00831663327e-07 -0.00693311910689 1.00149613995 0.997636135132
1.01412825651e-07 -0.00690370711343 1.00163395197 0.997469431805
1.01993987976e-07 -0.00687429511996 1.001771764 0.997302728479
1.02575150301e-07 -0.0068448831265 1.00190957603 0.997136025153
1.03156312625e-07 -0.00681547113303 1.00204738805 0.996969321827
1.0373747495e-07 -0.00678605913957 1.00218520008 0.996802618501
1.04318637275e-07 -0.0067566471461 1.0023230121 0.996635915175
1.04899799599e-07 -0.00672723515264 1.00246082413 0.996469211849
1.05480961924e-07 -0.00669782315917 1.00259863615 0.996302508523
1.06062124248e-07 -0.00666841116571 1.00273644818 0.996135805197
1.06643286573e-07 -0.00663767748545 1.00293009122 0.995910032233
1.07224448898e-07 -0.00660472911704 1.00321728765 0.995585279068
1.07805611222e-07 -0.00657178074863 1.00350448408 0.995260525903
1.08386773547e-07 -0.00653883238022 1.00379168052 0.994935772738
1.08967935872e-07 -0.00650588401181 1.00407887695 0.994611019573
1.09549098196e-07 -0.00647293564341 1.00436607338 0.994286266408
1.10130260521e-07 -0.006439987275 1.00465326982 0.993961513244
1.10711422846e-07 -0.00640703890659 1.00494046625 0.993636760079
1.1129258517e-07 -0.00637409053818 1.00522766268 0.993312006914
1.11873747495e-07 -0.00634114216978 1.00551485911 0.992987253749
1.1245490982e-07 -0.00630819380137 1.00580205555 0.992662500584
1.13036072144e-07 -0.00627524543296 1.00608925198 0.992337747419
1.13617234469e-07 -0.00623551486305 1.00666904938 0.99172098621
1.14198396794e-07 -0.00619521196533 1.00727353842 0.991079583397
1.14779559118e-07 -0.00615490906762 1.00787802747 0.990438180585
1.15360721443e-07 -0.0061146061699 1.00848251651 0.989796777772
1.15941883768e-07 -0.00607430327218 1.00908700555 0.989155374959
1.16523046092e-07 -0.00603400037447 1.0096914946 0.988513972146
1.17104208417e-07 -0.00599369747675 1.01029598364 0.987872569334
1.17685370741e-07 -0.00595339457903 1.01090047268 0.987231166521
1.18266533066e-07 -0.00591309168132 1.01150496172 0.986589763708
1.18847695391e-07 -0.0058727887836 1.01210945077 0.985948360895
1.19428857715e-07 -0.00583248588588 1.01271393981 0.985306958083
1.2001002004e-07 -0.00578906636987 1.01345578742 0.984536376054
1.20591182365e-07 -0.00573326969941 1.01474313274 0.983252779295
1.21172344689e-07 -0.00567747302895 1.01603047806 0.981969182535
1.21753507014e-07 -0.00562167635849 1.01731782338 0.980685585775
1.22334669339e-07 -0.00556587968803 1.0186051687 0.979401989015
1.22915831663e-07 -0.00551008301758 1.01989251402 0.978118392255
1.23496993988e-07 -0.00545428634712 1.02117985934 0.976834795495
1.24078156313e-07 -0.00539848967666 1.02246720466 0.975551198735
1.24659318637e-07 -0.0053426930062 1.02375454998 0.974267601975
1.25240480962e-07 -0.00528689633574 1.02504189531 0.972984005215
1.25821643287e-07 -0.00523109966528 1.02632924063 0.971700408455
1.26402805611e-07 -0.00517530299482 1.02761658595 0.970416811695
1.26983967936e-07 -0.00511274756991 1.0292119949 0.968866866021
1.27565130261e-07 -0.00502387130747 1.03200710608 0.966279669102
1.28146292585e-07 -0.00493499504504 1.03480221726 0.963692472182
1.2872745491e-07 -0.00484611878261 1.03759732844 0.961105275262
1.29308617234e-07 -0.00475724252018 1.04039243962 0.958518078342
1.29889779559e-07 -0.00466836625774 1.04318755079 0.955930881422
1.30470941884e-07 -0.00457948999531 1.04598266197 0.953343684502
1.31052104208e-07 -0.00449061373288 1.04877777315 0.950756487582
1.31633266533e-07 -0.00440173747045 1.05157288433 0.948169290663
1.32214428858e-07 -0.00431286120801 1.05436799551 0.945582093743
1.32795591182e-07 -0.00422398494558 1.05716310669 0.942994896823
1.33376753507e-07 -0.00413510868315 1.05995821787 0.940407699903
1.33957915832e-07 -0.00404623242072 1.06275332905 0.937820502983
1.34539078156e-07 -0.00389108736186 1.06878400417 0.932838296141
1.35120240481e-07 -0.00373058349453 1.07507632231 0.927662417463
1.35701402806e-07 -0.0035700796272 1.08136864044 0.922486538785
1.3628256513e-07 -0.00340957575987 1.08766095858 0.917310660107
1.36863727455e-07 -0.00324907189254 1.09395327671 0.912134781429
1.3744488978e-07 -0.0030885680252 1.10024559485 0.906958902751
1.38026052104e-07 -0.00292806415787 1.10653791298 0.901783024074
1.38607214429e-07 -0.00276756029054 1.11283023112 0.896607145396
1.39188376754e-07 -0.00260705642321 1.11912254925 0.891431266718
1.39769539078e-07 -0.00244655255588 1.12541486739 0.88625538804
1.40350701403e-07 -0.00228604868855 1.13170718552 0.881079509362
1.40931863727e-07 -0.00212554482122 1.13799950366 0.875903630684
1.41513026052e-07 -0.00190875244104 1.14726498903 0.868887740288
1.42094188377e-07 -0.0015906270342 1.16188289924 0.858559380846
1.42675350701e-07 -0.00127250162736 1.17650080945 0.848231021404
1.43256513026e-07 -0.000954376220519 1.19111871967 0.837902661961
1.43837675351e-07 -0.000636250813679 1.20573662988 0.827574302519
1.44418837675e-07 -0.000318125406839 1.2203545401 0.817245943077
1.45e-07 0 1.23497245031 0.806917583635
