-1.45e-07 0 	0 	-547395.097741 	
-1.44418837675e-07 0 	0 	-517550.812963 	
-1.43837675351e-07 0 	0 	-488640.174756 	
-1.43256513026e-07 0 	0 	-461833.438201 	
-1.42675350701e-07 0 	0 	-436661.442611 	
-1.42094188377e-07 0 	0 	-412836.752188 	
-1.41513026052e-07 0 	0 	-390260.154905 	
-1.40931863727e-07 0 	0 	-369511.519102 	
-1.40350701403e-07 0 	0 	-349866.193554 	
-1.39769539078e-07 0 	0 	-331183.987106 	
-1.39188376754e-07 0 	0 	-313864.444643 	
-1.38607214429e-07 0 	0 	-297624.256869 	
-1.38026052104e-07 0 	0 	-282115.711524 	
-1.3744488978e-07 0 	0 	-267780.320749 	
-1.36863727455e-07 0 	0 	-254293.903116 	
-1.3628256513e-07 0 	0 	-241356.17715 	
-1.35701402806e-07 0 	0 	-229596.565181 	
-1.35120240481e-07 0 	0 	-218325.220137 	
-1.34539078156e-07 0 	0 	-207711.753218 	
-1.33957915832e-07 0 	0 	-197906.981086 	
-1.33376753507e-07 0 	0 	-188413.588816 	
-1.32795591182e-07 0 	0 	-179831.560011 	
-1.32214428858e-07 0 	0 	-171538.846278 	
-1.31633266533e-07 0 	0 	-163851.070936 	
-1.31052104208e-07 0 	0 	-156607.316362 	
-1.30470941884e-07 0 	0 	-149738.714629 	
-1.29889779559e-07 0 	0 	-143407.960259 	
-1.29308617234e-07 0 	0 	-137287.800407 	
-1.2872745491e-07 0 	0 	-131748.898419 	
-1.28146292585e-07 0 	0 	-126310.722972 	
-1.27565130261e-07 0 	0 	-121456.361661 	
-1.26983967936e-07 0 	0 	-116637.901478 	
-1.26402805611e-07 0 	0 	-112373.612234 	
-1.25821643287e-07 0 	0 	-108116.688573 	
-1.25240480962e-07 0 	0 	-104359.844072 	
-1.24659318637e-07 0 	0 	-100610.259352 	
-1.24078156313e-07 0 	0 	-97289.0724526 	
-1.23496993988e-07 0 	0 	-93996.4904166 	
-1.22915831663e-07 0 	0 	-91049.0226916 	
-1.22334669339e-07 0 	0 	-88166.83828 	
-1.21753507014e-07 0 	0 	-85540.0279438 	
-1.21172344689e-07 0 	0 	-83025.2283279 	
-1.20591182365e-07 0 	0 	-80673.9461739 	
-1.2001002004e-07 0 	0 	-78486.9637597 	
-1.19428857715e-07 0 	0 	-76373.1054034 	
-1.18847695391e-07 0 	0 	-74477.6641416 	
-1.18266533066e-07 0 	0 	-72582.2228798 	
-1.17685370741e-07 0 	0 	-70932.2419432 	
-1.17104208417e-07 0 	0 	-69295.1980059 	
-1.16523046092e-07 0 	0 	-67793.9248124 	
-1.15941883768e-07 0 	0 	-66385.102972 	
-1.15360721443e-07 0 	0 	-65013.3302567 	
-1.14779559118e-07 0 	0 	-63805.357471 	
-1.14198396794e-07 0 	0 	-62597.3846853 	
-1.13617234469e-07 0 	0 	-61515.7353516 	
-1.13036072144e-07 0 	0 	-60483.8725488 	
-1.1245490982e-07 0 	0 	-59481.5586125 	
-1.11873747495e-07 0 	0 	-58603.5321615 	
-1.1129258517e-07 0 	0 	-57725.5057104 	
-1.10711422846e-07 0 	0 	-56928.7915216 	
-1.10130260521e-07 0 	0 	-56184.6256104 	
-1.09549098196e-07 0 	0 	-55440.4596993 	
-1.08967935872e-07 0 	0 	-54807.899867 	
-1.08386773547e-07 0 	0 	-54179.750864 	
-1.07805611222e-07 0 	0 	-53577.0653874 	
-1.07224448898e-07 0 	0 	-53049.0593147 	
-1.06643286573e-07 0 	0 	-52521.0532419 	
-1.06062124248e-07 0 	0 	-52034.6108485 	
-1.05480961924e-07 0 	0 	-51592.6851483 	
-1.04899799599e-07 0 	0 	-51150.759448 	
-1.04318637275e-07 0 	0 	-50756.4437167 	
-1.0373747495e-07 0 	0 	-50388.19389 	
-1.03156312625e-07 0 	0 	-50019.9440633 	
-1.02575150301e-07 0 	0 	-49698.3299771 	
-1.01993987976e-07 0 	0 	-49392.8621324 	
-1.01412825651e-07 0 	0 	-49087.3942877 	
-1.00831663327e-07 0 	0 	-48822.9942656 	
-1.00250501002e-07 0 	0 	-48570.784286 	
-9.96693386774e-08 0 	0 	-48318.5743063 	
-9.90881763527e-08 0 	0 	-48099.1686695 	
-9.85070140281e-08 0 	0 	-47891.9283102 	
-9.79258517034e-08 0 	0 	-47684.687951 	
-9.73446893788e-08 0 	0 	-47500.7370649 	
-9.67635270541e-08 0 	0 	-47331.2877192 	
-9.61823647295e-08 0 	0 	-47161.8383735 	
-9.56012024048e-08 0 	0 	-47005.9724131 	
-9.50200400802e-08 0 	0 	-46868.1266349 	
-9.44388777555e-08 0 	0 	-46730.2808566 	
-9.38577154309e-08 0 	0 	-46596.8624223 	
-9.32765531062e-08 0 	0 	-46485.313534 	
-9.26953907816e-08 0 	0 	-46373.7646456 	
-9.21142284569e-08 0 	0 	-46262.2157573 	
-9.15330661323e-08 0 	0 	-46168.7386585 	
-9.09519038076e-08 0 	0 	-46078.9585682 	
-9.0370741483e-08 0 	0 	-45989.178478 	
-8.97895791583e-08 0 	0 	-45906.8091489 	
-8.92084168337e-08 0 	0 	-45834.9542256 	
-8.8627254509e-08 0 	0 	-45763.0993024 	
-8.80460921844e-08 0 	0 	-45691.2443791 	
-8.74649298597e-08 0 	0 	-45632.8405329 	
-8.68837675351e-08 0 	0 	-45575.6655972 	
-8.63026052104e-08 0 	0 	-45518.4906616 	
-8.57214428858e-08 0 	0 	-45465.3428519 	
-8.51402805611e-08 0 	0 	-45420.1230135 	
-8.45591182365e-08 0 	0 	-45374.9031752 	
-8.39779559118e-08 0 	0 	-45329.6833368 	
-8.33967935872e-08 0 	0 	-45290.9799814 	
-8.28156312625e-08 0 	0 	-45255.4400878 	
-8.22344689379e-08 0 	0 	-45219.9001942 	
-8.16533066132e-08 0 	0 	-45184.3603005 	
-8.10721442886e-08 0 	0 	-45156.0142495 	
-8.04909819639e-08 0 	0 	-45128.2655957 	
-7.99098196393e-08 0 	0 	-45100.5169419 	
-7.93286573146e-08 0 	0 	-45073.2994084 	
-7.874749499e-08 0 	0 	-45051.7833545 	
-7.81663326653e-08 0 	0 	-45030.2673005 	
-7.75851703407e-08 0 	0 	-45008.7512465 	
-7.7004008016e-08 0 	0 	-44988.0119746 	
-7.64228456914e-08 0 	0 	-44971.4500806 	
-7.58416833667e-08 0 	0 	-44954.8881866 	
-7.52605210421e-08 0 	0 	-44938.3262926 	
-7.46793587174e-08 0 	0 	-44922.2961714 	
-7.40981963928e-08 0 	0 	-44909.6463414 	
-7.35170340681e-08 0 	0 	-44896.9965115 	
-7.29358717435e-08 0 	0 	-44884.3466815 	
-7.23547094188e-08 0 	0 	-44871.7596055 	
-7.17735470942e-08 0 	0 	-44862.1778112 	
-7.11923847695e-08 0 	0 	-44852.596017 	
-7.06112224449e-08 0 	0 	-44843.0142228 	
-7.00300601202e-08 0 	0 	-44833.4324285 	
-6.94488977956e-08 0 	0 	-44825.7812152 	
-6.88677354709e-08 0 	0 	-44818.5883537 	
-6.82865731463e-08 0 	0 	-44811.3954922 	
-6.77054108216e-08 0 	0 	-44804.2026307 	
-6.7124248497e-08 0 	0 	-44797.9267804 	
-6.65430861723e-08 0 	0 	-44792.5801401 	
-6.59619238477e-08 0 	0 	-44787.2334997 	
-6.5380761523e-08 0 	0 	-44781.8868593 	
-6.47995991984e-08 0 	0 	-44776.6588449 	
-6.42184368737e-08 0 	0 	-44772.7277074 	
-6.36372745491e-08 0 	0 	-44768.7965699 	
-6.30561122244e-08 0 	0 	-44764.8654325 	
-6.24749498998e-08 0 	0 	-44760.934295 	
-6.18937875752e-08 0 	0 	-44757.6133957 	
-6.13126252505e-08 0 	0 	-44754.7583766 	
-6.07314629259e-08 0 	0 	-44751.9033576 	
-6.01503006012e-08 0 	0 	-44749.0483385 	
-5.95691382766e-08 0 	0 	-44746.1933194 	
-5.89879759519e-08 0 	0 	-44744.103655 	
-5.84068136273e-08 0 	0 	-44742.0593425 	
-5.78256513026e-08 0 	0 	-44740.01503 	
-5.7244488978e-08 0 	0 	-44737.9707175 	
-5.66633266533e-08 0 	0 	-44736.0547634 	
-5.60821643287e-08 0 	0 	-44734.6151738 	
-5.5501002004e-08 0 	0 	-44733.1755843 	
-5.49198396794e-08 0 	0 	-44731.7359948 	
-5.43386773547e-08 0 	0 	-44730.2964052 	
-5.37575150301e-08 0 	0 	-44729.021497 	
-5.31763527054e-08 0 	0 	-44728.028057 	
-5.25951903808e-08 0 	0 	-44727.034617 	
-5.20140280561e-08 0 	0 	-44726.041177 	
-5.14328657315e-08 0 	0 	-44725.047737 	
-5.08517034068e-08 0 	0 	-44724.1882393 	
-5.02705410822e-08 0 	0 	-44723.5198945 	
-4.96893787575e-08 0 	0 	-44722.8515497 	
-4.91082164329e-08 0 	0 	-44722.1832049 	
-4.85270541082e-08 0 	0 	-44721.51486 	
-4.79458917836e-08 0 	0 	-44720.9255051 	
-4.73647294589e-08 0 	0 	-44720.4906807 	
-4.67835671343e-08 0 	0 	-44720.0558562 	
-4.62024048096e-08 0 	0 	-44719.6210318 	
-4.5621242485e-08 0 	0 	-44719.1862074 	
-4.50400801603e-08 0 	0 	-44718.7753127 	
-4.44589178357e-08 0 	0 	-44718.5053922 	
-4.3877755511e-08 0 	0 	-44718.2354716 	
-4.32965931864e-08 0 	0 	-44717.9655511 	
-4.27154308617e-08 0 	0 	-44717.6956306 	
-4.21342685371e-08 0 	0 	-44717.42571 	
-4.15531062124e-08 0 	0 	-44717.2503901 	
-4.09719438878e-08 0 	0 	-44717.0944779 	
-4.03907815631e-08 0 	0 	-44716.9385656 	
-3.98096192385e-08 0 	0 	-44716.7826534 	
-3.92284569138e-08 0 	0 	-44716.6267412 	
-3.86472945892e-08 0 	0 	-44716.5006943 	
-3.80661322645e-08 0 	0 	-44716.4214876 	
-3.74849699399e-08 0 	0 	-44716.3422808 	
-3.69038076152e-08 0 	0 	-44716.2630741 	
-3.63226452906e-08 0 	0 	-44716.1838674 	
-3.57414829659e-08 0 	0 	-44716.1046607 	
-3.51603206413e-08 0 	0 	-44716.0662601 	
-3.45791583166e-08 0 	0 	-44716.0367616 	
-3.3997995992e-08 0 	0 	-44716.0072631 	
-3.34168336673e-08 0 	0 	-44715.9777646 	
-3.28356713427e-08 0 	0 	-44715.9482661 	
-3.2254509018e-08 0 	0 	-44715.9224652 	
-3.16733466934e-08 0 	0 	-44715.9234131 	
-3.10921843687e-08 0 	0 	-44715.924361 	
-3.05110220441e-08 0 	0 	-44715.9253088 	
-2.99298597194e-08 0 	0 	-44715.9262567 	
-2.93486973948e-08 0 	0 	-44715.9272046 	
-2.87675350701e-08 0 	0 	-44715.9330321 	
-2.81863727455e-08 0 	0 	-44715.9509313 	
-2.76052104208e-08 0 	0 	-44715.9688305 	
-2.70240480962e-08 0 	0 	-44715.9867296 	
-2.64428857715e-08 0 	0 	-44716.0046288 	
-2.58617234469e-08 0 	0 	-44716.022528 	
-2.52805611222e-08 0 	0 	-44716.0428615 	
-2.46993987976e-08 0 	0 	-44716.0684398 	
-2.41182364729e-08 0 	0 	-44716.094018 	
-2.35370741483e-08 0 	0 	-44716.1195963 	
-2.29559118236e-08 0 	0 	-44716.1451745 	
-2.2374749499e-08 0 	0 	-44716.1707528 	
-2.17935871743e-08 0 	0 	-44716.196632 	
-2.12124248497e-08 0 	0 	-44716.2236738 	
-2.0631262525e-08 0 	0 	-44716.2507156 	
-2.00501002004e-08 0 	0 	-44716.2777574 	
-1.94689378758e-08 0 	0 	-44716.3047991 	
-1.88877755511e-08 0 	0 	-44716.3318409 	
-1.83066132265e-08 0 	0 	-44716.3588827 	
-1.77254509018e-08 0 	0 	-44716.3834835 	
-1.71442885772e-08 0 	0 	-44716.4079572 	
-1.65631262525e-08 0 	0 	-44716.4324308 	
-1.59819639279e-08 0 	0 	-44716.4569045 	
-1.54008016032e-08 0 	0 	-44716.4813781 	
-1.48196392786e-08 0 	0 	-44716.5058518 	
-1.42384769539e-08 0 	0 	-44716.5275303 	
-1.36573146293e-08 0 	0 	-44716.5469047 	
-1.30761523046e-08 0 	0 	-44716.5662792 	
-1.249498998e-08 0 	0 	-44716.5856536 	
-1.19138276553e-08 0 	0 	-44716.605028 	
-1.13326653307e-08 0 	0 	-44716.6244025 	
-1.0751503006e-08 0 	0 	-44716.6437769 	
-1.01703406814e-08 0 	0 	-44716.6565858 	
-9.58917835671e-09 0 	0 	-44716.6693627 	
-9.00801603206e-09 0 	0 	-44716.6821396 	
-8.42685370741e-09 0 	0 	-44716.6949166 	
-7.84569138277e-09 0 	0 	-44716.7076935 	
-7.26452905812e-09 0 	0 	-44716.7204704 	
-6.68336673347e-09 0 	0 	-44716.7311168 	
-6.10220440882e-09 0 	0 	-44716.7364948 	
-5.52104208417e-09 0 	0 	-44716.7418728 	
-4.93987975952e-09 0 	0 	-44716.7472508 	
-4.35871743487e-09 0 	0 	-44716.7526288 	
-3.77755511022e-09 0 	0 	-44716.7580067 	
-3.19639278557e-09 0 	0 	-44716.7633847 	
-2.61523046092e-09 0 	0 	-44716.7654954 	
-2.03406813627e-09 0 	0 	-44716.7631474 	
-1.45290581162e-09 0 	0 	-44716.7607995 	
-8.71743486974e-10 0 	0 	-44716.7584516 	
-2.90581162324e-10 0 	0 	-44716.7561037 	
2.90581162325e-10 0 	0 	-44716.7537558 	
8.71743486974e-10 0 	0 	-44716.7514079 	
1.45290581162e-09 0 	0 	-44716.7460259 	
2.03406813627e-09 0 	0 	-44716.7360227 	
2.61523046092e-09 0 	0 	-44716.7260194 	
3.19639278557e-09 0 	0 	-44716.7160161 	
3.77755511022e-09 0 	0 	-44716.7060129 	
4.35871743487e-09 0 	0 	-44716.6960096 	
4.93987975952e-09 0 	0 	-44716.6860064 	
5.52104208417e-09 0 	0 	-44716.6745514 	
6.10220440882e-09 0 	0 	-44716.6574467 	
6.68336673347e-09 0 	0 	-44716.640342 	
7.26452905812e-09 0 	0 	-44716.6232374 	
7.84569138277e-09 0 	0 	-44716.6061327 	
8.42685370742e-09 0 	0 	-44716.589028 	
9.00801603206e-09 0 	0 	-44716.5719234 	
9.58917835671e-09 0 	0 	-44716.5548187 	
1.01703406814e-08 0 	0 	-44716.53286 	
1.0751503006e-08 0 	0 	-44716.5099991 	
1.13326653307e-08 0 	0 	-44716.4871383 	
1.19138276553e-08 0 	0 	-44716.4642774 	
1.249498998e-08 0 	0 	-44716.4414166 	
1.30761523046e-08 0 	0 	-44716.4185557 	
1.36573146293e-08 0 	0 	-44716.3956949 	
1.42384769539e-08 0 	0 	-44716.3719224 	
1.48196392786e-08 0 	0 	-44716.3461105 	
1.54008016032e-08 0 	0 	-44716.3202985 	
1.59819639279e-08 0 	0 	-44716.2944866 	
1.65631262525e-08 0 	0 	-44716.2686746 	
1.71442885772e-08 0 	0 	-44716.2428627 	
1.77254509018e-08 0 	0 	-44716.2170508 	
1.83066132265e-08 0 	0 	-44716.1912388 	
1.88877755511e-08 0 	0 	-44716.1669889 	
1.94689378758e-08 0 	0 	-44716.1437923 	
2.00501002004e-08 0 	0 	-44716.1205956 	
2.06312625251e-08 0 	0 	-44716.0973989 	
2.12124248497e-08 0 	0 	-44716.0742023 	
2.17935871743e-08 0 	0 	-44716.0510056 	
2.2374749499e-08 0 	0 	-44716.027809 	
2.29559118236e-08 0 	0 	-44716.0046123 	
2.35370741483e-08 0 	0 	-44715.9908138 	
2.41182364729e-08 0 	0 	-44715.980964 	
2.46993987976e-08 0 	0 	-44715.9711141 	
2.52805611222e-08 0 	0 	-44715.9612643 	
2.58617234469e-08 0 	0 	-44715.9514145 	
2.64428857715e-08 0 	0 	-44715.9415646 	
2.70240480962e-08 0 	0 	-44715.9317148 	
2.76052104208e-08 0 	0 	-44715.921865 	
2.81863727455e-08 0 	0 	-44715.933063 	
2.87675350701e-08 0 	0 	-44715.9568738 	
2.93486973948e-08 0 	0 	-44715.9806846 	
2.99298597194e-08 0 	0 	-44716.0044954 	
3.05110220441e-08 0 	0 	-44716.0283062 	
3.10921843687e-08 0 	0 	-44716.052117 	
3.16733466934e-08 0 	0 	-44716.0759277 	
3.2254509018e-08 0 	0 	-44716.0997385 	
3.28356713427e-08 0 	0 	-44716.149089 	
3.34168336673e-08 0 	0 	-44716.2445714 	
3.3997995992e-08 0 	0 	-44716.3400537 	
3.45791583166e-08 0 	0 	-44716.435536 	
3.51603206413e-08 0 	0 	-44716.5310184 	
3.57414829659e-08 0 	0 	-44716.6265007 	
3.63226452906e-08 0 	0 	-44716.7219831 	
3.69038076152e-08 0 	0 	-44716.8174654 	
3.74849699399e-08 0 	0 	-44716.9129478 	
3.80661322645e-08 0 	0 	-44717.1355632 	
3.86472945892e-08 0 	0 	-44717.3734416 	
3.92284569138e-08 0 	0 	-44717.61132 	
3.98096192385e-08 0 	0 	-44717.8491984 	
4.03907815631e-08 0 	0 	-44718.0870768 	
4.09719438878e-08 0 	0 	-44718.3249552 	
4.15531062124e-08 0 	0 	-44718.5628336 	
4.21342685371e-08 0 	0 	-44718.800712 	
4.27154308617e-08 0 	0 	-44719.1016232 	
4.32965931864e-08 0 	0 	-44719.6134048 	
4.3877755511e-08 0 	0 	-44720.1251865 	
4.44589178357e-08 0 	0 	-44720.6369681 	
4.50400801603e-08 0 	0 	-44721.1487497 	
4.5621242485e-08 0 	0 	-44721.6605313 	
4.62024048096e-08 0 	0 	-44722.1723129 	
4.67835671343e-08 0 	0 	-44722.6840946 	
4.73647294589e-08 0 	0 	-44723.1958762 	
4.79458917836e-08 0 	0 	-44723.8964308 	
4.85270541082e-08 0 	0 	-44724.9273891 	
4.91082164329e-08 0 	0 	-44725.9583474 	
4.96893787575e-08 0 	0 	-44726.9893056 	
5.02705410822e-08 0 	0 	-44728.0202639 	
5.08517034068e-08 0 	0 	-44729.0512222 	
5.14328657315e-08 0 	0 	-44730.0821804 	
5.20140280561e-08 0 	0 	-44731.1131387 	
5.25951903808e-08 0 	0 	-44732.1440969 	
5.31763527054e-08 0 	0 	-44733.4575396 	
5.37575150301e-08 0 	0 	-44735.467867 	
5.43386773547e-08 0 	0 	-44737.4781944 	
5.49198396794e-08 0 	0 	-44739.4885218 	
5.5501002004e-08 0 	0 	-44741.4988492 	
5.60821643287e-08 0 	0 	-44743.5091766 	
5.66633266533e-08 0 	0 	-44745.5195039 	
5.7244488978e-08 0 	0 	-44747.5298313 	
5.78256513026e-08 0 	0 	-44749.5401587 	
5.84068136273e-08 0 	0 	-44751.5504861 	
5.89879759519e-08 0 	0 	-44755.4100599 	
5.95691382766e-08 0 	0 	-44759.270149 	
6.01503006012e-08 0 	0 	-44763.1302382 	
6.07314629259e-08 0 	0 	-44766.9903273 	
6.13126252505e-08 0 	0 	-44770.8504164 	
6.18937875752e-08 0 	0 	-44774.7105056 	
6.24749498998e-08 0 	0 	-44778.5705947 	
6.30561122244e-08 0 	0 	-44782.4306838 	
6.36372745491e-08 0 	0 	-44786.290773 	
6.42184368737e-08 0 	0 	-44791.8801407 	
6.47995991984e-08 0 	0 	-44799.2519203 	
6.5380761523e-08 0 	0 	-44806.6236999 	
6.59619238477e-08 0 	0 	-44813.9954795 	
6.65430861723e-08 0 	0 	-44821.3672591 	
6.7124248497e-08 0 	0 	-44828.7390387 	
6.77054108216e-08 0 	0 	-44836.1108183 	
6.82865731463e-08 0 	0 	-44843.4825979 	
6.88677354709e-08 0 	0 	-44850.8543775 	
6.94488977956e-08 0 	0 	-44858.2261571 	
7.00300601202e-08 0 	0 	-44870.7135605 	
7.06112224449e-08 0 	0 	-44884.8037645 	
7.11923847695e-08 0 	0 	-44898.8939685 	
7.17735470942e-08 0 	0 	-44912.9841725 	
7.23547094188e-08 0 	0 	-44927.0743766 	
7.29358717435e-08 0 	0 	-44941.1645806 	
7.35170340681e-08 0 	0 	-44955.2547846 	
7.40981963928e-08 0 	0 	-44969.3449886 	
7.46793587174e-08 0 	0 	-44983.4351926 	
7.52605210421e-08 0 	0 	-44997.5253967 	
7.58416833667e-08 0 	0 	-45022.0146462 	
7.64228456914e-08 0 	0 	-45049.0801577 	
7.7004008016e-08 0 	0 	-45076.1456691 	
7.75851703407e-08 0 	0 	-45103.2111806 	
7.81663326653e-08 0 	0 	-45130.276692 	
7.874749499e-08 0 	0 	-45157.3422034 	
7.93286573146e-08 0 	0 	-45184.4077149 	
7.99098196393e-08 0 	0 	-45211.4732263 	
8.04909819639e-08 0 	0 	-45238.5387378 	
8.10721442886e-08 0 	0 	-45265.6042492 	
8.16533066132e-08 0 	0 	-45308.0451964 	
8.22344689379e-08 0 	0 	-45360.4368636 	
8.28156312625e-08 0 	0 	-45412.8285307 	
8.33967935872e-08 0 	0 	-45465.2201978 	
8.39779559118e-08 0 	0 	-45517.611865 	
8.45591182365e-08 0 	0 	-45570.0035321 	
8.51402805611e-08 0 	0 	-45622.3951992 	
8.57214428858e-08 0 	0 	-45674.7868663 	
8.63026052104e-08 0 	0 	-45727.1785335 	
8.68837675351e-08 0 	0 	-45779.5702006 	
8.74649298597e-08 0 	0 	-45840.6048166 	
8.80460921844e-08 0 	0 	-45942.9956621 	
8.8627254509e-08 0 	0 	-46045.3865077 	
8.92084168337e-08 0 	0 	-46147.7773532 	
8.97895791583e-08 0 	0 	-46250.1681987 	
9.0370741483e-08 0 	0 	-46352.5590442 	
9.09519038076e-08 0 	0 	-46454.9498898 	
9.15330661323e-08 0 	0 	-46557.3407353 	
9.21142284569e-08 0 	0 	-46659.7315808 	
9.26953907816e-08 0 	0 	-46762.1224264 	
9.32765531062e-08 0 	0 	-46864.5132719 	
9.38577154309e-08 0 	0 	-47016.1612397 	
9.44388777555e-08 0 	0 	-47218.4451919 	
9.50200400802e-08 0 	0 	-47420.7291441 	
9.56012024048e-08 0 	0 	-47623.0130964 	
9.61823647295e-08 0 	0 	-47825.2970486 	
9.67635270541e-08 0 	0 	-48027.5810008 	
9.73446893788e-08 0 	0 	-48229.864953 	
9.79258517034e-08 0 	0 	-48432.1489052 	
9.85070140281e-08 0 	0 	-48634.4328574 	
9.90881763527e-08 0 	0 	-48836.7168096 	
9.96693386774e-08 0 	0 	-49039.0007618 	
1.00250501002e-07 0 	0 	-49354.8434199 	
1.00831663327e-07 0 	0 	-49759.1786795 	
1.01412825651e-07 0 	0 	-50163.5139391 	
1.01993987976e-07 0 	0 	-50567.8491986 	
1.02575150301e-07 0 	0 	-50972.1844582 	
1.03156312625e-07 0 	0 	-51376.5197178 	
1.0373747495e-07 0 	0 	-51780.8549773 	
1.04318637275e-07 0 	0 	-52185.1902369 	
1.04899799599e-07 0 	0 	-52589.5254964 	
1.05480961924e-07 0 	0 	-52993.860756 	
1.06062124248e-07 0 	0 	-53398.1960156 	
1.06643286573e-07 0 	0 	-53957.2180169 	
1.07224448898e-07 0 	0 	-54775.4412857 	
1.07805611222e-07 0 	0 	-55593.6645546 	
1.08386773547e-07 0 	0 	-56411.8878235 	
1.08967935872e-07 0 	0 	-57230.1110924 	
1.09549098196e-07 0 	0 	-58048.3343613 	
1.10130260521e-07 0 	0 	-58866.5576302 	
1.10711422846e-07 0 	0 	-59684.7808991 	
1.1129258517e-07 0 	0 	-60503.0041679 	
1.11873747495e-07 0 	0 	-61321.2274368 	
1.1245490982e-07 0 	0 	-62139.4507057 	
1.13036072144e-07 0 	0 	-62957.6739746 	
1.13617234469e-07 0 	0 	-64567.9429642 	
1.14198396794e-07 0 	0 	-66245.0501024 	
1.14779559118e-07 0 	0 	-67922.1572405 	
1.15360721443e-07 0 	0 	-69599.2643786 	
1.15941883768e-07 0 	0 	-71276.3715168 	
1.16523046092e-07 0 	0 	-72953.4786549 	
1.17104208417e-07 0 	0 	-74630.5857931 	
1.17685370741e-07 0 	0 	-76307.6929312 	
1.18266533066e-07 0 	0 	-77984.8000694 	
1.18847695391e-07 0 	0 	-79661.9072075 	
1.19428857715e-07 0 	0 	-81339.0143456 	
1.2001002004e-07 0 	0 	-83379.4637853 	
1.20591182365e-07 0 	0 	-86862.8694544 	
1.21172344689e-07 0 	0 	-90346.2751234 	
1.21753507014e-07 0 	0 	-93829.6807924 	
1.22334669339e-07 0 	0 	-97313.0864615 	
1.22915831663e-07 0 	0 	-100796.492131 	
1.23496993988e-07 0 	0 	-104279.8978 	
1.24078156313e-07 0 	0 	-107763.303469 	
1.24659318637e-07 0 	0 	-111246.709138 	
1.25240480962e-07 0 	0 	-114730.114807 	
1.25821643287e-07 0 	0 	-118213.520476 	
1.26402805611e-07 0 	0 	-121696.926145 	
1.26983967936e-07 0 	0 	-125967.562153 	
1.27565130261e-07 0 	0 	-133303.9349 	
1.28146292585e-07 0 	0 	-140640.307647 	
1.2872745491e-07 0 	0 	-147976.680395 	
1.29308617234e-07 0 	0 	-155313.053142 	
1.29889779559e-07 0 	0 	-162649.42589 	
1.30470941884e-07 0 	0 	-169985.798637 	
1.31052104208e-07 0 	0 	-177322.171385 	
1.31633266533e-07 0 	0 	-184658.544132 	
1.32214428858e-07 0 	0 	-191994.91688 	
1.32795591182e-07 0 	0 	-199331.289627 	
1.33376753507e-07 0 	0 	-206667.662375 	
1.33957915832e-07 0 	0 	-214004.035122 	
1.34539078156e-07 0 	0 	-229072.022339 	
1.35120240481e-07 0 	0 	-244765.22449 	
1.35701402806e-07 0 	0 	-260458.42664 	
1.3628256513e-07 0 	0 	-276151.628791 	
1.36863727455e-07 0 	0 	-291844.830942 	
1.3744488978e-07 0 	0 	-307538.033092 	
1.38026052104e-07 0 	0 	-323231.235243 	
1.38607214429e-07 0 	0 	-338924.437394 	
1.39188376754e-07 0 	0 	-354617.639544 	
1.39769539078e-07 0 	0 	-370310.841695 	
1.40350701403e-07 0 	0 	-386004.043845 	
1.40931863727e-07 0 	0 	-401697.245996 	
1.41513026052e-07 0 	0 	-419404.071418 	
1.42094188377e-07 0 	0 	-440735.908947 	
1.42675350701e-07 0 	0 	-462067.746477 	
1.43256513026e-07 0 	0 	-483399.584007 	
1.43837675351e-07 0 	0 	-504731.421537 	
1.44418837675e-07 0 	0 	-526063.259066 	
1.45e-07 0 	0 	-547395.096596 	
