-1.45e-07 -0.014694631348 0.800323641801 1.24391364587
-1.44418837675e-07 -0.0143639066752 0.81066021998 1.22816010842
-1.43837675351e-07 -0.0140505114744 0.820563115901 1.21341639139
-1.43256513026e-07 -0.0137584432007 0.829907038248 1.19988549823
-1.42675350701e-07 -0.0134830194917 0.838800579022 1.18727638629
-1.42094188377e-07 -0.013221350487 0.847314926265 1.17541724835
-1.41513026052e-07 -0.0129724470505 0.855472843219 1.16424662265
-1.40931863727e-07 -0.012742315276 0.86309254783 1.15406574023
-1.40350701403e-07 -0.0125235609938 0.870377386513 1.14447130768
-1.39769539078e-07 -0.0123147511099 0.877367319892 1.13538613491
-1.39188376754e-07 -0.0121200515087 0.883931670941 1.12701287626
-1.38607214429e-07 -0.0119365747622 0.89014971622 1.11919454365
-1.38026052104e-07 -0.0117607168857 0.896130827025 1.11175035731
-1.3744488978e-07 -0.0115971076981 0.90172586099 1.10490043793
-1.36863727455e-07 -0.0114423994299 0.907034741316 1.09847474138
-1.3628256513e-07 -0.0112934465241 0.912158211557 1.09232284248
-1.35701402806e-07 -0.0111568973961 0.91687553445 1.08675234064
-1.35120240481e-07 -0.0110255109629 0.921420912951 1.08142008823
-1.34539078156e-07 -0.0109010806099 0.925734618061 1.0764088469
-1.33957915832e-07 -0.0107852382175 0.92975776627 1.07178821469
-1.33376753507e-07 -0.0106727054792 0.933668609434 1.06731771098
-1.32795591182e-07 -0.0105698940302 0.937245740026 1.06328343773
-1.32214428858e-07 -0.0104701826934 0.9407150154 1.05938654778
-1.31633266533e-07 -0.0103769534829 0.943958772753 1.05577691711
-1.31052104208e-07 -0.0102885043744 0.947034164863 1.05237668032
-1.30470941884e-07 -0.0102040939707 0.949967305294 1.04915336027
-1.29889779559e-07 -0.0101255016549 0.952693187516 1.04618219299
-1.29308617234e-07 -0.0100491874154 0.955337917638 1.0433097563
-1.2872745491e-07 -0.00997919210226 0.957755199169 1.04070849485
-1.28146292585e-07 -0.00991029179985 0.96013306599 1.03815422552
-1.27565130261e-07 -0.00984777081552 0.962279117617 1.03587125672
-1.26983967936e-07 -0.00978564212165 0.964410913976 1.03360497132
-1.26402805611e-07 -0.00972960103792 0.966319565087 1.03159544096
-1.25821643287e-07 -0.00967364086568 0.968225250335 1.02958932317
-1.25240480962e-07 -0.00962320439057 0.96992684876 1.02781441365
-1.24659318637e-07 -0.00957284810444 0.971625484404 1.02604286064
-1.24078156313e-07 -0.00952725083653 0.973147010117 1.02446913081
-1.23496993988e-07 -0.00948197133651 0.974656709895 1.02290860996
-1.22915831663e-07 -0.00944054848521 0.976021933368 1.0215073909
-1.22334669339e-07 -0.00939985517424 0.977359827079 1.02013630606
-1.21753507014e-07 -0.00936203334574 0.978589503137 1.0188831477
-1.21172344689e-07 -0.00932547099049 0.979771713386 1.01768171359
-1.20591182365e-07 -0.0092907591344 0.980883801684 1.01655587781
-1.2001002004e-07 -0.00925790663036 0.981925432563 1.01550600204
-1.19428857715e-07 -0.0092258872358 0.982935336301 1.01448999872
-1.18847695391e-07 -0.00919635628835 0.983850473007 1.01357517036
-1.18266533066e-07 -0.0091668253409 0.984765609713 1.012660342
-1.17685370741e-07 -0.009140110644 0.9855730064 1.01185951761
-1.17104208417e-07 -0.00911354437774 0.986374724644 1.01106470181
-1.16523046092e-07 -0.00908854734031 0.987116158581 1.01033315657
-1.15941883768e-07 -0.00906461884922 0.987816542689 1.00964469461
-1.15360721443e-07 -0.00904112187914 0.988500285407 1.00897356775
-1.14779559118e-07 -0.00901953273038 0.989110453957 1.00837908205
-1.14198396794e-07 -0.00899794358161 0.989720622507 1.00778459634
-1.13617234469e-07 -0.00897783770094 0.990273385155 1.00724949537
-1.13036072144e-07 -0.00895831640508 0.990803523019 1.00673779906
-1.1245490982e-07 -0.00893914503189 0.991320072742 1.00624006834
-1.11873747495e-07 -0.00892144549213 0.991779468458 1.00580107918
-1.1129258517e-07 -0.00890374595237 0.992238864175 1.00536209002
-1.10711422846e-07 -0.00888701800852 0.992660411317 1.00496176282
-1.10130260521e-07 -0.00887091796126 0.993057498711 1.00458642102
-1.09549098196e-07 -0.00885481791399 0.993454586106 1.00421107921
-1.08967935872e-07 -0.00884006416481 0.993799068234 1.00388915793
-1.08386773547e-07 -0.00882536362323 0.994141471329 1.00356934791
-1.07805611222e-07 -0.00881097335775 0.994471714426 1.00326181561
-1.07224448898e-07 -0.00879749306968 0.994766294695 1.00299029143
-1.06643286573e-07 -0.00878401278162 0.995060874965 1.00271876724
-1.06062124248e-07 -0.00877104441724 0.995335332507 1.00246744471
-1.05480961924e-07 -0.00875862434767 0.995588237643 1.00223775913
-1.04899799599e-07 -0.0087462042781 0.99584114278 1.00200807354
-1.04318637275e-07 -0.00873437737437 0.996070660524 1.00180173069
-1.0373747495e-07 -0.00872287522205 0.996287373942 1.00160816772
-1.03156312625e-07 -0.00871137306973 0.996504087359 1.00141460476
-1.02575150301e-07 -0.00870045916379 0.996697533397 1.0012441242
-1.01993987976e-07 -0.00868974892069 0.996882923794 1.00108163524
-1.01412825651e-07 -0.0086790386776 0.997068314191 1.00091914629
-1.00831663327e-07 -0.00866885341141 0.997232869104 1.00077719387
-1.00250501002e-07 -0.00865882397258 0.997391239481 1.00064133726
-9.96693386774e-08 -0.00864879453375 0.997549609858 1.00050548064
-9.90881763527e-08 -0.00863919057678 0.997691030996 1.0003862128
-9.85070140281e-08 -0.00862974440701 0.997826166619 1.00027309679
-9.79258517034e-08 -0.00862029823723 0.997961302242 1.00015998079
-9.73446893788e-08 -0.00861115899014 0.998084161297 1.0000587867
-9.67635270541e-08 -0.00860221085307 0.998199376162 0.999965015968
-9.61823647295e-08 -0.00859326271601 0.998314591027 0.999871245238
-9.56012024048e-08 -0.00858449676964 0.998422484838 0.999784521684
-9.50200400802e-08 -0.00857597252366 0.998520666287 0.999707147154
-9.44388777555e-08 -0.00856744827767 0.998618847736 0.999629772624
-9.38577154309e-08 -0.00855898459246 0.998714582872 0.99955472931
-9.32765531062e-08 -0.0085508200565 0.99879823407 0.999491201397
-9.26953907816e-08 -0.00854265552054 0.998881885267 0.999427673483
-9.21142284569e-08 -0.00853449098457 0.998965536465 0.999364145569
-9.15330661323e-08 -0.00852657917514 0.999038917519 0.999310291699
-9.09519038076e-08 -0.00851871906684 0.999110197574 0.999258416882
-9.0370741483e-08 -0.00851085895855 0.99918147763 0.999206542064
-8.97895791583e-08 -0.0085031051242 0.999248409056 0.999158708703
-8.92084168337e-08 -0.00849550207157 0.999309170638 0.999116609368
-8.8627254509e-08 -0.00848789901894 0.999369932221 0.999074510034
-8.80460921844e-08 -0.00848029596632 0.999430693803 0.999032410699
-8.74649298597e-08 -0.00847289145419 0.999483266317 0.998997803681
-8.68837675351e-08 -0.00846550508103 0.999535090666 0.998963881171
-8.63026052104e-08 -0.00845811870786 0.999586915014 0.998929958661
-8.57214428858e-08 -0.00845079379636 0.999636180934 0.998898334601
-8.51402805611e-08 -0.00844358988092 0.99968041022 0.998871235364
-8.45591182365e-08 -0.00843638596548 0.999724639507 0.998844136128
-8.39779559118e-08 -0.00842918205004 0.999768868794 0.998817036892
-8.33967935872e-08 -0.00842208155135 0.999808747732 0.998793764082
-8.28156312625e-08 -0.00841503125689 0.999846514771 0.998772348831
-8.22344689379e-08 -0.00840798096244 0.999884281809 0.99875093358
-8.16533066132e-08 -0.00840093066798 0.999922048847 0.998729518329
-8.10721442886e-08 -0.00839399991597 0.999954726804 0.998712471322
-8.04909819639e-08 -0.0083870790911 0.999986982148 0.998695787066
-7.99098196393e-08 -0.00838015826624 1.00001923749 0.998679102811
-7.93286573146e-08 -0.00837324676159 1.00005109071 0.998662754229
-7.874749499e-08 -0.00836643530775 1.00007862722 0.998650009051
-7.81663326653e-08 -0.00835962385391 1.00010616372 0.998637263872
-7.75851703407e-08 -0.00835281240006 1.00013370022 0.998624518693
-7.7004008016e-08 -0.00834601548992 1.0001605999 0.998612288676
-7.64228456914e-08 -0.00833929679282 1.00018407483 0.998602829095
-7.58416833667e-08 -0.00833257809573 1.00020754976 0.998593369514
-7.52605210421e-08 -0.00832585939864 1.0002310247 0.998583909934
-7.46793587174e-08 -0.00831915145626 1.00025402114 0.998574824213
-7.40981963928e-08 -0.0083125118778 1.00027397599 0.99856811499
-7.35170340681e-08 -0.00830587229935 1.00029393083 0.998561405766
-7.29358717435e-08 -0.00829923272089 1.00031388567 0.998554696543
-7.23547094188e-08 -0.00829259453342 1.00033377759 0.998548034679
-7.17735470942e-08 -0.00828602296009 1.00035065564 0.998543640874
-7.11923847695e-08 -0.00827945138676 1.0003675337 0.99853924707
-7.06112224449e-08 -0.00827287981343 1.00038441176 0.998534853265
-7.00300601202e-08 -0.0082663082401 1.00040128982 0.998530459461
-6.94488977956e-08 -0.00825978436057 1.00041597291 0.998527653596
-6.88677354709e-08 -0.00825327180434 1.00043013489 0.998525224734
-6.82865731463e-08 -0.00824675924812 1.00044429687 0.998522795873
-6.77054108216e-08 -0.00824024669189 1.00045845884 0.998520367011
-6.7124248497e-08 -0.00823375986639 1.00047141669 0.998518775087
-6.65430861723e-08 -0.00822729911391 1.00048315438 0.998518031236
-6.59619238477e-08 -0.00822083836143 1.00049489208 0.998517287384
-6.5380761523e-08 -0.00821437760894 1.00050662977 0.998516543532
-6.47995991984e-08 -0.00820792071636 1.00051818398 0.998515922324
-6.42184368737e-08 -0.00820150602212 1.00052773226 0.99851664192
-6.36372745491e-08 -0.00819509132789 1.00053728053 0.998517361517
-6.30561122244e-08 -0.00818867663365 1.00054682881 0.998518081113
-6.24749498998e-08 -0.00818226193942 1.00055637709 0.99851880071
-6.18937875752e-08 -0.00817587078647 1.00056479062 0.998520251642
-6.13126252505e-08 -0.00816949760589 1.00057233784 0.998522260904
-6.07314629259e-08 -0.00816312442531 1.00057988505 0.998524270167
-6.01503006012e-08 -0.00815675124472 1.00058743227 0.99852627943
-5.95691382766e-08 -0.00815037806414 1.00059497949 0.998528288692
-5.89879759519e-08 -0.00814404069997 1.00060078001 0.998531387858
-5.84068136273e-08 -0.00813770545813 1.00060647702 0.998534551606
-5.78256513026e-08 -0.0081313702163 1.00061217404 0.998537715355
-5.7244488978e-08 -0.00812503497446 1.00061787105 0.998540879103
-5.66633266533e-08 -0.00811870719019 1.00062320105 0.998544265721
-5.60821643287e-08 -0.00811240708247 1.00062716899 0.998548479454
-5.5501002004e-08 -0.00810610697475 1.00063113692 0.998552693187
-5.49198396794e-08 -0.00809980686703 1.00063510486 0.998556906919
-5.43386773547e-08 -0.00809350675931 1.0006390728 0.998561120652
-5.37575150301e-08 -0.00808721880602 1.00064243869 0.998565692187
-5.31763527054e-08 -0.00808095162673 1.00064477558 0.998570875265
-5.25951903808e-08 -0.00807468444744 1.00064711248 0.998576058344
-5.20140280561e-08 -0.00806841726815 1.00064944937 0.998581241423
-5.14328657315e-08 -0.00806215008885 1.00065178627 0.998586424501
-5.08517034068e-08 -0.00805589575394 1.00065348438 0.998591981159
-5.02705410822e-08 -0.00804965974958 1.00065427088 0.998598070962
-4.96893787575e-08 -0.00804342374522 1.00065505737 0.998604160765
-4.91082164329e-08 -0.00803718774086 1.00065584386 0.998610250568
-4.85270541082e-08 -0.00803095173651 1.00065663035 0.998616340371
-4.79458917836e-08 -0.00802472579471 1.00065691544 0.998622720098
-4.73647294589e-08 -0.00801851953865 1.0006562196 0.998629667013
-4.67835671343e-08 -0.00801231328259 1.00065552376 0.998636613927
-4.62024048096e-08 -0.00800610702652 1.00065482792 0.998643560842
-4.5621242485e-08 -0.00799990077046 1.00065413208 0.998650507756
-4.50400801603e-08 -0.00799369865616 1.00065322979 0.998657573116
-4.44589178357e-08 -0.00798752094169 1.00065111122 0.998665336253
-4.3877755511e-08 -0.00798134322722 1.00064899265 0.99867309939
-4.32965931864e-08 -0.00797516551276 1.00064687408 0.998680862526
-4.27154308617e-08 -0.00796898779829 1.00064475551 0.998688625663
-4.21342685371e-08 -0.00796281008382 1.00064263693 0.9986963888
-4.15531062124e-08 -0.00795665515798 1.00063938312 0.998704799482
-4.09719438878e-08 -0.0079505049073 1.00063589641 0.998713343011
-4.03907815631e-08 -0.00794435465662 1.0006324097 0.998721886539
-3.98096192385e-08 -0.00793820440595 1.00062892299 0.998730430067
-3.92284569138e-08 -0.00793205415527 1.00062543628 0.998738973596
-3.86472945892e-08 -0.00792591419802 1.00062143732 0.998747807766
-3.80661322645e-08 -0.00791979038473 1.00061663497 0.998757097772
-3.74849699399e-08 -0.00791366657144 1.00061183263 0.998766387778
-3.69038076152e-08 -0.00790754275816 1.00060703028 0.998775677785
-3.63226452906e-08 -0.00790141894487 1.00060222793 0.998784967791
-3.57414829659e-08 -0.00789529513158 1.00059742559 0.998794257797
-3.51603206413e-08 -0.00788919216655 1.00059158661 0.99880413212
-3.45791583166e-08 -0.00788309374968 1.00058552148 0.998814133914
-3.3997995992e-08 -0.00787699533281 1.00057945636 0.998824135708
-3.34168336673e-08 -0.00787089691594 1.00057339123 0.998834137502
-3.28356713427e-08 -0.00786479849907 1.00056732611 0.998844139296
-3.2254509018e-08 -0.00785870303147 1.00056111434 0.998854222945
-3.16733466934e-08 -0.00785262889939 1.0005538417 0.998864898743
-3.10921843687e-08 -0.00784655476731 1.00054656907 0.998875574541
-3.05110220441e-08 -0.00784048063523 1.00053929644 0.998886250339
-2.99298597194e-08 -0.00783440650316 1.0005320238 0.998896926137
-2.93486973948e-08 -0.00782833237108 1.00052475117 0.998907601935
-2.87675350701e-08 -0.00782226487562 1.00051714803 0.998918459411
-2.81863727455e-08 -0.00781621379841 1.00050872726 0.998929766338
-2.76052104208e-08 -0.0078101627212 1.00050030649 0.998941073265
-2.70240480962e-08 -0.00780411164399 1.00049188573 0.998952380192
-2.64428857715e-08 -0.00779806056678 1.00048346496 0.998963687119
-2.58617234469e-08 -0.00779200948957 1.00047504419 0.998974994046
-2.52805611222e-08 -0.00778596528078 1.00046628002 0.998986485295
-2.46993987976e-08 -0.0077799358699 1.00045677598 0.998998373662
-2.41182364729e-08 -0.00777390645903 1.00044727195 0.999010262029
-2.35370741483e-08 -0.00776787704815 1.00043776792 0.999022150395
-2.29559118236e-08 -0.00776184763727 1.00042826389 0.999034038762
-2.2374749499e-08 -0.00775581822639 1.00041875986 0.999045927129
-2.17935871743e-08 -0.00774979294618 1.00040904775 0.999057923146
-2.12124248497e-08 -0.00774378362066 1.00039853194 0.999070334964
-2.0631262525e-08 -0.00773777429515 1.00038801614 0.999082746781
-2.00501002004e-08 -0.00773176496963 1.00037750033 0.999095158599
-1.94689378758e-08 -0.00772575564411 1.00036698453 0.999107570416
-1.88877755511e-08 -0.00771974631859 1.00035646872 0.999119982234
-1.83066132265e-08 -0.00771373699307 1.00034595292 0.999132394051
-1.77254509018e-08 -0.00770774504636 1.0003345505 0.999145239186
-1.71442885772e-08 -0.00770175400477 1.00032310191 0.999158106888
-1.65631262525e-08 -0.00769576296319 1.00031165331 0.999170974591
-1.59819639279e-08 -0.0076897719216 1.00030020472 0.999183842293
-1.54008016032e-08 -0.00768378088002 1.00028875613 0.999196709995
-1.48196392786e-08 -0.00767778983843 1.00027730753 0.999209577698
-1.42384769539e-08 -0.00767180769846 1.00026539539 0.999222652412
-1.36573146293e-08 -0.00766583289636 1.00025310113 0.999235897772
-1.30761523046e-08 -0.00765985809426 1.00024080686 0.999249143132
-1.249498998e-08 -0.00765388329217 1.0002285126 0.999262388492
-1.19138276553e-08 -0.00764790849007 1.00021621833 0.999275633852
-1.13326653307e-08 -0.00764193368797 1.00020392407 0.999288879212
-1.0751503006e-08 -0.00763595888587 1.00019162981 0.999302124573
-1.01703406814e-08 -0.00762999795067 1.00017858918 0.999315656396
-9.58917835671e-09 -0.00762403708315 1.00016554491 0.999329189618
-9.00801603206e-09 -0.00761807621564 1.00015250064 0.99934272284
-8.42685370741e-09 -0.00761211534812 1.00013945637 0.999356256062
-7.84569138277e-09 -0.00760615448061 1.0001264121 0.999369789284
-7.26452905812e-09 -0.0076001936131 1.00011336783 0.999383322506
-6.68336673347e-09 -0.00759423601566 1.00010013767 0.999396909216
-6.10220440882e-09 -0.00758828650498 1.00008644781 0.999410628197
-5.52104208417e-09 -0.00758233699431 1.00007275796 0.999424347178
-4.93987975952e-09 -0.00757638748363 1.0000590681 0.999438066159
-4.35871743487e-09 -0.00757043797295 1.00004537824 0.99945178514
-3.77755511022e-09 -0.00756448846227 1.00003168838 0.999465504121
-3.19639278557e-09 -0.00755853895159 1.00001799852 0.999479223102
-2.61523046092e-09 -0.00755259303514 1.00000408349 0.999492972014
-2.03406813627e-09 -0.00754665202326 0.999989861182 0.999506761771
-1.45290581162e-09 -0.00754071101138 0.999975638877 0.999520551528
-8.71743486974e-10 -0.0075347699995 0.999961416573 0.999534341285
-2.90581162324e-10 -0.00752882898762 0.999947194268 0.999548131041
2.90581162325e-10 -0.00752288797575 0.999932971963 0.999561920798
8.71743486974e-10 -0.00751694696387 0.999918749658 0.999575710555
1.45290581162e-09 -0.0075110080755 0.999904364539 0.999589477519
2.03406813627e-09 -0.00750507242146 0.999889731438 0.999603209768
2.61523046092e-09 -0.00749913676742 0.999875098337 0.999616942017
3.19639278557e-09 -0.00749320111338 0.999860465236 0.999630674266
3.77755511022e-09 -0.00748726545934 0.999845832134 0.999644406515
4.35871743487e-09 -0.0074813298053 0.999831199033 0.999658138764
4.93987975952e-09 -0.00747539415126 0.999816565932 0.999671871013
5.52104208417e-09 -0.00746945889293 0.999801875373 0.999685562505
6.10220440882e-09 -0.00746352517462 0.999786961199 0.999699095381
6.68336673347e-09 -0.00745759145631 0.999772047024 0.999712628257
7.26452905812e-09 -0.00745165773801 0.99975713285 0.999726161133
7.84569138277e-09 -0.0074457240197 0.999742218676 0.999739694008
8.42685370742e-09 -0.00743979030139 0.999727304502 0.999753226884
9.00801603206e-09 -0.00743385658308 0.999712390328 0.99976675976
9.58917835671e-09 -0.00742792286477 0.999697476154 0.999780292636
1.01703406814e-08 -0.00742198766045 0.999682440666 0.999793526145
1.0751503006e-08 -0.00741605217995 0.999667382632 0.999806704017
1.13326653307e-08 -0.00741011669946 0.999652324598 0.999819881889
1.19138276553e-08 -0.00740418121896 0.999637266564 0.99983305976
1.249498998e-08 -0.00739824573846 0.99962220853 0.999846237632
1.30761523046e-08 -0.00739231025797 0.999607150496 0.999859415504
1.36573146293e-08 -0.00738637477747 0.999592092462 0.999872593376
1.42384769539e-08 -0.00738043752719 0.999577034479 0.999885609203
1.48196392786e-08 -0.00737449631768 0.999561976611 0.999898262514
1.54008016032e-08 -0.00736855510817 0.999546918742 0.999910915824
1.59819639279e-08 -0.00736261389866 0.999531860874 0.999923569135
1.65631262525e-08 -0.00735667268915 0.999516803006 0.999936222446
1.71442885772e-08 -0.00735073147963 0.999501745138 0.999948875756
1.77254509018e-08 -0.00734479027012 0.99948668727 0.999961529067
1.83066132265e-08 -0.00733884906061 0.999471629402 0.999974182377
1.88877755511e-08 -0.00733290190233 0.999456661358 0.999986412624
1.94689378758e-08 -0.00732695073276 0.999441753883 0.999998357595
2.00501002004e-08 -0.00732099956319 0.999426846408 1.00001030257
2.06312625251e-08 -0.00731504839362 0.999411938933 1.00002224754
2.12124248497e-08 -0.00730909722405 0.999397031459 1.00003419251
2.17935871743e-08 -0.00730314605447 0.999382123984 1.00004613748
2.2374749499e-08 -0.0072971948849 0.999367216509 1.00005808245
2.29559118236e-08 -0.00729124371533 0.999352309034 1.00007002742
2.35370741483e-08 -0.00728528236369 0.999337617422 1.0000813337
2.41182364729e-08 -0.00727931673395 0.999323016508 1.00009237162
2.46993987976e-08 -0.00727335110421 0.999308415593 1.00010340954
2.52805611222e-08 -0.00726738547447 0.999293814678 1.00011444745
2.58617234469e-08 -0.00726141984474 0.999279213763 1.00012548537
2.64428857715e-08 -0.007255454215 0.999264612849 1.00013652329
2.70240480962e-08 -0.00724948858526 0.999250011934 1.00014756121
2.76052104208e-08 -0.00724352295552 0.999235411019 1.00015859913
2.81863727455e-08 -0.00723754528425 0.999221103549 1.00016893524
2.87675350701e-08 -0.0072315603972 0.999206971923 1.0001788508
2.93486973948e-08 -0.00722557551015 0.999192840298 1.00018876636
2.99298597194e-08 -0.00721959062311 0.999178708672 1.00019868192
3.05110220441e-08 -0.00721360573606 0.999164577046 1.00020859748
3.10921843687e-08 -0.00720762084901 0.999150445421 1.00021851304
3.16733466934e-08 -0.00720163596196 0.999136313795 1.0002284286
3.2254509018e-08 -0.00719565107491 0.999122182169 1.00023834416
3.28356713427e-08 -0.00718965748322 0.999108278988 1.00024777586
3.34168336673e-08 -0.0071836481685 0.999094788442 1.00025633355
3.3997995992e-08 -0.00717763885378 0.999081297896 1.00026489124
3.45791583166e-08 -0.00717162953906 0.99906780735 1.00027344894
3.51603206413e-08 -0.00716562022434 0.999054316804 1.00028200663
3.57414829659e-08 -0.00715961090962 0.999040826258 1.00029056432
3.63226452906e-08 -0.0071536015949 0.999027335712 1.00029912202
3.69038076152e-08 -0.00714759228018 0.999013845166 1.00030767971
3.74849699399e-08 -0.00714158296546 0.99900035462 1.0003162374
3.80661322645e-08 -0.00713554673965 0.998987603442 1.00032334791
3.86472945892e-08 -0.00712950728304 0.998974941028 1.00033028469
3.92284569138e-08 -0.00712346782642 0.998962278614 1.00033722146
3.98096192385e-08 -0.00711742836981 0.998949616201 1.00034415823
4.03907815631e-08 -0.00711138891319 0.998936953787 1.00035109501
4.09719438878e-08 -0.00710534945657 0.998924291373 1.00035803178
4.15531062124e-08 -0.00709930999996 0.99891162896 1.00036496855
4.21342685371e-08 -0.00709327054334 0.998898966546 1.00037190532
4.27154308617e-08 -0.00708722262935 0.998886544324 1.00037839888
4.32965931864e-08 -0.007081146422 0.998874925644 1.00038340969
4.3877755511e-08 -0.00707507021465 0.998863306963 1.00038842049
4.44589178357e-08 -0.0070689940073 0.998851688283 1.0003934313
4.50400801603e-08 -0.00706291779995 0.998840069602 1.00039844211
4.5621242485e-08 -0.0070568415926 0.998828450922 1.00040345292
4.62024048096e-08 -0.00705076538525 0.998816832241 1.00040846373
4.67835671343e-08 -0.00704468917791 0.998805213561 1.00041347454
4.73647294589e-08 -0.00703861297056 0.99879359488 1.00041848535
4.79458917836e-08 -0.00703252042127 0.998782454178 1.00042265958
4.85270541082e-08 -0.00702639926919 0.998772150067 1.00042536959
4.91082164329e-08 -0.00702027811711 0.998761845955 1.00042807959
4.96893787575e-08 -0.00701415696503 0.998751541844 1.0004307896
5.02705410822e-08 -0.00700803581295 0.998741237733 1.0004334996
5.08517034068e-08 -0.00700191466087 0.998730933621 1.00043620961
5.14328657315e-08 -0.00699579350879 0.99872062951 1.00043891961
5.20140280561e-08 -0.00698967235671 0.998710325399 1.00044162962
5.25951903808e-08 -0.00698355120463 0.998700021287 1.00044433963
5.31763527054e-08 -0.00697741388433 0.998690205388 1.00044624248
5.37575150301e-08 -0.00697123667725 0.9986815939 1.00044615411
5.43386773547e-08 -0.00696505947017 0.998672982411 1.00044606575
5.49198396794e-08 -0.00695888226309 0.998664370923 1.00044597738
5.5501002004e-08 -0.00695270505601 0.998655759435 1.00044588901
5.60821643287e-08 -0.00694652784893 0.998647147946 1.00044580064
5.66633266533e-08 -0.00694035064185 0.998638536458 1.00044571228
5.7244488978e-08 -0.00693417343477 0.99862992497 1.00044562391
5.78256513026e-08 -0.0069279962277 0.998621313481 1.00044553554
5.84068136273e-08 -0.00692181902062 0.998612701993 1.00044544717
5.89879759519e-08 -0.00691556920794 0.9986063677 1.00044184063
5.95691382766e-08 -0.00690931937502 0.998600034041 1.00043823311
6.01503006012e-08 -0.00690306954211 0.998593700382 1.00043462559
6.07314629259e-08 -0.00689681970919 0.998587366723 1.00043101807
6.13126252505e-08 -0.00689056987628 0.998581033064 1.00042741054
6.18937875752e-08 -0.00688432004336 0.998574699405 1.00042380302
6.24749498998e-08 -0.00687807021045 0.998568365746 1.0004201955
6.30561122244e-08 -0.00687182037753 0.998562032088 1.00041658798
6.36372745491e-08 -0.00686557054462 0.998555698429 1.00041298045
6.42184368737e-08 -0.00685927170569 0.998550970964 1.00040708096
6.47995991984e-08 -0.006852922355 0.998547899043 1.00039881907
6.5380761523e-08 -0.00684657300431 0.998544827123 1.00039055718
6.59619238477e-08 -0.00684022365363 0.998541755203 1.00038229529
6.65430861723e-08 -0.00683387430294 0.998538683283 1.0003740334
6.7124248497e-08 -0.00682752495225 0.998535611363 1.00036577152
6.77054108216e-08 -0.00682117560156 0.998532539443 1.00035750963
6.82865731463e-08 -0.00681482625088 0.998529467523 1.00034924774
6.88677354709e-08 -0.00680847690019 0.998526395603 1.00034098585
6.94488977956e-08 -0.0068021275495 0.998523323683 1.00033272396
7.00300601202e-08 -0.00679566698508 0.998524068612 1.00031945942
7.06112224449e-08 -0.00678917157575 0.998526009418 1.00030462746
7.11923847695e-08 -0.00678267616641 0.998527950223 1.00028979551
7.17735470942e-08 -0.00677618075708 0.998529891029 1.00027496356
7.23547094188e-08 -0.00676968534774 0.998531831834 1.0002601316
7.29358717435e-08 -0.00676318993841 0.998533772639 1.00024529965
7.35170340681e-08 -0.00675669452908 0.998535713445 1.0002304677
7.40981963928e-08 -0.00675019911974 0.99853765425 1.00021563575
7.46793587174e-08 -0.00674370371041 0.998539595056 1.00020080379
7.52605210421e-08 -0.00673720830108 0.998541535861 1.00018597184
7.58416833667e-08 -0.00673052832467 0.998550084196 1.000163147
7.64228456914e-08 -0.00672380262358 0.998560269482 1.000138342
7.7004008016e-08 -0.00671707692249 0.998570454768 1.000113537
7.75851703407e-08 -0.0067103512214 0.998580640055 1.000088732
7.81663326653e-08 -0.0067036255203 0.998590825341 1.000063927
7.874749499e-08 -0.00669689981921 0.998601010627 1.000039122
7.93286573146e-08 -0.00669017411812 0.998611195913 1.000014317
7.99098196393e-08 -0.00668344841703 0.998621381199 0.999989512001
8.04909819639e-08 -0.00667672271593 0.998631566485 0.999964707001
8.10721442886e-08 -0.00666999701484 0.998641751772 0.999939902001
8.16533066132e-08 -0.00666303607896 0.998660651272 0.999905236607
8.22344689379e-08 -0.00665592290313 0.998685190464 0.999864189733
8.28156312625e-08 -0.0066488097273 0.998709729655 0.999823142859
8.33967935872e-08 -0.00664169655148 0.998734268847 0.999782095985
8.39779559118e-08 -0.00663458337565 0.998758808038 0.999741049111
8.45591182365e-08 -0.00662747019982 0.99878334723 0.999700002237
8.51402805611e-08 -0.00662035702399 0.998807886421 0.999658955363
8.57214428858e-08 -0.00661324384817 0.998832425613 0.999617908489
8.63026052104e-08 -0.00660613067234 0.998856964804 0.999576861616
8.68837675351e-08 -0.00659901749651 0.998881503996 0.999535814742
8.74649298597e-08 -0.00659178551135 0.998910556459 0.999489911377
8.80460921844e-08 -0.00658398502738 0.99896120478 0.999420769862
8.8627254509e-08 -0.00657618454341 0.999011853101 0.999351628347
8.92084168337e-08 -0.00656838405944 0.999062501422 0.999282486832
8.97895791583e-08 -0.00656058357547 0.999113149744 0.999213345317
9.0370741483e-08 -0.0065527830915 0.999163798065 0.999144203802
9.09519038076e-08 -0.00654498260753 0.999214446386 0.999075062287
9.15330661323e-08 -0.00653718212356 0.999265094707 0.999005920772
9.21142284569e-08 -0.00652938163959 0.999315743028 0.998936779257
9.26953907816e-08 -0.00652158115562 0.999366391349 0.998867637742
9.32765531062e-08 -0.00651378067165 0.999417039671 0.998798496227
9.38577154309e-08 -0.00650535428144 0.999491886841 0.998704231917
9.44388777555e-08 -0.00649628446391 0.999591610263 0.998584141547
9.50200400802e-08 -0.00648721464638 0.999691333685 0.998464051176
9.56012024048e-08 -0.00647814482885 0.999791057106 0.998343960806
9.61823647295e-08 -0.00646907501132 0.999890780528 0.998223870435
9.67635270541e-08 -0.00646000519379 0.99999050395 0.998103780065
9.73446893788e-08 -0.00645093537626 1.00009022737 0.997983689694
9.79258517034e-08 -0.00644186555873 1.00018995079 0.997863599324
9.85070140281e-08 -0.0064327957412 1.00028967422 0.997743508954
9.90881763527e-08 -0.00642372592367 1.00038939764 0.997623418583
9.96693386774e-08 -0.00641465610614 1.00048912106 0.997503328213
1.00250501002e-07 -0.00640422805173 1.0006420298 0.997329448161
1.00831663327e-07 -0.00639274156755 1.00083638414 0.997113651561
1.01412825651e-07 -0.00638125508337 1.00103073848 0.996897854962
1.01993987976e-07 -0.00636976859918 1.00122509281 0.996682058363
1.02575150301e-07 -0.006358282115 1.00141944715 0.996466261764
1.03156312625e-07 -0.00634679563082 1.00161380148 0.996250465165
1.0373747495e-07 -0.00633530914664 1.00180815582 0.996034668565
1.04318637275e-07 -0.00632382266246 1.00200251016 0.995818871966
1.04899799599e-07 -0.00631233617828 1.00219686449 0.995603075367
1.05480961924e-07 -0.00630084969409 1.00239121883 0.995387278768
1.06062124248e-07 -0.00628936320991 1.00258557316 0.995171482169
1.06643286573e-07 -0.00627611575508 1.00284964526 0.994886751664
1.07224448898e-07 -0.00625991752491 1.0032305401 0.994486511871
1.07805611222e-07 -0.00624371929473 1.00361143494 0.994086272078
1.08386773547e-07 -0.00622752106455 1.00399232979 0.993686032285
1.08967935872e-07 -0.00621132283438 1.00437322463 0.993285792492
1.09549098196e-07 -0.0061951246042 1.00475411948 0.992885552699
1.10130260521e-07 -0.00617892637402 1.00513501432 0.992485312906
1.10711422846e-07 -0.00616272814385 1.00551590916 0.992085073113
1.1129258517e-07 -0.00614652991367 1.00589680401 0.99168483332
1.11873747495e-07 -0.00613033168349 1.00627769885 0.991284593527
1.1245490982e-07 -0.00611413345332 1.0066585937 0.990884353734
1.13036072144e-07 -0.00609793522314 1.00703948854 0.990484113941
1.13617234469e-07 -0.00607309608522 1.0077670039 0.98975021646
1.14198396794e-07 -0.00604752776935 1.00852376943 0.988988162699
1.14779559118e-07 -0.00602195945347 1.00928053496 0.988226108937
1.15360721443e-07 -0.0059963911376 1.01003730049 0.987464055175
1.15941883768e-07 -0.00597082282173 1.01079406603 0.986702001413
1.16523046092e-07 -0.00594525450586 1.01155083156 0.985939947651
1.17104208417e-07 -0.00591968618998 1.01230759709 0.985177893889
1.17685370741e-07 -0.00589411787411 1.01306436262 0.984415840127
1.18266533066e-07 -0.00586854955824 1.01382112815 0.983653786365
1.18847695391e-07 -0.00584298124237 1.01457789369 0.982891732603
1.19428857715e-07 -0.0058174129265 1.01533465922 0.982129678841
1.2001002004e-07 -0.00578802949023 1.01624775088 0.981223491452
1.20591182365e-07 -0.0057434949094 1.01778166697 0.979744900263
1.21172344689e-07 -0.00569896032858 1.01931558305 0.978266309074
1.21753507014e-07 -0.00565442574775 1.02084949913 0.976787717885
1.22334669339e-07 -0.00560989116692 1.02238341521 0.975309126696
1.22915831663e-07 -0.0055653565861 1.0239173313 0.973830535508
1.23496993988e-07 -0.00552082200527 1.02545124738 0.972351944319
1.24078156313e-07 -0.00547628742444 1.02698516346 0.97087335313
1.24659318637e-07 -0.00543175284361 1.02851907954 0.969394761941
1.25240480962e-07 -0.00538721826279 1.03005299562 0.967916170752
1.25821643287e-07 -0.00534268368196 1.03158691171 0.966437579563
1.26402805611e-07 -0.00529814910113 1.03312082779 0.964958988374
1.26983967936e-07 -0.00524563804759 1.03499507372 0.963191292851
1.27565130261e-07 -0.00516206395666 1.03819467729 0.96029772891
1.28146292585e-07 -0.00507848986573 1.04139428085 0.957404164968
1.2872745491e-07 -0.00499491577479 1.04459388441 0.954510601026
1.29308617234e-07 -0.00491134168386 1.04779348797 0.951617037085
1.29889779559e-07 -0.00482776759292 1.05099309154 0.948723473143
1.30470941884e-07 -0.00474419350199 1.0541926951 0.945829909202
1.31052104208e-07 -0.00466061941105 1.05739229866 0.94293634526
1.31633266533e-07 -0.00457704532012 1.06059190222 0.940042781318
1.32214428858e-07 -0.00449347122919 1.06379150578 0.937149217377
1.32795591182e-07 -0.00440989713825 1.06699110935 0.934255653435
1.33376753507e-07 -0.00432632304732 1.07019071291 0.931362089493
1.33957915832e-07 -0.00424274895638 1.07339031647 0.928468525552
1.34539078156e-07 -0.00408356511145 1.0800923221 0.923058204916
1.35120240481e-07 -0.00391826710401 1.08707754854 0.917444367424
1.35701402806e-07 -0.00375296909657 1.09406277497 0.911830529932
1.3628256513e-07 -0.00358767108913 1.10104800141 0.906216692441
1.36863727455e-07 -0.00342237308169 1.10803322785 0.900602854949
1.3744488978e-07 -0.00325707507425 1.11501845428 0.894989017457
1.38026052104e-07 -0.0030917770668 1.12200368072 0.889375179965
1.38607214429e-07 -0.00292647905936 1.12898890716 0.883761342473
1.39188376754e-07 -0.00276118105192 1.13597413359 0.878147504982
1.39769539078e-07 -0.00259588304448 1.14295936003 0.87253366749
1.40350701403e-07 -0.00243058503704 1.14994458646 0.866919829998
1.40931863727e-07 -0.0022652870296 1.1569298129 0.861305992506
1.41513026052e-07 -0.00203773564893 1.16710326844 0.853836526326
1.42094188377e-07 -0.00169811304078 1.18301631256 0.84302647675
1.42675350701e-07 -0.00135849043262 1.19892935667 0.832216427174
1.43256513026e-07 -0.00101886782447 1.21484240078 0.821406377598
1.43837675351e-07 -0.000679245216311 1.23075544489 0.810596328022
1.44418837675e-07 -0.000339622608155 1.24666848901 0.799786278446
1.45e-07 0 1.26258153312 0.78897622887
