-1.45e-07 0 	0 	-1185856.10048 	
-1.44418837675e-07 0 	0 	-1117330.68692 	
-1.43837675351e-07 0 	0 	-1050964.36681 	
-1.43256513026e-07 0 	0 	-989448.809527 	
-1.42675350701e-07 0 	0 	-931676.359579 	
-1.42094188377e-07 0 	0 	-876978.154185 	
-1.41513026052e-07 0 	0 	-825121.062954 	
-1.40931863727e-07 0 	0 	-777407.596979 	
-1.40350701403e-07 0 	0 	-732186.726484 	
-1.39769539078e-07 0 	0 	-689140.155865 	
-1.39188376754e-07 0 	0 	-649164.806128 	
-1.38607214429e-07 0 	0 	-611618.543892 	
-1.38026052104e-07 0 	0 	-575718.443176 	
-1.3744488978e-07 0 	0 	-542456.761427 	
-1.36863727455e-07 0 	0 	-511104.5466 	
-1.3628256513e-07 0 	0 	-480986.522131 	
-1.35701402806e-07 0 	0 	-453520.204559 	
-1.35120240481e-07 0 	0 	-427154.359508 	
-1.34539078156e-07 0 	0 	-402271.262438 	
-1.33957915832e-07 0 	0 	-379214.288457 	
-1.33376753507e-07 0 	0 	-356860.783438 	
-1.32795591182e-07 0 	0 	-336570.183993 	
-1.32214428858e-07 0 	0 	-316936.336874 	
-1.31633266533e-07 0 	0 	-298675.714781 	
-1.31052104208e-07 0 	0 	-281426.349116 	
-1.30470941884e-07 0 	0 	-265031.393318 	
-1.29889779559e-07 0 	0 	-249865.901461 	
-1.29308617234e-07 0 	0 	-235181.807088 	
-1.2872745491e-07 0 	0 	-221831.800335 	
-1.28146292585e-07 0 	0 	-208712.978464 	
-1.27565130261e-07 0 	0 	-196940.015989 	
-1.26983967936e-07 0 	0 	-185249.815931 	
-1.26402805611e-07 0 	0 	-174843.193077 	
-1.25821643287e-07 0 	0 	-164453.630472 	
-1.25240480962e-07 0 	0 	-155228.216073 	
-1.24659318637e-07 0 	0 	-146019.701924 	
-1.24078156313e-07 0 	0 	-137813.820766 	
-1.23496993988e-07 0 	0 	-129674.887148 	
-1.22915831663e-07 0 	0 	-122348.249888 	
-1.22334669339e-07 0 	0 	-115175.270115 	
-1.21753507014e-07 0 	0 	-108606.95617 	
-1.21172344689e-07 0 	0 	-102303.857302 	
-1.20591182365e-07 0 	0 	-96390.3594975 	
-1.2001002004e-07 0 	0 	-90868.3266321 	
-1.19428857715e-07 0 	0 	-85521.667621 	
-1.18847695391e-07 0 	0 	-80698.8395996 	
-1.18266533066e-07 0 	0 	-75876.0115781 	
-1.17685370741e-07 0 	0 	-71645.9281978 	
-1.17104208417e-07 0 	0 	-67447.0854547 	
-1.16523046092e-07 0 	0 	-63578.4681744 	
-1.15941883768e-07 0 	0 	-59934.7137032 	
-1.15360721443e-07 0 	0 	-56381.7496495 	
-1.14779559118e-07 0 	0 	-53230.1841166 	
-1.14198396794e-07 0 	0 	-50078.6185836 	
-1.13617234469e-07 0 	0 	-47239.0482823 	
-1.13036072144e-07 0 	0 	-44522.4413739 	
-1.1245490982e-07 0 	0 	-41879.4138462 	
-1.11873747495e-07 0 	0 	-39545.8735268 	
-1.1129258517e-07 0 	0 	-37212.3332073 	
-1.10711422846e-07 0 	0 	-35083.0032076 	
-1.10130260521e-07 0 	0 	-33085.6447001 	
-1.09549098196e-07 0 	0 	-31088.2861926 	
-1.08967935872e-07 0 	0 	-29373.7263357 	
-1.08386773547e-07 0 	0 	-27670.3430795 	
-1.07805611222e-07 0 	0 	-26032.0843586 	
-1.07224448898e-07 0 	0 	-24584.8228083 	
-1.06643286573e-07 0 	0 	-23137.561258 	
-1.06062124248e-07 0 	0 	-21797.6374792 	
-1.05480961924e-07 0 	0 	-20572.6775994 	
-1.04899799599e-07 0 	0 	-19347.7177197 	
-1.04318637275e-07 0 	0 	-18246.9612505 	
-1.0373747495e-07 0 	0 	-17214.204705 	
-1.03156312625e-07 0 	0 	-16181.4481595 	
-1.02575150301e-07 0 	0 	-15271.646335 	
-1.01993987976e-07 0 	0 	-14404.4139342 	
-1.01412825651e-07 0 	0 	-13537.1815334 	
-1.00831663327e-07 0 	0 	-12779.4257381 	
-1.00250501002e-07 0 	0 	-12054.1655656 	
-9.96693386774e-08 0 	0 	-11328.905393 	
-9.90881763527e-08 0 	0 	-10692.1074757 	
-9.85070140281e-08 0 	0 	-10088.1152114 	
-9.79258517034e-08 0 	0 	-9484.1229471 	
-9.73446893788e-08 0 	0 	-8943.69563938 	
-9.67635270541e-08 0 	0 	-8442.84800726 	
-9.61823647295e-08 0 	0 	-7942.00037514 	
-9.56012024048e-08 0 	0 	-7478.69620641 	
-9.50200400802e-08 0 	0 	-7065.19847589 	
-9.44388777555e-08 0 	0 	-6651.70074537 	
-9.38577154309e-08 0 	0 	-6250.60206311 	
-9.32765531062e-08 0 	0 	-5910.75038523 	
-9.26953907816e-08 0 	0 	-5570.89870735 	
-9.21142284569e-08 0 	0 	-5231.04702947 	
-9.15330661323e-08 0 	0 	-4942.50856881 	
-9.09519038076e-08 0 	0 	-4664.46743054 	
-9.0370741483e-08 0 	0 	-4386.42629227 	
-8.97895791583e-08 0 	0 	-4129.73305639 	
-8.92084168337e-08 0 	0 	-3903.32827572 	
-8.8627254509e-08 0 	0 	-3676.92349504 	
-8.80460921844e-08 0 	0 	-3450.51871436 	
-8.74649298597e-08 0 	0 	-3263.4520323 	
-8.68837675351e-08 0 	0 	-3079.97933812 	
-8.63026052104e-08 0 	0 	-2896.50664395 	
-8.57214428858e-08 0 	0 	-2724.99957332 	
-8.51402805611e-08 0 	0 	-2577.04853774 	
-8.45591182365e-08 0 	0 	-2429.09750216 	
-8.39779559118e-08 0 	0 	-2281.14646658 	
-8.33967935872e-08 0 	0 	-2152.8824809 	
-8.28156312625e-08 0 	0 	-2034.1756796 	
-8.22344689379e-08 0 	0 	-1915.4688783 	
-8.16533066132e-08 0 	0 	-1796.762077 	
-8.10721442886e-08 0 	0 	-1700.17232285 	
-8.04909819639e-08 0 	0 	-1605.41923138 	
-7.99098196393e-08 0 	0 	-1510.66613992 	
-7.93286573146e-08 0 	0 	-1417.57632026 	
-7.874749499e-08 0 	0 	-1342.34141887 	
-7.81663326653e-08 0 	0 	-1267.10651749 	
-7.75851703407e-08 0 	0 	-1191.8716161 	
-7.7004008016e-08 0 	0 	-1119.11708857 	
-7.64228456914e-08 0 	0 	-1059.70151411 	
-7.58416833667e-08 0 	0 	-1000.28593965 	
-7.52605210421e-08 0 	0 	-940.870365185 	
-7.46793587174e-08 0 	0 	-883.18813104 	
-7.40981963928e-08 0 	0 	-836.524129567 	
-7.35170340681e-08 0 	0 	-789.860128094 	
-7.29358717435e-08 0 	0 	-743.19612662 	
-7.23547094188e-08 0 	0 	-696.741195823 	
-7.17735470942e-08 0 	0 	-660.298657176 	
-7.11923847695e-08 0 	0 	-623.856118528 	
-7.06112224449e-08 0 	0 	-587.41357988 	
-7.00300601202e-08 0 	0 	-550.971041232 	
-6.94488977956e-08 0 	0 	-521.112095918 	
-6.88677354709e-08 0 	0 	-492.816204739 	
-6.82865731463e-08 0 	0 	-464.52031356 	
-6.77054108216e-08 0 	0 	-436.22442238 	
-6.7124248497e-08 0 	0 	-411.134756852 	
-6.65430861723e-08 0 	0 	-389.29396799 	
-6.59619238477e-08 0 	0 	-367.453179127 	
-6.5380761523e-08 0 	0 	-345.612390264 	
-6.47995991984e-08 0 	0 	-324.197688532 	
-6.42184368737e-08 0 	0 	-307.441179832 	
-6.36372745491e-08 0 	0 	-290.684671132 	
-6.30561122244e-08 0 	0 	-273.928162432 	
-6.24749498998e-08 0 	0 	-257.171653732 	
-6.18937875752e-08 0 	0 	-242.672160418 	
-6.13126252505e-08 0 	0 	-229.895762988 	
-6.07314629259e-08 0 	0 	-217.119365559 	
-6.01503006012e-08 0 	0 	-204.342968129 	
-5.95691382766e-08 0 	0 	-191.566570699 	
-5.89879759519e-08 0 	0 	-181.713243982 	
-5.84068136273e-08 0 	0 	-172.033127023 	
-5.78256513026e-08 0 	0 	-162.353010064 	
-5.7244488978e-08 0 	0 	-152.672893104 	
-5.66633266533e-08 0 	0 	-143.500786922 	
-5.60821643287e-08 0 	0 	-136.214013916 	
-5.5501002004e-08 0 	0 	-128.92724091 	
-5.49198396794e-08 0 	0 	-121.640467904 	
-5.43386773547e-08 0 	0 	-114.353694898 	
-5.37575150301e-08 0 	0 	-107.745319842 	
-5.31763527054e-08 0 	0 	-102.29644177 	
-5.25951903808e-08 0 	0 	-96.8475636984 	
-5.20140280561e-08 0 	0 	-91.3986856268 	
-5.14328657315e-08 0 	0 	-85.9498075551 	
-5.08517034068e-08 0 	0 	-81.0785383025 	
-5.02705410822e-08 0 	0 	-77.0315902912 	
-4.96893787575e-08 0 	0 	-72.9846422799 	
-4.91082164329e-08 0 	0 	-68.9376942686 	
-4.85270541082e-08 0 	0 	-64.8907462572 	
-4.79458917836e-08 0 	0 	-61.2030546916 	
-4.73647294589e-08 0 	0 	-58.2181885602 	
-4.67835671343e-08 0 	0 	-55.2333224287 	
-4.62024048096e-08 0 	0 	-52.2484562972 	
-4.5621242485e-08 0 	0 	-49.2635901657 	
-4.50400801603e-08 0 	0 	-46.3946713671 	
-4.44589178357e-08 0 	0 	-44.2088174825 	
-4.3877755511e-08 0 	0 	-42.0229635979 	
-4.32965931864e-08 0 	0 	-39.8371097133 	
-4.27154308617e-08 0 	0 	-37.6512558287 	
-4.21342685371e-08 0 	0 	-35.4654019441 	
-4.15531062124e-08 0 	0 	-33.7747813874 	
-4.09719438878e-08 0 	0 	-32.1857596413 	
-4.03907815631e-08 0 	0 	-30.5967378952 	
-3.98096192385e-08 0 	0 	-29.0077161492 	
-3.92284569138e-08 0 	0 	-27.4186944031 	
-3.86472945892e-08 0 	0 	-26.0019951463 	
-3.80661322645e-08 0 	0 	-24.8555625108 	
-3.74849699399e-08 0 	0 	-23.7091298753 	
-3.69038076152e-08 0 	0 	-22.5626972398 	
-3.63226452906e-08 0 	0 	-21.4162646043 	
-3.57414829659e-08 0 	0 	-20.2698319688 	
-3.51603206413e-08 0 	0 	-19.390871177 	
-3.45791583166e-08 0 	0 	-18.5702607812 	
-3.3997995992e-08 0 	0 	-17.7496503854 	
-3.34168336673e-08 0 	0 	-16.9290399896 	
-3.28356713427e-08 0 	0 	-16.1084295939 	
-3.2254509018e-08 0 	0 	-15.3167377629 	
-3.16733466934e-08 0 	0 	-14.7342483628 	
-3.10921843687e-08 0 	0 	-14.1517589626 	
-3.05110220441e-08 0 	0 	-13.5692695625 	
-2.99298597194e-08 0 	0 	-12.9867801623 	
-2.93486973948e-08 0 	0 	-12.4042907622 	
-2.87675350701e-08 0 	0 	-11.8715475613 	
-2.81863727455e-08 0 	0 	-11.4618708584 	
-2.76052104208e-08 0 	0 	-11.0521941554 	
-2.70240480962e-08 0 	0 	-10.6425174525 	
-2.64428857715e-08 0 	0 	-10.2328407496 	
-2.58617234469e-08 0 	0 	-9.82316404665 	
-2.52805611222e-08 0 	0 	-9.45299740333 	
-2.46993987976e-08 0 	0 	-9.16795461718 	
-2.41182364729e-08 0 	0 	-8.88291183103 	
-2.35370741483e-08 0 	0 	-8.59786904489 	
-2.29559118236e-08 0 	0 	-8.31282625874 	
-2.2374749499e-08 0 	0 	-8.02778347259 	
-2.17935871743e-08 0 	0 	-7.76114486 	
-2.12124248497e-08 0 	0 	-7.56559235327 	
-2.0631262525e-08 0 	0 	-7.37003984654 	
-2.00501002004e-08 0 	0 	-7.17448733982 	
-1.94689378758e-08 0 	0 	-6.97893483309 	
-1.88877755511e-08 0 	0 	-6.78338232636 	
-1.83066132265e-08 0 	0 	-6.58782981963 	
-1.77254509018e-08 0 	0 	-6.45332856268 	
-1.71442885772e-08 0 	0 	-6.32200700478 	
-1.65631262525e-08 0 	0 	-6.19068544688 	
-1.59819639279e-08 0 	0 	-6.05936388898 	
-1.54008016032e-08 0 	0 	-5.92804233108 	
-1.48196392786e-08 0 	0 	-5.79672077318 	
-1.42384769539e-08 0 	0 	-5.69088691913 	
-1.36573146293e-08 0 	0 	-5.60606339657 	
-1.30761523046e-08 0 	0 	-5.52123987401 	
-1.249498998e-08 0 	0 	-5.43641635145 	
-1.19138276553e-08 0 	0 	-5.3515928289 	
-1.13326653307e-08 0 	0 	-5.26676930634 	
-1.0751503006e-08 0 	0 	-5.18194578378 	
-1.01703406814e-08 0 	0 	-5.13153046387 	
-9.58917835671e-09 0 	0 	-5.0812831162 	
-9.00801603206e-09 0 	0 	-5.03103576853 	
-8.42685370741e-09 0 	0 	-4.98078842086 	
-7.84569138277e-09 0 	0 	-4.93054107319 	
-7.26452905812e-09 0 	0 	-4.88029372552 	
-6.68336673347e-09 0 	0 	-4.83791283688 	
-6.10220440882e-09 0 	0 	-4.81498534767 	
-5.52104208417e-09 0 	0 	-4.79205785846 	
-4.93987975952e-09 0 	0 	-4.76913036924 	
-4.35871743487e-09 0 	0 	-4.74620288003 	
-3.77755511022e-09 0 	0 	-4.72327539082 	
-3.19639278557e-09 0 	0 	-4.70034790161 	
-2.61523046092e-09 0 	0 	-4.68762734388 	
-2.03406813627e-09 0 	0 	-4.68883489926 	
-1.45290581162e-09 0 	0 	-4.69004245465 	
-8.71743486974e-10 0 	0 	-4.69125001004 	
-2.90581162324e-10 0 	0 	-4.69245756543 	
2.90581162325e-10 0 	0 	-4.69366512082 	
8.71743486974e-10 0 	0 	-4.6948726762 	
1.45290581162e-09 0 	0 	-4.70597499087 	
2.03406813627e-09 0 	0 	-4.73214800825 	
2.61523046092e-09 0 	0 	-4.75832102564 	
3.19639278557e-09 0 	0 	-4.78449404302 	
3.77755511022e-09 0 	0 	-4.81066706041 	
4.35871743487e-09 0 	0 	-4.83684007779 	
4.93987975952e-09 0 	0 	-4.86301309518 	
5.52104208417e-09 0 	0 	-4.89541480631 	
6.10220440882e-09 0 	0 	-4.95205726633 	
6.68336673347e-09 0 	0 	-5.00869972634 	
7.26452905812e-09 0 	0 	-5.06534218636 	
7.84569138277e-09 0 	0 	-5.12198464638 	
8.42685370742e-09 0 	0 	-5.17862710639 	
9.00801603206e-09 0 	0 	-5.23526956641 	
9.58917835671e-09 0 	0 	-5.29191202643 	
1.01703406814e-08 0 	0 	-5.38421682874 	
1.0751503006e-08 0 	0 	-5.48314944826 	
1.13326653307e-08 0 	0 	-5.58208206778 	
1.19138276553e-08 0 	0 	-5.6810146873 	
1.249498998e-08 0 	0 	-5.77994730681 	
1.30761523046e-08 0 	0 	-5.87887992633 	
1.36573146293e-08 0 	0 	-5.97781254585 	
1.42384769539e-08 0 	0 	-6.09638660338 	
1.48196392786e-08 0 	0 	-6.25890112855 	
1.54008016032e-08 0 	0 	-6.42141565373 	
1.59819639279e-08 0 	0 	-6.5839301789 	
1.65631262525e-08 0 	0 	-6.74644470407 	
1.71442885772e-08 0 	0 	-6.90895922925 	
1.77254509018e-08 0 	0 	-7.07147375442 	
1.83066132265e-08 0 	0 	-7.23398827959 	
1.88877755511e-08 0 	0 	-7.4562208072 	
1.94689378758e-08 0 	0 	-7.71872156274 	
2.00501002004e-08 0 	0 	-7.98122231828 	
2.06312625251e-08 0 	0 	-8.24372307382 	
2.12124248497e-08 0 	0 	-8.50622382936 	
2.17935871743e-08 0 	0 	-8.7687245849 	
2.2374749499e-08 0 	0 	-9.03122534044 	
2.29559118236e-08 0 	0 	-9.29372609598 	
2.35370741483e-08 0 	0 	-9.66987567363 	
2.41182364729e-08 0 	0 	-10.0937759615 	
2.46993987976e-08 0 	0 	-10.5176762493 	
2.52805611222e-08 0 	0 	-10.9415765372 	
2.58617234469e-08 0 	0 	-11.365476825 	
2.64428857715e-08 0 	0 	-11.7893771128 	
2.70240480962e-08 0 	0 	-12.2132774007 	
2.76052104208e-08 0 	0 	-12.6371776885 	
2.81863727455e-08 0 	0 	-13.2268557291 	
2.87675350701e-08 0 	0 	-13.9158746573 	
2.93486973948e-08 0 	0 	-14.6048935856 	
2.99298597194e-08 0 	0 	-15.2939125138 	
3.05110220441e-08 0 	0 	-15.982931442 	
3.10921843687e-08 0 	0 	-16.6719503702 	
3.16733466934e-08 0 	0 	-17.3609692985 	
3.2254509018e-08 0 	0 	-18.0499882267 	
3.28356713427e-08 0 	0 	-18.8963347982 	
3.34168336673e-08 0 	0 	-20.0268593573 	
3.3997995992e-08 0 	0 	-21.1573839164 	
3.45791583166e-08 0 	0 	-22.2879084755 	
3.51603206413e-08 0 	0 	-23.4184330345 	
3.57414829659e-08 0 	0 	-24.5489575936 	
3.63226452906e-08 0 	0 	-25.6794821527 	
3.69038076152e-08 0 	0 	-26.8100067118 	
3.74849699399e-08 0 	0 	-27.9405312708 	
3.80661322645e-08 0 	0 	-29.7356511952 	
3.86472945892e-08 0 	0 	-31.6105589309 	
3.92284569138e-08 0 	0 	-33.4854666667 	
3.98096192385e-08 0 	0 	-35.3603744024 	
4.03907815631e-08 0 	0 	-37.2352821381 	
4.09719438878e-08 0 	0 	-39.1101898739 	
4.15531062124e-08 0 	0 	-40.9850976096 	
4.21342685371e-08 0 	0 	-42.8600053454 	
4.27154308617e-08 0 	0 	-45.027203881 	
4.32965931864e-08 0 	0 	-48.1722339097 	
4.3877755511e-08 0 	0 	-51.3172639384 	
4.44589178357e-08 0 	0 	-54.4622939671 	
4.50400801603e-08 0 	0 	-57.6073239959 	
4.5621242485e-08 0 	0 	-60.7523540246 	
4.62024048096e-08 0 	0 	-63.8973840533 	
4.67835671343e-08 0 	0 	-67.042414082 	
4.73647294589e-08 0 	0 	-70.1874441107 	
4.79458917836e-08 0 	0 	-74.1299210659 	
4.85270541082e-08 0 	0 	-79.468144696 	
4.91082164329e-08 0 	0 	-84.806368326 	
4.96893787575e-08 0 	0 	-90.1445919561 	
5.02705410822e-08 0 	0 	-95.4828155862 	
5.08517034068e-08 0 	0 	-100.821039216 	
5.14328657315e-08 0 	0 	-106.159262846 	
5.20140280561e-08 0 	0 	-111.497486476 	
5.25951903808e-08 0 	0 	-116.835710106 	
5.31763527054e-08 0 	0 	-123.279565226 	
5.37575150301e-08 0 	0 	-132.450996594 	
5.43386773547e-08 0 	0 	-141.622427961 	
5.49198396794e-08 0 	0 	-150.793859329 	
5.5501002004e-08 0 	0 	-159.965290696 	
5.60821643287e-08 0 	0 	-169.136722064 	
5.66633266533e-08 0 	0 	-178.308153431 	
5.7244488978e-08 0 	0 	-187.479584799 	
5.78256513026e-08 0 	0 	-196.651016166 	
5.84068136273e-08 0 	0 	-205.822447533 	
5.89879759519e-08 0 	0 	-221.774660046 	
5.95691382766e-08 0 	0 	-237.728762218 	
6.01503006012e-08 0 	0 	-253.682864391 	
6.07314629259e-08 0 	0 	-269.636966563 	
6.13126252505e-08 0 	0 	-285.591068735 	
6.18937875752e-08 0 	0 	-301.545170907 	
6.24749498998e-08 0 	0 	-317.499273079 	
6.30561122244e-08 0 	0 	-333.453375252 	
6.36372745491e-08 0 	0 	-349.407477424 	
6.42184368737e-08 0 	0 	-371.346410689 	
6.47995991984e-08 0 	0 	-399.454062705 	
6.5380761523e-08 0 	0 	-427.561714722 	
6.59619238477e-08 0 	0 	-455.669366738 	
6.65430861723e-08 0 	0 	-483.777018754 	
6.7124248497e-08 0 	0 	-511.88467077 	
6.77054108216e-08 0 	0 	-539.992322786 	
6.82865731463e-08 0 	0 	-568.099974802 	
6.88677354709e-08 0 	0 	-596.207626818 	
6.94488977956e-08 0 	0 	-624.315278834 	
7.00300601202e-08 0 	0 	-669.219400855 	
7.06112224449e-08 0 	0 	-719.386105471 	
7.11923847695e-08 0 	0 	-769.552810087 	
7.17735470942e-08 0 	0 	-819.719514703 	
7.23547094188e-08 0 	0 	-869.88621932 	
7.29358717435e-08 0 	0 	-920.052923936 	
7.35170340681e-08 0 	0 	-970.219628552 	
7.40981963928e-08 0 	0 	-1020.38633317 	
7.46793587174e-08 0 	0 	-1070.55303778 	
7.52605210421e-08 0 	0 	-1120.7197424 	
7.58416833667e-08 0 	0 	-1203.39879913 	
7.64228456914e-08 0 	0 	-1294.13247321 	
7.7004008016e-08 0 	0 	-1384.86614728 	
7.75851703407e-08 0 	0 	-1475.59982136 	
7.81663326653e-08 0 	0 	-1566.33349543 	
7.874749499e-08 0 	0 	-1657.0671695 	
7.93286573146e-08 0 	0 	-1747.80084358 	
7.99098196393e-08 0 	0 	-1838.53451765 	
8.04909819639e-08 0 	0 	-1929.26819173 	
8.10721442886e-08 0 	0 	-2020.0018658 	
8.16533066132e-08 0 	0 	-2156.63862952 	
8.22344689379e-08 0 	0 	-2322.98309019 	
8.28156312625e-08 0 	0 	-2489.32755086 	
8.33967935872e-08 0 	0 	-2655.67201153 	
8.39779559118e-08 0 	0 	-2822.0164722 	
8.45591182365e-08 0 	0 	-2988.36093287 	
8.51402805611e-08 0 	0 	-3154.70539354 	
8.57214428858e-08 0 	0 	-3321.04985421 	
8.63026052104e-08 0 	0 	-3487.39431487 	
8.68837675351e-08 0 	0 	-3653.73877554 	
8.74649298597e-08 0 	0 	-3844.78030736 	
8.80460921844e-08 0 	0 	-4153.99652205 	
8.8627254509e-08 0 	0 	-4463.21273674 	
8.92084168337e-08 0 	0 	-4772.42895144 	
8.97895791583e-08 0 	0 	-5081.64516613 	
9.0370741483e-08 0 	0 	-5390.86138082 	
9.09519038076e-08 0 	0 	-5700.07759551 	
9.15330661323e-08 0 	0 	-6009.2938102 	
9.21142284569e-08 0 	0 	-6318.51002489 	
9.26953907816e-08 0 	0 	-6627.72623958 	
9.32765531062e-08 0 	0 	-6936.94245427 	
9.38577154309e-08 0 	0 	-7381.1552695 	
9.44388777555e-08 0 	0 	-7964.14366548 	
9.50200400802e-08 0 	0 	-8547.13206147 	
9.56012024048e-08 0 	0 	-9130.12045746 	
9.61823647295e-08 0 	0 	-9713.10885345 	
9.67635270541e-08 0 	0 	-10296.0972494 	
9.73446893788e-08 0 	0 	-10879.0856454 	
9.79258517034e-08 0 	0 	-11462.0740414 	
9.85070140281e-08 0 	0 	-12045.0624374 	
9.90881763527e-08 0 	0 	-12628.0508334 	
9.96693386774e-08 0 	0 	-13211.0392294 	
1.00250501002e-07 0 	0 	-14093.1199239 	
1.00831663327e-07 0 	0 	-15208.2735067 	
1.01412825651e-07 0 	0 	-16323.4270896 	
1.01993987976e-07 0 	0 	-17438.5806725 	
1.02575150301e-07 0 	0 	-18553.7342553 	
1.03156312625e-07 0 	0 	-19668.8878382 	
1.0373747495e-07 0 	0 	-20784.041421 	
1.04318637275e-07 0 	0 	-21899.1950039 	
1.04899799599e-07 0 	0 	-23014.3485867 	
1.05480961924e-07 0 	0 	-24129.5021696 	
1.06062124248e-07 0 	0 	-25244.6557524 	
1.06643286573e-07 0 	0 	-26752.1244684 	
1.07224448898e-07 0 	0 	-28916.9771249 	
1.07805611222e-07 0 	0 	-31081.8297813 	
1.08386773547e-07 0 	0 	-33246.6824377 	
1.08967935872e-07 0 	0 	-35411.5350942 	
1.09549098196e-07 0 	0 	-37576.3877506 	
1.10130260521e-07 0 	0 	-39741.2404071 	
1.10711422846e-07 0 	0 	-41906.0930635 	
1.1129258517e-07 0 	0 	-44070.94572 	
1.11873747495e-07 0 	0 	-46235.7983764 	
1.1245490982e-07 0 	0 	-48400.6510329 	
1.13036072144e-07 0 	0 	-50565.5036893 	
1.13617234469e-07 0 	0 	-54668.8024605 	
1.14198396794e-07 0 	0 	-58935.680361 	
1.14779559118e-07 0 	0 	-63202.5582614 	
1.15360721443e-07 0 	0 	-67469.4361618 	
1.15941883768e-07 0 	0 	-71736.3140623 	
1.16523046092e-07 0 	0 	-76003.1919627 	
1.17104208417e-07 0 	0 	-80270.0698632 	
1.17685370741e-07 0 	0 	-84536.9477636 	
1.18266533066e-07 0 	0 	-88803.8256641 	
1.18847695391e-07 0 	0 	-93070.7035645 	
1.19428857715e-07 0 	0 	-97337.5814649 	
1.2001002004e-07 0 	0 	-102464.806019 	
1.20591182365e-07 0 	0 	-111008.76063 	
1.21172344689e-07 0 	0 	-119552.715241 	
1.21753507014e-07 0 	0 	-128096.669852 	
1.22334669339e-07 0 	0 	-136640.624463 	
1.22915831663e-07 0 	0 	-145184.579074 	
1.23496993988e-07 0 	0 	-153728.533685 	
1.24078156313e-07 0 	0 	-162272.488296 	
1.24659318637e-07 0 	0 	-170816.442907 	
1.25240480962e-07 0 	0 	-179360.397518 	
1.25821643287e-07 0 	0 	-187904.352129 	
1.26402805611e-07 0 	0 	-196448.30674 	
1.26983967936e-07 0 	0 	-206803.944082 	
1.27565130261e-07 0 	0 	-224214.876474 	
1.28146292585e-07 0 	0 	-241625.808866 	
1.2872745491e-07 0 	0 	-259036.741258 	
1.29308617234e-07 0 	0 	-276447.67365 	
1.29889779559e-07 0 	0 	-293858.606042 	
1.30470941884e-07 0 	0 	-311269.538434 	
1.31052104208e-07 0 	0 	-328680.470826 	
1.31633266533e-07 0 	0 	-346091.403217 	
1.32214428858e-07 0 	0 	-363502.335609 	
1.32795591182e-07 0 	0 	-380913.268001 	
1.33376753507e-07 0 	0 	-398324.200393 	
1.33957915832e-07 0 	0 	-415735.132785 	
1.34539078156e-07 0 	0 	-450664.66243 	
1.35120240481e-07 0 	0 	-487010.828752 	
1.35701402806e-07 0 	0 	-523356.995074 	
1.3628256513e-07 0 	0 	-559703.161395 	
1.36863727455e-07 0 	0 	-596049.327717 	
1.3744488978e-07 0 	0 	-632395.494039 	
1.38026052104e-07 0 	0 	-668741.66036 	
1.38607214429e-07 0 	0 	-705087.826682 	
1.39188376754e-07 0 	0 	-741433.993004 	
1.39769539078e-07 0 	0 	-777780.159325 	
1.40350701403e-07 0 	0 	-814126.325647 	
1.40931863727e-07 0 	0 	-850472.491969 	
1.41513026052e-07 0 	0 	-891366.625433 	
1.42094188377e-07 0 	0 	-940448.206964 	
1.42675350701e-07 0 	0 	-989529.788495 	
1.43256513026e-07 0 	0 	-1038611.37003 	
1.43837675351e-07 0 	0 	-1087692.95156 	
1.44418837675e-07 0 	0 	-1136774.53309 	
1.45e-07 0 	0 	-1185856.11462 	
