-1.45e-07 0 	0 	6717.8006409 	
-1.44418837675e-07 0 	0 	6549.90326598 	
-1.43837675351e-07 0 	0 	6392.46994837 	
-1.43256513026e-07 0 	0 	6257.96914325 	
-1.42675350701e-07 0 	0 	6140.02777 	
-1.42094188377e-07 0 	0 	6035.09928711 	
-1.41513026052e-07 0 	0 	5941.81568171 	
-1.40931863727e-07 0 	0 	5864.29203967 	
-1.40350701403e-07 0 	0 	5795.47487431 	
-1.39769539078e-07 0 	0 	5734.04924461 	
-1.39188376754e-07 0 	0 	5682.40951482 	
-1.38607214429e-07 0 	0 	5637.78093953 	
-1.38026052104e-07 0 	0 	5597.73000942 	
-1.3744488978e-07 0 	0 	5564.52706663 	
-1.36863727455e-07 0 	0 	5535.74656677 	
-1.3628256513e-07 0 	0 	5509.78799637 	
-1.35701402806e-07 0 	0 	5489.26552494 	
-1.35120240481e-07 0 	0 	5470.7229324 	
-1.34539078156e-07 0 	0 	5454.84797706 	
-1.33957915832e-07 0 	0 	5441.83036069 	
-1.33376753507e-07 0 	0 	5429.8828449 	
-1.32795591182e-07 0 	0 	5420.71582544 	
-1.32214428858e-07 0 	0 	5412.30362711 	
-1.31633266533e-07 0 	0 	5405.46970906 	
-1.31052104208e-07 0 	0 	5399.61623014 	
-1.30470941884e-07 0 	0 	5394.59112358 	
-1.29889779559e-07 0 	0 	5390.56008684 	
-1.29308617234e-07 0 	0 	5386.91827886 	
-1.2872745491e-07 0 	0 	5384.16513795 	
-1.28146292585e-07 0 	0 	5381.56599472 	
-1.27565130261e-07 0 	0 	5379.69595429 	
-1.26983967936e-07 0 	0 	5377.8707494 	
-1.26402805611e-07 0 	0 	5376.60333566 	
-1.25821643287e-07 0 	0 	5375.34333562 	
-1.25240480962e-07 0 	0 	5374.48325585 	
-1.24659318637e-07 0 	0 	5373.62898183 	
-1.24078156313e-07 0 	0 	5373.04280291 	
-1.23496993988e-07 0 	0 	5372.47452516 	
-1.22915831663e-07 0 	0 	5372.0725412 	
-1.22334669339e-07 0 	0 	5371.70201409 	
-1.21753507014e-07 0 	0 	5371.42462222 	
-1.21172344689e-07 0 	0 	5371.18808081 	
-1.20591182365e-07 0 	0 	5370.99586225 	
-1.2001002004e-07 0 	0 	5370.84817858 	
-1.19428857715e-07 0 	0 	5370.71494459 	
-1.18847695391e-07 0 	0 	5370.6248709 	
-1.18266533066e-07 0 	0 	5370.53479722 	
-1.17685370741e-07 0 	0 	5370.47936844 	
-1.17104208417e-07 0 	0 	5370.42576564 	
-1.16523046092e-07 0 	0 	5370.38555796 	
-1.15941883768e-07 0 	0 	5370.35447153 	
-1.15360721443e-07 0 	0 	5370.32588269 	
-1.14779559118e-07 0 	0 	5370.30833609 	
-1.14198396794e-07 0 	0 	5370.29078949 	
-1.13617234469e-07 0 	0 	5370.27892301 	
-1.13036072144e-07 0 	0 	5370.26929517 	
-1.1245490982e-07 0 	0 	5370.26053192 	
-1.11873747495e-07 0 	0 	5370.25540523 	
-1.1129258517e-07 0 	0 	5370.25027855 	
-1.10711422846e-07 0 	0 	5370.24665925 	
-1.10130260521e-07 0 	0 	5370.2440141 	
-1.09549098196e-07 0 	0 	5370.24136896 	
-1.08967935872e-07 0 	0 	5370.23999533 	
-1.08386773547e-07 0 	0 	5370.23867195 	
-1.07805611222e-07 0 	0 	5370.23752242 	
-1.07224448898e-07 0 	0 	5370.23688273 	
-1.06643286573e-07 0 	0 	5370.23624305 	
-1.06062124248e-07 0 	0 	5370.23576882 	
-1.05480961924e-07 0 	0 	5370.23547181 	
-1.04899799599e-07 0 	0 	5370.23517481 	
-1.04318637275e-07 0 	0 	5370.23498347 	
-1.0373747495e-07 0 	0 	5370.23484999 	
-1.03156312625e-07 0 	0 	5370.23471651 	
-1.02575150301e-07 0 	0 	5370.23463878 	
-1.01993987976e-07 0 	0 	5370.23458036 	
-1.01412825651e-07 0 	0 	5370.23452194 	
-1.00831663327e-07 0 	0 	5370.23448928 	
-1.00250501002e-07 0 	0 	5370.23446426 	
-9.96693386774e-08 0 	0 	5370.23443924 	
-9.90881763527e-08 0 	0 	5370.23442565 	
-9.85070140281e-08 0 	0 	5370.2344163 	
-9.79258517034e-08 0 	0 	5370.23440695 	
-9.73446893788e-08 0 	0 	5370.23440178 	
-9.67635270541e-08 0 	0 	5370.23439923 	
-9.61823647295e-08 0 	0 	5370.23439667 	
-9.56012024048e-08 0 	0 	5370.23439424 	
-9.50200400802e-08 0 	0 	5370.23439197 	
-9.44388777555e-08 0 	0 	5370.2343897 	
-9.38577154309e-08 0 	0 	5370.23438771 	
-9.32765531062e-08 0 	0 	5370.23438704 	
-9.26953907816e-08 0 	0 	5370.23438637 	
-9.21142284569e-08 0 	0 	5370.2343857 	
-9.15330661323e-08 0 	0 	5370.23438629 	
-9.09519038076e-08 0 	0 	5370.23438714 	
-9.0370741483e-08 0 	0 	5370.23438798 	
-8.97895791583e-08 0 	0 	5370.23438824 	
-8.92084168337e-08 0 	0 	5370.23438765 	
-8.8627254509e-08 0 	0 	5370.23438706 	
-8.80460921844e-08 0 	0 	5370.23438647 	
-8.74649298597e-08 0 	0 	5370.23438626 	
-8.68837675351e-08 0 	0 	5370.23438609 	
-8.63026052104e-08 0 	0 	5370.23438592 	
-8.57214428858e-08 0 	0 	5370.23438592 	
-8.51402805611e-08 0 	0 	5370.23438623 	
-8.45591182365e-08 0 	0 	5370.23438655 	
-8.39779559118e-08 0 	0 	5370.23438687 	
-8.33967935872e-08 0 	0 	5370.23438691 	
-8.28156312625e-08 0 	0 	5370.23438683 	
-8.22344689379e-08 0 	0 	5370.23438675 	
-8.16533066132e-08 0 	0 	5370.23438667 	
-8.10721442886e-08 0 	0 	5370.23438655 	
-8.04909819639e-08 0 	0 	5370.23438643 	
-7.99098196393e-08 0 	0 	5370.23438632 	
-7.93286573146e-08 0 	0 	5370.23438617 	
-7.874749499e-08 0 	0 	5370.23438568 	
-7.81663326653e-08 0 	0 	5370.2343852 	
-7.75851703407e-08 0 	0 	5370.23438471 	
-7.7004008016e-08 0 	0 	5370.23438433 	
-7.64228456914e-08 0 	0 	5370.23438456 	
-7.58416833667e-08 0 	0 	5370.23438478 	
-7.52605210421e-08 0 	0 	5370.234385 	
-7.46793587174e-08 0 	0 	5370.23438524 	
-7.40981963928e-08 0 	0 	5370.23438563 	
-7.35170340681e-08 0 	0 	5370.23438602 	
-7.29358717435e-08 0 	0 	5370.2343864 	
-7.23547094188e-08 0 	0 	5370.23438678 	
-7.17735470942e-08 0 	0 	5370.23438671 	
-7.11923847695e-08 0 	0 	5370.23438664 	
-7.06112224449e-08 0 	0 	5370.23438657 	
-7.00300601202e-08 0 	0 	5370.2343865 	
-6.94488977956e-08 0 	0 	5370.23438654 	
-6.88677354709e-08 0 	0 	5370.23438661 	
-6.82865731463e-08 0 	0 	5370.23438668 	
-6.77054108216e-08 0 	0 	5370.23438675 	
-6.7124248497e-08 0 	0 	5370.23438679 	
-6.65430861723e-08 0 	0 	5370.2343868 	
-6.59619238477e-08 0 	0 	5370.23438681 	
-6.5380761523e-08 0 	0 	5370.23438683 	
-6.47995991984e-08 0 	0 	5370.23438683 	
-6.42184368737e-08 0 	0 	5370.2343867 	
-6.36372745491e-08 0 	0 	5370.23438656 	
-6.30561122244e-08 0 	0 	5370.23438643 	
-6.24749498998e-08 0 	0 	5370.2343863 	
-6.18937875752e-08 0 	0 	5370.23438611 	
-6.13126252505e-08 0 	0 	5370.23438589 	
-6.07314629259e-08 0 	0 	5370.23438567 	
-6.01503006012e-08 0 	0 	5370.23438545 	
-5.95691382766e-08 0 	0 	5370.23438522 	
-5.89879759519e-08 0 	0 	5370.23438541 	
-5.84068136273e-08 0 	0 	5370.23438563 	
-5.78256513026e-08 0 	0 	5370.23438584 	
-5.7244488978e-08 0 	0 	5370.23438606 	
-5.66633266533e-08 0 	0 	5370.2343862 	
-5.60821643287e-08 0 	0 	5370.23438605 	
-5.5501002004e-08 0 	0 	5370.23438591 	
-5.49198396794e-08 0 	0 	5370.23438577 	
-5.43386773547e-08 0 	0 	5370.23438562 	
-5.37575150301e-08 0 	0 	5370.23438552 	
-5.31763527054e-08 0 	0 	5370.2343855 	
-5.25951903808e-08 0 	0 	5370.23438548 	
-5.20140280561e-08 0 	0 	5370.23438546 	
-5.14328657315e-08 0 	0 	5370.23438544 	
-5.08517034068e-08 0 	0 	5370.2343855 	
-5.02705410822e-08 0 	0 	5370.23438566 	
-4.96893787575e-08 0 	0 	5370.23438582 	
-4.91082164329e-08 0 	0 	5370.23438598 	
-4.85270541082e-08 0 	0 	5370.23438614 	
-4.79458917836e-08 0 	0 	5370.23438624 	
-4.73647294589e-08 0 	0 	5370.23438622 	
-4.67835671343e-08 0 	0 	5370.2343862 	
-4.62024048096e-08 0 	0 	5370.23438618 	
-4.5621242485e-08 0 	0 	5370.23438616 	
-4.50400801603e-08 0 	0 	5370.23438615 	
-4.44589178357e-08 0 	0 	5370.23438625 	
-4.3877755511e-08 0 	0 	5370.23438635 	
-4.32965931864e-08 0 	0 	5370.23438645 	
-4.27154308617e-08 0 	0 	5370.23438655 	
-4.21342685371e-08 0 	0 	5370.23438665 	
-4.15531062124e-08 0 	0 	5370.23438662 	
-4.09719438878e-08 0 	0 	5370.23438656 	
-4.03907815631e-08 0 	0 	5370.23438649 	
-3.98096192385e-08 0 	0 	5370.23438643 	
-3.92284569138e-08 0 	0 	5370.23438637 	
-3.86472945892e-08 0 	0 	5370.23438632 	
-3.80661322645e-08 0 	0 	5370.2343863 	
-3.74849699399e-08 0 	0 	5370.23438627 	
-3.69038076152e-08 0 	0 	5370.23438625 	
-3.63226452906e-08 0 	0 	5370.23438623 	
-3.57414829659e-08 0 	0 	5370.2343862 	
-3.51603206413e-08 0 	0 	5370.23438619 	
-3.45791583166e-08 0 	0 	5370.23438618 	
-3.3997995992e-08 0 	0 	5370.23438617 	
-3.34168336673e-08 0 	0 	5370.23438615 	
-3.28356713427e-08 0 	0 	5370.23438614 	
-3.2254509018e-08 0 	0 	5370.23438613 	
-3.16733466934e-08 0 	0 	5370.23438612 	
-3.10921843687e-08 0 	0 	5370.23438611 	
-3.05110220441e-08 0 	0 	5370.2343861 	
-2.99298597194e-08 0 	0 	5370.23438609 	
-2.93486973948e-08 0 	0 	5370.23438608 	
-2.87675350701e-08 0 	0 	5370.23438608 	
-2.81863727455e-08 0 	0 	5370.23438611 	
-2.76052104208e-08 0 	0 	5370.23438614 	
-2.70240480962e-08 0 	0 	5370.23438617 	
-2.64428857715e-08 0 	0 	5370.2343862 	
-2.58617234469e-08 0 	0 	5370.23438623 	
-2.52805611222e-08 0 	0 	5370.23438625 	
-2.46993987976e-08 0 	0 	5370.23438625 	
-2.41182364729e-08 0 	0 	5370.23438625 	
-2.35370741483e-08 0 	0 	5370.23438624 	
-2.29559118236e-08 0 	0 	5370.23438624 	
-2.2374749499e-08 0 	0 	5370.23438624 	
-2.17935871743e-08 0 	0 	5370.23438623 	
-2.12124248497e-08 0 	0 	5370.2343862 	
-2.0631262525e-08 0 	0 	5370.23438617 	
-2.00501002004e-08 0 	0 	5370.23438614 	
-1.94689378758e-08 0 	0 	5370.23438611 	
-1.88877755511e-08 0 	0 	5370.23438608 	
-1.83066132265e-08 0 	0 	5370.23438605 	
-1.77254509018e-08 0 	0 	5370.23438606 	
-1.71442885772e-08 0 	0 	5370.23438606 	
-1.65631262525e-08 0 	0 	5370.23438607 	
-1.59819639279e-08 0 	0 	5370.23438607 	
-1.54008016032e-08 0 	0 	5370.23438608 	
-1.48196392786e-08 0 	0 	5370.23438609 	
-1.42384769539e-08 0 	0 	5370.23438609 	
-1.36573146293e-08 0 	0 	5370.2343861 	
-1.30761523046e-08 0 	0 	5370.23438611 	
-1.249498998e-08 0 	0 	5370.23438612 	
-1.19138276553e-08 0 	0 	5370.23438612 	
-1.13326653307e-08 0 	0 	5370.23438613 	
-1.0751503006e-08 0 	0 	5370.23438614 	
-1.01703406814e-08 0 	0 	5370.23438614 	
-9.58917835671e-09 0 	0 	5370.23438614 	
-9.00801603206e-09 0 	0 	5370.23438614 	
-8.42685370741e-09 0 	0 	5370.23438614 	
-7.84569138277e-09 0 	0 	5370.23438614 	
-7.26452905812e-09 0 	0 	5370.23438614 	
-6.68336673347e-09 0 	0 	5370.23438614 	
-6.10220440882e-09 0 	0 	5370.23438616 	
-5.52104208417e-09 0 	0 	5370.23438617 	
-4.93987975952e-09 0 	0 	5370.23438619 	
-4.35871743487e-09 0 	0 	5370.2343862 	
-3.77755511022e-09 0 	0 	5370.23438622 	
-3.19639278557e-09 0 	0 	5370.23438623 	
-2.61523046092e-09 0 	0 	5370.23438624 	
-2.03406813627e-09 0 	0 	5370.23438623 	
-1.45290581162e-09 0 	0 	5370.23438623 	
-8.71743486974e-10 0 	0 	5370.23438622 	
-2.90581162324e-10 0 	0 	5370.23438621 	
2.90581162325e-10 0 	0 	5370.23438621 	
8.71743486974e-10 0 	0 	5370.2343862 	
1.45290581162e-09 0 	0 	5370.23438619 	
2.03406813627e-09 0 	0 	5370.23438617 	
2.61523046092e-09 0 	0 	5370.23438615 	
3.19639278557e-09 0 	0 	5370.23438612 	
3.77755511022e-09 0 	0 	5370.2343861 	
4.35871743487e-09 0 	0 	5370.23438608 	
4.93987975952e-09 0 	0 	5370.23438606 	
5.52104208417e-09 0 	0 	5370.23438604 	
6.10220440882e-09 0 	0 	5370.23438605 	
6.68336673347e-09 0 	0 	5370.23438605 	
7.26452905812e-09 0 	0 	5370.23438606 	
7.84569138277e-09 0 	0 	5370.23438607 	
8.42685370742e-09 0 	0 	5370.23438608 	
9.00801603206e-09 0 	0 	5370.23438608 	
9.58917835671e-09 0 	0 	5370.23438609 	
1.01703406814e-08 0 	0 	5370.2343861 	
1.0751503006e-08 0 	0 	5370.23438612 	
1.13326653307e-08 0 	0 	5370.23438613 	
1.19138276553e-08 0 	0 	5370.23438615 	
1.249498998e-08 0 	0 	5370.23438616 	
1.30761523046e-08 0 	0 	5370.23438618 	
1.36573146293e-08 0 	0 	5370.23438619 	
1.42384769539e-08 0 	0 	5370.2343862 	
1.48196392786e-08 0 	0 	5370.2343862 	
1.54008016032e-08 0 	0 	5370.2343862 	
1.59819639279e-08 0 	0 	5370.2343862 	
1.65631262525e-08 0 	0 	5370.2343862 	
1.71442885772e-08 0 	0 	5370.2343862 	
1.77254509018e-08 0 	0 	5370.2343862 	
1.83066132265e-08 0 	0 	5370.2343862 	
1.88877755511e-08 0 	0 	5370.2343862 	
1.94689378758e-08 0 	0 	5370.23438619 	
2.00501002004e-08 0 	0 	5370.23438619 	
2.06312625251e-08 0 	0 	5370.23438619 	
2.12124248497e-08 0 	0 	5370.23438618 	
2.17935871743e-08 0 	0 	5370.23438618 	
2.2374749499e-08 0 	0 	5370.23438617 	
2.29559118236e-08 0 	0 	5370.23438617 	
2.35370741483e-08 0 	0 	5370.23438616 	
2.41182364729e-08 0 	0 	5370.23438615 	
2.46993987976e-08 0 	0 	5370.23438614 	
2.52805611222e-08 0 	0 	5370.23438613 	
2.58617234469e-08 0 	0 	5370.23438612 	
2.64428857715e-08 0 	0 	5370.23438611 	
2.70240480962e-08 0 	0 	5370.2343861 	
2.76052104208e-08 0 	0 	5370.23438608 	
2.81863727455e-08 0 	0 	5370.23438608 	
2.87675350701e-08 0 	0 	5370.23438608 	
2.93486973948e-08 0 	0 	5370.23438609 	
2.99298597194e-08 0 	0 	5370.23438609 	
3.05110220441e-08 0 	0 	5370.23438609 	
3.10921843687e-08 0 	0 	5370.23438609 	
3.16733466934e-08 0 	0 	5370.2343861 	
3.2254509018e-08 0 	0 	5370.2343861 	
3.28356713427e-08 0 	0 	5370.2343861 	
3.34168336673e-08 0 	0 	5370.23438611 	
3.3997995992e-08 0 	0 	5370.23438612 	
3.45791583166e-08 0 	0 	5370.23438612 	
3.51603206413e-08 0 	0 	5370.23438613 	
3.57414829659e-08 0 	0 	5370.23438614 	
3.63226452906e-08 0 	0 	5370.23438615 	
3.69038076152e-08 0 	0 	5370.23438615 	
3.74849699399e-08 0 	0 	5370.23438616 	
3.80661322645e-08 0 	0 	5370.23438616 	
3.86472945892e-08 0 	0 	5370.23438617 	
3.92284569138e-08 0 	0 	5370.23438617 	
3.98096192385e-08 0 	0 	5370.23438618 	
4.03907815631e-08 0 	0 	5370.23438618 	
4.09719438878e-08 0 	0 	5370.23438619 	
4.15531062124e-08 0 	0 	5370.23438619 	
4.21342685371e-08 0 	0 	5370.2343862 	
4.27154308617e-08 0 	0 	5370.2343862 	
4.32965931864e-08 0 	0 	5370.2343862 	
4.3877755511e-08 0 	0 	5370.2343862 	
4.44589178357e-08 0 	0 	5370.2343862 	
4.50400801603e-08 0 	0 	5370.2343862 	
4.5621242485e-08 0 	0 	5370.23438619 	
4.62024048096e-08 0 	0 	5370.23438619 	
4.67835671343e-08 0 	0 	5370.23438619 	
4.73647294589e-08 0 	0 	5370.23438619 	
4.79458917836e-08 0 	0 	5370.23438619 	
4.85270541082e-08 0 	0 	5370.23438618 	
4.91082164329e-08 0 	0 	5370.23438618 	
4.96893787575e-08 0 	0 	5370.23438617 	
5.02705410822e-08 0 	0 	5370.23438617 	
5.08517034068e-08 0 	0 	5370.23438616 	
5.14328657315e-08 0 	0 	5370.23438615 	
5.20140280561e-08 0 	0 	5370.23438615 	
5.25951903808e-08 0 	0 	5370.23438614 	
5.31763527054e-08 0 	0 	5370.23438614 	
5.37575150301e-08 0 	0 	5370.23438614 	
5.43386773547e-08 0 	0 	5370.23438614 	
5.49198396794e-08 0 	0 	5370.23438614 	
5.5501002004e-08 0 	0 	5370.23438614 	
5.60821643287e-08 0 	0 	5370.23438615 	
5.66633266533e-08 0 	0 	5370.23438615 	
5.7244488978e-08 0 	0 	5370.23438615 	
5.78256513026e-08 0 	0 	5370.23438615 	
5.84068136273e-08 0 	0 	5370.23438615 	
5.89879759519e-08 0 	0 	5370.23438615 	
5.95691382766e-08 0 	0 	5370.23438615 	
6.01503006012e-08 0 	0 	5370.23438615 	
6.07314629259e-08 0 	0 	5370.23438615 	
6.13126252505e-08 0 	0 	5370.23438615 	
6.18937875752e-08 0 	0 	5370.23438615 	
6.24749498998e-08 0 	0 	5370.23438615 	
6.30561122244e-08 0 	0 	5370.23438615 	
6.36372745491e-08 0 	0 	5370.23438615 	
6.42184368737e-08 0 	0 	5370.23438615 	
6.47995991984e-08 0 	0 	5370.23438616 	
6.5380761523e-08 0 	0 	5370.23438616 	
6.59619238477e-08 0 	0 	5370.23438616 	
6.65430861723e-08 0 	0 	5370.23438617 	
6.7124248497e-08 0 	0 	5370.23438617 	
6.77054108216e-08 0 	0 	5370.23438618 	
6.82865731463e-08 0 	0 	5370.23438618 	
6.88677354709e-08 0 	0 	5370.23438618 	
6.94488977956e-08 0 	0 	5370.23438619 	
7.00300601202e-08 0 	0 	5370.23438626 	
7.06112224449e-08 0 	0 	5370.23438634 	
7.11923847695e-08 0 	0 	5370.23438643 	
7.17735470942e-08 0 	0 	5370.23438651 	
7.23547094188e-08 0 	0 	5370.2343866 	
7.29358717435e-08 0 	0 	5370.23438669 	
7.35170340681e-08 0 	0 	5370.23438677 	
7.40981963928e-08 0 	0 	5370.23438686 	
7.46793587174e-08 0 	0 	5370.23438695 	
7.52605210421e-08 0 	0 	5370.23438703 	
7.58416833667e-08 0 	0 	5370.23438773 	
7.64228456914e-08 0 	0 	5370.23438858 	
7.7004008016e-08 0 	0 	5370.23438943 	
7.75851703407e-08 0 	0 	5370.23439028 	
7.81663326653e-08 0 	0 	5370.23439113 	
7.874749499e-08 0 	0 	5370.23439198 	
7.93286573146e-08 0 	0 	5370.23439283 	
7.99098196393e-08 0 	0 	5370.23439368 	
8.04909819639e-08 0 	0 	5370.23439453 	
8.10721442886e-08 0 	0 	5370.23439538 	
8.16533066132e-08 0 	0 	5370.23440053 	
8.22344689379e-08 0 	0 	5370.23440848 	
8.28156312625e-08 0 	0 	5370.23441643 	
8.33967935872e-08 0 	0 	5370.23442437 	
8.39779559118e-08 0 	0 	5370.23443232 	
8.45591182365e-08 0 	0 	5370.23444026 	
8.51402805611e-08 0 	0 	5370.23444821 	
8.57214428858e-08 0 	0 	5370.23445616 	
8.63026052104e-08 0 	0 	5370.2344641 	
8.68837675351e-08 0 	0 	5370.23447205 	
8.74649298597e-08 0 	0 	5370.2344909 	
8.80460921844e-08 0 	0 	5370.23456195 	
8.8627254509e-08 0 	0 	5370.234633 	
8.92084168337e-08 0 	0 	5370.23470406 	
8.97895791583e-08 0 	0 	5370.23477511 	
9.0370741483e-08 0 	0 	5370.23484616 	
9.09519038076e-08 0 	0 	5370.23491721 	
9.15330661323e-08 0 	0 	5370.23498826 	
9.21142284569e-08 0 	0 	5370.23505931 	
9.26953907816e-08 0 	0 	5370.23513036 	
9.32765531062e-08 0 	0 	5370.23520141 	
9.38577154309e-08 0 	0 	5370.23553658 	
9.44388777555e-08 0 	0 	5370.23614326 	
9.50200400802e-08 0 	0 	5370.23674994 	
9.56012024048e-08 0 	0 	5370.23735661 	
9.61823647295e-08 0 	0 	5370.23796329 	
9.67635270541e-08 0 	0 	5370.23856997 	
9.73446893788e-08 0 	0 	5370.23917664 	
9.79258517034e-08 0 	0 	5370.23978332 	
9.85070140281e-08 0 	0 	5370.24039 	
9.90881763527e-08 0 	0 	5370.24099668 	
9.96693386774e-08 0 	0 	5370.24160335 	
1.00250501002e-07 0 	0 	5370.24462516 	
1.00831663327e-07 0 	0 	5370.24952901 	
1.01412825651e-07 0 	0 	5370.25443286 	
1.01993987976e-07 0 	0 	5370.25933671 	
1.02575150301e-07 0 	0 	5370.26424055 	
1.03156312625e-07 0 	0 	5370.2691444 	
1.0373747495e-07 0 	0 	5370.27404825 	
1.04318637275e-07 0 	0 	5370.2789521 	
1.04899799599e-07 0 	0 	5370.28385594 	
1.05480961924e-07 0 	0 	5370.28875979 	
1.06062124248e-07 0 	0 	5370.29366364 	
1.06643286573e-07 0 	0 	5370.31063195 	
1.07224448898e-07 0 	0 	5370.34781612 	
1.07805611222e-07 0 	0 	5370.38500029 	
1.08386773547e-07 0 	0 	5370.42218446 	
1.08967935872e-07 0 	0 	5370.45936862 	
1.09549098196e-07 0 	0 	5370.49655279 	
1.10130260521e-07 0 	0 	5370.53373696 	
1.10711422846e-07 0 	0 	5370.57092113 	
1.1129258517e-07 0 	0 	5370.60810529 	
1.11873747495e-07 0 	0 	5370.64528946 	
1.1245490982e-07 0 	0 	5370.68247363 	
1.13036072144e-07 0 	0 	5370.7196578 	
1.13617234469e-07 0 	0 	5370.96395797 	
1.14198396794e-07 0 	0 	5371.22573598 	
1.14779559118e-07 0 	0 	5371.487514 	
1.15360721443e-07 0 	0 	5371.74929201 	
1.15941883768e-07 0 	0 	5372.01107002 	
1.16523046092e-07 0 	0 	5372.27284804 	
1.17104208417e-07 0 	0 	5372.53462605 	
1.17685370741e-07 0 	0 	5372.79640407 	
1.18266533066e-07 0 	0 	5373.05818208 	
1.18847695391e-07 0 	0 	5373.3199601 	
1.19428857715e-07 0 	0 	5373.58173811 	
1.2001002004e-07 0 	0 	5374.131085 	
1.20591182365e-07 0 	0 	5375.82246602 	
1.21172344689e-07 0 	0 	5377.51384703 	
1.21753507014e-07 0 	0 	5379.20522805 	
1.22334669339e-07 0 	0 	5380.89660907 	
1.22915831663e-07 0 	0 	5382.58799008 	
1.23496993988e-07 0 	0 	5384.2793711 	
1.24078156313e-07 0 	0 	5385.97075211 	
1.24659318637e-07 0 	0 	5387.66213313 	
1.25240480962e-07 0 	0 	5389.35351415 	
1.25821643287e-07 0 	0 	5391.04489516 	
1.26402805611e-07 0 	0 	5392.73627618 	
1.26983967936e-07 0 	0 	5396.10606305 	
1.27565130261e-07 0 	0 	5406.01212047 	
1.28146292585e-07 0 	0 	5415.91817789 	
1.2872745491e-07 0 	0 	5425.82423532 	
1.29308617234e-07 0 	0 	5435.73029274 	
1.29889779559e-07 0 	0 	5445.63635016 	
1.30470941884e-07 0 	0 	5455.54240759 	
1.31052104208e-07 0 	0 	5465.44846501 	
1.31633266533e-07 0 	0 	5475.35452243 	
1.32214428858e-07 0 	0 	5485.26057986 	
1.32795591182e-07 0 	0 	5495.16663728 	
1.33376753507e-07 0 	0 	5505.0726947 	
1.33957915832e-07 0 	0 	5514.97875213 	
1.34539078156e-07 0 	0 	5563.79413364 	
1.35120240481e-07 0 	0 	5615.75590722 	
1.35701402806e-07 0 	0 	5667.71768081 	
1.3628256513e-07 0 	0 	5719.67945439 	
1.36863727455e-07 0 	0 	5771.64122798 	
1.3744488978e-07 0 	0 	5823.60300157 	
1.38026052104e-07 0 	0 	5875.56477515 	
1.38607214429e-07 0 	0 	5927.52654874 	
1.39188376754e-07 0 	0 	5979.48832232 	
1.39769539078e-07 0 	0 	6031.45009591 	
1.40350701403e-07 0 	0 	6083.4118695 	
1.40931863727e-07 0 	0 	6135.37364308 	
1.41513026052e-07 0 	0 	6199.62062161 	
1.42094188377e-07 0 	0 	6285.98395989 	
1.42675350701e-07 0 	0 	6372.34729817 	
1.43256513026e-07 0 	0 	6458.71063645 	
1.43837675351e-07 0 	0 	6545.07397473 	
1.44418837675e-07 0 	0 	6631.43731301 	
1.45e-07 0 	0 	6717.80065129 	
