-1.45e-07 -0.014694631307 0.651815365905 1.52914106334
-1.44418837675e-07 -0.0140130263905 0.669299554479 1.48950384786
-1.43837675351e-07 -0.0133691279545 0.686117068661 1.45272678754
-1.43256513026e-07 -0.0127734038877 0.702146508531 1.41970339034
-1.42675350701e-07 -0.0122130684661 0.717549316026 1.38929369388
-1.42094188377e-07 -0.0116807478891 0.732437423894 1.36090196741
-1.41513026052e-07 -0.011182349651 0.74667857958 1.33488867732
-1.40931863727e-07 -0.0107199596144 0.760183619295 1.31127618464
-1.40350701403e-07 -0.0102767756755 0.773282509612 1.28891308546
-1.39769539078e-07 -0.0098667458694 0.78565824111 1.26865592064
-1.39188376754e-07 -0.00948068685783 0.797478595461 1.24985224995
-1.38607214429e-07 -0.00911131902622 0.808912233392 1.23206066637
-1.38026052104e-07 -0.00877525356208 0.819529833508 1.21620087592
-1.3744488978e-07 -0.00844660909061 0.829962367551 1.20076565476
-1.36863727455e-07 -0.00815130243292 0.839534538641 1.18718465608
-1.3628256513e-07 -0.00786202552645 0.84894348249 1.1739259821
-1.35701402806e-07 -0.00760007383737 0.85761272421 1.16212799732
-1.35120240481e-07 -0.00734435365728 0.86610571365 1.15065095259
-1.34539078156e-07 -0.00711330329734 0.873900940789 1.14044447228
-1.33957915832e-07 -0.00688587721997 0.881589465637 1.13041828679
-1.33376753507e-07 -0.00668329282755 0.888546627894 1.1216278844
-1.32795591182e-07 -0.00648070843513 0.895503790152 1.11283748201
-1.32214428858e-07 -0.00630296941949 0.901702314996 1.10524395167
-1.31633266533e-07 -0.00612645084499 0.907863574463 1.09770921342
-1.31052104208e-07 -0.00596592827014 0.913520019405 1.09092259363
-1.30470941884e-07 -0.00581312741808 0.918932776056 1.08449711183
-1.29889779559e-07 -0.00566645889264 0.924146170112 1.07835078882
-1.29308617234e-07 -0.00553509609668 0.928861973262 1.07290122074
-1.2872745491e-07 -0.00540373330072 0.933577776412 1.06745165267
-1.28146292585e-07 -0.00528743249276 0.937790728319 1.06267115031
-1.27565130261e-07 -0.00517531204021 0.94186411718 1.05807634273
-1.26983967936e-07 -0.00506591787202 0.945844312453 1.05359999851
-1.26402805611e-07 -0.00497094230109 0.949331631474 1.04975017565
-1.25821643287e-07 -0.00487596673016 0.952818950495 1.04590035279
-1.25240480962e-07 -0.00478719155264 0.956089852507 1.04231470204
-1.24659318637e-07 -0.00470737436931 0.95904808689 1.0391107129
-1.24078156313e-07 -0.00462755718598 0.962006321274 1.03590672377
-1.23496993988e-07 -0.00455474253728 0.964715631299 1.03299593172
-1.22915831663e-07 -0.00448821903783 0.967201305118 1.03034855095
-1.22334669339e-07 -0.00442169553838 0.969686978936 1.02770117019
-1.21753507014e-07 -0.0043610187674 0.971961482597 1.02529488063
-1.21172344689e-07 -0.00430605470725 0.974029656503 1.02312415603
-1.20591182365e-07 -0.00425109064709 0.976097830409 1.02095343143
-1.2001002004e-07 -0.00419950857279 0.978042166855 1.01892032337
-1.19428857715e-07 -0.00415450648954 0.97974556516 1.01715496203
-1.18847695391e-07 -0.00410950440629 0.981448963466 1.01538960068
-1.18266533066e-07 -0.00406467957899 0.983145794569 1.01363137001
-1.17685370741e-07 -0.00402818265483 0.984534082946 1.01220815505
-1.17104208417e-07 -0.00399168573068 0.985922371324 1.0107849401
-1.16523046092e-07 -0.00395518880652 0.987310659701 1.00936172514
-1.15941883768e-07 -0.00392259280859 0.988552975864 1.00809391291
-1.15360721443e-07 -0.00389328624058 0.989672201935 1.00695714298
-1.14779559118e-07 -0.00386397967257 0.990791428006 1.00582037305
-1.14198396794e-07 -0.00383467310455 0.991910654077 1.00468360312
-1.13617234469e-07 -0.00381076243559 0.992826271967 1.0037600273
-1.13036072144e-07 -0.00378747236783 0.993718472168 1.00286097168
-1.1245490982e-07 -0.00376418230007 0.99461067237 1.00196191607
-1.11873747495e-07 -0.00374126960165 0.995488533768 1.00107766808
-1.1129258517e-07 -0.00372295975655 0.996191501759 1.00037403193
-1.10711422846e-07 -0.00370464991144 0.996894469749 0.999670395769
-1.10130260521e-07 -0.00368634006634 0.99759743774 0.998966759611
-1.09549098196e-07 -0.00366831902312 0.99828936944 0.998274391345
-1.08967935872e-07 -0.00365408524505 0.998836574382 0.997729786978
-1.08386773547e-07 -0.00363985146697 0.999383779325 0.997185182611
-1.07805611222e-07 -0.00362561768889 0.999930984268 0.996640578244
-1.07224448898e-07 -0.00361138391082 1.00047818921 0.996095973876
-1.06643286573e-07 -0.00360002901362 1.0009148701 0.995663168169
-1.06062124248e-07 -0.00358909200396 1.00133550773 0.995246590734
-1.05480961924e-07 -0.00357815499429 1.00175614536 0.994830013299
-1.04899799599e-07 -0.00356721798462 1.002176783 0.994413435865
-1.04318637275e-07 -0.00355752843304 1.00254935131 0.994045118649
-1.0373747495e-07 -0.00354922500646 1.00286850694 0.993730426236
-1.03156312625e-07 -0.00354092157988 1.00318766256 0.993415733824
-1.02575150301e-07 -0.0035326181533 1.00350681819 0.993101041412
-1.01993987976e-07 -0.00352431472673 1.00382597381 0.992786349
-1.01412825651e-07 -0.00351780225995 1.00407591525 0.992540730868
-1.00831663327e-07 -0.003511575486 1.00431481567 0.992306131423
-1.00250501002e-07 -0.00350534871204 1.0045537161 0.992071531979
-9.96693386774e-08 -0.00349912193809 1.00479261652 0.991836932534
-9.90881763527e-08 -0.00349294252343 1.00502968255 0.991604155137
-9.85070140281e-08 -0.00348833113295 1.0052060134 0.991431704082
-9.79258517034e-08 -0.00348371974246 1.00538234425 0.991259253028
-9.73446893788e-08 -0.00347910835198 1.0055586751 0.991086801974
-9.67635270541e-08 -0.00347449696149 1.00573500595 0.99091435092
-9.61823647295e-08 -0.00346988557101 1.0059113368 0.990741899866
-9.56012024048e-08 -0.00346646800108 1.00604134851 0.990615285749
-9.50200400802e-08 -0.00346309543378 1.00616961415 0.990490399516
-9.44388777555e-08 -0.00345972286648 1.0062978798 0.990365513283
-9.38577154309e-08 -0.00345635029918 1.00642614544 0.99024062705
-9.32765531062e-08 -0.00345297773188 1.00655441109 0.990115740817
-9.26953907816e-08 -0.00345021760369 1.00665888588 0.990014329448
-9.21142284569e-08 -0.0034477810519 1.006750791 0.9899253208
-9.15330661323e-08 -0.00344534450011 1.00684269611 0.989836312152
-9.09519038076e-08 -0.00344290794833 1.00693460123 0.989747303505
-9.0370741483e-08 -0.00344047139654 1.00702650635 0.989658294857
-8.97895791583e-08 -0.00343809715511 1.00711598904 0.989571670975
-8.92084168337e-08 -0.00343635692174 1.00718082352 0.989509312088
-8.8627254509e-08 -0.00343461668837 1.00724565801 0.9894469532
-8.80460921844e-08 -0.003432876455 1.00731049249 0.989384594313
-8.74649298597e-08 -0.00343113622163 1.00737532697 0.989322235426
-8.68837675351e-08 -0.00342939598826 1.00744016145 0.989259876538
-8.63026052104e-08 -0.00342778670278 1.00749990305 0.989202521952
-8.57214428858e-08 -0.00342655614192 1.00754491512 0.989159640696
-8.51402805611e-08 -0.00342532558106 1.00758992719 0.98911675944
-8.45591182365e-08 -0.00342409502021 1.00763493926 0.989073878185
-8.39779559118e-08 -0.00342286445935 1.00767995133 0.989030996929
-8.33967935872e-08 -0.00342163389849 1.00772496341 0.988988115673
-8.28156312625e-08 -0.00342045606416 1.0077679248 0.988947246119
-8.22344689379e-08 -0.00341959231462 1.00779867057 0.988918360003
-8.16533066132e-08 -0.00341872856507 1.00782941634 0.988889473887
-8.10721442886e-08 -0.00341786481553 1.00786016211 0.988860587771
-8.04909819639e-08 -0.00341700106598 1.00789090788 0.988831701654
-7.99098196393e-08 -0.00341613731644 1.00792165366 0.988802815538
-7.93286573146e-08 -0.0034152735669 1.00795239943 0.988773929422
-7.874749499e-08 -0.00341460085548 1.00797571853 0.988752317045
-7.81663326653e-08 -0.00341399651496 1.0079963797 0.988733307878
-7.75851703407e-08 -0.00341339217445 1.00801704086 0.98871429871
-7.7004008016e-08 -0.00341278783393 1.00803770202 0.988695289543
-7.64228456914e-08 -0.00341218349341 1.00805836319 0.988676280375
-7.58416833667e-08 -0.0034115791529 1.00807902435 0.988657271208
-7.52605210421e-08 -0.00341097856943 1.00809953961 0.988638404675
-7.46793587174e-08 -0.00341055439492 1.00811320409 0.988626235441
-7.40981963928e-08 -0.0034101302204 1.00812686857 0.988614066206
-7.35170340681e-08 -0.00340970604588 1.00814053306 0.988601896971
-7.29358717435e-08 -0.00340928187136 1.00815419754 0.988589727736
-7.23547094188e-08 -0.00340885769684 1.00816786202 0.988577558501
-7.17735470942e-08 -0.00340843352232 1.0081815265 0.988565389266
-7.11923847695e-08 -0.00340800934781 1.00819519099 0.988553220031
-7.06112224449e-08 -0.00340770581837 1.00820417927 0.988545611016
-7.00300601202e-08 -0.00340740447996 1.00821308264 0.988538084818
-6.94488977956e-08 -0.00340710314156 1.008221986 0.988530558621
-6.88677354709e-08 -0.00340680180316 1.00823088937 0.988523032423
-6.82865731463e-08 -0.00340650046476 1.00823979273 0.988515506226
-6.77054108216e-08 -0.00340619912635 1.0082486961 0.988507980029
-6.7124248497e-08 -0.00340589778795 1.00825759946 0.988500453831
-6.65430861723e-08 -0.00340564616787 1.00826458212 0.988494793889
-6.59619238477e-08 -0.00340542703308 1.00827030982 0.988490353334
-6.5380761523e-08 -0.00340520789829 1.00827603753 0.988485912779
-6.47995991984e-08 -0.0034049887635 1.00828176523 0.988481472224
-6.42184368737e-08 -0.00340476962872 1.00828749293 0.988477031669
-6.36372745491e-08 -0.00340455049393 1.00829322063 0.988472591114
-6.30561122244e-08 -0.00340433135914 1.00829894833 0.988468150559
-6.24749498998e-08 -0.00340411222436 1.00830467603 0.988463710004
-6.18937875752e-08 -0.00340394022287 1.00830859308 0.988461018568
-6.13126252505e-08 -0.00340377510731 1.00831224561 0.988458582669
-6.07314629259e-08 -0.00340360999174 1.00831589813 0.988456146771
-6.01503006012e-08 -0.00340344487618 1.00831955066 0.988453710873
-5.95691382766e-08 -0.00340327976062 1.00832320318 0.988451274974
-5.89879759519e-08 -0.00340311464506 1.00832685571 0.988448839076
-5.84068136273e-08 -0.0034029495295 1.00833050823 0.988446403177
-5.78256513026e-08 -0.00340278441394 1.00833416076 0.988443967279
-5.7244488978e-08 -0.00340264611419 1.00833679291 0.988442507534
-5.66633266533e-08 -0.0034025159054 1.00833911718 0.988441342317
-5.60821643287e-08 -0.0034023856966 1.00834144146 0.988440177101
-5.5501002004e-08 -0.00340225548781 1.00834376574 0.988439011884
-5.49198396794e-08 -0.00340212527901 1.00834609001 0.988437846668
-5.43386773547e-08 -0.00340199507022 1.00834841429 0.988436681451
-5.37575150301e-08 -0.00340186486142 1.00835073857 0.988435516235
-5.31763527054e-08 -0.00340173465263 1.00835306284 0.988434351018
-5.25951903808e-08 -0.00340161054016 1.00835515889 0.988433400485
-5.20140280561e-08 -0.00340150258297 1.00835665014 0.988433018861
-5.14328657315e-08 -0.00340139462577 1.00835814138 0.988432637237
-5.08517034068e-08 -0.00340128666857 1.00835963263 0.988432255614
-5.02705410822e-08 -0.00340117871137 1.00836112387 0.98843187399
-4.96893787575e-08 -0.00340107075417 1.00836261512 0.988431492367
-4.91082164329e-08 -0.00340096279697 1.00836410637 0.988431110743
-4.85270541082e-08 -0.00340085483977 1.00836559761 0.988430729119
-4.79458917836e-08 -0.00340074688257 1.00836708886 0.988430347496
-4.73647294589e-08 -0.00340064415022 1.00836838989 0.988430139486
-4.67835671343e-08 -0.00340055027432 1.00836936849 0.988430225762
-4.62024048096e-08 -0.00340045639842 1.0083703471 0.988430312038
-4.5621242485e-08 -0.00340036252252 1.0083713257 0.988430398314
-4.50400801603e-08 -0.00340026864662 1.00837230431 0.98843048459
-4.44589178357e-08 -0.00340017477072 1.00837328291 0.988430570866
-4.3877755511e-08 -0.00340008089483 1.00837426151 0.988430657142
-4.32965931864e-08 -0.00339998701893 1.00837524012 0.988430743418
-4.27154308617e-08 -0.00339989314303 1.00837621872 0.988430829694
-4.21342685371e-08 -0.00339979962303 1.00837718497 0.988430926637
-4.15531062124e-08 -0.00339971469471 1.00837785297 0.9884312811
-4.09719438878e-08 -0.00339962976638 1.00837852097 0.988431635562
-4.03907815631e-08 -0.00339954483806 1.00837918897 0.988431990025
-3.98096192385e-08 -0.00339945990973 1.00837985697 0.988432344487
-3.92284569138e-08 -0.00339937498141 1.00838052497 0.98843269895
-3.86472945892e-08 -0.00339929005308 1.00838119297 0.988433053412
-3.80661322645e-08 -0.00339920512476 1.00838186097 0.988433407875
-3.74849699399e-08 -0.00339912019643 1.00838252897 0.988433762337
-3.69038076152e-08 -0.00339903526811 1.00838319697 0.9884341168
-3.63226452906e-08 -0.00339895184936 1.00838381654 0.988434508867
-3.57414829659e-08 -0.0033988727372 1.00838429796 0.988435008216
-3.51603206413e-08 -0.00339879362505 1.00838477937 0.988435507564
-3.45791583166e-08 -0.0033987145129 1.00838526079 0.988436006913
-3.3997995992e-08 -0.00339863540075 1.00838574221 0.988436506261
-3.34168336673e-08 -0.00339855628859 1.00838622362 0.98843700561
-3.28356713427e-08 -0.00339847717644 1.00838670504 0.988437504958
-3.2254509018e-08 -0.00339839806429 1.00838718646 0.988438004307
-3.16733466934e-08 -0.00339831895213 1.00838766787 0.988438503655
-3.10921843687e-08 -0.00339823983998 1.00838814929 0.988439003004
-3.05110220441e-08 -0.00339816076261 1.00838862972 0.988439502971
-2.99298597194e-08 -0.00339808561986 1.00838899856 0.988440072862
-2.93486973948e-08 -0.00339801047712 1.00838936739 0.988440642754
-2.87675350701e-08 -0.00339793533437 1.00838973623 0.988441212645
-2.81863727455e-08 -0.00339786019163 1.00839010506 0.988441782537
-2.76052104208e-08 -0.00339778504889 1.0083904739 0.988442352429
-2.70240480962e-08 -0.00339770990614 1.00839084273 0.98844292232
-2.64428857715e-08 -0.0033976347634 1.00839121157 0.988443492212
-2.58617234469e-08 -0.00339755962065 1.0083915804 0.988444062103
-2.52805611222e-08 -0.00339748447791 1.00839194924 0.988444631995
-2.46993987976e-08 -0.00339740933516 1.00839231807 0.988445201887
-2.41182364729e-08 -0.00339733496657 1.00839266845 0.988445778836
-2.35370741483e-08 -0.00339726274757 1.00839296755 0.988446375385
-2.29559118236e-08 -0.00339719052858 1.00839326665 0.988446971934
-2.2374749499e-08 -0.00339711830958 1.00839356575 0.988447568483
-2.17935871743e-08 -0.00339704609059 1.00839386485 0.988448165031
-2.12124248497e-08 -0.00339697387159 1.00839416395 0.98844876158
-2.0631262525e-08 -0.0033969016526 1.00839446305 0.988449358129
-2.00501002004e-08 -0.0033968294336 1.00839476215 0.988449954677
-1.94689378758e-08 -0.00339675721461 1.00839506125 0.988450551226
-1.88877755511e-08 -0.00339668499561 1.00839536035 0.988451147775
-1.83066132265e-08 -0.00339661277662 1.00839565945 0.988451744323
-1.77254509018e-08 -0.00339654056677 1.00839595837 0.988452340876
-1.71442885772e-08 -0.0033964707107 1.00839621177 0.98845293855
-1.65631262525e-08 -0.00339640085464 1.00839646517 0.988453536224
-1.59819639279e-08 -0.00339633099858 1.00839671857 0.988454133897
-1.54008016032e-08 -0.00339626114252 1.00839697196 0.988454731571
-1.48196392786e-08 -0.00339619128646 1.00839722536 0.988455329245
-1.42384769539e-08 -0.0033961214304 1.00839747876 0.988455926918
-1.36573146293e-08 -0.00339605157434 1.00839773216 0.988456524592
-1.30761523046e-08 -0.00339598171828 1.00839798556 0.988457122266
-1.249498998e-08 -0.00339591186221 1.00839823896 0.98845771994
-1.19138276553e-08 -0.00339584200615 1.00839849236 0.988458317613
-1.13326653307e-08 -0.00339577215009 1.00839874576 0.988458915287
-1.0751503006e-08 -0.00339570271359 1.00839899259 0.988459510193
-1.01703406814e-08 -0.0033956349432 1.00839921337 0.988460094107
-9.58917835671e-09 -0.00339556717282 1.00839943414 0.988460678021
-9.00801603206e-09 -0.00339549940243 1.00839965492 0.988461261935
-8.42685370741e-09 -0.00339543163205 1.00839987569 0.988461845849
-7.84569138277e-09 -0.00339536386167 1.00840009647 0.988462429764
-7.26452905812e-09 -0.00339529609128 1.00840031724 0.988463013678
-6.68336673347e-09 -0.0033952283209 1.00840053802 0.988463597592
-6.10220440882e-09 -0.00339516055051 1.0084007588 0.988464181506
-5.52104208417e-09 -0.00339509278013 1.00840097957 0.98846476542
-4.93987975952e-09 -0.00339502500974 1.00840120035 0.988465349334
-4.35871743487e-09 -0.00339495723936 1.00840142112 0.988465933249
-3.77755511022e-09 -0.00339488946898 1.0084016419 0.988466517163
-3.19639278557e-09 -0.00339482333124 1.00840184144 0.988467082109
-2.61523046092e-09 -0.0033947575265 1.00840203664 0.988467643186
-2.03406813627e-09 -0.00339469172176 1.00840223185 0.988468204263
-1.45290581162e-09 -0.00339462591703 1.00840242705 0.98846876534
-8.71743486974e-10 -0.00339456011229 1.00840262226 0.988469326417
-2.90581162324e-10 -0.00339449430756 1.00840281746 0.988469887494
2.90581162325e-10 -0.00339442850282 1.00840301267 0.988470448572
8.71743486974e-10 -0.00339436269809 1.00840320787 0.988471009649
1.45290581162e-09 -0.00339429689335 1.00840340308 0.988471570726
2.03406813627e-09 -0.00339423108862 1.00840359828 0.988472131803
2.61523046092e-09 -0.00339416528388 1.00840379349 0.98847269288
3.19639278557e-09 -0.00339409947914 1.00840398869 0.988473253957
3.77755511022e-09 -0.00339403398529 1.00840418044 0.988473810321
4.35871743487e-09 -0.00339397001559 1.00840435519 0.988474343578
4.93987975952e-09 -0.0033939060459 1.00840452995 0.988474876835
5.52104208417e-09 -0.00339384207621 1.00840470471 0.988475410092
6.10220440882e-09 -0.00339377810652 1.00840487947 0.988475943348
6.68336673347e-09 -0.00339371413682 1.00840505423 0.988476476605
7.26452905812e-09 -0.00339365016713 1.00840522899 0.988477009862
7.84569138277e-09 -0.00339358619744 1.00840540374 0.988477543119
8.42685370742e-09 -0.00339352222774 1.0084055785 0.988478076375
9.00801603206e-09 -0.00339345825805 1.00840575326 0.988478609632
9.58917835671e-09 -0.00339339428836 1.00840592802 0.988479142889
1.01703406814e-08 -0.00339333031867 1.00840610278 0.988479676146
1.0751503006e-08 -0.00339326634897 1.00840627754 0.988480209403
1.13326653307e-08 -0.0033932036952 1.00840643995 0.988480718301
1.19138276553e-08 -0.0033931413728 1.00840659926 0.988481221066
1.249498998e-08 -0.00339307905039 1.00840675857 0.98848172383
1.30761523046e-08 -0.00339301672799 1.00840691788 0.988482226595
1.36573146293e-08 -0.00339295440558 1.00840707719 0.988482729359
1.42384769539e-08 -0.00339289208318 1.0084072365 0.988483232124
1.48196392786e-08 -0.00339282976078 1.00840739581 0.988483734888
1.54008016032e-08 -0.00339276743837 1.00840755512 0.988484237653
1.59819639279e-08 -0.00339270511597 1.00840771443 0.988484740417
1.65631262525e-08 -0.00339264279357 1.00840787374 0.988485243182
1.71442885772e-08 -0.00339258047116 1.00840803304 0.988485745946
1.77254509018e-08 -0.00339251814876 1.00840819235 0.988486248711
1.83066132265e-08 -0.00339245726302 1.00840834203 0.988486717573
1.88877755511e-08 -0.00339239638286 1.00840849167 0.988487186304
1.94689378758e-08 -0.00339233550269 1.00840864131 0.988487655034
2.00501002004e-08 -0.00339227462253 1.00840879095 0.988488123765
2.06312625251e-08 -0.00339221374237 1.00840894059 0.988488592496
2.12124248497e-08 -0.00339215286221 1.00840909024 0.988489061226
2.17935871743e-08 -0.00339209198205 1.00840923988 0.988489529957
2.2374749499e-08 -0.00339203110189 1.00840938952 0.988489998687
2.29559118236e-08 -0.00339197022172 1.00840953916 0.988490467418
2.35370741483e-08 -0.00339190934156 1.0084096888 0.988490936148
2.41182364729e-08 -0.0033918484614 1.00840983844 0.988491404879
2.46993987976e-08 -0.00339178844001 1.00840998727 0.988491843893
2.52805611222e-08 -0.0033917287279 1.00841013582 0.988492272205
2.58617234469e-08 -0.00339166901579 1.00841028437 0.988492700516
2.64428857715e-08 -0.00339160930368 1.00841043291 0.988493128828
2.70240480962e-08 -0.00339154959157 1.00841058146 0.98849355714
2.76052104208e-08 -0.00339148987946 1.00841073001 0.988493985451
2.81863727455e-08 -0.00339143016735 1.00841087855 0.988494413763
2.87675350701e-08 -0.00339137045524 1.0084110271 0.988494842075
2.93486973948e-08 -0.00339131074313 1.00841117565 0.988495270387
2.99298597194e-08 -0.00339125103102 1.00841132419 0.988495698698
3.05110220441e-08 -0.0033911913189 1.00841147274 0.98849612701
3.10921843687e-08 -0.00339113235819 1.00841163405 0.988496503592
3.16733466934e-08 -0.00339107340412 1.00841179547 0.988496879717
3.2254509018e-08 -0.00339101445004 1.00841195689 0.988497255841
3.28356713427e-08 -0.00339095549597 1.00841211832 0.988497631966
3.34168336673e-08 -0.0033908965419 1.00841227974 0.98849800809
3.3997995992e-08 -0.00339083758783 1.00841244116 0.988498384215
3.45791583166e-08 -0.00339077863375 1.00841260258 0.98849876034
3.51603206413e-08 -0.00339071967968 1.00841276401 0.988499136464
3.57414829659e-08 -0.00339066072561 1.00841292543 0.988499512589
3.63226452906e-08 -0.00339060177154 1.00841308685 0.988499888714
3.69038076152e-08 -0.00339054290199 1.00841327498 0.988500210726
3.74849699399e-08 -0.00339048406207 1.00841347246 0.988500513771
3.80661322645e-08 -0.00339042522215 1.00841366995 0.988500816816
3.86472945892e-08 -0.00339036638223 1.00841386743 0.988501119861
3.92284569138e-08 -0.00339030754231 1.00841406491 0.988501422906
3.98096192385e-08 -0.00339024870239 1.0084142624 0.98850172595
4.03907815631e-08 -0.00339018986247 1.00841445988 0.988502028995
4.09719438878e-08 -0.00339013102255 1.00841465737 0.98850233204
4.15531062124e-08 -0.00339007218263 1.00841485485 0.988502635085
4.21342685371e-08 -0.00339001334271 1.00841505233 0.98850293813
4.27154308617e-08 -0.00338995362847 1.00841532106 0.988503136791
4.32965931864e-08 -0.003389893878 1.00841559273 0.988503331129
4.3877755511e-08 -0.00338983412754 1.00841586441 0.988503525466
4.44589178357e-08 -0.00338977437708 1.00841613608 0.988503719803
4.50400801603e-08 -0.00338971462661 1.00841640776 0.988503914141
4.5621242485e-08 -0.00338965487615 1.00841667943 0.988504108478
4.62024048096e-08 -0.00338959512568 1.00841695111 0.988504302816
4.67835671343e-08 -0.00338953537522 1.00841722278 0.988504497153
4.73647294589e-08 -0.00338947562476 1.00841749446 0.98850469149
4.79458917836e-08 -0.00338941428131 1.00841785149 0.988504780573
4.85270541082e-08 -0.00338935199809 1.00841825888 0.988504807561
4.91082164329e-08 -0.00338928971487 1.00841866627 0.988504834549
4.96893787575e-08 -0.00338922743165 1.00841907367 0.988504861537
5.02705410822e-08 -0.00338916514843 1.00841948106 0.988504888526
5.08517034068e-08 -0.00338910286521 1.00841988845 0.988504915514
5.14328657315e-08 -0.00338904058199 1.00842029584 0.988504942502
5.20140280561e-08 -0.00338897829877 1.00842070323 0.98850496949
5.25951903808e-08 -0.00338891601555 1.00842111063 0.988504996478
5.31763527054e-08 -0.00338885005569 1.00842168703 0.988504834037
5.37575150301e-08 -0.00338878270843 1.00842232721 0.988504600114
5.43386773547e-08 -0.00338871536116 1.00842296739 0.988504366191
5.49198396794e-08 -0.0033886480139 1.00842360758 0.988504132267
5.5501002004e-08 -0.00338858066664 1.00842424776 0.988503898344
5.60821643287e-08 -0.00338851331937 1.00842488794 0.988503664421
5.66633266533e-08 -0.00338844597211 1.00842552812 0.988503430497
5.7244488978e-08 -0.00338837862484 1.0084261683 0.988503196574
5.78256513026e-08 -0.00338830920534 1.00842689713 0.988502868533
5.84068136273e-08 -0.00338823291783 1.00842791972 0.988502228557
5.89879759519e-08 -0.00338815663032 1.00842894232 0.988501588581
5.95691382766e-08 -0.00338808034281 1.00842996492 0.988500948606
6.01503006012e-08 -0.0033880040553 1.00843098752 0.98850030863
6.07314629259e-08 -0.00338792776779 1.00843201012 0.988499668654
6.13126252505e-08 -0.00338785148028 1.00843303272 0.988499028679
6.18937875752e-08 -0.00338777519277 1.00843405531 0.988498388703
6.24749498998e-08 -0.00338769702446 1.00843515538 0.988497669
6.30561122244e-08 -0.00338760598229 1.00843678572 0.988496403575
6.36372745491e-08 -0.00338751494013 1.00843841607 0.988495138151
6.42184368737e-08 -0.00338742389796 1.00844004641 0.988493872726
6.47995991984e-08 -0.00338733285579 1.00844167675 0.988492607302
6.5380761523e-08 -0.00338724181363 1.00844330709 0.988491341877
6.59619238477e-08 -0.00338715077146 1.00844493744 0.988490076453
6.65430861723e-08 -0.00338705972929 1.00844656778 0.988488811028
6.7124248497e-08 -0.00338695948197 1.00844856937 0.988487170517
6.77054108216e-08 -0.00338684514628 1.00845113917 0.988484955942
6.82865731463e-08 -0.00338673081058 1.00845370896 0.988482741367
6.88677354709e-08 -0.00338661647489 1.00845627876 0.988480526792
6.94488977956e-08 -0.00338650213919 1.00845884855 0.988478312217
7.00300601202e-08 -0.0033863878035 1.00846141835 0.988476097642
7.06112224449e-08 -0.0033862734678 1.00846398814 0.988473883067
7.11923847695e-08 -0.00338615849761 1.00846658322 0.988471643236
7.17735470942e-08 -0.00338600858995 1.00847057019 0.988468012715
7.23547094188e-08 -0.00338585868229 1.00847455717 0.988464382194
7.29358717435e-08 -0.00338570877464 1.00847854414 0.988460751673
7.35170340681e-08 -0.00338555886698 1.00848253112 0.988457121152
7.40981963928e-08 -0.00338540895932 1.0084865181 0.988453490631
7.46793587174e-08 -0.00338525905167 1.00849050507 0.98844986011
7.52605210421e-08 -0.00338510914401 1.00849449205 0.988446229589
7.58416833667e-08 -0.00338490747134 1.00850052623 0.988440567701
7.64228456914e-08 -0.00338470469621 1.00850660402 0.98843486255
7.7004008016e-08 -0.00338450192108 1.0085126818 0.988429157399
7.75851703407e-08 -0.00338429914595 1.00851875959 0.988423452248
7.81663326653e-08 -0.00338409637082 1.00852483738 0.988417747096
7.874749499e-08 -0.00338389359569 1.00853091516 0.988412041945
7.93286573146e-08 -0.00338367059253 1.00853778934 0.98840555004
7.99098196393e-08 -0.00338339106934 1.00854688875 0.98839685983
8.04909819639e-08 -0.00338311154616 1.00855598817 0.988388169621
8.10721442886e-08 -0.00338283202297 1.00856508758 0.988379479411
8.16533066132e-08 -0.00338255249979 1.008574187 0.988370789202
8.22344689379e-08 -0.0033822729766 1.00858328641 0.988362098993
8.28156312625e-08 -0.00338199345342 1.00859238582 0.988353408783
8.33967935872e-08 -0.00338162051991 1.00860515267 0.988341106166
8.39779559118e-08 -0.00338123190528 1.00861853517 0.988328197122
8.45591182365e-08 -0.00338084329065 1.00863191768 0.988315288078
8.51402805611e-08 -0.00338045467602 1.00864530018 0.988302379034
8.57214428858e-08 -0.00338006606139 1.00865868269 0.988289469989
8.63026052104e-08 -0.00337967744676 1.00867206519 0.988276560945
8.68837675351e-08 -0.00337917581635 1.0086898773 0.988259297842
8.74649298597e-08 -0.0033786351096 1.00870922099 0.988240529279
8.80460921844e-08 -0.00337809440284 1.00872856467 0.988221760717
8.8627254509e-08 -0.00337755369609 1.00874790836 0.988202992154
8.92084168337e-08 -0.00337701298933 1.00876725205 0.988184223591
8.97895791583e-08 -0.00337647228258 1.00878659573 0.988165455028
9.0370741483e-08 -0.0033757419583 1.00881336393 0.988139400344
9.09519038076e-08 -0.0033749929984 1.00884086182 0.988112629578
9.15330661323e-08 -0.00337424403849 1.0088683597 0.988085858813
9.21142284569e-08 -0.00337349507859 1.00889585758 0.988059088048
9.26953907816e-08 -0.00337274611869 1.00892335546 0.988032317283
9.32765531062e-08 -0.0033719002394 1.00895464628 0.988001829471
9.38577154309e-08 -0.00337087091896 1.00899311606 0.987964306335
9.44388777555e-08 -0.00336984159852 1.00903158584 0.987926783198
9.50200400802e-08 -0.00336881227808 1.00907005562 0.987889260062
9.56012024048e-08 -0.00336778295765 1.0091085254 0.987851736926
9.61823647295e-08 -0.00336674014398 1.00914752316 0.987813697076
9.67635270541e-08 -0.0033653393846 1.00920052698 0.987761949956
9.73446893788e-08 -0.00336393862523 1.00925353081 0.987710202837
9.79258517034e-08 -0.00336253786586 1.00930653463 0.987658455717
9.85070140281e-08 -0.00336113710648 1.00935953846 0.987606708598
9.90881763527e-08 -0.00335973634711 1.00941254228 0.987554961479
9.96693386774e-08 -0.00335786510916 1.00948395825 0.987485221083
1.00250501002e-07 -0.00335597966126 1.00955593032 0.987414937234
1.00831663327e-07 -0.00335409421337 1.00962790239 0.987344653384
1.01412825651e-07 -0.00335220876547 1.00969987446 0.987274369535
1.01993987976e-07 -0.00335023755352 1.00977520433 0.987200809706
1.02575150301e-07 -0.00334772870125 1.00987158363 0.987106713316
1.03156312625e-07 -0.00334521984898 1.00996796294 0.987012616926
1.0373747495e-07 -0.0033427109967 1.01006434224 0.986918520537
1.04318637275e-07 -0.00334020214443 1.01016072154 0.986824424147
1.04899799599e-07 -0.00333727703046 1.01027340946 0.986714447753
1.05480961924e-07 -0.00333397729729 1.01040077448 0.986590179979
1.06062124248e-07 -0.00333067756412 1.0105281395 0.986465912205
1.06643286573e-07 -0.00332737783095 1.01065550452 0.986341644431
1.07224448898e-07 -0.00332395256997 1.01078779238 0.986212594564
1.07805611222e-07 -0.00331966253174 1.0109539943 0.986050600252
1.08386773547e-07 -0.00331537249351 1.01112019622 0.985888605939
1.08967935872e-07 -0.00331108245528 1.01128639814 0.985726611626
1.09549098196e-07 -0.00330679241705 1.01145260006 0.985564617313
1.10130260521e-07 -0.00330136450553 1.0116634836 0.985359343807
1.10711422846e-07 -0.0032958498243 1.01187777438 0.98515077
1.1129258517e-07 -0.00329033514306 1.01209206517 0.984942196193
1.11873747495e-07 -0.00328482046182 1.01230635595 0.984733622386
1.1245490982e-07 -0.00327792265224 1.01257504759 0.984472538901
1.13036072144e-07 -0.00327091144555 1.01284819933 0.98420715036
1.13617234469e-07 -0.00326390023886 1.01312135108 0.983941761819
1.14198396794e-07 -0.00325670252305 1.01340185335 0.983669308065
1.14779559118e-07 -0.00324788317909 1.01374626568 0.983335424882
1.15360721443e-07 -0.00323906383514 1.014090678 0.9830015417
1.15941883768e-07 -0.00323024449118 1.01443509033 0.982667658517
1.16523046092e-07 -0.00322043648383 1.01481856218 0.982296420059
1.17104208417e-07 -0.00320945602318 1.01524835462 0.981880882077
1.17685370741e-07 -0.00319847556253 1.01567814705 0.981465344096
1.18266533066e-07 -0.00318749510187 1.01610793949 0.981049806114
1.18847695391e-07 -0.00317401145141 1.01663691537 0.98053997517
1.19428857715e-07 -0.00316047452161 1.01716800234 0.98002813724
1.2001002004e-07 -0.0031469375918 1.0176990893 0.979516299309
1.20591182365e-07 -0.00313142276335 1.01830881639 0.978930219421
1.21172344689e-07 -0.00311489133396 1.01895896297 0.978305980628
1.21753507014e-07 -0.00309835990456 1.01960910954 0.977681741835
1.22334669339e-07 -0.00308011123473 1.02032780737 0.976993309856
1.22915831663e-07 -0.00306010503878 1.02111666463 0.976239178747
1.23496993988e-07 -0.00304009884283 1.0219055219 0.975485047637
1.24078156313e-07 -0.00301820153751 1.02277022214 0.974660558307
1.24659318637e-07 -0.00299419928153 1.02371934147 0.973757754848
1.25240480962e-07 -0.00297019702555 1.0246684608 0.972854951389
1.25821643287e-07 -0.00294350211934 1.02572614358 0.971852510442
1.26402805611e-07 -0.00291494345989 1.02685896999 0.970781104099
1.26983967936e-07 -0.00288638480043 1.02799179639 0.969709697756
1.27565130261e-07 -0.00285349247555 1.02930040436 0.968478914783
1.28146292585e-07 -0.00281978073641 1.03064224929 0.967217996699
1.2872745491e-07 -0.0027848127234 1.03203539721 0.965911196762
1.29308617234e-07 -0.00274531830529 1.03361339184 0.96443908267
1.29889779559e-07 -0.00270582388719 1.03519138647 0.962966968577
1.30470941884e-07 -0.0026617307891 1.03695860358 0.961328199219
1.31052104208e-07 -0.00261579520402 1.03880163373 0.959622658491
1.31633266533e-07 -0.00256754028519 1.04074089975 0.957833787409
1.32214428858e-07 -0.00251448073106 1.04287952396 0.955872292633
1.32795591182e-07 -0.0024610547486 1.04503349289 0.953897757381
1.33376753507e-07 -0.00240016912731 1.04749984513 0.951657748012
1.33957915832e-07 -0.00233928350603 1.04996619737 0.949417738642
1.34539078156e-07 -0.00227094335851 1.05274787198 0.946915194386
1.35120240481e-07 -0.0022015156314 1.05557555061 0.94437434755
1.35701402806e-07 -0.00212469006881 1.05871958485 0.941575914275
1.3628256513e-07 -0.00204599583924 1.0619435294 0.938712415579
1.36863727455e-07 -0.00195911463858 1.06552171707 0.935567354219
1.3744488978e-07 -0.00187042685031 1.06917807421 0.932360161502
1.38026052104e-07 -0.00177176145248 1.07327163084 0.928814366311
1.38607214429e-07 -0.00167087699809 1.07746329901 0.925193977427
1.39188376754e-07 -0.00156003871895 1.08209702504 0.921240589648
1.39769539078e-07 -0.00144421951912 1.08695513203 0.917123093457
1.40350701403e-07 -0.00132124704269 1.09213548048 0.912769915364
1.40931863727e-07 -0.00118839958134 1.09776741323 0.908096619433
1.41513026052e-07 -0.00104983776323 1.10366268016 0.903239611252
1.42094188377e-07 -0.000900574778725 1.11005509207 0.898041608241
1.42675350701e-07 -0.000741256665254 1.11692239628 0.89252894035
1.43256513026e-07 -0.000573647214071 1.12418475405 0.886759299911
1.43837675351e-07 -0.000395579339576 1.13194958814 0.880668527525
1.44418837675e-07 -0.000203323022817 1.14040831284 0.874150649277
1.45e-07 0 1.14940222366 0.867294499459
