-1.45e-07 -0.0226206762457 0.818289719938 1.21724238484
-1.44418837675e-07 -0.0223102947614 0.828170666066 1.20277003401
-1.43837675351e-07 -0.0220158036929 0.837582906966 1.18921009609
-1.43256513026e-07 -0.0217408158903 0.84643463748 1.17678971764
-1.42675350701e-07 -0.0214810018393 0.854836880179 1.1652348466
-1.42094188377e-07 -0.0212337017908 0.862861805416 1.15438381704
-1.41513026052e-07 -0.0209979994539 0.870532780698 1.14417871709
-1.40931863727e-07 -0.0207792969408 0.877671687362 1.13490132605
-1.40350701403e-07 -0.0205708619281 0.884481122487 1.12617303923
-1.39769539078e-07 -0.0203713911466 0.891000832541 1.11792140672
-1.39188376754e-07 -0.0201846077456 0.897103807196 1.11033554031
-1.38607214429e-07 -0.0200078773824 0.902869289825 1.10326791318
-1.38026052104e-07 -0.019837962004 0.908404274301 1.09654950269
-1.3744488978e-07 -0.0196789755876 0.913564801952 1.09038521265
-1.36863727455e-07 -0.0195278987778 0.918449113669 1.08461580269
-1.3628256513e-07 -0.0193819339358 0.923154551394 1.07910119839
-1.35701402806e-07 -0.0192469449312 0.92746982104 1.07412673669
-1.35120240481e-07 -0.0191165042799 0.931620702004 1.06937314768
-1.34539078156e-07 -0.0189921919611 0.935550089943 1.06491715678
-1.33957915832e-07 -0.0188754112808 0.939203020674 1.06082243526
-1.33376753507e-07 -0.0187615304132 0.942749200475 1.0568664943
-1.32795591182e-07 -0.0186561348926 0.945979386102 1.05331297469
-1.32214428858e-07 -0.0185534320901 0.949107934134 1.04988583146
-1.31633266533e-07 -0.0184563595803 0.952023964778 1.04672293273
-1.31052104208e-07 -0.0183634178913 0.954782100071 1.04375205378
-1.30470941884e-07 -0.01827396633 0.957406829691 1.0409434122
-1.29889779559e-07 -0.018189516028 0.959838126815 1.03836521752
-1.29308617234e-07 -0.0181070239727 0.962193685308 1.03587725449
-1.2872745491e-07 -0.018029933892 0.964337992626 1.03363620707
-1.28146292585e-07 -0.0179537799228 0.966445692096 1.03143794782
-1.27565130261e-07 -0.017883048452 0.968339125291 1.02948572385
-1.26983967936e-07 -0.017812650433 0.970219382373 1.0275486296
-1.26402805611e-07 -0.0177473962725 0.971894384278 1.02584336024
-1.25821643287e-07 -0.01768221048 0.973566658101 1.02414117211
-1.25240480962e-07 -0.0176216632665 0.975052115337 1.0226467495
-1.24659318637e-07 -0.0175611833925 0.976534860507 1.02115534308
-1.24078156313e-07 -0.0175046742966 0.977856267186 1.01984078384
-1.23496993988e-07 -0.0174484303364 0.979166901015 1.01853803299
-1.22915831663e-07 -0.0173953827348 0.98034655984 1.01737689417
-1.22334669339e-07 -0.0173429397702 0.981501442868 1.01624254328
-1.21753507014e-07 -0.0172928600892 0.982558694267 1.015212386
-1.21172344689e-07 -0.0172438169782 0.983573123038 1.01422792951
-1.20591182365e-07 -0.0171962857993 0.984524593503 1.01330982683
-1.2001002004e-07 -0.0171502737858 0.985412804465 1.01245839539
-1.19428857715e-07 -0.0171049372951 0.986272665955 1.01163648134
-1.18847695391e-07 -0.0170616185501 0.987047849302 1.01090273392
-1.18266533066e-07 -0.0170182998051 0.987823032649 1.01016898649
-1.17685370741e-07 -0.0169772465131 0.988502404634 1.00953381243
-1.17104208417e-07 -0.0169363126219 0.989176726877 1.00890383368
-1.16523046092e-07 -0.0168966305911 0.989797693064 1.00832809926
-1.15941883768e-07 -0.0168578009986 0.990382327128 1.00778930182
-1.15360721443e-07 -0.0168193126656 0.990952301512 1.00726522978
-1.14779559118e-07 -0.0167823330941 0.991457463171 1.00680626103
-1.14198396794e-07 -0.0167453535226 0.991962624831 1.00634729228
-1.13617234469e-07 -0.0167095362785 0.992417452088 1.0059382631
-1.13036072144e-07 -0.0166741771303 0.992852441578 1.00554891609
-1.1245490982e-07 -0.0166390895649 0.993275571715 1.00517118517
-1.11873747495e-07 -0.0166051443225 0.993648819426 1.0048423135
-1.1129258517e-07 -0.01657119908 0.994022067138 1.00451344183
-1.10711422846e-07 -0.0165380003076 0.994362432607 1.00421634424
-1.10130260521e-07 -0.0165052839436 0.994681547836 1.00393978076
-1.09549098196e-07 -0.0164725675796 0.995000663065 1.00366321728
-1.08967935872e-07 -0.0164408745446 0.995274282889 1.00342998393
-1.08386773547e-07 -0.0164092219531 0.995546104671 1.00319846306
-1.07805611222e-07 -0.0163778025416 0.995807457414 1.00297675823
-1.07224448898e-07 -0.0163470670003 0.996038106572 1.00278384191
-1.06643286573e-07 -0.016316331459 0.99626875573 1.00259092558
-1.06062124248e-07 -0.0162859760227 0.99648215877 1.00241390629
-1.05480961924e-07 -0.016256027697 0.996677090391 1.00225391348
-1.04899799599e-07 -0.0162260793713 0.996872022012 1.00209392068
-1.04318637275e-07 -0.0161965658289 0.997047001301 1.00195197813
-1.0373747495e-07 -0.0161672903252 0.99721105692 1.00181991788
-1.03156312625e-07 -0.0161380148215 0.99737511254 1.00168785762
-1.02575150301e-07 -0.0161091645675 0.997519411577 1.00157330433
-1.01993987976e-07 -0.0160804615436 0.997656870483 1.00146481229
-1.01412825651e-07 -0.0160517585197 0.997794329389 1.00135632026
-1.00831663327e-07 -0.0160234293798 0.997914183947 1.00126307361
-1.00250501002e-07 -0.0159952112188 0.998028813058 1.00117435222
-9.96693386774e-08 -0.0159669930578 0.998143442169 1.00108563082
-9.90881763527e-08 -0.0159390730444 0.998243826603 1.00100893374
-9.85070140281e-08 -0.0159112635971 0.998338928491 1.00093669579
-9.79258517034e-08 -0.0158834541498 0.998434030379 1.00086445785
-9.73446893788e-08 -0.0158558559891 0.998518875571 1.00080063436
-9.67635270541e-08 -0.0158283893892 0.998597334276 1.00074205027
-9.61823647295e-08 -0.0158009227893 0.998675792981 1.00068346617
-9.56012024048e-08 -0.0157735791799 0.998748176662 1.00062970988
-9.50200400802e-08 -0.0157463987339 0.998812501009 1.00058235833
-9.44388777555e-08 -0.0157192182879 0.998876825356 1.00053500677
-9.38577154309e-08 -0.0156920778445 0.998939136097 1.0004891997
-9.32765531062e-08 -0.0156651349995 0.998991500323 1.00045102184
-9.26953907816e-08 -0.0156381921546 0.999043864548 1.00041284399
-9.21142284569e-08 -0.0156112493097 0.999096228774 1.00037466614
-9.15330661323e-08 -0.0155844693721 0.999140222663 1.00034266057
-9.09519038076e-08 -0.015557722761 0.999182504203 1.00031191769
-9.0370741483e-08 -0.0155309761499 0.999224785742 1.00028117481
-8.97895791583e-08 -0.0155042961731 0.999263566719 1.00025290314
-8.92084168337e-08 -0.0154777107372 0.999297381087 1.00022813762
-8.8627254509e-08 -0.0154511253013 0.999331195456 1.0002033721
-8.80460921844e-08 -0.0154245398654 0.999365009825 1.00017860657
-8.74649298597e-08 -0.0153980750348 0.999392335384 1.00015820729
-8.68837675351e-08 -0.015371621223 0.999419068115 1.00013820691
-8.63026052104e-08 -0.0153451674111 0.999445800847 1.00011820653
-8.57214428858e-08 -0.0153187495936 0.999470547133 1.00009947469
-8.51402805611e-08 -0.015292402636 0.999491382817 1.00008324012
-8.45591182365e-08 -0.0152660556784 0.999512218502 1.00006700556
-8.39779559118e-08 -0.0152397087208 0.999533054186 1.00005077099
-8.33967935872e-08 -0.0152134197999 0.999550599828 1.00003652227
-8.28156312625e-08 -0.0151871590533 0.999566548301 1.0000232376
-8.22344689379e-08 -0.0151608983066 0.999582496775 1.00000995292
-8.16533066132e-08 -0.01513463756 0.999598445248 0.999996668248
-8.10721442886e-08 -0.0151084406227 0.999610673946 0.999985498774
-8.04909819639e-08 -0.0150822489843 0.999622593743 0.999974504951
-7.99098196393e-08 -0.0150560573459 0.999634513541 0.999963511129
-7.93286573146e-08 -0.0150298703965 0.999646152073 0.999952667709
-7.874749499e-08 -0.0150037337829 0.999654771274 0.999943438821
-7.81663326653e-08 -0.0149775971693 0.999663390475 0.999934209934
-7.75851703407e-08 -0.0149514605556 0.999672009676 0.999924981047
-7.7004008016e-08 -0.0149253307626 0.999680207951 0.999915963987
-7.64228456914e-08 -0.0148992376491 0.999686142566 0.999908086094
-7.58416833667e-08 -0.0148731445356 0.999692077182 0.9999002082
-7.52605210421e-08 -0.0148470514222 0.999698011798 0.999892330307
-7.46793587174e-08 -0.0148209629481 0.999703652186 0.999884592468
-7.40981963928e-08 -0.0147949039652 0.999707422267 0.999877744909
-7.35170340681e-08 -0.0147688449823 0.999711192348 0.999870897351
-7.29358717435e-08 -0.0147427859994 0.999714962429 0.999864049792
-7.23547094188e-08 -0.0147167275599 0.999718697198 0.999857218321
-7.17735470942e-08 -0.014690695141 0.999720740839 0.999851157301
-7.11923847695e-08 -0.0146646627222 0.99972278448 0.999845096281
-7.06112224449e-08 -0.0146386303034 0.999724828121 0.999839035261
-7.00300601202e-08 -0.0146125978845 0.999726871762 0.999832974241
-6.94488977956e-08 -0.0145865820294 0.999727817789 0.999827402377
-6.88677354709e-08 -0.0145605701067 0.999728503224 0.999821946647
-6.82865731463e-08 -0.0145345581841 0.999729188658 0.999816490918
-6.77054108216e-08 -0.0145085462614 0.999729874093 0.999811035188
-6.7124248497e-08 -0.0144825421198 0.999730038267 0.999805814993
-6.65430861723e-08 -0.0144565458628 0.999729674244 0.999800833465
-6.59619238477e-08 -0.0144305496057 0.999729310222 0.999795851938
-6.5380761523e-08 -0.0144045533486 0.9997289462 0.99979087041
-6.47995991984e-08 -0.0143785580845 0.99972851586 0.999785920951
-6.42184368737e-08 -0.0143525736767 0.999727360495 0.999781322071
-6.36372745491e-08 -0.0143265892689 0.99972620513 0.999776723191
-6.30561122244e-08 -0.0143006048611 0.999725049764 0.999772124311
-6.24749498998e-08 -0.0142746204532 0.999723894399 0.999767525431
-6.18937875752e-08 -0.0142486410688 0.999722412198 0.999763108917
-6.13126252505e-08 -0.0142226655195 0.999720680477 0.999758831628
-6.07314629259e-08 -0.0141966899701 0.999718948755 0.999754554339
-6.01503006012e-08 -0.0141707144208 0.999717217034 0.999750277051
-5.95691382766e-08 -0.0141447388715 0.999715485313 0.999745999762
-5.89879759519e-08 -0.0141187694914 0.99971337771 0.999741990054
-5.84068136273e-08 -0.0140928004769 0.999711247835 0.999737996202
-5.78256513026e-08 -0.0140668314625 0.999709117959 0.99973400235
-5.7244488978e-08 -0.014040862448 0.999706988084 0.999730008499
-5.66633266533e-08 -0.014014894441 0.999704804848 0.999726070232
-5.60821643287e-08 -0.0139889301728 0.999702423585 0.999722338253
-5.5501002004e-08 -0.0139629659047 0.999700042322 0.999718606274
-5.49198396794e-08 -0.0139370016365 0.999697661059 0.999714874295
-5.43386773547e-08 -0.0139110373683 0.999695279796 0.999711142317
-5.37575150301e-08 -0.013885074349 0.999692849976 0.999707503257
-5.31763527054e-08 -0.0138591134643 0.999690337163 0.999704023014
-5.25951903808e-08 -0.0138331525796 0.999687824351 0.99970054277
-5.20140280561e-08 -0.0138071916948 0.999685311539 0.999697062526
-5.14328657315e-08 -0.0137812308101 0.999682798726 0.999693582282
-5.08517034068e-08 -0.0137552708963 0.999680271564 0.999690204576
-5.02705410822e-08 -0.0137293123682 0.999677723924 0.999686973204
-4.96893787575e-08 -0.0137033538401 0.999675176283 0.999683741831
-4.91082164329e-08 -0.013677395312 0.999672628642 0.999680510459
-4.85270541082e-08 -0.0136514367839 0.999670081002 0.999677279087
-4.79458917836e-08 -0.0136254787946 0.999667547573 0.999674132287
-4.73647294589e-08 -0.0135995218594 0.999665041949 0.99967115094
-4.67835671343e-08 -0.0135735649242 0.999662536324 0.999668169593
-4.62024048096e-08 -0.013547607989 0.999660030699 0.999665188246
-4.5621242485e-08 -0.0135216510538 0.999657525074 0.999662206899
-4.50400801603e-08 -0.0134956942686 0.999655034217 0.999659262225
-4.44589178357e-08 -0.0134697383667 0.999652630358 0.9996565336
-4.3877755511e-08 -0.0134437824647 0.9996502265 0.999653804976
-4.32965931864e-08 -0.0134178265628 0.999647822641 0.999651076351
-4.27154308617e-08 -0.0133918706609 0.999645418783 0.999648347726
-4.21342685371e-08 -0.013365914759 0.999643014924 0.999645619101
-4.15531062124e-08 -0.0133399593803 0.999640732915 0.999643102207
-4.09719438878e-08 -0.0133140041089 0.999638475905 0.99964062875
-4.03907815631e-08 -0.0132880488376 0.999636218894 0.999638155293
-3.98096192385e-08 -0.0132620935662 0.999633961883 0.999635681836
-3.92284569138e-08 -0.0132361382949 0.999631704872 0.999633208379
-3.86472945892e-08 -0.0132101831587 0.999629517715 0.999630834657
-3.80661322645e-08 -0.0131842282346 0.999627440113 0.999628617355
-3.74849699399e-08 -0.0131582733105 0.999625362511 0.999626400054
-3.69038076152e-08 -0.0131323183864 0.999623284909 0.999624182752
-3.63226452906e-08 -0.0131063634622 0.999621207307 0.99962196545
-3.57414829659e-08 -0.0130804085381 0.999619129705 0.999619748149
-3.51603206413e-08 -0.0130544537402 0.999617217428 0.999617740167
-3.45791583166e-08 -0.0130284989699 0.999615341218 0.999615777848
-3.3997995992e-08 -0.0130025441996 0.999613465008 0.99961381553
-3.34168336673e-08 -0.0129765894292 0.999611588797 0.999611853212
-3.28356713427e-08 -0.0129506346589 0.999609712587 0.999609890894
-3.2254509018e-08 -0.0129246798918 0.999607862437 0.999607959104
-3.16733466934e-08 -0.0128987251487 0.999606200812 0.999606248162
-3.10921843687e-08 -0.0128727704056 0.999604539188 0.999604537219
-3.05110220441e-08 -0.0128468156625 0.999602877563 0.999602826277
-2.99298597194e-08 -0.0128208609194 0.999601215938 0.999601115335
-2.93486973948e-08 -0.0127949061763 0.999599554313 0.999599404392
-2.87675350701e-08 -0.0127689514187 0.999597956211 0.999597764096
-2.81863727455e-08 -0.0127429966254 0.999596515258 0.999596298569
-2.76052104208e-08 -0.012717041832 0.999595074305 0.999594833042
-2.70240480962e-08 -0.0126910870387 0.999593633351 0.999593367515
-2.64428857715e-08 -0.0126651322453 0.999592192398 0.999591901988
-2.58617234469e-08 -0.012639177452 0.999590751444 0.999590436461
-2.52805611222e-08 -0.0126132226294 0.99958938063 0.999589046216
-2.46993987976e-08 -0.0125872677439 0.999588160928 0.999587818167
-2.41182364729e-08 -0.0125613128584 0.999586941226 0.999586590117
-2.35370741483e-08 -0.0125353579728 0.999585721524 0.999585362067
-2.29559118236e-08 -0.0125094030873 0.999584501822 0.999584134017
-2.2374749499e-08 -0.0124834482017 0.99958328212 0.999582905967
-2.17935871743e-08 -0.0124574932938 0.999582107223 0.999581724842
-2.12124248497e-08 -0.0124315382994 0.999581105389 0.999580724963
-2.0631262525e-08 -0.012405583305 0.999580103556 0.999579725083
-2.00501002004e-08 -0.0123796283106 0.999579101722 0.999578725204
-1.94689378758e-08 -0.0123536733162 0.999578099888 0.999577725324
-1.88877755511e-08 -0.0123277183218 0.999577098054 0.999576725445
-1.83066132265e-08 -0.0123017633273 0.99957609622 0.999575725565
-1.77254509018e-08 -0.0122758082304 0.999575295905 0.999574933159
-1.71442885772e-08 -0.0122498531281 0.999574506085 0.999574151559
-1.65631262525e-08 -0.0122238980258 0.999573716265 0.999573369959
-1.59819639279e-08 -0.0121979429235 0.999572926446 0.999572588359
-1.54008016032e-08 -0.0121719878212 0.999572136626 0.999571806759
-1.48196392786e-08 -0.0121460327189 0.999571346806 0.999571025158
-1.42384769539e-08 -0.0121200775647 0.999570669428 0.999570357962
-1.36573146293e-08 -0.0120941223676 0.999570084739 0.999569785072
-1.30761523046e-08 -0.0120681671706 0.99956950005 0.999569212182
-1.249498998e-08 -0.0120422119736 0.999568915361 0.999568639292
-1.19138276553e-08 -0.0120162567765 0.999568330672 0.999568066402
-1.13326653307e-08 -0.0119903015795 0.999567745983 0.999567493512
-1.0751503006e-08 -0.0119643463824 0.999567161293 0.999566920622
-1.01703406814e-08 -0.0119383911124 0.999566774236 0.999566547191
-9.58917835671e-09 -0.011912435842 0.999566388144 0.999566174733
-9.00801603206e-09 -0.0118864805716 0.999566002051 0.999565802275
-8.42685370741e-09 -0.0118605253011 0.999565615958 0.999565429818
-7.84569138277e-09 -0.0118345700307 0.999565229866 0.99956505736
-7.26452905812e-09 -0.0118086147603 0.999564843773 0.999564684902
-6.68336673347e-09 -0.0117826594765 0.999564513456 0.999564368424
-6.10220440882e-09 -0.0117567041595 0.999564321068 0.999564190381
-5.52104208417e-09 -0.0117307488426 0.99956412868 0.999564012338
-4.93987975952e-09 -0.0117047935256 0.999563936292 0.999563834294
-4.35871743487e-09 -0.0116788382086 0.999563743904 0.999563656251
-3.77755511022e-09 -0.0116528828917 0.999563551516 0.999563478208
-3.19639278557e-09 -0.0116269275747 0.999563359128 0.999563300164
-2.61523046092e-09 -0.0116009722509 0.999563247782 0.99956320313
-2.03406813627e-09 -0.0115750169177 0.999563247024 0.99956321664
-1.45290581162e-09 -0.0115490615845 0.999563246265 0.999563230149
-8.71743486974e-10 -0.0115231062514 0.999563245507 0.999563243659
-2.90581162324e-10 -0.0114971509182 0.999563244748 0.999563257169
2.90581162325e-10 -0.011471195585 0.999563243989 0.999563270678
8.71743486974e-10 -0.0114452402518 0.999563243231 0.999563284188
1.45290581162e-09 -0.0114192849251 0.999563319114 0.999563374026
2.03406813627e-09 -0.0113933296081 0.999563511732 0.999563580119
2.61523046092e-09 -0.0113673742911 0.999563704349 0.999563786212
3.19639278557e-09 -0.0113414189742 0.999563896966 0.999563992306
3.77755511022e-09 -0.0113154636572 0.999564089583 0.999564198399
4.35871743487e-09 -0.0112895083402 0.9995642822 0.999564404493
4.93987975952e-09 -0.0112635530233 0.999564474817 0.999564610586
5.52104208417e-09 -0.0112375977163 0.999564708262 0.999564857148
6.10220440882e-09 -0.0112116424484 0.999565100595 0.999565261206
6.68336673347e-09 -0.0111856871805 0.999565492929 0.999565665263
7.26452905812e-09 -0.0111597319126 0.999565885263 0.99956606932
7.84569138277e-09 -0.0111337766447 0.999566277597 0.999566473378
8.42685370742e-09 -0.0111078213768 0.999566669931 0.999566877435
9.00801603206e-09 -0.0110818661089 0.999567062265 0.999567281493
9.58917835671e-09 -0.011055910841 0.999567454598 0.99956768555
1.01703406814e-08 -0.0110299556403 0.999568024957 0.99956826477
1.0751503006e-08 -0.0110040004521 0.999568628402 0.999568876544
1.13326653307e-08 -0.0109780452639 0.999569231847 0.999569488318
1.19138276553e-08 -0.0109520900757 0.999569835292 0.999570100092
1.249498998e-08 -0.0109261348876 0.999570438736 0.999570711866
1.30761523046e-08 -0.0109001796994 0.999571042181 0.99957132364
1.36573146293e-08 -0.0108742245112 0.999571645626 0.999571935414
1.42384769539e-08 -0.010848269355 0.999572319382 0.999572615524
1.48196392786e-08 -0.0108223142705 0.999573150435 0.999573448507
1.54008016032e-08 -0.010796359186 0.999573981488 0.999574281491
1.59819639279e-08 -0.0107704041014 0.999574812541 0.999575114474
1.65631262525e-08 -0.0107444490169 0.999575643594 0.999575947458
1.71442885772e-08 -0.0107184939323 0.999576474647 0.999576780442
1.77254509018e-08 -0.0106925388478 0.9995773057 0.999577613425
1.83066132265e-08 -0.0106665837633 0.999578136753 0.999578446409
1.88877755511e-08 -0.0106406287453 0.999579116373 0.999579420851
1.94689378758e-08 -0.0106146737721 0.999580196174 0.999580490678
2.00501002004e-08 -0.010588718799 0.999581275975 0.999581560506
2.06312625251e-08 -0.0105627638259 0.999582355776 0.999582630334
2.12124248497e-08 -0.0105368088528 0.999583435577 0.999583700161
2.17935871743e-08 -0.0105108538796 0.999584515378 0.999584769989
2.2374749499e-08 -0.0104848989065 0.999585595179 0.999585839816
2.29559118236e-08 -0.0104589439334 0.99958667498 0.999586909644
2.35370741483e-08 -0.0104329890202 0.999587947355 0.999588156628
2.41182364729e-08 -0.0104070341322 0.999589300641 0.999589478047
2.46993987976e-08 -0.0103810792442 0.999590653928 0.999590799465
2.52805611222e-08 -0.0103551243562 0.999592007214 0.999592120883
2.58617234469e-08 -0.0103291694683 0.9995933605 0.999593442302
2.64428857715e-08 -0.0103032145803 0.999594713786 0.99959476372
2.70240480962e-08 -0.0102772596923 0.999596067073 0.999596085139
2.76052104208e-08 -0.0102513048043 0.999597420359 0.999597406557
2.81863727455e-08 -0.0102253499102 0.999598961358 0.999598890737
2.87675350701e-08 -0.0101993950126 0.999600614843 0.999600472451
2.93486973948e-08 -0.0101734401149 0.999602268327 0.999602054165
2.99298597194e-08 -0.0101474852172 0.999603921812 0.999603635879
3.05110220441e-08 -0.0101215303195 0.999605575296 0.999605217593
3.10921843687e-08 -0.0100955754218 0.999607228781 0.999606799307
3.16733466934e-08 -0.0100696205242 0.999608882265 0.999608381021
3.2254509018e-08 -0.0100436656265 0.99961053575 0.999609962734
3.28356713427e-08 -0.0100177106439 0.999612305731 0.999611635173
3.34168336673e-08 -0.0099917555079 0.999614286138 0.999613471485
3.3997995992e-08 -0.00996580037192 0.999616266545 0.999615307796
3.45791583166e-08 -0.00993984523594 0.999618246952 0.999617144108
3.51603206413e-08 -0.00991389009996 0.999620227359 0.99961898042
3.57414829659e-08 -0.00988793496397 0.999622207766 0.999620816732
3.63226452906e-08 -0.00986197982799 0.999624188173 0.999622653044
3.69038076152e-08 -0.00983602469201 0.99962616858 0.999624489355
3.74849699399e-08 -0.00981006955603 0.999628148987 0.999626325667
3.80661322645e-08 -0.00978411377338 0.999630443736 0.999628359453
3.86472945892e-08 -0.00975815791311 0.999632776223 0.999630416946
3.92284569138e-08 -0.00973220205283 0.99963510871 0.999632474439
3.98096192385e-08 -0.00970624619255 0.999637441197 0.999634531932
4.03907815631e-08 -0.00968029033228 0.999639773684 0.999636589425
4.09719438878e-08 -0.009654334472 0.999642106171 0.999638646918
4.15531062124e-08 -0.00962837861172 0.999644438658 0.999640704411
4.21342685371e-08 -0.00960242275144 0.999646771145 0.999642761904
4.27154308617e-08 -0.00957646649954 0.999649190221 0.999644851348
4.32965931864e-08 -0.00955050893749 0.999651898971 0.999647047682
4.3877755511e-08 -0.00952455137544 0.999654607722 0.999649244017
4.44589178357e-08 -0.00949859381339 0.999657316473 0.999651440351
4.50400801603e-08 -0.00947263625134 0.999660025223 0.999653636685
4.5621242485e-08 -0.00944667868929 0.999662733974 0.999655833019
4.62024048096e-08 -0.00942072112725 0.999665442725 0.999658029353
4.67835671343e-08 -0.0093947635652 0.999668151475 0.999660225687
4.73647294589e-08 -0.00936880600315 0.999670860226 0.999662422022
4.79458917836e-08 -0.00934284712607 0.999673716668 0.999664608664
4.85270541082e-08 -0.00931688594735 0.999676831609 0.999666778342
4.91082164329e-08 -0.00929092476862 0.99967994655 0.99966894802
4.96893787575e-08 -0.00926496358989 0.999683061491 0.999671117698
5.02705410822e-08 -0.00923900241117 0.999686176432 0.999673287376
5.08517034068e-08 -0.00921304123244 0.999689291373 0.999675457054
5.14328657315e-08 -0.00918708005372 0.999692406313 0.999677626732
5.20140280561e-08 -0.00916111887499 0.999695521254 0.99967979641
5.25951903808e-08 -0.00913515769627 0.999698636195 0.999681966088
5.31763527054e-08 -0.00910919440474 0.999701884693 0.999684040027
5.37575150301e-08 -0.00908322590096 0.999705462673 0.999685877781
5.43386773547e-08 -0.00905725739719 0.999709040653 0.999687715534
5.49198396794e-08 -0.00903128889341 0.999712618633 0.999689553287
5.5501002004e-08 -0.00900532038964 0.999716196613 0.99969139104
5.60821643287e-08 -0.00897935188586 0.999719774593 0.999693228793
5.66633266533e-08 -0.00895338338209 0.999723352573 0.999695066546
5.7244488978e-08 -0.00892741487831 0.999726930553 0.9996969043
5.78256513026e-08 -0.00890144637454 0.999730508533 0.999698742053
5.84068136273e-08 -0.00887547787076 0.999734086513 0.999700579806
5.89879759519e-08 -0.00884949488557 0.999738263973 0.99970154422
5.95691382766e-08 -0.00882351189634 0.999742441599 0.999702508392
6.01503006012e-08 -0.0087975289071 0.999746619225 0.999703472563
6.07314629259e-08 -0.00877154591787 0.999750796852 0.999704436734
6.13126252505e-08 -0.00874556292864 0.999754974478 0.999705400905
6.18937875752e-08 -0.00871957993941 0.999759152105 0.999706365076
6.24749498998e-08 -0.00869359695018 0.999763329731 0.999707329247
6.30561122244e-08 -0.00866761396095 0.999767507358 0.999708293418
6.36372745491e-08 -0.00864163097171 0.999771684984 0.999709257589
6.42184368737e-08 -0.00861563402458 0.999776323319 0.999709324343
6.47995991984e-08 -0.00858962269066 0.999781436518 0.999708466104
6.5380761523e-08 -0.00856361135675 0.999786549716 0.999707607866
6.59619238477e-08 -0.00853760002284 0.999791662915 0.999706749628
6.65430861723e-08 -0.00851158868893 0.999796776113 0.99970589139
6.7124248497e-08 -0.00848557735502 0.999801889312 0.999705033152
6.77054108216e-08 -0.00845956602111 0.99980700251 0.999704174914
6.82865731463e-08 -0.0084335546872 0.999812115709 0.999703316675
6.88677354709e-08 -0.00840754335329 0.999817228907 0.999702458437
6.94488977956e-08 -0.00838153201938 0.999822342106 0.999701600199
7.00300601202e-08 -0.00835547855663 0.999828771451 0.999698083688
7.06112224449e-08 -0.00832941189429 0.999835613165 0.9996937343
7.11923847695e-08 -0.00830334523195 0.999842454879 0.999689384912
7.17735470942e-08 -0.00827727856961 0.999849296593 0.999685035524
7.23547094188e-08 -0.00825121190727 0.999856138307 0.999680686137
7.29358717435e-08 -0.00822514524492 0.999862980021 0.999676336749
7.35170340681e-08 -0.00819907858258 0.999869821735 0.999671987361
7.40981963928e-08 -0.00817301192024 0.999876663449 0.999667637973
7.46793587174e-08 -0.0081469452579 0.999883505163 0.999663288586
7.52605210421e-08 -0.00812087859556 0.999890346877 0.999658939198
7.58416833667e-08 -0.00809472513695 0.999900009925 0.999649403157
7.64228456914e-08 -0.0080685501754 0.999910371931 0.999638582174
7.7004008016e-08 -0.00804237521386 0.999920733937 0.999627761191
7.75851703407e-08 -0.00801620025232 0.999931095943 0.999616940208
7.81663326653e-08 -0.00799002529077 0.999941457949 0.999606119224
7.874749499e-08 -0.00796385032923 0.999951819956 0.999595298241
7.93286573146e-08 -0.00793767536769 0.999962181962 0.999584477258
7.99098196393e-08 -0.00791150040615 0.999972543968 0.999573656275
8.04909819639e-08 -0.0078853254446 0.999982905974 0.999562835292
8.10721442886e-08 -0.00785915048306 0.99999326798 0.999552014309
8.16533066132e-08 -0.00783284602442 1.00000814533 0.99953395915
8.22344689379e-08 -0.00780645775747 1.00002594492 0.999511222157
8.28156312625e-08 -0.00778006949051 1.00004374452 0.999488485164
8.33967935872e-08 -0.00775368122356 1.00006154412 0.999465748171
8.39779559118e-08 -0.00772729295661 1.00007934372 0.999443011178
8.45591182365e-08 -0.00770090468965 1.00009714331 0.999420274185
8.51402805611e-08 -0.0076745164227 1.00011494291 0.999397537192
8.57214428858e-08 -0.00764812815575 1.00013274251 0.999374800198
8.63026052104e-08 -0.0076217398888 1.00015054211 0.999352063205
8.68837675351e-08 -0.00759535162184 1.0001683417 0.999329326212
8.74649298597e-08 -0.00756889010852 1.00018887571 0.999302765168
8.80460921844e-08 -0.00754207811371 1.00022249375 0.999257906166
8.8627254509e-08 -0.0075152661189 1.00025611179 0.999213047163
8.92084168337e-08 -0.00748845412409 1.00028972984 0.99916818816
8.97895791583e-08 -0.00746164212929 1.00032334788 0.999123329158
9.0370741483e-08 -0.00743483013448 1.00035696592 0.999078470155
9.09519038076e-08 -0.00740801813967 1.00039058396 0.999033611153
9.15330661323e-08 -0.00738120614486 1.00042420201 0.99898875215
9.21142284569e-08 -0.00735439415005 1.00045782005 0.998943893147
9.26953907816e-08 -0.00732758215524 1.00049143809 0.998899034145
9.32765531062e-08 -0.00730077016043 1.00052505614 0.998854175142
9.38577154309e-08 -0.00727353889178 1.00057521047 0.998788724417
9.44388777555e-08 -0.00724587661249 1.00064236399 0.998702105542
9.50200400802e-08 -0.00721821433321 1.00070951751 0.998615486667
9.56012024048e-08 -0.00719055205392 1.00077667104 0.998528867791
9.61823647295e-08 -0.00716288977463 1.00084382456 0.998442248916
9.67635270541e-08 -0.00713522749535 1.00091097808 0.998355630041
9.73446893788e-08 -0.00710756521606 1.00097813161 0.998269011166
9.79258517034e-08 -0.00707990293677 1.00104528513 0.998182392291
9.85070140281e-08 -0.00705224065749 1.00111243865 0.998095773416
9.90881763527e-08 -0.0070245783782 1.00117959218 0.998009154541
9.96693386774e-08 -0.00699691609891 1.0012467457 0.997922535665
1.00250501002e-07 -0.00696828407078 1.00135371413 0.997790694032
1.00831663327e-07 -0.00693889634894 1.00149170902 0.997623611777
1.01412825651e-07 -0.0069095086271 1.00162970391 0.997456529521
1.01993987976e-07 -0.00688012090526 1.0017676988 0.997289447265
1.02575150301e-07 -0.00685073318343 1.00190569369 0.99712236501
1.03156312625e-07 -0.00682134546159 1.00204368858 0.996955282754
1.0373747495e-07 -0.00679195773975 1.00218168347 0.996788200498
1.04318637275e-07 -0.00676257001791 1.00231967836 0.996621118243
1.04899799599e-07 -0.00673318229608 1.00245767325 0.996454035987
1.05480961924e-07 -0.00670379457424 1.00259566814 0.996286953731
1.06062124248e-07 -0.0066744068524 1.00273366303 0.996119871476
1.06643286573e-07 -0.00664369481641 1.00292758376 0.995893627679
1.07224448898e-07 -0.00661076368973 1.00321521676 0.995568249683
1.07805611222e-07 -0.00657783256305 1.00350284977 0.995242871687
1.08386773547e-07 -0.00654490143637 1.00379048278 0.994917493691
1.08967935872e-07 -0.00651197030969 1.00407811579 0.994592115695
1.09549098196e-07 -0.00647903918301 1.0043657488 0.994266737698
1.10130260521e-07 -0.00644610805633 1.00465338181 0.993941359702
1.10711422846e-07 -0.00641317692965 1.00494101482 0.993615981706
1.1129258517e-07 -0.00638024580296 1.00522864783 0.99329060371
1.11873747495e-07 -0.00634731467628 1.00551628084 0.992965225714
1.1245490982e-07 -0.0063143835496 1.00580391385 0.992639847717
1.13036072144e-07 -0.00628145242292 1.00609154685 0.992314469721
1.13617234469e-07 -0.00624172648535 1.00667225052 0.991696656467
1.14198396794e-07 -0.00620142715591 1.00727768547 0.991054165559
1.14779559118e-07 -0.00616112782647 1.00788312041 0.99041167465
1.15360721443e-07 -0.00612082849703 1.00848855536 0.989769183741
1.15941883768e-07 -0.00608052916758 1.0090939903 0.989126692832
1.16523046092e-07 -0.00604022983814 1.00969942525 0.988484201923
1.17104208417e-07 -0.0059999305087 1.01030486019 0.987841711014
1.17685370741e-07 -0.00595963117926 1.01091029514 0.987199220105
1.18266533066e-07 -0.00591933184981 1.01151573008 0.986556729197
1.18847695391e-07 -0.00587903252037 1.01212116502 0.985914238288
1.19428857715e-07 -0.00583873319093 1.01272659997 0.985271747379
1.2001002004e-07 -0.00579531181196 1.01346960337 0.984499900563
1.20591182365e-07 -0.00573949170927 1.01475893806 0.983214337313
1.21172344689e-07 -0.00568367160658 1.01604827275 0.981928774064
1.21753507014e-07 -0.00562785150389 1.01733760744 0.980643210814
1.22334669339e-07 -0.00557203140119 1.01862694213 0.979357647564
1.22915831663e-07 -0.0055162112985 1.01991627682 0.978072084314
1.23496993988e-07 -0.00546039119581 1.02120561151 0.976786521065
1.24078156313e-07 -0.00540457109312 1.0224949462 0.975500957815
1.24659318637e-07 -0.00534875099043 1.02378428089 0.974215394565
1.25240480962e-07 -0.00529293088774 1.02507361558 0.972929831315
1.25821643287e-07 -0.00523711078505 1.02636295027 0.971644268065
1.26402805611e-07 -0.00518129068235 1.02765228496 0.970358704816
1.26983967936e-07 -0.0051187007647 1.02925014159 0.968806460238
1.27565130261e-07 -0.0050297469362 1.03204948527 0.96621566988
1.28146292585e-07 -0.0049407931077 1.03484882895 0.963624879522
1.2872745491e-07 -0.0048518392792 1.03764817263 0.961034089165
1.29308617234e-07 -0.0047628854507 1.04044751631 0.958443298807
1.29889779559e-07 -0.0046739316222 1.04324685999 0.955852508449
1.30470941884e-07 -0.0045849777937 1.04604620367 0.953261718092
1.31052104208e-07 -0.0044960239652 1.04884554735 0.950670927734
1.31633266533e-07 -0.0044070701367 1.05164489103 0.948080137376
1.32214428858e-07 -0.0043181163082 1.05444423471 0.945489347019
1.32795591182e-07 -0.0042291624797 1.05724357839 0.942898556661
1.33376753507e-07 -0.0041402086512 1.06004292207 0.940307766303
1.33957915832e-07 -0.0040512548227 1.06284226575 0.937716975946
1.34539078156e-07 -0.00389593012661 1.06888207573 0.93272861207
1.35120240481e-07 -0.00373523836809 1.07518392514 0.927546369053
1.35701402806e-07 -0.00357454660956 1.08148577455 0.922364126037
1.3628256513e-07 -0.00341385485104 1.08778762396 0.91718188302
1.36863727455e-07 -0.00325316309251 1.09408947338 0.911999640004
1.3744488978e-07 -0.00309247133399 1.10039132279 0.906817396988
1.38026052104e-07 -0.00293177957547 1.1066931722 0.901635153971
1.38607214429e-07 -0.00277108781694 1.11299502161 0.896452910955
1.39188376754e-07 -0.00261039605842 1.11929687102 0.891270667938
1.39769539078e-07 -0.00244970429989 1.12559872044 0.886088424922
1.40350701403e-07 -0.00228901254137 1.13190056985 0.880906181905
1.40931863727e-07 -0.00212832078285 1.13820241926 0.875723938889
1.41513026052e-07 -0.0019112584551 1.14748211462 0.86870007945
1.42094188377e-07 -0.00159271537925 1.16212265763 0.858360862105
1.42675350701e-07 -0.0012741723034 1.17676320064 0.84802164476
1.43256513026e-07 -0.000955629227551 1.19140374365 0.837682427415
1.43837675351e-07 -0.000637086151701 1.20604428667 0.827343210071
1.44418837675e-07 -0.00031854307585 1.22068482968 0.817003992726
1.45e-07 0 1.23532537269 0.806664775381
