-1.45e-07 -0.0219076670505 0.983558313042 1.01919416097
-1.44418837675e-07 -0.0218584617132 0.98538662168 1.01730342632
-1.43837675351e-07 -0.0218106240717 0.987075441756 1.01556001599
-1.43256513026e-07 -0.0217643722123 0.988596455433 1.01399447458
-1.42675350701e-07 -0.0217192707642 0.989989223561 1.01256387661
-1.42094188377e-07 -0.0216750740591 0.991277481458 1.01124277651
-1.41513026052e-07 -0.0216316872808 0.992469699008 1.01002199546
-1.40931863727e-07 -0.0215893932039 0.993523904084 1.00894446264
-1.40350701403e-07 -0.021547696929 0.994496609131 1.00795097664
-1.39769539078e-07 -0.021506505466 0.995398679227 1.00703019552
-1.39188376754e-07 -0.0214659733864 0.996202452162 1.00621014664
-1.38607214429e-07 -0.021425898902 0.996930340291 1.00546738151
-1.38026052104e-07 -0.0213861181392 0.997607301204 1.00477636847
-1.3744488978e-07 -0.0213467620318 0.99820404171 1.0041665513
-1.36863727455e-07 -0.0213076588607 0.998744443528 1.00361340336
-1.3628256513e-07 -0.0212687151258 0.999248562439 1.00309672615
-1.35701402806e-07 -0.0212300444445 0.999676987838 1.00265570256
-1.35120240481e-07 -0.0211914535678 1.00007511767 1.00224475901
-1.34539078156e-07 -0.0211529702177 1.00043242804 1.00187434455
-1.33957915832e-07 -0.0211145619871 1.00074141614 1.00155157629
-1.33376753507e-07 -0.0210761781359 1.00103194704 1.00124698099
-1.32795591182e-07 -0.0210378125463 1.00127019477 1.00099355712
-1.32214428858e-07 -0.0209994309899 1.00149256198 1.00075555241
-1.31633266533e-07 -0.0209610160477 1.00168172408 1.00054978813
-1.31052104208e-07 -0.0209225421062 1.00184765607 1.0003663831
-1.30470941884e-07 -0.020884018316 1.00199396096 1.00020186939
-1.29889779559e-07 -0.0208453799012 1.00211356275 1.00006281111
-1.29308617234e-07 -0.0208066966051 1.00222270892 0.999933719905
-1.2872745491e-07 -0.0207678412458 1.0023046068 0.999830325524
-1.28146292585e-07 -0.0207289560695 1.00238178281 0.999731384161
-1.27565130261e-07 -0.0206898480561 1.00243326903 0.999656376871
-1.26983967936e-07 -0.0206507263395 1.00248317548 0.999582841384
-1.26402805611e-07 -0.0206113440179 1.00251035072 0.999530191284
-1.25821643287e-07 -0.0205719582326 1.00253722384 0.999477818776
-1.25240480962e-07 -0.0205322914733 1.00254513563 0.999442590124
-1.24659318637e-07 -0.0204926206351 1.00255277216 0.999407610354
-1.24078156313e-07 -0.0204526684979 1.00254554746 0.999385816313
-1.23496993988e-07 -0.0204126975778 1.00253733046 0.999364902706
-1.22915831663e-07 -0.0203724661889 1.00251830114 0.999353368686
-1.22334669339e-07 -0.0203321855286 1.00249722651 0.999343608949
-1.21753507014e-07 -0.0202916861829 1.00246904642 0.999339845463
-1.21172344689e-07 -0.0202510909186 1.00243774977 0.99933871202
-1.20591182365e-07 -0.0202103384128 1.00240250268 0.999340797822
-1.2001002004e-07 -0.0201694279133 1.00236328625 0.999346118272
-1.19428857715e-07 -0.0201284391135 1.00232258394 0.999352594333
-1.18847695391e-07 -0.0200872164358 1.00227744339 0.999362522137
-1.18266533066e-07 -0.0200459937581 1.00223230284 0.999372449941
-1.17685370741e-07 -0.0200044804429 1.00218316429 0.999385282453
-1.17104208417e-07 -0.0199629518096 1.00213381502 0.999398268059
-1.16523046092e-07 -0.0199212464506 1.00208283104 0.999412310803
-1.15941883768e-07 -0.0198794207525 1.00203073391 0.999427073393
-1.15360721443e-07 -0.0198375423026 1.00197835701 0.999441972017
-1.14779559118e-07 -0.0197954306294 1.00192474321 0.999457472069
-1.14198396794e-07 -0.0197533189561 1.00187112941 0.999472972121
-1.13617234469e-07 -0.0197110113707 1.0018171632 0.999488409611
-1.13036072144e-07 -0.0196686265725 1.0017630581 0.999503822443
-1.1245490982e-07 -0.0196261920409 1.00170902041 0.999519096519
-1.11873747495e-07 -0.0195835483223 1.00165526627 0.999533786964
-1.1129258517e-07 -0.0195409046038 1.00160151212 0.999548477409
-1.10711422846e-07 -0.0194981128323 1.00154838457 0.99956244373
-1.10130260521e-07 -0.0194552253811 1.00149566197 0.999575942083
-1.09549098196e-07 -0.0194123379299 1.00144293936 0.999589440437
-1.08967935872e-07 -0.0193692312446 1.00139172757 0.999601477536
-1.08386773547e-07 -0.0193261158948 1.00134057549 0.999613456883
-1.07805611222e-07 -0.0192829467108 1.00128992853 0.999624997782
-1.07224448898e-07 -0.0192396196419 1.00124076298 0.999635252799
-1.06643286573e-07 -0.0191962925729 1.00119159742 0.999645507817
-1.06062124248e-07 -0.0191528711267 1.00114354084 0.999654880325
-1.05480961924e-07 -0.0191093485979 1.00109667201 0.999663307624
-1.04899799599e-07 -0.0190658260691 1.00104980319 0.999671734923
-1.04318637275e-07 -0.0190221876421 1.00100456071 0.999678968523
-1.0373747495e-07 -0.0189784857623 1.00096020864 0.999685548586
-1.03156312625e-07 -0.0189347838825 1.00091585657 0.999692128648
-1.02575150301e-07 -0.0188909604852 1.00087348098 0.99969737213
-1.01993987976e-07 -0.0188470950161 1.0008317897 0.999702152859
-1.01412825651e-07 -0.018803229547 1.00079009841 0.999706933588
-1.00831663327e-07 -0.0187592496923 1.00075052115 0.999710404319
-1.00250501002e-07 -0.0187152358848 1.00071157138 0.999713486207
-9.96693386774e-08 -0.0186712220774 1.00067262161 0.999716568094
-9.90881763527e-08 -0.0186271107162 1.00063569264 0.999718512732
-9.85070140281e-08 -0.0185829631778 1.00059951306 0.999720035628
-9.79258517034e-08 -0.0185388156395 1.00056333348 0.999721558523
-9.73446893788e-08 -0.0184945942283 1.00052885278 0.999722223914
-9.67635270541e-08 -0.0184503268191 1.00049542991 0.999722355366
-9.61823647295e-08 -0.0184060594099 1.00046200703 0.999722486818
-9.56012024048e-08 -0.0183617460823 1.00042974877 0.999722099776
-9.50200400802e-08 -0.018317371838 1.00039903552 0.999721024882
-9.44388777555e-08 -0.0182729975937 1.00036832227 0.999719949988
-9.38577154309e-08 -0.0182286074096 1.00033805287 0.999718704647
-9.32765531062e-08 -0.0181841384891 1.00030997597 0.999716617358
-9.26953907816e-08 -0.0181396695685 1.00028189906 0.999714530069
-9.21142284569e-08 -0.0180952006479 1.00025382216 0.99971244278
-9.15330661323e-08 -0.0180506624705 1.00022785646 0.999709677312
-9.09519038076e-08 -0.0180061101249 1.00020232265 0.999706773108
-9.0370741483e-08 -0.0179615577792 1.00017678885 0.999703868903
-8.97895791583e-08 -0.0179169752151 1.00015226179 0.999700705914
-8.92084168337e-08 -0.0178723497768 1.00012916311 0.99969717576
-8.8627254509e-08 -0.0178277243384 1.00010606443 0.999693645607
-8.80460921844e-08 -0.0177830989001 1.00008296575 0.999690115454
-8.74649298597e-08 -0.0177384151179 1.00006198984 0.999686178151
-8.68837675351e-08 -0.0176937260053 1.00004120788 0.999682203649
-8.63026052104e-08 -0.0176490368926 1.00002042591 0.999678229148
-8.57214428858e-08 -0.0176043292024 1.00000038212 0.999674161717
-8.51402805611e-08 -0.0175595849395 0.999981791532 0.999669911339
-8.45591182365e-08 -0.0175148406766 0.999963200944 0.99966566096
-8.39779559118e-08 -0.0174700964137 0.999944610356 0.999661410582
-8.33967935872e-08 -0.017425320181 0.999927407838 0.999657077186
-8.28156312625e-08 -0.0173805284284 0.999910879165 0.999652703489
-8.22344689379e-08 -0.0173357366758 0.999894350492 0.999648329792
-8.16533066132e-08 -0.0172909449232 0.999877821819 0.999643956094
-8.10721442886e-08 -0.0172461156351 0.999863075629 0.999639592946
-8.04909819639e-08 -0.01720128323 0.999848477462 0.999635230674
-7.99098196393e-08 -0.0171564508249 0.999833879295 0.999630868402
-7.93286573146e-08 -0.017111615472 0.999819434419 0.999626516971
-7.874749499e-08 -0.0170667484755 0.999806635096 0.999622281925
-7.81663326653e-08 -0.0170218814791 0.999793835773 0.999618046879
-7.75851703407e-08 -0.0169770144826 0.99978103645 0.999613811834
-7.7004008016e-08 -0.0169321428993 0.999768498692 0.999609611851
-7.64228456914e-08 -0.0168872466489 0.999757367574 0.999605600435
-7.58416833667e-08 -0.0168423503984 0.999746236456 0.999601589019
-7.52605210421e-08 -0.016797454148 0.999735105338 0.999597577603
-7.46793587174e-08 -0.0167525545557 0.999724183492 0.999593607068
-7.40981963928e-08 -0.01670763372 0.999714591911 0.999589896404
-7.35170340681e-08 -0.0166627128844 0.99970500033 0.999586185739
-7.29358717435e-08 -0.0166177920487 0.999695408748 0.999582475075
-7.23547094188e-08 -0.0165728707932 0.99968584608 0.999578771758
-7.17735470942e-08 -0.0165279294297 0.999677668034 0.999575420286
-7.11923847695e-08 -0.0164829880662 0.999669489987 0.999572068814
-7.06112224449e-08 -0.0164380467027 0.999661311941 0.999568717343
-7.00300601202e-08 -0.0163931053392 0.999653133895 0.999565365871
-6.94488977956e-08 -0.0163481502171 0.999645998918 0.999562337604
-6.88677354709e-08 -0.0163031918284 0.999639111582 0.999559386072
-6.82865731463e-08 -0.0162582334398 0.999632224246 0.999556434539
-6.77054108216e-08 -0.0162132750512 0.99962533691 0.999553483006
-6.7124248497e-08 -0.0161683096985 0.999619031425 0.999550742216
-6.65430861723e-08 -0.0161233372892 0.999613315529 0.999548214972
-6.59619238477e-08 -0.0160783648798 0.999607599634 0.999545687729
-6.5380761523e-08 -0.0160333924705 0.999601883738 0.999543160485
-6.47995991984e-08 -0.0159884191007 0.999596256342 0.999540669593
-6.42184368737e-08 -0.0159434352307 0.999591596467 0.99953857612
-6.36372745491e-08 -0.0158984513607 0.999586936592 0.999536482647
-6.30561122244e-08 -0.0158534674907 0.999582276717 0.999534389175
-6.24749498998e-08 -0.0158084836207 0.999577616843 0.999532295702
-6.18937875752e-08 -0.0157634944805 0.99957349268 0.999530446116
-6.13126252505e-08 -0.0157185013169 0.999569777501 0.999528782722
-6.07314629259e-08 -0.0156735081532 0.999566062322 0.999527119328
-6.01503006012e-08 -0.0156285149896 0.999562347143 0.999525455934
-5.95691382766e-08 -0.015583521826 0.999558631964 0.99952379254
-5.89879759519e-08 -0.015538521609 0.999555707611 0.999522520934
-5.84068136273e-08 -0.015493520974 0.999552830119 0.999521272543
-5.78256513026e-08 -0.015448520339 0.999549952627 0.999520024152
-5.7244488978e-08 -0.0154035197039 0.999547075136 0.999518775762
-5.66633266533e-08 -0.0153585178061 0.9995443537 0.999517610233
-5.60821643287e-08 -0.0153135112215 0.999542211421 0.999516752222
-5.5501002004e-08 -0.0152685046369 0.999540069142 0.999515894212
-5.49198396794e-08 -0.0152234980522 0.999537926863 0.999515036202
-5.43386773547e-08 -0.0151784914676 0.999535784584 0.999514178191
-5.37575150301e-08 -0.0151334831527 0.999533877613 0.99951345234
-5.31763527054e-08 -0.0150884718806 0.999532372823 0.99951295237
-5.25951903808e-08 -0.0150434606084 0.999530868033 0.999512452401
-5.20140280561e-08 -0.0149984493362 0.999529363244 0.999511952431
-5.14328657315e-08 -0.014953438064 0.999527858454 0.999511452461
-5.08517034068e-08 -0.0149084252885 0.999526578104 0.999511084238
-5.02705410822e-08 -0.0148634103676 0.999525618057 0.999510904034
-4.96893787575e-08 -0.0148183954467 0.999524658011 0.99951072383
-4.91082164329e-08 -0.0147733805258 0.999523697965 0.999510543626
-4.85270541082e-08 -0.0147283656048 0.999522737919 0.999510363422
-4.79458917836e-08 -0.0146833497367 0.999521932525 0.999510277
-4.73647294589e-08 -0.0146383320156 0.99952142968 0.999510374047
-4.67835671343e-08 -0.0145933142944 0.999520926836 0.999510471093
-4.62024048096e-08 -0.0145482965733 0.999520423992 0.99951056814
-4.5621242485e-08 -0.0145032788521 0.999519921148 0.999510665187
-4.50400801603e-08 -0.0144582608243 0.999519472734 0.999510795911
-4.44589178357e-08 -0.01441324099 0.999519344977 0.999511125035
-4.3877755511e-08 -0.0143682211557 0.99951921722 0.999511454158
-4.32965931864e-08 -0.0143232013214 0.999519089463 0.999511783282
-4.27154308617e-08 -0.014278181487 0.999518961706 0.999512112406
-4.21342685371e-08 -0.0142331616527 0.999518833949 0.999512441529
-4.15531062124e-08 -0.0141881405222 0.999518953966 0.999512924728
-4.09719438878e-08 -0.0141431191257 0.999519124814 0.999513439535
-4.03907815631e-08 -0.0140980977292 0.999519295662 0.999513954343
-3.98096192385e-08 -0.0140530763327 0.99951946651 0.99951446915
-3.92284569138e-08 -0.0140080549362 0.999519637358 0.999514983957
-3.86472945892e-08 -0.0139630331017 0.999519896953 0.999515553023
-3.80661322645e-08 -0.0139180105802 0.999520295737 0.999516207186
-3.74849699399e-08 -0.0138729880586 0.999520694521 0.999516861349
-3.69038076152e-08 -0.0138279655371 0.999521093306 0.999517515511
-3.63226452906e-08 -0.0137829430156 0.99952149209 0.999518169674
-3.57414829659e-08 -0.0137379204941 0.999521890874 0.999518823837
-3.51603206413e-08 -0.0136928973297 0.999522423649 0.999519555334
-3.45791583166e-08 -0.0136478740252 0.999522985654 0.999520303701
-3.3997995992e-08 -0.0136028507206 0.99952354766 0.999521052068
-3.34168336673e-08 -0.0135578274161 0.999524109665 0.999521800436
-3.28356713427e-08 -0.0135128041115 0.99952467167 0.999522548803
-3.2254509018e-08 -0.0134677807438 0.999525246373 0.999523303385
-3.16733466934e-08 -0.0134227569196 0.999525912935 0.999524102925
-3.10921843687e-08 -0.0133777330954 0.999526579496 0.999524902464
-3.05110220441e-08 -0.0133327092711 0.999527246058 0.999525702004
-2.99298597194e-08 -0.0132876854469 0.999527912619 0.999526501544
-2.93486973948e-08 -0.0132426616227 0.99952857918 0.999527301083
-2.87675350701e-08 -0.013197637706 0.999529260706 0.999528103798
-2.81863727455e-08 -0.0131526135604 0.99952997925 0.999528914368
-2.76052104208e-08 -0.0131075894149 0.999530697795 0.999529724938
-2.70240480962e-08 -0.0130625652694 0.99953141634 0.999530535508
-2.64428857715e-08 -0.0130175411239 0.999532134885 0.999531346077
-2.58617234469e-08 -0.0129725169783 0.999532853429 0.999532156647
-2.52805611222e-08 -0.012927492777 0.999533573716 0.999532959097
-2.46993987976e-08 -0.0128824684553 0.999534297754 0.999533744055
-2.41182364729e-08 -0.0128374441336 0.999535021793 0.999534529012
-2.35370741483e-08 -0.0127924198119 0.999535745832 0.99953531397
-2.29559118236e-08 -0.0127473954902 0.99953646987 0.999536098927
-2.2374749499e-08 -0.0127023711685 0.999537193909 0.999536883884
-2.17935871743e-08 -0.0126573468315 0.999537910756 0.999537656856
-2.12124248497e-08 -0.0126123224354 0.999538599828 0.99953838353
-2.0631262525e-08 -0.0125672980393 0.999539288899 0.999539110205
-2.00501002004e-08 -0.0125222736432 0.99953997797 0.999539836879
-1.94689378758e-08 -0.012477249247 0.999540667042 0.999540563554
-1.88877755511e-08 -0.0124322248509 0.999541356113 0.999541290228
-1.83066132265e-08 -0.0123872004548 0.999542045184 0.999542016903
-1.77254509018e-08 -0.0123421760514 0.99954266821 0.999542661243
-1.71442885772e-08 -0.0122971516476 0.999543287795 0.999543301295
-1.65631262525e-08 -0.0122521272438 0.999543907381 0.999543941347
-1.59819639279e-08 -0.01220710284 0.999544526967 0.999544581399
-1.54008016032e-08 -0.0121620784362 0.999545146553 0.999545221452
-1.48196392786e-08 -0.0121170540324 0.999545766139 0.999545861504
-1.42384769539e-08 -0.0120720296457 0.999546331922 0.999546441073
-1.36573146293e-08 -0.0120270052731 0.999546853353 0.999546970783
-1.30761523046e-08 -0.0119819809005 0.999547374785 0.999547500493
-1.249498998e-08 -0.0119369565278 0.999547896217 0.999548030204
-1.19138276553e-08 -0.0118919321552 0.999548417648 0.999548559914
-1.13326653307e-08 -0.0118469077826 0.99954893908 0.999549089624
-1.0751503006e-08 -0.01180188341 0.999549460512 0.999549619335
-1.01703406814e-08 -0.0117568590855 0.999549861495 0.999550020501
-9.58917835671e-09 -0.0117118347613 0.999550261891 0.999550421039
-9.00801603206e-09 -0.0116668104372 0.999550662286 0.999550821578
-8.42685370741e-09 -0.011621786113 0.999551062681 0.999551222116
-7.84569138277e-09 -0.0115767617888 0.999551463077 0.999551622655
-7.26452905812e-09 -0.0115317374646 0.999551863472 0.999552023193
-6.68336673347e-09 -0.0114867131548 0.999552224096 0.999552382614
-6.10220440882e-09 -0.0114416888805 0.999552486369 0.999552640354
-5.52104208417e-09 -0.0113966646062 0.999552748641 0.999552898093
-4.93987975952e-09 -0.0113516403319 0.999553010913 0.999553155833
-4.35871743487e-09 -0.0113066160577 0.999553273186 0.999553413572
-3.77755511022e-09 -0.0112615917834 0.999553535458 0.999553671311
-3.19639278557e-09 -0.0112165675091 0.99955379773 0.999553929051
-2.61523046092e-09 -0.0111715432522 0.999553996873 0.999554123022
-2.03406813627e-09 -0.011126519019 0.999554109873 0.999554229978
-1.45290581162e-09 -0.0110814947859 0.999554222872 0.999554336933
-8.71743486974e-10 -0.0110364705527 0.999554335871 0.999554443889
-2.90581162324e-10 -0.0109914463196 0.99955444887 0.999554550844
2.90581162325e-10 -0.0109464220864 0.999554561869 0.9995546578
8.71743486974e-10 -0.0109013978532 0.999554674869 0.999554764755
1.45290581162e-09 -0.0108563736313 0.999554726774 0.999554811282
2.03406813627e-09 -0.0108113494263 0.999554685626 0.999554765772
2.61523046092e-09 -0.0107663252213 0.999554644479 0.999554720261
3.19639278557e-09 -0.0107213010164 0.999554603332 0.99955467475
3.77755511022e-09 -0.0106762768114 0.999554562184 0.99955462924
4.35871743487e-09 -0.0106312526064 0.999554521037 0.999554583729
4.93987975952e-09 -0.0105862284015 0.99955447989 0.999554538218
5.52104208417e-09 -0.0105412042002 0.999554407643 0.999554462688
6.10220440882e-09 -0.0104961800136 0.999554214366 0.999554270326
6.68336673347e-09 -0.010451155827 0.999554021089 0.999554077964
7.26452905812e-09 -0.0104061316404 0.999553827811 0.999553885603
7.84569138277e-09 -0.0103611074538 0.999553634534 0.999553693241
8.42685370742e-09 -0.0103160832672 0.999553441257 0.99955350088
9.00801603206e-09 -0.0102710590806 0.999553247979 0.999553308518
9.58917835671e-09 -0.010226034894 0.999553054702 0.999553116156
1.01703406814e-08 -0.0101810107252 0.99955274146 0.999552812082
1.0751503006e-08 -0.0101359865597 0.999552405924 0.999552487246
1.13326653307e-08 -0.0100909623942 0.999552070387 0.99955216241
1.19138276553e-08 -0.0100459382287 0.99955173485 0.999551837575
1.249498998e-08 -0.0100009140632 0.999551399314 0.999551512739
1.30761523046e-08 -0.00995588989773 0.999551063777 0.999551187903
1.36573146293e-08 -0.00991086573223 0.99955072824 0.999550863067
1.42384769539e-08 -0.00986584158214 0.99955035466 0.9995505051
1.48196392786e-08 -0.00982081746651 0.999549895969 0.999550073014
1.54008016032e-08 -0.00977579335088 0.999549437279 0.999549640929
1.59819639279e-08 -0.00973076923526 0.999548978589 0.999549208843
1.65631262525e-08 -0.00968574511963 0.999548519899 0.999548776757
1.71442885772e-08 -0.009640721004 0.999548061209 0.999548344672
1.77254509018e-08 -0.00959569688838 0.999547602519 0.999547912586
1.83066132265e-08 -0.00955067277275 0.999547143829 0.9995474805
1.88877755511e-08 -0.00950564873159 0.999546629608 0.999547007625
1.94689378758e-08 -0.00946062474064 0.999546077943 0.999546507245
2.00501002004e-08 -0.0094156007497 0.999545526278 0.999546006865
2.06312625251e-08 -0.00937057675875 0.999544974612 0.999545506485
2.12124248497e-08 -0.0093255527678 0.999544422947 0.999545006105
2.17935871743e-08 -0.00928052877686 0.999543871282 0.999544505725
2.2374749499e-08 -0.00923550478591 0.999543319617 0.999544005345
2.29559118236e-08 -0.00919048079497 0.999542767951 0.999543504965
2.35370741483e-08 -0.00914545699859 0.999542181466 0.999542996329
2.41182364729e-08 -0.00910043328396 0.999541580351 0.999542484224
2.46993987976e-08 -0.00905540956934 0.999540979236 0.999541972118
2.52805611222e-08 -0.00901038585471 0.999540378121 0.999541460013
2.58617234469e-08 -0.00896536214009 0.999539777005 0.999540947908
2.64428857715e-08 -0.00892033842546 0.99953917589 0.999540435802
2.70240480962e-08 -0.00887531471084 0.999538574775 0.999539923697
2.76052104208e-08 -0.00883029099621 0.99953797366 0.999539411592
2.81863727455e-08 -0.0087852676275 0.999537378798 0.999538941731
2.87675350701e-08 -0.00874024446608 0.999536787683 0.999538497186
2.93486973948e-08 -0.00869522130466 0.999536196568 0.99953805264
2.99298597194e-08 -0.00865019814324 0.999535605453 0.999537608095
3.05110220441e-08 -0.00860517498181 0.999535014339 0.999537163549
3.10921843687e-08 -0.00856015182039 0.999534423224 0.999536719004
3.16733466934e-08 -0.00851512865897 0.999533832109 0.999536274458
3.2254509018e-08 -0.00847010549755 0.999533240994 0.999535829913
3.28356713427e-08 -0.0084250827041 0.999532681215 0.999535448136
3.34168336673e-08 -0.00838006057533 0.999532178037 0.999535179737
3.3997995992e-08 -0.00833503844655 0.999531674859 0.999534911339
3.45791583166e-08 -0.00829001631777 0.999531171681 0.99953464294
3.51603206413e-08 -0.008244994189 0.999530668503 0.999534374542
3.57414829659e-08 -0.00819997206022 0.999530165325 0.999534106143
3.63226452906e-08 -0.00815494993144 0.999529662148 0.999533837745
3.69038076152e-08 -0.00810992780267 0.99952915897 0.999533569346
3.74849699399e-08 -0.00806490567389 0.999528655792 0.999533300948
3.80661322645e-08 -0.00801988518759 0.999528318911 0.999533320402
3.86472945892e-08 -0.00797486489847 0.999528001996 0.999533374414
3.92284569138e-08 -0.00792984460935 0.99952768508 0.999533428426
3.98096192385e-08 -0.00788482432023 0.999527368165 0.999533482439
4.03907815631e-08 -0.00783980403111 0.999527051249 0.999533536451
4.09719438878e-08 -0.007794783742 0.999526734334 0.999533590463
4.15531062124e-08 -0.00774976345288 0.999526417418 0.999533644475
4.21342685371e-08 -0.00770474316376 0.999526100502 0.999533698487
4.27154308617e-08 -0.00765972360609 0.999525853791 0.999533871455
4.32965931864e-08 -0.0076147064954 0.999525841943 0.999534442374
4.3877755511e-08 -0.00756968938472 0.999525830094 0.999535013294
4.44589178357e-08 -0.00752467227403 0.999525818246 0.999535584214
4.50400801603e-08 -0.00747965516334 0.999525806397 0.999536155133
4.5621242485e-08 -0.00743463805266 0.999525794549 0.999536726053
4.62024048096e-08 -0.00738962094197 0.9995257827 0.999537296973
4.67835671343e-08 -0.00734460383129 0.999525770852 0.999537867892
4.73647294589e-08 -0.0072995867206 0.999525759003 0.999538438812
4.79458917836e-08 -0.00725457156808 0.999525907386 0.999539290761
4.85270541082e-08 -0.00720955984289 0.999526336216 0.999540634586
4.91082164329e-08 -0.00716454811769 0.999526765046 0.999541978411
4.96893787575e-08 -0.0071195363925 0.999527193877 0.999543322236
5.02705410822e-08 -0.00707452466731 0.999527622707 0.999544666062
5.08517034068e-08 -0.00702951294211 0.999528051537 0.999546009887
5.14328657315e-08 -0.00698450121692 0.999528480367 0.999547353712
5.20140280561e-08 -0.00693948949172 0.999528909197 0.999548697537
5.25951903808e-08 -0.00689447776653 0.999529338027 0.999550041362
5.31763527054e-08 -0.00684946864287 0.999529934875 0.99955170453
5.37575150301e-08 -0.00680446593714 0.99953094622 0.999554155511
5.43386773547e-08 -0.00675946323141 0.999531957565 0.999556606492
5.49198396794e-08 -0.00671446052569 0.999532968909 0.999559057474
5.5501002004e-08 -0.00666945781996 0.999533980254 0.999561508455
5.60821643287e-08 -0.00662445511423 0.999534991599 0.999563959436
5.66633266533e-08 -0.0065794524085 0.999536002943 0.999566410417
5.7244488978e-08 -0.00653444970278 0.999537014288 0.999568861399
5.78256513026e-08 -0.00648944699705 0.999538025633 0.99957131238
5.84068136273e-08 -0.00644444429132 0.999539036977 0.999573763361
5.89879759519e-08 -0.00639945659411 0.99954075635 0.999577754926
5.95691382766e-08 -0.00635446890108 0.999542475919 0.99958174692
6.01503006012e-08 -0.00630948120805 0.999544195489 0.999585738914
6.07314629259e-08 -0.00626449351502 0.999545915059 0.999589730908
6.13126252505e-08 -0.00621950582199 0.999547634628 0.999593722902
6.18937875752e-08 -0.00617451812896 0.999549354198 0.999597714896
6.24749498998e-08 -0.00612953043593 0.999551073768 0.99960170689
6.30561122244e-08 -0.0060845427429 0.999552793338 0.999605698884
6.36372745491e-08 -0.00603955504987 0.999554512907 0.999609690878
6.42184368737e-08 -0.00599457963108 0.999556614918 0.999614717935
6.47995991984e-08 -0.00594961686364 0.99955911112 0.99962081186
6.5380761523e-08 -0.00590465409621 0.999561607322 0.999626905784
6.59619238477e-08 -0.00585969132878 0.999564103524 0.999632999708
6.65430861723e-08 -0.00581472856135 0.999566599726 0.999639093632
6.7124248497e-08 -0.00576976579391 0.999569095927 0.999645187556
6.77054108216e-08 -0.00572480302648 0.999571592129 0.999651281481
6.82865731463e-08 -0.00567984025905 0.999574088331 0.999657375405
6.88677354709e-08 -0.00563487749162 0.999576584533 0.999663469329
6.94488977956e-08 -0.00558991472418 0.999579080735 0.999669563253
7.00300601202e-08 -0.00554498345543 0.999582123954 0.999677808146
7.06112224449e-08 -0.00550006205567 0.999585338562 0.99968672697
7.11923847695e-08 -0.00545514065591 0.99958855317 0.999695645794
7.17735470942e-08 -0.00541021925616 0.999591767778 0.999704564617
7.23547094188e-08 -0.0053652978564 0.999594982385 0.999713483441
7.29358717435e-08 -0.00532037645664 0.999598196993 0.999722402265
7.35170340681e-08 -0.00527545505689 0.999601411601 0.999731321088
7.40981963928e-08 -0.00523053365713 0.999604626209 0.999740239912
7.46793587174e-08 -0.00518561225738 0.999607840816 0.999749158736
7.52605210421e-08 -0.00514069085762 0.999611055424 0.99975807756
7.58416833667e-08 -0.00509582449914 0.999614611615 0.999770003225
7.64228456914e-08 -0.00505097177661 0.999618252429 0.999782673805
7.7004008016e-08 -0.00500611905407 0.999621893243 0.999795344386
7.75851703407e-08 -0.00496126633153 0.999625534058 0.999808014966
7.81663326653e-08 -0.00491641360899 0.999629174872 0.999820685547
7.874749499e-08 -0.00487156088646 0.999632815686 0.999833356128
7.93286573146e-08 -0.00482670816392 0.999636456501 0.999846026708
7.99098196393e-08 -0.00478185544138 0.999640097315 0.999858697289
8.04909819639e-08 -0.00473700271884 0.999643738129 0.99987136787
8.10721442886e-08 -0.00469214999631 0.999647378944 0.99988403845
8.16533066132e-08 -0.00464736646366 0.999650868883 0.999899696812
8.22344689379e-08 -0.00460262770954 0.999654261179 0.999917288816
8.28156312625e-08 -0.00455788895541 0.999657653476 0.999934880819
8.33967935872e-08 -0.00451315020128 0.999661045772 0.999952472822
8.39779559118e-08 -0.00446841144716 0.999664438068 0.999970064826
8.45591182365e-08 -0.00442367269303 0.999667830364 0.999987656829
8.51402805611e-08 -0.0043789339389 0.999671222661 1.00000524883
8.57214428858e-08 -0.00433419518477 0.999674614957 1.00002284084
8.63026052104e-08 -0.00428945643065 0.999678007253 1.00004043284
8.68837675351e-08 -0.00424471767652 0.999681399549 1.00005802484
8.74649298597e-08 -0.00420001152441 0.999684537784 1.00007671116
8.80460921844e-08 -0.00415546137189 0.999686460341 1.00010063371
8.8627254509e-08 -0.00411091121937 0.999688382898 1.00012455626
8.92084168337e-08 -0.00406636106684 0.999690305455 1.00014847882
8.97895791583e-08 -0.00402181091432 0.999692228012 1.00017240137
9.0370741483e-08 -0.0039772607618 0.999694150569 1.00019632393
9.09519038076e-08 -0.00393271060927 0.999696073126 1.00022024648
9.15330661323e-08 -0.00388816045675 0.999697995683 1.00024416903
9.21142284569e-08 -0.00384361030423 0.99969991824 1.00026809159
9.26953907816e-08 -0.00379906015171 0.999701840797 1.00029201414
9.32765531062e-08 -0.00375450999918 0.999703763355 1.0003159367
9.38577154309e-08 -0.00371011262031 0.999704058932 1.00034370922
9.44388777555e-08 -0.0036658722917 0.999702681984 1.00037543948
9.50200400802e-08 -0.00362163196309 0.999701305037 1.00040716974
9.56012024048e-08 -0.00357739163447 0.99969992809 1.0004389
9.61823647295e-08 -0.00353315130586 0.999698551143 1.00047063026
9.67635270541e-08 -0.00348891097725 0.999697174195 1.00050236052
9.73446893788e-08 -0.00344467064864 0.999695797248 1.00053409078
9.79258517034e-08 -0.00340043032003 0.999694420301 1.00056582104
9.85070140281e-08 -0.00335618999141 0.999693043353 1.00059755131
9.90881763527e-08 -0.0033119496628 0.999691666406 1.00062928157
9.96693386774e-08 -0.00326770933419 0.999690289459 1.00066101183
1.00250501002e-07 -0.00322375071041 0.999685921055 1.00069760296
1.00831663327e-07 -0.00318001161003 0.999679221506 1.00073798202
1.01412825651e-07 -0.00313627250966 0.999672521957 1.00077836108
1.01993987976e-07 -0.00309253340928 0.999665822409 1.00081874014
1.02575150301e-07 -0.00304879430891 0.99965912286 1.0008591192
1.03156312625e-07 -0.00300505520853 0.999652423311 1.00089949826
1.0373747495e-07 -0.00296131610816 0.999645723763 1.00093987732
1.04318637275e-07 -0.00291757700778 0.999639024214 1.00098025638
1.04899799599e-07 -0.00287383790741 0.999632324665 1.00102063544
1.05480961924e-07 -0.00283009880703 0.999625625116 1.0010610145
1.06062124248e-07 -0.00278635970665 0.999618925568 1.00110139356
1.06643286573e-07 -0.00274291485214 0.99961013986 1.00114424485
1.07224448898e-07 -0.00269996305152 0.999597858476 1.00119123873
1.07805611222e-07 -0.00265701125089 0.999585577091 1.00123823262
1.08386773547e-07 -0.00261405945027 0.999573295707 1.0012852265
1.08967935872e-07 -0.00257110764965 0.999561014322 1.00133222038
1.09549098196e-07 -0.00252815584903 0.999548732938 1.00137921427
1.10130260521e-07 -0.00248520404841 0.999536451553 1.00142620815
1.10711422846e-07 -0.00244225224778 0.999524170169 1.00147320203
1.1129258517e-07 -0.00239930044716 0.999511888784 1.00152019592
1.11873747495e-07 -0.00235634864654 0.9994996074 1.0015671898
1.1245490982e-07 -0.00231339684592 0.999487326015 1.00161418368
1.13036072144e-07 -0.00227044504529 0.999475044631 1.00166117757
1.13617234469e-07 -0.00222856998521 0.999464864863 1.00170379808
1.14198396794e-07 -0.00218678578775 0.999454862445 1.00174604953
1.14779559118e-07 -0.00214500159028 0.999444860026 1.00178830098
1.15360721443e-07 -0.00210321739281 0.999434857608 1.00183055244
1.15941883768e-07 -0.00206143319534 0.999424855189 1.00187280389
1.16523046092e-07 -0.00201964899788 0.99941485277 1.00191505534
1.17104208417e-07 -0.00197786480041 0.999404850352 1.0019573068
1.17685370741e-07 -0.00193608060294 0.999394847933 1.00199955825
1.18266533066e-07 -0.00189429640548 0.999384845515 1.0020418097
1.18847695391e-07 -0.00185251220801 0.999374843096 1.00208406116
1.19428857715e-07 -0.00181072801054 0.999364840677 1.00212631261
1.2001002004e-07 -0.00176925141362 0.999362174855 1.00215989708
1.20591182365e-07 -0.00172899640341 0.999388645157 1.00215906201
1.21172344689e-07 -0.00168874139319 0.999415115459 1.00215822694
1.21753507014e-07 -0.00164848638298 0.999441585761 1.00215739188
1.22334669339e-07 -0.00160823137277 0.999468056063 1.00215655681
1.22915831663e-07 -0.00156797636256 0.999494526366 1.00215572174
1.23496993988e-07 -0.00152772135234 0.999520996668 1.00215488667
1.24078156313e-07 -0.00148746634213 0.99954746697 1.0021540516
1.24659318637e-07 -0.00144721133192 0.999573937272 1.00215321653
1.25240480962e-07 -0.0014069563217 0.999600407574 1.00215238146
1.25821643287e-07 -0.00136670131149 0.999626877877 1.00215154639
1.26402805611e-07 -0.00132644630128 0.999653348179 1.00215071132
1.26983967936e-07 -0.00128647371321 0.999709720587 1.00211812718
1.27565130261e-07 -0.00124760097087 0.999882541741 1.0019619016
1.28146292585e-07 -0.00120872822853 1.00005536289 1.00180567601
1.2872745491e-07 -0.00116985548619 1.00022818405 1.00164945043
1.29308617234e-07 -0.00113098274385 1.0004010052 1.00149322484
1.29889779559e-07 -0.00109211000151 1.00057382636 1.00133699926
1.30470941884e-07 -0.00105323725918 1.00074664751 1.00118077368
1.31052104208e-07 -0.00101436451684 1.00091946866 1.00102454809
1.31633266533e-07 -0.0009754917745 1.00109228982 1.00086832251
1.32214428858e-07 -0.000936619032161 1.00126511097 1.00071209692
1.32795591182e-07 -0.000897746289823 1.00143793212 1.00055587134
1.33376753507e-07 -0.000858873547485 1.00161075328 1.00039964576
1.33957915832e-07 -0.000820000805147 1.00178357443 1.00024342017
1.34539078156e-07 -0.000780300718927 1.00238463007 0.999658260839
1.35120240481e-07 -0.000740533729767 1.00302031478 0.999038415891
1.35701402806e-07 -0.000700766740606 1.00365599949 0.998418570943
1.3628256513e-07 -0.000660999751446 1.00429168419 0.997798725995
1.36863727455e-07 -0.000621232762285 1.0049273689 0.997178881047
1.3744488978e-07 -0.000581465773125 1.00556305361 0.996559036099
1.38026052104e-07 -0.000541698783964 1.00619873831 0.995939191152
1.38607214429e-07 -0.000501931794804 1.00683442302 0.995319346204
1.39188376754e-07 -0.000462164805643 1.00747010773 0.994699501256
1.39769539078e-07 -0.000422397816483 1.00810579243 0.994079656308
1.40350701403e-07 -0.000382630827322 1.00874147714 0.99345981136
1.40931863727e-07 -0.000342863838162 1.00937716185 0.992839966412
1.41513026052e-07 -0.000299473836537 1.01048634717 0.99176139496
1.42094188377e-07 -0.000249561530447 1.01244794886 0.989857004121
1.42675350701e-07 -0.000199649224358 1.01440955055 0.987952613282
1.43256513026e-07 -0.000149736918268 1.01637115225 0.986048222443
1.43837675351e-07 -9.98246121789e-05 1.01833275394 0.984143831604
1.44418837675e-07 -4.99123060894e-05 1.02029435564 0.982239440765
1.45e-07 0 1.02225595733 0.980335049926
