-1.45e-07 0.00313333095665 0.837199767127 1.19408575826
-1.44418837675e-07 0.00338587623507 0.845456550648 1.18245992636
-1.43837675351e-07 0.00362414282804 0.853351852398 1.17149643442
-1.43256513026e-07 0.0038447704166 0.860810405052 1.16136470556
-1.42675350701e-07 0.00405157341852 0.867917154135 1.15187117862
-1.42094188377e-07 0.00424692205306 0.874727674825 1.14289988174
-1.41513026052e-07 0.00443162062648 0.881259723598 1.13440995762
-1.40931863727e-07 0.00460059536694 0.887371044214 1.1266180109
-1.40350701403e-07 0.00475999931483 0.893220340147 1.11924333823
-1.39769539078e-07 0.00491102704656 0.898838783691 1.11223197679
-1.39188376754e-07 0.00505013440361 0.904123774349 1.10573160979
-1.38607214429e-07 0.00517971996515 0.909136974159 1.09963299162
-1.38026052104e-07 0.00530283129892 0.913964085341 1.09380607012
-1.3744488978e-07 0.00541550562323 0.918487593413 1.0884130305
-1.36863727455e-07 0.00552056261573 0.92278556793 1.08333231156
-1.3628256513e-07 0.00562069181641 0.926937368795 1.07845335048
-1.35701402806e-07 0.00571015960173 0.930768257534 1.07400595796
-1.35120240481e-07 0.0057951703921 0.934462913481 1.06973686071
-1.34539078156e-07 0.0058741759437 0.93797401292 1.06570799386
-1.33957915832e-07 0.00594573464042 0.941254221929 1.06197380623
-1.33376753507e-07 0.00601442087623 0.944445131017 1.0583530579
-1.32795591182e-07 0.00607463997755 0.94737002403 1.05506404975
-1.32214428858e-07 0.00613214681248 0.950208657711 1.0518803528
-1.31633266533e-07 0.00618398248051 0.952866928921 1.04891685448
-1.31052104208e-07 0.00623161720425 0.955390084531 1.04611514716
-1.30470941884e-07 0.00627570255302 0.957799081063 1.04345013695
-1.29889779559e-07 0.00631465152417 0.960041160485 1.04098150945
-1.29308617234e-07 0.00635158934299 0.962217883394 1.03858977574
-1.2872745491e-07 0.00638292315801 0.96421076395 1.03641092743
-1.28146292585e-07 0.00641328585168 0.966171786349 1.03426897017
-1.27565130261e-07 0.00643796501049 0.967944745657 1.03234170605
-1.26983967936e-07 0.00646229466541 0.969706140193 1.03042764429
-1.26402805611e-07 0.00648117565873 0.971285831148 1.02871840681
-1.25821643287e-07 0.00649998423294 0.972863107048 1.02701189169
-1.25240480962e-07 0.00651382597175 0.974273578335 1.02549132478
-1.24659318637e-07 0.00652759560569 0.975681628074 1.02397345733
-1.24078156313e-07 0.0065370661097 0.976944385011 1.02261599981
-1.23496993988e-07 0.00654624955337 0.978197440496 1.02126925314
-1.22915831663e-07 0.006551932814 0.979331540656 1.02005275926
-1.22334669339e-07 0.00655695396489 0.980443138713 1.01886090457
-1.21753507014e-07 0.00655935689803 0.981465316533 1.01776628981
-1.21172344689e-07 0.00656061144345 0.982448273358 1.01671432587
-1.20591182365e-07 0.00656017084907 0.983373087912 1.01572523637
-1.2001002004e-07 0.00655802700525 0.984239482037 1.0147993221
-1.19428857715e-07 0.00655511645384 0.985079482263 1.01390182663
-1.18847695391e-07 0.00654991579369 0.985840645525 1.01308921637
-1.18266533066e-07 0.00654471513354 0.986601808787 1.01227660611
-1.17685370741e-07 0.00653691072471 0.987273063343 1.01156050108
-1.17104208417e-07 0.00652896908517 0.987939579256 1.01084948236
-1.16523046092e-07 0.00651956998437 0.98855564295 1.01019251223
-1.15941883768e-07 0.00650917844394 0.989137351851 1.0095723458
-1.15360721443e-07 0.0064983843061 0.989705097193 1.00896712606
-1.14779559118e-07 0.0064858102226 0.990211107478 1.00842798794
-1.14198396794e-07 0.00647323613911 0.990717117762 1.00788884983
-1.13617234469e-07 0.00645927206129 0.991174849884 1.00740140286
-1.13036072144e-07 0.00644476015965 0.991613554642 1.00693432838
-1.1245490982e-07 0.00642991891814 0.992040810208 1.00647952857
-1.11873747495e-07 0.00641369241792 0.992419908554 1.00607635814
-1.1129258517e-07 0.0063974659177 0.992799006899 1.0056731877
-1.10711422846e-07 0.0063803211336 0.993146168506 1.00530433589
-1.10130260521e-07 0.00636258290597 0.993472690906 1.0049576626
-1.09549098196e-07 0.00634484467833 0.993799213306 1.0046109893
-1.08967935872e-07 0.00632582891231 0.994081306142 1.00431221514
-1.08386773547e-07 0.00630676265618 0.994361643059 1.00401533402
-1.07805611222e-07 0.00628740085575 0.994631706447 1.0037295748
-1.07224448898e-07 0.00626717228332 0.994871639641 1.00347643388
-1.06643286573e-07 0.00624694371089 0.995111572836 1.00322329295
-1.06062124248e-07 0.0062262258183 0.995334511093 1.00298864212
-1.05480961924e-07 0.00620498384037 0.99553924696 1.00277379508
-1.04899799599e-07 0.00618374186244 0.995743982826 1.00255894803
-1.04318637275e-07 0.00616193114357 0.995928988969 1.00236568934
-1.0373747495e-07 0.00613980904563 0.996103193318 1.00218425004
-1.03156312625e-07 0.0061176869477 0.996277397666 1.00200281073
-1.02575150301e-07 0.00609499933956 0.996432013389 1.00184294149
-1.01993987976e-07 0.00607211594029 0.996579847131 1.00169054024
-1.01412825651e-07 0.00604923254102 0.996727680873 1.00153813899
-1.00831663327e-07 0.00602584343332 0.99685802693 1.00140512582
-1.00250501002e-07 0.00600230421764 0.996983182169 1.00127786755
-9.96693386774e-08 0.00597876500197 0.997108337408 1.00115060928
-9.90881763527e-08 0.00595481540795 0.997219326801 1.00103916795
-9.85070140281e-08 0.00593071362779 0.997325062881 1.00093359224
-9.79258517034e-08 0.00590661184763 0.997430798962 1.00082801652
-9.73446893788e-08 0.00588221395989 0.997526331482 1.00073391502
-9.67635270541e-08 0.00585763169632 0.9976155106 1.0006469581
-9.61823647295e-08 0.00583304943275 0.997704689719 1.00056000118
-9.56012024048e-08 0.00580829157008 0.997787827023 1.00047988494
-9.50200400802e-08 0.00578330075166 0.99786294905 1.00040884376
-9.44388777555e-08 0.00575830993325 0.997938071077 1.00033780258
-9.38577154309e-08 0.00573326089446 0.998011192009 1.00026904091
-9.32765531062e-08 0.00570792426721 0.998074428226 1.00021153921
-9.26953907816e-08 0.00568258763996 0.998137664442 1.0001540375
-9.21142284569e-08 0.00565725101271 0.998200900659 1.00009653579
-9.15330661323e-08 0.00563167253446 0.998255826287 1.00004854627
-9.09519038076e-08 0.00560604457992 0.998309051789 1.0000025027
-9.0370741483e-08 0.00558041662539 0.998362277291 0.999956459124
-8.97895791583e-08 0.00555468769247 0.998412029611 0.999914401818
-8.92084168337e-08 0.00552881549118 0.998456854172 0.999878000239
-8.8627254509e-08 0.00550294328989 0.998501678733 0.99984159866
-8.80460921844e-08 0.00547707108859 0.998546503295 0.999805197081
-8.74649298597e-08 0.00545101218455 0.998584888816 0.999776183888
-8.68837675351e-08 0.00542493622306 0.998622686058 0.999747845708
-8.63026052104e-08 0.00539886026157 0.998660483299 0.999719507529
-8.57214428858e-08 0.0053727273319 0.998696305732 0.999693425184
-8.51402805611e-08 0.00534648225227 0.998728240473 0.99967178377
-8.45591182365e-08 0.00532023717264 0.998760175214 0.999650142357
-8.39779559118e-08 0.00529399209301 0.998792109955 0.999628500944
-8.33967935872e-08 0.00526765301605 0.998820758817 0.999610574593
-8.28156312625e-08 0.00524126830758 0.998847812533 0.999594451741
-8.22344689379e-08 0.00521488359911 0.998874866248 0.999578328888
-8.16533066132e-08 0.00518849889064 0.998901919964 0.999562206035
-8.10721442886e-08 0.00516200831573 0.998925225555 0.999550244822
-8.04909819639e-08 0.00513550894936 0.998948219891 0.999538629204
-7.99098196393e-08 0.00510900958299 0.998971214227 0.999527013585
-7.93286573146e-08 0.00508250223805 0.998993920872 0.999515708425
-7.874749499e-08 0.00505590924447 0.999013539204 0.999507735974
-7.81663326653e-08 0.0050293162509 0.999033157537 0.999499763524
-7.75851703407e-08 0.00500272325732 0.99905277587 0.999491791074
-7.7004008016e-08 0.00497611834532 0.999071953411 0.999484274672
-7.64228456914e-08 0.00494944933845 0.999088760462 0.999479210805
-7.58416833667e-08 0.00492278033157 0.999105567513 0.999474146939
-7.52605210421e-08 0.00489611132469 0.999122374564 0.999469083072
-7.46793587174e-08 0.00486943397907 0.999138862516 0.999464330144
-7.40981963928e-08 0.00484270362697 0.999153322062 0.999461553738
-7.35170340681e-08 0.00481597327487 0.999167781608 0.999458777333
-7.29358717435e-08 0.00478924292277 0.999182241154 0.999456000927
-7.23547094188e-08 0.00476251156429 0.999196660429 0.999453260631
-7.17735470942e-08 0.00473573201016 0.999209151159 0.999452249651
-7.11923847695e-08 0.00470895245604 0.999221641888 0.99945123867
-7.06112224449e-08 0.00468217290191 0.999234132618 0.999450227689
-7.00300601202e-08 0.00465539334778 0.999246623347 0.999449216709
-6.94488977956e-08 0.00462858210673 0.999257771655 0.999449280262
-6.88677354709e-08 0.00460176334267 0.99926860125 0.999449598928
-6.82865731463e-08 0.00457494457862 0.999279430845 0.999449917594
-6.77054108216e-08 0.00454812581456 0.99929026044 0.999450236259
-6.7124248497e-08 0.00452129163343 0.999300388667 0.999451036084
-6.65430861723e-08 0.00449444183016 0.999309806196 0.999452323467
-6.59619238477e-08 0.00446759202688 0.999319223726 0.999453610851
-6.5380761523e-08 0.0044407422236 0.999328641255 0.999454898234
-6.47995991984e-08 0.00441389037539 0.999337957313 0.99945624198
-6.42184368737e-08 0.00438701617108 0.999346164032 0.9994582019
-6.36372745491e-08 0.00436014196677 0.999354370752 0.999460161821
-6.30561122244e-08 0.00433326776246 0.999362577471 0.999462121742
-6.24749498998e-08 0.00430639355815 0.999370784191 0.999464081662
-6.18937875752e-08 0.00427950855449 0.99937839659 0.999466286665
-6.13126252505e-08 0.0042526153062 0.999385555259 0.999468678773
-6.07314629259e-08 0.0042257220579 0.999392713929 0.999471070881
-6.01503006012e-08 0.0041988288096 0.999399872599 0.999473462989
-5.95691382766e-08 0.00417193556131 0.999407031269 0.999475855097
-5.89879759519e-08 0.00414502838735 0.999413325328 0.999478473607
-5.84068136273e-08 0.0041181203882 0.999419568153 0.999481105533
-5.78256513026e-08 0.00409121238906 0.999425810978 0.99948373746
-5.7244488978e-08 0.00406430438992 0.999432053803 0.999486369386
-5.66633266533e-08 0.00403739398478 0.999438125226 0.999489020104
-5.60821643287e-08 0.00401047465045 0.999443560539 0.999491740559
-5.5501002004e-08 0.00398355531613 0.999448995852 0.999494461015
-5.49198396794e-08 0.0039566359818 0.999454431165 0.999497181471
-5.43386773547e-08 0.00392971664748 0.999459866478 0.999499901927
-5.37575150301e-08 0.00390279412466 0.999465036944 0.999502612145
-5.31763527054e-08 0.00387586615216 0.999469754742 0.999505304864
-5.25951903808e-08 0.00384893817966 0.999474472541 0.999507997583
-5.20140280561e-08 0.00382201020716 0.99947919034 0.999510690302
-5.14328657315e-08 0.00379508223466 0.999483908138 0.999513383021
-5.08517034068e-08 0.00376815157361 0.999488361697 0.999516028646
-5.02705410822e-08 0.00374121707566 0.99949243815 0.999518607061
-4.96893787575e-08 0.00371428257772 0.999496514604 0.999521185476
-4.91082164329e-08 0.00368734807977 0.999500591058 0.999523763891
-4.85270541082e-08 0.00366041358183 0.999504667512 0.999526342306
-4.79458917836e-08 0.00363347743178 0.999508549327 0.999528861237
-4.73647294589e-08 0.00360653804965 0.999512050364 0.999531263799
-4.67835671343e-08 0.00357959866753 0.999515551401 0.99953366636
-4.62024048096e-08 0.0035526592854 0.999519052438 0.999536068922
-4.5621242485e-08 0.00352571990328 0.999522553475 0.999538471484
-4.50400801603e-08 0.00349877999579 0.999525979495 0.999540842627
-4.44589178357e-08 0.00347183699333 0.99952896358 0.999543028678
-4.3877755511e-08 0.00344489399086 0.999531947665 0.999545214728
-4.32965931864e-08 0.00341795098839 0.99953493175 0.999547400779
-4.27154308617e-08 0.00339100798592 0.999537915834 0.99954958683
-4.21342685371e-08 0.00336406498346 0.999540899919 0.99955177288
-4.15531062124e-08 0.00333711977697 0.999543499086 0.999553759845
-4.09719438878e-08 0.00331017411832 0.999546019286 0.999555705967
-4.03907815631e-08 0.00328322845967 0.999548539487 0.999557652089
-3.98096192385e-08 0.00325628280102 0.999551059687 0.999559598211
-3.92284569138e-08 0.00322933714237 0.999553579887 0.999561544333
-3.86472945892e-08 0.00320239073311 0.999555938601 0.999563393368
-3.80661322645e-08 0.00317544314659 0.999558044044 0.999565090136
-3.74849699399e-08 0.00314849556008 0.999560149486 0.999566786904
-3.69038076152e-08 0.00312154797356 0.999562254928 0.999568483672
-3.63226452906e-08 0.00309460038705 0.999564360371 0.99957018044
-3.57414829659e-08 0.00306765280053 0.999566465813 0.999571877208
-3.51603206413e-08 0.00304070407832 0.999568268638 0.999573370647
-3.45791583166e-08 0.00301375510834 0.999570005444 0.999574819729
-3.3997995992e-08 0.00298680613836 0.999571742251 0.999576268812
-3.34168336673e-08 0.00295985716838 0.999573479057 0.999577717894
-3.28356713427e-08 0.0029329081984 0.999575215864 0.999579166976
-3.2254509018e-08 0.00290595910929 0.999576913198 0.999580587211
-3.16733466934e-08 0.00287900915829 0.999578324979 0.99958179876
-3.10921843687e-08 0.00285205920729 0.99957973676 0.999583010309
-3.05110220441e-08 0.00282510925629 0.999581148542 0.999584221858
-2.99298597194e-08 0.00279815930529 0.999582560323 0.999585433406
-2.93486973948e-08 0.00277120935428 0.999583972105 0.999586644955
-2.87675350701e-08 0.00274425920553 0.999585302193 0.999587792812
-2.81863727455e-08 0.00271730856756 0.999586430181 0.999588783102
-2.76052104208e-08 0.00269035792959 0.99958755817 0.999589773393
-2.70240480962e-08 0.00266340729162 0.999588686158 0.999590763683
-2.64428857715e-08 0.00263645665365 0.999589814147 0.999591753973
-2.58617234469e-08 0.00260950601568 0.999590942135 0.999592744264
-2.52805611222e-08 0.00258255522723 0.999591992423 0.99959367083
-2.46993987976e-08 0.0025556041146 0.999592875306 0.999594460106
-2.41182364729e-08 0.00252865300197 0.999593758189 0.999595249382
-2.35370741483e-08 0.00250170188934 0.999594641072 0.999596038657
-2.29559118236e-08 0.0024747507767 0.999595523955 0.999596827933
-2.2374749499e-08 0.00244779966407 0.999596406839 0.999597617208
-2.17935871743e-08 0.00242084848499 0.999597246664 0.999598369716
-2.12124248497e-08 0.00239389704924 0.999597920181 0.999598980209
-2.0631262525e-08 0.00236694561349 0.999598593698 0.999599590702
-2.00501002004e-08 0.00233999417774 0.999599267215 0.999600201195
-1.94689378758e-08 0.00231304274199 0.999599940732 0.999600811687
-1.88877755511e-08 0.00228609130624 0.999600614248 0.99960142218
-1.83066132265e-08 0.00225913987049 0.999601287765 0.999602032673
-1.77254509018e-08 0.00223218822948 0.999601792885 0.999602494509
-1.71442885772e-08 0.00220523657778 0.999602289235 0.999602948603
-1.65631262525e-08 0.00217828492608 0.999602785584 0.999603402696
-1.59819639279e-08 0.00215133327438 0.999603281933 0.99960385679
-1.54008016032e-08 0.00212438162268 0.999603778283 0.999604310883
-1.48196392786e-08 0.00209742997098 0.999604274632 0.999604764977
-1.42384769539e-08 0.00207047824231 0.999604689176 0.999605144751
-1.36573146293e-08 0.00204352645019 0.999605036283 0.99960546326
-1.30761523046e-08 0.00201657465806 0.999605383391 0.99960578177
-1.249498998e-08 0.00198962286594 0.999605730498 0.99960610028
-1.19138276553e-08 0.00196267107382 0.999606077606 0.999606418789
-1.13326653307e-08 0.0019357192817 0.999606424713 0.999606737299
-1.0751503006e-08 0.00190876748957 0.999606771821 0.999607055809
-1.01703406814e-08 0.0018818156113 0.999606993118 0.999607256927
-9.58917835671e-09 0.00185486373261 0.9996072138 0.999607457473
-9.00801603206e-09 0.00182791185392 0.999607434483 0.999607658019
-8.42685370741e-09 0.00180095997523 0.999607655166 0.999607858565
-7.84569138277e-09 0.00177400809654 0.999607875849 0.99960805911
-7.26452905812e-09 0.00174705621785 0.999608096531 0.999608259656
-6.68336673347e-09 0.00172010432579 0.999608285652 0.99960842994
-6.10220440882e-09 0.00169315240065 0.99960839672 0.999608525389
-5.52104208417e-09 0.00166620047551 0.999608507789 0.999608620837
-4.93987975952e-09 0.00163924855038 0.999608618857 0.999608716286
-4.35871743487e-09 0.00161229662524 0.999608729926 0.999608811734
-3.77755511022e-09 0.0015853447001 0.999608840994 0.999608907183
-3.19639278557e-09 0.00155839277497 0.999608952062 0.999609002632
-2.61523046092e-09 0.00153144084422 0.999609020955 0.999609056427
-2.03406813627e-09 0.0015044889058 0.999609032295 0.999609053385
-1.45290581162e-09 0.00147753696739 0.999609043635 0.999609050342
-8.71743486974e-10 0.00145058502897 0.999609054976 0.9996090473
-2.90581162324e-10 0.00142363309056 0.999609066316 0.999609044258
2.90581162325e-10 0.00139668115214 0.999609077656 0.999609041215
8.71743486974e-10 0.00136972921373 0.999609088996 0.999609038173
1.45290581162e-09 0.00134277728303 0.999609061635 0.999608995646
2.03406813627e-09 0.00131582536407 0.999608975326 0.999608892982
2.61523046092e-09 0.00128887344512 0.999608889017 0.999608790317
3.19639278557e-09 0.00126192152617 0.999608802709 0.999608687652
3.77755511022e-09 0.00123496960721 0.9996087164 0.999608584988
4.35871743487e-09 0.00120801768826 0.999608630092 0.999608482323
4.93987975952e-09 0.0011810657693 0.999608543783 0.999608379658
5.52104208417e-09 0.00115411386247 0.999608436185 0.999608254516
6.10220440882e-09 0.00112716200281 0.999608245733 0.999608041897
6.68336673347e-09 0.00110021014315 0.999608055281 0.999607829278
7.26452905812e-09 0.00107325828348 0.999607864829 0.999607616658
7.84569138277e-09 0.00104630642382 0.999607674377 0.999607404039
8.42685370742e-09 0.00101935456416 0.999607483925 0.99960719142
9.00801603206e-09 0.000992402704496 0.999607293473 0.999606978801
9.58917835671e-09 0.000965450844834 0.999607103021 0.999606766181
1.01703406814e-08 0.000938499083489 0.999606811597 0.999606443129
1.0751503006e-08 0.000911547340418 0.999606501407 0.999606099554
1.13326653307e-08 0.000884595597346 0.999606191217 0.999605755978
1.19138276553e-08 0.000857643854274 0.999605881027 0.999605412402
1.249498998e-08 0.000830692111203 0.999605570837 0.999605068826
1.30761523046e-08 0.000803740368131 0.999605260647 0.999604725251
1.36573146293e-08 0.000776788625059 0.999604950457 0.999604381675
1.42384769539e-08 0.0007498369461 0.999604595624 0.999603987397
1.48196392786e-08 0.000722885410567 0.999604140916 0.999603479694
1.54008016032e-08 0.000695933875035 0.999603686208 0.99960297199
1.59819639279e-08 0.000668982339502 0.9996032315 0.999602464286
1.65631262525e-08 0.000642030803969 0.999602776792 0.999601956582
1.71442885772e-08 0.000615079268437 0.999602322084 0.999601448878
1.77254509018e-08 0.000588127732904 0.999601867376 0.999600941174
1.83066132265e-08 0.000561176197372 0.999601412668 0.99960043347
1.88877755511e-08 0.000534224876319 0.999600851767 0.999599799712
1.94689378758e-08 0.000507273699891 0.999600219261 0.999599080954
2.00501002004e-08 0.000480322523464 0.999599586754 0.999598362196
2.06312625251e-08 0.000453371347036 0.999598954247 0.999597643439
2.12124248497e-08 0.000426420170609 0.99959832174 0.999596924681
2.17935871743e-08 0.000399468994181 0.999597689233 0.999596205923
2.2374749499e-08 0.000372517817753 0.999597056726 0.999595487165
2.29559118236e-08 0.000345566641326 0.999596424219 0.999594768407
2.35370741483e-08 0.000318615899811 0.999595638493 0.999593857053
2.41182364729e-08 0.00029166534103 0.999594788392 0.999592864776
2.46993987976e-08 0.000264714782249 0.99959393829 0.999591872499
2.52805611222e-08 0.000237764223467 0.999593088188 0.999590880223
2.58617234469e-08 0.000210813664686 0.999592238086 0.999589887946
2.64428857715e-08 0.000183863105905 0.999591387985 0.99958889567
2.70240480962e-08 0.000156912547124 0.999590537883 0.999587903393
2.76052104208e-08 0.000129961988342 0.999589687781 0.999586911117
2.81863727455e-08 0.000103012094912 0.999588675264 0.999585697627
2.87675350701e-08 7.60626001883e-05 0.999587565421 0.999584351577
2.93486973948e-08 4.91131054643e-05 0.999586455579 0.999583005527
2.99298597194e-08 2.21636107403e-05 0.999585345736 0.999581659478
3.05110220441e-08 -4.78588398371e-06 0.999584235893 0.999580313428
3.10921843687e-08 -3.17353787077e-05 0.99958312605 0.999578967378
3.16733466934e-08 -5.86848734317e-05 0.999582016207 0.999577621328
3.2254509018e-08 -8.56343681557e-05 0.999580906365 0.999576275279
3.28356713427e-08 -0.000112583206932 0.999579690881 0.999574767052
3.34168336673e-08 -0.000139530860881 0.999578284579 0.99957296589
3.3997995992e-08 -0.000166478514831 0.999576878277 0.999571164727
3.45791583166e-08 -0.00019342616878 0.999575471976 0.999569363564
3.51603206413e-08 -0.00022037382273 0.999574065674 0.999567562401
3.57414829659e-08 -0.000247321476679 0.999572659372 0.999565761238
3.63226452906e-08 -0.000274269130629 0.999571253071 0.999563960075
3.69038076152e-08 -0.000301216784578 0.999569846769 0.999562158912
3.74849699399e-08 -0.000328164438528 0.999568440468 0.999560357749
3.80661322645e-08 -0.000355109235041 0.999566753866 0.999558035983
3.86472945892e-08 -0.000382053688506 0.999565033612 0.999555651715
3.92284569138e-08 -0.000408998141971 0.999563313359 0.999553267448
3.98096192385e-08 -0.000435942595435 0.999561593105 0.99955088318
4.03907815631e-08 -0.0004628870489 0.999559872852 0.999548498912
4.09719438878e-08 -0.000489831502365 0.999558152599 0.999546114645
4.15531062124e-08 -0.00051677595583 0.999556432345 0.999543730377
4.21342685371e-08 -0.000543720409294 0.999554712092 0.99954134611
4.27154308617e-08 -0.000570663575215 0.999552925482 0.999538789682
4.32965931864e-08 -0.000597602433776 0.999550916881 0.999535657309
4.3877755511e-08 -0.000624541292337 0.99954890828 0.999532524937
4.44589178357e-08 -0.000651480150898 0.999546899679 0.999529392564
4.50400801603e-08 -0.000678419009459 0.999544891079 0.999526260191
4.5621242485e-08 -0.00070535786802 0.999542882478 0.999523127819
4.62024048096e-08 -0.00073229672658 0.999540873877 0.999519995446
4.67835671343e-08 -0.000759235585141 0.999538865277 0.999516863073
4.73647294589e-08 -0.000786174443702 0.999536856676 0.999513730701
4.79458917836e-08 -0.000813109725056 0.999534783101 0.999510245513
4.85270541082e-08 -0.000840038745336 0.999532595805 0.999506142804
4.91082164329e-08 -0.000866967765615 0.999530408509 0.999502040095
4.96893787575e-08 -0.000893896785895 0.999528221212 0.999497937387
5.02705410822e-08 -0.000920825806174 0.999526033916 0.999493834678
5.08517034068e-08 -0.000947754826454 0.99952384662 0.999489731969
5.14328657315e-08 -0.000974683846733 0.999521659323 0.99948562926
5.20140280561e-08 -0.00100161286701 0.999519472027 0.999481526551
5.25951903808e-08 -0.00102854188729 0.99951728473 0.999477423843
5.31763527054e-08 -0.00105546588542 0.999515122052 0.99947294907
5.37575150301e-08 -0.00108237749399 0.999513020108 0.999467556422
5.43386773547e-08 -0.00110928910256 0.999510918163 0.999462163774
5.49198396794e-08 -0.00113620071112 0.999508816218 0.999456771126
5.5501002004e-08 -0.00116311231969 0.999506714273 0.999451378478
5.60821643287e-08 -0.00119002392825 0.999504612328 0.99944598583
5.66633266533e-08 -0.00121693553682 0.999502510383 0.999440593182
5.7244488978e-08 -0.00124384714539 0.999500408438 0.999435200534
5.78256513026e-08 -0.00127075875395 0.999498306493 0.999429807886
5.84068136273e-08 -0.00129767036252 0.999496204549 0.999424415238
5.89879759519e-08 -0.00132455094417 0.999494728132 0.999417236349
5.95691382766e-08 -0.00135143151718 0.999493251889 0.999410056962
6.01503006012e-08 -0.00137831209019 0.999491775647 0.999402877575
6.07314629259e-08 -0.0014051926632 0.999490299404 0.999395698188
6.13126252505e-08 -0.00143207323621 0.999488823162 0.999388518801
6.18937875752e-08 -0.00145895380922 0.999487346919 0.999381339414
6.24749498998e-08 -0.00148583438223 0.999485870676 0.999374160027
6.30561122244e-08 -0.00151271495524 0.999484394434 0.99936698064
6.36372745491e-08 -0.00153959552825 0.999482918191 0.999359801253
6.42184368737e-08 -0.00156644864416 0.99948225768 0.999351332233
6.47995991984e-08 -0.00159327345933 0.999482437964 0.999341533956
6.5380761523e-08 -0.0016200982745 0.999482618248 0.999331735679
6.59619238477e-08 -0.00164692308967 0.999482798532 0.999321937402
6.65430861723e-08 -0.00167374790484 0.999482978816 0.999312139125
6.7124248497e-08 -0.00170057272001 0.9994831591 0.999302340848
6.77054108216e-08 -0.00172739753518 0.999483339384 0.999292542571
6.82865731463e-08 -0.00175422235036 0.999483519668 0.999282744294
6.88677354709e-08 -0.00178104716553 0.999483699952 0.999272946017
6.94488977956e-08 -0.0018078719807 0.999483880236 0.99926314774
7.00300601202e-08 -0.00183461985583 0.999486771628 0.999250228808
7.06112224449e-08 -0.00186134362452 0.999490512451 0.999236332129
7.11923847695e-08 -0.0018880673932 0.999494253274 0.99922243545
7.17735470942e-08 -0.00191479116189 0.999497994097 0.999208538771
7.23547094188e-08 -0.00194151493057 0.99950173492 0.999194642093
7.29358717435e-08 -0.00196823869926 0.999505475743 0.999180745414
7.35170340681e-08 -0.00199496246794 0.999509216566 0.999166848735
7.40981963928e-08 -0.00202168623663 0.999512957389 0.999152952056
7.46793587174e-08 -0.00204841000531 0.999516698212 0.999139055377
7.52605210421e-08 -0.002075133774 0.999520439034 0.999125158698
7.58416833667e-08 -0.00210170939021 0.999529817781 0.999105780914
7.64228456914e-08 -0.00212824830309 0.999540593267 0.99908504524
7.7004008016e-08 -0.00215478721597 0.999551368754 0.999064309565
7.75851703407e-08 -0.00218132612886 0.99956214424 0.999043573891
7.81663326653e-08 -0.00220786504174 0.999572919727 0.999022838216
7.874749499e-08 -0.00223440395462 0.999583695213 0.999002102542
7.93286573146e-08 -0.00226094286751 0.9995944707 0.998981366868
7.99098196393e-08 -0.00228748178039 0.999605246186 0.998960631193
8.04909819639e-08 -0.00231402069327 0.999616021673 0.998939895519
8.10721442886e-08 -0.00234055960616 0.999626797159 0.998919159845
8.16533066132e-08 -0.00236689112329 0.999645691444 0.998891110665
8.22344689379e-08 -0.00239308841744 0.999669840076 0.998858328308
8.28156312625e-08 -0.00241928571159 0.999693988709 0.998825545952
8.33967935872e-08 -0.00244548300574 0.999718137342 0.998792763596
8.39779559118e-08 -0.00247168029989 0.999742285974 0.99875998124
8.45591182365e-08 -0.00249787759403 0.999766434607 0.998727198884
8.51402805611e-08 -0.00252407488818 0.999790583239 0.998694416528
8.57214428858e-08 -0.00255027218233 0.999814731872 0.998661634172
8.63026052104e-08 -0.00257646947648 0.999838880504 0.998628851816
8.68837675351e-08 -0.00260266677063 0.999863029137 0.998596069459
8.74649298597e-08 -0.002628753756 0.999891504036 0.998559467982
8.80460921844e-08 -0.0026543129175 0.999940679983 0.998504592134
8.8627254509e-08 -0.002679872079 0.999989855929 0.998449716286
8.92084168337e-08 -0.00270543124049 1.00003903188 0.998394840438
8.97895791583e-08 -0.00273099040199 1.00008820782 0.99833996459
9.0370741483e-08 -0.00275654956348 1.00013738377 0.998285088742
9.09519038076e-08 -0.00278210872498 1.00018655971 0.998230212893
9.15330661323e-08 -0.00280766788647 1.00023573566 0.998175337045
9.21142284569e-08 -0.00283322704797 1.00028491161 0.998120461197
9.26953907816e-08 -0.00285878620946 1.00033408755 0.998065585349
9.32765531062e-08 -0.00288434537096 1.0003832635 0.998010709501
9.38577154309e-08 -0.00290931010496 1.00045548304 0.997935293665
9.44388777555e-08 -0.00293366377156 1.00055139122 0.997838762861
9.50200400802e-08 -0.00295801743816 1.00064729941 0.997742232058
9.56012024048e-08 -0.00298237110476 1.0007432076 0.997645701254
9.61823647295e-08 -0.00300672477136 1.00083911579 0.997549170451
9.67635270541e-08 -0.00303107843796 1.00093502398 0.997452639647
9.73446893788e-08 -0.00305543210457 1.00103093217 0.997356108844
9.79258517034e-08 -0.00307978577117 1.00112684035 0.99725957804
9.85070140281e-08 -0.00310413943777 1.00122274854 0.997163047237
9.90881763527e-08 -0.00312849310437 1.00131865673 0.997066516433
9.96693386774e-08 -0.00315284677097 1.00141456492 0.99696998563
1.00250501002e-07 -0.00317590549912 1.00155983138 0.996828510647
1.00831663327e-07 -0.00319795512391 1.00174356113 0.996652012129
1.01412825651e-07 -0.0032200047487 1.00192729088 0.99647551361
1.01993987976e-07 -0.00324205437349 1.00211102063 0.996299015092
1.02575150301e-07 -0.00326410399827 1.00229475038 0.996122516573
1.03156312625e-07 -0.00328615362306 1.00247848013 0.995946018055
1.0373747495e-07 -0.00330820324785 1.00266220988 0.995769519537
1.04318637275e-07 -0.00333025287264 1.00284593963 0.995593021018
1.04899799599e-07 -0.00335230249743 1.00302966938 0.9954165225
1.05480961924e-07 -0.00337435212221 1.00321339913 0.995240023981
1.06062124248e-07 -0.003396401747 1.00339712888 0.995063525463
1.06643286573e-07 -0.00341678563763 1.0036433152 0.994828992039
1.07224448898e-07 -0.0034343783362 1.00399415703 0.994497212263
1.07805611222e-07 -0.00345197103477 1.00434499886 0.994165432488
1.08386773547e-07 -0.00346956373335 1.00469584069 0.993833652713
1.08967935872e-07 -0.00348715643192 1.00504668252 0.993501872937
1.09549098196e-07 -0.00350474913049 1.00539752435 0.993170093162
1.10130260521e-07 -0.00352234182906 1.00574836618 0.992838313387
1.10711422846e-07 -0.00353993452763 1.00609920801 0.992506533611
1.1129258517e-07 -0.0035575272262 1.00645004984 0.992174753836
1.11873747495e-07 -0.00357511992477 1.00680089167 0.991842974061
1.1245490982e-07 -0.00359271262334 1.0071517335 0.991511194285
1.13036072144e-07 -0.00361030532191 1.00750257533 0.99117941451
1.13617234469e-07 -0.00361984915975 1.00815185196 0.990567820259
1.14198396794e-07 -0.00362871378054 1.00882631253 0.989932613379
1.14779559118e-07 -0.00363757840133 1.00950077311 0.9892974065
1.15360721443e-07 -0.00364644302213 1.01017523368 0.98866219962
1.15941883768e-07 -0.00365530764292 1.01084969425 0.988026992741
1.16523046092e-07 -0.00366417226371 1.01152415482 0.987391785861
1.17104208417e-07 -0.0036730368845 1.01219861539 0.986756578981
1.17685370741e-07 -0.0036819015053 1.01287307597 0.986121372102
1.18266533066e-07 -0.00369076612609 1.01354753654 0.985486165222
1.18847695391e-07 -0.00369963074688 1.01422199711 0.984850958342
1.19428857715e-07 -0.00370849536768 1.01489645768 0.984215751463
1.2001002004e-07 -0.00371387854948 1.0156999628 0.983461211071
1.20591182365e-07 -0.00370543574939 1.01701594783 0.982232756592
1.21172344689e-07 -0.0036969929493 1.01833193286 0.981004302114
1.21753507014e-07 -0.00368855014921 1.01964791789 0.979775847636
1.22334669339e-07 -0.00368010734913 1.02096390292 0.978547393157
1.22915831663e-07 -0.00367166454904 1.02227988796 0.977318938679
1.23496993988e-07 -0.00366322174895 1.02359587299 0.9760904842
1.24078156313e-07 -0.00365477894886 1.02491185802 0.974862029722
1.24659318637e-07 -0.00364633614878 1.02622784305 0.973633575244
1.25240480962e-07 -0.00363789334869 1.02754382808 0.972405120765
1.25821643287e-07 -0.0036294505486 1.02885981311 0.971176666287
1.26402805611e-07 -0.00362100774851 1.03017579814 0.969948211808
1.26983967936e-07 -0.00360546318501 1.03176030286 0.968484901607
1.27565130261e-07 -0.00356226199302 1.03439051252 0.966106985116
1.28146292585e-07 -0.00351906080103 1.03702072218 0.963729068625
1.2872745491e-07 -0.00347585960903 1.03965093184 0.961351152134
1.29308617234e-07 -0.00343265841704 1.0422811415 0.958973235643
1.29889779559e-07 -0.00338945722505 1.04491135115 0.956595319152
1.30470941884e-07 -0.00334625603306 1.04754156081 0.954217402661
1.31052104208e-07 -0.00330305484107 1.05017177047 0.95183948617
1.31633266533e-07 -0.00325985364907 1.05280198013 0.949461569679
1.32214428858e-07 -0.00321665245708 1.05543218979 0.947083653187
1.32795591182e-07 -0.00317345126509 1.05806239945 0.944705736696
1.33376753507e-07 -0.0031302500731 1.06069260911 0.942327820205
1.33957915832e-07 -0.00308704888111 1.06332281877 0.939949903714
1.34539078156e-07 -0.00297841846788 1.06857552149 0.935569409644
1.35120240481e-07 -0.00286449713819 1.0740402914 0.931026977675
1.35701402806e-07 -0.00275057580851 1.07950506131 0.926484545705
1.3628256513e-07 -0.00263665447882 1.08496983123 0.921942113736
1.36863727455e-07 -0.00252273314914 1.09043460114 0.917399681766
1.3744488978e-07 -0.00240881181945 1.09589937105 0.912857249797
1.38026052104e-07 -0.00229489048976 1.10136414097 0.908314817827
1.38607214429e-07 -0.00218096916008 1.10682891088 0.903772385858
1.39188376754e-07 -0.00206704783039 1.1122936808 0.899229953888
1.39769539078e-07 -0.00195312650071 1.11775845071 0.894687521918
1.40350701403e-07 -0.00183920517102 1.12322322062 0.890145089949
1.40931863727e-07 -0.00172528384134 1.12868799054 0.885602657979
1.41513026052e-07 -0.00155924125326 1.1363982981 0.879612836712
1.42094188377e-07 -0.00129936771105 1.14815112011 0.871017362341
1.42675350701e-07 -0.00103949416884 1.15990394212 0.86242188797
1.43256513026e-07 -0.000779620626628 1.17165676413 0.853826413599
1.43837675351e-07 -0.000519747084418 1.18340958614 0.845230939227
1.44418837675e-07 -0.000259873542209 1.19516240815 0.836635464856
1.45e-07 0 1.20691523016 0.828039990485
