-1.45e-07 -0.00920311371035 0.794302809566 1.25399548032
-1.44418837675e-07 -0.00886414727013 0.804814868237 1.23768159325
-1.43837675351e-07 -0.00854353187181 0.814864719202 1.22236935298
-1.43256513026e-07 -0.00824551429516 0.82436298015 1.20831454085
-1.42675350701e-07 -0.00796514527738 0.833415099118 1.19521511184
-1.42094188377e-07 -0.0076993669442 0.842090729912 1.18289289191
-1.41513026052e-07 -0.00744713411551 0.850411924817 1.17128412308
-1.40931863727e-07 -0.00721483309372 0.858196148739 1.16070082862
-1.40350701403e-07 -0.00699462124426 0.865645165431 1.15072513983
-1.39769539078e-07 -0.00678497811084 0.872798684134 1.14127709315
-1.39188376754e-07 -0.0065903384494 0.879524832728 1.13256669404
-1.38607214429e-07 -0.00640764043148 0.885902167304 1.12443137535
-1.38026052104e-07 -0.00623305130184 0.892040597287 1.11668382808
-1.3744488978e-07 -0.00607150442109 0.897789032022 1.10955229231
-1.36863727455e-07 -0.00591944163638 0.903247615089 1.10286065908
-1.3628256513e-07 -0.00577351175973 0.908518336361 1.09645295744
-1.35701402806e-07 -0.0056408072583 0.913376587671 1.09064841426
-1.35120240481e-07 -0.00551361104684 0.918059785221 1.08509117272
-1.34539078156e-07 -0.00539383656165 0.922507119898 1.07986713896
-1.33957915832e-07 -0.00528323079564 0.92665794887 1.07504881324
-1.33376753507e-07 -0.00517615893812 0.930694121739 1.07038644167
-1.32795591182e-07 -0.00507947219465 0.934388993649 1.06617749131
-1.32214428858e-07 -0.00498609922211 0.937973326786 1.06211145391
-1.31633266533e-07 -0.00489965512213 0.941326530771 1.05834423792
-1.31052104208e-07 -0.00481832345004 0.944506840505 1.05479503822
-1.30470941884e-07 -0.0047413112648 0.947541072005 1.05143004036
-1.29889779559e-07 -0.00467052495931 0.950362077032 1.04832783296
-1.29308617234e-07 -0.00460217640148 0.953099593083 1.04532852135
-1.2872745491e-07 -0.00454059299872 0.955602707333 1.04261211951
-1.28146292585e-07 -0.00448018193395 0.958065201948 1.03994474328
-1.27565130261e-07 -0.0044266037554 0.960288411668 1.03756072076
-1.26983967936e-07 -0.00437344575907 0.962496906778 1.03519412282
-1.26402805611e-07 -0.00432681082299 0.964474724867 1.03309599902
-1.25821643287e-07 -0.00428026258606 0.966449476987 1.03100144356
-1.25240480962e-07 -0.00423963522057 0.96821296643 1.02914894242
-1.24659318637e-07 -0.00419909380995 0.969973388917 1.02729995525
-1.24078156313e-07 -0.00416365507611 0.971550246438 1.02565832991
-1.23496993988e-07 -0.00412855705683 0.973114847009 1.02403055047
-1.22915831663e-07 -0.00409759509085 0.97452953756 1.0225699666
-1.22334669339e-07 -0.00406741551857 0.975915870485 1.02114101016
-1.21753507014e-07 -0.00404031590047 0.9771898031 1.01983598235
-1.21172344689e-07 -0.0040145671943 0.978414435334 1.0185853114
-1.20591182365e-07 -0.00399080344649 0.979566171002 1.01741418751
-1.2001002004e-07 -0.00396903415321 0.980644661363 1.01632299124
-1.19428857715e-07 -0.00394815846652 0.98169014395 1.01526748084
-1.18847695391e-07 -0.00392995192814 0.982637034331 1.01431856194
-1.18266533066e-07 -0.00391174538976 0.983583924712 1.01336964303
-1.17685370741e-07 -0.00389655914259 0.984418653712 1.01254097315
-1.17104208417e-07 -0.00388153208002 0.98524747124 1.01171864099
-1.16523046092e-07 -0.00386818746495 0.986013497289 1.01096311795
-1.15941883768e-07 -0.003855988491 0.986736766283 1.01025308772
-1.15360721443e-07 -0.00384425197369 0.987442694613 1.00956137963
-1.14779559118e-07 -0.00383456004894 0.988071957175 1.00895067661
-1.14198396794e-07 -0.00382486812418 0.988701219738 1.00833997359
-1.13617234469e-07 -0.00381676485096 0.989270646318 1.00779208568
-1.13036072144e-07 -0.00380928769624 0.989816490374 1.00726895442
-1.1245490982e-07 -0.00380218502693 0.990348168459 1.00676060354
-1.11873747495e-07 -0.00379665750608 0.990820262094 1.00631442145
-1.1129258517e-07 -0.00379112998523 0.991292355729 1.00586823936
-1.10711422846e-07 -0.00378664119125 0.991724988435 1.00546298484
-1.10130260521e-07 -0.00378282367742 0.992132119405 1.00508417988
-1.09549098196e-07 -0.0037790061636 0.992539250375 1.00470537492
-1.08967935872e-07 -0.00377662609242 0.992891537239 1.00438311258
-1.08386773547e-07 -0.00377430283099 0.993241656586 1.00406308488
-1.07805611222e-07 -0.00377231031155 0.993579100333 1.00375604409
-1.07224448898e-07 -0.0037712877919 0.993879369093 1.00348709129
-1.06643286573e-07 -0.00377026527224 0.994179637853 1.00321813849
-1.06062124248e-07 -0.00376978734043 0.994458936222 1.00297052703
-1.05480961924e-07 -0.00376989268831 0.994715774297 1.00274577317
-1.04899799599e-07 -0.00376999803619 0.994972612372 1.0025210193
-1.04318637275e-07 -0.00377073282551 0.995205087263 1.00232087421
-1.0373747495e-07 -0.00377181222671 0.995424223594 1.00213420213
-1.03156312625e-07 -0.00377289162791 0.995643359925 1.00194753006
-1.02575150301e-07 -0.00377459333735 0.995838270612 1.001785118
-1.01993987976e-07 -0.00377651050255 0.996024793889 1.00163110525
-1.01412825651e-07 -0.00377842766775 0.996211317165 1.00147709249
-1.00831663327e-07 -0.00378089811738 0.996376161326 1.00134457123
-1.00250501002e-07 -0.00378353279681 0.996534570537 1.00121842922
-9.96693386774e-08 -0.00378616747625 0.996692979748 1.00109228721
-9.90881763527e-08 -0.00378924850592 0.996833768435 1.00098340368
-9.85070140281e-08 -0.00379249506168 0.996968022665 1.00088092035
-9.79258517034e-08 -0.00379574161744 0.997102276895 1.00077843701
-9.73446893788e-08 -0.00379930831722 0.997223782171 1.00068825999
-9.67635270541e-08 -0.00380307435948 0.997337349119 1.00060574568
-9.61823647295e-08 -0.00380684040174 0.997450916067 1.00052323137
-9.56012024048e-08 -0.00381079515026 0.997556890866 1.00044791677
-9.50200400802e-08 -0.00381500024294 0.997652793663 1.00038215354
-9.44388777555e-08 -0.00381920533561 0.997748696459 1.00031639032
-9.38577154309e-08 -0.00382347261157 0.99784206698 1.00025297696
-9.32765531062e-08 -0.00382804705139 0.997922928935 1.00020117112
-9.26953907816e-08 -0.00383262149121 0.99800379089 1.00014936528
-9.21142284569e-08 -0.00383719593104 0.998084652846 1.00009755944
-9.15330661323e-08 -0.00384202708601 0.998154909433 1.00005533684
-9.09519038076e-08 -0.00384691075809 0.998222996443 1.00001507472
-9.0370741483e-08 -0.00385179443017 0.998291083453 0.999974812595
-8.97895791583e-08 -0.00385678461759 0.99835469444 0.999938465262
-8.92084168337e-08 -0.00386192592924 0.998411954835 0.999907672242
-8.8627254509e-08 -0.00386706724089 0.998469215229 0.999876879221
-8.80460921844e-08 -0.00387220855254 0.998526475624 0.9998460862
-8.74649298597e-08 -0.00387754556661 0.998575344013 0.999822344615
-8.68837675351e-08 -0.00388290046035 0.998623445697 0.99979924726
-8.63026052104e-08 -0.00388825535409 0.998671547381 0.999776149905
-8.57214428858e-08 -0.00389366958529 0.998717042862 0.999755137208
-8.51402805611e-08 -0.00389920063072 0.998757407662 0.999738228457
-8.45591182365e-08 -0.00390473167615 0.998797772462 0.999721319707
-8.39779559118e-08 -0.00391026272159 0.998838137263 0.999704410956
-8.33967935872e-08 -0.00391589105581 0.99887410636 0.999690811679
-8.28156312625e-08 -0.00392156661939 0.998907941541 0.999678819003
-8.22344689379e-08 -0.00392724218297 0.998941776721 0.999666826327
-8.16533066132e-08 -0.00393291774655 0.998975611902 0.999654833651
-8.10721442886e-08 -0.00393870219516 0.999004361193 0.999646394918
-8.04909819639e-08 -0.00394449568589 0.999032688139 0.999638251314
-7.99098196393e-08 -0.00395028917662 0.999061015084 0.99963010771
-7.93286573146e-08 -0.00395609082238 0.999088946043 0.999622216458
-7.874749499e-08 -0.00396198001086 0.999112626168 0.999617034167
-7.81663326653e-08 -0.00396786919935 0.999136306293 0.999611851876
-7.75851703407e-08 -0.00397375838784 0.999159986418 0.999606669585
-7.7004008016e-08 -0.00397965968382 0.999183051572 0.999601836802
-7.64228456914e-08 -0.00398562609153 0.999202809533 0.999598883604
-7.58416833667e-08 -0.00399159249924 0.999222567495 0.999595930405
-7.52605210421e-08 -0.00399755890694 0.999242325457 0.999592977206
-7.46793587174e-08 -0.00400353373524 0.99926163299 0.99959024573
-7.40981963928e-08 -0.00400956209022 0.999278077312 0.999588923663
-7.35170340681e-08 -0.00401559044521 0.999294521634 0.999587601596
-7.29358717435e-08 -0.0040216188002 0.999310965956 0.99958627953
-7.23547094188e-08 -0.00402764816562 0.999327352944 0.999584980953
-7.17735470942e-08 -0.00403372592073 0.99934099419 0.999584807311
-7.11923847695e-08 -0.00403980367584 0.999354635437 0.999584633669
-7.06112224449e-08 -0.00404588143095 0.999368276683 0.999584460027
-7.00300601202e-08 -0.00405195918605 0.999381917929 0.999584286385
-6.94488977956e-08 -0.00405806858294 0.999393640176 0.999584730215
-6.88677354709e-08 -0.0040641854921 0.99940490682 0.999585320644
-6.82865731463e-08 -0.00407030240127 0.999416173464 0.999585911073
-6.77054108216e-08 -0.00407641931044 0.999427440109 0.999586501502
-6.7124248497e-08 -0.00408255153724 0.999437706166 0.999587321959
-6.65430861723e-08 -0.00408869928545 0.999446958325 0.999588375504
-6.59619238477e-08 -0.00409484703365 0.999456210484 0.999589429049
-6.5380761523e-08 -0.00410099478186 0.999465462643 0.999590482594
-6.47995991984e-08 -0.00410714455262 0.999474571416 0.999591555614
-6.42184368737e-08 -0.00411331643491 0.99948211262 0.999592841545
-6.36372745491e-08 -0.00411948831721 0.999489653823 0.999594127475
-6.30561122244e-08 -0.0041256601995 0.999497195026 0.999595413406
-6.24749498998e-08 -0.00413183208179 0.99950473623 0.999596699336
-6.18937875752e-08 -0.00413801460392 0.99951145289 0.999598019475
-6.13126252505e-08 -0.00414420524892 0.999517540062 0.99959936573
-6.07314629259e-08 -0.00415039589393 0.999523627234 0.999600711985
-6.01503006012e-08 -0.00415658653893 0.999529714405 0.99960205824
-5.95691382766e-08 -0.00416277718393 0.999535801577 0.999603404495
-5.89879759519e-08 -0.0041689815069 0.999540722516 0.999604691126
-5.84068136273e-08 -0.00417518664036 0.999545574349 0.999605974223
-5.78256513026e-08 -0.00418139177382 0.999550426181 0.999607257321
-5.7244488978e-08 -0.00418759690729 0.999555278014 0.999608540418
-5.66633266533e-08 -0.00419380439908 0.999559907412 0.99960979235
-5.60821643287e-08 -0.00420002064311 0.999563711312 0.99961092862
-5.5501002004e-08 -0.00420623688714 0.999567515212 0.99961206489
-5.49198396794e-08 -0.00421245313117 0.999571319112 0.999613201159
-5.43386773547e-08 -0.0042186693752 0.999575123012 0.999614337429
-5.37575150301e-08 -0.0042248887419 0.999578599829 0.999615400509
-5.31763527054e-08 -0.00423111344575 0.999581517605 0.999616338497
-5.25951903808e-08 -0.0042373381496 0.999584435381 0.999617276485
-5.20140280561e-08 -0.00424356285345 0.999587353157 0.999618214472
-5.14328657315e-08 -0.0042497875573 0.999590270933 0.99961915246
-5.08517034068e-08 -0.00425601489583 0.99959288163 0.999619998134
-5.02705410822e-08 -0.00426224599438 0.999595054086 0.999620712065
-4.96893787575e-08 -0.00426847709293 0.999597226542 0.999621425996
-4.91082164329e-08 -0.00427470819148 0.999599398997 0.999622139927
-4.85270541082e-08 -0.00428093929003 0.999601571453 0.999622853857
-4.79458917836e-08 -0.00428717201143 0.999603533561 0.999623490069
-4.73647294589e-08 -0.00429340790767 0.999605084157 0.999623974236
-4.67835671343e-08 -0.00429964380391 0.999606634753 0.999624458403
-4.62024048096e-08 -0.00430587970016 0.999608185349 0.999624942571
-4.5621242485e-08 -0.0043121155964 0.999609735945 0.999625426738
-4.50400801603e-08 -0.00431835201099 0.999611212117 0.999625878954
-4.44589178357e-08 -0.00432459147928 0.999612249841 0.999626142939
-4.3877755511e-08 -0.00433083094757 0.999613287565 0.999626406924
-4.32965931864e-08 -0.00433707041587 0.999614325289 0.999626670909
-4.27154308617e-08 -0.00434330988416 0.999615363013 0.999626934894
-4.21342685371e-08 -0.00434954935245 0.999616400737 0.999627198879
-4.15531062124e-08 -0.00435579101025 0.999617093158 0.999627297432
-4.09719438878e-08 -0.00436203311724 0.99961771474 0.999627362047
-4.03907815631e-08 -0.00436827522422 0.999618336321 0.999627426662
-3.98096192385e-08 -0.0043745173312 0.999618957902 0.999627491276
-3.92284569138e-08 -0.00438075943819 0.999619579483 0.999627555891
-3.86472945892e-08 -0.004387002298 0.999620072582 0.999627554027
-3.80661322645e-08 -0.00439324633853 0.999620364173 0.9996274479
-3.74849699399e-08 -0.00439949037906 0.999620655764 0.999627341774
-3.69038076152e-08 -0.00440573441959 0.999620947355 0.999627235647
-3.63226452906e-08 -0.00441197846011 0.999621238946 0.99962712952
-3.57414829659e-08 -0.00441822250064 0.999621530537 0.999627023393
-3.51603206413e-08 -0.00442446769462 0.999621614305 0.999626804675
-3.45791583166e-08 -0.00443071314023 0.999621652735 0.999626561395
-3.3997995992e-08 -0.00443695858584 0.999621691166 0.999626318116
-3.34168336673e-08 -0.00444320403146 0.999621729596 0.999626074836
-3.28356713427e-08 -0.00444944947707 0.999621768027 0.999625831556
-3.2254509018e-08 -0.00445569504561 0.999621784022 0.999625576014
-3.16733466934e-08 -0.00446194150346 0.999621637716 0.999625231764
-3.10921843687e-08 -0.00446818796132 0.99962149141 0.999624887514
-3.05110220441e-08 -0.00447443441917 0.999621345104 0.999624543264
-2.99298597194e-08 -0.00448068087703 0.999621198798 0.999624199014
-2.93486973948e-08 -0.00448692733489 0.999621052492 0.999623854764
-2.87675350701e-08 -0.00449317400074 0.999620870475 0.999623492051
-2.81863727455e-08 -0.00449942118114 0.999620600112 0.999623083662
-2.76052104208e-08 -0.00450566836155 0.999620329749 0.999622675273
-2.70240480962e-08 -0.00451191554195 0.999620059386 0.999622266884
-2.64428857715e-08 -0.00451816272236 0.999619789023 0.999621858495
-2.58617234469e-08 -0.00452440990276 0.99961951866 0.999621450106
-2.52805611222e-08 -0.00453065724501 0.999619225898 0.999621032762
-2.46993987976e-08 -0.00453690493595 0.999618884876 0.999620596125
-2.41182364729e-08 -0.00454315262689 0.999618543855 0.999620159488
-2.35370741483e-08 -0.00454940031784 0.999618202833 0.999619722851
-2.29559118236e-08 -0.00455564800878 0.999617861811 0.999619286214
-2.2374749499e-08 -0.00456189569972 0.99961752079 0.999618849577
-2.17935871743e-08 -0.00456814346395 0.999617174785 0.999618414053
-2.12124248497e-08 -0.00457439151123 0.999616809533 0.999617982829
-2.0631262525e-08 -0.00458063955852 0.999616444281 0.999617551605
-2.00501002004e-08 -0.0045868876058 0.999616079029 0.999617120381
-1.94689378758e-08 -0.00459313565309 0.999615713777 0.999616689157
-1.88877755511e-08 -0.00459938370037 0.999615348525 0.999616257933
-1.83066132265e-08 -0.00460563174766 0.999614983273 0.999615826708
-1.77254509018e-08 -0.00461188002743 0.999614632678 0.999615429498
-1.71442885772e-08 -0.00461812831931 0.999614282845 0.999615034059
-1.65631262525e-08 -0.00462437661119 0.999613933013 0.99961463862
-1.59819639279e-08 -0.00463062490307 0.99961358318 0.999614243181
-1.54008016032e-08 -0.00463687319495 0.999613233348 0.999613847743
-1.48196392786e-08 -0.00464312148682 0.999612883515 0.999613452304
-1.42384769539e-08 -0.00464936986824 0.999612560199 0.999613090839
-1.36573146293e-08 -0.00465561832346 0.99961225874 0.99961275738
-1.30761523046e-08 -0.00466186677868 0.999611957281 0.999612423922
-1.249498998e-08 -0.0046681152339 0.999611655822 0.999612090463
-1.19138276553e-08 -0.00467436368913 0.999611354363 0.999611757004
-1.13326653307e-08 -0.00468061214435 0.999611052904 0.999611423546
-1.0751503006e-08 -0.00468686059957 0.999610751444 0.999611090087
-1.01703406814e-08 -0.00469310915752 0.999610524228 0.999610839429
-9.58917835671e-09 -0.00469935771598 0.999610297375 0.999610589176
-9.00801603206e-09 -0.00470560627444 0.999610070521 0.999610338923
-8.42685370741e-09 -0.0047118548329 0.999609843668 0.999610088669
-7.84569138277e-09 -0.00471810339135 0.999609616814 0.999609838416
-7.26452905812e-09 -0.00472435194981 0.999609389961 0.999609588163
-6.68336673347e-09 -0.00473060052458 0.999609190164 0.999609366325
-6.10220440882e-09 -0.00473684913971 0.999609057276 0.999609214757
-5.52104208417e-09 -0.00474309775484 0.999608924389 0.999609063189
-4.93987975952e-09 -0.00474934636996 0.999608791501 0.999608911621
-4.35871743487e-09 -0.00475559498509 0.999608658614 0.999608760053
-3.77755511022e-09 -0.00476184360021 0.999608525727 0.999608608485
-3.19639278557e-09 -0.00476809221534 0.999608392839 0.999608456917
-2.61523046092e-09 -0.00477434083767 0.999608304846 0.999608350844
-2.03406813627e-09 -0.00478058946982 0.999608278115 0.99960830685
-1.45290581162e-09 -0.00478683810198 0.999608251384 0.999608262856
-8.71743486974e-10 -0.00479308673413 0.999608224652 0.999608218862
-2.90581162324e-10 -0.00479933536629 0.999608197921 0.999608174868
2.90581162325e-10 -0.00480558399844 0.99960817119 0.999608130874
8.71743486974e-10 -0.0048118326306 0.999608144459 0.99960808688
1.45290581162e-09 -0.00481808125394 0.999608161601 0.999608086026
2.03406813627e-09 -0.00482432986385 0.999608245566 0.999608150879
2.61523046092e-09 -0.00483057847377 0.999608329531 0.999608215731
3.19639278557e-09 -0.00483682708369 0.999608413496 0.999608280583
3.77755511022e-09 -0.00484307569361 0.999608497461 0.999608345436
4.35871743487e-09 -0.00484932430352 0.999608581426 0.999608410288
4.93987975952e-09 -0.00485557291344 0.999608665391 0.99960847514
5.52104208417e-09 -0.0048618215093 0.999608771209 0.999608560675
6.10220440882e-09 -0.00486807005045 0.999608962071 0.999608726705
6.68336673347e-09 -0.00487431859159 0.999609152933 0.999608892734
7.26452905812e-09 -0.00488056713274 0.999609343796 0.999609058763
7.84569138277e-09 -0.00488681567388 0.999609534658 0.999609224792
8.42685370742e-09 -0.00489306421503 0.99960972552 0.999609390821
9.00801603206e-09 -0.00489931275618 0.999609916382 0.99960955685
9.58917835671e-09 -0.00490556129732 0.999610107245 0.99960972288
1.01703406814e-08 -0.0049118097263 0.999610377248 0.999609958724
1.0751503006e-08 -0.00491805813443 0.999610661961 0.999610207544
1.13326653307e-08 -0.00492430654256 0.999610946673 0.999610456363
1.19138276553e-08 -0.0049305549507 0.999611231385 0.999610705183
1.249498998e-08 -0.00493680335883 0.999611516097 0.999610954002
1.30761523046e-08 -0.00494305176696 0.99961180081 0.999611202822
1.36573146293e-08 -0.00494930017509 0.999612085522 0.999611451642
1.42384769539e-08 -0.00495554851187 0.999612392001 0.9996117163
1.48196392786e-08 -0.00496179668903 0.999612747176 0.999612016391
1.54008016032e-08 -0.00496804486619 0.99961310235 0.999612316482
1.59819639279e-08 -0.00497429304334 0.999613457525 0.999612616573
1.65631262525e-08 -0.0049805412205 0.9996138127 0.999612916664
1.71442885772e-08 -0.00498678939766 0.999614167874 0.999613216756
1.77254509018e-08 -0.00499303757482 0.999614523049 0.999613516847
1.83066132265e-08 -0.00499928575197 0.999614878224 0.999613816938
1.88877755511e-08 -0.00500553369688 0.999615254653 0.999614119009
1.94689378758e-08 -0.00501178148516 0.999615645415 0.999614422415
2.00501002004e-08 -0.00501802927345 0.999616036176 0.999614725822
2.06312625251e-08 -0.00502427706174 0.999616426938 0.999615029228
2.12124248497e-08 -0.00503052485003 0.999616817699 0.999615332634
2.17935871743e-08 -0.00503677263832 0.999617208461 0.99961563604
2.2374749499e-08 -0.0050430204266 0.999617599222 0.999615939447
2.29559118236e-08 -0.00504926821489 0.999617989984 0.999616242853
2.35370741483e-08 -0.00505551554456 0.999618372521 0.999616500045
2.41182364729e-08 -0.00506176268154 0.999618751604 0.99961673782
2.46993987976e-08 -0.00506800981851 0.999619130686 0.999616975594
2.52805611222e-08 -0.00507425695549 0.999619509769 0.999617213369
2.58617234469e-08 -0.00508050409246 0.999619888851 0.999617451143
2.64428857715e-08 -0.00508675122944 0.999620267934 0.999617688918
2.70240480962e-08 -0.00509299836641 0.999620647016 0.999617926692
2.76052104208e-08 -0.00509924550339 0.999621026098 0.999618164467
2.81863727455e-08 -0.00510549195511 0.999621360553 0.999618300991
2.87675350701e-08 -0.0051117379962 0.999621668264 0.999618376842
2.93486973948e-08 -0.0051179840373 0.999621975975 0.999618452693
2.99298597194e-08 -0.00512423007839 0.999622283686 0.999618528543
3.05110220441e-08 -0.00513047611948 0.999622591397 0.999618604394
3.10921843687e-08 -0.00513672216058 0.999622899108 0.999618680245
3.16733466934e-08 -0.00514296820167 0.99962320682 0.999618756095
3.2254509018e-08 -0.00514921424276 0.999623514531 0.999618831946
3.28356713427e-08 -0.00515545962123 0.99962377183 0.999618802802
3.34168336673e-08 -0.0051617038028 0.999623938072 0.999618584007
3.3997995992e-08 -0.00516794798438 0.999624104313 0.999618365212
3.45791583166e-08 -0.00517419216596 0.999624270555 0.999618146417
3.51603206413e-08 -0.00518043634753 0.999624436796 0.999617927622
3.57414829659e-08 -0.00518668052911 0.999624603038 0.999617708827
3.63226452906e-08 -0.00519292471068 0.999624769279 0.999617490032
3.69038076152e-08 -0.00519916889226 0.999624935521 0.999617271237
3.74849699399e-08 -0.00520541307384 0.999625101762 0.999617052442
3.80661322645e-08 -0.00521165441009 0.999625075442 0.999616407548
3.86472945892e-08 -0.00521789540475 0.999625026004 0.999615711498
3.92284569138e-08 -0.00522413639941 0.999624976566 0.999615015449
3.98096192385e-08 -0.00523037739407 0.999624927128 0.999614319399
4.03907815631e-08 -0.00523661838873 0.999624877691 0.99961362335
4.09719438878e-08 -0.00524285938339 0.999624828253 0.999612927301
4.15531062124e-08 -0.00524910037805 0.999624778815 0.999612231251
4.21342685371e-08 -0.00525534137271 0.999624729377 0.999611535202
4.27154308617e-08 -0.00526158109701 0.999624615653 0.999610671014
4.32965931864e-08 -0.00526781657144 0.999624286868 0.999609244332
4.3877755511e-08 -0.00527405204587 0.999623958082 0.99960781765
4.44589178357e-08 -0.00528028752029 0.999623629297 0.999606390969
4.50400801603e-08 -0.00528652299472 0.999623300512 0.999604964287
4.5621242485e-08 -0.00529275846914 0.999622971726 0.999603537606
4.62024048096e-08 -0.00529899394357 0.999622642941 0.999602110924
4.67835671343e-08 -0.005305229418 0.999622314155 0.999600684243
4.73647294589e-08 -0.00531146489242 0.99962198537 0.999599257561
4.79458917836e-08 -0.00531769685185 0.999621546789 0.999597434955
4.85270541082e-08 -0.0053239226591 0.999620916037 0.999594919373
4.91082164329e-08 -0.00533014846635 0.999620285286 0.999592403792
4.96893787575e-08 -0.0053363742736 0.999619654534 0.99958988821
5.02705410822e-08 -0.00534260008085 0.999619023782 0.999587372629
5.08517034068e-08 -0.00534882588809 0.99961839303 0.999584857047
5.14328657315e-08 -0.00535505169534 0.999617762278 0.999582341466
5.20140280561e-08 -0.00536127750259 0.999617131527 0.999579825884
5.25951903808e-08 -0.00536750330984 0.999616500775 0.999577310303
5.31763527054e-08 -0.00537372417926 0.999615805606 0.999574330144
5.37575150301e-08 -0.00537993286715 0.999614951522 0.99957020388
5.43386773547e-08 -0.00538614155504 0.999614097439 0.999566077616
5.49198396794e-08 -0.00539235024292 0.999613243355 0.999561951353
5.5501002004e-08 -0.00539855893081 0.999612389271 0.999557825089
5.60821643287e-08 -0.0054047676187 0.999611535187 0.999553698825
5.66633266533e-08 -0.00541097630659 0.999610681103 0.999549572562
5.7244488978e-08 -0.00541718499448 0.99960982702 0.999545446298
5.78256513026e-08 -0.00542339368236 0.999608972936 0.999541320034
5.84068136273e-08 -0.00542960237025 0.999608118852 0.999537193771
5.89879759519e-08 -0.00543578040474 0.999607337011 0.999530667002
5.95691382766e-08 -0.00544195843069 0.999606555191 0.999524139564
6.01503006012e-08 -0.00544813645664 0.99960577337 0.999517612127
6.07314629259e-08 -0.00545431448259 0.99960499155 0.999511084689
6.13126252505e-08 -0.00546049250854 0.99960420973 0.999504557252
6.18937875752e-08 -0.00546667053449 0.999603427909 0.999498029814
6.24749498998e-08 -0.00547284856044 0.999602646089 0.999491502376
6.30561122244e-08 -0.00547902658639 0.999601864268 0.999484974939
6.36372745491e-08 -0.00548520461234 0.999601082448 0.999478447501
6.42184368737e-08 -0.00549135528151 0.999600696925 0.999470119874
6.47995991984e-08 -0.00549747775336 0.999600719876 0.999459936746
6.5380761523e-08 -0.0055036002252 0.999600742828 0.999449753618
6.59619238477e-08 -0.00550972269705 0.999600765779 0.99943957049
6.65430861723e-08 -0.00551584516889 0.999600788731 0.999429387362
6.7124248497e-08 -0.00552196764074 0.999600811682 0.999419204233
6.77054108216e-08 -0.00552809011258 0.999600834633 0.999409021105
6.82865731463e-08 -0.00553421258442 0.999600857585 0.999398837977
6.88677354709e-08 -0.00554033505627 0.999600880536 0.999388654849
6.94488977956e-08 -0.00554645752811 0.999600903488 0.999378471721
7.00300601202e-08 -0.00555250245522 0.999602747633 0.999363913265
7.06112224449e-08 -0.0055585230864 0.999605162387 0.999347983955
7.11923847695e-08 -0.00556454371759 0.99960757714 0.999332054644
7.17735470942e-08 -0.00557056434878 0.999609991893 0.999316125334
7.23547094188e-08 -0.00557658497997 0.999612406646 0.999300196024
7.29358717435e-08 -0.00558260561116 0.999614821399 0.999284266713
7.35170340681e-08 -0.00558862624234 0.999617236153 0.999268337403
7.40981963928e-08 -0.00559464687353 0.999619650906 0.999252408092
7.46793587174e-08 -0.00560066750472 0.999622065659 0.999236478782
7.52605210421e-08 -0.00560668813591 0.999624480412 0.999220549471
7.58416833667e-08 -0.00561255734869 0.999631407689 0.999197091215
7.64228456914e-08 -0.00561838904905 0.999639452899 0.999171767737
7.7004008016e-08 -0.00562422074941 0.999647498109 0.999146444258
7.75851703407e-08 -0.00563005244977 0.99965554332 0.999121120779
7.81663326653e-08 -0.00563588415013 0.99966358853 0.999095797301
7.874749499e-08 -0.00564171585049 0.99967163374 0.999070473822
7.93286573146e-08 -0.00564754755085 0.999679678951 0.999045150343
7.99098196393e-08 -0.00565337925122 0.999687724161 0.999019826865
8.04909819639e-08 -0.00565921095158 0.999695769371 0.998994503386
8.10721442886e-08 -0.00566504265194 0.999703814582 0.998969179907
8.16533066132e-08 -0.00567065896995 0.999719179641 0.99893413158
8.22344689379e-08 -0.00567613589617 0.999739281983 0.998892789497
8.28156312625e-08 -0.0056816128224 0.999759384324 0.998851447414
8.33967935872e-08 -0.00568708974862 0.999779486666 0.998810105332
8.39779559118e-08 -0.00569256667485 0.999799589007 0.998768763249
8.45591182365e-08 -0.00569804360108 0.999819691349 0.998727421166
8.51402805611e-08 -0.0057035205273 0.99983979369 0.998686079083
8.57214428858e-08 -0.00570899745353 0.999859896032 0.998644737
8.63026052104e-08 -0.00571447437975 0.999879998373 0.998603394917
8.68837675351e-08 -0.00571995130598 0.999900100715 0.998562052834
8.74649298597e-08 -0.0057253116425 0.999924467862 0.998515794581
8.80460921844e-08 -0.00573011410106 0.999969241968 0.998446012615
8.8627254509e-08 -0.00573491655962 1.00001401607 0.998376230648
8.92084168337e-08 -0.00573971901818 1.00005879018 0.998306448682
8.97895791583e-08 -0.00574452147674 1.00010356429 0.998236666715
9.0370741483e-08 -0.0057493239353 1.00014833839 0.998166884749
9.09519038076e-08 -0.00575412639387 1.0001931125 0.998097102783
9.15330661323e-08 -0.00575892885243 1.0002378866 0.998027320816
9.21142284569e-08 -0.00576373131099 1.00028266071 0.99795753885
9.26953907816e-08 -0.00576853376955 1.00032743481 0.997887756883
9.32765531062e-08 -0.00577333622811 1.00037220892 0.997817974917
9.38577154309e-08 -0.00577749842534 1.00044135374 0.99772239826
9.44388777555e-08 -0.00578100243831 1.00053555148 0.997600304838
9.50200400802e-08 -0.00578450645129 1.00062974923 0.997478211417
9.56012024048e-08 -0.00578801046426 1.00072394698 0.997356117995
9.61823647295e-08 -0.00579151447723 1.00081814472 0.997234024574
9.67635270541e-08 -0.0057950184902 1.00091234247 0.997111931152
9.73446893788e-08 -0.00579852250317 1.00100654021 0.996989837731
9.79258517034e-08 -0.00580202651614 1.00110073796 0.996867744309
9.85070140281e-08 -0.00580553052911 1.0011949357 0.996745650888
9.90881763527e-08 -0.00580903454209 1.00128913345 0.996623557466
9.96693386774e-08 -0.00581253855506 1.00138333119 0.996501464045
1.00250501002e-07 -0.00581461960878 1.00153279286 0.996323710156
1.00831663327e-07 -0.0058155917967 1.00172531989 0.996102581877
1.01412825651e-07 -0.00581656398463 1.00191784693 0.995881453599
1.01993987976e-07 -0.00581753617255 1.00211037397 0.99566032532
1.02575150301e-07 -0.00581850836047 1.002302901 0.995439197041
1.03156312625e-07 -0.0058194805484 1.00249542804 0.995218068763
1.0373747495e-07 -0.00582045273632 1.00268795507 0.994996940484
1.04318637275e-07 -0.00582142492424 1.00288048211 0.994775812205
1.04899799599e-07 -0.00582239711216 1.00307300915 0.994554683926
1.05480961924e-07 -0.00582336930009 1.00326553618 0.994333555648
1.06062124248e-07 -0.00582434148801 1.00345806322 0.994112427369
1.06643286573e-07 -0.00582344447519 1.00372392382 0.993819670402
1.07224448898e-07 -0.00581941533098 1.00411266603 0.993406888623
1.07805611222e-07 -0.00581538618676 1.00450140823 0.992994106844
1.08386773547e-07 -0.00581135704255 1.00489015043 0.992581325066
1.08967935872e-07 -0.00580732789833 1.00527889263 0.992168543287
1.09549098196e-07 -0.00580329875412 1.00566763484 0.991755761508
1.10130260521e-07 -0.0057992696099 1.00605637704 0.99134297973
1.10711422846e-07 -0.00579524046568 1.00644511924 0.990930197951
1.1129258517e-07 -0.00579121132147 1.00683386144 0.990517416173
1.11873747495e-07 -0.00578718217725 1.00722260364 0.990104634394
1.1245490982e-07 -0.00578315303304 1.00761134585 0.989691852615
1.13036072144e-07 -0.00577912388882 1.00800008805 0.989279070837
1.13617234469e-07 -0.00576586280168 1.00875397609 0.988519128385
1.14198396794e-07 -0.00575182266106 1.00953867759 0.987729890179
1.14779559118e-07 -0.00573778252044 1.01032337909 0.986940651973
1.15360721443e-07 -0.00572374237982 1.01110808059 0.986151413767
1.15941883768e-07 -0.0057097022392 1.01189278209 0.985362175561
1.16523046092e-07 -0.00569566209858 1.01267748359 0.984572937355
1.17104208417e-07 -0.00568162195796 1.0134621851 0.983783699149
1.17685370741e-07 -0.00566758181734 1.0142468866 0.982994460943
1.18266533066e-07 -0.00565354167671 1.0150315881 0.982205222737
1.18847695391e-07 -0.00563950153609 1.0158162896 0.981415984531
1.19428857715e-07 -0.00562546139547 1.0166009911 0.980626746325
1.2001002004e-07 -0.00560733578298 1.01754971861 0.979687818234
1.20591182365e-07 -0.00557298536799 1.01914984933 0.978154420543
1.21172344689e-07 -0.005538634953 1.02074998006 0.976621022852
1.21753507014e-07 -0.00550428453801 1.02235011079 0.975087625161
1.22334669339e-07 -0.00546993412301 1.02395024152 0.973554227471
1.22915831663e-07 -0.00543558370802 1.02555037224 0.97202082978
1.23496993988e-07 -0.00540123329303 1.02715050297 0.970487432089
1.24078156313e-07 -0.00536688287804 1.0287506337 0.968954034398
1.24659318637e-07 -0.00533253246304 1.03035076442 0.967420636707
1.25240480962e-07 -0.00529818204805 1.03195089515 0.965887239016
1.25821643287e-07 -0.00526383163306 1.03355102588 0.964353841325
1.26402805611e-07 -0.00522948121807 1.0351511566 0.962820443635
1.26983967936e-07 -0.00518659483487 1.03710628373 0.960988631592
1.27565130261e-07 -0.00511046655276 1.04044388487 0.957994694821
1.28146292585e-07 -0.00503433827065 1.04378148601 0.95500075805
1.2872745491e-07 -0.00495820998854 1.04711908715 0.952006821279
1.29308617234e-07 -0.00488208170643 1.0504566883 0.949012884508
1.29889779559e-07 -0.00480595342432 1.05379428944 0.946018947737
1.30470941884e-07 -0.00472982514221 1.05713189058 0.943025010966
1.31052104208e-07 -0.0046536968601 1.06046949172 0.940031074195
1.31633266533e-07 -0.00457756857799 1.06380709286 0.937037137424
1.32214428858e-07 -0.00450144029588 1.06714469401 0.934043200653
1.32795591182e-07 -0.00442531201377 1.07048229515 0.931049263882
1.33376753507e-07 -0.00434918373166 1.07381989629 0.928055327111
1.33957915832e-07 -0.00427305544955 1.07715749743 0.92506139034
1.34539078156e-07 -0.00411625874697 1.08413134068 0.91950198694
1.35120240481e-07 -0.00395293881417 1.09139922768 0.913735127769
1.35701402806e-07 -0.00378961888137 1.09866711468 0.907968268597
1.3628256513e-07 -0.00362629894857 1.10593500167 0.902201409426
1.36863727455e-07 -0.00346297901577 1.11320288867 0.896434550254
1.3744488978e-07 -0.00329965908297 1.12047077566 0.890667691083
1.38026052104e-07 -0.00313633915017 1.12773866266 0.884900831911
1.38607214429e-07 -0.00297301921737 1.13500654965 0.879133972739
1.39188376754e-07 -0.00280969928457 1.14227443665 0.873367113568
1.39769539078e-07 -0.00264637935177 1.14954232364 0.867600254396
1.40350701403e-07 -0.00248305941897 1.15681021064 0.861833395225
1.40931863727e-07 -0.00231973948618 1.16407809763 0.856066536053
1.41513026052e-07 -0.00209032947371 1.17462314909 0.848427881888
1.42094188377e-07 -0.00174194122809 1.19106789441 0.837419541041
1.42675350701e-07 -0.00139355298247 1.20751263972 0.826411200195
1.43256513026e-07 -0.00104516473685 1.22395738504 0.815402859348
1.43837675351e-07 -0.000696776491235 1.24040213036 0.804394518502
1.44418837675e-07 -0.000348388245618 1.25684687567 0.793386177655
1.45e-07 0 1.27329162099 0.782377836809
