-1.45e-07 -0.00920311378793 0.799684394487 1.24588190534
-1.44418837675e-07 -0.00887373274978 0.80996547389 1.23012872015
-1.43837675351e-07 -0.00856216417876 0.819791723708 1.21533917065
-1.43256513026e-07 -0.00827253035871 0.829074528213 1.20175886736
-1.42675350701e-07 -0.00800002717962 0.83791825913 1.18909804336
-1.42094188377e-07 -0.0077416863766 0.846391704959 1.17718555374
-1.41513026052e-07 -0.00749649336171 0.854516705246 1.16596022511
-1.40931863727e-07 -0.00727064648139 0.862114288262 1.15572322383
-1.40350701403e-07 -0.00705653315638 0.869382922986 1.14607219466
-1.39769539078e-07 -0.00685267752492 0.876361653047 1.13693011362
-1.39188376754e-07 -0.00666338341161 0.882921344278 1.12849984526
-1.38607214429e-07 -0.00648567860198 0.889139289418 1.12062482845
-1.38026052104e-07 -0.00631584326235 0.895123234189 1.11312428315
-1.3744488978e-07 -0.00615866463207 0.900725365968 1.10621882065
-1.36863727455e-07 -0.00601068914647 0.906043921448 1.09973852128
-1.3628256513e-07 -0.00586866484382 0.911178695743 1.09353265356
-1.35701402806e-07 -0.00573947322035 0.915910187914 1.08790999534
-1.35120240481e-07 -0.00561562591534 0.920470627639 1.08252655735
-1.34539078156e-07 -0.00549897940566 0.924800595759 1.07746543847
-1.33957915832e-07 -0.00539122793127 0.928840996438 1.07279691594
-1.33376753507e-07 -0.00528690481693 0.93276943577 1.06827931753
-1.32795591182e-07 -0.00519265591488 0.93636473289 1.06420063415
-1.32214428858e-07 -0.00510162126944 0.939852185505 1.06026033313
-1.31633266533e-07 -0.00501730741877 0.943114142501 1.05660938034
-1.31052104208e-07 -0.00493795196105 0.946207494662 1.05316958839
-1.30470941884e-07 -0.00486278584613 0.949158392711 1.0499082061
-1.29889779559e-07 -0.004793657377 0.951901440414 1.04690140973
-1.29308617234e-07 -0.00472689295238 0.954563104165 1.04399429665
-1.2872745491e-07 -0.00466668839864 0.956996363744 1.04136131469
-1.28146292585e-07 -0.00460762060905 0.959390043019 1.03877583709
-1.27565130261e-07 -0.00455517757452 0.96155064261 1.0364649658
-1.26983967936e-07 -0.00450314192336 0.963696909175 1.03417098117
-1.26402805611e-07 -0.00445742984563 0.965618554173 1.03213721676
-1.25821643287e-07 -0.00441180181563 0.967537213687 1.03010691098
-1.25240480962e-07 -0.00437191283221 0.969250218241 1.02831124105
-1.24659318637e-07 -0.00433210716405 0.970960237248 1.02651897739
-1.24078156313e-07 -0.00429724679388 0.972491613153 1.02492773377
-1.23496993988e-07 -0.00426271662981 0.974011060748 1.02334991261
-1.22915831663e-07 -0.00423219437708 0.975384654661 1.02193417938
-1.22334669339e-07 -0.00420243027816 0.976730658261 1.02054910741
-1.21753507014e-07 -0.00417565026301 0.977967328101 1.01928417866
-1.21172344689e-07 -0.00415017910966 0.979156042591 1.01807194645
-1.20591182365e-07 -0.00412663082689 0.9802738641 1.01693682944
-1.2001002004e-07 -0.00410501461384 0.981320453474 1.01587919658
-1.19428857715e-07 -0.00408426391447 0.982334948338 1.0148561566
-1.18847695391e-07 -0.00406609845159 0.983253578863 1.01393644349
-1.18266533066e-07 -0.00404793298871 0.984172209389 1.01301673038
-1.17685370741e-07 -0.0040326923666 0.984981800184 1.01221357295
-1.17104208417e-07 -0.00401760589838 0.985785644035 1.0114165586
-1.16523046092e-07 -0.00400414841694 0.986528453118 1.01068429361
-1.15941883768e-07 -0.00399180017323 0.987229701356 1.00999611886
-1.15360721443e-07 -0.00397989960817 0.987914096277 1.0093256987
-1.14779559118e-07 -0.00396997829981 0.988523980069 1.0087337743
-1.14198396794e-07 -0.00396005699146 0.98913386386 1.0081418499
-1.13617234469e-07 -0.00395167327066 0.989685599931 1.00761078368
-1.13036072144e-07 -0.00394389554304 0.990214418852 1.00710370286
-1.1245490982e-07 -0.00393648019054 0.990729472832 1.00661093891
-1.11873747495e-07 -0.00393058904853 0.99118662916 1.00617839408
-1.1129258517e-07 -0.00392469790653 0.991643785487 1.00574584926
-1.10711422846e-07 -0.00391981168879 0.992062601149 1.00535293879
-1.10130260521e-07 -0.00391557490617 0.992456639048 1.00498564215
-1.09549098196e-07 -0.00391133812356 0.992850676947 1.00461834551
-1.08967935872e-07 -0.00390849170039 0.993191431372 1.00430578982
-1.08386773547e-07 -0.00390570022618 0.993530079959 1.00399539756
-1.07805611222e-07 -0.0039032285873 0.993856414345 1.00369757457
-1.07224448898e-07 -0.00390169496117 0.994146633657 1.00343661468
-1.06643286573e-07 -0.00390016133504 0.994436852968 1.00317565479
-1.06062124248e-07 -0.00389915421251 0.994706700783 1.00293534303
-1.05480961924e-07 -0.00389871100055 0.994954729749 1.00271714641
-1.04899799599e-07 -0.0038982677886 0.995202758714 1.00249894978
-1.04318637275e-07 -0.0038984329646 0.995427121354 1.00230455403
-1.0373747495e-07 -0.00389893122594 0.995638526956 1.00212318897
-1.03156312625e-07 -0.00389942948728 0.995849932558 1.00194182392
-1.02575150301e-07 -0.00390052908584 0.996037806554 1.00178391347
-1.01993987976e-07 -0.00390183687956 0.99621753343 1.00163412347
-1.01412825651e-07 -0.00390314467329 0.996397260305 1.00148433348
-1.00831663327e-07 -0.00390498696178 0.996555930365 1.0013553132
-1.00250501002e-07 -0.00390698790279 0.996708350191 1.00123245793
-9.96693386774e-08 -0.0039089888438 0.996860770017 1.00110960266
-9.90881763527e-08 -0.00391142085523 0.996996076481 1.00100341948
-9.85070140281e-08 -0.00391401272633 0.997125036566 1.00090341903
-9.79258517034e-08 -0.00391660459742 0.99725399665 1.00080341858
-9.73446893788e-08 -0.00391950556216 0.997370576176 1.00071530154
-9.67635270541e-08 -0.00392259898871 0.997479446761 1.00063458389
-9.61823647295e-08 -0.00392569241526 0.997588317345 1.00055386624
-9.56012024048e-08 -0.00392896797864 0.997689816454 1.00048009825
-9.50200400802e-08 -0.00393248517096 0.997781536311 1.00041554992
-9.44388777555e-08 -0.00393600236328 0.997873256168 1.00035100159
-9.38577154309e-08 -0.00393957955491 0.997962517991 1.00028872078
-9.32765531062e-08 -0.00394345312233 0.998039637974 1.00023764068
-9.26953907816e-08 -0.00394732668976 0.998116757957 1.00018656058
-9.21142284569e-08 -0.00395120025718 0.99819387794 1.00013548048
-9.15330661323e-08 -0.00395532144095 0.99826070739 1.00009364558
-9.09519038076e-08 -0.00395949328044 0.998325431669 1.00005370199
-9.0370741483e-08 -0.00396366511994 0.998390155948 1.0000137584
-8.97895791583e-08 -0.00396793966382 0.998450539444 0.999977591166
-8.92084168337e-08 -0.00397235992494 0.998504764228 0.99994678182
-8.8627254509e-08 -0.00397678018606 0.998558989011 0.999915972475
-8.80460921844e-08 -0.00398120044718 0.998613213794 0.999885163129
-8.74649298597e-08 -0.00398580934039 0.998659306359 0.999861156801
-8.68837675351e-08 -0.00399043546732 0.998704655952 0.999837772007
-8.63026052104e-08 -0.00399506159425 0.998750005545 0.999814387213
-8.57214428858e-08 -0.00399974489328 0.998792832279 0.999793014629
-8.51402805611e-08 -0.00400454074374 0.998830692408 0.999775603365
-8.45591182365e-08 -0.00400933659419 0.998868552537 0.999758192101
-8.39779559118e-08 -0.00401413244465 0.998906412666 0.999740780837
-8.33967935872e-08 -0.00401902199664 0.998940023745 0.999726567336
-8.28156312625e-08 -0.00402395703655 0.998971572101 0.999713906205
-8.22344689379e-08 -0.00402889207646 0.999003120456 0.999701245075
-8.16533066132e-08 -0.00403382711637 0.999034668812 0.999688583945
-8.10721442886e-08 -0.00403886698334 0.999061310312 0.999679363195
-8.04909819639e-08 -0.00404391555545 0.999087544332 0.999670428144
-7.99098196393e-08 -0.00404896412755 0.999113778352 0.999661493094
-7.93286573146e-08 -0.00405402054739 0.999139631277 0.999652803103
-7.874749499e-08 -0.00405916121118 0.999161393212 0.999646743781
-7.81663326653e-08 -0.00406430187497 0.999183155146 0.99964068446
-7.75851703407e-08 -0.00406944253876 0.999204917081 0.999634625139
-7.7004008016e-08 -0.00407459484859 0.999226089064 0.999628906992
-7.64228456914e-08 -0.00407980978849 0.99924408841 0.999625023611
-7.58416833667e-08 -0.00408502472839 0.999262087755 0.99962114023
-7.52605210421e-08 -0.00409023966829 0.9992800871 0.99961725685
-7.46793587174e-08 -0.00409546270403 0.999297656095 0.999613591766
-7.40981963928e-08 -0.0041007372022 0.999312489504 0.999611314321
-7.35170340681e-08 -0.00410601170036 0.999327322913 0.999609036876
-7.29358717435e-08 -0.00411128619852 0.999342156321 0.99960675943
-7.23547094188e-08 -0.00411656166768 0.999356935228 0.999604505449
-7.17735470942e-08 -0.00412188363747 0.99936910403 0.999603375145
-7.11923847695e-08 -0.00412720560727 0.999381272833 0.999602244841
-7.06112224449e-08 -0.00413252757707 0.999393441636 0.999601114537
-7.00300601202e-08 -0.00413784954687 0.999405610438 0.999599984233
-6.94488977956e-08 -0.00414320190751 0.999415966338 0.999599486729
-6.88677354709e-08 -0.00414856148344 0.999425891825 0.999599139461
-6.82865731463e-08 -0.00415392105937 0.999435817311 0.999598792193
-6.77054108216e-08 -0.00415928063529 0.999445742798 0.999598444925
-6.7124248497e-08 -0.00416465491529 0.999454730094 0.999598345505
-6.65430861723e-08 -0.00417004409496 0.99946276672 0.999598497229
-6.59619238477e-08 -0.00417543327462 0.999470803345 0.999598648953
-6.5380761523e-08 -0.00418082245429 0.99947883997 0.999598800677
-6.47995991984e-08 -0.00418621357438 0.999486743351 0.999598976044
-6.42184368737e-08 -0.00419162590808 0.999493190033 0.999599409885
-6.36372745491e-08 -0.00419703824179 0.999499636714 0.999599843726
-6.30561122244e-08 -0.0042024505755 0.999506083396 0.999600277567
-6.24749498998e-08 -0.00420786290921 0.999512530077 0.999600711409
-6.18937875752e-08 -0.00421328544445 0.999518218586 0.999601213922
-6.13126252505e-08 -0.00421871576795 0.999523328276 0.999601768863
-6.07314629259e-08 -0.00422414609144 0.999528437965 0.999602323804
-6.01503006012e-08 -0.00422957641494 0.999533547655 0.999602878745
-5.95691382766e-08 -0.00423500673844 0.999538657345 0.999603433686
-5.89879759519e-08 -0.00424045016786 0.999542707813 0.999603994354
-5.84068136273e-08 -0.00424589437389 0.999546695516 0.999604555362
-5.78256513026e-08 -0.00425133857992 0.999550683218 0.999605116369
-5.7244488978e-08 -0.00425678278595 0.999554670921 0.999605677377
-5.66633266533e-08 -0.00426222925008 0.999558459464 0.999606223194
-5.60821643287e-08 -0.0042676840945 0.999561508883 0.999606712639
-5.5501002004e-08 -0.00427313893892 0.999564558302 0.999607202083
-5.49198396794e-08 -0.00427859378334 0.999567607721 0.999607691527
-5.43386773547e-08 -0.00428404862775 0.99957065714 0.999608180972
-5.37575150301e-08 -0.00428950645983 0.999573418484 0.999608626414
-5.31763527054e-08 -0.00429496939831 0.999575687459 0.999608996648
-5.25951903808e-08 -0.0043004323368 0.999577956434 0.999609366882
-5.20140280561e-08 -0.00430589527528 0.999580225409 0.999609737117
-5.14328657315e-08 -0.00431135821377 0.999582494385 0.999610107351
-5.08517034068e-08 -0.00431682367088 0.999584497999 0.999610418565
-5.02705410822e-08 -0.00432229272238 0.99958612291 0.99961064555
-4.96893787575e-08 -0.00432776177389 0.99958774782 0.999610872535
-4.91082164329e-08 -0.00433323082539 0.999589372731 0.99961109952
-4.85270541082e-08 -0.0043386998769 0.999590997641 0.999611326505
-4.79458917836e-08 -0.00434417047829 0.999592444754 0.999611503045
-4.73647294589e-08 -0.00434964411179 0.999593544036 0.999611580899
-4.67835671343e-08 -0.00435511774529 0.999594643318 0.999611658752
-4.62024048096e-08 -0.00436059137879 0.999595742599 0.999611736605
-4.5621242485e-08 -0.00436606501229 0.999596841881 0.999611814458
-4.50400801603e-08 -0.0043715391403 0.999597879873 0.999611871781
-4.44589178357e-08 -0.00437701618156 0.999598556797 0.999611808157
-4.3877755511e-08 -0.00438249322282 0.999599233721 0.999611744533
-4.32965931864e-08 -0.00438797026408 0.999599910645 0.999611680908
-4.27154308617e-08 -0.00439344730533 0.999600587569 0.999611617284
-4.21342685371e-08 -0.00439892434659 0.999601264493 0.99961155366
-4.15531062124e-08 -0.00440440347404 0.999601665872 0.999611387001
-4.09719438878e-08 -0.00440988302948 0.999602010722 0.999611199203
-4.03907815631e-08 -0.00441536258492 0.999602355572 0.999611011406
-3.98096192385e-08 -0.00442084214035 0.999602700422 0.999610823609
-3.92284569138e-08 -0.00442632169579 0.999603045272 0.999610635812
-3.86472945892e-08 -0.00443180196748 0.999603291582 0.999610408905
-3.80661322645e-08 -0.00443728336251 0.999603383343 0.999610120659
-3.74849699399e-08 -0.00444276475755 0.999603475105 0.999609832414
-3.69038076152e-08 -0.00444824615259 0.999603566867 0.999609544168
-3.63226452906e-08 -0.00445372754762 0.999603658629 0.999609255922
-3.57414829659e-08 -0.00445920894266 0.999603750391 0.999608967676
-3.51603206413e-08 -0.00446469143319 0.999603691035 0.999608619538
-3.45791583166e-08 -0.00447017416272 0.999603598712 0.999608258334
-3.3997995992e-08 -0.00447565689224 0.999603506389 0.99960789713
-3.34168336673e-08 -0.00448113962176 0.999603414066 0.999607535926
-3.28356713427e-08 -0.00448662235129 0.999603321743 0.999607174722
-3.2254509018e-08 -0.00449210519732 0.999603214356 0.999606808193
-3.16733466934e-08 -0.00449758888623 0.999602997995 0.999606403145
-3.10921843687e-08 -0.00450307257513 0.999602781634 0.999605998098
-3.05110220441e-08 -0.00450855626404 0.999602565273 0.99960559305
-2.99298597194e-08 -0.00451403995294 0.999602348912 0.999605188002
-2.93486973948e-08 -0.00451952364185 0.999602132551 0.999604782955
-2.87675350701e-08 -0.0045250075274 0.999601895427 0.999604373647
-2.81863727455e-08 -0.00453049189941 0.999601606936 0.9996039538
-2.76052104208e-08 -0.00453597627143 0.999601318446 0.999603533952
-2.70240480962e-08 -0.00454146064345 0.999601029956 0.999603114105
-2.64428857715e-08 -0.00454694501546 0.999600741466 0.999602694257
-2.58617234469e-08 -0.00455242938748 0.999600452975 0.99960227441
-2.52805611222e-08 -0.00455791391205 0.999600155706 0.99960185864
-2.46993987976e-08 -0.00456339876529 0.999599839523 0.999601451656
-2.41182364729e-08 -0.00456888361854 0.999599523339 0.999601044672
-2.35370741483e-08 -0.00457436847178 0.999599207156 0.999600637688
-2.29559118236e-08 -0.00457985332503 0.999598890972 0.999600230704
-2.2374749499e-08 -0.00458533817827 0.999598574789 0.99959982372
-2.17935871743e-08 -0.00459082310035 0.999598260627 0.999599424585
-2.12124248497e-08 -0.00459630828832 0.999597954272 0.999599055762
-2.0631262525e-08 -0.00460179347629 0.999597647918 0.999598686939
-2.00501002004e-08 -0.00460727866425 0.999597341563 0.999598318116
-1.94689378758e-08 -0.00461276385222 0.999597035209 0.999597949294
-1.88877755511e-08 -0.00461824904018 0.999596728854 0.999597580471
-1.83066132265e-08 -0.00462373422815 0.9995964225 0.999597211648
-1.77254509018e-08 -0.00462921963362 0.999596155034 0.999596900206
-1.71442885772e-08 -0.00463470505042 0.999595889593 0.999596591752
-1.65631262525e-08 -0.00464019046723 0.999595624152 0.999596283298
-1.59819639279e-08 -0.00464567588403 0.999595358711 0.999595974845
-1.54008016032e-08 -0.00465116130083 0.99959509327 0.999595666391
-1.48196392786e-08 -0.00465664671763 0.99959482783 0.999595357937
-1.42384769539e-08 -0.00466213221785 0.999594598546 0.999595092763
-1.36573146293e-08 -0.00466761778682 0.999594399069 0.999594863265
-1.30761523046e-08 -0.00467310335579 0.999594199591 0.999594633768
-1.249498998e-08 -0.00467858892476 0.999594000114 0.99959440427
-1.19138276553e-08 -0.00468407449373 0.999593800636 0.999594174772
-1.13326653307e-08 -0.00468956006271 0.999593601159 0.999593945275
-1.0751503006e-08 -0.00469504563168 0.999593401681 0.999593715777
-1.01703406814e-08 -0.00470053129593 0.999593287089 0.999593579332
-9.58917835671e-09 -0.00470601696065 0.999593172911 0.999593443342
-9.00801603206e-09 -0.00471150262537 0.999593058733 0.999593307351
-8.42685370741e-09 -0.00471698829009 0.999592944555 0.999593171361
-7.84569138277e-09 -0.00472247395481 0.999592830377 0.99959303537
-7.26452905812e-09 -0.00472795961953 0.999592716199 0.99959289938
-6.68336673347e-09 -0.00473344529932 0.999592630566 0.999592793231
-6.10220440882e-09 -0.00473893101637 0.999592615525 0.999592760879
-5.52104208417e-09 -0.00474441673343 0.999592600484 0.999592728527
-4.93987975952e-09 -0.00474990245048 0.999592585443 0.999592696175
-4.35871743487e-09 -0.00475538816754 0.999592570401 0.999592663823
-3.77755511022e-09 -0.00476087388459 0.99959255536 0.999592631471
-3.19639278557e-09 -0.00476635960165 0.999592540319 0.999592599119
-2.61523046092e-09 -0.0047718453253 0.999592570761 0.99959261282
-2.03406813627e-09 -0.00477733105795 0.999592663267 0.999592689365
-1.45290581162e-09 -0.0047828167906 0.999592755773 0.99959276591
-8.71743486974e-10 -0.00478830252325 0.99959284828 0.999592842455
-2.90581162324e-10 -0.0047937882559 0.999592940786 0.999592918999
2.90581162325e-10 -0.00479927398855 0.999593033292 0.999592995544
8.71743486974e-10 -0.0048047597212 0.999593125798 0.999593072089
1.45290581162e-09 -0.00481024544564 0.999593262065 0.999593191692
2.03406813627e-09 -0.00481573115757 0.999593464982 0.999593376877
2.61523046092e-09 -0.00482121686951 0.999593667899 0.999593562061
3.19639278557e-09 -0.00482670258144 0.999593870815 0.999593747246
3.77755511022e-09 -0.00483218829338 0.999594073732 0.999593932431
4.35871743487e-09 -0.00483767400531 0.999594276649 0.999594117616
4.93987975952e-09 -0.00484315971725 0.999594479566 0.9995943028
5.52104208417e-09 -0.00484864541612 0.999594704432 0.999594508816
6.10220440882e-09 -0.00485413106417 0.999595014717 0.999594795902
6.68336673347e-09 -0.00485961671221 0.999595325001 0.999595082988
7.26452905812e-09 -0.00486510236026 0.999595635286 0.999595370074
7.84569138277e-09 -0.0048705880083 0.999595945571 0.99959565716
8.42685370742e-09 -0.00487607365635 0.999596255856 0.999595944246
9.00801603206e-09 -0.00488155930439 0.999596566141 0.999596231331
9.58917835671e-09 -0.00488704495244 0.999596876425 0.999596518417
1.01703406814e-08 -0.004892530496 0.999597269169 0.99959687905
1.0751503006e-08 -0.00489801602015 0.999597677238 0.999597253351
1.13326653307e-08 -0.00490350154429 0.999598085306 0.999597627652
1.19138276553e-08 -0.00490898706844 0.999598493375 0.999598001954
1.249498998e-08 -0.00491447259258 0.999598901444 0.999598376255
1.30761523046e-08 -0.00491995811673 0.999599309512 0.999598750556
1.36573146293e-08 -0.00492544364088 0.999599717581 0.999599124857
1.42384769539e-08 -0.00493092909829 0.999600150596 0.999599518438
1.48196392786e-08 -0.00493641440641 0.999600639419 0.99959995515
1.54008016032e-08 -0.00494189971453 0.999601128243 0.999600391862
1.59819639279e-08 -0.00494738502265 0.999601617066 0.999600828574
1.65631262525e-08 -0.00495287033077 0.999602105889 0.999601265286
1.71442885772e-08 -0.00495835563889 0.999602594713 0.999601701998
1.77254509018e-08 -0.00496384094701 0.999603083536 0.999602138711
1.83066132265e-08 -0.00496932625513 0.999603572359 0.999602575423
1.88877755511e-08 -0.00497481134505 0.999604094147 0.999603026666
1.94689378758e-08 -0.00498029628782 0.999604638161 0.999603487709
2.00501002004e-08 -0.0049857812306 0.999605182176 0.999603948752
2.06312625251e-08 -0.00499126617337 0.999605726191 0.999604409794
2.12124248497e-08 -0.00499675111615 0.999606270206 0.999604870837
2.17935871743e-08 -0.00500223605893 0.999606814221 0.999605331879
2.2374749499e-08 -0.0050077210017 0.999607358236 0.999605792922
2.29559118236e-08 -0.00501320594448 0.999607902251 0.999606253965
2.35370741483e-08 -0.00501869045454 0.999608460403 0.999606692793
2.41182364729e-08 -0.00502417478279 0.999609024495 0.999607122287
2.46993987976e-08 -0.00502965911104 0.999609588586 0.999607551782
2.52805611222e-08 -0.00503514343929 0.999610152678 0.999607981276
2.58617234469e-08 -0.00504062776754 0.99961071677 0.999608410771
2.64428857715e-08 -0.00504611209579 0.999611280861 0.999608840265
2.70240480962e-08 -0.00505159642404 0.999611844953 0.999609269759
2.76052104208e-08 -0.00505708075229 0.999612409045 0.999609699254
2.81863727455e-08 -0.00506256443158 0.999612957513 0.999610058906
2.87675350701e-08 -0.00506804772199 0.999613496618 0.999610376707
2.93486973948e-08 -0.00507353101239 0.999614035723 0.999610694507
2.99298597194e-08 -0.0050790143028 0.999614574828 0.999611012307
3.05110220441e-08 -0.0050844975932 0.999615113934 0.999611330107
3.10921843687e-08 -0.00508998088361 0.999615653039 0.999611647907
3.16733466934e-08 -0.00509546417401 0.999616192144 0.999611965708
3.2254509018e-08 -0.00510094746442 0.999616731249 0.999612283508
3.28356713427e-08 -0.00510643012534 0.999617242322 0.999612520968
3.34168336673e-08 -0.00511191164922 0.999617702761 0.999612613311
3.3997995992e-08 -0.0051173931731 0.9996181632 0.999612705655
3.45791583166e-08 -0.00512287469698 0.999618623639 0.999612797998
3.51603206413e-08 -0.00512835622086 0.999619084078 0.999612890341
3.57414829659e-08 -0.00513383774474 0.999619544517 0.999612982685
3.63226452906e-08 -0.00513931926863 0.999620004956 0.999613075028
3.69038076152e-08 -0.00514480079251 0.999620465395 0.999613167372
3.74849699399e-08 -0.00515028231639 0.999620925834 0.999613259715
3.80661322645e-08 -0.00515576113035 0.999621265022 0.999613006809
3.86472945892e-08 -0.00516123961898 0.999621589652 0.999612712454
3.92284569138e-08 -0.0051667181076 0.999621914283 0.999612418099
3.98096192385e-08 -0.00517219659623 0.999622238914 0.999612123744
4.03907815631e-08 -0.00517767508486 0.999622563545 0.999611829389
4.09719438878e-08 -0.00518315357348 0.999622888175 0.999611535034
4.15531062124e-08 -0.00518863206211 0.999623212806 0.999611240679
4.21342685371e-08 -0.00519411055073 0.999623537437 0.999610946325
4.27154308617e-08 -0.00519958782692 0.999623819834 0.999610510032
4.32965931864e-08 -0.00520506104703 0.999623960941 0.9996095989
4.3877755511e-08 -0.00521053426714 0.999624102048 0.999608687768
4.44589178357e-08 -0.00521600748724 0.999624243156 0.999607776636
4.50400801603e-08 -0.00522148070735 0.999624384263 0.999606865504
4.5621242485e-08 -0.00522695392745 0.99962452537 0.999605954372
4.62024048096e-08 -0.00523242714756 0.999624666478 0.99960504324
4.67835671343e-08 -0.00523790036766 0.999624807585 0.999604132108
4.73647294589e-08 -0.00524337358777 0.999624948692 0.999603220976
4.79458917836e-08 -0.0052488434473 0.999625019272 0.999601964353
4.85270541082e-08 -0.00525430742491 0.999624966409 0.99960010303
4.91082164329e-08 -0.00525977140253 0.999624913547 0.999598241707
4.96893787575e-08 -0.00526523538014 0.999624860684 0.999596380383
5.02705410822e-08 -0.00527069935776 0.999624807821 0.99959451906
5.08517034068e-08 -0.00527616333537 0.999624754958 0.999592657737
5.14328657315e-08 -0.00528162731299 0.999624702096 0.999590796413
5.20140280561e-08 -0.0052870912906 0.999624649233 0.99958893509
5.25951903808e-08 -0.00529255526822 0.99962459637 0.999587073766
5.31763527054e-08 -0.00529801451782 0.999624511503 0.999584795516
5.37575150301e-08 -0.00530346210349 0.999624347681 0.999581488715
5.43386773547e-08 -0.00530890968915 0.99962418386 0.999578181913
5.49198396794e-08 -0.00531435727482 0.999624020038 0.999574875111
5.5501002004e-08 -0.00531980486048 0.999623856217 0.999571568309
5.60821643287e-08 -0.00532525244615 0.999623692395 0.999568261507
5.66633266533e-08 -0.00533070003182 0.999623528573 0.999564954705
5.7244488978e-08 -0.00533614761748 0.999623364752 0.999561647903
5.78256513026e-08 -0.00534159520315 0.99962320093 0.999558341101
5.84068136273e-08 -0.00534704278882 0.999623037109 0.999555034299
5.89879759519e-08 -0.00535246098407 0.999623048306 0.999549521573
5.95691382766e-08 -0.00535787917114 0.999623059553 0.999544008233
6.01503006012e-08 -0.00536329735821 0.999623070799 0.999538494892
6.07314629259e-08 -0.00536871554528 0.999623082046 0.999532981551
6.13126252505e-08 -0.00537413373234 0.999623093293 0.999527468211
6.18937875752e-08 -0.00537955191941 0.999623104539 0.99952195487
6.24749498998e-08 -0.00538497010648 0.999623115786 0.999516441529
6.30561122244e-08 -0.00539038829354 0.999623127032 0.999510928188
6.36372745491e-08 -0.00539580648061 0.999623138279 0.999505414848
6.42184368737e-08 -0.00540119840553 0.999623580089 0.99949821505
6.47995991984e-08 -0.00540656326139 0.999624465693 0.999489276979
6.5380761523e-08 -0.00541192811725 0.999625351296 0.999480338907
6.59619238477e-08 -0.00541729297311 0.9996262369 0.999471400835
6.65430861723e-08 -0.00542265782896 0.999627122504 0.999462462764
6.7124248497e-08 -0.00542802268482 0.999628008108 0.999453524692
6.77054108216e-08 -0.00543338754068 0.999628893711 0.99944458662
6.82865731463e-08 -0.00543875239654 0.999629779315 0.999435648549
6.88677354709e-08 -0.0054441172524 0.999630664919 0.999426710477
6.94488977956e-08 -0.00544948210825 0.999631550522 0.999417772405
7.00300601202e-08 -0.00545477243502 0.999634254874 0.999404674963
7.06112224449e-08 -0.00546003941072 0.999637529066 0.999390274329
7.11923847695e-08 -0.00546530638642 0.999640803258 0.999375873695
7.17735470942e-08 -0.00547057336212 0.99964407745 0.999361473061
7.23547094188e-08 -0.00547584033783 0.999647351642 0.999347072427
7.29358717435e-08 -0.00548110731353 0.999650625834 0.999332671793
7.35170340681e-08 -0.00548637428923 0.999653900026 0.999318271159
7.40981963928e-08 -0.00549164126493 0.999657174218 0.999303870524
7.46793587174e-08 -0.00549690824063 0.99966044841 0.99928946989
7.52605210421e-08 -0.00550217521633 0.999663722602 0.999275069256
7.58416833667e-08 -0.00550729649881 0.999671394807 0.999253438634
7.64228456914e-08 -0.00551238168722 0.999680156576 0.999230016852
7.7004008016e-08 -0.00551746687563 0.999688918345 0.999206595071
7.75851703407e-08 -0.00552255206404 0.999697680113 0.99918317329
7.81663326653e-08 -0.00552763725245 0.999706441882 0.999159751508
7.874749499e-08 -0.00553272244086 0.999715203651 0.999136329727
7.93286573146e-08 -0.00553780762927 0.99972396542 0.999112907946
7.99098196393e-08 -0.00554289281768 0.999732727189 0.999089486164
8.04909819639e-08 -0.00554797800609 0.999741488958 0.999066064383
8.10721442886e-08 -0.0055530631945 0.999750250727 0.999042642602
8.16533066132e-08 -0.00555794091948 0.999766090621 0.999009824524
8.22344689379e-08 -0.00556268437766 0.999786511358 0.998970925324
8.28156312625e-08 -0.00556742783584 0.999806932095 0.998932026125
8.33967935872e-08 -0.00557217129402 0.999827352832 0.998893126925
8.39779559118e-08 -0.0055769147522 0.999847773569 0.998854227725
8.45591182365e-08 -0.00558165821038 0.999868194306 0.998815328525
8.51402805611e-08 -0.00558640166856 0.999888615043 0.998776429325
8.57214428858e-08 -0.00559114512674 0.99990903578 0.998737530125
8.63026052104e-08 -0.00559588858492 0.999929456517 0.998698630925
8.68837675351e-08 -0.0056006320431 0.999949877254 0.998659731725
8.74649298597e-08 -0.00560526308028 0.99997441421 0.998616067191
8.80460921844e-08 -0.00560935618663 1.00001864714 0.998549600687
8.8627254509e-08 -0.00561344929299 1.00006288007 0.998483134183
8.92084168337e-08 -0.00561754239935 1.00010711301 0.998416667679
8.97895791583e-08 -0.00562163550571 1.00015134594 0.998350201174
9.0370741483e-08 -0.00562572861207 1.00019557887 0.99828373467
9.09519038076e-08 -0.00562982171843 1.0002398118 0.998217268166
9.15330661323e-08 -0.00563391482478 1.00028404474 0.998150801662
9.21142284569e-08 -0.00563800793114 1.00032827767 0.998084335158
9.26953907816e-08 -0.0056421010375 1.0003725106 0.998017868653
9.32765531062e-08 -0.00564619414386 1.00041674353 0.997951402149
9.38577154309e-08 -0.00564966925513 1.00048450836 0.997859897822
9.44388777555e-08 -0.0056525090717 1.00057646381 0.997742654785
9.50200400802e-08 -0.00565534888826 1.00066841926 0.997625411748
9.56012024048e-08 -0.00565818870483 1.00076037471 0.997508168711
9.61823647295e-08 -0.00566102852139 1.00085233016 0.997390925674
9.67635270541e-08 -0.00566386833795 1.00094428561 0.997273682637
9.73446893788e-08 -0.00566670815452 1.00103624106 0.9971564396
9.79258517034e-08 -0.00566954797108 1.00112819651 0.997039196563
9.85070140281e-08 -0.00567238778765 1.00122015196 0.996921953526
9.90881763527e-08 -0.00567522760421 1.00131210741 0.996804710489
9.96693386774e-08 -0.00567806742077 1.00140406286 0.996687467451
1.00250501002e-07 -0.00567953242248 1.00154944495 0.99651617058
1.00831663327e-07 -0.00567992607574 1.00173646068 0.996302751315
1.01412825651e-07 -0.00568031972901 1.0019234764 0.99608933205
1.01993987976e-07 -0.00568071338227 1.00211049213 0.995875912785
1.02575150301e-07 -0.00568110703553 1.00229750785 0.99566249352
1.03156312625e-07 -0.00568150068879 1.00248452358 0.995449074255
1.0373747495e-07 -0.00568189434205 1.0026715393 0.99523565499
1.04318637275e-07 -0.00568228799532 1.00285855503 0.995022235725
1.04899799599e-07 -0.00568268164858 1.00304557075 0.99480881646
1.05480961924e-07 -0.00568307530184 1.00323258647 0.994595397195
1.06062124248e-07 -0.0056834689551 1.0034196022 0.994381977931
1.06643286573e-07 -0.00568205496205 1.00367760487 0.994098980746
1.07224448898e-07 -0.00567761198144 1.00405455703 0.993699395127
1.07805611222e-07 -0.00567316900083 1.00443150919 0.993299809509
1.08386773547e-07 -0.00566872602022 1.00480846134 0.99290022389
1.08967935872e-07 -0.00566428303961 1.0051854135 0.992500638271
1.09549098196e-07 -0.00565984005899 1.00556236565 0.992101052653
1.10130260521e-07 -0.00565539707838 1.00593931781 0.991701467034
1.10711422846e-07 -0.00565095409777 1.00631626997 0.991301881415
1.1129258517e-07 -0.00564651111716 1.00669322212 0.990902295797
1.11873747495e-07 -0.00564206813655 1.00707017428 0.990502710178
1.1245490982e-07 -0.00563762515594 1.00744712643 0.990103124559
1.13036072144e-07 -0.00563318217533 1.00782407859 0.989703538941
1.13617234469e-07 -0.00561980333918 1.00855484725 0.988966603229
1.14198396794e-07 -0.00560567043539 1.00931547332 0.988201199645
1.14779559118e-07 -0.00559153753161 1.0100760994 0.987435796062
1.15360721443e-07 -0.00557740462783 1.01083672547 0.986670392479
1.15941883768e-07 -0.00556327172405 1.01159735155 0.985904988895
1.16523046092e-07 -0.00554913882027 1.01235797762 0.985139585312
1.17104208417e-07 -0.00553500591649 1.0131186037 0.984374181729
1.17685370741e-07 -0.0055208730127 1.01387922978 0.983608778145
1.18266533066e-07 -0.00550674010892 1.01463985585 0.982843374562
1.18847695391e-07 -0.00549260720514 1.01540048193 0.982077970979
1.19428857715e-07 -0.00547847430136 1.016161108 0.981312567396
1.2001002004e-07 -0.00546038365048 1.01708074481 0.980401587408
1.20591182365e-07 -0.00542657543572 1.0186318675 0.978912473858
1.21172344689e-07 -0.00539276722096 1.02018299018 0.977423360308
1.21753507014e-07 -0.0053589590062 1.02173411287 0.975934246758
1.22334669339e-07 -0.00532515079144 1.02328523556 0.974445133208
1.22915831663e-07 -0.00529134257668 1.02483635824 0.972956019658
1.23496993988e-07 -0.00525753436192 1.02638748093 0.971466906108
1.24078156313e-07 -0.00522372614716 1.02793860361 0.969977792558
1.24659318637e-07 -0.0051899179324 1.0294897263 0.968488679009
1.25240480962e-07 -0.00515610971764 1.03104084898 0.966999565459
1.25821643287e-07 -0.00512230150288 1.03259197167 0.965510451909
1.26402805611e-07 -0.00508849328812 1.03414309435 0.964021338359
1.26983967936e-07 -0.00504640957262 1.03603821785 0.962241553388
1.27565130261e-07 -0.00497209830516 1.0392729949 0.959329797239
1.28146292585e-07 -0.00489778703769 1.04250777196 0.95641804109
1.2872745491e-07 -0.00482347577022 1.04574254902 0.953506284941
1.29308617234e-07 -0.00474916450276 1.04897732607 0.950594528792
1.29889779559e-07 -0.00467485323529 1.05221210313 0.947682772642
1.30470941884e-07 -0.00460054196782 1.05544688018 0.944771016493
1.31052104208e-07 -0.00452623070036 1.05868165724 0.941859260344
1.31633266533e-07 -0.00445191943289 1.06191643429 0.938947504195
1.32214428858e-07 -0.00437760816542 1.06515121135 0.936035748046
1.32795591182e-07 -0.00430329689795 1.0683859884 0.933123991897
1.33376753507e-07 -0.00422898563049 1.07162076546 0.930212235748
1.33957915832e-07 -0.00415467436302 1.07485554251 0.927300479599
1.34539078156e-07 -0.00400210298525 1.0816070898 0.921882174511
1.35120240481e-07 -0.00384320312462 1.08864301976 0.916261178014
1.35701402806e-07 -0.00368430326399 1.09567894973 0.910640181517
1.3628256513e-07 -0.00352540340336 1.1027148797 0.90501918502
1.36863727455e-07 -0.00336650354274 1.10975080966 0.899398188523
1.3744488978e-07 -0.00320760368211 1.11678673963 0.893777192026
1.38026052104e-07 -0.00304870382148 1.1238226696 0.888156195529
1.38607214429e-07 -0.00288980396085 1.13085859956 0.882535199033
1.39188376754e-07 -0.00273090410022 1.13789452953 0.876914202536
1.39769539078e-07 -0.00257200423959 1.1449304595 0.871293206039
1.40350701403e-07 -0.00241310437896 1.15196638946 0.865672209542
1.40931863727e-07 -0.00225420451833 1.15900231943 0.860051213045
1.41513026052e-07 -0.00203115792769 1.16919951943 0.85259474491
1.42094188377e-07 -0.00169263160641 1.18508777513 0.841833980978
1.42675350701e-07 -0.00135410528513 1.20097603082 0.831073217047
1.43256513026e-07 -0.00101557896384 1.21686428651 0.820312453115
1.43837675351e-07 -0.000677052642563 1.2327525422 0.809551689183
1.44418837675e-07 -0.000338526321281 1.24864079789 0.798790925252
1.45e-07 0 1.26452905358 0.78803016132
