-1.45e-07 0.0147345517785 1.53163028953 0.65083045005
-1.44418837675e-07 0.0140504779182 1.4917869287 0.668352568289
-1.43837675351e-07 0.0134042557505 1.45482104463 0.685207476108
-1.43256513026e-07 0.0128063919816 1.42163205992 0.701274143467
-1.42675350701e-07 0.0122440509605 1.39107241989 0.716713828382
-1.42094188377e-07 0.0117098305735 1.36254263906 0.731638443708
-1.41513026052e-07 0.0112096601506 1.33640506086 0.745915540726
-1.40931863727e-07 0.0107456325425 1.31268172068 0.759455665273
-1.40350701403e-07 0.0103008826267 1.29021465481 0.772589111122
-1.39769539078e-07 0.00988941009638 1.26986493117 0.784998366269
-1.39188376754e-07 0.00950199704109 1.25097632399 0.796851318186
-1.38607214429e-07 0.00913133691513 1.23310511144 0.808316908835
-1.38026052104e-07 0.00879410184285 1.21717550567 0.818964921635
-1.3744488978e-07 0.00846431506956 1.20167260473 0.82942750631
-1.36863727455e-07 0.00816798848609 1.18803305844 0.839027931846
-1.3628256513e-07 0.00787771372046 1.17471737738 0.848464759554
-1.35701402806e-07 0.00761486417218 1.16286936673 0.857160205725
-1.35120240481e-07 0.00735826887963 1.15134378634 0.865678970182
-1.34539078156e-07 0.00712643345901 1.14109466987 0.873498272257
-1.33957915832e-07 0.00689823552259 1.13102666255 0.881210595993
-1.33376753507e-07 0.00669496975829 1.12220002 0.888189665035
-1.32795591182e-07 0.00649170399398 1.11337337745 0.895168734078
-1.32214428858e-07 0.00631337395028 1.1057488731 0.901387099738
-1.31633266533e-07 0.00613626878555 1.09818341953 0.907568098538
-1.31052104208e-07 0.0059752177048 1.09136929604 0.91324284614
-1.30470941884e-07 0.00582191638578 1.0849178609 0.918673211928
-1.29889779559e-07 0.00567476963658 1.07874675582 0.923903625791
-1.29308617234e-07 0.00554298413385 1.07327532908 0.928634977837
-1.2872745491e-07 0.00541119863112 1.06780390233 0.933366329884
-1.28146292585e-07 0.00529452970386 1.06300428995 0.937593294711
-1.27565130261e-07 0.0051820562824 1.05839113522 0.941680270192
-1.26983967936e-07 0.00507231901995 1.05389692128 0.945673759248
-1.26402805611e-07 0.00497705257919 1.05003175374 0.94917282331
-1.25821643287e-07 0.00488178613844 1.0461665862 0.952671887372
-1.25240480962e-07 0.00479274254025 1.04256663733 0.955953837538
-1.24659318637e-07 0.00471268936958 1.03934986209 0.958922113248
-1.24078156313e-07 0.00463263619892 1.03613308685 0.961890388958
-1.23496993988e-07 0.00455961091104 1.03321065285 0.964608921587
-1.22915831663e-07 0.00449289954544 1.03055265805 0.967103082459
-1.22334669339e-07 0.00442618817985 1.02789466325 0.96959724333
-1.21753507014e-07 0.00436534470606 1.02547868834 0.971879526634
-1.21172344689e-07 0.00431023462134 1.02329918577 0.973954788988
-1.20591182365e-07 0.00425512453663 1.02111968321 0.976030051342
-1.2001002004e-07 0.00420340868061 1.01907832157 0.977981054722
-1.19428857715e-07 0.00415829663531 1.0173057269 0.979690299863
-1.18847695391e-07 0.00411318459001 1.01553313222 0.981399545004
-1.18266533066e-07 0.00406825044245 1.01376769515 0.983102200276
-1.17685370741e-07 0.00403167435087 1.01233853937 0.984495247911
-1.17104208417e-07 0.00399509825929 1.0109093836 0.985888295546
-1.16523046092e-07 0.00395852216772 1.00948022782 0.987281343181
-1.15941883768e-07 0.00392586112974 1.00820705807 0.988527908597
-1.15360721443e-07 0.00389650143451 1.00706542248 0.989650953863
-1.14779559118e-07 0.00386714173927 1.0059237869 0.990773999129
-1.14198396794e-07 0.00383778204403 1.00478215131 0.991897044395
-1.13617234469e-07 0.00381383779305 1.00385450677 0.992815762347
-1.13036072144e-07 0.00379051639123 1.00295147408 0.993710979901
-1.1245490982e-07 0.00376719498942 1.00204844139 0.994606197455
-1.11873747495e-07 0.00374425232387 1.00116027159 0.995487025065
-1.1129258517e-07 0.00372592918433 1.00045338757 0.996192335496
-1.10711422846e-07 0.00370760604479 0.999746503541 0.996897645928
-1.10130260521e-07 0.00368928290525 0.999039619516 0.997602956359
-1.09549098196e-07 0.00367124961328 0.998344045462 0.998297190785
-1.08967935872e-07 0.00365701729928 0.997796787115 0.998846177649
-1.08386773547e-07 0.00364278498527 0.997249528769 0.999395164513
-1.07805611222e-07 0.00362855267127 0.996702270423 0.999944151376
-1.07224448898e-07 0.00361432035727 0.996155012077 1.00049313824
-1.06643286573e-07 0.00360297733552 0.995719971363 1.00093120001
-1.06062124248e-07 0.00359205371257 0.995301219739 1.00135316032
-1.05480961924e-07 0.00358113008963 0.994882468115 1.00177512062
-1.04899799599e-07 0.00357020646669 0.994463716491 1.00219708092
-1.04318637275e-07 0.00356053480166 0.994093407137 1.00257079612
-1.0373747495e-07 0.00355225426167 0.993776924876 1.00289090331
-1.03156312625e-07 0.00354397372168 0.993460442614 1.0032110105
-1.02575150301e-07 0.00353569318169 0.993143960353 1.00353111769
-1.01993987976e-07 0.0035274126417 0.992827478092 1.00385122488
-1.01412825651e-07 0.00352092949037 0.99258033332 1.00410186291
-1.00831663327e-07 0.00351473305739 0.992344249223 1.00434141925
-1.00250501002e-07 0.00350853662441 0.992108165126 1.0045809756
-9.96693386774e-08 0.00350234019142 0.991872081029 1.00482053194
-9.90881763527e-08 0.00349619128626 0.99163782602 1.00505824709
-9.85070140281e-08 0.00349161598479 0.991464130524 1.00523500181
-9.79258517034e-08 0.00348704068332 0.991290435028 1.00541175653
-9.73446893788e-08 0.00348246538184 0.991116739532 1.00558851125
-9.67635270541e-08 0.00347789008037 0.990943044036 1.00576526597
-9.61823647295e-08 0.0034733147789 0.990769348539 1.0059420207
-9.56012024048e-08 0.00346993748202 0.990641670591 1.0060722835
-9.50200400802e-08 0.0034666053455 0.990515727334 1.00620079373
-9.44388777555e-08 0.00346327320898 0.990389784078 1.00632930397
-9.38577154309e-08 0.00345994107245 0.990263840821 1.0064578142
-9.32765531062e-08 0.00345660893593 0.990137897565 1.00658632443
-9.26953907816e-08 0.00345389133014 0.990035524061 1.00669095472
-9.21142284569e-08 0.00345149840585 0.989945603414 1.00678296826
-9.15330661323e-08 0.00344910548156 0.989855682766 1.0068749818
-9.09519038076e-08 0.00344671255727 0.989765762119 1.00696699534
-9.0370741483e-08 0.00344431963297 0.989675841471 1.00705900888
-8.97895791583e-08 0.00344198922265 0.989588315558 1.00714859092
-8.92084168337e-08 0.00344029489219 0.98952515607 1.00721343238
-8.8627254509e-08 0.00343860056173 0.989461996582 1.00727827384
-8.80460921844e-08 0.00343690623126 0.989398837093 1.00734311531
-8.74649298597e-08 0.0034352119008 0.989335677605 1.00740795677
-8.68837675351e-08 0.00343351757034 0.989272518117 1.00747279823
-8.63026052104e-08 0.0034319545841 0.98921438479 1.00753252783
-8.57214428858e-08 0.00343077146878 0.989170788016 1.007577473
-8.51402805611e-08 0.00342958835346 0.989127191242 1.00762241816
-8.45591182365e-08 0.00342840523814 0.989083594467 1.00766736333
-8.39779559118e-08 0.00342722212282 0.989039997693 1.00771230849
-8.33967935872e-08 0.0034260390075 0.988996400919 1.00775725365
-8.28156312625e-08 0.00342490875758 0.988954825158 1.00780014062
-8.22344689379e-08 0.00342409341967 0.988925288302 1.00783076716
-8.16533066132e-08 0.00342327808175 0.988895751446 1.00786139371
-8.10721442886e-08 0.00342246274384 0.988866214589 1.00789202025
-8.04909819639e-08 0.00342164740593 0.988836677733 1.00792264679
-7.99098196393e-08 0.00342083206801 0.988807140877 1.00795327334
-7.93286573146e-08 0.0034200167301 0.98877760402 1.00798389988
-7.874749499e-08 0.00341939281098 0.98875537725 1.00800707348
-7.81663326653e-08 0.00341883739901 0.988735766697 1.00802757973
-7.75851703407e-08 0.00341828198704 0.988716156143 1.00804808598
-7.7004008016e-08 0.00341772657506 0.98869654559 1.00806859224
-7.64228456914e-08 0.00341717116309 0.988676935036 1.00808909849
-7.58416833667e-08 0.00341661575112 0.988657324483 1.00810960474
-7.52605210421e-08 0.00341606409974 0.988637857354 1.00812996461
-7.46793587174e-08 0.0034156890236 0.988625124571 1.00814345116
-7.40981963928e-08 0.00341531394746 0.988612391788 1.00815693772
-7.35170340681e-08 0.00341493887132 0.988599659005 1.00817042428
-7.29358717435e-08 0.00341456379518 0.988586926222 1.00818391083
-7.23547094188e-08 0.00341418871904 0.988574193439 1.00819739739
-7.17735470942e-08 0.0034138136429 0.988561460656 1.00821088394
-7.11923847695e-08 0.00341343856676 0.988548727873 1.0082243705
-7.06112224449e-08 0.00341318404071 0.988540584194 1.00823316761
-7.00300601202e-08 0.00341293170397 0.988532523857 1.00824187956
-6.94488977956e-08 0.00341267936723 0.98852446352 1.00825059151
-6.88677354709e-08 0.00341242703049 0.988516403183 1.00825930345
-6.82865731463e-08 0.00341217469375 0.988508342847 1.0082680154
-6.77054108216e-08 0.00341192235701 0.98850028251 1.00827672735
-6.7124248497e-08 0.00341167002027 0.988492222173 1.0082854393
-6.65430861723e-08 0.00341146721991 0.988486042236 1.00829222665
-6.59619238477e-08 0.00341129678597 0.988481090928 1.00829775651
-6.5380761523e-08 0.00341112635203 0.988476139619 1.00830328637
-6.47995991984e-08 0.00341095591809 0.988471188311 1.00830881623
-6.42184368737e-08 0.00341078548415 0.988466237003 1.00831434609
-6.36372745491e-08 0.00341061505021 0.988461285695 1.00831987595
-6.30561122244e-08 0.00341044461627 0.988456334386 1.00832540581
-6.24749498998e-08 0.00341027418233 0.988451383078 1.00833093567
-6.18937875752e-08 0.00341015048269 0.988448197657 1.00833465379
-6.13126252505e-08 0.00341003361069 0.988445270223 1.00833810723
-6.07314629259e-08 0.00340991673868 0.988442342788 1.00834156067
-6.01503006012e-08 0.00340979986668 0.988439415354 1.00834501411
-5.95691382766e-08 0.00340968299467 0.98843648792 1.00834846756
-5.89879759519e-08 0.00340956612267 0.988433560485 1.008351921
-5.84068136273e-08 0.00340944925066 0.988430633051 1.00835537444
-5.78256513026e-08 0.00340933237866 0.988427705617 1.00835882788
-5.7244488978e-08 0.0034092418784 0.988425766979 1.00836126287
-5.66633266533e-08 0.00340915933511 0.988424126685 1.00836339057
-5.60821643287e-08 0.00340907679182 0.988422486391 1.00836551827
-5.5501002004e-08 0.00340899424853 0.988420846097 1.00836764597
-5.49198396794e-08 0.00340891170524 0.988419205803 1.00836977367
-5.43386773547e-08 0.00340882916195 0.988417565509 1.00837190137
-5.37575150301e-08 0.00340874661866 0.988415925214 1.00837402907
-5.31763527054e-08 0.00340866407536 0.98841428492 1.00837615677
-5.25951903808e-08 0.00340858744414 0.988412863353 1.00837805767
-5.20140280561e-08 0.0034085264799 0.988412021414 1.00837935754
-5.14328657315e-08 0.00340846551565 0.988411179474 1.00838065741
-5.08517034068e-08 0.0034084045514 0.988410337534 1.00838195728
-5.02705410822e-08 0.00340834358715 0.988409495595 1.00838325715
-4.96893787575e-08 0.0034082826229 0.988408653655 1.00838455702
-4.91082164329e-08 0.00340822165866 0.988407811715 1.00838585689
-4.85270541082e-08 0.00340816069441 0.988406969776 1.00838715676
-4.79458917836e-08 0.00340809973016 0.988406127836 1.00838845663
-4.73647294589e-08 0.00340804371315 0.988405464651 1.00838956892
-4.67835671343e-08 0.00340799608203 0.988405104467 1.00839036326
-4.62024048096e-08 0.00340794845091 0.988404744282 1.0083911576
-4.5621242485e-08 0.00340790081979 0.988404384098 1.00839195194
-4.50400801603e-08 0.00340785318866 0.988404023914 1.00839274628
-4.44589178357e-08 0.00340780555754 0.988403663729 1.00839354062
-4.3877755511e-08 0.00340775792642 0.988403303545 1.00839433496
-4.32965931864e-08 0.0034077102953 0.988402943361 1.0083951293
-4.27154308617e-08 0.00340766266418 0.988402583176 1.00839592364
-4.21342685371e-08 0.00340761535672 0.988402234198 1.00839670596
-4.15531062124e-08 0.00340757586258 0.988402155733 1.00839719815
-4.09719438878e-08 0.00340753636843 0.988402077269 1.00839769035
-4.03907815631e-08 0.00340749687429 0.988401998804 1.00839818254
-3.98096192385e-08 0.00340745738015 0.988401920339 1.00839867473
-3.92284569138e-08 0.003407417886 0.988401841875 1.00839916693
-3.86472945892e-08 0.00340737839186 0.98840176341 1.00839965912
-3.80661322645e-08 0.00340733889771 0.988401684946 1.00840015132
-3.74849699399e-08 0.00340729940357 0.988401606481 1.00840064351
-3.69038076152e-08 0.00340725990943 0.988401528016 1.0084011357
-3.63226452906e-08 0.00340722170056 0.988401490696 1.00840158191
-3.57414829659e-08 0.00340718715838 0.988401570753 1.00840189694
-3.51603206413e-08 0.0034071526162 0.988401650811 1.00840221197
-3.45791583166e-08 0.00340711807402 0.988401730869 1.00840252699
-3.3997995992e-08 0.00340708353185 0.988401810926 1.00840284202
-3.34168336673e-08 0.00340704898967 0.988401890984 1.00840315704
-3.28356713427e-08 0.00340701444749 0.988401971041 1.00840347207
-3.2254509018e-08 0.00340697990531 0.988402051099 1.00840378709
-3.16733466934e-08 0.00340694536314 0.988402131156 1.00840410212
-3.10921843687e-08 0.00340691082096 0.988402211214 1.00840441714
-3.05110220441e-08 0.00340687630557 0.988402292013 1.00840473127
-2.99298597194e-08 0.00340684482047 0.988402456658 1.00840494382
-2.93486973948e-08 0.00340681333538 0.988402621303 1.00840515636
-2.87675350701e-08 0.00340678185028 0.988402785948 1.00840536891
-2.81863727455e-08 0.00340675036519 0.988402950593 1.00840558145
-2.76052104208e-08 0.00340671888009 0.988403115239 1.008405794
-2.70240480962e-08 0.003406687395 0.988403279884 1.00840600654
-2.64428857715e-08 0.0034066559099 0.988403444529 1.00840621909
-2.58617234469e-08 0.00340662442481 0.988403609174 1.00840643163
-2.52805611222e-08 0.00340659293971 0.988403773819 1.00840664418
-2.46993987976e-08 0.00340656145462 0.988403938464 1.00840685672
-2.41182364729e-08 0.00340653049014 0.988404114052 1.00840705361
-2.35370741483e-08 0.0034065009713 0.988404320023 1.00840720704
-2.29559118236e-08 0.00340647145245 0.988404525993 1.00840736046
-2.2374749499e-08 0.0034064419336 0.988404731964 1.00840751389
-2.17935871743e-08 0.00340641241475 0.988404937935 1.00840766732
-2.12124248497e-08 0.0034063828959 0.988405143906 1.00840782074
-2.0631262525e-08 0.00340635337706 0.988405349877 1.00840797417
-2.00501002004e-08 0.00340632385821 0.988405555848 1.00840812759
-1.94689378758e-08 0.00340629433936 0.988405761818 1.00840828102
-1.88877755511e-08 0.00340626482051 0.988405967789 1.00840843444
-1.83066132265e-08 0.00340623530167 0.98840617376 1.00840858787
-1.77254509018e-08 0.00340620578809 0.988406379795 1.00840874116
-1.71442885772e-08 0.00340617763052 0.988406602333 1.00840885991
-1.65631262525e-08 0.00340614947295 0.988406824871 1.00840897867
-1.59819639279e-08 0.00340612131538 0.988407047409 1.00840909742
-1.54008016032e-08 0.00340609315782 0.988407269947 1.00840921618
-1.48196392786e-08 0.00340606500025 0.988407492485 1.00840933493
-1.42384769539e-08 0.00340603684268 0.988407715022 1.00840945369
-1.36573146293e-08 0.00340600868511 0.98840793756 1.00840957244
-1.30761523046e-08 0.00340598052755 0.988408160098 1.0084096912
-1.249498998e-08 0.00340595236998 0.988408382636 1.00840980995
-1.19138276553e-08 0.00340592421241 0.988408605174 1.00840992871
-1.13326653307e-08 0.00340589605485 0.988408827712 1.00841004746
-1.0751503006e-08 0.00340586810637 0.988409050764 1.00841016195
-1.01703406814e-08 0.00340584098826 0.988409275858 1.00841025948
-9.58917835671e-09 0.00340581387014 0.988409500952 1.00841035701
-9.00801603206e-09 0.00340578675203 0.988409726046 1.00841045453
-8.42685370741e-09 0.00340575963391 0.98840995114 1.00841055206
-7.84569138277e-09 0.0034057325158 0.988410176233 1.00841064959
-7.26452905812e-09 0.00340570539768 0.988410401327 1.00841074712
-6.68336673347e-09 0.00340567827957 0.988410626421 1.00841084465
-6.10220440882e-09 0.00340565116145 0.988410851515 1.00841094217
-5.52104208417e-09 0.00340562404333 0.988411076609 1.0084110397
-4.93987975952e-09 0.00340559692522 0.988411301703 1.00841113723
-4.35871743487e-09 0.0034055698071 0.988411526797 1.00841123476
-3.77755511022e-09 0.00340554268899 0.98841175189 1.00841133229
-3.19639278557e-09 0.00340551629625 0.988411972347 1.00841141834
-2.61523046092e-09 0.00340549005146 0.988412191857 1.00841150206
-2.03406813627e-09 0.00340546380667 0.988412411367 1.00841158578
-1.45290581162e-09 0.00340543756188 0.988412630878 1.00841166949
-8.71743486974e-10 0.00340541131709 0.988412850388 1.00841175321
-2.90581162324e-10 0.0034053850723 0.988413069898 1.00841183693
2.90581162325e-10 0.0034053588275 0.988413289409 1.00841192064
8.71743486974e-10 0.00340533258271 0.988413508919 1.00841200436
1.45290581162e-09 0.00340530633792 0.988413728429 1.00841208808
2.03406813627e-09 0.00340528009313 0.98841394794 1.00841217179
2.61523046092e-09 0.00340525384834 0.98841416745 1.00841225551
3.19639278557e-09 0.00340522760355 0.98841438696 1.00841233923
3.77755511022e-09 0.00340520148523 0.988414604704 1.00841242144
4.35871743487e-09 0.00340517598696 0.988414813783 1.0084124963
4.93987975952e-09 0.00340515048869 0.988415022863 1.00841257115
5.52104208417e-09 0.00340512499042 0.988415231943 1.00841264601
6.10220440882e-09 0.00340509949215 0.988415441023 1.00841272086
6.68336673347e-09 0.00340507399388 0.988415650103 1.00841279572
7.26452905812e-09 0.00340504849561 0.988415859182 1.00841287057
7.84569138277e-09 0.00340502299734 0.988416068262 1.00841294543
8.42685370742e-09 0.00340499749907 0.988416277342 1.00841302028
9.00801603206e-09 0.0034049720008 0.988416486422 1.00841309514
9.58917835671e-09 0.00340494650253 0.988416695502 1.00841316999
1.01703406814e-08 0.00340492100426 0.988416904582 1.00841324485
1.0751503006e-08 0.00340489550599 0.988417113661 1.0084133197
1.13326653307e-08 0.00340487049608 0.98841731171 1.00841339095
1.19138276553e-08 0.00340484560914 0.988417506981 1.00841346129
1.249498998e-08 0.00340482072221 0.988417702252 1.00841353163
1.30761523046e-08 0.00340479583528 0.988417897524 1.00841360197
1.36573146293e-08 0.00340477094834 0.988418092795 1.00841367231
1.42384769539e-08 0.00340474606141 0.988418288066 1.00841374265
1.48196392786e-08 0.00340472117448 0.988418483337 1.00841381299
1.54008016032e-08 0.00340469628754 0.988418678608 1.00841388334
1.59819639279e-08 0.00340467140061 0.988418873879 1.00841395368
1.65631262525e-08 0.00340464651368 0.98841906915 1.00841402402
1.71442885772e-08 0.00340462162674 0.988419264421 1.00841409436
1.77254509018e-08 0.00340459673981 0.988419459693 1.0084141647
1.83066132265e-08 0.0034045723062 0.988419636958 1.00841423573
1.88877755511e-08 0.00340454787436 0.988419814154 1.00841430677
1.94689378758e-08 0.00340452344251 0.98841999135 1.00841437781
2.00501002004e-08 0.00340449901066 0.988420168546 1.00841444884
2.06312625251e-08 0.00340447457882 0.988420345742 1.00841451988
2.12124248497e-08 0.00340445014697 0.988420522938 1.00841459092
2.17935871743e-08 0.00340442571512 0.988420700134 1.00841466195
2.2374749499e-08 0.00340440128328 0.98842087733 1.00841473299
2.29559118236e-08 0.00340437685143 0.988421054525 1.00841480403
2.35370741483e-08 0.00340435241958 0.988421231721 1.00841487506
2.41182364729e-08 0.00340432798774 0.988421408917 1.0084149461
2.46993987976e-08 0.00340430372201 0.98842156758 1.0084150236
2.52805611222e-08 0.00340427951611 0.988421719569 1.00841510343
2.58617234469e-08 0.00340425531021 0.988421871558 1.00841518325
2.64428857715e-08 0.00340423110431 0.988422023546 1.00841526308
2.70240480962e-08 0.00340420689841 0.988422175535 1.00841534291
2.76052104208e-08 0.0034041826925 0.988422327524 1.00841542274
2.81863727455e-08 0.0034041584866 0.988422479512 1.00841550256
2.87675350701e-08 0.0034041342807 0.988422631501 1.00841558239
2.93486973948e-08 0.0034041100748 0.98842278349 1.00841566222
2.99298597194e-08 0.0034040858689 0.988422935479 1.00841574204
3.05110220441e-08 0.003404061663 0.988423087467 1.00841582187
3.10921843687e-08 0.00340403731544 0.98842320203 1.00841592388
3.16733466934e-08 0.00340401296662 0.988423316263 1.00841602608
3.2254509018e-08 0.0034039886178 0.988423430495 1.00841612828
3.28356713427e-08 0.00340396426899 0.988423544728 1.00841623048
3.34168336673e-08 0.00340393992017 0.98842365896 1.00841633268
3.3997995992e-08 0.00340391557136 0.988423773193 1.00841643489
3.45791583166e-08 0.00340389122254 0.988423887425 1.00841653709
3.51603206413e-08 0.00340386687372 0.988424001657 1.00841663929
3.57414829659e-08 0.00340384252491 0.98842411589 1.00841674149
3.63226452906e-08 0.00340381817609 0.988424230122 1.00841684369
3.69038076152e-08 0.003403793272 0.98842430031 1.00841697943
3.74849699399e-08 0.00340376817326 0.98842435506 1.00841712691
3.80661322645e-08 0.00340374307452 0.988424409809 1.0084172744
3.86472945892e-08 0.00340371797578 0.988424464559 1.00841742189
3.92284569138e-08 0.00340369287705 0.988424519308 1.00841756937
3.98096192385e-08 0.00340366777831 0.988424574057 1.00841771686
4.03907815631e-08 0.00340364267957 0.988424628807 1.00841786434
4.09719438878e-08 0.00340361758083 0.988424683556 1.00841801183
4.15531062124e-08 0.00340359248209 0.988424738306 1.00841815932
4.21342685371e-08 0.00340356738336 0.988424793055 1.0084183068
4.27154308617e-08 0.00340354061121 0.988424755596 1.00841853426
4.32965931864e-08 0.00340351376975 0.988424714316 1.00841876502
4.3877755511e-08 0.00340348692828 0.988424673037 1.00841899579
4.44589178357e-08 0.00340346008682 0.988424631758 1.00841922656
4.50400801603e-08 0.00340343324536 0.988424590479 1.00841945733
4.5621242485e-08 0.00340340640389 0.988424549199 1.00841968809
4.62024048096e-08 0.00340337956243 0.98842450792 1.00841991886
4.67835671343e-08 0.00340335272096 0.988424466641 1.00842014963
4.73647294589e-08 0.0034033258795 0.988424425362 1.00842038039
4.79458917836e-08 0.00340329693789 0.988424286143 1.00842070227
4.85270541082e-08 0.00340326675731 0.988424089146 1.00842107789
4.91082164329e-08 0.00340323657673 0.988423892148 1.00842145351
4.96893787575e-08 0.00340320639615 0.988423695151 1.00842182914
5.02705410822e-08 0.00340317621556 0.988423498154 1.00842220476
5.08517034068e-08 0.00340314603498 0.988423301156 1.00842258038
5.14328657315e-08 0.0034031158544 0.988423104159 1.008422956
5.20140280561e-08 0.00340308567382 0.988422907161 1.00842333163
5.25951903808e-08 0.00340305549324 0.988422710164 1.00842370725
5.31763527054e-08 0.00340302106376 0.988422331282 1.00842425874
5.37575150301e-08 0.00340298503092 0.988421883763 1.00842487659
5.43386773547e-08 0.00340294899809 0.988421436245 1.00842549444
5.49198396794e-08 0.00340291296525 0.988420988727 1.00842611229
5.5501002004e-08 0.00340287693242 0.988420541209 1.00842673014
5.60821643287e-08 0.00340284089958 0.988420093691 1.008427348
5.66633266533e-08 0.00340280486674 0.988419646172 1.00842796585
5.7244488978e-08 0.00340276883391 0.988419198654 1.0084285837
5.78256513026e-08 0.00340273054804 0.988418659074 1.00842929252
5.84068136273e-08 0.00340268479497 0.988417814373 1.00843030286
5.89879759519e-08 0.00340263904189 0.988416969671 1.0084313132
5.95691382766e-08 0.00340259328882 0.98841612497 1.00843232354
6.01503006012e-08 0.00340254753575 0.988415280269 1.00843333388
6.07314629259e-08 0.00340250178267 0.988414435568 1.00843434421
6.13126252505e-08 0.0034024560296 0.988413590867 1.00843535455
6.18937875752e-08 0.00340241027653 0.988412746166 1.00843636489
6.24749498998e-08 0.00340236254262 0.988411822623 1.00843745412
6.30561122244e-08 0.00340230125013 0.988410359423 1.00843908336
6.36372745491e-08 0.00340223995765 0.988408896223 1.0084407126
6.42184368737e-08 0.00340217866517 0.988407433023 1.00844234184
6.47995991984e-08 0.00340211737269 0.988405969823 1.00844397108
6.5380761523e-08 0.0034020560802 0.988404506623 1.00844560032
6.59619238477e-08 0.00340199478772 0.988403043423 1.00844722956
6.65430861723e-08 0.00340193349524 0.988401580223 1.0084488588
6.7124248497e-08 0.00340186267886 0.988399743707 1.00845086438
6.77054108216e-08 0.00340177728627 0.988397335836 1.00845344593
6.82865731463e-08 0.00340169189369 0.988394927965 1.00845602749
6.88677354709e-08 0.00340160650111 0.988392520093 1.00845860904
6.94488977956e-08 0.00340152110853 0.988390112222 1.0084611906
7.00300601202e-08 0.00340143571595 0.98838770435 1.00846377215
7.06112224449e-08 0.00340135032337 0.988385296479 1.0084663537
7.11923847695e-08 0.00340126428111 0.988382863374 1.00846896081
7.17735470942e-08 0.00340114246589 0.988379040816 1.00847297492
7.23547094188e-08 0.00340102065067 0.988375218257 1.00847698902
7.29358717435e-08 0.00340089883545 0.988371395699 1.00848100313
7.35170340681e-08 0.00340077702023 0.988367573141 1.00848501724
7.40981963928e-08 0.003400655205 0.988363750582 1.00848903135
7.46793587174e-08 0.00340053338978 0.988359928024 1.00849304546
7.52605210421e-08 0.00340041157456 0.988356105466 1.00849705956
7.58416833667e-08 0.0034002370899 0.988350248645 1.00850313944
7.64228456914e-08 0.00340006148351 0.9883443485 1.00850926332
7.7004008016e-08 0.00339988587713 0.988338448355 1.0085153872
7.75851703407e-08 0.00339971027074 0.988332548209 1.00852151107
7.81663326653e-08 0.00339953466435 0.988326648064 1.00852763495
7.874749499e-08 0.00339935905797 0.988320747919 1.00853375883
7.93286573146e-08 0.0033991629511 0.988314058787 1.0085406854
7.99098196393e-08 0.00339890956294 0.988305165113 1.00854985483
8.04909819639e-08 0.00339865617478 0.98829627144 1.00855902426
8.10721442886e-08 0.00339840278661 0.988287377766 1.00856819369
8.16533066132e-08 0.00339814939845 0.988278484092 1.00857736312
8.22344689379e-08 0.00339789601029 0.988269590418 1.00858653255
8.28156312625e-08 0.00339764262212 0.988260696745 1.00859570198
8.33967935872e-08 0.00339729480425 0.98824817727 1.00860856508
8.39779559118e-08 0.00339693113413 0.98823504912 1.00862204825
8.45591182365e-08 0.003396567464 0.98822192097 1.00863553142
8.51402805611e-08 0.00339620379388 0.98820879282 1.00864901459
8.57214428858e-08 0.00339584012376 0.988195664669 1.00866249776
8.63026052104e-08 0.00339547645363 0.988182536519 1.00867598093
8.68837675351e-08 0.00339499872338 0.988165035814 1.00869392311
8.74649298597e-08 0.00339448155567 0.988146023255 1.00871340704
8.80460921844e-08 0.00339396438796 0.988127010695 1.00873289097
8.8627254509e-08 0.00339344722025 0.988107998135 1.0087523749
8.92084168337e-08 0.00339293005254 0.988088985575 1.00877185882
8.97895791583e-08 0.00339241288484 0.988069973015 1.00879134275
9.0370741483e-08 0.00339170455942 0.988043640924 1.00881829782
9.09519038076e-08 0.003390977447 0.988016589468 1.00884598715
9.15330661323e-08 0.00339025033459 0.987989538013 1.00887367648
9.21142284569e-08 0.00338952322217 0.987962486558 1.00890136581
9.26953907816e-08 0.00338879610976 0.987935435102 1.00892905514
9.32765531062e-08 0.00338797136468 0.98790464877 1.00896056026
9.38577154309e-08 0.00338696182842 0.987866793368 1.0089992876
9.44388777555e-08 0.00338595229216 0.987828937966 1.00903801495
9.50200400802e-08 0.0033849427559 0.987791082564 1.00907674229
9.56012024048e-08 0.00338393321965 0.987753227161 1.00911546963
9.61823647295e-08 0.00338291009801 0.987714852499 1.00915472804
9.67635270541e-08 0.00338152658638 0.987662703012 1.00920807434
9.73446893788e-08 0.00338014307474 0.987610553526 1.00926142065
9.79258517034e-08 0.0033787595631 0.987558404039 1.00931476696
9.85070140281e-08 0.00337737605146 0.987506254553 1.00936811326
9.90881763527e-08 0.00337599253983 0.987454105066 1.00942145957
9.96693386774e-08 0.0033741355137 0.987383872167 1.00949332313
1.00250501002e-07 0.00337226418593 0.987313093091 1.00956574597
1.00831663327e-07 0.00337039285817 0.987242314016 1.00963816881
1.01412825651e-07 0.0033685215304 0.98717153494 1.00971059165
1.01993987976e-07 0.00336656390838 0.987097463315 1.00978639112
1.02575150301e-07 0.0033640653223 0.98700275126 1.00988335811
1.03156312625e-07 0.00336156673621 0.986908039204 1.00998032511
1.0373747495e-07 0.00335906815013 0.986813327148 1.0100772921
1.04318637275e-07 0.00335656956405 0.986718615092 1.01017425909
1.04899799599e-07 0.00335365222539 0.986607942287 1.01028762499
1.05480961924e-07 0.00335035802584 0.986482905435 1.01041574925
1.06062124248e-07 0.00334706382629 0.986357868582 1.01054387351
1.06643286573e-07 0.00334376962674 0.986232831729 1.01067199777
1.07224448898e-07 0.00334034916672 0.986102988409 1.01080507185
1.07805611222e-07 0.00333605888208 0.98594003272 1.01097224592
1.08386773547e-07 0.00333176859744 0.98577707703 1.01113941998
1.08967935872e-07 0.0033274783128 0.985614121341 1.01130659404
1.09549098196e-07 0.00332318802816 0.985451165651 1.0114737681
1.10130260521e-07 0.00331775335532 0.985244710057 1.01168586693
1.10711422846e-07 0.00331223141596 0.985034937332 1.01190139155
1.1129258517e-07 0.00330670947661 0.984825164608 1.01211691617
1.11873747495e-07 0.00330118753725 0.984615391883 1.01233244079
1.1245490982e-07 0.00329427466797 0.984352841942 1.01260266076
1.13036072144e-07 0.00328724776196 0.98408596501 1.01287736497
1.13617234469e-07 0.00328022085596 0.983819088078 1.01315206919
1.14198396794e-07 0.00327300640111 0.983545110007 1.01343416358
1.14779559118e-07 0.00326416127811 0.983209390144 1.01378051278
1.15360721443e-07 0.00325531615512 0.982873670282 1.01412686197
1.15941883768e-07 0.00324647103212 0.98253795042 1.01447321116
1.16523046092e-07 0.00323663178541 0.982164685879 1.01485883013
1.17104208417e-07 0.00322561361002 0.981746897201 1.01529101902
1.17685370741e-07 0.00321459543463 0.981329108524 1.01572320791
1.18266533066e-07 0.00320357725924 0.980911319846 1.01615539681
1.18847695391e-07 0.00319004217196 0.980398761853 1.0166873026
1.19428857715e-07 0.00317645351326 0.979884186735 1.01722133083
1.2001002004e-07 0.00316286485456 0.979369611616 1.01775535906
1.20591182365e-07 0.00314728752002 0.978780421124 1.01836845053
1.21172344689e-07 0.00313068804526 0.978152879798 1.01902217895
1.21753507014e-07 0.00311408857049 0.977525338473 1.01967590737
1.22334669339e-07 0.00309576254443 0.976833282737 1.02039855639
1.22915831663e-07 0.00307566946294 0.97607519911 1.02119174286
1.23496993988e-07 0.00305557638146 0.975317115483 1.02198492933
1.24078156313e-07 0.00303358197861 0.974488323624 1.0228543684
1.24659318637e-07 0.00300947125835 0.973580828044 1.02380868252
1.25240480962e-07 0.00298536053808 0.972673332464 1.02476299663
1.25821643287e-07 0.00295854267624 0.971665707022 1.02582646256
1.26402805611e-07 0.00292985103079 0.97058877538 1.02696547934
1.26983967936e-07 0.00290115938534 0.969511843738 1.02810449612
1.27565130261e-07 0.00286811081717 0.968274753774 1.02942025127
1.28146292585e-07 0.00283423843723 0.967007380897 1.0307694243
1.2872745491e-07 0.00279910305739 0.965693903017 1.03217018104
1.29308617234e-07 0.00275941703831 0.964214306961 1.03375679598
1.29889779559e-07 0.00271973101923 0.962734710905 1.03534341091
1.30470941884e-07 0.00267542174828 0.96108765661 1.03712029018
1.31052104208e-07 0.00262926014546 0.959373509229 1.03897339993
1.31633266533e-07 0.00258076683703 0.957575634155 1.04092327918
1.32214428858e-07 0.00252744326429 0.955604312272 1.0430736221
1.32795591182e-07 0.00247375131139 0.953619888445 1.04523939552
1.33376753507e-07 0.00241255998499 0.951368739148 1.0477192983
1.33957915832e-07 0.00235136865859 0.949117589851 1.05019920107
1.34539078156e-07 0.00228268314605 0.946602683775 1.05299620429
1.35120240481e-07 0.00221290426775 0.944049296851 1.05583947094
1.35701402806e-07 0.00213568823491 0.941237141218 1.05900089431
1.3628256513e-07 0.00205659360325 0.938359621529 1.06224268294
1.36863727455e-07 0.00196926852273 0.935199266425 1.06584075256
1.3744488978e-07 0.00188012726055 0.931976499111 1.06951744133
1.38026052104e-07 0.00178095543611 0.928413624008 1.07363387278
1.38607214429e-07 0.00167955278212 0.924775827544 1.07784899104
1.39188376754e-07 0.00156814350307 0.920803578362 1.08250876911
1.39769539078e-07 0.00145172689108 0.916666518251 1.08739426537
1.40350701403e-07 0.00132811907096 0.912292767332 1.09260392351
1.40931863727e-07 0.00119458391277 0.907597557094 1.09826789244
1.41513026052e-07 0.00105530410361 0.902717873175 1.10419679604
1.42094188377e-07 0.000905266398616 0.897495797985 1.11062588702
1.42675350701e-07 0.00074512025629 0.891957800913 1.11753281739
1.43256513026e-07 0.0005766388142 0.886161818497 1.12483727125
1.43837675351e-07 0.000397643490938 0.880043455164 1.13264736483
1.44418837675e-07 0.000204384462776 0.873496371964 1.14115578214
1.45e-07 0 0.866609679773 1.15020274389
