-1.45e-07 0.00156976284863 1.22357741146 0.81580606889
-1.44418837675e-07 0.00127591860385 1.20974509022 0.825167312585
-1.43837675351e-07 0.000998372928486 1.19672941198 0.834118606408
-1.43256513026e-07 0.000740933335553 1.18473927094 0.842577489556
-1.42675350701e-07 0.000499227429385 1.17353230135 0.850638887689
-1.42094188377e-07 0.000270545133338 1.16296438333 0.858365206112
-1.41513026052e-07 5.39638680438e-05 1.15298435241 0.865776288172
-1.40931863727e-07 -0.000144777522519 1.14385316663 0.872710392024
-1.40350701403e-07 -0.000332676929543 1.13522727622 0.879347051857
-1.39769539078e-07 -0.000511092111685 1.12704078168 0.885721567087
-1.39188376754e-07 -0.000676024603102 1.11947050666 0.891717153277
-1.38607214429e-07 -0.000830204120085 1.11238276245 0.897403625051
-1.38026052104e-07 -0.000977076462985 1.10562088677 0.902878405451
-1.3744488978e-07 -0.0011121807371 1.09937810518 0.90800767765
-1.36863727455e-07 -0.00123870976352 1.09350756915 0.912880180301
-1.3628256513e-07 -0.0013596922927 1.08787740432 0.917586260228
-1.35701402806e-07 -0.00146869176015 1.08275972272 0.921926899572
-1.35120240481e-07 -0.00157268975534 1.07785300806 0.926112395231
-1.34539078156e-07 -0.00166994889723 1.07323054476 0.930088854335
-1.33957915832e-07 -0.00175886499936 1.06895554476 0.933802402302
-1.33376753507e-07 -0.00184456402064 1.06481421277 0.937414271427
-1.32795591182e-07 -0.00192079247858 1.06106271406 0.940723312917
-1.32214428858e-07 -0.00199399227167 1.05743455693 0.94393419829
-1.31633266533e-07 -0.00206085932985 1.05406429876 0.946939845815
-1.31052104208e-07 -0.00212304325673 1.05088291464 0.949791824939
-1.30470941884e-07 -0.00218127040916 1.04786111007 0.952513969738
-1.29889779559e-07 -0.00223378136242 1.04506782785 0.955046401617
-1.29308617234e-07 -0.00228405413383 1.04236402371 0.957504551266
-1.2872745491e-07 -0.00232810103917 1.03990716396 0.959753909389
-1.28146292585e-07 -0.00237106906027 1.03749309735 0.961967085898
-1.27565130261e-07 -0.00240773389281 1.03532729546 0.963966858928
-1.26983967936e-07 -0.00244401111643 1.03317676039 0.965953508903
-1.26402805611e-07 -0.00247425634401 1.03126234533 0.967734163898
-1.25821643287e-07 -0.00250442139927 1.02935106859 0.969512080977
-1.25240480962e-07 -0.00252909776051 1.02765349153 0.971101083072
-1.24659318637e-07 -0.00255369444092 1.0259590168 0.972687342637
-1.24078156313e-07 -0.00257354896288 1.02444832461 0.9741092244
-1.23496993988e-07 -0.0025930868427 1.0229499039 0.975520130373
-1.22915831663e-07 -0.0026087710013 1.0216002535 0.976796603616
-1.22334669339e-07 -0.00262372617334 1.02027874513 0.978047646984
-1.21753507014e-07 -0.00263580410072 1.01906795501 0.979197749612
-1.21172344689e-07 -0.00264662002745 1.0179057275 0.98030357819
-1.20591182365e-07 -0.00265557667273 1.01681486359 0.981343848693
-1.2001002004e-07 -0.00266266514164 1.01579570468 0.982318247488
-1.19428857715e-07 -0.00266891429608 1.01480869809 0.983262919883
-1.18847695391e-07 -0.00267265646944 1.01391772854 0.984118801339
-1.18266533066e-07 -0.0026763986428 1.01302675898 0.984974682795
-1.17685370741e-07 -0.00267729612072 1.01224461478 0.985729417085
-1.17104208417e-07 -0.00267804366881 1.01146820623 0.986478820407
-1.16523046092e-07 -0.00267720207892 1.01075254076 0.98717152642
-1.15941883768e-07 -0.00267527838583 1.01007823753 0.987825625124
-1.15360721443e-07 -0.00267291661694 1.00942067379 0.988464047848
-1.14779559118e-07 -0.00266861804693 1.00883711801 0.989033164631
-1.14198396794e-07 -0.00266431947693 1.00825356222 0.989602281414
-1.13617234469e-07 -0.0026585115549 1.00772768856 0.990117250229
-1.13036072144e-07 -0.00265210876787 1.00722454854 0.990610878276
-1.1245490982e-07 -0.00264534911388 1.00673505418 0.991091675724
-1.11873747495e-07 -0.00263708841763 1.00630295577 0.991518505524
-1.1129258517e-07 -0.00262882772139 1.00587085736 0.991945335323
-1.10711422846e-07 -0.00261957411817 1.00547675984 0.992336399652
-1.10130260521e-07 -0.00260967884602 1.00510722049 0.992704350445
-1.09549098196e-07 -0.00259978357387 1.00473768115 0.993072301239
-1.08967935872e-07 -0.0025885099502 1.00442095935 0.993390521653
-1.08386773547e-07 -0.00257718185213 1.00410632497 0.993706776653
-1.07805611222e-07 -0.00256553559246 1.00380390039 0.994011535912
-1.07224448898e-07 -0.00255295622876 1.0035372847 0.994282580474
-1.06643286573e-07 -0.00254037686506 1.003270669 0.994553625036
-1.06062124248e-07 -0.00252727191744 1.0030242567 0.994805653819
-1.05480961924e-07 -0.00251360404423 1.00279948319 0.995037315791
-1.04899799599e-07 -0.00249993617102 1.00257470968 0.995268977763
-1.04318637275e-07 -0.00248565880041 1.00237340642 0.995478558517
-1.0373747495e-07 -0.00247104773704 1.00218495285 0.99567605006
-1.03156312625e-07 -0.00245643667367 1.00199649927 0.995873541603
-1.02575150301e-07 -0.00244122097859 1.00183136948 0.996049096673
-1.01993987976e-07 -0.00242579594772 1.00167431484 0.996217056889
-1.01412825651e-07 -0.00241037091686 1.00151726021 0.996385017106
-1.00831663327e-07 -0.00239440646394 1.00138104779 0.996533373761
-1.00250501002e-07 -0.00237828189595 1.00125102191 0.996675911547
-9.96693386774e-08 -0.00236215732795 1.00112099602 0.996818449334
-9.90881763527e-08 -0.00234559606696 1.0010078659 0.996945083634
-9.85070140281e-08 -0.00232887286119 1.00090100147 0.99706582023
-9.79258517034e-08 -0.00231214965543 1.00079413703 0.997186556826
-9.73446893788e-08 -0.0022951121163 1.000699445 0.997295814879
-9.67635270541e-08 -0.00227787885278 1.00061233231 0.997397925647
-9.61823647295e-08 -0.00226064558926 1.00052521961 0.997500036414
-9.56012024048e-08 -0.00224322637449 1.0004453091 0.997595332307
-9.50200400802e-08 -0.00222556047045 1.00037495325 0.997681587357
-9.44388777555e-08 -0.00220789456642 1.00030459741 0.997767842407
-9.38577154309e-08 -0.00219016716232 1.00023662163 0.997851832724
-9.32765531062e-08 -0.00217213596926 1.00018040251 0.997924636043
-9.26953907816e-08 -0.0021541047762 1.00012418338 0.997997439363
-9.21142284569e-08 -0.00213607358314 1.00006796426 0.998070242682
-9.15330661323e-08 -0.00211778755362 1.00002158578 0.998133601578
-9.09519038076e-08 -0.00209944939133 0.999977220432 0.998195028396
-9.0370741483e-08 -0.00208111122903 0.999932855086 0.998256455214
-8.97895791583e-08 -0.00206266693464 0.999892571559 0.998313915338
-8.92084168337e-08 -0.00204407205976 0.999858079329 0.998365747508
-8.8627254509e-08 -0.00202547718488 0.999823587099 0.998417579677
-8.80460921844e-08 -0.00200688231 0.999789094869 0.998469411847
-8.74649298597e-08 -0.00198809170032 0.999762081706 0.998513846896
-8.68837675351e-08 -0.001969283208 0.999735751842 0.998557606134
-8.63026052104e-08 -0.00195047471569 0.999709421978 0.998601365372
-8.57214428858e-08 -0.00193160665079 0.999685346233 0.998642840614
-8.51402805611e-08 -0.00191262130873 0.99966570804 0.998679819484
-8.45591182365e-08 -0.00189363596668 0.999646069848 0.998716798354
-8.39779559118e-08 -0.00187465062463 0.999626431656 0.998753777225
-8.33967935872e-08 -0.00185556723674 0.999610451356 0.998786926768
-8.28156312625e-08 -0.00183643625197 0.999596246799 0.998818217343
-8.22344689379e-08 -0.0018173052672 0.999582042242 0.998849507918
-8.16533066132e-08 -0.00179817428242 0.999567837685 0.998880798493
-8.10721442886e-08 -0.0017789331488 0.999557661803 0.998907684431
-8.04909819639e-08 -0.0017596828681 0.999547820474 0.998934204595
-7.99098196393e-08 -0.0017404325874 0.999537979145 0.99896072476
-7.93286573146e-08 -0.00172117402592 0.999528432469 0.998986903824
-7.874749499e-08 -0.0017018265717 0.999522048849 0.99900942124
-7.81663326653e-08 -0.00168247911748 0.999515665229 0.999031938656
-7.75851703407e-08 -0.00166313166327 0.999509281609 0.999054456072
-7.7004008016e-08 -0.00164377186906 0.999503320785 0.999076446088
-7.64228456914e-08 -0.00162434571288 0.999499633672 0.99909559985
-7.58416833667e-08 -0.00160491955669 0.999495946559 0.999114753612
-7.52605210421e-08 -0.00158549340051 0.999492259445 0.999133907374
-7.46793587174e-08 -0.00156605863071 0.999488852502 0.999152675945
-7.40981963928e-08 -0.00154656910721 0.999487226496 0.999168995997
-7.35170340681e-08 -0.00152707958371 0.999485600491 0.999185316048
-7.29358717435e-08 -0.00150759006021 0.999483974486 0.9992016361
-7.23547094188e-08 -0.00148809949944 0.999482379876 0.999217907151
-7.17735470942e-08 -0.001468559264 0.999482288799 0.999231831548
-7.11923847695e-08 -0.00144901902856 0.999482197721 0.999245755946
-7.06112224449e-08 -0.00142947879311 0.999482106644 0.999259680343
-7.00300601202e-08 -0.00140993855767 0.999482015567 0.999273604741
-6.94488977956e-08 -0.00139036572924 0.999482816003 0.999285885174
-6.88677354709e-08 -0.0013707851627 0.9994838281 0.999297775303
-6.82865731463e-08 -0.00135120459616 0.999484840197 0.999309665432
-6.77054108216e-08 -0.00133162402962 0.999485852294 0.999321555561
-6.7124248497e-08 -0.00131202763377 0.999487238261 0.999332583293
-6.65430861723e-08 -0.00129241519804 0.999489003072 0.999342737157
-6.59619238477e-08 -0.00127280276232 0.999490767882 0.99935289102
-6.5380761523e-08 -0.00125319032659 0.999492532693 0.999363044884
-6.47995991984e-08 -0.00123357579442 0.999494337053 0.999373073866
-6.42184368737e-08 -0.00121393834283 0.99949657379 0.999381737578
-6.36372745491e-08 -0.00119430089123 0.999498810527 0.99939040129
-6.30561122244e-08 -0.00117466343964 0.999501047264 0.999399065003
-6.24749498998e-08 -0.00115502598805 0.999503284 0.999407728715
-6.18937875752e-08 -0.00113537747727 0.999505662828 0.999415663116
-6.13126252505e-08 -0.00111572052346 0.999508150134 0.999423040733
-6.07314629259e-08 -0.00109606356966 0.99951063744 0.99943041835
-6.01503006012e-08 -0.00107640661585 0.999513124745 0.999437795966
-5.95691382766e-08 -0.00105674966204 0.999515612051 0.999445173583
-5.89879759519e-08 -0.00103707845601 0.999518174543 0.999451497834
-5.84068136273e-08 -0.00101740640544 0.999520741491 0.999457759667
-5.78256513026e-08 -0.00099773435487 0.999523308439 0.9994640215
-5.7244488978e-08 -0.000978062304301 0.999525875386 0.999470283333
-5.66633266533e-08 -0.000958387791153 0.999528431987 0.99947633879
-5.60821643287e-08 -0.000938704138859 0.99953095019 0.999481628347
-5.5501002004e-08 -0.000919020486566 0.999533468392 0.999486917904
-5.49198396794e-08 -0.000899336834272 0.999535986594 0.99949220746
-5.43386773547e-08 -0.000879653181979 0.999538504797 0.999497497017
-5.37575150301e-08 -0.000859966263257 0.999540970771 0.999502472873
-5.31763527054e-08 -0.000840273761655 0.999543347479 0.999506912561
-5.25951903808e-08 -0.000820581260053 0.999545724186 0.999511352249
-5.20140280561e-08 -0.00080088875845 0.999548100894 0.999515791937
-5.14328657315e-08 -0.000781196256848 0.999550477602 0.999520231626
-5.08517034068e-08 -0.000761500995521 0.999552769998 0.999524364799
-5.02705410822e-08 -0.000741801795716 0.999554942069 0.999528060537
-4.96893787575e-08 -0.000722102595911 0.999557114141 0.999531756275
-4.91082164329e-08 -0.000702403396105 0.999559286212 0.999535452013
-4.85270541082e-08 -0.0006827041963 0.999561458284 0.999539147752
-4.79458917836e-08 -0.000663003294962 0.999563548012 0.999542623328
-4.73647294589e-08 -0.000643299064861 0.999565476649 0.999545668197
-4.67835671343e-08 -0.00062359483476 0.999567405286 0.999548713065
-4.62024048096e-08 -0.000603890604658 0.999569333923 0.999551757933
-4.5621242485e-08 -0.000584186374557 0.999571262561 0.999554802801
-4.50400801603e-08 -0.000564481600627 0.999573153108 0.999557765272
-4.44589178357e-08 -0.000544773622911 0.999574819264 0.999560242326
-4.3877755511e-08 -0.000525065645195 0.999576485419 0.999562719381
-4.32965931864e-08 -0.000505357667479 0.999578151574 0.999565196435
-4.27154308617e-08 -0.000485649689763 0.999579817729 0.99956767349
-4.21342685371e-08 -0.000465941712047 0.999581483884 0.999570150545
-4.15531062124e-08 -0.00044623143626 0.999582929495 0.999572218791
-4.09719438878e-08 -0.000426520689016 0.999584329861 0.999574203168
-4.03907815631e-08 -0.000406809941773 0.999585730227 0.999576187546
-3.98096192385e-08 -0.000387099194529 0.999587130593 0.999578171923
-3.92284569138e-08 -0.000367388447285 0.999588530959 0.999580156301
-3.86472945892e-08 -0.000347676909581 0.999589831316 0.999581975608
-3.80661322645e-08 -0.000327964132138 0.999590974821 0.999583536022
-3.74849699399e-08 -0.000308251354695 0.999592118327 0.999585096437
-3.69038076152e-08 -0.000288538577251 0.999593261832 0.999586656852
-3.63226452906e-08 -0.000268825799808 0.999594405337 0.999588217266
-3.57414829659e-08 -0.000249113022364 0.999595548843 0.999589777681
-3.51603206413e-08 -0.000229399032992 0.999596496345 0.999591042013
-3.45791583166e-08 -0.00020968477923 0.999597401089 0.999592241754
-3.3997995992e-08 -0.000189970525468 0.999598305832 0.999593441495
-3.34168336673e-08 -0.000170256271706 0.999599210576 0.999594641236
-3.28356713427e-08 -0.000150542017944 0.99960011532 0.999595840977
-3.2254509018e-08 -0.000130827634836 0.999600994052 0.999597004015
-3.16733466934e-08 -0.000111112316007 0.999601684615 0.999597901529
-3.10921843687e-08 -9.13969971774e-05 0.999602375178 0.999598799044
-3.05110220441e-08 -7.16816783483e-05 0.999603065741 0.999599696558
-2.99298597194e-08 -5.19663595191e-05 0.999603756304 0.999600594073
-2.93486973948e-08 -3.225104069e-05 0.999604446867 0.999601491588
-2.87675350701e-08 -1.25355024085e-05 0.999605084036 0.999602317606
-2.81863727455e-08 7.18057877332e-06 0.999605589116 0.99960296675
-2.76052104208e-08 2.68966599551e-05 0.999606094195 0.999603615894
-2.70240480962e-08 4.66127411369e-05 0.999606599274 0.999604265038
-2.64428857715e-08 6.63288223187e-05 0.999607104354 0.999604914182
-2.58617234469e-08 8.60449035005e-05 0.999607609433 0.999605563325
-2.52805611222e-08 0.000105761156264 0.999608065452 0.999606149346
-2.46993987976e-08 0.000125477778699 0.99960841577 0.999606599368
-2.41182364729e-08 0.000145194401133 0.999608766089 0.999607049389
-2.35370741483e-08 0.000164911023567 0.999609116407 0.999607499411
-2.29559118236e-08 0.000184627646002 0.999609466725 0.999607949433
-2.2374749499e-08 0.000204344268436 0.999609817044 0.999608399455
-2.17935871743e-08 0.000224060969159 0.999610141886 0.99960881766
-2.12124248497e-08 0.000243777972272 0.999610368329 0.999609112974
-2.0631262525e-08 0.000263494975386 0.999610594772 0.999609408289
-2.00501002004e-08 0.000283211978499 0.999610821215 0.999609703603
-1.94689378758e-08 0.000302928981612 0.999611047658 0.999609998917
-1.88877755511e-08 0.000322645984725 0.999611274101 0.999610294231
-1.83066132265e-08 0.000342362987838 0.999611500544 0.999610589546
-1.77254509018e-08 0.000362080242091 0.999611637162 0.99961077506
-1.71442885772e-08 0.000381797509425 0.999611769101 0.999610954855
-1.65631262525e-08 0.000401514776758 0.99961190104 0.999611134651
-1.59819639279e-08 0.000421232044092 0.999612032979 0.999611314446
-1.54008016032e-08 0.000440949311425 0.999612164918 0.999611494241
-1.48196392786e-08 0.000460666578759 0.999612296857 0.999611674037
-1.42384769539e-08 0.000480383944287 0.999612391422 0.999611808839
-1.36573146293e-08 0.000500101390761 0.999612455178 0.999611906553
-1.30761523046e-08 0.000519818837235 0.999612518935 0.999612004267
-1.249498998e-08 0.000539536283709 0.999612582692 0.999612101981
-1.19138276553e-08 0.000559253730183 0.999612646448 0.999612199695
-1.13326653307e-08 0.000578971176657 0.999612710205 0.999612297408
-1.0751503006e-08 0.000598688623131 0.999612773961 0.999612395122
-1.01703406814e-08 0.000618406184534 0.999612791593 0.999612438074
-9.58917835671e-09 0.000638123746498 0.999612809 0.999612480758
-9.00801603206e-09 0.000657841308462 0.999612826407 0.999612523442
-8.42685370741e-09 0.000677558870426 0.999612843814 0.999612566127
-7.84569138277e-09 0.00069727643239 0.99961286122 0.999612608811
-7.26452905812e-09 0.000716993994354 0.999612878627 0.999612651495
-6.68336673347e-09 0.000736711575115 0.999612887282 0.999612684077
-6.10220440882e-09 0.000756429202363 0.999612874295 0.999612691674
-5.52104208417e-09 0.00077614682961 0.999612861308 0.999612699272
-4.93987975952e-09 0.000795864456857 0.999612848321 0.999612706869
-4.35871743487e-09 0.000815582084104 0.999612835334 0.999612714467
-3.77755511022e-09 0.000835299711351 0.999612822347 0.999612722064
-3.19639278557e-09 0.000855017338598 0.99961280936 0.999612729662
-2.61523046092e-09 0.00087473497501 0.999612787194 0.999612727509
-2.03406813627e-09 0.000894452623926 0.999612752503 0.999612712052
-1.45290581162e-09 0.000914170272843 0.999612717812 0.999612696595
-8.71743486974e-10 0.000933887921759 0.999612683121 0.999612681137
-2.90581162324e-10 0.000953605570675 0.99961264843 0.99961266568
2.90581162325e-10 0.000973323219592 0.999612613739 0.999612650223
8.71743486974e-10 0.000993040868508 0.999612579049 0.999612634766
1.45290581162e-09 0.0010127585087 0.999612535748 0.999612611466
2.03406813627e-09 0.0010324761356 0.999612479334 0.999612576221
2.61523046092e-09 0.00105219376249 0.99961242292 0.999612540975
3.19639278557e-09 0.00107191138939 0.999612366505 0.99961250573
3.77755511022e-09 0.00109162901629 0.999612310091 0.999612470485
4.35871743487e-09 0.00111134664319 0.999612253677 0.99961243524
4.93987975952e-09 0.00113106427009 0.999612197263 0.999612399994
5.52104208417e-09 0.00115078188196 0.999612134305 0.999612359402
6.10220440882e-09 0.00117049943536 0.999612045879 0.999612297998
6.68336673347e-09 0.00119021698876 0.999611957454 0.999612236594
7.26452905812e-09 0.00120993454216 0.999611869028 0.999612175191
7.84569138277e-09 0.00122965209556 0.999611780603 0.999612113787
8.42685370742e-09 0.00124936964897 0.999611692177 0.999612052384
9.00801603206e-09 0.00126908720237 0.999611603752 0.99961199098
9.58917835671e-09 0.00128880475577 0.999611515326 0.999611929576
1.01703406814e-08 0.00130852218827 0.999611381098 0.99961183193
1.0751503006e-08 0.0013282395983 0.999611238358 0.999611727548
1.13326653307e-08 0.00134795700833 0.999611095617 0.999611623166
1.19138276553e-08 0.00136767441836 0.999610952876 0.999611518784
1.249498998e-08 0.00138739182839 0.999610810136 0.999611414402
1.30761523046e-08 0.00140710923843 0.999610667395 0.99961131002
1.36573146293e-08 0.00142682664846 0.999610524655 0.999611205638
1.42384769539e-08 0.00144654398185 0.999610353909 0.999611079367
1.48196392786e-08 0.00146626114379 0.999610120511 0.999610904129
1.54008016032e-08 0.00148597830573 0.999609887114 0.99961072889
1.59819639279e-08 0.00150569546767 0.999609653717 0.999610553651
1.65631262525e-08 0.00152541262961 0.999609420319 0.999610378413
1.71442885772e-08 0.00154512979155 0.999609186922 0.999610203174
1.77254509018e-08 0.00156484695349 0.999608953524 0.999610027936
1.83066132265e-08 0.00158456411543 0.999608720127 0.999609852697
1.88877755511e-08 0.00160428102957 0.999608401046 0.999609611799
1.94689378758e-08 0.00162399777662 0.999608024187 0.999609326625
2.00501002004e-08 0.00164371452366 0.999607647328 0.999609041452
2.06312625251e-08 0.00166343127071 0.99960727047 0.999608756279
2.12124248497e-08 0.00168314801775 0.999606893611 0.999608471106
2.17935871743e-08 0.0017028647648 0.999606516752 0.999608185932
2.2374749499e-08 0.00172258151184 0.999606139894 0.999607900759
2.29559118236e-08 0.00174229825889 0.999605763035 0.999607615586
2.35370741483e-08 0.00176201451971 0.99960523425 0.999607218161
2.41182364729e-08 0.00178173057624 0.999604641631 0.999606773573
2.46993987976e-08 0.00180144663277 0.999604049013 0.999606328985
2.52805611222e-08 0.00182116268931 0.999603456394 0.999605884397
2.58617234469e-08 0.00184087874584 0.999602863775 0.999605439809
2.64428857715e-08 0.00186059480237 0.999602271157 0.999604995222
2.70240480962e-08 0.0018803108589 0.999601678538 0.999604550634
2.76052104208e-08 0.00190002691544 0.999601085919 0.999604106046
2.81863727455e-08 0.00191974224886 0.999600298485 0.999603525931
2.87675350701e-08 0.00193945714897 0.999599394309 0.999602864602
2.93486973948e-08 0.00195917204908 0.999598490134 0.999602203273
2.99298597194e-08 0.00197888694919 0.999597585958 0.999601541945
3.05110220441e-08 0.0019986018493 0.999596681782 0.999600880616
3.10921843687e-08 0.00201831674941 0.999595777606 0.999600219288
3.16733466934e-08 0.00203803164952 0.99959487343 0.999599557959
3.2254509018e-08 0.00205774654963 0.999593969255 0.99959889663
3.28356713427e-08 0.00207746075258 0.999592909523 0.999598136887
3.34168336673e-08 0.00209717369624 0.999591568815 0.99959719938
3.3997995992e-08 0.0021168866399 0.999590228107 0.999596261873
3.45791583166e-08 0.00213659958357 0.999588887398 0.999595324366
3.51603206413e-08 0.00215631252723 0.99958754669 0.999594386858
3.57414829659e-08 0.0021760254709 0.999586205982 0.999593449351
3.63226452906e-08 0.00219573841456 0.999584865273 0.999592511844
3.69038076152e-08 0.00221545135822 0.999583524565 0.999591574336
3.74849699399e-08 0.00223516430189 0.999582183857 0.999590636829
3.80661322645e-08 0.00225487425759 0.999580307977 0.999589407935
3.86472945892e-08 0.00227458385457 0.999578367847 0.999588144059
3.92284569138e-08 0.00229429345155 0.999576427717 0.999586880183
3.98096192385e-08 0.00231400304854 0.999574487587 0.999585616308
4.03907815631e-08 0.00233371264552 0.999572547457 0.999584352432
4.09719438878e-08 0.0023534222425 0.999570607327 0.999583088556
4.15531062124e-08 0.00237313183948 0.999568667197 0.99958182468
4.21342685371e-08 0.00239284143647 0.999566727067 0.999580560804
4.27154308617e-08 0.00241254970163 0.999564599439 0.99957921729
4.32965931864e-08 0.00243225351132 0.999561844556 0.999577607354
4.3877755511e-08 0.00245195732102 0.999559089674 0.999575997418
4.44589178357e-08 0.00247166113071 0.999556334791 0.999574387482
4.50400801603e-08 0.00249136494041 0.999553579908 0.999572777546
4.5621242485e-08 0.0025110687501 0.999550825025 0.99957116761
4.62024048096e-08 0.00253077255979 0.999548070143 0.999569557675
4.67835671343e-08 0.00255047636949 0.99954531526 0.999567947739
4.73647294589e-08 0.00257018017918 0.999542560377 0.999566337803
4.79458917836e-08 0.0025898803119 0.999539402527 0.999564620021
4.85270541082e-08 0.00260957400892 0.999535539377 0.999562713479
4.91082164329e-08 0.00262926770595 0.999531676226 0.999560806937
4.96893787575e-08 0.00264896140297 0.999527813075 0.999558900395
5.02705410822e-08 0.00266865509999 0.999523949924 0.999556993854
5.08517034068e-08 0.00268834879702 0.999520086774 0.999555087312
5.14328657315e-08 0.00270804249404 0.999516223623 0.99955318077
5.20140280561e-08 0.00272773619106 0.999512360472 0.999551274228
5.25951903808e-08 0.00274742988809 0.999508497322 0.999549367686
5.31763527054e-08 0.00276711843641 0.999504193548 0.999547429836
5.37575150301e-08 0.00278679428297 0.999498802763 0.999545414747
5.43386773547e-08 0.00280647012952 0.999493411977 0.999543399659
5.49198396794e-08 0.00282614597608 0.999488021192 0.999541384571
5.5501002004e-08 0.00284582182263 0.999482630407 0.999539369482
5.60821643287e-08 0.00286549766919 0.999477239622 0.999537354394
5.66633266533e-08 0.00288517351574 0.999471848837 0.999535339306
5.7244488978e-08 0.0029048493623 0.999466458052 0.999533324217
5.78256513026e-08 0.00292452520885 0.999461067267 0.999531309129
5.84068136273e-08 0.00294420105541 0.999455676482 0.99952929404
5.89879759519e-08 0.0029638450849 0.999448122754 0.999527621671
5.95691382766e-08 0.00298348910552 0.999440568424 0.999525949397
6.01503006012e-08 0.00300313312614 0.999433014094 0.999524277123
6.07314629259e-08 0.00302277714677 0.999425459763 0.999522604849
6.13126252505e-08 0.00304242116739 0.999417905433 0.999520932574
6.18937875752e-08 0.00306206518801 0.999410351103 0.9995192603
6.24749498998e-08 0.00308170920863 0.999402796773 0.999517588026
6.30561122244e-08 0.00310135322926 0.999395242442 0.999515915752
6.36372745491e-08 0.00312099724988 0.999387688112 0.999514243478
6.42184368737e-08 0.0031406130444 0.99937856229 0.999513202835
6.47995991984e-08 0.00316019974556 0.999367816692 0.99951281323
6.5380761523e-08 0.00317978644673 0.999357071094 0.999512423625
6.59619238477e-08 0.00319937314789 0.999346325496 0.99951203402
6.65430861723e-08 0.00321895984905 0.999335579898 0.999511644415
6.7124248497e-08 0.00323854655021 0.9993248343 0.99951125481
6.77054108216e-08 0.00325813325137 0.999314088702 0.999510865204
6.82865731463e-08 0.00327771995253 0.999303343103 0.999510475599
6.88677354709e-08 0.0032973066537 0.999292597505 0.999510085994
6.94488977956e-08 0.00331689335486 0.999281851907 0.999509696389
7.00300601202e-08 0.00333640063238 0.999267335278 0.999511684106
7.06112224449e-08 0.0033558830253 0.999251637128 0.999514416672
7.11923847695e-08 0.00337536541822 0.999235938979 0.999517149239
7.17735470942e-08 0.00339484781115 0.999220240829 0.999519881805
7.23547094188e-08 0.00341433020407 0.99920454268 0.999522614372
7.29358717435e-08 0.00343381259699 0.99918884453 0.999525346939
7.35170340681e-08 0.00345329498991 0.999173146381 0.999528079505
7.40981963928e-08 0.00347277738283 0.999157448231 0.999530812072
7.46793587174e-08 0.00349225977575 0.999141750082 0.999533544638
7.52605210421e-08 0.00351174216868 0.999126051932 0.999536277205
7.58416833667e-08 0.00353107079839 0.99910384795 0.999544317558
7.64228456914e-08 0.00355036133476 0.999080032212 0.999553672863
7.7004008016e-08 0.00356965187114 0.999056216474 0.999563028169
7.75851703407e-08 0.00358894240752 0.999032400736 0.999572383474
7.81663326653e-08 0.0036082329439 0.999008584998 0.99958173878
7.874749499e-08 0.00362752348028 0.998984769259 0.999591094085
7.93286573146e-08 0.00364681401665 0.998960953521 0.99960044939
7.99098196393e-08 0.00366610455303 0.998937137783 0.999609804696
8.04909819639e-08 0.00368539508941 0.998913322045 0.999619160001
8.10721442886e-08 0.00370468562579 0.998889506306 0.999628515306
8.16533066132e-08 0.00372375954219 0.998857187131 0.999645894947
8.22344689379e-08 0.00374269326585 0.998819364675 0.999668467801
8.28156312625e-08 0.0037616269895 0.99878154222 0.999691040654
8.33967935872e-08 0.00378056071315 0.998743719765 0.999713613508
8.39779559118e-08 0.0037994944368 0.998705897309 0.999736186361
8.45591182365e-08 0.00381842816045 0.998668074854 0.999758759215
8.51402805611e-08 0.00383736188411 0.998630252398 0.999781332068
8.57214428858e-08 0.00385629560776 0.998592429943 0.999803904922
8.63026052104e-08 0.00387522933141 0.998554607487 0.999826477775
8.68837675351e-08 0.00389416305506 0.998516785032 0.999849050629
8.74649298597e-08 0.00391298074725 0.998474600824 0.999876057705
8.80460921844e-08 0.00393124323265 0.998411545771 0.999924282394
8.8627254509e-08 0.00394950571806 0.998348490719 0.999972507083
8.92084168337e-08 0.00396776820346 0.998285435666 1.00002073177
8.97895791583e-08 0.00398603068886 0.998222380614 1.00006895646
9.0370741483e-08 0.00400429317427 0.998159325561 1.00011718115
9.09519038076e-08 0.00402255565967 0.998096270509 1.00016540584
9.15330661323e-08 0.00404081814507 0.998033215456 1.00021363053
9.21142284569e-08 0.00405908063048 0.997970160404 1.00026185522
9.26953907816e-08 0.00407734311588 0.997907105351 1.0003100799
9.32765531062e-08 0.00409560560129 0.997844050299 1.00035830459
9.38577154309e-08 0.00411323803122 0.99775782574 1.00043083032
9.44388777555e-08 0.00413022276844 0.997647783088 1.00052833734
9.50200400802e-08 0.00414720750567 0.997537740435 1.00062584436
9.56012024048e-08 0.00416419224289 0.997427697783 1.00072335138
9.61823647295e-08 0.00418117698012 0.997317655131 1.0008208584
9.67635270541e-08 0.00419816171734 0.997207612478 1.00091836542
9.73446893788e-08 0.00421514645457 0.997097569826 1.00101587244
9.79258517034e-08 0.00423213119179 0.996987527174 1.00111337946
9.85070140281e-08 0.00424911592901 0.996877484522 1.00121088649
9.90881763527e-08 0.00426610066624 0.996767441869 1.00130839351
9.96693386774e-08 0.00428308540346 0.996657399217 1.00140590053
1.00250501002e-07 0.00429868640945 0.996496983392 1.00155667273
1.00831663327e-07 0.00431320911875 0.996297313393 1.00174895275
1.01412825651e-07 0.00432773182805 0.996097643394 1.00194123276
1.01993987976e-07 0.00434225453735 0.995897973394 1.00213351278
1.02575150301e-07 0.00435677724665 0.995698303395 1.0023257928
1.03156312625e-07 0.00437129995595 0.995498633396 1.00251807282
1.0373747495e-07 0.00438582266525 0.995298963397 1.00271035283
1.04318637275e-07 0.00440034537455 0.995099293398 1.00290263285
1.04899799599e-07 0.00441486808385 0.994899623399 1.00309491287
1.05480961924e-07 0.00442939079315 0.9946999534 1.00328719289
1.06062124248e-07 0.00444391350245 0.994500283401 1.00347947291
1.06643286573e-07 0.00445664097176 0.994235650096 1.00374046541
1.07224448898e-07 0.00446636024218 0.993862160845 1.0041165962
1.07805611222e-07 0.00447607951261 0.993488671595 1.00449272698
1.08386773547e-07 0.00448579878303 0.993115182344 1.00486885776
1.08967935872e-07 0.00449551805346 0.992741693094 1.00524498855
1.09549098196e-07 0.00450523732389 0.992368203844 1.00562111933
1.10130260521e-07 0.00451495659431 0.991994714593 1.00599725011
1.10711422846e-07 0.00452467586474 0.991621225343 1.0063733809
1.1129258517e-07 0.00453439513516 0.991247736092 1.00674951168
1.11873747495e-07 0.00454411440559 0.990874246842 1.00712564246
1.1245490982e-07 0.00455383367602 0.990500757591 1.00750177324
1.13036072144e-07 0.00456355294644 0.990127268341 1.00787790403
1.13617234469e-07 0.00456451919683 0.989439738164 1.00858797626
1.14198396794e-07 0.00456474680847 0.9887257071 1.00932622872
1.14779559118e-07 0.00456497442011 0.988011676036 1.01006448118
1.15360721443e-07 0.00456520203175 0.987297644973 1.01080273363
1.15941883768e-07 0.00456542964339 0.986583613909 1.01154098609
1.16523046092e-07 0.00456565725503 0.985869582845 1.01227923855
1.17104208417e-07 0.00456588486668 0.985155551781 1.01301749101
1.17685370741e-07 0.00456611247832 0.984441520717 1.01375574347
1.18266533066e-07 0.00456634008996 0.983727489653 1.01449399592
1.18847695391e-07 0.0045665677016 0.98301345859 1.01523224838
1.19428857715e-07 0.00456679531324 0.982299427526 1.01597050084
1.2001002004e-07 0.00456320084734 0.981450794698 1.0168555024
1.20591182365e-07 0.00454442760767 0.980067612351 1.01832329469
1.21172344689e-07 0.004525654368 0.978684430003 1.01979108698
1.21753507014e-07 0.00450688112833 0.977301247655 1.02125887927
1.22334669339e-07 0.00448810788865 0.975918065307 1.02272667156
1.22915831663e-07 0.00446933464898 0.974534882959 1.02419446385
1.23496993988e-07 0.00445056140931 0.973151700612 1.02566225615
1.24078156313e-07 0.00443178816963 0.971768518264 1.02713004844
1.24659318637e-07 0.00441301492996 0.970385335916 1.02859784073
1.25240480962e-07 0.00439424169029 0.969002153568 1.03006563302
1.25821643287e-07 0.00437546845061 0.96761897122 1.03153342531
1.26402805611e-07 0.00435669521094 0.966235788873 1.0330012176
1.26983967936e-07 0.00433004654203 0.964586245511 1.03477972591
1.27565130261e-07 0.0042727283326 0.961899403779 1.03776826575
1.28146292585e-07 0.00421541012318 0.959212562047 1.04075680558
1.2872745491e-07 0.00415809191376 0.956525720315 1.04374534541
1.29308617234e-07 0.00410077370433 0.953838878583 1.04673388524
1.29889779559e-07 0.00404345549491 0.951152036851 1.04972242507
1.30470941884e-07 0.00398613728549 0.948465195119 1.0527109649
1.31052104208e-07 0.00392881907606 0.945778353387 1.05569950473
1.31633266533e-07 0.00387150086664 0.943091511655 1.05868804456
1.32214428858e-07 0.00381418265722 0.940404669923 1.06167658439
1.32795591182e-07 0.0037568644478 0.937717828192 1.06466512422
1.33376753507e-07 0.00369954623837 0.93503098646 1.06765366405
1.33957915832e-07 0.00364222802895 0.932344144728 1.07064220388
1.34539078156e-07 0.00351156281368 0.927379727976 1.07673298116
1.35120240481e-07 0.00337496641242 0.92223113573 1.08307462003
1.35701402806e-07 0.00323837001116 0.917082543485 1.08941625891
1.3628256513e-07 0.0031017736099 0.911933951239 1.09575789778
1.36863727455e-07 0.00296517720864 0.906785358993 1.10209953666
1.3744488978e-07 0.00282858080738 0.901636766747 1.10844117553
1.38026052104e-07 0.00269198440611 0.896488174502 1.11478281441
1.38607214429e-07 0.00255538800485 0.891339582256 1.12112445328
1.39188376754e-07 0.00241879160359 0.88619099001 1.12746609216
1.39769539078e-07 0.00228219520233 0.881042397764 1.13380773103
1.40350701403e-07 0.00214559880107 0.875893805518 1.14014936991
1.40931863727e-07 0.00200900239981 0.870745213273 1.14649100878
1.41513026052e-07 0.00181326323448 0.863945291293 1.15555416891
1.42094188377e-07 0.0015110526954 0.854172573775 1.16951672985
1.42675350701e-07 0.00120884215632 0.844399856256 1.18347929078
1.43256513026e-07 0.000906631617238 0.834627138737 1.19744185172
1.43837675351e-07 0.000604421078159 0.824854421218 1.21140441265
1.44418837675e-07 0.000302210539079 0.8150817037 1.22536697359
1.45e-07 0 0.805308986181 1.23932953452
