-1.45e-07 0.014734972518 1.28227915978 0.777125483547
-1.44418837675e-07 0.014357405683 1.26373167684 0.788581760261
-1.43837675351e-07 0.0139999836595 1.24635871715 0.799533058484
-1.43256513026e-07 0.0136673385544 1.23045873356 0.809884725572
-1.42675350701e-07 0.0133540184736 1.21567299942 0.819750574747
-1.42094188377e-07 0.0130566623279 1.20179133971 0.829206087429
-1.41513026052e-07 0.0127741183611 1.18873804718 0.838275069756
-1.40931863727e-07 0.0125133440361 1.17687072094 0.8467578037
-1.40350701403e-07 0.0122657572424 1.16570326234 0.854874218259
-1.39769539078e-07 0.0120296950919 1.1551428472 0.862667632431
-1.39188376754e-07 0.0118099796604 1.14542875714 0.869993658706
-1.38607214429e-07 0.0116032594611 1.13637195657 0.876937993463
-1.38026052104e-07 0.0114053598118 1.12775776806 0.883620867695
-1.3744488978e-07 0.0112216364507 1.11984503554 0.889876819979
-1.36863727455e-07 0.0110482099546 1.1124314094 0.895815401218
-1.3628256513e-07 0.010881441103 1.10533980246 0.901548282346
-1.35701402806e-07 0.010729014758 1.09893011451 0.906829490697
-1.35120240481e-07 0.0105825553429 1.09279905838 0.911919014744
-1.34539078156e-07 0.0104441356136 1.08704342349 0.916750268358
-1.33957915832e-07 0.0103156372009 1.08174335885 0.921256898125
-1.33376753507e-07 0.0101909619502 1.076618301 0.925638005468
-1.32795591182e-07 0.0100775122649 1.07200071916 0.92964554377
-1.32214428858e-07 0.00996764079175 1.06754257446 0.933532135812
-1.31633266533e-07 0.00986525112006 1.06341780211 0.937165837342
-1.31052104208e-07 0.00976837623158 1.05953549068 0.94061045016
-1.30470941884e-07 0.00967616077969 1.0558580343 0.943895302055
-1.29889779559e-07 0.00959065453769 1.05247193582 0.946947076492
-1.29308617234e-07 0.00950777529161 1.04919991873 0.949907589285
-1.2872745491e-07 0.00943217938317 1.04624062335 0.952612028514
-1.28146292585e-07 0.0093578456089 1.04333551971 0.955272092595
-1.27565130261e-07 0.00929086124585 1.04074270738 0.957670917923
-1.26983967936e-07 0.00922432882827 1.03816909912 0.960053678608
-1.26402805611e-07 0.00916480628408 1.03589053172 0.962184774809
-1.25821643287e-07 0.00910537690935 1.03361588577 0.964312526094
-1.25240480962e-07 0.00905230480713 1.03160649844 0.966209966313
-1.24659318637e-07 0.00899932499512 1.02960096194 0.968104063044
-1.24078156313e-07 0.00895181946319 1.02782204202 0.96979820248
-1.23496993988e-07 0.00890467945842 1.02605825368 0.971478990422
-1.22915831663e-07 0.0088619732696 1.02447669748 0.972996617606
-1.22334669339e-07 0.00882010580055 1.0229296131 0.974483380596
-1.21753507014e-07 0.00878153760866 1.0215172521 0.975847915025
-1.21172344689e-07 0.00874441652689 1.0201639827 0.97715883826
-1.20591182365e-07 0.00870942030904 1.01889697228 0.978390563462
-1.2001002004e-07 0.00867655912058 1.0177166335 0.979542711741
-1.19428857715e-07 0.0086446539264 1.01657489833 0.980659033385
-1.18847695391e-07 0.00861560422872 1.01554846978 0.981668343059
-1.18266533066e-07 0.00858655453103 1.01452204122 0.982677652732
-1.17685370741e-07 0.0085607341675 1.01362539459 0.983565345809
-1.17104208417e-07 0.0085350840062 1.01273558811 0.984446629076
-1.16523046092e-07 0.00851123184252 1.01191773103 0.985259900817
-1.15941883768e-07 0.00848860400235 1.01114886696 0.986026860977
-1.15360721443e-07 0.00846647016852 1.01039969514 0.986775060576
-1.14779559118e-07 0.00844652041333 1.00973758577 0.987440316824
-1.14198396794e-07 0.00842657065815 1.00907547641 0.988105573071
-1.13617234469e-07 0.00840831733704 1.00848075652 0.988706174967
-1.13036072144e-07 0.00839073261361 1.00791259613 0.989281295324
-1.1245490982e-07 0.00837354767439 1.00736026722 0.989841130097
-1.11873747495e-07 0.00835804429456 1.00687452812 0.99033667114
-1.1129258517e-07 0.00834254091472 1.00638878903 0.990832212183
-1.10711422846e-07 0.00832814623169 1.00594683012 0.991285239106
-1.10130260521e-07 0.00831446804709 1.00553316427 0.991710791159
-1.09549098196e-07 0.00830078986249 1.00511949842 0.992136343213
-1.08967935872e-07 0.00828864581424 1.00476625623 0.99250291095
-1.08386773547e-07 0.00827656239721 1.00441540207 0.992867147544
-1.07805611222e-07 0.00826483197573 1.00407841803 0.993217779027
-1.07224448898e-07 0.00825413681924 1.00378211225 0.993528509455
-1.06643286573e-07 0.00824344166274 1.00348580648 0.993839239882
-1.06062124248e-07 0.0082333278086 1.00321229102 0.994127514776
-1.05480961924e-07 0.00822383655717 1.00296318509 0.994391738715
-1.04899799599e-07 0.00821434530573 1.00271407916 0.994655962655
-1.04318637275e-07 0.00820552609429 1.0024912656 0.9948941698
-1.0373747495e-07 0.00819707481694 1.00228284679 0.995118133053
-1.03156312625e-07 0.00818862353958 1.00207442798 0.995342096305
-1.02575150301e-07 0.00818083693234 1.00189196012 0.995540274214
-1.01993987976e-07 0.00817328044739 1.00171847699 0.995729524713
-1.01412825651e-07 0.00816572396245 1.00154499387 0.995918775212
-1.00831663327e-07 0.00815875872472 1.00139454803 0.996085041041
-1.00250501002e-07 0.00815196898517 1.00125094027 0.996244484397
-9.96693386774e-08 0.00814517924563 1.00110733252 0.996403927753
-9.90881763527e-08 0.00813886679355 1.00098228281 0.996544777149
-9.85070140281e-08 0.00813273134043 1.00086411523 0.996678731094
-9.79258517034e-08 0.0081265958873 1.00074594766 0.99681268504
-9.73446893788e-08 0.00812080304527 1.00064107203 0.996933261769
-9.67635270541e-08 0.0081152235352 1.00054447284 0.997045508973
-9.61823647295e-08 0.00810964402513 1.00044787364 0.997157756177
-9.56012024048e-08 0.00810426666203 1.00035909789 0.997262091353
-9.50200400802e-08 0.00809915747399 1.00028070098 0.997355930161
-9.44388777555e-08 0.00809404828595 1.00020230408 0.997449768969
-9.38577154309e-08 0.00808900578747 1.0001264811 0.997540990444
-9.32765531062e-08 0.00808429271231 1.00006337244 0.997619283198
-9.26953907816e-08 0.00807957963715 1.00000026378 0.997697575953
-9.21142284569e-08 0.008074866562 0.999937155125 0.997775868707
-9.15330661323e-08 0.00807042917814 0.999884653202 0.997843307761
-9.09519038076e-08 0.00806604819342 0.999834321135 0.997908526435
-9.0370741483e-08 0.00806166720869 0.999783989068 0.99797374511
-8.97895791583e-08 0.00805740079144 0.99973804822 0.998034436869
-8.92084168337e-08 0.00805329692279 0.999698337642 0.99808870583
-8.8627254509e-08 0.00804919305414 0.999658627065 0.99814297479
-8.80460921844e-08 0.00804508918549 0.999618916488 0.998197243751
-8.74649298597e-08 0.00804119618923 0.999587251709 0.998243144088
-8.68837675351e-08 0.00803732245859 0.999556322007 0.998288279856
-8.63026052104e-08 0.00803344872795 0.999525392304 0.998333415624
-8.57214428858e-08 0.00802963906379 0.99949689345 0.998375995407
-8.51402805611e-08 0.00802595552362 0.999473180067 0.998413543372
-8.45591182365e-08 0.00802227198346 0.999449466685 0.998451091336
-8.39779559118e-08 0.00801858844329 0.999425753302 0.998488639301
-8.33967935872e-08 0.00801501018531 0.999406006984 0.998521959677
-8.28156312625e-08 0.00801148303713 0.999388186498 0.998553227749
-8.22344689379e-08 0.00800795588896 0.999370366012 0.99858449582
-8.16533066132e-08 0.00800442874078 0.999352545526 0.998615763892
-8.10721442886e-08 0.00800101972552 0.999339137632 0.998642250227
-8.04909819639e-08 0.00799762052034 0.999326096172 0.998668339474
-7.99098196393e-08 0.00799422131517 0.999313054713 0.99869442872
-7.93286573146e-08 0.00799083098296 0.999300341023 0.998720155208
-7.874749499e-08 0.00798753590039 0.999291145878 0.998741987556
-7.81663326653e-08 0.00798424081781 0.999281950733 0.998763819903
-7.75851703407e-08 0.00798094573523 0.999272755588 0.998785652251
-7.7004008016e-08 0.007977663868 0.999264041701 0.998806937508
-7.64228456914e-08 0.00797445307026 0.999257915929 0.998825280618
-7.58416833667e-08 0.00797124227251 0.999251790157 0.998843623729
-7.52605210421e-08 0.00796803147476 0.999245664385 0.998861966839
-7.46793587174e-08 0.00796482990059 0.999239868333 0.998879922049
-7.40981963928e-08 0.00796168695741 0.999236168196 0.998895411511
-7.35170340681e-08 0.00795854401423 0.999232468059 0.998910900973
-7.29358717435e-08 0.00795540107104 0.999228767923 0.998926390436
-7.23547094188e-08 0.00795225923899 0.99922510655 0.99894183223
-7.17735470942e-08 0.00794917061869 0.999223301571 0.998954991224
-7.11923847695e-08 0.00794608199839 0.999221496593 0.998968150218
-7.06112224449e-08 0.0079429933781 0.999219691614 0.998981309212
-7.00300601202e-08 0.0079399047578 0.999217886636 0.998994468206
-6.94488977956e-08 0.00793685108321 0.999217261881 0.999006089812
-6.88677354709e-08 0.0079338057053 0.999216917332 0.999017346416
-6.82865731463e-08 0.0079307603274 0.999216572782 0.999028603019
-6.77054108216e-08 0.0079277149495 0.999216228233 0.999039859623
-6.7124248497e-08 0.00792468656968 0.999216433109 0.99905034422
-6.65430861723e-08 0.00792167541407 0.999217194718 0.99906004654
-6.59619238477e-08 0.00791866425845 0.999217956327 0.999069748859
-6.5380761523e-08 0.00791565310284 0.999218717936 0.999079451179
-6.47995991984e-08 0.00791264420354 0.999219548189 0.999089046815
-6.42184368737e-08 0.00790965997141 0.99922112889 0.999097476123
-6.36372745491e-08 0.00790667573928 0.999222709591 0.999105905432
-6.30561122244e-08 0.00790369150715 0.999224290291 0.99911433474
-6.24749498998e-08 0.00790070727502 0.999225870992 0.999122764048
-6.18937875752e-08 0.00789773498187 0.999227785019 0.999130599493
-6.13126252505e-08 0.00789477180342 0.999229953522 0.999137981557
-6.07314629259e-08 0.00789180862496 0.999232122025 0.999145363621
-6.01503006012e-08 0.0078888454465 0.999234290528 0.999152745685
-5.95691382766e-08 0.00788588226805 0.999236459031 0.999160127749
-5.89879759519e-08 0.00788293453687 0.99923900753 0.99916669105
-5.84068136273e-08 0.00787998772104 0.999241578545 0.999173205834
-5.78256513026e-08 0.0078770409052 0.999244149561 0.999179720618
-5.7244488978e-08 0.00787409408937 0.999246720577 0.999186235402
-5.66633266533e-08 0.00787114995599 0.999249345699 0.999192596325
-5.60821643287e-08 0.00786821577773 0.999252171622 0.999198386239
-5.5501002004e-08 0.00786528159947 0.999254997546 0.999204176153
-5.49198396794e-08 0.00786234742121 0.999257823469 0.999209966067
-5.43386773547e-08 0.00785941324295 0.999260649393 0.999215755981
-5.37575150301e-08 0.00785648264471 0.999263526242 0.999221319608
-5.31763527054e-08 0.00785355816533 0.999266490132 0.999226496473
-5.25951903808e-08 0.00785063368595 0.999269454023 0.999231673337
-5.20140280561e-08 0.00784770920657 0.999272417913 0.999236850202
-5.14328657315e-08 0.00784478472719 0.999275381803 0.999242027067
-5.08517034068e-08 0.007841863295 0.999278364564 0.999246987222
-5.02705410822e-08 0.00783894621156 0.999281374255 0.999251638106
-4.96893787575e-08 0.00783602912812 0.999284383945 0.99925628899
-4.91082164329e-08 0.00783311204468 0.999287393636 0.999260939874
-4.85270541082e-08 0.00783019496124 0.999290403327 0.999265590758
-4.79458917836e-08 0.00782727977319 0.999293404055 0.999270086447
-4.73647294589e-08 0.00782436829317 0.999296387251 0.999274278521
-4.67835671343e-08 0.00782145681316 0.999299370447 0.999278470596
-4.62024048096e-08 0.00781854533314 0.999302353643 0.99928266267
-4.5621242485e-08 0.00781563385313 0.999305336839 0.999286854744
-4.50400801603e-08 0.00781272298517 0.999308307994 0.999290987681
-4.44589178357e-08 0.00780981572292 0.999311208214 0.999294772227
-4.3877755511e-08 0.00780690846067 0.999314108434 0.999298556773
-4.32965931864e-08 0.00780400119842 0.999317008654 0.999302341319
-4.27154308617e-08 0.00780109393618 0.999319908874 0.999306125865
-4.21342685371e-08 0.00779818667393 0.999322809094 0.999309910411
-4.15531062124e-08 0.00779528202883 0.999325603956 0.999313388892
-4.09719438878e-08 0.00779237792065 0.999328377204 0.999316804583
-4.03907815631e-08 0.00778947381247 0.999331150451 0.999320220274
-3.98096192385e-08 0.00778656970429 0.999333923699 0.999323635965
-3.92284569138e-08 0.00778366559611 0.999336696946 0.999327051656
-3.86472945892e-08 0.00778076240025 0.99933940743 0.999330334919
-3.80661322645e-08 0.00777786063526 0.999342019476 0.999333410485
-3.74849699399e-08 0.00777495887027 0.999344631522 0.999336486052
-3.69038076152e-08 0.00777205710529 0.999347243569 0.999339561618
-3.63226452906e-08 0.0077691553403 0.999349855615 0.999342637185
-3.57414829659e-08 0.00776625357531 0.999352467662 0.999345712751
-3.51603206413e-08 0.00776335322995 0.999354925489 0.999348526291
-3.45791583166e-08 0.0077604531943 0.999357349673 0.999351282668
-3.3997995992e-08 0.00775755315864 0.999359773857 0.999354039045
-3.34168336673e-08 0.00775465312299 0.999362198041 0.999356795422
-3.28356713427e-08 0.00775175308733 0.999364622226 0.9993595518
-3.2254509018e-08 0.00774885320564 0.999367021061 0.999362271217
-3.16733466934e-08 0.00774595443773 0.99936923652 0.999364723258
-3.10921843687e-08 0.00774305566982 0.999371451978 0.999367175299
-3.05110220441e-08 0.00774015690191 0.999373667437 0.99936962734
-2.99298597194e-08 0.00773725813399 0.999375882895 0.999372079381
-2.93486973948e-08 0.00773435936608 0.999378098354 0.999374531422
-2.87675350701e-08 0.00773146086381 0.999380248983 0.999376898771
-2.81863727455e-08 0.00772856301872 0.999382239232 0.999379056602
-2.76052104208e-08 0.00772566517363 0.999384229482 0.999381214433
-2.70240480962e-08 0.00772276732854 0.999386219731 0.999383372265
-2.64428857715e-08 0.00771986948345 0.99938820998 0.999385530096
-2.58617234469e-08 0.00771697163836 0.999390200229 0.999387687927
-2.52805611222e-08 0.00771407400454 0.999392114891 0.999389754539
-2.46993987976e-08 0.00771117682589 0.9993938667 0.99939162462
-2.41182364729e-08 0.00770827964725 0.999395618509 0.999393494702
-2.35370741483e-08 0.0077053824686 0.999397370318 0.999395364784
-2.29559118236e-08 0.00770248528995 0.999399122126 0.999397234866
-2.2374749499e-08 0.0076995881113 0.999400873935 0.999399104948
-2.17935871743e-08 0.00769669103065 0.999402574471 0.999400916597
-2.12124248497e-08 0.00769379432851 0.999404076964 0.999402502549
-2.0631262525e-08 0.00769089762637 0.999405579456 0.999404088501
-2.00501002004e-08 0.00768800092423 0.999407081949 0.999405674453
-1.94689378758e-08 0.00768510422209 0.999408584442 0.999407260405
-1.88877755511e-08 0.00768220751995 0.999410086935 0.999408846358
-1.83066132265e-08 0.00767931081781 0.999411589427 0.99941043231
-1.77254509018e-08 0.00767641443477 0.999412846169 0.999411749539
-1.71442885772e-08 0.00767351806835 0.999414090112 0.999413052773
-1.65631262525e-08 0.00767062170193 0.999415334054 0.999414356006
-1.59819639279e-08 0.00766772533551 0.999416577996 0.99941565924
-1.54008016032e-08 0.00766482896909 0.999417821939 0.999416962473
-1.48196392786e-08 0.00766193260267 0.999419065881 0.999418265707
-1.42384769539e-08 0.0076590363626 0.999420163626 0.999419413798
-1.36573146293e-08 0.00765614022667 0.999421140855 0.999420434
-1.30761523046e-08 0.00765324409074 0.999422118083 0.999421454202
-1.249498998e-08 0.00765034795481 0.999423095312 0.999422474404
-1.19138276553e-08 0.00764745181888 0.999424072541 0.999423494606
-1.13326653307e-08 0.00764455568295 0.99942504977 0.999424514809
-1.0751503006e-08 0.00764165954702 0.999426026999 0.999425535011
-1.01703406814e-08 0.00763876356038 0.999426731284 0.999426271902
-9.58917835671e-09 0.00763586757446 0.999427434238 0.999427007409
-9.00801603206e-09 0.00763297158855 0.999428137191 0.999427742917
-8.42685370741e-09 0.00763007560263 0.999428840144 0.999428478425
-7.84569138277e-09 0.00762717961672 0.999429543097 0.999429213933
-7.26452905812e-09 0.00762428363081 0.999430246051 0.999429949441
-6.68336673347e-09 0.00762138766948 0.99943086791 0.999430602191
-6.10220440882e-09 0.00761849176893 0.99943128923 0.999431050285
-5.52104208417e-09 0.00761559586839 0.99943171055 0.999431498379
-4.93987975952e-09 0.00761269996785 0.999432131869 0.999431946472
-4.35871743487e-09 0.00760980406731 0.999432553189 0.999432394566
-3.77755511022e-09 0.00760690816677 0.999432974509 0.99943284266
-3.19639278557e-09 0.00760401226623 0.999433395828 0.999433290754
-2.61523046092e-09 0.0076011163778 0.999433694862 0.999433615807
-2.03406813627e-09 0.0075982205059 0.999433827028 0.999433772962
-1.45290581162e-09 0.00759532463401 0.999433959195 0.999433930117
-8.71743486974e-10 0.00759242876211 0.999434091361 0.999434087271
-2.90581162324e-10 0.00758953289021 0.999434223527 0.999434244426
2.90581162325e-10 0.00758663701831 0.999434355693 0.999434401581
8.71743486974e-10 0.00758374114641 0.999434487859 0.999434558736
1.45290581162e-09 0.00758084526337 0.999434502232 0.999434598961
2.03406813627e-09 0.00757794936336 0.999434337194 0.999434461093
2.61523046092e-09 0.00757505346335 0.999434172155 0.999434323224
3.19639278557e-09 0.00757215756333 0.999434007117 0.999434185356
3.77755511022e-09 0.00756926166332 0.999433842078 0.999434047487
4.35871743487e-09 0.0075663657633 0.99943367704 0.999433909618
4.93987975952e-09 0.00756346986329 0.999433512002 0.99943377175
5.52104208417e-09 0.00756057394402 0.999433284365 0.999433572682
6.10220440882e-09 0.00755767794981 0.999432813112 0.999433135441
6.68336673347e-09 0.00755478195561 0.999432341858 0.999432698199
7.26452905812e-09 0.0075518859614 0.999431870604 0.999432260958
7.84569138277e-09 0.00754898996719 0.999431399351 0.999431823717
8.42685370742e-09 0.00754609397299 0.999430928097 0.999431386475
9.00801603206e-09 0.00754319797878 0.999430456844 0.999430949234
9.58917835671e-09 0.00754030198457 0.99942998559 0.999430511993
1.01703406814e-08 0.00753740583672 0.99942924723 0.999429818758
1.0751503006e-08 0.00753450966031 0.999428459229 0.999429077947
1.13326653307e-08 0.0075316134839 0.999427671228 0.999428337135
1.19138276553e-08 0.0075287173075 0.999426883226 0.999427596324
1.249498998e-08 0.00752582113109 0.999426095225 0.999426855513
1.30761523046e-08 0.00752292495468 0.999425307224 0.999426114702
1.36573146293e-08 0.00752002877827 0.999424519222 0.999425373891
1.42384769539e-08 0.00751713250573 0.999423629396 0.999424538258
1.48196392786e-08 0.00751423601814 0.999422511774 0.999423490494
1.54008016032e-08 0.00751133953055 0.999421394152 0.999422442731
1.59819639279e-08 0.00750844304296 0.999420276529 0.999421394968
1.65631262525e-08 0.00750554655537 0.999419158907 0.999420347205
1.71442885772e-08 0.00750265006778 0.999418041285 0.999419299441
1.77254509018e-08 0.00749975358018 0.999416923663 0.999418251678
1.83066132265e-08 0.00749685709259 0.999415806041 0.999417203915
1.88877755511e-08 0.00749396029927 0.999414481698 0.999415971952
1.94689378758e-08 0.00749106329979 0.999413017962 0.999414615783
2.00501002004e-08 0.0074881663003 0.999411554226 0.999413259614
2.06312625251e-08 0.00748526930082 0.99941009049 0.999411903445
2.12124248497e-08 0.00748237230134 0.999408626753 0.999410547276
2.17935871743e-08 0.00747947530186 0.999407163017 0.999409191107
2.2374749499e-08 0.00747657830238 0.999405699281 0.999407834937
2.29559118236e-08 0.0074736813029 0.999404235545 0.999406478768
2.35370741483e-08 0.00747078371484 0.999402512457 0.999404907122
2.41182364729e-08 0.00746788587948 0.999400680399 0.99940324494
2.46993987976e-08 0.00746498804413 0.999398848341 0.999401582758
2.52805611222e-08 0.00746209020878 0.999397016283 0.999399920576
2.58617234469e-08 0.00745919237342 0.999395184225 0.999398258395
2.64428857715e-08 0.00745629453807 0.999393352167 0.999396596213
2.70240480962e-08 0.00745339670271 0.999391520109 0.999394934031
2.76052104208e-08 0.00745049886736 0.999389688051 0.999393271849
2.81863727455e-08 0.00744760017432 0.999387606011 0.999391424318
2.87675350701e-08 0.00744470096734 0.999385374172 0.999389465719
2.93486973948e-08 0.00744180176035 0.999383142332 0.999387507119
2.99298597194e-08 0.00743890255336 0.999380910493 0.999385548519
3.05110220441e-08 0.00743600334638 0.999378678654 0.99938358992
3.10921843687e-08 0.00743310413939 0.999376446814 0.99938163132
3.16733466934e-08 0.0074302049324 0.999374214975 0.99937967272
3.2254509018e-08 0.00742730572541 0.999371983136 0.999377714121
3.28356713427e-08 0.00742440570827 0.999369592155 0.999375657988
3.34168336673e-08 0.00742150422774 0.999366913719 0.999373425685
3.3997995992e-08 0.00741860274721 0.999364235283 0.999371193383
3.45791583166e-08 0.00741570126669 0.999361556847 0.99936896108
3.51603206413e-08 0.00741279978616 0.999358878411 0.999366728777
3.57414829659e-08 0.00740989830564 0.999356199975 0.999364496474
3.63226452906e-08 0.00740699682511 0.999353521539 0.999362264171
3.69038076152e-08 0.00740409534459 0.999350843103 0.999360031868
3.74849699399e-08 0.00740119386406 0.999348164667 0.999357799565
3.80661322645e-08 0.00739828897787 0.999345022426 0.999355364299
3.86472945892e-08 0.0073953836828 0.999341824502 0.999352904667
3.92284569138e-08 0.00739247838774 0.999338626579 0.999350445035
3.98096192385e-08 0.00738957309268 0.999335428655 0.999347985403
4.03907815631e-08 0.00738666779762 0.999332230732 0.99934552577
4.09719438878e-08 0.00738376250256 0.999329032808 0.999343066138
4.15531062124e-08 0.0073808572075 0.999325834885 0.999340606506
4.21342685371e-08 0.00737795191244 0.999322636961 0.999338146874
4.27154308617e-08 0.00737504512543 0.999319292318 0.999335655403
4.32965931864e-08 0.00737213334726 0.999315456839 0.99933305742
4.3877755511e-08 0.00736922156909 0.999311621359 0.999330459437
4.44589178357e-08 0.00736630979091 0.999307785879 0.999327861455
4.50400801603e-08 0.00736339801274 0.999303950399 0.999325263472
4.5621242485e-08 0.00736048623457 0.99930011492 0.999322665489
4.62024048096e-08 0.00735757445639 0.99929627944 0.999320067506
4.67835671343e-08 0.00735466267822 0.99929244396 0.999317469523
4.73647294589e-08 0.00735175090005 0.99928860848 0.99931487154
4.79458917836e-08 0.00734883506264 0.999284469281 0.999312283606
4.85270541082e-08 0.00734591212046 0.999279798491 0.999309713259
4.91082164329e-08 0.00734298917829 0.999275127701 0.999307142911
4.96893787575e-08 0.00734006623612 0.999270456911 0.999304572564
5.02705410822e-08 0.00733714329395 0.999265786121 0.999302002217
5.08517034068e-08 0.00733422035178 0.999261115331 0.99929943187
5.14328657315e-08 0.00733129740961 0.999256444541 0.999296861522
5.20140280561e-08 0.00732837446743 0.999251773751 0.999294291175
5.25951903808e-08 0.00732545152526 0.999247102961 0.999291720828
5.31763527054e-08 0.00732252296473 0.999242093004 0.999289246756
5.37575150301e-08 0.00731958054381 0.999236246325 0.999287010192
5.43386773547e-08 0.00731663812288 0.999230399645 0.999284773628
5.49198396794e-08 0.00731369570195 0.999224552966 0.999282537064
5.5501002004e-08 0.00731075328103 0.999218706287 0.9992803005
5.60821643287e-08 0.0073078108601 0.999212859608 0.999278063936
5.66633266533e-08 0.00730486843917 0.999207012929 0.999275827372
5.7244488978e-08 0.00730192601825 0.999201166249 0.999273590808
5.78256513026e-08 0.00729898359732 0.99919531957 0.999271354244
5.84068136273e-08 0.00729604117639 0.999189472891 0.99926911768
5.89879759519e-08 0.0072930643296 0.999181850413 0.999267778226
5.95691382766e-08 0.00729008747321 0.99917422744 0.999266439022
6.01503006012e-08 0.00728711061683 0.999166604467 0.999265099818
6.07314629259e-08 0.00728413376044 0.999158981494 0.999263760614
6.13126252505e-08 0.00728115690406 0.999151358521 0.99926242141
6.18937875752e-08 0.00727818004767 0.999143735548 0.999261082206
6.24749498998e-08 0.00727520319129 0.999136112575 0.999259743002
6.30561122244e-08 0.0072722263349 0.999128489602 0.999258403798
6.36372745491e-08 0.00726924947852 0.999120866629 0.999257064594
6.42184368737e-08 0.00726624224717 0.999111837229 0.999256680092
6.47995991984e-08 0.00726320370758 0.999101358189 0.999257279625
6.5380761523e-08 0.00726016516799 0.999090879148 0.999257879158
6.59619238477e-08 0.0072571266284 0.999080400108 0.99925847869
6.65430861723e-08 0.00725408808881 0.999069921068 0.999259078223
6.7124248497e-08 0.00725104954922 0.999059442028 0.999259677756
6.77054108216e-08 0.00724801100963 0.999048962988 0.999260277289
6.82865731463e-08 0.00724497247004 0.999038483947 0.999260876822
6.88677354709e-08 0.00724193393045 0.999028004907 0.999261476355
6.94488977956e-08 0.00723889539086 0.999017525867 0.999262075888
7.00300601202e-08 0.00723577159794 0.999003367306 0.99926562767
7.06112224449e-08 0.00723262109388 0.998988055897 0.999270104436
7.11923847695e-08 0.00722947058983 0.998972744488 0.999274581202
7.17735470942e-08 0.00722632008578 0.998957433079 0.999279057968
7.23547094188e-08 0.00722316958172 0.998942121669 0.999283534734
7.29358717435e-08 0.00722001907767 0.99892681026 0.9992880115
7.35170340681e-08 0.00721686857362 0.998911498851 0.999292488266
7.40981963928e-08 0.00721371806956 0.998896187442 0.999296965032
7.46793587174e-08 0.00721056756551 0.998880876033 0.999301441798
7.52605210421e-08 0.00720741706146 0.998865564623 0.999305918564
7.58416833667e-08 0.00720410148287 0.998843434581 0.999316423134
7.64228456914e-08 0.00720074500867 0.998819615288 0.999328421034
7.7004008016e-08 0.00719738853448 0.998795795995 0.999340418933
7.75851703407e-08 0.00719403206028 0.998771976703 0.999352416833
7.81663326653e-08 0.00719067558609 0.99874815741 0.999364414733
7.874749499e-08 0.0071873191119 0.998724338118 0.999376412632
7.93286573146e-08 0.0071839626377 0.998700518825 0.999388410532
7.99098196393e-08 0.00718060616351 0.998676699532 0.999400408431
8.04909819639e-08 0.00717724968931 0.99865288024 0.999412406331
8.10721442886e-08 0.00717389321512 0.998629060947 0.999424404231
8.16533066132e-08 0.00717030356951 0.998595864116 0.99944517456
8.22344689379e-08 0.00716656301933 0.998556598303 0.999471622256
8.28156312625e-08 0.00716282246916 0.998517332489 0.999498069952
8.33967935872e-08 0.00715908191899 0.998478066676 0.999524517648
8.39779559118e-08 0.00715534136881 0.998438800863 0.999550965344
8.45591182365e-08 0.00715160081864 0.998399535049 0.99957741304
8.51402805611e-08 0.00714786026846 0.998360269236 0.999603860736
8.57214428858e-08 0.00714411971829 0.998321003422 0.999630308433
8.63026052104e-08 0.00714037916811 0.998281737609 0.999656756129
8.68837675351e-08 0.00713663861794 0.998242471796 0.999683203825
8.74649298597e-08 0.0071327725482 0.998198239199 0.999714456056
8.80460921844e-08 0.0071283058714 0.99813024071 0.999768697834
8.8627254509e-08 0.0071238391946 0.99806224222 0.999822939611
8.92084168337e-08 0.0071193725178 0.997994243731 0.999877181389
8.97895791583e-08 0.007114905841 0.997926245241 0.999931423166
9.0370741483e-08 0.0071104391642 0.997858246752 0.999985664944
9.09519038076e-08 0.0071059724874 0.997790248262 1.00003990672
9.15330661323e-08 0.00710150581061 0.997722249773 1.0000941485
9.21142284569e-08 0.00709703913381 0.997654251283 1.00014839028
9.26953907816e-08 0.00709257245701 0.997586252794 1.00020263205
9.32765531062e-08 0.00708810578021 0.997518254304 1.00025687383
9.38577154309e-08 0.00708295262179 0.997423372585 1.00033767352
9.44388777555e-08 0.00707709376498 0.997300855091 1.00044577455
9.50200400802e-08 0.00707123490816 0.997178337597 1.00055387558
9.56012024048e-08 0.00706537605134 0.997055820103 1.00066197661
9.61823647295e-08 0.00705951719453 0.996933302609 1.00077007765
9.67635270541e-08 0.00705365833771 0.996810785114 1.00087817868
9.73446893788e-08 0.0070477994809 0.99668826762 1.00098627971
9.79258517034e-08 0.00704194062408 0.996565750126 1.00109438074
9.85070140281e-08 0.00703608176726 0.996443232632 1.00120248177
9.90881763527e-08 0.00703022291045 0.996320715138 1.00131058281
9.96693386774e-08 0.00702436405363 0.996198197643 1.00141868384
1.00250501002e-07 0.00701698345948 0.996016557174 1.00158612182
1.00831663327e-07 0.00700841702498 0.995788844095 1.00179979915
1.01412825651e-07 0.00699985059048 0.995561131016 1.00201347648
1.01993987976e-07 0.00699128415598 0.995333417938 1.00222715381
1.02575150301e-07 0.00698271772148 0.995105704859 1.00244083114
1.03156312625e-07 0.00697415128698 0.99487799178 1.00265450847
1.0373747495e-07 0.00696558485248 0.994650278701 1.0028681858
1.04318637275e-07 0.00695701841798 0.994422565623 1.00308186313
1.04899799599e-07 0.00694845198348 0.994194852544 1.00329554046
1.05480961924e-07 0.00693988554898 0.993967139465 1.00350921779
1.06062124248e-07 0.00693131911448 0.993739426386 1.00372289512
1.06643286573e-07 0.00692075575658 0.993434779545 1.00401508395
1.07224448898e-07 0.00690684624844 0.99300121843 1.00443883078
1.07805611222e-07 0.0068929367403 0.992567657316 1.00486257762
1.08386773547e-07 0.00687902723215 0.992134096201 1.00528632446
1.08967935872e-07 0.00686511772401 0.991700535087 1.0057100713
1.09549098196e-07 0.00685120821587 0.991266973973 1.00613381813
1.10130260521e-07 0.00683729870773 0.990833412858 1.00655756497
1.10711422846e-07 0.00682338919959 0.990399851744 1.00698131181
1.1129258517e-07 0.00680947969144 0.989966290629 1.00740505864
1.11873747495e-07 0.0067955701833 0.989532729515 1.00782880548
1.1245490982e-07 0.00678166067516 0.9890991684 1.00825255232
1.13036072144e-07 0.00676775116702 0.988665607286 1.00867629916
1.13617234469e-07 0.00674397268233 0.987856637882 1.00949291748
1.14198396794e-07 0.00671936138697 0.987015989001 1.01034268895
1.14779559118e-07 0.00669475009162 0.98617534012 1.01119246042
1.15360721443e-07 0.00667013879627 0.985334691238 1.01204223189
1.15941883768e-07 0.00664552750092 0.984494042357 1.01289200335
1.16523046092e-07 0.00662091620556 0.983653393475 1.01374177482
1.17104208417e-07 0.00659630491021 0.982812744594 1.01459154629
1.17685370741e-07 0.00657169361486 0.981972095712 1.01544131776
1.18266533066e-07 0.00654708231951 0.981131446831 1.01629108923
1.18847695391e-07 0.00652247102415 0.98029079795 1.01714086069
1.19428857715e-07 0.0064978597288 0.979450149068 1.01799063216
1.2001002004e-07 0.00646887071229 0.978446836235 1.01901873239
1.20591182365e-07 0.00642249627164 0.976797529358 1.02075503695
1.21172344689e-07 0.00637612183099 0.975148222481 1.0224913415
1.21753507014e-07 0.00632974739034 0.973498915604 1.02422764606
1.22334669339e-07 0.0062833729497 0.971849608727 1.02596395062
1.22915831663e-07 0.00623699850905 0.97020030185 1.02770025518
1.23496993988e-07 0.0061906240684 0.968550994973 1.02943655974
1.24078156313e-07 0.00614424962776 0.966901688096 1.0311728643
1.24659318637e-07 0.00609787518711 0.965252381219 1.03290916886
1.25240480962e-07 0.00605150074646 0.963603074342 1.03464547341
1.25821643287e-07 0.00600512630581 0.961953767465 1.03638177797
1.26402805611e-07 0.00595875186517 0.960304460588 1.03811808253
1.26983967936e-07 0.00590319224946 0.958329575675 1.04024620036
1.27565130261e-07 0.00581186250747 0.955086781614 1.04390016934
1.28146292585e-07 0.00572053276548 0.951843987553 1.04755413833
1.2872745491e-07 0.00562920302349 0.948601193492 1.05120810731
1.29308617234e-07 0.0055378732815 0.94535839943 1.0548620763
1.29889779559e-07 0.00544654353951 0.942115605369 1.05851604528
1.30470941884e-07 0.00535521379753 0.938872811308 1.06217001427
1.31052104208e-07 0.00526388405554 0.935630017247 1.06582398325
1.31633266533e-07 0.00517255431355 0.932387223186 1.06947795224
1.32214428858e-07 0.00508122457156 0.929144429125 1.07313192122
1.32795591182e-07 0.00498989482957 0.925901635064 1.07678589021
1.33376753507e-07 0.00489856508758 0.922658841003 1.0804398592
1.33957915832e-07 0.00480723534559 0.919416046942 1.08409382818
1.34539078156e-07 0.00462855755098 0.913368434057 1.091846125
1.35120240481e-07 0.00444281637948 0.907094010248 1.09992983201
1.35701402806e-07 0.00425707520798 0.90081958644 1.10801353902
1.3628256513e-07 0.00407133403648 0.894545162632 1.11609724602
1.36863727455e-07 0.00388559286499 0.888270738824 1.12418095303
1.3744488978e-07 0.00369985169349 0.881996315016 1.13226466003
1.38026052104e-07 0.00351411052199 0.875721891208 1.14034836704
1.38607214429e-07 0.00332836935049 0.8694474674 1.14843207405
1.39188376754e-07 0.00314262817899 0.863173043591 1.15651578105
1.39769539078e-07 0.0029568870075 0.856898619783 1.16459948806
1.40350701403e-07 0.002771145836 0.850624195975 1.17268319507
1.40931863727e-07 0.0025854046645 0.844349772167 1.18076690207
1.41513026052e-07 0.00232746624554 0.836021285945 1.19263176487
1.42094188377e-07 0.00193955520462 0.823994987314 1.21130362862
1.42675350701e-07 0.0015516441637 0.811968688682 1.22997549237
1.43256513026e-07 0.00116373312277 0.799942390051 1.24864735613
1.43837675351e-07 0.000775822081848 0.787916091419 1.26731921988
1.44418837675e-07 0.000387911040924 0.775889792788 1.28599108363
1.45e-07 0 0.763863494156 1.30466294738
