-1.45e-07 0 	0 	1183411.83641 	
-1.44418837675e-07 0 	0 	1115044.67542 	
-1.43837675351e-07 0 	0 	1048831.0535 	
-1.43256513026e-07 0 	0 	987455.82273 	
-1.42675350701e-07 0 	0 	929814.353121 	
-1.42094188377e-07 0 	0 	875239.543632 	
-1.41513026052e-07 0 	0 	823498.8976 	
-1.40931863727e-07 0 	0 	775891.906607 	
-1.40350701403e-07 0 	0 	730771.606628 	
-1.39769539078e-07 0 	0 	687820.477643 	
-1.39188376754e-07 0 	0 	647933.394576 	
-1.38607214429e-07 0 	0 	610469.793342 	
-1.38026052104e-07 0 	0 	574648.569562 	
-1.3744488978e-07 0 	0 	541459.741479 	
-1.36863727455e-07 0 	0 	510176.062225 	
-1.3628256513e-07 0 	0 	480123.784868 	
-1.35701402806e-07 0 	0 	452717.267083 	
-1.35120240481e-07 0 	0 	426408.771409 	
-1.34539078156e-07 0 	0 	401579.722095 	
-1.33957915832e-07 0 	0 	378572.755004 	
-1.33376753507e-07 0 	0 	356267.701917 	
-1.32795591182e-07 0 	0 	336021.014219 	
-1.32214428858e-07 0 	0 	316429.640244 	
-1.31633266533e-07 0 	0 	298208.483266 	
-1.31052104208e-07 0 	0 	280996.376585 	
-1.30470941884e-07 0 	0 	264636.815812 	
-1.29889779559e-07 0 	0 	249504.046213 	
-1.29308617234e-07 0 	0 	234851.627573 	
-1.2872745491e-07 0 	0 	221530.405159 	
-1.28146292585e-07 0 	0 	208439.866576 	
-1.27565130261e-07 0 	0 	196692.278205 	
-1.26983967936e-07 0 	0 	185027.273356 	
-1.26402805611e-07 0 	0 	174643.077467 	
-1.25821643287e-07 0 	0 	164275.905035 	
-1.25240480962e-07 0 	0 	155070.375024 	
-1.24659318637e-07 0 	0 	145881.708884 	
-1.24078156313e-07 0 	0 	137693.521243 	
-1.23496993988e-07 0 	0 	129572.137283 	
-1.22915831663e-07 0 	0 	122261.30669 	
-1.22334669339e-07 0 	0 	115103.803873 	
-1.21753507014e-07 0 	0 	108549.670967 	
-1.21172344689e-07 0 	0 	102260.18473 	
-1.20591182365e-07 0 	0 	96359.4653765 	
-1.2001002004e-07 0 	0 	90849.3727926 	
-1.19428857715e-07 0 	0 	85514.2788629 	
-1.18847695391e-07 0 	0 	80701.8952235 	
-1.18266533066e-07 0 	0 	75889.5115841 	
-1.17685370741e-07 0 	0 	71668.6051795 	
-1.17104208417e-07 0 	0 	67478.8726133 	
-1.16523046092e-07 0 	0 	63618.6596537 	
-1.15941883768e-07 0 	0 	59982.8288594 	
-1.15360721443e-07 0 	0 	56437.5944427 	
-1.14779559118e-07 0 	0 	53292.9006664 	
-1.14198396794e-07 0 	0 	50148.2068901 	
-1.13617234469e-07 0 	0 	47314.8414815 	
-1.13036072144e-07 0 	0 	44604.1766416 	
-1.1245490982e-07 0 	0 	41966.9338555 	
-1.11873747495e-07 0 	0 	39638.5165343 	
-1.1129258517e-07 0 	0 	37310.099213 	
-1.10711422846e-07 0 	0 	35185.4553011 	
-1.10130260521e-07 0 	0 	33192.500527 	
-1.09549098196e-07 0 	0 	31199.5457529 	
-1.08967935872e-07 0 	0 	29488.7839901 	
-1.08386773547e-07 0 	0 	27789.1748921 	
-1.07805611222e-07 0 	0 	26154.5506732 	
-1.07224448898e-07 0 	0 	24710.5140406 	
-1.06643286573e-07 0 	0 	23266.4774081 	
-1.06062124248e-07 0 	0 	21929.5479882 	
-1.05480961924e-07 0 	0 	20707.335528 	
-1.04899799599e-07 0 	0 	19485.1230679 	
-1.04318637275e-07 0 	0 	18386.8466618 	
-1.0373747495e-07 0 	0 	17356.4238049 	
-1.03156312625e-07 0 	0 	16326.0009479 	
-1.02575150301e-07 0 	0 	15418.2674234 	
-1.01993987976e-07 0 	0 	14553.0114399 	
-1.01412825651e-07 0 	0 	13687.7554564 	
-1.00831663327e-07 0 	0 	12931.7390416 	
-1.00250501002e-07 0 	0 	12208.1478906 	
-9.96693386774e-08 0 	0 	11484.5567396 	
-9.90881763527e-08 0 	0 	10849.2355686 	
-9.85070140281e-08 0 	0 	10246.6487467 	
-9.79258517034e-08 0 	0 	9644.06192485 	
-9.73446893788e-08 0 	0 	9104.90125779 	
-9.67635270541e-08 0 	0 	8605.23383932 	
-9.61823647295e-08 0 	0 	8105.56642086 	
-9.56012024048e-08 0 	0 	7643.36004282 	
-9.50200400802e-08 0 	0 	7230.85075789 	
-9.44388777555e-08 0 	0 	6818.34147296 	
-9.38577154309e-08 0 	0 	6418.20383709 	
-9.32765531062e-08 0 	0 	6079.17786307 	
-9.26953907816e-08 0 	0 	5740.15188904 	
-9.21142284569e-08 0 	0 	5401.12591501 	
-9.15330661323e-08 0 	0 	5113.29892902 	
-9.09519038076e-08 0 	0 	4835.94589715 	
-9.0370741483e-08 0 	0 	4558.59286529 	
-8.97895791583e-08 0 	0 	4302.53979831 	
-8.92084168337e-08 0 	0 	4076.70717268 	
-8.8627254509e-08 0 	0 	3850.87454706 	
-8.80460921844e-08 0 	0 	3625.04192143 	
-8.74649298597e-08 0 	0 	3438.45813975 	
-8.68837675351e-08 0 	0 	3255.46019153 	
-8.63026052104e-08 0 	0 	3072.46224331 	
-8.57214428858e-08 0 	0 	2901.40245211 	
-8.51402805611e-08 0 	0 	2753.84462422 	
-8.45591182365e-08 0 	0 	2606.28679632 	
-8.39779559118e-08 0 	0 	2458.72896843 	
-8.33967935872e-08 0 	0 	2330.81236455 	
-8.28156312625e-08 0 	0 	2212.43069865 	
-8.22344689379e-08 0 	0 	2094.04903276 	
-8.16533066132e-08 0 	0 	1975.66736686 	
-8.10721442886e-08 0 	0 	1879.35045973 	
-8.04909819639e-08 0 	0 	1784.86587313 	
-7.99098196393e-08 0 	0 	1690.38128653 	
-7.93286573146e-08 0 	0 	1597.55596674 	
-7.874749499e-08 0 	0 	1522.54257235 	
-7.81663326653e-08 0 	0 	1447.52917796 	
-7.75851703407e-08 0 	0 	1372.51578358 	
-7.7004008016e-08 0 	0 	1299.97666103 	
-7.64228456914e-08 0 	0 	1240.74367609 	
-7.58416833667e-08 0 	0 	1181.51069116 	
-7.52605210421e-08 0 	0 	1122.27770622 	
-7.46793587174e-08 0 	0 	1064.77369556 	
-7.40981963928e-08 0 	0 	1018.26016414 	
-7.35170340681e-08 0 	0 	971.746632718 	
-7.29358717435e-08 0 	0 	925.233101299 	
-7.23547094188e-08 0 	0 	878.928098824 	
-7.17735470942e-08 0 	0 	842.609544958 	
-7.11923847695e-08 0 	0 	806.290991092 	
-7.06112224449e-08 0 	0 	769.972437225 	
-7.00300601202e-08 0 	0 	733.653883359 	
-6.94488977956e-08 0 	0 	703.901300069 	
-6.88677354709e-08 0 	0 	675.707586978 	
-6.82865731463e-08 0 	0 	647.513873888 	
-6.77054108216e-08 0 	0 	619.320160798 	
-6.7124248497e-08 0 	0 	594.323778155 	
-6.65430861723e-08 0 	0 	572.567258644 	
-6.59619238477e-08 0 	0 	550.810739134 	
-6.5380761523e-08 0 	0 	529.054219624 	
-6.47995991984e-08 0 	0 	507.722554513 	
-6.42184368737e-08 0 	0 	491.03560562 	
-6.36372745491e-08 0 	0 	474.348656727 	
-6.30561122244e-08 0 	0 	457.661707833 	
-6.24749498998e-08 0 	0 	440.97475894 	
-6.18937875752e-08 0 	0 	426.53797166 	
-6.13126252505e-08 0 	0 	413.819047823 	
-6.07314629259e-08 0 	0 	401.100123986 	
-6.01503006012e-08 0 	0 	388.381200149 	
-5.95691382766e-08 0 	0 	375.662276312 	
-5.89879759519e-08 0 	0 	365.857057411 	
-5.84068136273e-08 0 	0 	356.224493289 	
-5.78256513026e-08 0 	0 	346.591929167 	
-5.7244488978e-08 0 	0 	336.959365045 	
-5.66633266533e-08 0 	0 	327.833080166 	
-5.60821643287e-08 0 	0 	320.585702384 	
-5.5501002004e-08 0 	0 	313.338324601 	
-5.49198396794e-08 0 	0 	306.090946818 	
-5.43386773547e-08 0 	0 	298.843569035 	
-5.37575150301e-08 0 	0 	292.272110293 	
-5.31763527054e-08 0 	0 	286.85591166 	
-5.25951903808e-08 0 	0 	281.439713026 	
-5.20140280561e-08 0 	0 	276.023514392 	
-5.14328657315e-08 0 	0 	270.607315758 	
-5.08517034068e-08 0 	0 	265.766445143 	
-5.02705410822e-08 0 	0 	261.746640774 	
-4.96893787575e-08 0 	0 	257.726836406 	
-4.91082164329e-08 0 	0 	253.707032038 	
-4.85270541082e-08 0 	0 	249.68722767 	
-4.79458917836e-08 0 	0 	246.025130432 	
-4.73647294589e-08 0 	0 	243.06282765 	
-4.67835671343e-08 0 	0 	240.100524868 	
-4.62024048096e-08 0 	0 	237.138222086 	
-4.5621242485e-08 0 	0 	234.175919303 	
-4.50400801603e-08 0 	0 	231.32901188 	
-4.44589178357e-08 0 	0 	229.161917602 	
-4.3877755511e-08 0 	0 	226.994823323 	
-4.32965931864e-08 0 	0 	224.827729045 	
-4.27154308617e-08 0 	0 	222.660634766 	
-4.21342685371e-08 0 	0 	220.493540488 	
-4.15531062124e-08 0 	0 	218.819053215 	
-4.09719438878e-08 0 	0 	217.245625955 	
-4.03907815631e-08 0 	0 	215.672198694 	
-3.98096192385e-08 0 	0 	214.098771434 	
-3.92284569138e-08 0 	0 	212.525344173 	
-3.86472945892e-08 0 	0 	211.123209148 	
-3.80661322645e-08 0 	0 	209.989724918 	
-3.74849699399e-08 0 	0 	208.856240688 	
-3.69038076152e-08 0 	0 	207.722756457 	
-3.63226452906e-08 0 	0 	206.589272227 	
-3.57414829659e-08 0 	0 	205.455787997 	
-3.51603206413e-08 0 	0 	204.587948427 	
-3.45791583166e-08 0 	0 	203.778060642 	
-3.3997995992e-08 0 	0 	202.968172858 	
-3.34168336673e-08 0 	0 	202.158285074 	
-3.28356713427e-08 0 	0 	201.34839729 	
-3.2254509018e-08 0 	0 	200.567199083 	
-3.16733466934e-08 0 	0 	199.993546774 	
-3.10921843687e-08 0 	0 	199.419894464 	
-3.05110220441e-08 0 	0 	198.846242155 	
-2.99298597194e-08 0 	0 	198.272589845 	
-2.93486973948e-08 0 	0 	197.698937536 	
-2.87675350701e-08 0 	0 	197.174568632 	
-2.81863727455e-08 0 	0 	196.772121326 	
-2.76052104208e-08 0 	0 	196.369674021 	
-2.70240480962e-08 0 	0 	195.967226715 	
-2.64428857715e-08 0 	0 	195.56477941 	
-2.58617234469e-08 0 	0 	195.162332104 	
-2.52805611222e-08 0 	0 	194.798956976 	
-2.46993987976e-08 0 	0 	194.519762295 	
-2.41182364729e-08 0 	0 	194.240567613 	
-2.35370741483e-08 0 	0 	193.961372932 	
-2.29559118236e-08 0 	0 	193.68217825 	
-2.2374749499e-08 0 	0 	193.402983569 	
-2.17935871743e-08 0 	0 	193.14194498 	
-2.12124248497e-08 0 	0 	192.951034285 	
-2.0631262525e-08 0 	0 	192.76012359 	
-2.00501002004e-08 0 	0 	192.569212896 	
-1.94689378758e-08 0 	0 	192.378302201 	
-1.88877755511e-08 0 	0 	192.187391506 	
-1.83066132265e-08 0 	0 	191.996480811 	
-1.77254509018e-08 0 	0 	191.865613313 	
-1.71442885772e-08 0 	0 	191.737873013 	
-1.65631262525e-08 0 	0 	191.610132712 	
-1.59819639279e-08 0 	0 	191.482392412 	
-1.54008016032e-08 0 	0 	191.354652111 	
-1.48196392786e-08 0 	0 	191.22691181 	
-1.42384769539e-08 0 	0 	191.124134163 	
-1.36573146293e-08 0 	0 	191.04193403 	
-1.30761523046e-08 0 	0 	190.959733898 	
-1.249498998e-08 0 	0 	190.877533765 	
-1.19138276553e-08 0 	0 	190.795333633 	
-1.13326653307e-08 0 	0 	190.713133501 	
-1.0751503006e-08 0 	0 	190.630933368 	
-1.01703406814e-08 0 	0 	190.582265143 	
-9.58917835671e-09 0 	0 	190.533760612 	
-9.00801603206e-09 0 	0 	190.485256081 	
-8.42685370741e-09 0 	0 	190.43675155 	
-7.84569138277e-09 0 	0 	190.388247019 	
-7.26452905812e-09 0 	0 	190.339742488 	
-6.68336673347e-09 0 	0 	190.298865609 	
-6.10220440882e-09 0 	0 	190.276851571 	
-5.52104208417e-09 0 	0 	190.254837533 	
-4.93987975952e-09 0 	0 	190.232823495 	
-4.35871743487e-09 0 	0 	190.210809457 	
-3.77755511022e-09 0 	0 	190.188795419 	
-3.19639278557e-09 0 	0 	190.166781381 	
-2.61523046092e-09 0 	0 	190.154627052 	
-2.03406813627e-09 0 	0 	190.155927027 	
-1.45290581162e-09 0 	0 	190.157227001 	
-8.71743486974e-10 0 	0 	190.158526976 	
-2.90581162324e-10 0 	0 	190.15982695 	
2.90581162325e-10 0 	0 	190.161126925 	
8.71743486974e-10 0 	0 	190.1624269 	
1.45290581162e-09 0 	0 	190.173290441 	
2.03406813627e-09 0 	0 	190.198720245 	
2.61523046092e-09 0 	0 	190.224150049 	
3.19639278557e-09 0 	0 	190.249579852 	
3.77755511022e-09 0 	0 	190.275009656 	
4.35871743487e-09 0 	0 	190.30043946 	
4.93987975952e-09 0 	0 	190.325869264 	
5.52104208417e-09 0 	0 	190.357346126 	
6.10220440882e-09 0 	0 	190.41235685 	
6.68336673347e-09 0 	0 	190.467367575 	
7.26452905812e-09 0 	0 	190.522378299 	
7.84569138277e-09 0 	0 	190.577389023 	
8.42685370742e-09 0 	0 	190.632399747 	
9.00801603206e-09 0 	0 	190.687410471 	
9.58917835671e-09 0 	0 	190.742421195 	
1.01703406814e-08 0 	0 	190.832261063 	
1.0751503006e-08 0 	0 	190.9285739 	
1.13326653307e-08 0 	0 	191.024886736 	
1.19138276553e-08 0 	0 	191.121199573 	
1.249498998e-08 0 	0 	191.217512409 	
1.30761523046e-08 0 	0 	191.313825246 	
1.36573146293e-08 0 	0 	191.410138082 	
1.42384769539e-08 0 	0 	191.525736563 	
1.48196392786e-08 0 	0 	191.684479555 	
1.54008016032e-08 0 	0 	191.843222547 	
1.59819639279e-08 0 	0 	192.001965539 	
1.65631262525e-08 0 	0 	192.160708531 	
1.71442885772e-08 0 	0 	192.319451522 	
1.77254509018e-08 0 	0 	192.478194514 	
1.83066132265e-08 0 	0 	192.636937506 	
1.88877755511e-08 0 	0 	192.854566979 	
1.94689378758e-08 0 	0 	193.111903981 	
2.00501002004e-08 0 	0 	193.369240982 	
2.06312625251e-08 0 	0 	193.626577984 	
2.12124248497e-08 0 	0 	193.883914986 	
2.17935871743e-08 0 	0 	194.141251987 	
2.2374749499e-08 0 	0 	194.398588989 	
2.29559118236e-08 0 	0 	194.65592599 	
2.35370741483e-08 0 	0 	195.025685038 	
2.41182364729e-08 0 	0 	195.442679355 	
2.46993987976e-08 0 	0 	195.859673671 	
2.52805611222e-08 0 	0 	196.276667988 	
2.58617234469e-08 0 	0 	196.693662304 	
2.64428857715e-08 0 	0 	197.11065662 	
2.70240480962e-08 0 	0 	197.527650937 	
2.76052104208e-08 0 	0 	197.944645253 	
2.81863727455e-08 0 	0 	198.52600045 	
2.87675350701e-08 0 	0 	199.205847485 	
2.93486973948e-08 0 	0 	199.88569452 	
2.99298597194e-08 0 	0 	200.565541556 	
3.05110220441e-08 0 	0 	201.245388591 	
3.10921843687e-08 0 	0 	201.925235626 	
3.16733466934e-08 0 	0 	202.605082662 	
3.2254509018e-08 0 	0 	203.284929697 	
3.28356713427e-08 0 	0 	204.121022416 	
3.34168336673e-08 0 	0 	205.239338797 	
3.3997995992e-08 0 	0 	206.357655179 	
3.45791583166e-08 0 	0 	207.47597156 	
3.51603206413e-08 0 	0 	208.594287942 	
3.57414829659e-08 0 	0 	209.712604324 	
3.63226452906e-08 0 	0 	210.830920705 	
3.69038076152e-08 0 	0 	211.949237087 	
3.74849699399e-08 0 	0 	213.067553468 	
3.80661322645e-08 0 	0 	214.846714077 	
3.86472945892e-08 0 	0 	216.705212156 	
3.92284569138e-08 0 	0 	218.563710235 	
3.98096192385e-08 0 	0 	220.422208314 	
4.03907815631e-08 0 	0 	222.280706393 	
4.09719438878e-08 0 	0 	224.139204472 	
4.15531062124e-08 0 	0 	225.997702551 	
4.21342685371e-08 0 	0 	227.85620063 	
4.27154308617e-08 0 	0 	230.00560759 	
4.32965931864e-08 0 	0 	233.128222966 	
4.3877755511e-08 0 	0 	236.250838342 	
4.44589178357e-08 0 	0 	239.373453718 	
4.50400801603e-08 0 	0 	242.496069093 	
4.5621242485e-08 0 	0 	245.618684469 	
4.62024048096e-08 0 	0 	248.741299845 	
4.67835671343e-08 0 	0 	251.863915221 	
4.73647294589e-08 0 	0 	254.986530596 	
4.79458917836e-08 0 	0 	258.90337098 	
4.85270541082e-08 0 	0 	264.210318814 	
4.91082164329e-08 0 	0 	269.517266647 	
4.96893787575e-08 0 	0 	274.824214481 	
5.02705410822e-08 0 	0 	280.131162315 	
5.08517034068e-08 0 	0 	285.438110149 	
5.14328657315e-08 0 	0 	290.745057982 	
5.20140280561e-08 0 	0 	296.052005816 	
5.25951903808e-08 0 	0 	301.35895365 	
5.31763527054e-08 0 	0 	307.767635934 	
5.37575150301e-08 0 	0 	316.894280527 	
5.43386773547e-08 0 	0 	326.02092512 	
5.49198396794e-08 0 	0 	335.147569713 	
5.5501002004e-08 0 	0 	344.274214306 	
5.60821643287e-08 0 	0 	353.400858899 	
5.66633266533e-08 0 	0 	362.527503492 	
5.7244488978e-08 0 	0 	371.654148085 	
5.78256513026e-08 0 	0 	380.780792678 	
5.84068136273e-08 0 	0 	389.907437271 	
5.89879759519e-08 0 	0 	405.793577575 	
5.95691382766e-08 0 	0 	421.681601606 	
6.01503006012e-08 0 	0 	437.569625637 	
6.07314629259e-08 0 	0 	453.457649669 	
6.13126252505e-08 0 	0 	469.3456737 	
6.18937875752e-08 0 	0 	485.233697731 	
6.24749498998e-08 0 	0 	501.121721763 	
6.30561122244e-08 0 	0 	517.009745794 	
6.36372745491e-08 0 	0 	532.897769825 	
6.42184368737e-08 0 	0 	554.753560552 	
6.47995991984e-08 0 	0 	582.760481316 	
6.5380761523e-08 0 	0 	610.76740208 	
6.59619238477e-08 0 	0 	638.774322844 	
6.65430861723e-08 0 	0 	666.781243609 	
6.7124248497e-08 0 	0 	694.788164373 	
6.77054108216e-08 0 	0 	722.795085137 	
6.82865731463e-08 0 	0 	750.802005901 	
6.88677354709e-08 0 	0 	778.808926665 	
6.94488977956e-08 0 	0 	806.81584743 	
7.00300601202e-08 0 	0 	851.574931214 	
7.06112224449e-08 0 	0 	901.582715559 	
7.11923847695e-08 0 	0 	951.590499904 	
7.17735470942e-08 0 	0 	1001.59828425 	
7.23547094188e-08 0 	0 	1051.60606859 	
7.29358717435e-08 0 	0 	1101.61385294 	
7.35170340681e-08 0 	0 	1151.62163728 	
7.40981963928e-08 0 	0 	1201.62942163 	
7.46793587174e-08 0 	0 	1251.63720597 	
7.52605210421e-08 0 	0 	1301.64499032 	
7.58416833667e-08 0 	0 	1384.08446482 	
7.64228456914e-08 0 	0 	1474.55857345 	
7.7004008016e-08 0 	0 	1565.03268208 	
7.75851703407e-08 0 	0 	1655.50679071 	
7.81663326653e-08 0 	0 	1745.98089934 	
7.874749499e-08 0 	0 	1836.45500797 	
7.93286573146e-08 0 	0 	1926.9291166 	
7.99098196393e-08 0 	0 	2017.40322523 	
8.04909819639e-08 0 	0 	2107.87733386 	
8.10721442886e-08 0 	0 	2198.35144249 	
8.16533066132e-08 0 	0 	2334.61999369 	
8.22344689379e-08 0 	0 	2500.52592731 	
8.28156312625e-08 0 	0 	2666.43186093 	
8.33967935872e-08 0 	0 	2832.33779455 	
8.39779559118e-08 0 	0 	2998.24372816 	
8.45591182365e-08 0 	0 	3164.14966178 	
8.51402805611e-08 0 	0 	3330.0555954 	
8.57214428858e-08 0 	0 	3495.96152902 	
8.63026052104e-08 0 	0 	3661.86746264 	
8.68837675351e-08 0 	0 	3827.77339626 	
8.74649298597e-08 0 	0 	4018.31995846 	
8.80460921844e-08 0 	0 	4326.77112765 	
8.8627254509e-08 0 	0 	4635.22229684 	
8.92084168337e-08 0 	0 	4943.67346603 	
8.97895791583e-08 0 	0 	5252.12463523 	
9.0370741483e-08 0 	0 	5560.57580442 	
9.09519038076e-08 0 	0 	5869.02697361 	
9.15330661323e-08 0 	0 	6177.4781428 	
9.21142284569e-08 0 	0 	6485.92931199 	
9.26953907816e-08 0 	0 	6794.38048119 	
9.32765531062e-08 0 	0 	7102.83165038 	
9.38577154309e-08 0 	0 	7545.9785521 	
9.44388777555e-08 0 	0 	8127.59174433 	
9.50200400802e-08 0 	0 	8709.20493657 	
9.56012024048e-08 0 	0 	9290.8181288 	
9.61823647295e-08 0 	0 	9872.43132104 	
9.67635270541e-08 0 	0 	10454.0445133 	
9.73446893788e-08 0 	0 	11035.6577055 	
9.79258517034e-08 0 	0 	11617.2708977 	
9.85070140281e-08 0 	0 	12198.88409 	
9.90881763527e-08 0 	0 	12780.4972822 	
9.96693386774e-08 0 	0 	13362.1104745 	
1.00250501002e-07 0 	0 	14242.1606631 	
1.00831663327e-07 0 	0 	15354.7730845 	
1.01412825651e-07 0 	0 	16467.385506 	
1.01993987976e-07 0 	0 	17579.9979274 	
1.02575150301e-07 0 	0 	18692.6103488 	
1.03156312625e-07 0 	0 	19805.2227702 	
1.0373747495e-07 0 	0 	20917.8351917 	
1.04318637275e-07 0 	0 	22030.4476131 	
1.04899799599e-07 0 	0 	23143.0600345 	
1.05480961924e-07 0 	0 	24255.6724559 	
1.06062124248e-07 0 	0 	25368.2848773 	
1.06643286573e-07 0 	0 	26872.3619207 	
1.07224448898e-07 0 	0 	29032.397743 	
1.07805611222e-07 0 	0 	31192.4335654 	
1.08386773547e-07 0 	0 	33352.4693878 	
1.08967935872e-07 0 	0 	35512.5052101 	
1.09549098196e-07 0 	0 	37672.5410325 	
1.10130260521e-07 0 	0 	39832.5768548 	
1.10711422846e-07 0 	0 	41992.6126772 	
1.1129258517e-07 0 	0 	44152.6484996 	
1.11873747495e-07 0 	0 	46312.6843219 	
1.1245490982e-07 0 	0 	48472.7201443 	
1.13036072144e-07 0 	0 	50632.7559667 	
1.13617234469e-07 0 	0 	54727.0570851 	
1.14198396794e-07 0 	0 	58984.5845272 	
1.14779559118e-07 0 	0 	63242.1119693 	
1.15360721443e-07 0 	0 	67499.6394113 	
1.15941883768e-07 0 	0 	71757.1668534 	
1.16523046092e-07 0 	0 	76014.6942955 	
1.17104208417e-07 0 	0 	80272.2217376 	
1.17685370741e-07 0 	0 	84529.7491797 	
1.18266533066e-07 0 	0 	88787.2766217 	
1.18847695391e-07 0 	0 	93044.8040638 	
1.19428857715e-07 0 	0 	97302.3315059 	
1.2001002004e-07 0 	0 	102418.349591 	
1.20591182365e-07 0 	0 	110943.726881 	
1.21172344689e-07 0 	0 	119469.104172 	
1.21753507014e-07 0 	0 	127994.481462 	
1.22334669339e-07 0 	0 	136519.858753 	
1.22915831663e-07 0 	0 	145045.236043 	
1.23496993988e-07 0 	0 	153570.613334 	
1.24078156313e-07 0 	0 	162095.990625 	
1.24659318637e-07 0 	0 	170621.367915 	
1.25240480962e-07 0 	0 	179146.745206 	
1.25821643287e-07 0 	0 	187672.122496 	
1.26402805611e-07 0 	0 	196197.499787 	
1.26983967936e-07 0 	0 	206530.614792 	
1.27565130261e-07 0 	0 	223903.661635 	
1.28146292585e-07 0 	0 	241276.708478 	
1.2872745491e-07 0 	0 	258649.755322 	
1.29308617234e-07 0 	0 	276022.802165 	
1.29889779559e-07 0 	0 	293395.849008 	
1.30470941884e-07 0 	0 	310768.895852 	
1.31052104208e-07 0 	0 	328141.942695 	
1.31633266533e-07 0 	0 	345514.989538 	
1.32214428858e-07 0 	0 	362888.036382 	
1.32795591182e-07 0 	0 	380261.083225 	
1.33376753507e-07 0 	0 	397634.130068 	
1.33957915832e-07 0 	0 	415007.176912 	
1.34539078156e-07 0 	0 	449859.193982 	
1.35120240481e-07 0 	0 	486124.6433 	
1.35701402806e-07 0 	0 	522390.092617 	
1.3628256513e-07 0 	0 	558655.541935 	
1.36863727455e-07 0 	0 	594920.991252 	
1.3744488978e-07 0 	0 	631186.44057 	
1.38026052104e-07 0 	0 	667451.889888 	
1.38607214429e-07 0 	0 	703717.339205 	
1.39188376754e-07 0 	0 	739982.788523 	
1.39769539078e-07 0 	0 	776248.23784 	
1.40350701403e-07 0 	0 	812513.687158 	
1.40931863727e-07 0 	0 	848779.136476 	
1.41513026052e-07 0 	0 	889582.109771 	
1.42094188377e-07 0 	0 	938553.730894 	
1.42675350701e-07 0 	0 	987525.352017 	
1.43256513026e-07 0 	0 	1036496.97314 	
1.43837675351e-07 0 	0 	1085468.59426 	
1.44418837675e-07 0 	0 	1134440.21539 	
1.45e-07 0 	0 	1183411.83651 	
