-1.45e-07 0 	0 	-146576.947347 	
-1.44418837675e-07 0 	0 	-136075.17153 	
-1.43837675351e-07 0 	0 	-125826.705708 	
-1.43256513026e-07 0 	0 	-116154.631284 	
-1.42675350701e-07 0 	0 	-106941.415888 	
-1.42094188377e-07 0 	0 	-98112.0994766 	
-1.41513026052e-07 0 	0 	-89642.1213873 	
-1.40931863727e-07 0 	0 	-81710.5360312 	
-1.40350701403e-07 0 	0 	-74111.7734021 	
-1.39769539078e-07 0 	0 	-66805.6835175 	
-1.39188376754e-07 0 	0 	-59920.5713484 	
-1.38607214429e-07 0 	0 	-53376.9453255 	
-1.38026052104e-07 0 	0 	-47066.8195125 	
-1.3744488978e-07 0 	0 	-41136.7931986 	
-1.36863727455e-07 0 	0 	-35488.4583565 	
-1.3628256513e-07 0 	0 	-30022.6691333 	
-1.35701402806e-07 0 	0 	-24957.2104234 	
-1.35120240481e-07 0 	0 	-20061.6789609 	
-1.34539078156e-07 0 	0 	-15395.1030409 	
-1.33957915832e-07 0 	0 	-11016.7943736 	
-1.33376753507e-07 0 	0 	-6750.02130994 	
-1.32795591182e-07 0 	0 	-2816.01920081 	
-1.32214428858e-07 0 	0 	1009.76145338 	
-1.31633266533e-07 0 	0 	4609.25831062 	
-1.31052104208e-07 0 	0 	8038.58402248 	
-1.30470941884e-07 0 	0 	11324.1322497 	
-1.29889779559e-07 0 	0 	14398.4580234 	
-1.29308617234e-07 0 	0 	17390.0794948 	
-1.2872745491e-07 0 	0 	20147.7567512 	
-1.28146292585e-07 0 	0 	22864.8936674 	
-1.27565130261e-07 0 	0 	25341.178493 	
-1.26983967936e-07 0 	0 	27802.652335 	
-1.26402805611e-07 0 	0 	30029.7426059 	
-1.25821643287e-07 0 	0 	32253.7176436 	
-1.25240480962e-07 0 	0 	34260.817248 	
-1.24659318637e-07 0 	0 	36264.768414 	
-1.24078156313e-07 0 	0 	38078.176486 	
-1.23496993988e-07 0 	0 	39878.8616659 	
-1.22915831663e-07 0 	0 	41522.0853335 	
-1.22334669339e-07 0 	0 	43135.5229015 	
-1.21753507014e-07 0 	0 	44629.4102464 	
-1.21172344689e-07 0 	0 	46070.8611544 	
-1.20591182365e-07 0 	0 	47433.7519798 	
-1.2001002004e-07 0 	0 	48717.7068862 	
-1.19428857715e-07 0 	0 	49965.5981677 	
-1.18847695391e-07 0 	0 	51105.7696049 	
-1.18266533066e-07 0 	0 	52245.9410421 	
-1.17685370741e-07 0 	0 	53261.8114242 	
-1.17104208417e-07 0 	0 	54271.1305127 	
-1.16523046092e-07 0 	0 	55209.8336227 	
-1.15941883768e-07 0 	0 	56100.4516846 	
-1.15360721443e-07 0 	0 	56971.2725965 	
-1.14779559118e-07 0 	0 	57754.5672372 	
-1.14198396794e-07 0 	0 	58537.8618779 	
-1.13617234469e-07 0 	0 	59251.7871789 	
-1.13036072144e-07 0 	0 	59938.372673 	
-1.1245490982e-07 0 	0 	60608.2772091 	
-1.11873747495e-07 0 	0 	61208.0188399 	
-1.1129258517e-07 0 	0 	61807.7604706 	
-1.10711422846e-07 0 	0 	62360.2982888 	
-1.10130260521e-07 0 	0 	62882.3305104 	
-1.09549098196e-07 0 	0 	63404.3627321 	
-1.08967935872e-07 0 	0 	63859.7447447 	
-1.08386773547e-07 0 	0 	64312.4926473 	
-1.07805611222e-07 0 	0 	64749.5916263 	
-1.07224448898e-07 0 	0 	65140.7954581 	
-1.06643286573e-07 0 	0 	65531.99929 	
-1.06062124248e-07 0 	0 	65896.9065246 	
-1.05480961924e-07 0 	0 	66233.6488429 	
-1.04899799599e-07 0 	0 	66570.3911611 	
-1.04318637275e-07 0 	0 	66876.1107749 	
-1.0373747495e-07 0 	0 	67164.8458185 	
-1.03156312625e-07 0 	0 	67453.5808621 	
-1.02575150301e-07 0 	0 	67711.0059517 	
-1.01993987976e-07 0 	0 	67957.5908988 	
-1.01412825651e-07 0 	0 	68204.1758459 	
-1.00831663327e-07 0 	0 	68422.3395729 	
-1.00250501002e-07 0 	0 	68632.0671117 	
-9.96693386774e-08 0 	0 	68841.7946505 	
-9.90881763527e-08 0 	0 	69028.1092163 	
-9.85070140281e-08 0 	0 	69205.7412331 	
-9.79258517034e-08 0 	0 	69383.37325 	
-9.73446893788e-08 0 	0 	69543.854368 	
-9.67635270541e-08 0 	0 	69693.6562212 	
-9.61823647295e-08 0 	0 	69843.4580744 	
-9.56012024048e-08 0 	0 	69982.933076 	
-9.50200400802e-08 0 	0 	70108.7081245 	
-9.44388777555e-08 0 	0 	70234.4831729 	
-9.38577154309e-08 0 	0 	70356.7814147 	
-9.32765531062e-08 0 	0 	70461.9054359 	
-9.26953907816e-08 0 	0 	70567.0294571 	
-9.21142284569e-08 0 	0 	70672.1534783 	
-9.15330661323e-08 0 	0 	70762.6093796 	
-9.09519038076e-08 0 	0 	70850.064573 	
-9.0370741483e-08 0 	0 	70937.5197663 	
-8.97895791583e-08 0 	0 	71018.7541287 	
-8.92084168337e-08 0 	0 	71091.1623611 	
-8.8627254509e-08 0 	0 	71163.5705935 	
-8.80460921844e-08 0 	0 	71235.9788259 	
-8.74649298597e-08 0 	0 	71296.7015429 	
-8.68837675351e-08 0 	0 	71356.3566537 	
-8.63026052104e-08 0 	0 	71416.0117645 	
-8.57214428858e-08 0 	0 	71472.0435622 	
-8.51402805611e-08 0 	0 	71520.9423518 	
-8.45591182365e-08 0 	0 	71569.8411415 	
-8.39779559118e-08 0 	0 	71618.7399311 	
-8.33967935872e-08 0 	0 	71661.5618596 	
-8.28156312625e-08 0 	0 	71701.4337432 	
-8.22344689379e-08 0 	0 	71741.3056267 	
-8.16533066132e-08 0 	0 	71781.1775103 	
-8.10721442886e-08 0 	0 	71814.0904504 	
-8.04909819639e-08 0 	0 	71846.4255001 	
-7.99098196393e-08 0 	0 	71878.7605497 	
-7.93286573146e-08 0 	0 	71910.5621623 	
-7.874749499e-08 0 	0 	71936.6374259 	
-7.81663326653e-08 0 	0 	71962.7126895 	
-7.75851703407e-08 0 	0 	71988.7879531 	
-7.7004008016e-08 0 	0 	72014.0524053 	
-7.64228456914e-08 0 	0 	72034.9564768 	
-7.58416833667e-08 0 	0 	72055.8605483 	
-7.52605210421e-08 0 	0 	72076.7646197 	
-7.46793587174e-08 0 	0 	72097.0912067 	
-7.40981963928e-08 0 	0 	72113.7469288 	
-7.35170340681e-08 0 	0 	72130.4026508 	
-7.29358717435e-08 0 	0 	72147.0583729 	
-7.23547094188e-08 0 	0 	72163.6431117 	
-7.17735470942e-08 0 	0 	72176.8284635 	
-7.11923847695e-08 0 	0 	72190.0138153 	
-7.06112224449e-08 0 	0 	72203.1991671 	
-7.00300601202e-08 0 	0 	72216.3845189 	
-6.94488977956e-08 0 	0 	72227.292311 	
-6.88677354709e-08 0 	0 	72237.6593727 	
-6.82865731463e-08 0 	0 	72248.0264344 	
-6.77054108216e-08 0 	0 	72258.393496 	
-6.7124248497e-08 0 	0 	72267.6306281 	
-6.65430861723e-08 0 	0 	72275.7227996 	
-6.59619238477e-08 0 	0 	72283.8149711 	
-6.5380761523e-08 0 	0 	72291.9071426 	
-6.47995991984e-08 0 	0 	72299.8463931 	
-6.42184368737e-08 0 	0 	72306.1138366 	
-6.36372745491e-08 0 	0 	72312.3812801 	
-6.30561122244e-08 0 	0 	72318.6487236 	
-6.24749498998e-08 0 	0 	72324.9161671 	
-6.18937875752e-08 0 	0 	72330.3590405 	
-6.13126252505e-08 0 	0 	72335.1724039 	
-6.07314629259e-08 0 	0 	72339.9857673 	
-6.01503006012e-08 0 	0 	72344.7991308 	
-5.95691382766e-08 0 	0 	72349.6124942 	
-5.89879759519e-08 0 	0 	72353.3394706 	
-5.84068136273e-08 0 	0 	72357.0020719 	
-5.78256513026e-08 0 	0 	72360.6646733 	
-5.7244488978e-08 0 	0 	72364.3272746 	
-5.66633266533e-08 0 	0 	72367.7979707 	
-5.60821643287e-08 0 	0 	72370.5564667 	
-5.5501002004e-08 0 	0 	72373.3149626 	
-5.49198396794e-08 0 	0 	72376.0734586 	
-5.43386773547e-08 0 	0 	72378.8319546 	
-5.37575150301e-08 0 	0 	72381.3302878 	
-5.31763527054e-08 0 	0 	72383.3839588 	
-5.25951903808e-08 0 	0 	72385.4376298 	
-5.20140280561e-08 0 	0 	72387.4913008 	
-5.14328657315e-08 0 	0 	72389.5449718 	
-5.08517034068e-08 0 	0 	72391.3741483 	
-5.02705410822e-08 0 	0 	72392.8829426 	
-4.96893787575e-08 0 	0 	72394.3917369 	
-4.91082164329e-08 0 	0 	72395.9005312 	
-4.85270541082e-08 0 	0 	72397.4093255 	
-4.79458917836e-08 0 	0 	72398.7769463 	
-4.73647294589e-08 0 	0 	72399.8683847 	
-4.67835671343e-08 0 	0 	72400.959823 	
-4.62024048096e-08 0 	0 	72402.0512614 	
-4.5621242485e-08 0 	0 	72403.1426998 	
-4.50400801603e-08 0 	0 	72404.1882205 	
-4.44589178357e-08 0 	0 	72404.9632329 	
-4.3877755511e-08 0 	0 	72405.7382452 	
-4.32965931864e-08 0 	0 	72406.5132575 	
-4.27154308617e-08 0 	0 	72407.2882698 	
-4.21342685371e-08 0 	0 	72408.0632822 	
-4.15531062124e-08 0 	0 	72408.6415439 	
-4.09719438878e-08 0 	0 	72409.1794415 	
-4.03907815631e-08 0 	0 	72409.7173391 	
-3.98096192385e-08 0 	0 	72410.2552368 	
-3.92284569138e-08 0 	0 	72410.7931344 	
-3.86472945892e-08 0 	0 	72411.2627943 	
-3.80661322645e-08 0 	0 	72411.6254318 	
-3.74849699399e-08 0 	0 	72411.9880693 	
-3.69038076152e-08 0 	0 	72412.3507068 	
-3.63226452906e-08 0 	0 	72412.7133442 	
-3.57414829659e-08 0 	0 	72413.0759817 	
-3.51603206413e-08 0 	0 	72413.3340146 	
-3.45791583166e-08 0 	0 	72413.5692274 	
-3.3997995992e-08 0 	0 	72413.8044403 	
-3.34168336673e-08 0 	0 	72414.0396531 	
-3.28356713427e-08 0 	0 	72414.2748659 	
-3.2254509018e-08 0 	0 	72414.4990576 	
-3.16733466934e-08 0 	0 	72414.6435197 	
-3.10921843687e-08 0 	0 	72414.7879818 	
-3.05110220441e-08 0 	0 	72414.932444 	
-2.99298597194e-08 0 	0 	72415.0769061 	
-2.93486973948e-08 0 	0 	72415.2213682 	
-2.87675350701e-08 0 	0 	72415.3477241 	
-2.81863727455e-08 0 	0 	72415.4292871 	
-2.76052104208e-08 0 	0 	72415.5108501 	
-2.70240480962e-08 0 	0 	72415.5924131 	
-2.64428857715e-08 0 	0 	72415.6739761 	
-2.58617234469e-08 0 	0 	72415.7555391 	
-2.52805611222e-08 0 	0 	72415.8237947 	
-2.46993987976e-08 0 	0 	72415.8633795 	
-2.41182364729e-08 0 	0 	72415.9029644 	
-2.35370741483e-08 0 	0 	72415.9425493 	
-2.29559118236e-08 0 	0 	72415.9821341 	
-2.2374749499e-08 0 	0 	72416.021719 	
-2.17935871743e-08 0 	0 	72416.0558607 	
-2.12124248497e-08 0 	0 	72416.068978 	
-2.0631262525e-08 0 	0 	72416.0820953 	
-2.00501002004e-08 0 	0 	72416.0952127 	
-1.94689378758e-08 0 	0 	72416.10833 	
-1.88877755511e-08 0 	0 	72416.1214474 	
-1.83066132265e-08 0 	0 	72416.1345647 	
-1.77254509018e-08 0 	0 	72416.1332778 	
-1.71442885772e-08 0 	0 	72416.1312406 	
-1.65631262525e-08 0 	0 	72416.1292034 	
-1.59819639279e-08 0 	0 	72416.1271663 	
-1.54008016032e-08 0 	0 	72416.1251291 	
-1.48196392786e-08 0 	0 	72416.1230919 	
-1.42384769539e-08 0 	0 	72416.1171609 	
-1.36573146293e-08 0 	0 	72416.1080202 	
-1.30761523046e-08 0 	0 	72416.0988795 	
-1.249498998e-08 0 	0 	72416.0897387 	
-1.19138276553e-08 0 	0 	72416.080598 	
-1.13326653307e-08 0 	0 	72416.0714572 	
-1.0751503006e-08 0 	0 	72416.0623165 	
-1.01703406814e-08 0 	0 	72416.0515728 	
-9.58917835671e-09 0 	0 	72416.0408212 	
-9.00801603206e-09 0 	0 	72416.0300697 	
-8.42685370741e-09 0 	0 	72416.0193181 	
-7.84569138277e-09 0 	0 	72416.0085666 	
-7.26452905812e-09 0 	0 	72415.9978151 	
-6.68336673347e-09 0 	0 	72415.9875845 	
-6.10220440882e-09 0 	0 	72415.9786421 	
-5.52104208417e-09 0 	0 	72415.9696998 	
-4.93987975952e-09 0 	0 	72415.9607575 	
-4.35871743487e-09 0 	0 	72415.9518152 	
-3.77755511022e-09 0 	0 	72415.9428729 	
-3.19639278557e-09 0 	0 	72415.9339305 	
-2.61523046092e-09 0 	0 	72415.9264368 	
-2.03406813627e-09 0 	0 	72415.9209197 	
-1.45290581162e-09 0 	0 	72415.9154026 	
-8.71743486974e-10 0 	0 	72415.9098856 	
-2.90581162324e-10 0 	0 	72415.9043685 	
2.90581162325e-10 0 	0 	72415.8988514 	
8.71743486974e-10 0 	0 	72415.8933343 	
1.45290581162e-09 0 	0 	72415.8891119 	
2.03406813627e-09 0 	0 	72415.8868613 	
2.61523046092e-09 0 	0 	72415.8846107 	
3.19639278557e-09 0 	0 	72415.8823602 	
3.77755511022e-09 0 	0 	72415.8801096 	
4.35871743487e-09 0 	0 	72415.877859 	
4.93987975952e-09 0 	0 	72415.8756084 	
5.52104208417e-09 0 	0 	72415.8735737 	
6.10220440882e-09 0 	0 	72415.8723789 	
6.68336673347e-09 0 	0 	72415.8711841 	
7.26452905812e-09 0 	0 	72415.8699893 	
7.84569138277e-09 0 	0 	72415.8687946 	
8.42685370742e-09 0 	0 	72415.8675998 	
9.00801603206e-09 0 	0 	72415.866405 	
9.58917835671e-09 0 	0 	72415.8652102 	
1.01703406814e-08 0 	0 	72415.8607211 	
1.0751503006e-08 0 	0 	72415.8556196 	
1.13326653307e-08 0 	0 	72415.8505182 	
1.19138276553e-08 0 	0 	72415.8454167 	
1.249498998e-08 0 	0 	72415.8403152 	
1.30761523046e-08 0 	0 	72415.8352138 	
1.36573146293e-08 0 	0 	72415.8301123 	
1.42384769539e-08 0 	0 	72415.8210069 	
1.48196392786e-08 0 	0 	72415.8029441 	
1.54008016032e-08 0 	0 	72415.7848812 	
1.59819639279e-08 0 	0 	72415.7668184 	
1.65631262525e-08 0 	0 	72415.7487555 	
1.71442885772e-08 0 	0 	72415.7306927 	
1.77254509018e-08 0 	0 	72415.7126298 	
1.83066132265e-08 0 	0 	72415.694567 	
1.88877755511e-08 0 	0 	72415.6595027 	
1.94689378758e-08 0 	0 	72415.6129742 	
2.00501002004e-08 0 	0 	72415.5664457 	
2.06312625251e-08 0 	0 	72415.5199172 	
2.12124248497e-08 0 	0 	72415.4733887 	
2.17935871743e-08 0 	0 	72415.4268602 	
2.2374749499e-08 0 	0 	72415.3803317 	
2.29559118236e-08 0 	0 	72415.3338031 	
2.35370741483e-08 0 	0 	72415.2489397 	
2.41182364729e-08 0 	0 	72415.1479694 	
2.46993987976e-08 0 	0 	72415.0469991 	
2.52805611222e-08 0 	0 	72414.9460288 	
2.58617234469e-08 0 	0 	72414.8450584 	
2.64428857715e-08 0 	0 	72414.7440881 	
2.70240480962e-08 0 	0 	72414.6431178 	
2.76052104208e-08 0 	0 	72414.5421475 	
2.81863727455e-08 0 	0 	72414.3800859 	
2.87675350701e-08 0 	0 	72414.1814158 	
2.93486973948e-08 0 	0 	72413.9827457 	
2.99298597194e-08 0 	0 	72413.7840756 	
3.05110220441e-08 0 	0 	72413.5854056 	
3.10921843687e-08 0 	0 	72413.3867355 	
3.16733466934e-08 0 	0 	72413.1880654 	
3.2254509018e-08 0 	0 	72412.9893953 	
3.28356713427e-08 0 	0 	72412.7302208 	
3.34168336673e-08 0 	0 	72412.3617583 	
3.3997995992e-08 0 	0 	72411.9932958 	
3.45791583166e-08 0 	0 	72411.6248333 	
3.51603206413e-08 0 	0 	72411.2563708 	
3.57414829659e-08 0 	0 	72410.8879083 	
3.63226452906e-08 0 	0 	72410.5194458 	
3.69038076152e-08 0 	0 	72410.1509833 	
3.74849699399e-08 0 	0 	72409.7825208 	
3.80661322645e-08 0 	0 	72409.1547462 	
3.86472945892e-08 0 	0 	72408.49584 	
3.92284569138e-08 0 	0 	72407.8369339 	
3.98096192385e-08 0 	0 	72407.1780277 	
4.03907815631e-08 0 	0 	72406.5191215 	
4.09719438878e-08 0 	0 	72405.8602153 	
4.15531062124e-08 0 	0 	72405.2013091 	
4.21342685371e-08 0 	0 	72404.5424029 	
4.27154308617e-08 0 	0 	72403.7699002 	
4.32965931864e-08 0 	0 	72402.6173709 	
4.3877755511e-08 0 	0 	72401.4648417 	
4.44589178357e-08 0 	0 	72400.3123124 	
4.50400801603e-08 0 	0 	72399.1597832 	
4.5621242485e-08 0 	0 	72398.0072539 	
4.62024048096e-08 0 	0 	72396.8547247 	
4.67835671343e-08 0 	0 	72395.7021954 	
4.73647294589e-08 0 	0 	72394.5496662 	
4.79458917836e-08 0 	0 	72393.0922973 	
4.85270541082e-08 0 	0 	72391.1013769 	
4.91082164329e-08 0 	0 	72389.1104565 	
4.96893787575e-08 0 	0 	72387.1195361 	
5.02705410822e-08 0 	0 	72385.1286157 	
5.08517034068e-08 0 	0 	72383.1376953 	
5.14328657315e-08 0 	0 	72381.1467749 	
5.20140280561e-08 0 	0 	72379.1558545 	
5.25951903808e-08 0 	0 	72377.1649341 	
5.31763527054e-08 0 	0 	72374.7620032 	
5.37575150301e-08 0 	0 	72371.3426487 	
5.43386773547e-08 0 	0 	72367.9232941 	
5.49198396794e-08 0 	0 	72364.5039396 	
5.5501002004e-08 0 	0 	72361.0845851 	
5.60821643287e-08 0 	0 	72357.6652305 	
5.66633266533e-08 0 	0 	72354.245876 	
5.7244488978e-08 0 	0 	72350.8265215 	
5.78256513026e-08 0 	0 	72347.407167 	
5.84068136273e-08 0 	0 	72343.9878124 	
5.89879759519e-08 0 	0 	72338.1215917 	
5.95691382766e-08 0 	0 	72332.254689 	
6.01503006012e-08 0 	0 	72326.3877864 	
6.07314629259e-08 0 	0 	72320.5208837 	
6.13126252505e-08 0 	0 	72314.653981 	
6.18937875752e-08 0 	0 	72308.7870784 	
6.24749498998e-08 0 	0 	72302.9201757 	
6.30561122244e-08 0 	0 	72297.0532731 	
6.36372745491e-08 0 	0 	72291.1863704 	
6.42184368737e-08 0 	0 	72283.2391413 	
6.47995991984e-08 0 	0 	72273.1476663 	
6.5380761523e-08 0 	0 	72263.0561914 	
6.59619238477e-08 0 	0 	72252.9647165 	
6.65430861723e-08 0 	0 	72242.8732415 	
6.7124248497e-08 0 	0 	72232.7817666 	
6.77054108216e-08 0 	0 	72222.6902916 	
6.82865731463e-08 0 	0 	72212.5988167 	
6.88677354709e-08 0 	0 	72202.5073418 	
6.94488977956e-08 0 	0 	72192.4158668 	
7.00300601202e-08 0 	0 	72176.7255172 	
7.06112224449e-08 0 	0 	72159.2809574 	
7.11923847695e-08 0 	0 	72141.8363975 	
7.17735470942e-08 0 	0 	72124.3918376 	
7.23547094188e-08 0 	0 	72106.9472777 	
7.29358717435e-08 0 	0 	72089.5027179 	
7.35170340681e-08 0 	0 	72072.058158 	
7.40981963928e-08 0 	0 	72054.6135981 	
7.46793587174e-08 0 	0 	72037.1690382 	
7.52605210421e-08 0 	0 	72019.7244784 	
7.58416833667e-08 0 	0 	71991.9304362 	
7.64228456914e-08 0 	0 	71961.572411 	
7.7004008016e-08 0 	0 	71931.2143858 	
7.75851703407e-08 0 	0 	71900.8563606 	
7.81663326653e-08 0 	0 	71870.4983354 	
7.874749499e-08 0 	0 	71840.1403102 	
7.93286573146e-08 0 	0 	71809.782285 	
7.99098196393e-08 0 	0 	71779.4242598 	
8.04909819639e-08 0 	0 	71749.0662346 	
8.10721442886e-08 0 	0 	71718.7082094 	
8.16533066132e-08 0 	0 	71674.4554735 	
8.22344689379e-08 0 	0 	71621.2103178 	
8.28156312625e-08 0 	0 	71567.9651621 	
8.33967935872e-08 0 	0 	71514.7200064 	
8.39779559118e-08 0 	0 	71461.4748507 	
8.45591182365e-08 0 	0 	71408.229695 	
8.51402805611e-08 0 	0 	71354.9845393 	
8.57214428858e-08 0 	0 	71301.7393836 	
8.63026052104e-08 0 	0 	71248.4942279 	
8.68837675351e-08 0 	0 	71195.2490722 	
8.74649298597e-08 0 	0 	71134.9282336 	
8.80460921844e-08 0 	0 	71040.7504827 	
8.8627254509e-08 0 	0 	70946.5727317 	
8.92084168337e-08 0 	0 	70852.3949808 	
8.97895791583e-08 0 	0 	70758.2172298 	
9.0370741483e-08 0 	0 	70664.0394788 	
9.09519038076e-08 0 	0 	70569.8617279 	
9.15330661323e-08 0 	0 	70475.6839769 	
9.21142284569e-08 0 	0 	70381.5062259 	
9.26953907816e-08 0 	0 	70287.328475 	
9.32765531062e-08 0 	0 	70193.150724 	
9.38577154309e-08 0 	0 	70062.5610551 	
9.44388777555e-08 0 	0 	69894.5401839 	
9.50200400802e-08 0 	0 	69726.5193127 	
9.56012024048e-08 0 	0 	69558.4984415 	
9.61823647295e-08 0 	0 	69390.4775703 	
9.67635270541e-08 0 	0 	69222.4566991 	
9.73446893788e-08 0 	0 	69054.4358279 	
9.79258517034e-08 0 	0 	68886.4149567 	
9.85070140281e-08 0 	0 	68718.3940855 	
9.90881763527e-08 0 	0 	68550.3732143 	
9.96693386774e-08 0 	0 	68382.3523431 	
1.00250501002e-07 0 	0 	68138.8594399 	
1.00831663327e-07 0 	0 	67836.5536398 	
1.01412825651e-07 0 	0 	67534.2478398 	
1.01993987976e-07 0 	0 	67231.9420398 	
1.02575150301e-07 0 	0 	66929.6362398 	
1.03156312625e-07 0 	0 	66627.3304398 	
1.0373747495e-07 0 	0 	66325.0246397 	
1.04318637275e-07 0 	0 	66022.7188397 	
1.04899799599e-07 0 	0 	65720.4130397 	
1.05480961924e-07 0 	0 	65418.1072397 	
1.06062124248e-07 0 	0 	65115.8014396 	
1.06643286573e-07 0 	0 	64721.5842259 	
1.07224448898e-07 0 	0 	64173.3553971 	
1.07805611222e-07 0 	0 	63625.1265682 	
1.08386773547e-07 0 	0 	63076.8977393 	
1.08967935872e-07 0 	0 	62528.6689104 	
1.09549098196e-07 0 	0 	61980.4400816 	
1.10130260521e-07 0 	0 	61432.2112527 	
1.10711422846e-07 0 	0 	60883.9824238 	
1.1129258517e-07 0 	0 	60335.7535949 	
1.11873747495e-07 0 	0 	59787.5247661 	
1.1245490982e-07 0 	0 	59239.2959372 	
1.13036072144e-07 0 	0 	58691.0671083 	
1.13617234469e-07 0 	0 	57725.1551895 	
1.14198396794e-07 0 	0 	56723.9963604 	
1.14779559118e-07 0 	0 	55722.8375313 	
1.15360721443e-07 0 	0 	54721.6787023 	
1.15941883768e-07 0 	0 	53720.5198732 	
1.16523046092e-07 0 	0 	52719.3610441 	
1.17104208417e-07 0 	0 	51718.2022151 	
1.17685370741e-07 0 	0 	50717.043386 	
1.18266533066e-07 0 	0 	49715.8845569 	
1.18847695391e-07 0 	0 	48714.7257278 	
1.19428857715e-07 0 	0 	47713.5668988 	
1.2001002004e-07 0 	0 	46543.9801604 	
1.20591182365e-07 0 	0 	44705.5087369 	
1.21172344689e-07 0 	0 	42867.0373133 	
1.21753507014e-07 0 	0 	41028.5658898 	
1.22334669339e-07 0 	0 	39190.0944662 	
1.22915831663e-07 0 	0 	37351.6230427 	
1.23496993988e-07 0 	0 	35513.1516192 	
1.24078156313e-07 0 	0 	33674.6801956 	
1.24659318637e-07 0 	0 	31836.2087721 	
1.25240480962e-07 0 	0 	29997.7373486 	
1.25821643287e-07 0 	0 	28159.265925 	
1.26402805611e-07 0 	0 	26320.7945015 	
1.26983967936e-07 0 	0 	24165.7368516 	
1.27565130261e-07 0 	0 	20777.7871525 	
1.28146292585e-07 0 	0 	17389.8374534 	
1.2872745491e-07 0 	0 	14001.8877544 	
1.29308617234e-07 0 	0 	10613.9380553 	
1.29889779559e-07 0 	0 	7225.98835624 	
1.30470941884e-07 0 	0 	3838.03865717 	
1.31052104208e-07 0 	0 	450.088958099 	
1.31633266533e-07 0 	0 	-2937.86074097 	
1.32214428858e-07 0 	0 	-6325.81044004 	
1.32795591182e-07 0 	0 	-9713.76013911 	
1.33376753507e-07 0 	0 	-13101.7098382 	
1.33957915832e-07 0 	0 	-16489.6595373 	
1.34539078156e-07 0 	0 	-22522.9187431 	
1.35120240481e-07 0 	0 	-28770.0901939 	
1.35701402806e-07 0 	0 	-35017.2616448 	
1.3628256513e-07 0 	0 	-41264.4330956 	
1.36863727455e-07 0 	0 	-47511.6045464 	
1.3744488978e-07 0 	0 	-53758.7759972 	
1.38026052104e-07 0 	0 	-60005.947448 	
1.38607214429e-07 0 	0 	-66253.1188989 	
1.39188376754e-07 0 	0 	-72500.2903497 	
1.39769539078e-07 0 	0 	-78747.4618005 	
1.40350701403e-07 0 	0 	-84994.6332513 	
1.40931863727e-07 0 	0 	-91241.8047021 	
1.41513026052e-07 0 	0 	-98140.8839544 	
1.42094188377e-07 0 	0 	-106213.555957 	
1.42675350701e-07 0 	0 	-114286.22796 	
1.43256513026e-07 0 	0 	-122358.899963 	
1.43837675351e-07 0 	0 	-130431.571965 	
1.44418837675e-07 0 	0 	-138504.243968 	
1.45e-07 0 	0 	-146576.915971 	
