-1.45e-07 -5.13953132518e-05 0.875325462786 1.14839693515
-1.44418837675e-07 0.00014490707571 0.882019074485 1.13970146048
-1.43837675351e-07 0.00033028952128 0.888401961021 1.13149653914
-1.43256513026e-07 0.000502193038363 0.894407569949 1.12390470784
-1.42675350701e-07 0.000663542164928 0.900111812986 1.11678474902
-1.42094188377e-07 0.000816151567183 0.905563562593 1.11005159244
-1.41513026052e-07 0.000960638242854 0.910778755481 1.10367541128
-1.40931863727e-07 0.00109314339136 0.915639106686 1.09781810205
-1.40350701403e-07 0.0012183627524 0.920280056002 1.09227171056
-1.39769539078e-07 0.00133720764164 0.924728116552 1.08699619678
-1.39188376754e-07 0.00144698711894 0.928898873612 1.08210221476
-1.38607214429e-07 0.00154953254846 0.93284507103 1.077508733
-1.38026052104e-07 0.00164716108396 0.936637866553 1.07311858709
-1.3744488978e-07 0.00173686823637 0.940181358549 1.06905347121
-1.36863727455e-07 0.00182079989039 0.943540729153 1.06522261712
-1.3628256513e-07 0.00190099568986 0.946780840678 1.06154311204
-1.35701402806e-07 0.00197311608941 0.949760401569 1.05818763849
-1.35120240481e-07 0.00204186395362 0.95262992531 1.05496613373
-1.34539078156e-07 0.00210606775165 0.955351187864 1.05192513502
-1.33957915832e-07 0.0021646422195 0.957886861961 1.04910566532
-1.33376753507e-07 0.00222104572484 0.960350823842 1.04637147946
-1.32795591182e-07 0.00227105489075 0.962601936013 1.04388674692
-1.32214428858e-07 0.00231901773194 0.964784322112 1.04148120441
-1.31633266533e-07 0.00236270184551 0.966823006609 1.03924124294
-1.31052104208e-07 0.00240321944537 0.968754465434 1.0371229146
-1.30470941884e-07 0.00244106165994 0.970595329362 1.03510735401
-1.29889779559e-07 0.00247503580218 0.972304216613 1.03323936454
-1.29308617234e-07 0.00250749539795 0.973961428301 1.03142915664
-1.2872745491e-07 0.00253573849548 0.975473773498 1.02977881108
-1.28146292585e-07 0.00256325091338 0.97696101469 1.02815616817
-1.27565130261e-07 0.00258649063187 0.978300524489 1.0266945991
-1.26983967936e-07 0.00260946760455 0.979630949679 1.02524293512
-1.26402805611e-07 0.00262835177989 0.980819044275 1.02394476898
-1.25821643287e-07 0.00264718155714 0.98200524713 1.02264864301
-1.25240480962e-07 0.00266228334238 0.983061125816 1.02149168453
-1.24659318637e-07 0.00267733100737 0.984115112551 1.02033674638
-1.24078156313e-07 0.00268915418413 0.985055844269 1.01930167999
-1.23496993988e-07 0.00270076205623 0.985989013754 1.01827461764
-1.22915831663e-07 0.00270974644465 0.986829648349 1.01734472526
-1.22334669339e-07 0.00271823456358 0.987652778644 1.01643321397
-1.21753507014e-07 0.00272476146667 0.988406474541 1.01559410856
-1.21172344689e-07 0.00273042815245 0.98912971552 1.01478676141
-1.20591182365e-07 0.00273482577208 0.989807879655 1.01402613598
-1.2001002004e-07 0.00273794825427 0.990440751294 1.01331245578
-1.19428857715e-07 0.00274049701995 0.99105318727 1.01261984754
-1.18847695391e-07 0.00274133212946 0.991604583168 1.01199017993
-1.18266533066e-07 0.00274216723898 0.992155979066 1.01136051232
-1.17685370741e-07 0.00274105480083 0.992637839563 1.01080223722
-1.17104208417e-07 0.00273983971709 0.993116035193 1.01024772487
-1.16523046092e-07 0.00273753484223 0.993555246377 1.00973310111
-1.15941883768e-07 0.00273448788804 0.9939679116 1.00924563899
-1.15360721443e-07 0.00273113997047 0.994369795003 1.00876918075
-1.14779559118e-07 0.00272646144713 0.994724010304 1.0083413724
-1.14198396794e-07 0.00272178292379 0.995078225604 1.00791356406
-1.13617234469e-07 0.0027160654492 0.995395184882 1.00752371746
-1.13036072144e-07 0.0027099385037 0.995697460836 1.00714883231
-1.1245490982e-07 0.0027035654006 0.995990905629 1.00678293973
-1.11873747495e-07 0.00269615691735 0.996247205081 1.00645487139
-1.1129258517e-07 0.0026887484341 0.996503504533 1.00612680304
-1.10711422846e-07 0.0026806535389 0.996735180195 1.00582381826
-1.10130260521e-07 0.00267211504807 0.996950942662 1.00553704381
-1.09549098196e-07 0.00266357655723 0.997166705129 1.00525026936
-1.08967935872e-07 0.0026540829017 0.99734822622 1.00499842918
-1.08386773547e-07 0.00264455149672 0.997528394044 1.00474796965
-1.07805611222e-07 0.00263479904355 0.99770064841 1.00450560649
-1.07224448898e-07 0.00262439830048 0.997849694197 1.00428698838
-1.06643286573e-07 0.0026139975574 0.997998739984 1.00406837026
-1.06062124248e-07 0.00260323063975 0.998134705029 1.00386319275
-1.05480961924e-07 0.00259207153155 0.998256659973 1.00367241077
-1.04899799599e-07 0.00258091242336 0.998378614916 1.0034816288
-1.04318637275e-07 0.00256932740404 0.998485401885 1.00330652585
-1.0373747495e-07 0.00255750920335 0.998583884564 1.00314000699
-1.03156312625e-07 0.00254569100265 0.998682367244 1.00297348813
-1.02575150301e-07 0.00253344892261 0.998765817184 1.00282263364
-1.01993987976e-07 0.00252106008692 0.998844062485 1.00267720248
-1.01412825651e-07 0.00250867125123 0.998922307786 1.00253177131
-1.00831663327e-07 0.0024959029275 0.998987168529 1.0024004335
-1.00250501002e-07 0.00248302196143 0.999048056373 1.00227327897
-9.96693386774e-08 0.00247014099537 0.999108944218 1.00214612445
-9.90881763527e-08 0.00245695164676 0.999159032684 1.00203049437
-9.85070140281e-08 0.0024436479365 0.999205116271 1.00191913804
-9.79258517034e-08 0.00243034422623 0.999251199858 1.00180778172
-9.73446893788e-08 0.002416817627 0.999289549093 1.00170482032
-9.67635270541e-08 0.00240315224261 0.999323082416 1.00160708614
-9.61823647295e-08 0.00238948685821 0.999356615739 1.00150935196
-9.56012024048e-08 0.00237568902782 0.99938560649 1.00141665504
-9.50200400802e-08 0.00236171549005 0.99940857091 1.00133064071
-9.44388777555e-08 0.00234774195228 0.99943153533 1.00124462637
-9.38577154309e-08 0.00233372439615 0.999453012338 1.00116030646
-9.32765531062e-08 0.00231948940459 0.999467142046 1.0010843564
-9.26953907816e-08 0.00230525441304 0.999481271753 1.00100840635
-9.21142284569e-08 0.00229101942148 0.999495401461 1.0009324563
-9.15330661323e-08 0.0022766010555 0.999503451431 1.00086367068
-9.09519038076e-08 0.00226214517598 0.999510257649 1.00079635072
-9.0370741483e-08 0.00224768929646 0.999517063867 1.00072903076
-8.97895791583e-08 0.00223315659748 0.999521384395 1.00066476753
-8.92084168337e-08 0.00221851490689 0.999522178223 1.00060484119
-8.8627254509e-08 0.0022038732163 0.999522972051 1.00054491485
-8.80460921844e-08 0.00218923152571 0.999523765879 1.0004849885
-8.74649298597e-08 0.00217444724101 0.99952008822 1.00043086485
-8.68837675351e-08 0.0021596499287 0.99951600204 1.00037727134
-8.63026052104e-08 0.00214485261639 0.99951191586 1.00032367783
-8.57214428858e-08 0.00213001159303 0.999506513783 1.00027191256
-8.51402805611e-08 0.00211508451824 0.999498521177 1.00022374644
-8.45591182365e-08 0.00210015744345 0.999490528572 1.00017558033
-8.39779559118e-08 0.00208523036865 0.999482535966 1.00012741421
-8.33967935872e-08 0.00207023077747 0.999472474477 1.00008238425
-8.28156312625e-08 0.00205519598281 0.999461408638 1.00003887674
-8.22344689379e-08 0.00204016118815 0.9994503428 0.999995369239
-8.16533066132e-08 0.0020251263935 0.999439276961 0.999951861734
-8.10721442886e-08 0.00201000940118 0.99942602882 0.999912056173
-8.04909819639e-08 0.00199488558294 0.999412599454 0.999872558033
-7.99098196393e-08 0.0019797617647 0.999399170088 0.999833059892
-7.93286573146e-08 0.00196463170472 0.999385590581 0.999793856952
-7.874749499e-08 0.0019494346408 0.999370399327 0.999757822932
-7.81663326653e-08 0.00193423757688 0.999355208073 0.999721788913
-7.75851703407e-08 0.00191904051296 0.99934001682 0.999685754893
-7.7004008016e-08 0.00190383404156 0.999324628893 0.999650192639
-7.64228456914e-08 0.00188857697861 0.999308183294 0.999617167446
-7.58416833667e-08 0.00187331991567 0.999291737695 0.999584142252
-7.52605210421e-08 0.00185806285272 0.999275292096 0.999551117059
-7.46793587174e-08 0.00184279913787 0.999258733903 0.999518449482
-7.40981963928e-08 0.00182749313927 0.999241459988 0.999488055148
-7.35170340681e-08 0.00181218714067 0.999224186073 0.999457660815
-7.29358717435e-08 0.00179688114207 0.999206912158 0.999427266481
-7.23547094188e-08 0.00178157433053 0.999189628577 0.99939691958
-7.17735470942e-08 0.00176622858724 0.999171882117 0.999368844199
-7.11923847695e-08 0.00175088284395 0.999154135657 0.999340768818
-7.06112224449e-08 0.00173553710065 0.999136389197 0.999312693437
-7.00300601202e-08 0.00172019135736 0.999118642737 0.999284618056
-6.94488977956e-08 0.00170481963232 0.999100753219 0.999258209947
-6.88677354709e-08 0.00168944173879 0.999082829737 0.999232197677
-6.82865731463e-08 0.00167406384526 0.999064906254 0.999206185406
-6.77054108216e-08 0.00165868595172 0.999046982771 0.999180173136
-6.7124248497e-08 0.00164329518932 0.999029092615 0.999155082002
-6.65430861723e-08 0.00162789138685 0.999011236228 0.999130924256
-6.59619238477e-08 0.00161248758439 0.99899337984 0.999106766511
-6.5380761523e-08 0.00159708378192 0.998975523453 0.999082608766
-6.47995991984e-08 0.00158167823569 0.99895768949 0.999058592273
-6.42184368737e-08 0.00156625362569 0.998940100677 0.999036120017
-6.36372745491e-08 0.00155082901568 0.998922511865 0.999013647761
-6.30561122244e-08 0.00153540440568 0.998904923053 0.998991175505
-6.24749498998e-08 0.00151997979568 0.99888733424 0.998968703249
-6.18937875752e-08 0.00150454573799 0.998869989948 0.998947109563
-6.13126252505e-08 0.00148910446754 0.998852832333 0.998926186613
-6.07314629259e-08 0.0014736631971 0.998835674718 0.998905263664
-6.01503006012e-08 0.00145822192666 0.998818517103 0.998884340714
-5.95691382766e-08 0.00144278065621 0.998801359488 0.998863417765
-5.89879759519e-08 0.00142732682304 0.998784734182 0.998843854455
-5.84068136273e-08 0.00141187224545 0.998768140419 0.998824371712
-5.78256513026e-08 0.00139641766786 0.998751546655 0.99880488897
-5.7244488978e-08 0.00138096309027 0.998734952892 0.998785406227
-5.66633266533e-08 0.00136550626065 0.998718501475 0.998766210726
-5.60821643287e-08 0.00135004107324 0.998702578332 0.998748081239
-5.5501002004e-08 0.00133457588583 0.99868665519 0.998729951751
-5.49198396794e-08 0.00131911069842 0.998670732048 0.998711822264
-5.43386773547e-08 0.00130364551101 0.998654808905 0.998693692777
-5.37575150301e-08 0.00128817720423 0.99863916477 0.998676037337
-5.31763527054e-08 0.00127270356594 0.998623997504 0.998659192125
-5.25951903808e-08 0.00125722992765 0.998608830239 0.998642346912
-5.20140280561e-08 0.00124175628936 0.998593662973 0.9986255017
-5.14328657315e-08 0.00122628265107 0.998578495708 0.998608656488
-5.08517034068e-08 0.00121080623964 0.998563667675 0.99859231795
-5.02705410822e-08 0.0011953258706 0.99854932377 0.998576702501
-4.96893787575e-08 0.00117984550155 0.998534979866 0.998561087052
-4.91082164329e-08 0.0011643651325 0.998520635961 0.998545471603
-4.85270541082e-08 0.00114888476346 0.998506292057 0.998529856154
-4.79458917836e-08 0.00113340257943 0.998492244556 0.998514642154
-4.73647294589e-08 0.00111791684468 0.998478776919 0.998500213525
-4.67835671343e-08 0.00110243110994 0.998465309282 0.998485784895
-4.62024048096e-08 0.0010869453752 0.998451841646 0.998471356265
-4.5621242485e-08 0.00107145964046 0.998438374009 0.998456927635
-4.50400801603e-08 0.0010559732838 0.998425039488 0.998442666332
-4.44589178357e-08 0.0010404832633 0.998412489172 0.998429390776
-4.3877755511e-08 0.00102499324279 0.998399938855 0.99841611522
-4.32965931864e-08 0.00100950322229 0.998387388539 0.998402839664
-4.27154308617e-08 0.000994013201793 0.998374838223 0.998389564108
-4.21342685371e-08 0.000978523181292 0.998362287907 0.998376288552
-4.15531062124e-08 0.000963030312211 0.99835052491 0.998363947837
-4.09719438878e-08 0.000947536858734 0.998338923434 0.998351798908
-4.03907815631e-08 0.000932043405257 0.998327321958 0.99833964998
-3.98096192385e-08 0.000916549951779 0.998315720481 0.998327501051
-3.92284569138e-08 0.000901056498302 0.998304119005 0.998315352123
-3.86472945892e-08 0.000885561970363 0.998292896295 0.998303633812
-3.80661322645e-08 0.000870065757261 0.998282267631 0.998292590872
-3.74849699399e-08 0.000854569544159 0.998271638967 0.998281547933
-3.69038076152e-08 0.000839073331058 0.998261010303 0.998270504993
-3.63226452906e-08 0.000823577117956 0.998250381639 0.998259462053
-3.57414829659e-08 0.000808080904854 0.998239752975 0.998248419113
-3.51603206413e-08 0.000792582863817 0.99822993779 0.998238270991
-3.45791583166e-08 0.000777084424006 0.998220300069 0.998228318077
-3.3997995992e-08 0.000761585984194 0.998210662349 0.998218365164
-3.34168336673e-08 0.000746087544383 0.998201024628 0.99820841225
-3.28356713427e-08 0.000730589104572 0.998191386907 0.998198459337
-3.2254509018e-08 0.000715090445846 0.998181871204 0.99818863733
-3.16733466934e-08 0.000699590203449 0.998173238196 0.998179762334
-3.10921843687e-08 0.000684089961053 0.998164605189 0.998170887337
-3.05110220441e-08 0.000668589718657 0.998155972181 0.99816201234
-2.99298597194e-08 0.00065308947626 0.998147339174 0.998153137343
-2.93486973948e-08 0.000637589233864 0.998138706166 0.998144262346
-2.87675350701e-08 0.00062208857069 0.99813036546 0.998135695104
-2.81863727455e-08 0.000606586866562 0.998122747874 0.998127889213
-2.76052104208e-08 0.000591085162434 0.998115130288 0.998120083323
-2.70240480962e-08 0.000575583458305 0.998107512702 0.998112277432
-2.64428857715e-08 0.000560081754177 0.998099895116 0.998104471542
-2.58617234469e-08 0.000544580050049 0.99809227753 0.998096665651
-2.52805611222e-08 0.000529077970682 0.998084984635 0.998089196827
-2.46993987976e-08 0.000513575082869 0.998078391279 0.99808245421
-2.41182364729e-08 0.000498072195057 0.998071797923 0.998075711593
-2.35370741483e-08 0.000482569307245 0.998065204568 0.998068968975
-2.29559118236e-08 0.000467066419432 0.998058611212 0.998062226358
-2.2374749499e-08 0.00045156353162 0.998052017856 0.998055483741
-2.17935871743e-08 0.000436060448006 0.998045636777 0.998048959178
-2.12124248497e-08 0.000420556608112 0.998040075614 0.998043276853
-2.0631262525e-08 0.000405052768217 0.99803451445 0.998037594528
-2.00501002004e-08 0.000389548928322 0.998028953287 0.998031912203
-1.94689378758e-08 0.000374045088428 0.998023392124 0.998026229879
-1.88877755511e-08 0.000358541248533 0.998017830961 0.998020547554
-1.83066132265e-08 0.000343037408639 0.998012269798 0.998014865229
-1.77254509018e-08 0.000327532852215 0.998007697423 0.998010190626
-1.71442885772e-08 0.000312028258473 0.998003176547 0.998005568507
-1.65631262525e-08 0.000296523664731 0.99799865567 0.998000946389
-1.59819639279e-08 0.000281019070989 0.997994134794 0.99799632427
-1.54008016032e-08 0.000265514477247 0.997989613918 0.997991702152
-1.48196392786e-08 0.000250009883504 0.997985093042 0.997987080034
-1.42384769539e-08 0.000234504972691 0.997981147413 0.997983040703
-1.36573146293e-08 0.000218999800507 0.997977675978 0.997979481783
-1.30761523046e-08 0.000203494628322 0.997974204544 0.997975922863
-1.249498998e-08 0.000187989456137 0.997970733109 0.997972363943
-1.19138276553e-08 0.000172484283953 0.997967261674 0.997968805023
-1.13326653307e-08 0.000156979111768 0.99796379024 0.997965246103
-1.0751503006e-08 0.000141473939584 0.997960318805 0.997961687183
-1.01703406814e-08 0.000125968352218 0.99795790277 0.997959192629
-9.58917835671e-09 0.000110462762825 0.997955491887 0.997956703271
-9.00801603206e-09 9.49571734322e-05 0.997953081005 0.997954213913
-8.42685370741e-09 7.94515840395e-05 0.997950670122 0.997951724555
-7.84569138277e-09 6.39459946468e-05 0.997948259239 0.997949235197
-7.26452905812e-09 4.84404052541e-05 0.997945848356 0.997946745839
-6.68336673347e-09 3.29347402145e-05 0.997943746864 0.997944567362
-6.10220440882e-09 1.74288881035e-05 0.99794241048 0.997943157678
-5.52104208417e-09 1.92303599253e-06 0.997941074097 0.997941747995
-4.93987975952e-09 -1.35828161184e-05 0.997939737714 0.997940338311
-4.35871743487e-09 -2.90886682294e-05 0.99793840133 0.997938928628
-3.77755511022e-09 -4.45945203404e-05 0.997937064947 0.997937518944
-3.19639278557e-09 -6.01003724514e-05 0.997935728564 0.99793610926
-2.61523046092e-09 -7.56062702876e-05 0.997934854068 0.997935162225
-2.03406813627e-09 -9.11122305193e-05 0.997934609854 0.997934846507
-1.45290581162e-09 -0.000106618190751 0.997934365639 0.997934530789
-8.71743486974e-10 -0.000122124150983 0.997934121424 0.997934215071
-2.90581162324e-10 -0.000137630111214 0.99793387721 0.997933899354
2.90581162325e-10 -0.000153136071446 0.997933632995 0.997933583636
8.71743486974e-10 -0.000168642031678 0.99793338878 0.997933267918
1.45290581162e-09 -0.00018414797065 0.997933586268 0.997933393275
2.03406813627e-09 -0.000199653877241 0.997934456513 0.997934190433
2.61523046092e-09 -0.000215159783832 0.997935326758 0.99793498759
3.19639278557e-09 -0.000230665690422 0.997936197004 0.997935784748
3.77755511022e-09 -0.000246171597013 0.997937067249 0.997936581906
4.35871743487e-09 -0.000261677503604 0.997937937494 0.997937379064
4.93987975952e-09 -0.000277183410195 0.997938807739 0.997938176222
5.52104208417e-09 -0.000292689269596 0.997939911501 0.99793920577
6.10220440882e-09 -0.00030819494534 0.99794192406 0.997941139732
6.68336673347e-09 -0.000323700621085 0.997943936619 0.997943073695
7.26452905812e-09 -0.00033920629683 0.997945949178 0.997945007658
7.84569138277e-09 -0.000354711972574 0.997947961737 0.99794694162
8.42685370742e-09 -0.000370217648319 0.997949974296 0.997948875583
9.00801603206e-09 -0.000385723324064 0.997951986855 0.997950809545
9.58917835671e-09 -0.000401228999809 0.997953999414 0.997952743508
1.01703406814e-08 -0.000416734309156 0.997957004293 0.997955660763
1.0751503006e-08 -0.000432239550409 0.997960193594 0.997958760762
1.13326653307e-08 -0.000447744791662 0.997963382895 0.997961860762
1.19138276553e-08 -0.000463250032914 0.997966572196 0.997964960761
1.249498998e-08 -0.000478755274167 0.997969761497 0.997968060761
1.30761523046e-08 -0.00049426051542 0.997972950798 0.99797116076
1.36573146293e-08 -0.000509765756673 0.9979761401 0.99797426076
1.42384769539e-08 -0.000525270787662 0.997979705934 0.997977731651
1.48196392786e-08 -0.000540775348264 0.997984114122 0.997982032277
1.54008016032e-08 -0.000556279908866 0.997988522311 0.997986332903
1.59819639279e-08 -0.000571784469467 0.997992930499 0.997990633528
1.65631262525e-08 -0.000587289030069 0.997997338688 0.997994934154
1.71442885772e-08 -0.000602793590671 0.998001746876 0.99799923478
1.77254509018e-08 -0.000618298151273 0.998006155065 0.998003535406
1.83066132265e-08 -0.000633802711875 0.998010563253 0.998007836032
1.88877755511e-08 -0.000649306678571 0.998015730042 0.998012877394
1.94689378758e-08 -0.000664810244794 0.998021408361 0.998018418241
2.00501002004e-08 -0.000680313811017 0.99802708668 0.998023959087
2.06312625251e-08 -0.000695817377239 0.998032764999 0.998029499934
2.12124248497e-08 -0.000711320943462 0.998038443317 0.99803504078
2.17935871743e-08 -0.000726824509685 0.998044121636 0.998040581626
2.2374749499e-08 -0.000742328075907 0.998049799955 0.998046122473
2.29559118236e-08 -0.00075783164213 0.998055478273 0.998051663319
2.35370741483e-08 -0.000773334211007 0.998062094715 0.998058108126
2.41182364729e-08 -0.000788836360839 0.99806910532 0.998064932741
2.46993987976e-08 -0.000804338510671 0.998076115924 0.998071757357
2.52805611222e-08 -0.000819840660503 0.998083126528 0.998078581972
2.58617234469e-08 -0.000835342810335 0.998090137132 0.998085406588
2.64428857715e-08 -0.000850844960168 0.998097147736 0.998092231203
2.70240480962e-08 -0.00086634711 0.998104158341 0.998099055818
2.76052104208e-08 -0.000881849259832 0.998111168945 0.998105880434
2.81863727455e-08 -0.000897350149887 0.998119059949 0.998113536094
2.87675350701e-08 -0.000912850285031 0.998127478524 0.99812168975
2.93486973948e-08 -0.000928350420175 0.9981358971 0.998129843407
2.99298597194e-08 -0.00094385055532 0.998144315675 0.998137997063
3.05110220441e-08 -0.000959350690464 0.99815273425 0.998146150719
3.10921843687e-08 -0.000974850825608 0.998161152826 0.998154304376
3.16733466934e-08 -0.000990350960752 0.998169571401 0.998162458032
3.2254509018e-08 -0.0010058510959 0.998177989977 0.998170611689
3.28356713427e-08 -0.00102135019581 0.998186943524 0.998179254176
3.34168336673e-08 -0.00103684742582 0.998196863382 0.99818877963
3.3997995992e-08 -0.00105234465582 0.998206783239 0.998198305084
3.45791583166e-08 -0.00106784188582 0.998216703096 0.998207830538
3.51603206413e-08 -0.00108333911583 0.998226622954 0.998217355992
3.57414829659e-08 -0.00109883634583 0.998236542811 0.998226881446
3.63226452906e-08 -0.00111433357583 0.998246462669 0.998236406899
3.69038076152e-08 -0.00112983080583 0.998256382526 0.998245932353
3.74849699399e-08 -0.00114532803584 0.998266302383 0.998255457807
3.80661322645e-08 -0.00116082143713 0.998277667739 0.998266237082
3.86472945892e-08 -0.00117631437876 0.998289206634 0.998277166883
3.92284569138e-08 -0.0011918073204 0.998300745528 0.998288096684
3.98096192385e-08 -0.00120730026203 0.998312284423 0.998299026486
4.03907815631e-08 -0.00122279320367 0.998323823317 0.998309956287
4.09719438878e-08 -0.0012382861453 0.998335362212 0.998320886089
4.15531062124e-08 -0.00125377908694 0.998346901106 0.99833181589
4.21342685371e-08 -0.00126927202857 0.998358440001 0.998342745692
4.27154308617e-08 -0.00128476347056 0.998370386933 0.99835400066
4.32965931864e-08 -0.00130024989564 0.998383698916 0.998366343443
4.3877755511e-08 -0.00131573632071 0.998397010898 0.998378686227
4.44589178357e-08 -0.00133122274579 0.998410322881 0.99839102901
4.50400801603e-08 -0.00134670917086 0.998423634864 0.998403371793
4.5621242485e-08 -0.00136219559593 0.998436946847 0.998415714577
4.62024048096e-08 -0.00137768202101 0.998450258829 0.99842805736
4.67835671343e-08 -0.00139316844608 0.998463570812 0.998440400143
4.73647294589e-08 -0.00140865487116 0.998476882795 0.998452742926
4.79458917836e-08 -0.00142413758167 0.998490916384 0.998465585055
4.85270541082e-08 -0.0014396137907 0.998506212978 0.998479301173
4.91082164329e-08 -0.00145508999973 0.998521509573 0.998493017292
4.96893787575e-08 -0.00147056620876 0.998536806167 0.99850673341
5.02705410822e-08 -0.00148604241778 0.998552102762 0.998520449528
5.08517034068e-08 -0.00150151862681 0.998567399356 0.998534165646
5.14328657315e-08 -0.00151699483584 0.998582695951 0.998547881764
5.20140280561e-08 -0.00153247104487 0.998597992545 0.998561597882
5.25951903808e-08 -0.0015479472539 0.99861328914 0.998575314
5.31763527054e-08 -0.00156341869956 0.998629246867 0.998589388319
5.37575150301e-08 -0.00157887839409 0.9986468356 0.998604346314
5.43386773547e-08 -0.00159433808862 0.998664424334 0.998619304309
5.49198396794e-08 -0.00160979778315 0.998682013067 0.998634262304
5.5501002004e-08 -0.00162525747767 0.9986996018 0.998649220299
5.60821643287e-08 -0.0016407171722 0.998717190533 0.998664178294
5.66633266533e-08 -0.00165617686673 0.998734779266 0.998679136289
5.7244488978e-08 -0.00167163656126 0.998752367999 0.998694094284
5.78256513026e-08 -0.00168709625578 0.998769956733 0.998709052279
5.84068136273e-08 -0.00170255595031 0.998787545466 0.998724010274
5.89879759519e-08 -0.00171798818548 0.998807900136 0.998739908084
5.95691382766e-08 -0.00173342041299 0.998828255578 0.998755806157
6.01503006012e-08 -0.00174885264051 0.99884861102 0.998771704229
6.07314629259e-08 -0.00176428486802 0.998868966461 0.998787602302
6.13126252505e-08 -0.00177971709553 0.998889321903 0.998803500375
6.18937875752e-08 -0.00179514932305 0.998909677344 0.998819398447
6.24749498998e-08 -0.00181058155056 0.998930032786 0.99883529652
6.30561122244e-08 -0.00182601377807 0.998950388227 0.998851194592
6.36372745491e-08 -0.00184144600559 0.998970743669 0.998867092665
6.42184368737e-08 -0.0018568551554 0.998992842689 0.99888315055
6.47995991984e-08 -0.00187224051843 0.999016738862 0.998899373157
6.5380761523e-08 -0.00188762588147 0.999040635034 0.998915595764
6.59619238477e-08 -0.0019030112445 0.999064531206 0.998931818371
6.65430861723e-08 -0.00191839660753 0.999088427379 0.998948040978
6.7124248497e-08 -0.00193378197056 0.999112323551 0.998964263585
6.77054108216e-08 -0.0019491673336 0.999136219723 0.998980486192
6.82865731463e-08 -0.00196455269663 0.999160115896 0.998996708799
6.88677354709e-08 -0.00197993805966 0.999184012068 0.999012931406
6.94488977956e-08 -0.00199532342269 0.999207908241 0.999029154013
7.00300601202e-08 -0.0020106465118 0.999235507666 0.999044714088
7.06112224449e-08 -0.00202595008956 0.999264267375 0.999060066583
7.11923847695e-08 -0.00204125366732 0.999293027084 0.999075419077
7.17735470942e-08 -0.00205655724507 0.999321786793 0.999090771571
7.23547094188e-08 -0.00207186082283 0.999350546503 0.999106124065
7.29358717435e-08 -0.00208716440059 0.999379306212 0.999121476559
7.35170340681e-08 -0.00210246797835 0.999408065921 0.999136829053
7.40981963928e-08 -0.00211777155611 0.99943682563 0.999152181548
7.46793587174e-08 -0.00213307513387 0.999465585339 0.999167534042
7.52605210421e-08 -0.00214837871163 0.999494345048 0.999182886536
7.58416833667e-08 -0.00216356559051 0.999528882818 0.99919572116
7.64228456914e-08 -0.00217872355838 0.999564852045 0.999207932006
7.7004008016e-08 -0.00219388152624 0.999600821272 0.999220142852
7.75851703407e-08 -0.00220903949411 0.9996367905 0.999232353699
7.81663326653e-08 -0.00222419746198 0.999672759727 0.999244564545
7.874749499e-08 -0.00223935542985 0.999708728954 0.999256775391
7.93286573146e-08 -0.00225451339772 0.999744698182 0.999268986237
7.99098196393e-08 -0.00226967136559 0.999780667409 0.999281197084
8.04909819639e-08 -0.00228482933346 0.999816636636 0.99929340793
8.10721442886e-08 -0.00229998730133 0.999852605863 0.999305618776
8.16533066132e-08 -0.00231498502597 0.99989555141 0.999313314877
8.22344689379e-08 -0.00232987904391 0.999943011911 0.999318089111
8.28156312625e-08 -0.00234477306186 0.999990472411 0.999322863346
8.33967935872e-08 -0.0023596670798 1.00003793291 0.99932763758
8.39779559118e-08 -0.00237456109775 1.00008539341 0.999332411814
8.45591182365e-08 -0.00238945511569 1.00013285391 0.999337186049
8.51402805611e-08 -0.00240434913364 1.00018031441 0.999341960283
8.57214428858e-08 -0.00241924315158 1.00022777492 0.999346734518
8.63026052104e-08 -0.00243413716953 1.00027523542 0.999351508752
8.68837675351e-08 -0.00244903118747 1.00032269592 0.999356282986
8.74649298597e-08 -0.00246384111589 1.00037352471 0.999358364251
8.80460921844e-08 -0.00247824867862 1.00044047067 0.999347559739
8.8627254509e-08 -0.00249265624136 1.00050741663 0.999336755228
8.92084168337e-08 -0.0025070638041 1.0005743626 0.999325950716
8.97895791583e-08 -0.00252147136683 1.00064130856 0.999315146205
9.0370741483e-08 -0.00253587892957 1.00070825452 0.999304341693
9.09519038076e-08 -0.00255028649231 1.00077520048 0.999293537182
9.15330661323e-08 -0.00256469405504 1.00084214644 0.99928273267
9.21142284569e-08 -0.00257910161778 1.00090909241 0.999271928159
9.26953907816e-08 -0.00259350918052 1.00097603837 0.999261123648
9.32765531062e-08 -0.00260791674325 1.00104298433 0.999250319136
9.38577154309e-08 -0.00262187527685 1.00112703924 0.999224166515
9.44388777555e-08 -0.00263537221158 1.00122868202 0.999182236143
9.50200400802e-08 -0.0026488691463 1.0013303248 0.999140305771
9.56012024048e-08 -0.00266236608102 1.00143196759 0.999098375399
9.61823647295e-08 -0.00267586301574 1.00153361037 0.999056445027
9.67635270541e-08 -0.00268935995047 1.00163525315 0.999014514655
9.73446893788e-08 -0.00270285688519 1.00173689594 0.998972584283
9.79258517034e-08 -0.00271635381991 1.00183853872 0.998930653911
9.85070140281e-08 -0.00272985075464 1.00194018151 0.998888723539
9.90881763527e-08 -0.00274334768936 1.00204182429 0.998846793168
9.96693386774e-08 -0.00275684462408 1.00214346707 0.998804862796
1.00250501002e-07 -0.00276936897832 1.00228116045 0.998728594907
1.00831663327e-07 -0.00278113543226 1.00244694687 0.998625568911
1.01412825651e-07 -0.0027929018862 1.00261273329 0.998522542914
1.01993987976e-07 -0.00280466834013 1.00277851972 0.998419516918
1.02575150301e-07 -0.00281643479407 1.00294430614 0.998316490921
1.03156312625e-07 -0.00282820124801 1.00311009256 0.998213464924
1.0373747495e-07 -0.00283996770195 1.00327587899 0.998110438928
1.04318637275e-07 -0.00285173415588 1.00344166541 0.998007412931
1.04899799599e-07 -0.00286350060982 1.00360745183 0.997904386935
1.05480961924e-07 -0.00287526706376 1.00377323826 0.997801360938
1.06062124248e-07 -0.0028870335177 1.00393902468 0.997698334942
1.06643286573e-07 -0.002897552697 1.00415045811 0.997550667058
1.07224448898e-07 -0.00290598187709 1.00443838008 0.997328194871
1.07805611222e-07 -0.00291441105718 1.00472630205 0.997105722685
1.08386773547e-07 -0.00292284023727 1.00501422402 0.996883250498
1.08967935872e-07 -0.00293126941737 1.00530214599 0.996660778312
1.09549098196e-07 -0.00293969859746 1.00559006796 0.996438306125
1.10130260521e-07 -0.00294812777755 1.00587798994 0.996215833939
1.10711422846e-07 -0.00295655695764 1.00616591191 0.995993361752
1.1129258517e-07 -0.00296498613773 1.00645383388 0.995770889566
1.11873747495e-07 -0.00297341531783 1.00674175585 0.995548417379
1.1245490982e-07 -0.00298184449792 1.00702967782 0.995325945193
1.13036072144e-07 -0.00299027367801 1.00731759979 0.995103473006
1.13617234469e-07 -0.00299268019922 1.00782549627 0.994665190303
1.14198396794e-07 -0.00299457848794 1.00835195568 0.994208696057
1.14779559118e-07 -0.00299647677667 1.0088784151 0.99375220181
1.15360721443e-07 -0.00299837506539 1.00940487451 0.993295707563
1.15941883768e-07 -0.00300027335411 1.00993133393 0.992839213316
1.16523046092e-07 -0.00300217164283 1.01045779334 0.992382719069
1.17104208417e-07 -0.00300406993155 1.01098425275 0.991926224823
1.17685370741e-07 -0.00300596822027 1.01151071217 0.991469730576
1.18266533066e-07 -0.003007866509 1.01203717158 0.991013236329
1.18847695391e-07 -0.00300976479772 1.01256363099 0.990556742082
1.19428857715e-07 -0.00301166308644 1.01309009041 0.990100247835
1.2001002004e-07 -0.00301095252426 1.01371265794 0.989551242866
1.20591182365e-07 -0.00299988132515 1.01471690358 0.988634846258
1.21172344689e-07 -0.00298881012605 1.01572114922 0.987718449651
1.21753507014e-07 -0.00297773892694 1.01672539487 0.986802053043
1.22334669339e-07 -0.00296666772784 1.01772964051 0.985885656435
1.22915831663e-07 -0.00295559652873 1.01873388615 0.984969259827
1.23496993988e-07 -0.00294452532963 1.01973813179 0.984052863219
1.24078156313e-07 -0.00293345413053 1.02074237744 0.983136466612
1.24659318637e-07 -0.00292238293142 1.02174662308 0.982220070004
1.25240480962e-07 -0.00291131173232 1.02275086872 0.981303673396
1.25821643287e-07 -0.00290024053321 1.02375511437 0.980387276788
1.26402805611e-07 -0.00288916933411 1.02475936001 0.979470880181
1.26983967936e-07 -0.00287275729917 1.02596512762 0.978370103069
1.27565130261e-07 -0.00283554627337 1.02795568877 0.976551286961
1.28146292585e-07 -0.00279833524757 1.02994624993 0.974732470853
1.2872745491e-07 -0.00276112422176 1.03193681109 0.972913654744
1.29308617234e-07 -0.00272391319596 1.03392737225 0.971094838636
1.29889779559e-07 -0.00268670217016 1.0359179334 0.969276022527
1.30470941884e-07 -0.00264949114435 1.03790849456 0.967457206419
1.31052104208e-07 -0.00261228011855 1.03989905572 0.96563839031
1.31633266533e-07 -0.00257506909275 1.04188961688 0.963819574202
1.32214428858e-07 -0.00253785806694 1.04388017803 0.962000758094
1.32795591182e-07 -0.00250064704114 1.04587073919 0.960181941985
1.33376753507e-07 -0.00246343601534 1.04786130035 0.958363125877
1.33957915832e-07 -0.00242622498953 1.04985186151 0.956544309768
1.34539078156e-07 -0.00233952903551 1.05381007353 0.953111587635
1.35120240481e-07 -0.00224883149602 1.05792739912 0.949548357423
1.35701402806e-07 -0.00215813395653 1.06204472471 0.945985127212
1.3628256513e-07 -0.00206743641704 1.0661620503 0.942421897
1.36863727455e-07 -0.00197673887755 1.07027937589 0.938858666788
1.3744488978e-07 -0.00188604133806 1.07439670148 0.935295436576
1.38026052104e-07 -0.00179534379857 1.07851402707 0.931732206365
1.38607214429e-07 -0.00170464625908 1.08263135266 0.928168976153
1.39188376754e-07 -0.00161394871959 1.08674867825 0.924605745941
1.39769539078e-07 -0.0015232511801 1.09086600384 0.921042515729
1.40350701403e-07 -0.00143255364061 1.09498332942 0.917479285518
1.40931863727e-07 -0.00134185610112 1.09910065501 0.913916055306
1.41513026052e-07 -0.00121144421818 1.10489806947 0.909144780695
1.42094188377e-07 -0.00100953684848 1.11372005292 0.902198732066
1.42675350701e-07 -0.000807629478784 1.12254203637 0.895252683436
1.43256513026e-07 -0.000605722109088 1.13136401981 0.888306634807
1.43837675351e-07 -0.000403814739392 1.14018600326 0.881360586178
1.44418837675e-07 -0.000201907369696 1.1490079867 0.874414537548
1.45e-07 0 1.15782997015 0.867468488919
