-1.45e-07 0.0242145790385 1.08119890172 0.925758290483
-1.44418837675e-07 0.0240767280861 1.07549984058 0.930670516422
-1.43837675351e-07 0.023945030838 1.07016756752 0.935298414424
-1.43256513026e-07 0.023820818535 1.06528643373 0.939582267769
-1.42675350701e-07 0.0237023681066 1.06075038357 0.943597099998
-1.42094188377e-07 0.0235886368294 1.05649600479 0.947389520769
-1.41513026052e-07 0.0234792578883 1.05250078965 0.950975473311
-1.40931863727e-07 0.0233761877759 1.04887956054 0.954257945329
-1.40350701403e-07 0.0232768811948 1.04548056053 0.957356768674
-1.39769539078e-07 0.0231808474719 1.04227463395 0.960295207293
-1.39188376754e-07 0.0230894041972 1.03933891883 0.963006497093
-1.38607214429e-07 0.0230015488702 1.03661391034 0.965537799029
-1.38026052104e-07 0.022916113236 1.03403092127 0.967947126227
-1.3744488978e-07 0.0228345225669 1.03167337905 0.970160957997
-1.36863727455e-07 0.0227556729415 1.02947642743 0.972233555398
-1.3628256513e-07 0.0226785917497 1.02738308324 0.974214899952
-1.35701402806e-07 0.0226052543434 1.02550906869 0.976000775521
-1.35120240481e-07 0.0225334426879 1.02372450413 0.97770593022
-1.34539078156e-07 0.0224636867894 1.02206046214 0.979302323723
-1.33957915832e-07 0.0223964134279 1.02054217731 0.980765623294
-1.33376753507e-07 0.0223300923799 1.0190798302 0.982177731449
-1.32795591182e-07 0.022266516994 1.01777904793 0.983440653251
-1.32214428858e-07 0.0222037960928 1.01652869699 0.984656509708
-1.31633266533e-07 0.022142861862 1.01538379457 0.985773955688
-1.31052104208e-07 0.0220832117857 1.01431496773 0.986819677899
-1.30470941884e-07 0.0220246466906 1.01331041709 0.987804800746
-1.29889779559e-07 0.0219676029181 1.01239640311 0.988703726645
-1.29308617234e-07 0.0219111548206 1.01151783883 0.989568902068
-1.2872745491e-07 0.0218563125781 1.01073535587 0.990341730596
-1.28146292585e-07 0.0218017486153 1.0099695229 0.991098556272
-1.27565130261e-07 0.021748757792 1.00929840058 0.991763506767
-1.26983967936e-07 0.0216958637075 1.00863310242 0.99242280748
-1.26402805611e-07 0.0216444238007 1.00805597767 0.992995793139
-1.25821643287e-07 0.0215930032216 1.00748002485 0.993567631569
-1.25240480962e-07 0.021542858367 1.00698205184 0.994062442401
-1.24659318637e-07 0.0214927320325 1.00648521087 0.994556135003
-1.24078156313e-07 0.0214436661738 1.00605378552 0.994984625991
-1.23496993988e-07 0.021394671125 1.00562672808 0.995408763356
-1.22915831663e-07 0.0213465033677 1.00525122782 0.995781043932
-1.22334669339e-07 0.0212984921045 1.00488548033 0.996143515054
-1.21753507014e-07 0.0212510722977 1.00455701954 0.996468136377
-1.21172344689e-07 0.0212039119122 1.00424491323 0.996776156236
-1.20591182365e-07 0.0211571164931 1.00395611501 0.997060293218
-1.2001002004e-07 0.0211106877865 1.00369073638 0.997320433066
-1.19428857715e-07 0.0210644159162 1.00343552111 0.997570058574
-1.18847695391e-07 0.0210186125066 1.00321066316 0.997788278394
-1.18266533066e-07 0.020972809097 1.00298580522 0.998006498214
-1.17685370741e-07 0.0209275099499 1.00279416841 0.998190010067
-1.17104208417e-07 0.0208822373799 1.00260428252 0.998371692636
-1.16523046092e-07 0.0208372309827 1.00243226443 0.99853451875
-1.15941883768e-07 0.0207924058324 1.00227241319 0.998684504804
-1.15360721443e-07 0.0207476497011 1.00211729568 0.998829443587
-1.14779559118e-07 0.0207031987137 1.00198310672 0.998952067604
-1.14198396794e-07 0.0206587477262 1.00184891777 0.999074691622
-1.13617234469e-07 0.020614519255 1.00173037317 0.999180460661
-1.13036072144e-07 0.0205703784818 1.00161799431 0.999279586825
-1.1245490982e-07 0.0205262866395 1.00150915635 0.999374858284
-1.11873747495e-07 0.0204824006094 1.00141521202 0.999453916209
-1.1129258517e-07 0.0204385145792 1.00132126768 0.999532974134
-1.10711422846e-07 0.0203947542581 1.00123673473 0.999601682469
-1.10130260521e-07 0.0203510751768 1.00115828393 0.999663702352
-1.09549098196e-07 0.0203073960955 1.00107983312 0.999725722235
-1.08967935872e-07 0.0202638767654 1.0010138369 0.999773915539
-1.08386773547e-07 0.0202203637489 1.0009483329 0.999821562396
-1.07805611222e-07 0.0201768841341 1.00088556381 0.99986614779
-1.07224448898e-07 0.0201335024801 1.00083081563 0.999901754524
-1.06643286573e-07 0.0200901208261 1.00077606746 0.999937361259
-1.06062124248e-07 0.0200467884968 1.00072560888 0.999968135815
-1.05480961924e-07 0.0200035089967 1.00067974466 0.999993734876
-1.04899799599e-07 0.0199602294966 1.00063388044 1.00001933394
-1.04318637275e-07 0.0199170002684 1.00059273139 1.00003960461
-1.0373747495e-07 0.0198737985635 1.00055416384 1.00005695806
-1.03156312625e-07 0.0198305968585 1.00051559629 1.0000743115
-1.02575150301e-07 0.0197874380041 1.00048145702 1.00008666903
-1.01993987976e-07 0.0197442939855 1.00044885092 1.00009729687
-1.01412825651e-07 0.0197011499669 1.00041624482 1.00010792471
-1.00831663327e-07 0.0196580377753 1.0003873771 1.00011437223
-1.00250501002e-07 0.0196149350309 1.00035961904 1.00011957892
-9.96693386774e-08 0.0195718322865 1.00033186097 1.00012478561
-9.90881763527e-08 0.0195287500051 1.00030696851 1.00012684994
-9.85070140281e-08 0.0194856753122 1.00028313875 1.00012774896
-9.79258517034e-08 0.0194426006193 1.00025930898 1.00012864797
-9.73446893788e-08 0.0193995367463 1.00023743672 1.00012747477
-9.67635270541e-08 0.0193564796103 1.00021678332 1.00012501127
-9.61823647295e-08 0.0193134224744 1.00019612992 1.00012254777
-9.56012024048e-08 0.0192703693676 1.00017658048 1.00011898183
-9.50200400802e-08 0.0192273216059 1.00015849559 1.00011395337
-9.44388777555e-08 0.0191842738441 1.0001404107 1.00010892492
-9.38577154309e-08 0.0191412266096 1.00012267654 1.00010357721
-9.32765531062e-08 0.019098181979 1.00010667488 1.00009665255
-9.26953907816e-08 0.0190551373484 1.00009067322 1.00008972789
-9.21142284569e-08 0.0190120927178 1.00007467156 1.00008280323
-9.15330661323e-08 0.0189690468395 1.0000600821 1.00007476672
-9.09519038076e-08 0.0189260007061 1.00004578154 1.00006650276
-9.0370741483e-08 0.0188829545726 1.00003148097 1.0000582388
-8.97895791583e-08 0.0188399064472 1.00001776117 1.0000496114
-8.92084168337e-08 0.0187968554956 1.00000486535 1.00004046836
-8.8627254509e-08 0.018753804544 0.999991969526 1.00003132531
-8.80460921844e-08 0.0187107535925 0.999979073704 1.00002218226
-8.74649298597e-08 0.018667696165 0.999967257965 1.00001257918
-8.68837675351e-08 0.0186246381459 0.999955540904 1.00000293406
-8.63026052104e-08 0.0185815801267 0.999943823843 0.999993288938
-8.57214428858e-08 0.0185385192546 0.999932446871 0.999983577669
-8.51402805611e-08 0.0184954527662 0.999921739414 0.999973736173
-8.45591182365e-08 0.0184523862777 0.999911031957 0.999963894677
-8.39779559118e-08 0.0184093197893 0.9999003245 0.999954053181
-8.33967935872e-08 0.0183662471009 0.999890213142 0.999944244291
-8.28156312625e-08 0.0183231714028 0.999880391165 0.999934451231
-8.22344689379e-08 0.0182800957047 0.999870569187 0.999924658171
-8.16533066132e-08 0.0182370200066 0.99986074721 0.999914865111
-8.10721442886e-08 0.0181939355875 0.999851660412 0.999905294988
-8.04909819639e-08 0.0181508504442 0.999842634665 0.999895743379
-7.99098196393e-08 0.0181077653008 0.999833608918 0.99988619177
-7.93286573146e-08 0.0180646793644 0.999824645652 0.999876673441
-7.874749499e-08 0.018021584914 0.999816353119 0.999867512368
-7.81663326653e-08 0.0179784904637 0.999808060585 0.999858351296
-7.75851703407e-08 0.0179353960134 0.999799768051 0.999849190224
-7.7004008016e-08 0.0178923001673 0.999791583575 0.999840107937
-7.64228456914e-08 0.0178491968148 0.999783980215 0.999831449341
-7.58416833667e-08 0.0178060934623 0.999776376854 0.999822790745
-7.52605210421e-08 0.0177629901098 0.999768773494 0.999814132148
-7.46793587174e-08 0.0177198856267 0.999761259592 0.999805552812
-7.40981963928e-08 0.0176767739567 0.999754314347 0.999797477303
-7.35170340681e-08 0.0176336622866 0.999747369103 0.999789401794
-7.29358717435e-08 0.0175905506165 0.999740423859 0.999781326285
-7.23547094188e-08 0.0175474387905 0.999733491606 0.999773263812
-7.17735470942e-08 0.017504319498 0.999727181546 0.999765825653
-7.11923847695e-08 0.0174612002056 0.999720871486 0.999758387493
-7.06112224449e-08 0.0174180809131 0.999714561426 0.999750949333
-7.00300601202e-08 0.0173749616206 0.999708251366 0.999743511173
-6.94488977956e-08 0.0173318367762 0.999702439544 0.999736614069
-6.88677354709e-08 0.0172887106136 0.999696746013 0.999729845421
-6.82865731463e-08 0.017245584451 0.999691052482 0.999723076772
-6.77054108216e-08 0.0172024582884 0.99968535895 0.999716308124
-6.7124248497e-08 0.0171593290951 0.999679963037 0.999709878821
-6.65430861723e-08 0.0171161968308 0.999674868701 0.999703793379
-6.59619238477e-08 0.0170730645665 0.999669774365 0.999697707937
-6.5380761523e-08 0.0170299323022 0.999664680028 0.999691622495
-6.47995991984e-08 0.0169867995898 0.999659634383 0.999685594169
-6.42184368737e-08 0.0169436619785 0.999655121053 0.999680190269
-6.36372745491e-08 0.0169005243673 0.999650607723 0.999674786369
-6.30561122244e-08 0.016857386756 0.999646094393 0.999669382468
-6.24749498998e-08 0.0168142491447 0.999641581063 0.999663978568
-6.18937875752e-08 0.0167711089094 0.999637385552 0.999658953012
-6.13126252505e-08 0.0167279666709 0.999633432677 0.9996542163
-6.07314629259e-08 0.0166848244324 0.999629479802 0.999649479588
-6.01503006012e-08 0.0166416821939 0.999625526926 0.999644742877
-5.95691382766e-08 0.0165985399554 0.999621574051 0.999640006165
-5.89879759519e-08 0.0165553939818 0.999618127757 0.999635875971
-5.84068136273e-08 0.0165122477868 0.999614711481 0.999631781718
-5.78256513026e-08 0.0164691015919 0.999611295205 0.999627687464
-5.7244488978e-08 0.0164259553969 0.999607878929 0.999623593211
-5.66633266533e-08 0.0163828084924 0.999604570688 0.999619628301
-5.60821643287e-08 0.0163396589543 0.999601663387 0.999616143414
-5.5501002004e-08 0.0162965094163 0.999598756086 0.999612658527
-5.49198396794e-08 0.0162533598783 0.999595848786 0.99960917364
-5.43386773547e-08 0.0162102103403 0.999592941485 0.999605688753
-5.37575150301e-08 0.016167059772 0.999590210439 0.999602414146
-5.31763527054e-08 0.0161239074428 0.999587780641 0.999599498945
-5.25951903808e-08 0.0160807551136 0.999585350844 0.999596583744
-5.20140280561e-08 0.0160376027845 0.999582921047 0.999593668542
-5.14328657315e-08 0.0159944504553 0.999580491249 0.999590753341
-5.08517034068e-08 0.0159512971778 0.99957824373 0.999588054442
-5.02705410822e-08 0.0159081425469 0.999576256346 0.999585664235
-4.96893787575e-08 0.015864987916 0.999574268962 0.999583274027
-4.91082164329e-08 0.015821833285 0.999572281578 0.99958088382
-4.85270541082e-08 0.0157786786541 0.999570294194 0.999578493612
-4.79458917836e-08 0.0157355233896 0.999568443523 0.999576264653
-4.73647294589e-08 0.0156923668854 0.999566860309 0.999574351148
-4.67835671343e-08 0.0156492103813 0.999565277094 0.999572437642
-4.62024048096e-08 0.0156060538771 0.99956369388 0.999570524137
-4.5621242485e-08 0.015562897373 0.999562110666 0.999568610632
-4.50400801603e-08 0.0155197406507 0.999560580188 0.999566758958
-4.44589178357e-08 0.0154765826438 0.999559360387 0.999565271541
-4.3877755511e-08 0.0154334246369 0.999558140586 0.999563784123
-4.32965931864e-08 0.0153902666299 0.999556920785 0.999562296706
-4.27154308617e-08 0.015347108623 0.999555700984 0.999560809289
-4.21342685371e-08 0.0153039506161 0.999554481183 0.999559321871
-4.15531062124e-08 0.0152607916249 0.999553527656 0.999558145044
-4.09719438878e-08 0.0152176324317 0.999552628756 0.999557031935
-4.03907815631e-08 0.0151744732385 0.999551729857 0.999555918827
-3.98096192385e-08 0.0151313140453 0.999550830957 0.999554805718
-3.92284569138e-08 0.0150881548522 0.999549932057 0.99955369261
-3.86472945892e-08 0.0150449953011 0.999549141187 0.999552705035
-3.80661322645e-08 0.0150018351889 0.999548519749 0.999551914345
-3.74849699399e-08 0.0149586750767 0.99954789831 0.999551123655
-3.69038076152e-08 0.0149155149645 0.999547276872 0.999550332966
-3.63226452906e-08 0.0148723548522 0.999546655433 0.999549542276
-3.57414829659e-08 0.01482919474 0.999546033994 0.999548751586
-3.51603206413e-08 0.0147860340561 0.99954560461 0.999548183673
-3.45791583166e-08 0.0147428732474 0.999545217123 0.99954766436
-3.3997995992e-08 0.0146997124387 0.999544829637 0.999547145048
-3.34168336673e-08 0.01465655163 0.99954444215 0.999546625735
-3.28356713427e-08 0.0146133908213 0.999544054663 0.999546106422
-3.2254509018e-08 0.0145702299503 0.999543690401 0.999545614077
-3.16733466934e-08 0.0145270686281 0.999543494146 0.99954531682
-3.10921843687e-08 0.0144839073059 0.999543297891 0.999545019562
-3.05110220441e-08 0.0144407459836 0.999543101636 0.999544722305
-2.99298597194e-08 0.0143975846614 0.999542905381 0.999544425048
-2.93486973948e-08 0.0143544233392 0.999542709126 0.999544127791
-2.87675350701e-08 0.0143112619118 0.99954255609 0.999543880981
-2.81863727455e-08 0.0142681002239 0.999542509972 0.99954375897
-2.76052104208e-08 0.0142249385361 0.999542463854 0.999543636959
-2.70240480962e-08 0.0141817768483 0.999542417737 0.999543514948
-2.64428857715e-08 0.0141386151604 0.999542371619 0.999543392937
-2.58617234469e-08 0.0140954534726 0.999542325502 0.999543270926
-2.52805611222e-08 0.014052291706 0.99954231472 0.999543190655
-2.46993987976e-08 0.0140091297699 0.99954238007 0.999543200312
-2.41182364729e-08 0.0139659678337 0.999542445419 0.999543209968
-2.35370741483e-08 0.0139228058975 0.999542510769 0.999543219625
-2.29559118236e-08 0.0138796439614 0.999542576118 0.999543229281
-2.2374749499e-08 0.0138364820252 0.999542641468 0.999543238937
-2.17935871743e-08 0.0137933200567 0.999542722443 0.999543267509
-2.12124248497e-08 0.0137501579631 0.999542863772 0.999543369141
-2.0631262525e-08 0.0137069958696 0.9995430051 0.999543470773
-2.00501002004e-08 0.0136638337761 0.999543146429 0.999543572405
-1.94689378758e-08 0.0136206716826 0.999543287757 0.999543674037
-1.88877755511e-08 0.013577509589 0.999543429086 0.999543775669
-1.83066132265e-08 0.0135343474955 0.999543570415 0.999543877301
-1.77254509018e-08 0.0134911853176 0.999543753941 0.999544032903
-1.71442885772e-08 0.0134480231353 0.999543939664 0.999544191316
-1.65631262525e-08 0.013404860953 0.999544125388 0.99954434973
-1.59819639279e-08 0.0133616987707 0.999544311112 0.999544508143
-1.54008016032e-08 0.0133185365884 0.999544496835 0.999544666556
-1.48196392786e-08 0.0132753744061 0.999544682559 0.999544824969
-1.42384769539e-08 0.0132322122025 0.999544877829 0.999544998
-1.36573146293e-08 0.0131890499815 0.999545080967 0.999545183081
-1.30761523046e-08 0.0131458877604 0.999545284106 0.999545368161
-1.249498998e-08 0.0131027255394 0.999545487245 0.999545553241
-1.19138276553e-08 0.0130595633183 0.999545690384 0.999545738322
-1.13326653307e-08 0.0130164010973 0.999545893522 0.999545923402
-1.0751503006e-08 0.0129732388763 0.999546096661 0.999546108483
-1.01703406814e-08 0.0129300766516 0.999546295565 0.99954629577
-9.58917835671e-09 0.012886914427 0.999546494448 0.999546483067
-9.00801603206e-09 0.0128437522024 0.999546693331 0.999546670365
-8.42685370741e-09 0.0128005899777 0.999546892214 0.999546857663
-7.84569138277e-09 0.0127574277531 0.999547091097 0.99954704496
-7.26452905812e-09 0.0127142655285 0.99954728998 0.999547232258
-6.68336673347e-09 0.0126711033098 0.999547483141 0.999547414962
-6.10220440882e-09 0.0126279411057 0.999547662149 0.999547586308
-5.52104208417e-09 0.0125847789017 0.999547841158 0.999547757654
-4.93987975952e-09 0.0125416166977 0.999548020167 0.999547929
-4.35871743487e-09 0.0124984544937 0.999548199176 0.999548100345
-3.77755511022e-09 0.0124552922896 0.999548378185 0.999548271691
-3.19639278557e-09 0.0124121300856 0.999548557194 0.999548443037
-2.61523046092e-09 0.0123689678976 0.999548724101 0.999548602901
-2.03406813627e-09 0.0123258057314 0.999548874495 0.999548747096
-1.45290581162e-09 0.0122826435653 0.99954902489 0.999548891292
-8.71743486974e-10 0.0122394813991 0.999549175284 0.999549035488
-2.90581162324e-10 0.012196319233 0.999549325678 0.999549179683
2.90581162325e-10 0.0121531570669 0.999549476072 0.999549323879
8.71743486974e-10 0.0121099949007 0.999549626467 0.999549468075
1.45290581162e-09 0.0120668327556 0.999549765163 0.999549600153
2.03406813627e-09 0.0120236706424 0.999549886041 0.999549713776
2.61523046092e-09 0.0119805085293 0.99955000692 0.999549827399
3.19639278557e-09 0.0119373464162 0.999550127798 0.999549941022
3.77755511022e-09 0.0118941843031 0.999550248677 0.999550054645
4.35871743487e-09 0.0118510221899 0.999550369555 0.999550168268
4.93987975952e-09 0.0118078600768 0.999550490434 0.99955028189
5.52104208417e-09 0.0117646979783 0.999550606932 0.99955039035
6.10220440882e-09 0.0117215359369 0.999550706384 0.999550478717
6.68336673347e-09 0.0116783738955 0.999550805836 0.999550567085
7.26452905812e-09 0.0116352118541 0.999550905288 0.999550655452
7.84569138277e-09 0.0115920498128 0.99955100474 0.999550743819
8.42685370742e-09 0.0115488877714 0.999551104192 0.999550832186
9.00801603206e-09 0.01150572573 0.999551203644 0.999550920553
9.58917835671e-09 0.0114625636886 0.999551303096 0.99955100892
1.01703406814e-08 0.0114194017327 0.999551400059 0.999551088819
1.0751503006e-08 0.0113762397927 0.99955149656 0.999551167144
1.13326653307e-08 0.0113330778526 0.99955159306 0.999551245469
1.19138276553e-08 0.0112899159126 0.999551689561 0.999551323794
1.249498998e-08 0.0112467539726 0.999551786062 0.999551402119
1.30761523046e-08 0.0112035920326 0.999551882562 0.999551480444
1.36573146293e-08 0.0111604300926 0.999551979063 0.999551558769
1.42384769539e-08 0.0111172681995 0.999552084089 0.999551642173
1.48196392786e-08 0.0110741064112 0.999552208186 0.999551736939
1.54008016032e-08 0.011030944623 0.999552332284 0.999551831706
1.59819639279e-08 0.0109877828348 0.999552456381 0.999551926472
1.65631262525e-08 0.0109446210466 0.999552580479 0.999552021239
1.71442885772e-08 0.0109014592584 0.999552704576 0.999552116005
1.77254509018e-08 0.0108582974701 0.999552828674 0.999552210772
1.83066132265e-08 0.0108151356819 0.999552952771 0.999552305538
1.88877755511e-08 0.010771974035 0.999553120001 0.999552433612
1.94689378758e-08 0.0107288124833 0.999553316315 0.999552584146
2.00501002004e-08 0.0106856509316 0.999553512629 0.99955273468
2.06312625251e-08 0.0106424893799 0.999553708943 0.999552885214
2.12124248497e-08 0.0105993278282 0.999553905257 0.999553035748
2.17935871743e-08 0.0105561662765 0.999554101571 0.999553186282
2.2374749499e-08 0.0105130047248 0.999554297886 0.999553336816
2.29559118236e-08 0.0104698431731 0.9995544942 0.99955348735
2.35370741483e-08 0.0104266818853 0.999554784306 0.999553715091
2.41182364729e-08 0.0103835207085 0.999555113819 0.999553975272
2.46993987976e-08 0.0103403595317 0.999555443333 0.999554235453
2.52805611222e-08 0.0102971983548 0.999555772846 0.999554495634
2.58617234469e-08 0.010254037178 0.99955610236 0.999554755815
2.64428857715e-08 0.0102108760011 0.999556431873 0.999555015996
2.70240480962e-08 0.0101677148243 0.999556761387 0.999555276177
2.76052104208e-08 0.0101245536475 0.9995570909 0.999555536358
2.81863727455e-08 0.0100813928422 0.999557553619 0.999555908957
2.87675350701e-08 0.0100382322597 0.999558096161 0.999556348922
2.93486973948e-08 0.00999507167711 0.999558638702 0.999556788887
2.99298597194e-08 0.00995191109455 0.999559181243 0.999557228852
3.05110220441e-08 0.00990875051199 0.999559723785 0.999557668816
3.10921843687e-08 0.00986558992943 0.999560266326 0.999558108781
3.16733466934e-08 0.00982242934687 0.999560808867 0.999558548746
3.2254509018e-08 0.00977926876431 0.999561351409 0.999558988711
3.28356713427e-08 0.00973610851482 0.999562005896 0.999559524042
3.34168336673e-08 0.00969294886694 0.999562862588 0.999560231631
3.3997995992e-08 0.00964978921906 0.99956371928 0.99956093922
3.45791583166e-08 0.00960662957119 0.999564575973 0.999561646809
3.51603206413e-08 0.00956346992331 0.999565432665 0.999562354398
3.57414829659e-08 0.00952031027543 0.999566289357 0.999563061987
3.63226452906e-08 0.00947715062756 0.99956714605 0.999563769576
3.69038076152e-08 0.00943399097968 0.999568002742 0.999564477165
3.74849699399e-08 0.0093908313318 0.999568859434 0.999565184754
3.80661322645e-08 0.00934767298187 0.999570107656 0.999566226234
3.86472945892e-08 0.00930451478776 0.999571402883 0.999567307799
3.92284569138e-08 0.00926135659365 0.99957269811 0.999568389363
3.98096192385e-08 0.00921819839954 0.999573993337 0.999569470928
4.03907815631e-08 0.00917504020543 0.999575288564 0.999570552493
4.09719438878e-08 0.00913188201132 0.99957658379 0.999571634058
4.15531062124e-08 0.00908872381721 0.999577879017 0.999572715623
4.21342685371e-08 0.00904556562309 0.999579174244 0.999573797188
4.27154308617e-08 0.00900240794314 0.999580604519 0.999574993474
4.32965931864e-08 0.00895925198323 0.999582486585 0.999576573551
4.3877755511e-08 0.00891609602332 0.999584368651 0.999578153627
4.44589178357e-08 0.00887294006341 0.999586250717 0.999579733704
4.50400801603e-08 0.00882978410351 0.999588132782 0.999581313781
4.5621242485e-08 0.0087866281436 0.999590014848 0.999582893857
4.62024048096e-08 0.00874347218369 0.999591896914 0.999584473934
4.67835671343e-08 0.00870031622378 0.99959377898 0.999586054011
4.73647294589e-08 0.00865716026387 0.999595661046 0.999587634087
4.79458917836e-08 0.00861400553719 0.99959781833 0.999589446607
4.85270541082e-08 0.008570852969 0.99960045732 0.999591665964
4.91082164329e-08 0.0085277004008 0.999603096311 0.999593885321
4.96893787575e-08 0.0084845478326 0.999605735301 0.999596104677
5.02705410822e-08 0.0084413952644 0.999608374291 0.999598324034
5.08517034068e-08 0.0083982426962 0.999611013282 0.999600543391
5.14328657315e-08 0.008355090128 0.999613652272 0.999602762748
5.20140280561e-08 0.00831193755981 0.999616291263 0.999604982105
5.25951903808e-08 0.00826878499161 0.999618930253 0.999607201461
5.31763527054e-08 0.00822563388866 0.999621840689 0.999609649433
5.37575150301e-08 0.00818248640047 0.999625420779 0.999612661394
5.43386773547e-08 0.00813933891228 0.999629000869 0.999615673354
5.49198396794e-08 0.00809619142409 0.999632580958 0.999618685315
5.5501002004e-08 0.0080530439359 0.999636161048 0.999621697275
5.60821643287e-08 0.00800989644771 0.999639741138 0.999624709236
5.66633266533e-08 0.00796674895953 0.999643321228 0.999627721196
5.7244488978e-08 0.00792360147134 0.999646901317 0.999630733157
5.78256513026e-08 0.00788045398315 0.999650481407 0.999633745117
5.84068136273e-08 0.00783730649496 0.999654061497 0.999636757078
5.89879759519e-08 0.00779416648561 0.999658762168 0.999640723178
5.95691382766e-08 0.00775102647834 0.999663463151 0.999644689543
6.01503006012e-08 0.00770788647108 0.999668164134 0.999648655909
6.07314629259e-08 0.00766474646381 0.999672865118 0.999652622275
6.13126252505e-08 0.00762160645654 0.999677566101 0.999656588641
6.18937875752e-08 0.00757846644928 0.999682267084 0.999660555007
6.24749498998e-08 0.00753532644201 0.999686968068 0.999664521372
6.30561122244e-08 0.00749218643475 0.999691669051 0.999668487738
6.36372745491e-08 0.00744904642748 0.999696370035 0.999672454104
6.42184368737e-08 0.00740591171258 0.99970168988 0.999676974693
6.47995991984e-08 0.00736278245266 0.999707647604 0.999682066534
6.5380761523e-08 0.00731965319274 0.999713605327 0.999687158374
6.59619238477e-08 0.00727652393282 0.999719563051 0.999692250215
6.65430861723e-08 0.0072333946729 0.999725520774 0.999697342056
6.7124248497e-08 0.00719026541298 0.999731478498 0.999702433897
6.77054108216e-08 0.00714713615306 0.999737436221 0.999707525738
6.82865731463e-08 0.00710400689314 0.999743393944 0.999712617578
6.88677354709e-08 0.00706087763323 0.999749351668 0.999717709419
6.94488977956e-08 0.00701774837331 0.999755309391 0.99972280126
7.00300601202e-08 0.00697463039498 0.999762231689 0.999728903241
7.06112224449e-08 0.00693151595134 0.999769456202 0.999735321714
7.11923847695e-08 0.0068884015077 0.999776680715 0.999741740187
7.17735470942e-08 0.00684528706406 0.999783905229 0.99974815866
7.23547094188e-08 0.00680217262042 0.999791129742 0.999754577134
7.29358717435e-08 0.00675905817678 0.999798354255 0.999760995607
7.35170340681e-08 0.00671594373314 0.999805578768 0.99976741408
7.40981963928e-08 0.0066728292895 0.999812803281 0.999773832553
7.46793587174e-08 0.00662971484586 0.999820027795 0.999780251026
7.52605210421e-08 0.00658660040222 0.999827252308 0.999786669499
7.58416833667e-08 0.00654350109505 0.999835263791 0.999794400363
7.64228456914e-08 0.00650040553778 0.999843470239 0.999802456358
7.7004008016e-08 0.00645730998052 0.999851676687 0.999810512354
7.75851703407e-08 0.00641421442326 0.999859883135 0.999818568349
7.81663326653e-08 0.00637111886599 0.999868089583 0.999826624345
7.874749499e-08 0.00632802330873 0.999876296031 0.999834680341
7.93286573146e-08 0.00628492775147 0.999884502479 0.999842736336
7.99098196393e-08 0.0062418321942 0.999892708927 0.999850792332
8.04909819639e-08 0.00619873663694 0.999900915375 0.999858848327
8.10721442886e-08 0.00615564107967 0.999909121823 0.999866904323
8.16533066132e-08 0.00611255769987 0.999917357252 0.999876350967
8.22344689379e-08 0.0060694822011 0.999925611438 0.999886697616
8.28156312625e-08 0.00602640670234 0.999933865623 0.999897044264
8.33967935872e-08 0.00598333120357 0.999942119808 0.999907390913
8.39779559118e-08 0.0059402557048 0.999950373994 0.999917737561
8.45591182365e-08 0.00589718020604 0.999958628179 0.99992808421
8.51402805611e-08 0.00585410470727 0.999966882365 0.999938430858
8.57214428858e-08 0.00581102920851 0.99997513655 0.999948777507
8.63026052104e-08 0.00576795370974 0.999983390736 0.999959124155
8.68837675351e-08 0.00572487821098 0.999991644921 0.999969470804
8.74649298597e-08 0.00568180442834 0.999999502609 0.999980490439
8.80460921844e-08 0.00563873885734 1.00000546307 0.999994730291
8.8627254509e-08 0.00559567328634 1.00001142353 1.00000897014
8.92084168337e-08 0.00555260771534 1.00001738399 1.00002321
8.97895791583e-08 0.00550954214434 1.00002334445 1.00003744985
9.0370741483e-08 0.00546647657334 1.00002930491 1.0000516897
9.09519038076e-08 0.00542341100234 1.00003526537 1.00006592955
9.15330661323e-08 0.00538034543134 1.00004122582 1.00008016941
9.21142284569e-08 0.00533727986034 1.00004718628 1.00009440926
9.26953907816e-08 0.00529421428934 1.00005314674 1.00010864911
9.32765531062e-08 0.00525114871834 1.0000591072 1.00012288896
9.38577154309e-08 0.00520806648615 1.00006127259 1.00014104596
9.44388777555e-08 0.00516496712637 1.00005953668 1.00016322975
9.50200400802e-08 0.00512186776659 1.00005780077 1.00018541354
9.56012024048e-08 0.00507876840681 1.00005606486 1.00020759732
9.61823647295e-08 0.00503566904704 1.00005432894 1.00022978111
9.67635270541e-08 0.00499256968726 1.00005259303 1.0002519649
9.73446893788e-08 0.00494947032748 1.00005085712 1.00027414869
9.79258517034e-08 0.00490637096771 1.00004912121 1.00029633248
9.85070140281e-08 0.00486327160793 1.00004738529 1.00031851627
9.90881763527e-08 0.00482017224815 1.00004564938 1.00034070006
9.96693386774e-08 0.00477707288837 1.00004391347 1.00036288385
1.00250501002e-07 0.00473387932988 1.00003103017 1.00039520336
1.00831663327e-07 0.0046906123654 1.00000946007 1.00043542132
1.01412825651e-07 0.00464734540092 0.999987889975 1.00047563928
1.01993987976e-07 0.00460407843644 0.999966319878 1.00051585723
1.02575150301e-07 0.00456081147196 0.999944749781 1.00055607519
1.03156312625e-07 0.00451754450748 0.999923179684 1.00059629315
1.0373747495e-07 0.00447427754299 0.999901609587 1.00063651111
1.04318637275e-07 0.00443101057851 0.99988003949 1.00067672906
1.04899799599e-07 0.00438774361403 0.999858469393 1.00071694702
1.05480961924e-07 0.00434447664955 0.999836899296 1.00075716498
1.06062124248e-07 0.00430120968507 0.9998153292 1.00079738294
1.06643286573e-07 0.00425774406923 0.999776198476 1.00085354052
1.07224448898e-07 0.0042139455827 0.999707642238 1.00093640737
1.07805611222e-07 0.00417014709616 0.999639086001 1.00101927423
1.08386773547e-07 0.00412634860962 0.999570529763 1.00110214109
1.08967935872e-07 0.00408255012309 0.999501973526 1.00118500795
1.09549098196e-07 0.00403875163655 0.999433417288 1.0012678748
1.10130260521e-07 0.00399495315002 0.999364861051 1.00135074166
1.10711422846e-07 0.00395115466348 0.999296304814 1.00143360852
1.1129258517e-07 0.00390735617695 0.999227748576 1.00151647538
1.11873747495e-07 0.00386355769041 0.999159192339 1.00159934223
1.1245490982e-07 0.00381975920388 0.999090636101 1.00168220909
1.13036072144e-07 0.00377596071734 0.999022079864 1.00176507595
1.13617234469e-07 0.00373080827031 0.998853929088 1.00194179393
1.14198396794e-07 0.00368554156699 0.998677373854 1.00212643169
1.14779559118e-07 0.00364027486367 0.998500818621 1.00231106946
1.15360721443e-07 0.00359500816034 0.998324263387 1.00249570723
1.15941883768e-07 0.00354974145702 0.998147708154 1.002680345
1.16523046092e-07 0.0035044747537 0.99797115292 1.00286498276
1.17104208417e-07 0.00345920805037 0.997794597686 1.00304962053
1.17685370741e-07 0.00341394134705 0.997618042453 1.0032342583
1.18266533066e-07 0.00336867464372 0.997441487219 1.00341889606
1.18847695391e-07 0.0033234079404 0.997264931986 1.00360353383
1.19428857715e-07 0.00327814123708 0.997088376752 1.0037881716
1.2001002004e-07 0.00323210769453 0.996862345911 1.00402164665
1.20591182365e-07 0.00318302877183 0.996439830554 1.00444907125
1.21172344689e-07 0.00313394984913 0.996017315197 1.00487649584
1.21753507014e-07 0.00308487092643 0.99559479984 1.00530392043
1.22334669339e-07 0.00303579200373 0.995172284483 1.00573134502
1.22915831663e-07 0.00298671308103 0.994749769126 1.00615876962
1.23496993988e-07 0.00293763415833 0.99432725377 1.00658619421
1.24078156313e-07 0.00288855523563 0.993904738413 1.0070136188
1.24659318637e-07 0.00283947631293 0.993482223056 1.0074410434
1.25240480962e-07 0.00279039739023 0.993059707699 1.00786846799
1.25821643287e-07 0.00274131846754 0.992637192342 1.00829589258
1.26402805611e-07 0.00269223954484 0.992214676985 1.00872331717
1.26983967936e-07 0.00264120015571 0.99167801298 1.00926933198
1.27565130261e-07 0.00258252605837 0.990696816181 1.01027717652
1.28146292585e-07 0.00252385196102 0.989715619381 1.01128502105
1.2872745491e-07 0.00246517786368 0.988734422582 1.01229286559
1.29308617234e-07 0.00240650376634 0.987753225782 1.01330071012
1.29889779559e-07 0.00234782966899 0.986772028983 1.01430855466
1.30470941884e-07 0.00228915557165 0.985790832183 1.0153163992
1.31052104208e-07 0.0022304814743 0.984809635384 1.01632424373
1.31633266533e-07 0.00217180737696 0.983828438584 1.01733208827
1.32214428858e-07 0.00211313327961 0.982847241784 1.0183399328
1.32795591182e-07 0.00205445918227 0.981866044985 1.01934777734
1.33376753507e-07 0.00199578508493 0.980884848185 1.02035562188
1.33957915832e-07 0.00193711098758 0.979903651386 1.02136346641
1.34539078156e-07 0.00185643711008 0.977755978939 1.02367164764
1.35120240481e-07 0.00177398422625 0.975513979752 1.02608498024
1.35701402806e-07 0.00169153134241 0.973271980565 1.02849831284
1.3628256513e-07 0.00160907845858 0.971029981378 1.03091164545
1.36863727455e-07 0.00152662557475 0.96878798219 1.03332497805
1.3744488978e-07 0.00144417269092 0.966545983003 1.03573831065
1.38026052104e-07 0.00136171980708 0.964303983816 1.03815164326
1.38607214429e-07 0.00127926692325 0.962061984629 1.04056497586
1.39188376754e-07 0.00119681403942 0.959819985441 1.04297830846
1.39769539078e-07 0.00111436115559 0.957577986254 1.04539164107
1.40350701403e-07 0.00103190827175 0.955335987067 1.04780497367
1.40931863727e-07 0.000949455387922 0.953093987879 1.05021830627
1.41513026052e-07 0.000846089321337 0.949830644875 1.05385452802
1.42094188377e-07 0.000705074434448 0.944728634353 1.05969224795
1.42675350701e-07 0.000564059547558 0.939626623831 1.06552996788
1.43256513026e-07 0.000423044660669 0.934524613309 1.07136768781
1.43837675351e-07 0.000282029773779 0.929422602787 1.07720540774
1.44418837675e-07 0.000141014886889 0.924320592265 1.08304312767
1.45e-07 0 0.919218581743 1.0888808476
