-1.45e-07 0.0182242156767 1.31503521248 0.754280819171
-1.44418837675e-07 0.0178038712017 1.29388384266 0.766672223652
-1.43837675351e-07 0.0174058845449 1.27409612247 0.778530476794
-1.43256513026e-07 0.0170353818988 1.25602195927 0.789759696215
-1.42675350701e-07 0.0166863034638 1.23923989182 0.800476835133
-1.42094188377e-07 0.0163549170256 1.22350426166 0.810760255328
-1.41513026052e-07 0.0160399422753 1.20872618381 0.820634362269
-1.40931863727e-07 0.0157490758014 1.19531533805 0.829885278359
-1.40350701403e-07 0.0154728059119 1.18270918249 0.838745333564
-1.39769539078e-07 0.0152092900196 1.1708004665 0.847260378514
-1.39188376754e-07 0.0149638580689 1.15986240619 0.855275005554
-1.38607214429e-07 0.014732794929 1.14967643478 0.862879674325
-1.38026052104e-07 0.0145114827933 1.13999651562 0.870203218548
-1.3744488978e-07 0.0143058371178 1.13111746924 0.877066894181
-1.36863727455e-07 0.0141115645729 1.12280710507 0.883587798829
-1.3628256513e-07 0.0139246450998 1.11486357323 0.889886479484
-1.35701402806e-07 0.0137535584995 1.10769554143 0.895696156645
-1.35120240481e-07 0.0135890550872 1.10084381574 0.901297848945
-1.34539078156e-07 0.0134334216906 1.09441827268 0.906619307867
-1.33957915832e-07 0.0132887277139 1.08850904048 0.911587832199
-1.33376753507e-07 0.0131482486906 1.08279808743 0.91641983685
-1.32795591182e-07 0.0130201393903 1.07766137936 0.920844957844
-1.32214428858e-07 0.0128959703951 1.07270482321 0.925138131822
-1.31633266533e-07 0.0127800403132 1.06812495262 0.929155413449
-1.31052104208e-07 0.012670178819 1.06381866919 0.932966105776
-1.30470941884e-07 0.0125654446702 1.05974353937 0.936602250945
-1.29889779559e-07 0.0124680879932 1.05599674408 0.939983413796
-1.29308617234e-07 0.0123736199706 1.05237850841 0.943264738137
-1.2872745491e-07 0.0122871544065 1.04911224531 0.946265596763
-1.28146292585e-07 0.0122020755934 1.04590697576 0.949217853308
-1.27565130261e-07 0.0121250650488 1.0430527735 0.951883691476
-1.26983967936e-07 0.0120485506551 1.0402201598 0.954531916603
-1.26402805611e-07 0.0119797248918 1.03771883263 0.956903968221
-1.25821643287e-07 0.0119110013194 1.03522190864 0.959272349168
-1.25240480962e-07 0.011849243933 1.03302248389 0.961387785073
-1.24659318637e-07 0.0117875876766 1.03082737802 0.963499548907
-1.24078156313e-07 0.0117319239371 1.02888613417 0.965391546621
-1.23496993988e-07 0.0116766603284 1.02696184114 0.967268870172
-1.22915831663e-07 0.011626245011 1.02524144286 0.96896675378
-1.22334669339e-07 0.0115767468173 1.02355961419 0.970630693755
-1.21753507014e-07 0.0115308521485 1.02202833311 0.972160130853
-1.21172344689e-07 0.0114865380372 1.02056308435 0.973630573066
-1.20591182365e-07 0.0114445418782 1.01919409595 0.975013815981
-1.2001002004e-07 0.0114048747609 1.01792182844 0.976309442429
-1.19428857715e-07 0.0113662491416 1.01669257718 0.97756560148
-1.18847695391e-07 0.0113307344132 1.01559181285 0.978703873822
-1.18266533066e-07 0.0112952196848 1.01449104852 0.979842146165
-1.17685370741e-07 0.0112632182061 1.01353466655 0.98084636914
-1.17104208417e-07 0.0112314018934 1.01258589426 0.981843527036
-1.16523046092e-07 0.0112015387465 1.01171702044 0.982765676056
-1.15941883768e-07 0.011173005583 1.01090255248 0.983636748741
-1.15360721443e-07 0.0111450082108 1.01010990748 0.984487116754
-1.14779559118e-07 0.0111193796552 1.00941374521 0.985245946201
-1.14198396794e-07 0.0110937510995 1.00871758294 0.986004775648
-1.13617234469e-07 0.0110699593795 1.00809592653 0.986692194127
-1.13036072144e-07 0.0110468915922 1.00750363432 0.987351468154
-1.1245490982e-07 0.0110242559048 1.0069287981 0.987993842932
-1.11873747495e-07 0.0110034377017 1.00642738465 0.988565136636
-1.1129258517e-07 0.0109826194987 1.0059259712 0.98913643034
-1.10711422846e-07 0.0109629973458 1.0054726791 0.989660665833
-1.10130260521e-07 0.0109441481437 1.00505048556 0.990154489825
-1.09549098196e-07 0.0109252989416 1.00462829201 0.990648313816
-1.08967935872e-07 0.010908101433 1.00427227122 0.991076751918
-1.08386773547e-07 0.0108909692017 1.00391886567 0.991502605878
-1.07805611222e-07 0.010874216209 1.00358058504 0.991913350049
-1.07224448898e-07 0.0108585754466 1.00328666281 0.992279780247
-1.06643286573e-07 0.0108429346843 1.00299274057 0.992646210445
-1.06062124248e-07 0.0108279170392 1.00272354582 0.992987643314
-1.05480961924e-07 0.0108135667826 1.00248083539 0.993302302846
-1.04899799599e-07 0.0107992165259 1.00223812495 0.993616962377
-1.04318637275e-07 0.0107855849436 1.00202377312 0.993902575527
-1.0373747495e-07 0.0107723468271 1.00182494729 0.99417228612
-1.03156312625e-07 0.0107591087106 1.00162612147 0.994441996713
-1.02575150301e-07 0.0107465796088 1.00145509051 0.994682814409
-1.01993987976e-07 0.0107342959823 1.0012936827 0.994913628796
-1.01412825651e-07 0.0107220123559 1.00113227489 0.995144443183
-1.00831663327e-07 0.0107103577598 1.00099533699 0.995349386409
-1.00250501002e-07 0.010698889877 1.00086566242 0.995546650374
-9.96693386774e-08 0.0106874219942 1.00073598785 0.995743914339
-9.90881763527e-08 0.0106764604901 1.0006258314 0.995920132403
-9.85070140281e-08 0.0106656867734 1.00052291313 0.996088545733
-9.79258517034e-08 0.0106549130566 1.00041999485 0.996256959062
-9.73446893788e-08 0.0106445017731 1.00033089203 0.996410127325
-9.67635270541e-08 0.0106343161641 1.00025039162 0.996553803017
-9.61823647295e-08 0.0106241305552 1.00016989121 0.99669747871
-9.56012024048e-08 0.010614158134 1.00009740808 0.996832062086
-9.50200400802e-08 0.0106044685351 1.00003556096 0.996954583285
-9.44388777555e-08 0.0105947789361 0.999973713832 0.997077104484
-9.38577154309e-08 0.0105851594436 0.999914459845 0.997196587294
-9.32765531062e-08 0.0105758862527 0.999868015057 0.997301061513
-9.26953907816e-08 0.0105666130618 0.999821570269 0.997405535732
-9.21142284569e-08 0.0105573398709 0.99977512548 0.99751000995
-9.15330661323e-08 0.0105483555248 0.999739148487 0.997601729522
-9.09519038076e-08 0.0105394302687 0.999705312927 0.997690839832
-9.0370741483e-08 0.0105305050126 0.999671477367 0.997779950142
-8.97895791583e-08 0.0105216993702 0.99964186805 0.997863662176
-8.92084168337e-08 0.0105130634362 0.999618254937 0.997939715123
-8.8627254509e-08 0.0105044275021 0.999594641824 0.998015768071
-8.80460921844e-08 0.010495791568 0.99957102871 0.998091821019
-8.74649298597e-08 0.010487374993 0.999554924243 0.998157718897
-8.68837675351e-08 0.0104789784591 0.999539505776 0.998222688994
-8.63026052104e-08 0.0104705819251 0.99952408731 0.99828765909
-8.57214428858e-08 0.0104622517843 0.999510852504 0.998349462959
-8.51402805611e-08 0.0104540523478 0.999501916547 0.99840503366
-8.45591182365e-08 0.0104458529114 0.99949298059 0.99846060436
-8.39779559118e-08 0.010437653475 0.999484044632 0.99851617506
-8.33967935872e-08 0.0104295627179 0.99947850601 0.998566380709
-8.28156312625e-08 0.0104215247199 0.999474616642 0.998613981866
-8.22344689379e-08 0.0104134867218 0.999470727273 0.998661583022
-8.16533066132e-08 0.0104054487237 0.999466837905 0.998709184178
-8.10721442886e-08 0.0103975321794 0.999466504393 0.998750544288
-8.04909819639e-08 0.010389625721 0.99946646617 0.998791386123
-7.99098196393e-08 0.0103817192625 0.999466427946 0.998832227958
-7.93286573146e-08 0.0103738218888 0.999466633779 0.998872580808
-7.874749499e-08 0.0103660220377 0.99946945951 0.998907684489
-7.81663326653e-08 0.0103582221866 0.999472285242 0.99894278817
-7.75851703407e-08 0.0103504223356 0.999475110973 0.998977891852
-7.7004008016e-08 0.0103426359582 0.999478259092 0.999012230577
-7.64228456914e-08 0.0103349220394 0.999483140945 0.999042455523
-7.58416833667e-08 0.0103272081207 0.999488022798 0.999072680469
-7.52605210421e-08 0.010319494202 0.999492904651 0.999102905415
-7.46793587174e-08 0.0103117896469 0.999497977061 0.999132565312
-7.40981963928e-08 0.0103041446132 0.999504260778 0.999158633394
-7.35170340681e-08 0.0102964995795 0.999510544496 0.999184701475
-7.29358717435e-08 0.0102888545458 0.999516828213 0.999210769556
-7.23547094188e-08 0.0102812106353 0.999523129896 0.999236765
-7.17735470942e-08 0.010273620512 0.99953029192 0.999259281815
-7.11923847695e-08 0.0102660303887 0.999537453945 0.99928179863
-7.06112224449e-08 0.0102584402655 0.99954461597 0.999304315445
-7.00300601202e-08 0.0102508501422 0.999551777994 0.99932683226
-6.94488977956e-08 0.0102432951908 0.999559316011 0.999346889608
-6.88677354709e-08 0.0102357485899 0.999566943294 0.999366363038
-6.82865731463e-08 0.010228201989 0.999574570578 0.999385836468
-6.77054108216e-08 0.010220655388 0.999582197861 0.999405309897
-6.7124248497e-08 0.0102131258227 0.999589897164 0.999423483387
-6.65430861723e-08 0.0102056135198 0.999597669444 0.999440339644
-6.59619238477e-08 0.0101981012168 0.999605441724 0.999457195901
-6.5380761523e-08 0.0101905889138 0.999613214004 0.999474052158
-6.47995991984e-08 0.0101830788628 0.999620978076 0.999490719111
-6.42184368737e-08 0.0101755934318 0.999628652404 0.999505316501
-6.36372745491e-08 0.0101681080008 0.999636326733 0.999519913891
-6.30561122244e-08 0.0101606225698 0.999644001061 0.999534511281
-6.24749498998e-08 0.0101531371388 0.999651675389 0.99954910867
-6.18937875752e-08 0.0101456635772 0.999659192628 0.999562596426
-6.13126252505e-08 0.0101381990772 0.999666589937 0.999575237043
-6.07314629259e-08 0.0101307345772 0.999673987247 0.99958787766
-6.01503006012e-08 0.0101232700772 0.999681384556 0.999600518276
-5.95691382766e-08 0.0101158055772 0.999688781865 0.999613158893
-5.89879759519e-08 0.0101083563785 0.999695797961 0.99962419363
-5.84068136273e-08 0.0101009080864 0.999702791467 0.999635133208
-5.78256513026e-08 0.0100934597944 0.999709784973 0.999646072787
-5.7244488978e-08 0.0100860115024 0.999716778479 0.999657012366
-5.66633266533e-08 0.0100785658589 0.999723668347 0.999667637068
-5.60821643287e-08 0.0100711300442 0.999730173591 0.999677093198
-5.5501002004e-08 0.0100636942296 0.999736678835 0.999686549328
-5.49198396794e-08 0.010056258415 0.99974318408 0.999696005458
-5.43386773547e-08 0.0100488226003 0.999749689324 0.999705461588
-5.37575150301e-08 0.0100413903106 0.999755995651 0.999714438893
-5.31763527054e-08 0.0100339640455 0.999761961997 0.999722597805
-5.25951903808e-08 0.0100265377805 0.999767928342 0.999730756717
-5.20140280561e-08 0.0100191115154 0.999773894688 0.99973891563
-5.14328657315e-08 0.0100116852503 0.999779861033 0.999747074542
-5.08517034068e-08 0.0100042619792 0.999785595445 0.99975476508
-5.02705410822e-08 0.00999684298095 0.99979099886 0.99976178719
-4.96893787575e-08 0.00998942398265 0.999796402275 0.999768809299
-4.91082164329e-08 0.00998200498434 0.99980180569 0.999775831408
-4.85270541082e-08 0.00997458598604 0.999807209105 0.999782853517
-4.79458917836e-08 0.0099671688476 0.999812420914 0.999789538139
-4.73647294589e-08 0.00995975534765 0.999817257877 0.999795562524
-4.67835671343e-08 0.00995234184771 0.99982209484 0.999801586909
-4.62024048096e-08 0.00994492834777 0.999826931803 0.999807611295
-4.5621242485e-08 0.00993751484782 0.999831768766 0.99981363568
-4.50400801603e-08 0.00993010194826 0.999836525252 0.999819532887
-4.44589178357e-08 0.00992269258566 0.999840807639 0.999824680869
-4.3877755511e-08 0.00991528322306 0.999845090026 0.999829828851
-4.32965931864e-08 0.00990787386045 0.999849372413 0.999834976833
-4.27154308617e-08 0.00990046449785 0.9998536548 0.999840124815
-4.21342685371e-08 0.00989305513525 0.999857937187 0.999845272797
-4.15531062124e-08 0.00988564834203 0.999861778492 0.999849781841
-4.09719438878e-08 0.00987824207593 0.999865529308 0.999854159805
-4.03907815631e-08 0.00987083580983 0.999869280124 0.999858537768
-3.98096192385e-08 0.00986342954373 0.999873030941 0.999862915732
-3.92284569138e-08 0.00985602327763 0.999876781757 0.999867293696
-3.86472945892e-08 0.00984861790916 0.999880337517 0.999871408311
-3.80661322645e-08 0.00984121394851 0.999883587355 0.999875109898
-3.74849699399e-08 0.00983380998786 0.999886837193 0.999878811485
-3.69038076152e-08 0.00982640602721 0.999890087031 0.999882513071
-3.63226452906e-08 0.00981900206656 0.999893336869 0.999886214658
-3.57414829659e-08 0.00981159810591 0.999896586707 0.999889916244
-3.51603206413e-08 0.00980419554719 0.999899454228 0.999893130373
-3.45791583166e-08 0.00979679329431 0.999902238345 0.999896238159
-3.3997995992e-08 0.00978939104142 0.999905022463 0.999899345945
-3.34168336673e-08 0.00978198878854 0.99990780658 0.999902453732
-3.28356713427e-08 0.00977458653565 0.999910590697 0.999905561518
-3.2254509018e-08 0.00976718443562 0.999913322811 0.999908606028
-3.16733466934e-08 0.00975978344135 0.999915678724 0.999911192785
-3.10921843687e-08 0.00975238244707 0.999918034636 0.999913779543
-3.05110220441e-08 0.0097449814528 0.999920390549 0.9999163663
-2.99298597194e-08 0.00973758045853 0.999922746462 0.999918953057
-2.93486973948e-08 0.00973017946426 0.999925102374 0.999921539814
-2.87675350701e-08 0.00972277873558 0.999927345904 0.999923994976
-2.81863727455e-08 0.00971537866392 0.999929311414 0.999926124586
-2.76052104208e-08 0.00970797859226 0.999931276923 0.999928254197
-2.70240480962e-08 0.0097005785206 0.999933242432 0.999930383808
-2.64428857715e-08 0.00969317844894 0.999935207941 0.999932513418
-2.58617234469e-08 0.00968577837728 0.999937173451 0.999934643029
-2.52805611222e-08 0.00967837851866 0.999939026756 0.999936645356
-2.46993987976e-08 0.00967097911904 0.999940638322 0.999938373454
-2.41182364729e-08 0.00966357971941 0.999942249887 0.999940101552
-2.35370741483e-08 0.00965618031979 0.999943861452 0.99994182965
-2.29559118236e-08 0.00964878092017 0.999945473017 0.999943557747
-2.2374749499e-08 0.00964138152055 0.999947084582 0.999945285845
-2.17935871743e-08 0.00963398222073 0.999948630301 0.999946941199
-2.12124248497e-08 0.00962658330639 0.999949921686 0.99994831558
-2.0631262525e-08 0.00961918439205 0.999951213071 0.999949689961
-2.00501002004e-08 0.00961178547772 0.999952504456 0.999951064341
-1.94689378758e-08 0.00960438656338 0.999953795841 0.999952438722
-1.88877755511e-08 0.00959698764904 0.999955087226 0.999953813103
-1.83066132265e-08 0.00958958873471 0.999956378611 0.999955187483
-1.77254509018e-08 0.00958219014883 0.999957394099 0.999956263839
-1.71442885772e-08 0.00957479158006 0.999958395218 0.999957324673
-1.65631262525e-08 0.0095673930113 0.999959396337 0.999958385507
-1.59819639279e-08 0.00955999444253 0.999960397456 0.99995944634
-1.54008016032e-08 0.00955259587376 0.999961398574 0.999960507174
-1.48196392786e-08 0.00954519730499 0.999962399693 0.999961568008
-1.42384769539e-08 0.00953779886766 0.999963255428 0.999962474831
-1.36573146293e-08 0.00953040053867 0.999963991319 0.999963254697
-1.30761523046e-08 0.00952300220969 0.999964727209 0.999964034564
-1.249498998e-08 0.0095156038807 0.999965463099 0.999964814431
-1.19138276553e-08 0.00950820555171 0.999966198989 0.999965594297
-1.13326653307e-08 0.00950080722272 0.99996693488 0.999966374164
-1.0751503006e-08 0.00949340889374 0.99996767077 0.99996715403
-1.01703406814e-08 0.00948601072152 0.99996816182 0.999967679028
-9.58917835671e-09 0.00947861255006 0.999968651674 0.999968202782
-9.00801603206e-09 0.00947121437861 0.999969141528 0.999968726535
-8.42685370741e-09 0.00946381620715 0.999969631382 0.999969250289
-7.84569138277e-09 0.0094564180357 0.999970121237 0.999969774042
-7.26452905812e-09 0.00944901986425 0.999970611091 0.999970297796
-6.68336673347e-09 0.00944162171878 0.99997103366 0.999970752646
-6.10220440882e-09 0.00943422363759 0.999971289834 0.999971037103
-5.52104208417e-09 0.0094268255564 0.999971546009 0.999971321559
-4.93987975952e-09 0.00941942747521 0.999971802184 0.999971606015
-4.35871743487e-09 0.00941202939402 0.999972058359 0.999971890472
-3.77755511022e-09 0.00940463131283 0.999972314533 0.999972174928
-3.19639278557e-09 0.00939723323164 0.999972570708 0.999972459385
-2.61523046092e-09 0.00938983516328 0.999972729929 0.999972646141
-2.03406813627e-09 0.00938243711244 0.999972756849 0.999972699577
-1.45290581162e-09 0.00937503906161 0.99997278377 0.999972753014
-8.71743486974e-10 0.00936764101077 0.999972810691 0.999972806451
-2.90581162324e-10 0.00936024295993 0.999972837611 0.999972859887
2.90581162325e-10 0.0093528449091 0.999972864532 0.999972913324
8.71743486974e-10 0.00934544685826 0.999972891452 0.99997296676
1.45290581162e-09 0.00933804879559 0.999972825606 0.99997292825
2.03406813627e-09 0.00933065071489 0.999972618468 0.999972749696
2.61523046092e-09 0.00932325263419 0.999972411329 0.999972571141
3.19639278557e-09 0.00931585455349 0.999972204191 0.999972392587
3.77755511022e-09 0.00930845647279 0.999971997052 0.999972214032
4.35871743487e-09 0.0093010583921 0.999971789914 0.999972035478
4.93987975952e-09 0.0092936603114 0.999971582775 0.999971856924
5.52104208417e-09 0.00928626221038 0.999971324589 0.999971628665
6.10220440882e-09 0.00927886403031 0.999970867734 0.999971206967
6.68336673347e-09 0.00927146585023 0.99997041088 0.999970785269
7.26452905812e-09 0.00926406767016 0.999969954025 0.999970363571
7.84569138277e-09 0.00925666949009 0.99996949717 0.999969941874
8.42685370742e-09 0.00924927131001 0.999969040316 0.999969520176
9.00801603206e-09 0.00924187312994 0.999968583461 0.999969098478
9.58917835671e-09 0.00923447494986 0.999968126606 0.999968676781
1.01703406814e-08 0.00922707660925 0.999967435049 0.99996803108
1.0751503006e-08 0.0092196782388 0.999966699872 0.99996734375
1.13326653307e-08 0.00921227986835 0.999965964695 0.999966656419
1.19138276553e-08 0.0092048814979 0.999965229519 0.999965969089
1.249498998e-08 0.00919748312745 0.999964494342 0.999965281758
1.30761523046e-08 0.009190084757 0.999963759165 0.999964594427
1.36573146293e-08 0.00918268638655 0.999963023988 0.999963907097
1.42384769539e-08 0.00917528791686 0.999962189139 0.999963126843
1.48196392786e-08 0.00916788922514 0.999961131308 0.999962138711
1.54008016032e-08 0.00916049053343 0.999960073477 0.999961150578
1.59819639279e-08 0.00915309184171 0.999959015647 0.999960162446
1.65631262525e-08 0.00914569315 0.999957957816 0.999959174313
1.71442885772e-08 0.00913829445828 0.999956899986 0.99995818618
1.77254509018e-08 0.00913089576657 0.999955842155 0.999957198048
1.83066132265e-08 0.00912349707485 0.999954784324 0.999956209915
1.88877755511e-08 0.00911609807152 0.999953495675 0.99995501271
1.94689378758e-08 0.00910869885808 0.999952051383 0.999953674525
2.00501002004e-08 0.00910129964463 0.999950607091 0.99995233634
2.06312625251e-08 0.00909390043118 0.999949162799 0.999950998155
2.12124248497e-08 0.00908650121773 0.999947718507 0.99994965997
2.17935871743e-08 0.00907910200428 0.999946274215 0.999948321785
2.2374749499e-08 0.00907170279083 0.999944829924 0.9999469836
2.29559118236e-08 0.00906430357738 0.999943385632 0.999945645414
2.35370741483e-08 0.00905690377127 0.999941606936 0.999944015314
2.41182364729e-08 0.00904950371614 0.999939687738 0.999942262563
2.46993987976e-08 0.00904210366102 0.999937768539 0.999940509811
2.52805611222e-08 0.00903470360589 0.999935849341 0.999938757059
2.58617234469e-08 0.00902730355077 0.999933930142 0.999937004308
2.64428857715e-08 0.00901990349564 0.999932010944 0.999935251556
2.70240480962e-08 0.00901250344052 0.999930091745 0.999933498805
2.76052104208e-08 0.00900510338539 0.999928172546 0.999931746053
2.81863727455e-08 0.00899770247543 0.999925881126 0.999929683961
2.87675350701e-08 0.00899030105321 0.999923366655 0.9999274365
2.93486973948e-08 0.008982899631 0.999920852184 0.999925189038
2.99298597194e-08 0.00897549820878 0.999918337713 0.999922941577
3.05110220441e-08 0.00896809678657 0.999915823242 0.999920694116
3.10921843687e-08 0.00896069536436 0.999913308771 0.999918446654
3.16733466934e-08 0.00895329394214 0.9999107943 0.999916199193
3.2254509018e-08 0.00894589251993 0.999908279829 0.999913951731
3.28356713427e-08 0.00893849029631 0.999905495196 0.99991149443
3.34168336673e-08 0.00893108662513 0.999902222575 0.9999086581
3.3997995992e-08 0.00892368295395 0.999898949954 0.999905821769
3.45791583166e-08 0.00891627928278 0.999895677334 0.999902985439
3.51603206413e-08 0.0089088756116 0.999892404713 0.999900149108
3.57414829659e-08 0.00890147194042 0.999889132092 0.999897312778
3.63226452906e-08 0.00889406826925 0.999885859471 0.999894476447
3.69038076152e-08 0.00888666459807 0.99988258685 0.999891640117
3.74849699399e-08 0.00887926092689 0.99987931423 0.999888803786
3.80661322645e-08 0.00887185390196 0.999875167077 0.999885350333
3.86472945892e-08 0.00886444647439 0.999870914932 0.999881822792
3.92284569138e-08 0.00885703904682 0.999866662788 0.999878295251
3.98096192385e-08 0.00884963161925 0.999862410644 0.99987476771
4.03907815631e-08 0.00884222419168 0.999858158499 0.999871240169
4.09719438878e-08 0.00883481676411 0.999853906355 0.999867712627
4.15531062124e-08 0.00882740933654 0.99984965421 0.999864185086
4.21342685371e-08 0.00882000190897 0.999845402066 0.999860657545
4.27154308617e-08 0.00881259301422 0.999840854305 0.999856948792
4.32965931864e-08 0.00880517921115 0.999835317588 0.999852633811
4.3877755511e-08 0.00879776540807 0.999829780872 0.999848318829
4.44589178357e-08 0.008790351605 0.999824244155 0.999844003848
4.50400801603e-08 0.00878293780192 0.999818707439 0.999839688867
4.5621242485e-08 0.00877552399885 0.999813170722 0.999835373886
4.62024048096e-08 0.00876811019578 0.999807634005 0.999831058905
4.67835671343e-08 0.0087606963927 0.999802097289 0.999826743924
4.73647294589e-08 0.00875328258963 0.999796560572 0.999822428943
4.79458917836e-08 0.00874586478851 0.999790400371 0.99981780607
4.85270541082e-08 0.00873843998976 0.999783148905 0.999812644304
4.91082164329e-08 0.008731015191 0.999775897439 0.999807482538
4.96893787575e-08 0.00872359039224 0.999768645973 0.999802320771
5.02705410822e-08 0.00871616559348 0.999761394507 0.999797159005
5.08517034068e-08 0.00870874079472 0.999754143041 0.999791997239
5.14328657315e-08 0.00870131599597 0.999746891575 0.999786835473
5.20140280561e-08 0.00869389119721 0.999739640109 0.999781673707
5.25951903808e-08 0.00868646639845 0.999732388643 0.999776511941
5.31763527054e-08 0.00867903604316 0.999724461869 0.999771117465
5.37575150301e-08 0.00867159197999 0.999714869119 0.999765148897
5.43386773547e-08 0.00866414791683 0.999705276369 0.99975918033
5.49198396794e-08 0.00865670385366 0.999695683619 0.999753211762
5.5501002004e-08 0.00864925979049 0.99968609087 0.999747243194
5.60821643287e-08 0.00864181572732 0.99967649812 0.999741274627
5.66633266533e-08 0.00863437166416 0.99966690537 0.999735306059
5.7244488978e-08 0.00862692760099 0.99965731262 0.999729337491
5.78256513026e-08 0.00861948353782 0.99964771987 0.999723368924
5.84068136273e-08 0.00861203947465 0.999638127121 0.999717400356
5.89879759519e-08 0.00860456115007 0.999625243994 0.999710887565
5.95691382766e-08 0.00859708281594 0.99961235995 0.999704374622
6.01503006012e-08 0.00858960448181 0.999599475906 0.999697861679
6.07314629259e-08 0.00858212614768 0.999586591862 0.999691348736
6.13126252505e-08 0.00857464781355 0.999573707818 0.999684835793
6.18937875752e-08 0.00856716947942 0.999560823775 0.999678322851
6.24749498998e-08 0.00855969114528 0.999547939731 0.999671809908
6.30561122244e-08 0.00855221281115 0.999535055687 0.999665296965
6.36372745491e-08 0.00854473447702 0.999522171643 0.999658784022
6.42184368737e-08 0.00853722567135 0.99950692441 0.999652359804
6.47995991984e-08 0.00852968545788 0.999489241376 0.999646027038
6.5380761523e-08 0.00852214524441 0.999471558342 0.999639694271
6.59619238477e-08 0.00851460503094 0.999453875308 0.999633361504
6.65430861723e-08 0.00850706481747 0.999436192275 0.999627028737
6.7124248497e-08 0.008499524604 0.999418509241 0.999620695971
6.77054108216e-08 0.00849198439053 0.999400826207 0.999614363204
6.82865731463e-08 0.00848444417706 0.999383143173 0.999608030437
6.88677354709e-08 0.0084769039636 0.99936546014 0.999601697671
6.94488977956e-08 0.00846936375013 0.999347777106 0.999595364904
7.00300601202e-08 0.00846173722278 0.999324530167 0.99959042717
7.06112224449e-08 0.00845408365203 0.999299539974 0.99958592652
7.11923847695e-08 0.00844643008127 0.999274549781 0.99958142587
7.17735470942e-08 0.00843877651051 0.999249559588 0.99957692522
7.23547094188e-08 0.00843112293975 0.999224569395 0.99957242457
7.29358717435e-08 0.008423469369 0.999199579202 0.99956792392
7.35170340681e-08 0.00841581579824 0.99917458901 0.99956342327
7.40981963928e-08 0.00840816222748 0.999149598817 0.99955892262
7.46793587174e-08 0.00840050865673 0.999124608624 0.99955442197
7.52605210421e-08 0.00839285508597 0.999099618431 0.99954992132
7.58416833667e-08 0.00838503271081 0.999065275036 0.999549682549
7.64228456914e-08 0.00837716851601 0.999028614476 0.999550499616
7.7004008016e-08 0.00836930432121 0.998991953917 0.999551316684
7.75851703407e-08 0.00836144012641 0.998955293357 0.999552133752
7.81663326653e-08 0.00835357593161 0.998918632798 0.999552950819
7.874749499e-08 0.00834571173681 0.998881972238 0.999553767887
7.93286573146e-08 0.00833784754201 0.998845311679 0.999554584954
7.99098196393e-08 0.00832998334721 0.998808651119 0.999555402022
8.04909819639e-08 0.00832211915241 0.99877199056 0.999556219089
8.10721442886e-08 0.00831425495761 0.99873533 0.999557036157
8.16533066132e-08 0.00830614983517 0.998686791257 0.99956539106
8.22344689379e-08 0.00829788878845 0.998630565156 0.999578624323
8.28156312625e-08 0.00828962774174 0.998574339056 0.999591857586
8.33967935872e-08 0.00828136669503 0.998518112955 0.999605090848
8.39779559118e-08 0.00827310564831 0.998461886854 0.999618324111
8.45591182365e-08 0.0082648446016 0.998405660754 0.999631557374
8.51402805611e-08 0.00825658355489 0.998349434653 0.999644790636
8.57214428858e-08 0.00824832250818 0.998293208552 0.999658023899
8.63026052104e-08 0.00824006146146 0.998236982451 0.999671257162
8.68837675351e-08 0.00823180041475 0.998180756351 0.999684490424
8.74649298597e-08 0.00822340831318 0.998118596199 0.999702332142
8.80460921844e-08 0.00821438911835 0.998028041809 0.999742225166
8.8627254509e-08 0.00820536992353 0.997937487418 0.999782118191
8.92084168337e-08 0.0081963507287 0.997846933027 0.999822011216
8.97895791583e-08 0.00818733153388 0.997756378637 0.99986190424
9.0370741483e-08 0.00817831233906 0.997665824246 0.999901797265
9.09519038076e-08 0.00816929314423 0.997575269855 0.99994169029
9.15330661323e-08 0.00816027394941 0.997484715465 0.999981583314
9.21142284569e-08 0.00815125475459 0.997394161074 1.00002147634
9.26953907816e-08 0.00814223555976 0.997303606683 1.00006136936
9.32765531062e-08 0.00813321636494 0.997213052292 1.00010126239
9.38577154309e-08 0.00812347307872 0.997091597177 1.00016835491
9.44388777555e-08 0.0081129854315 0.99693837633 1.00026340832
9.50200400802e-08 0.00810249778429 0.996785155482 1.00035846173
9.56012024048e-08 0.00809201013707 0.996631934634 1.00045351514
9.61823647295e-08 0.00808152248986 0.996478713786 1.00054856855
9.67635270541e-08 0.00807103484264 0.996325492938 1.00064362196
9.73446893788e-08 0.00806054719543 0.99617227209 1.00073867537
9.79258517034e-08 0.00805005954821 0.996019051242 1.00083372878
9.85070140281e-08 0.00803957190099 0.995865830394 1.0009287822
9.90881763527e-08 0.00802908425378 0.995712609546 1.00102383561
9.96693386774e-08 0.00801859660656 0.995559388698 1.00111888902
1.00250501002e-07 0.00800648823909 0.99533974963 1.0012771656
1.00831663327e-07 0.0079931168971 0.995068353006 1.00148470995
1.01412825651e-07 0.00797974555512 0.994796956382 1.00169225429
1.01993987976e-07 0.00796637421313 0.994525559759 1.00189979864
1.02575150301e-07 0.00795300287114 0.994254163135 1.00210734298
1.03156312625e-07 0.00793963152915 0.993982766511 1.00231488733
1.0373747495e-07 0.00792626018716 0.993711369887 1.00252243168
1.04318637275e-07 0.00791288884518 0.993439973263 1.00272997602
1.04899799599e-07 0.00789951750319 0.993168576639 1.00293752037
1.05480961924e-07 0.0078861461612 0.992897180015 1.00314506471
1.06062124248e-07 0.00787277481921 0.992625783391 1.00335260906
1.06643286573e-07 0.00785725752166 0.992268990693 1.00364581492
1.07224448898e-07 0.00783814434771 0.991769103827 1.00408255973
1.07805611222e-07 0.00781903117376 0.991269216961 1.00451930454
1.08386773547e-07 0.00779991799981 0.990769330095 1.00495604936
1.08967935872e-07 0.00778080482587 0.99026944323 1.00539279417
1.09549098196e-07 0.00776169165192 0.989769556364 1.00582953899
1.10130260521e-07 0.00774257847797 0.989269669498 1.0062662838
1.10711422846e-07 0.00772346530402 0.988769782632 1.00670302861
1.1129258517e-07 0.00770435213007 0.988269895766 1.00713977343
1.11873747495e-07 0.00768523895612 0.9877700089 1.00757651824
1.1245490982e-07 0.00766612578217 0.987270122034 1.00801326305
1.13036072144e-07 0.00764701260823 0.986770235168 1.00845000787
1.13617234469e-07 0.00761720811024 0.985855949215 1.00932149435
1.14198396794e-07 0.00758650140637 0.984906693478 1.01022966726
1.14779559118e-07 0.0075557947025 0.983957437741 1.01113784018
1.15360721443e-07 0.00752508799863 0.983008182004 1.01204601309
1.15941883768e-07 0.00749438129477 0.982058926267 1.012954186
1.16523046092e-07 0.0074636745909 0.98110967053 1.01386235891
1.17104208417e-07 0.00743296788703 0.980160414793 1.01477053182
1.17685370741e-07 0.00740226118316 0.979211159056 1.01567870473
1.18266533066e-07 0.0073715544793 0.978261903319 1.01658687765
1.18847695391e-07 0.00734084777543 0.977312647582 1.01749505056
1.19428857715e-07 0.00731014107156 0.976363391845 1.01840322347
1.2001002004e-07 0.00727465846053 0.975235106035 1.01951048302
1.20591182365e-07 0.00722020909293 0.973395830732 1.02140838353
1.21172344689e-07 0.00716575972533 0.971556555429 1.02330628403
1.21753507014e-07 0.00711131035773 0.969717280126 1.02520418454
1.22334669339e-07 0.00705686099013 0.967878004823 1.02710208505
1.22915831663e-07 0.00700241162253 0.96603872952 1.02899998555
1.23496993988e-07 0.00694796225493 0.964199454217 1.03089788606
1.24078156313e-07 0.00689351288733 0.962360178914 1.03279578657
1.24659318637e-07 0.00683906351973 0.960520903611 1.03469368708
1.25240480962e-07 0.00678461415213 0.958681628308 1.03659158758
1.25821643287e-07 0.00673016478453 0.956842353005 1.03848948809
1.26402805611e-07 0.00667571541693 0.955003077702 1.0403873886
1.26983967936e-07 0.00661118612448 0.952806899025 1.04272591729
1.27565130261e-07 0.00650740225252 0.949220819919 1.04678039867
1.28146292585e-07 0.00640361838056 0.945634740814 1.05083488005
1.2872745491e-07 0.0062998345086 0.942048661708 1.05488936143
1.29308617234e-07 0.00619605063664 0.938462582602 1.05894384281
1.29889779559e-07 0.00609226676468 0.934876503496 1.06299832419
1.30470941884e-07 0.00598848289272 0.931290424391 1.06705280557
1.31052104208e-07 0.00588469902075 0.927704345285 1.07110728695
1.31633266533e-07 0.00578091514879 0.924118266179 1.07516176833
1.32214428858e-07 0.00567713127683 0.920532187074 1.07921624971
1.32795591182e-07 0.00557334740487 0.916946107968 1.08327073109
1.33376753507e-07 0.00546956353291 0.913360028862 1.08732521247
1.33957915832e-07 0.00536577966095 0.909773949756 1.09137969385
1.34539078156e-07 0.00516567292046 0.903142779402 1.10009089834
1.35120240481e-07 0.00495777705699 0.896265368558 1.10917866751
1.35701402806e-07 0.00474988119353 0.889387957715 1.11826643668
1.3628256513e-07 0.00454198533006 0.882510546872 1.12735420585
1.36863727455e-07 0.0043340894666 0.875633136028 1.13644197501
1.3744488978e-07 0.00412619360313 0.868755725185 1.14552974418
1.38026052104e-07 0.00391829773967 0.861878314342 1.15461751335
1.38607214429e-07 0.00371040187621 0.855000903499 1.16370528252
1.39188376754e-07 0.00350250601274 0.848123492655 1.17279305168
1.39769539078e-07 0.00329461014928 0.841246081812 1.18188082085
1.40350701403e-07 0.00308671428581 0.834368670969 1.19096859002
1.40931863727e-07 0.00287881842235 0.827491260125 1.20005635918
1.41513026052e-07 0.00259095454945 0.818411836556 1.21348790904
1.42094188377e-07 0.0021591287912 0.805368253996 1.23473932163
1.42675350701e-07 0.00172730303296 0.792324671436 1.25599073422
1.43256513026e-07 0.00129547727472 0.779281088875 1.2772421468
1.43837675351e-07 0.000863651516482 0.766237506315 1.29849355939
1.44418837675e-07 0.000431825758241 0.753193923755 1.31974497198
1.45e-07 0 0.740150341195 1.34099638457
