-1.45e-07 0 	0 	-389298.459669 	
-1.44418837675e-07 0 	0 	-365516.524035 	
-1.43837675351e-07 0 	0 	-342402.285855 	
-1.43256513026e-07 0 	0 	-320798.415634 	
-1.42675350701e-07 0 	0 	-300379.439339 	
-1.42094188377e-07 0 	0 	-280942.879528 	
-1.41513026052e-07 0 	0 	-262420.19188 	
-1.40931863727e-07 0 	0 	-245248.319355 	
-1.40350701403e-07 0 	0 	-228899.763596 	
-1.39769539078e-07 0 	0 	-213272.08211 	
-1.39188376754e-07 0 	0 	-198671.319051 	
-1.38607214429e-07 0 	0 	-184892.105007 	
-1.38026052104e-07 0 	0 	-171671.825123 	
-1.3744488978e-07 0 	0 	-159353.526257 	
-1.36863727455e-07 0 	0 	-147694.652947 	
-1.3628256513e-07 0 	0 	-136462.459347 	
-1.35701402806e-07 0 	0 	-126154.860236 	
-1.35120240481e-07 0 	0 	-116234.50223 	
-1.34539078156e-07 0 	0 	-106835.90279 	
-1.33957915832e-07 0 	0 	-98085.5526009 	
-1.33376753507e-07 0 	0 	-89585.3497235 	
-1.32795591182e-07 0 	0 	-81823.6634828 	
-1.32214428858e-07 0 	0 	-74299.0239278 	
-1.31633266533e-07 0 	0 	-67270.0330787 	
-1.31052104208e-07 0 	0 	-60608.95733 	
-1.30470941884e-07 0 	0 	-54258.7327988 	
-1.29889779559e-07 0 	0 	-48359.3009246 	
-1.29308617234e-07 0 	0 	-42636.3772368 	
-1.2872745491e-07 0 	0 	-37406.3508146 	
-1.28146292585e-07 0 	0 	-32261.7388696 	
-1.27565130261e-07 0 	0 	-27618.120984 	
-1.26983967936e-07 0 	0 	-23005.3112795 	
-1.26402805611e-07 0 	0 	-18873.8694794 	
-1.25821643287e-07 0 	0 	-14748.8256247 	
-1.25240480962e-07 0 	0 	-11063.58349 	
-1.24659318637e-07 0 	0 	-7384.72607379 	
-1.24078156313e-07 0 	0 	-4087.42950161 	
-1.23496993988e-07 0 	0 	-815.610407279 	
-1.22915831663e-07 0 	0 	2144.82490329 	
-1.22334669339e-07 0 	0 	5046.35751269 	
-1.21753507014e-07 0 	0 	7714.41056774 	
-1.21172344689e-07 0 	0 	10280.0561526 	
-1.20591182365e-07 0 	0 	12694.1704421 	
-1.2001002004e-07 0 	0 	14956.0285013 	
-1.19428857715e-07 0 	0 	17149.1802958 	
-1.18847695391e-07 0 	0 	19137.1106752 	
-1.18266533066e-07 0 	0 	21125.0410546 	
-1.17685370741e-07 0 	0 	22879.0598488 	
-1.17104208417e-07 0 	0 	24620.7503206 	
-1.16523046092e-07 0 	0 	26231.1747057 	
-1.15941883768e-07 0 	0 	27752.2151263 	
-1.15360721443e-07 0 	0 	29236.9020091 	
-1.14779559118e-07 0 	0 	30560.8642615 	
-1.14198396794e-07 0 	0 	31884.826514 	
-1.13617234469e-07 0 	0 	33082.9463967 	
-1.13036072144e-07 0 	0 	34231.4693524 	
-1.1245490982e-07 0 	0 	35350.0961647 	
-1.11873747495e-07 0 	0 	36342.9747868 	
-1.1129258517e-07 0 	0 	37335.8534089 	
-1.10711422846e-07 0 	0 	38245.1477438 	
-1.10130260521e-07 0 	0 	39100.4254984 	
-1.09549098196e-07 0 	0 	39955.7032531 	
-1.08967935872e-07 0 	0 	40694.3754138 	
-1.08386773547e-07 0 	0 	41428.4391574 	
-1.07805611222e-07 0 	0 	42135.4516069 	
-1.07224448898e-07 0 	0 	42763.1280487 	
-1.06643286573e-07 0 	0 	43390.8044906 	
-1.06062124248e-07 0 	0 	43973.5647924 	
-1.05480961924e-07 0 	0 	44508.2177549 	
-1.04899799599e-07 0 	0 	45042.8707175 	
-1.04318637275e-07 0 	0 	45525.1644564 	
-1.0373747495e-07 0 	0 	45978.7921288 	
-1.03156312625e-07 0 	0 	46432.4198013 	
-1.02575150301e-07 0 	0 	46833.8299657 	
-1.01993987976e-07 0 	0 	47217.1613672 	
-1.01412825651e-07 0 	0 	47600.4927687 	
-1.00831663327e-07 0 	0 	47936.985687 	
-1.00250501002e-07 0 	0 	48259.5756744 	
-9.96693386774e-08 0 	0 	48582.1656618 	
-9.90881763527e-08 0 	0 	48866.6274262 	
-9.85070140281e-08 0 	0 	49136.9495866 	
-9.79258517034e-08 0 	0 	49407.271747 	
-9.73446893788e-08 0 	0 	49649.9940481 	
-9.67635270541e-08 0 	0 	49875.5308818 	
-9.61823647295e-08 0 	0 	50101.0677156 	
-9.56012024048e-08 0 	0 	50310.1830005 	
-9.50200400802e-08 0 	0 	50497.5128989 	
-9.44388777555e-08 0 	0 	50684.8427974 	
-9.38577154309e-08 0 	0 	50866.7095268 	
-9.32765531062e-08 0 	0 	51021.5900934 	
-9.26953907816e-08 0 	0 	51176.47066 	
-9.21142284569e-08 0 	0 	51331.3512265 	
-9.15330661323e-08 0 	0 	51463.4575726 	
-9.09519038076e-08 0 	0 	51590.9049176 	
-9.0370741483e-08 0 	0 	51718.3522626 	
-8.97895791583e-08 0 	0 	51836.256199 	
-8.92084168337e-08 0 	0 	51940.6199245 	
-8.8627254509e-08 0 	0 	52044.9836501 	
-8.80460921844e-08 0 	0 	52149.3473756 	
-8.74649298597e-08 0 	0 	52235.9992038 	
-8.68837675351e-08 0 	0 	52321.0328463 	
-8.63026052104e-08 0 	0 	52406.0664889 	
-8.57214428858e-08 0 	0 	52485.6744686 	
-8.51402805611e-08 0 	0 	52554.6012576 	
-8.45591182365e-08 0 	0 	52623.5280465 	
-8.39779559118e-08 0 	0 	52692.4548355 	
-8.33967935872e-08 0 	0 	52752.3925018 	
-8.28156312625e-08 0 	0 	52807.9663501 	
-8.22344689379e-08 0 	0 	52863.5401984 	
-8.16533066132e-08 0 	0 	52919.1140467 	
-8.10721442886e-08 0 	0 	52964.5201254 	
-8.04909819639e-08 0 	0 	53009.0818435 	
-7.99098196393e-08 0 	0 	53053.6435616 	
-7.93286573146e-08 0 	0 	53097.4355231 	
-7.874749499e-08 0 	0 	53132.9642889 	
-7.81663326653e-08 0 	0 	53168.4930547 	
-7.75851703407e-08 0 	0 	53204.0218205 	
-7.7004008016e-08 0 	0 	53238.3952374 	
-7.64228456914e-08 0 	0 	53266.5554196 	
-7.58416833667e-08 0 	0 	53294.7156017 	
-7.52605210421e-08 0 	0 	53322.8757839 	
-7.46793587174e-08 0 	0 	53350.2235447 	
-7.40981963928e-08 0 	0 	53372.4070299 	
-7.35170340681e-08 0 	0 	53394.5905151 	
-7.29358717435e-08 0 	0 	53416.7740002 	
-7.23547094188e-08 0 	0 	53438.8589113 	
-7.17735470942e-08 0 	0 	53456.2231081 	
-7.11923847695e-08 0 	0 	53473.5873049 	
-7.06112224449e-08 0 	0 	53490.9515017 	
-7.00300601202e-08 0 	0 	53508.3156986 	
-6.94488977956e-08 0 	0 	53522.5585061 	
-6.88677354709e-08 0 	0 	53536.0602442 	
-6.82865731463e-08 0 	0 	53549.5619823 	
-6.77054108216e-08 0 	0 	53563.0637203 	
-6.7124248497e-08 0 	0 	53575.0375351 	
-6.65430861723e-08 0 	0 	53585.4631014 	
-6.59619238477e-08 0 	0 	53595.8886677 	
-6.5380761523e-08 0 	0 	53606.314234 	
-6.47995991984e-08 0 	0 	53616.5358198 	
-6.42184368737e-08 0 	0 	53624.5273908 	
-6.36372745491e-08 0 	0 	53632.5189619 	
-6.30561122244e-08 0 	0 	53640.5105329 	
-6.24749498998e-08 0 	0 	53648.5021039 	
-6.18937875752e-08 0 	0 	53655.408963 	
-6.13126252505e-08 0 	0 	53661.4877096 	
-6.07314629259e-08 0 	0 	53667.5664562 	
-6.01503006012e-08 0 	0 	53673.6452027 	
-5.95691382766e-08 0 	0 	53679.7239493 	
-5.89879759519e-08 0 	0 	53684.3935857 	
-5.84068136273e-08 0 	0 	53688.9797237 	
-5.78256513026e-08 0 	0 	53693.5658618 	
-5.7244488978e-08 0 	0 	53698.1519998 	
-5.66633266533e-08 0 	0 	53702.492751 	
-5.60821643287e-08 0 	0 	53705.9228208 	
-5.5501002004e-08 0 	0 	53709.3528906 	
-5.49198396794e-08 0 	0 	53712.7829604 	
-5.43386773547e-08 0 	0 	53716.2130302 	
-5.37575150301e-08 0 	0 	53719.315172 	
-5.31763527054e-08 0 	0 	53721.8568293 	
-5.25951903808e-08 0 	0 	53724.3984867 	
-5.20140280561e-08 0 	0 	53726.940144 	
-5.14328657315e-08 0 	0 	53729.4818014 	
-5.08517034068e-08 0 	0 	53731.7444953 	
-5.02705410822e-08 0 	0 	53733.6090728 	
-4.96893787575e-08 0 	0 	53735.4736503 	
-4.91082164329e-08 0 	0 	53737.3382278 	
-4.85270541082e-08 0 	0 	53739.2028054 	
-4.79458917836e-08 0 	0 	53740.8943733 	
-4.73647294589e-08 0 	0 	53742.2474769 	
-4.67835671343e-08 0 	0 	53743.6005804 	
-4.62024048096e-08 0 	0 	53744.953684 	
-4.5621242485e-08 0 	0 	53746.3067875 	
-4.50400801603e-08 0 	0 	53747.6043523 	
-4.44589178357e-08 0 	0 	53748.5747292 	
-4.3877755511e-08 0 	0 	53749.5451062 	
-4.32965931864e-08 0 	0 	53750.5154831 	
-4.27154308617e-08 0 	0 	53751.48586 	
-4.21342685371e-08 0 	0 	53752.4562369 	
-4.15531062124e-08 0 	0 	53753.1913993 	
-4.09719438878e-08 0 	0 	53753.8783067 	
-4.03907815631e-08 0 	0 	53754.5652141 	
-3.98096192385e-08 0 	0 	53755.2521215 	
-3.92284569138e-08 0 	0 	53755.9390289 	
-3.86472945892e-08 0 	0 	53756.5450971 	
-3.80661322645e-08 0 	0 	53757.024379 	
-3.74849699399e-08 0 	0 	53757.5036609 	
-3.69038076152e-08 0 	0 	53757.9829429 	
-3.63226452906e-08 0 	0 	53758.4622248 	
-3.57414829659e-08 0 	0 	53758.9415067 	
-3.51603206413e-08 0 	0 	53759.2974671 	
-3.45791583166e-08 0 	0 	53759.6265242 	
-3.3997995992e-08 0 	0 	53759.9555813 	
-3.34168336673e-08 0 	0 	53760.2846384 	
-3.28356713427e-08 0 	0 	53760.6136955 	
-3.2254509018e-08 0 	0 	53760.9297299 	
-3.16733466934e-08 0 	0 	53761.1515558 	
-3.10921843687e-08 0 	0 	53761.3733818 	
-3.05110220441e-08 0 	0 	53761.5952077 	
-2.99298597194e-08 0 	0 	53761.8170336 	
-2.93486973948e-08 0 	0 	53762.0388595 	
-2.87675350701e-08 0 	0 	53762.2389817 	
-2.81863727455e-08 0 	0 	53762.3854111 	
-2.76052104208e-08 0 	0 	53762.5318405 	
-2.70240480962e-08 0 	0 	53762.6782699 	
-2.64428857715e-08 0 	0 	53762.8246993 	
-2.58617234469e-08 0 	0 	53762.9711287 	
-2.52805611222e-08 0 	0 	53763.1010327 	
-2.46993987976e-08 0 	0 	53763.1953328 	
-2.41182364729e-08 0 	0 	53763.2896329 	
-2.35370741483e-08 0 	0 	53763.383933 	
-2.29559118236e-08 0 	0 	53763.4782331 	
-2.2374749499e-08 0 	0 	53763.5725332 	
-2.17935871743e-08 0 	0 	53763.6595573 	
-2.12124248497e-08 0 	0 	53763.7184774 	
-2.0631262525e-08 0 	0 	53763.7773976 	
-2.00501002004e-08 0 	0 	53763.8363178 	
-1.94689378758e-08 0 	0 	53763.895238 	
-1.88877755511e-08 0 	0 	53763.9541581 	
-1.83066132265e-08 0 	0 	53764.0130783 	
-1.77254509018e-08 0 	0 	53764.0496124 	
-1.71442885772e-08 0 	0 	53764.0849807 	
-1.65631262525e-08 0 	0 	53764.1203489 	
-1.59819639279e-08 0 	0 	53764.1557171 	
-1.54008016032e-08 0 	0 	53764.1910853 	
-1.48196392786e-08 0 	0 	53764.2264535 	
-1.42384769539e-08 0 	0 	53764.253368 	
-1.36573146293e-08 0 	0 	53764.2733138 	
-1.30761523046e-08 0 	0 	53764.2932596 	
-1.249498998e-08 0 	0 	53764.3132055 	
-1.19138276553e-08 0 	0 	53764.3331513 	
-1.13326653307e-08 0 	0 	53764.3530971 	
-1.0751503006e-08 0 	0 	53764.3730429 	
-1.01703406814e-08 0 	0 	53764.3829527 	
-9.58917835671e-09 0 	0 	53764.3928135 	
-9.00801603206e-09 0 	0 	53764.4026743 	
-8.42685370741e-09 0 	0 	53764.412535 	
-7.84569138277e-09 0 	0 	53764.4223958 	
-7.26452905812e-09 0 	0 	53764.4322566 	
-6.68336673347e-09 0 	0 	53764.440126 	
-6.10220440882e-09 0 	0 	53764.4430706 	
-5.52104208417e-09 0 	0 	53764.4460152 	
-4.93987975952e-09 0 	0 	53764.4489599 	
-4.35871743487e-09 0 	0 	53764.4519045 	
-3.77755511022e-09 0 	0 	53764.4548491 	
-3.19639278557e-09 0 	0 	53764.4577938 	
-2.61523046092e-09 0 	0 	53764.4583884 	
-2.03406813627e-09 0 	0 	53764.4557762 	
-1.45290581162e-09 0 	0 	53764.4531639 	
-8.71743486974e-10 0 	0 	53764.4505517 	
-2.90581162324e-10 0 	0 	53764.4479395 	
2.90581162325e-10 0 	0 	53764.4453273 	
8.71743486974e-10 0 	0 	53764.4427151 	
1.45290581162e-09 0 	0 	53764.43775 	
2.03406813627e-09 0 	0 	53764.4292011 	
2.61523046092e-09 0 	0 	53764.4206522 	
3.19639278557e-09 0 	0 	53764.4121034 	
3.77755511022e-09 0 	0 	53764.4035545 	
4.35871743487e-09 0 	0 	53764.3950056 	
4.93987975952e-09 0 	0 	53764.3864568 	
5.52104208417e-09 0 	0 	53764.3762022 	
6.10220440882e-09 0 	0 	53764.3593095 	
6.68336673347e-09 0 	0 	53764.3424168 	
7.26452905812e-09 0 	0 	53764.3255241 	
7.84569138277e-09 0 	0 	53764.3086314 	
8.42685370742e-09 0 	0 	53764.2917387 	
9.00801603206e-09 0 	0 	53764.274846 	
9.58917835671e-09 0 	0 	53764.2579533 	
1.01703406814e-08 0 	0 	53764.2296219 	
1.0751503006e-08 0 	0 	53764.1991648 	
1.13326653307e-08 0 	0 	53764.1687076 	
1.19138276553e-08 0 	0 	53764.1382504 	
1.249498998e-08 0 	0 	53764.1077932 	
1.30761523046e-08 0 	0 	53764.0773361 	
1.36573146293e-08 0 	0 	53764.0468789 	
1.42384769539e-08 0 	0 	53764.0092683 	
1.48196392786e-08 0 	0 	53763.9556546 	
1.54008016032e-08 0 	0 	53763.902041 	
1.59819639279e-08 0 	0 	53763.8484273 	
1.65631262525e-08 0 	0 	53763.7948136 	
1.71442885772e-08 0 	0 	53763.7412 	
1.77254509018e-08 0 	0 	53763.6875863 	
1.83066132265e-08 0 	0 	53763.6339726 	
1.88877755511e-08 0 	0 	53763.5565063 	
1.94689378758e-08 0 	0 	53763.4629559 	
2.00501002004e-08 0 	0 	53763.3694055 	
2.06312625251e-08 0 	0 	53763.2758552 	
2.12124248497e-08 0 	0 	53763.1823048 	
2.17935871743e-08 0 	0 	53763.0887544 	
2.2374749499e-08 0 	0 	53762.995204 	
2.29559118236e-08 0 	0 	53762.9016537 	
2.35370741483e-08 0 	0 	53762.759631 	
2.41182364729e-08 0 	0 	53762.5972423 	
2.46993987976e-08 0 	0 	53762.4348535 	
2.52805611222e-08 0 	0 	53762.2724648 	
2.58617234469e-08 0 	0 	53762.1100761 	
2.64428857715e-08 0 	0 	53761.9476873 	
2.70240480962e-08 0 	0 	53761.7852986 	
2.76052104208e-08 0 	0 	53761.6229098 	
2.81863727455e-08 0 	0 	53761.3864597 	
2.87675350701e-08 0 	0 	53761.1056289 	
2.93486973948e-08 0 	0 	53760.8247981 	
2.99298597194e-08 0 	0 	53760.5439673 	
3.05110220441e-08 0 	0 	53760.2631365 	
3.10921843687e-08 0 	0 	53759.9823057 	
3.16733466934e-08 0 	0 	53759.7014749 	
3.2254509018e-08 0 	0 	53759.4206441 	
3.28356713427e-08 0 	0 	53759.0672272 	
3.34168336673e-08 0 	0 	53758.5826995 	
3.3997995992e-08 0 	0 	53758.0981718 	
3.45791583166e-08 0 	0 	53757.6136442 	
3.51603206413e-08 0 	0 	53757.1291165 	
3.57414829659e-08 0 	0 	53756.6445888 	
3.63226452906e-08 0 	0 	53756.1600611 	
3.69038076152e-08 0 	0 	53755.6755334 	
3.74849699399e-08 0 	0 	53755.1910057 	
3.80661322645e-08 0 	0 	53754.3932649 	
3.86472945892e-08 0 	0 	53753.5579214 	
3.92284569138e-08 0 	0 	53752.7225779 	
3.98096192385e-08 0 	0 	53751.8872344 	
4.03907815631e-08 0 	0 	53751.0518909 	
4.09719438878e-08 0 	0 	53750.2165474 	
4.15531062124e-08 0 	0 	53749.3812039 	
4.21342685371e-08 0 	0 	53748.5458604 	
4.27154308617e-08 0 	0 	53747.5710234 	
4.32965931864e-08 0 	0 	53746.129524 	
4.3877755511e-08 0 	0 	53744.6880246 	
4.44589178357e-08 0 	0 	53743.2465251 	
4.50400801603e-08 0 	0 	53741.8050257 	
4.5621242485e-08 0 	0 	53740.3635263 	
4.62024048096e-08 0 	0 	53738.9220268 	
4.67835671343e-08 0 	0 	53737.4805274 	
4.73647294589e-08 0 	0 	53736.039028 	
4.79458917836e-08 0 	0 	53734.2148426 	
4.85270541082e-08 0 	0 	53731.720854 	
4.91082164329e-08 0 	0 	53729.2268653 	
4.96893787575e-08 0 	0 	53726.7328766 	
5.02705410822e-08 0 	0 	53724.2388879 	
5.08517034068e-08 0 	0 	53721.7448993 	
5.14328657315e-08 0 	0 	53719.2509106 	
5.20140280561e-08 0 	0 	53716.7569219 	
5.25951903808e-08 0 	0 	53714.2629332 	
5.31763527054e-08 0 	0 	53711.238477 	
5.37575150301e-08 0 	0 	53706.9053653 	
5.43386773547e-08 0 	0 	53702.5722535 	
5.49198396794e-08 0 	0 	53698.2391418 	
5.5501002004e-08 0 	0 	53693.9060301 	
5.60821643287e-08 0 	0 	53689.5729184 	
5.66633266533e-08 0 	0 	53685.2398067 	
5.7244488978e-08 0 	0 	53680.9066949 	
5.78256513026e-08 0 	0 	53676.5735832 	
5.84068136273e-08 0 	0 	53672.2404715 	
5.89879759519e-08 0 	0 	53664.6700249 	
5.95691382766e-08 0 	0 	53657.0986761 	
6.01503006012e-08 0 	0 	53649.5273273 	
6.07314629259e-08 0 	0 	53641.9559785 	
6.13126252505e-08 0 	0 	53634.3846297 	
6.18937875752e-08 0 	0 	53626.8132809 	
6.24749498998e-08 0 	0 	53619.2419321 	
6.30561122244e-08 0 	0 	53611.6705833 	
6.36372745491e-08 0 	0 	53604.0992345 	
6.42184368737e-08 0 	0 	53593.6957131 	
6.47995991984e-08 0 	0 	53580.3729987 	
6.5380761523e-08 0 	0 	53567.0502844 	
6.59619238477e-08 0 	0 	53553.72757 	
6.65430861723e-08 0 	0 	53540.4048556 	
6.7124248497e-08 0 	0 	53527.0821413 	
6.77054108216e-08 0 	0 	53513.7594269 	
6.82865731463e-08 0 	0 	53500.4367126 	
6.88677354709e-08 0 	0 	53487.1139982 	
6.94488977956e-08 0 	0 	53473.7912838 	
7.00300601202e-08 0 	0 	53452.6160874 	
7.06112224449e-08 0 	0 	53428.9805921 	
7.11923847695e-08 0 	0 	53405.3450968 	
7.17735470942e-08 0 	0 	53381.7096016 	
7.23547094188e-08 0 	0 	53358.0741063 	
7.29358717435e-08 0 	0 	53334.438611 	
7.35170340681e-08 0 	0 	53310.8031158 	
7.40981963928e-08 0 	0 	53287.1676205 	
7.46793587174e-08 0 	0 	53263.5321252 	
7.52605210421e-08 0 	0 	53239.8966299 	
7.58416833667e-08 0 	0 	53201.2883963 	
7.64228456914e-08 0 	0 	53158.9708132 	
7.7004008016e-08 0 	0 	53116.6532301 	
7.75851703407e-08 0 	0 	53074.335647 	
7.81663326653e-08 0 	0 	53032.0180639 	
7.874749499e-08 0 	0 	52989.7004808 	
7.93286573146e-08 0 	0 	52947.3828977 	
7.99098196393e-08 0 	0 	52905.0653145 	
8.04909819639e-08 0 	0 	52862.7477314 	
8.10721442886e-08 0 	0 	52820.4301483 	
8.16533066132e-08 0 	0 	52757.3437038 	
8.22344689379e-08 0 	0 	52680.8160064 	
8.28156312625e-08 0 	0 	52604.2883089 	
8.33967935872e-08 0 	0 	52527.7606114 	
8.39779559118e-08 0 	0 	52451.232914 	
8.45591182365e-08 0 	0 	52374.7052165 	
8.51402805611e-08 0 	0 	52298.177519 	
8.57214428858e-08 0 	0 	52221.6498216 	
8.63026052104e-08 0 	0 	52145.1221241 	
8.68837675351e-08 0 	0 	52068.5944266 	
8.74649298597e-08 0 	0 	51981.1161075 	
8.80460921844e-08 0 	0 	51841.2394192 	
8.8627254509e-08 0 	0 	51701.3627309 	
8.92084168337e-08 0 	0 	51561.4860426 	
8.97895791583e-08 0 	0 	51421.6093543 	
9.0370741483e-08 0 	0 	51281.732666 	
9.09519038076e-08 0 	0 	51141.8559777 	
9.15330661323e-08 0 	0 	51001.9792894 	
9.21142284569e-08 0 	0 	50862.1026011 	
9.26953907816e-08 0 	0 	50722.2259128 	
9.32765531062e-08 0 	0 	50582.3492245 	
9.38577154309e-08 0 	0 	50383.9608839 	
9.44388777555e-08 0 	0 	50125.4229656 	
9.50200400802e-08 0 	0 	49866.8850473 	
9.56012024048e-08 0 	0 	49608.347129 	
9.61823647295e-08 0 	0 	49349.8092106 	
9.67635270541e-08 0 	0 	49091.2712923 	
9.73446893788e-08 0 	0 	48832.733374 	
9.79258517034e-08 0 	0 	48574.1954557 	
9.85070140281e-08 0 	0 	48315.6575373 	
9.90881763527e-08 0 	0 	48057.119619 	
9.96693386774e-08 0 	0 	47798.5817007 	
1.00250501002e-07 0 	0 	47413.6550287 	
1.00831663327e-07 0 	0 	46930.2377168 	
1.01412825651e-07 0 	0 	46446.8204048 	
1.01993987976e-07 0 	0 	45963.4030929 	
1.02575150301e-07 0 	0 	45479.9857809 	
1.03156312625e-07 0 	0 	44996.568469 	
1.0373747495e-07 0 	0 	44513.1511571 	
1.04318637275e-07 0 	0 	44029.7338451 	
1.04899799599e-07 0 	0 	43546.3165332 	
1.05480961924e-07 0 	0 	43062.8992213 	
1.06062124248e-07 0 	0 	42579.4819093 	
1.06643286573e-07 0 	0 	41934.8937845 	
1.07224448898e-07 0 	0 	41020.2393401 	
1.07805611222e-07 0 	0 	40105.5848958 	
1.08386773547e-07 0 	0 	39190.9304514 	
1.08967935872e-07 0 	0 	38276.2760071 	
1.09549098196e-07 0 	0 	37361.6215628 	
1.10130260521e-07 0 	0 	36446.9671184 	
1.10711422846e-07 0 	0 	35532.3126741 	
1.1129258517e-07 0 	0 	34617.6582297 	
1.11873747495e-07 0 	0 	33703.0037854 	
1.1245490982e-07 0 	0 	32788.349341 	
1.13036072144e-07 0 	0 	31873.6948967 	
1.13617234469e-07 0 	0 	30187.3380616 	
1.14198396794e-07 0 	0 	28435.8597852 	
1.14779559118e-07 0 	0 	26684.3815088 	
1.15360721443e-07 0 	0 	24932.9032323 	
1.15941883768e-07 0 	0 	23181.4249559 	
1.16523046092e-07 0 	0 	21429.9466794 	
1.17104208417e-07 0 	0 	19678.468403 	
1.17685370741e-07 0 	0 	17926.9901266 	
1.18266533066e-07 0 	0 	16175.5118501 	
1.18847695391e-07 0 	0 	14424.0335737 	
1.19428857715e-07 0 	0 	12672.5552972 	
1.2001002004e-07 0 	0 	10590.5245212 	
1.20591182365e-07 0 	0 	7195.75700508 	
1.21172344689e-07 0 	0 	3800.98948898 	
1.21753507014e-07 0 	0 	406.221972882 	
1.22334669339e-07 0 	0 	-2988.54554322 	
1.22915831663e-07 0 	0 	-6383.31305932 	
1.23496993988e-07 0 	0 	-9778.08057542 	
1.24078156313e-07 0 	0 	-13172.8480915 	
1.24659318637e-07 0 	0 	-16567.6156076 	
1.25240480962e-07 0 	0 	-19962.3831237 	
1.25821643287e-07 0 	0 	-23357.1506398 	
1.26402805611e-07 0 	0 	-26751.9181559 	
1.26983967936e-07 0 	0 	-30813.9908245 	
1.27565130261e-07 0 	0 	-37474.7716755 	
1.28146292585e-07 0 	0 	-44135.5525265 	
1.2872745491e-07 0 	0 	-50796.3333775 	
1.29308617234e-07 0 	0 	-57457.1142285 	
1.29889779559e-07 0 	0 	-64117.8950794 	
1.30470941884e-07 0 	0 	-70778.6759304 	
1.31052104208e-07 0 	0 	-77439.4567814 	
1.31633266533e-07 0 	0 	-84100.2376324 	
1.32214428858e-07 0 	0 	-90761.0184833 	
1.32795591182e-07 0 	0 	-97421.7993343 	
1.33376753507e-07 0 	0 	-104082.580185 	
1.33957915832e-07 0 	0 	-110743.361036 	
1.34539078156e-07 0 	0 	-123488.506834 	
1.35120240481e-07 0 	0 	-136725.663173 	
1.35701402806e-07 0 	0 	-149962.819513 	
1.3628256513e-07 0 	0 	-163199.975853 	
1.36863727455e-07 0 	0 	-176437.132192 	
1.3744488978e-07 0 	0 	-189674.288532 	
1.38026052104e-07 0 	0 	-202911.444871 	
1.38607214429e-07 0 	0 	-216148.601211 	
1.39188376754e-07 0 	0 	-229385.757551 	
1.39769539078e-07 0 	0 	-242622.91389 	
1.40350701403e-07 0 	0 	-255860.07023 	
1.40931863727e-07 0 	0 	-269097.22657 	
1.41513026052e-07 0 	0 	-283881.510441 	
1.42094188377e-07 0 	0 	-301451.000519 	
1.42675350701e-07 0 	0 	-319020.490597 	
1.43256513026e-07 0 	0 	-336589.980675 	
1.43837675351e-07 0 	0 	-354159.470753 	
1.44418837675e-07 0 	0 	-371728.960831 	
1.45e-07 0 	0 	-389298.450909 	
