-1.45e-07 -0.00313333089003 1.19505761877 0.836491970791
-1.44418837675e-07 -0.00338707619321 1.18336744815 0.84478118766
-1.43837675351e-07 -0.00362647571776 1.17234372215 0.852707706138
-1.43256513026e-07 -0.00384815353748 1.16215694829 0.860196070809
-1.42675350701e-07 -0.00405594210052 1.15261228514 0.867331459313
-1.42094188377e-07 -0.00425222278302 1.14359301546 0.874169611862
-1.41513026052e-07 -0.00443780369302 1.13505801181 0.880728332544
-1.40931863727e-07 -0.00460758750869 1.12722511201 0.886864834533
-1.40350701403e-07 -0.00476775601731 1.11981191197 0.892738359015
-1.39769539078e-07 -0.00491950937061 1.1127641248 0.898380185405
-1.39188376754e-07 -0.00505928699594 1.10623025466 0.903687317451
-1.38607214429e-07 -0.00518949867582 1.10010039534 0.908721625014
-1.38026052104e-07 -0.0053132061235 1.09424375417 0.913569131181
-1.3744488978e-07 -0.00542642823355 1.08882340126 0.918111857247
-1.36863727455e-07 -0.00553199778354 1.08371707639 0.922428160163
-1.3628256513e-07 -0.00563261675477 1.07881361068 0.926597711829
-1.35701402806e-07 -0.00572252505963 1.07434404045 0.930445065687
-1.35120240481e-07 -0.00580795580111 1.07005371431 0.934155633266
-1.34539078156e-07 -0.00588735359048 1.06600489697 0.93768189858
-1.33957915832e-07 -0.00595927019027 1.06225230759 0.940976323565
-1.33376753507e-07 -0.00602830108748 1.05861375233 0.944181080399
-1.32795591182e-07 -0.00608882584329 1.0553086604 0.947118714426
-1.32214428858e-07 -0.00614662584673 1.05210942067 0.949969726662
-1.31633266533e-07 -0.00619872857591 1.04913151076 0.952639618549
-1.31052104208e-07 -0.00624661103384 1.04631621446 0.955173822072
-1.30470941884e-07 -0.00629092778748 1.04363831027 0.957593382589
-1.29889779559e-07 -0.00633008454567 1.04115777768 0.959845312956
-1.29308617234e-07 -0.00636722090397 1.03875452609 0.962031607618
-1.2872745491e-07 -0.00639872750193 1.03656522241 0.964033269317
-1.28146292585e-07 -0.00642925851518 1.0344129939 0.966002935852
-1.27565130261e-07 -0.00645407988072 1.03247652135 0.967783725888
-1.26983967936e-07 -0.0064785501366 1.03055331652 0.969552901133
-1.26402805611e-07 -0.00649754670367 1.02883594245 0.971139583098
-1.25821643287e-07 -0.00651647051898 1.02712130412 0.972723839512
-1.25240480962e-07 -0.00653040468857 1.02559352167 0.974140563492
-1.24659318637e-07 -0.00654426642215 1.02406845187 0.975554855359
-1.24078156313e-07 -0.00655380928325 1.02270457042 0.976823218481
-1.23496993988e-07 -0.00656306376576 1.02135145179 0.978081837688
-1.22915831663e-07 -0.00656880199106 1.02012921484 0.979220979697
-1.22334669339e-07 -0.00657387506597 1.01893173603 0.980337520884
-1.21753507014e-07 -0.00657631789764 1.01783196465 0.981364248933
-1.21172344689e-07 -0.00657760706703 1.01677504913 0.982351583656
-1.20591182365e-07 -0.00657719330894 1.01578130928 0.983280520445
-1.2001002004e-07 -0.00657506847646 1.01485104735 0.984150779923
-1.19428857715e-07 -0.00657217341279 1.01394934001 0.984994529446
-1.18847695391e-07 -0.00656697771563 1.01313292351 0.985759095358
-1.18266533066e-07 -0.00656178201846 1.01231650702 0.98652366127
-1.17685370741e-07 -0.00655397060087 1.01159705613 0.987197923472
-1.17104208417e-07 -0.00654602132161 1.01088271582 0.987867426213
-1.16523046092e-07 -0.00653660787595 1.01022268173 0.988486255445
-1.15941883768e-07 -0.0065261974249 1.00959962677 0.9890705792
-1.15360721443e-07 -0.00651538252297 1.00899158976 0.989640878304
-1.14779559118e-07 -0.00650277948094 1.00844994943 0.990149172253
-1.14198396794e-07 -0.0064901764389 1.00790830911 0.990657466202
-1.13617234469e-07 -0.0064761769981 1.00741860665 0.99111727149
-1.13036072144e-07 -0.00646162720936 1.00694937393 0.991557966453
-1.1245490982e-07 -0.00644674656189 1.00649247461 0.991987162525
-1.11873747495e-07 -0.00643047426712 1.00608745166 0.992367992333
-1.1129258517e-07 -0.00641420197235 1.0056824287 0.992748822142
-1.10711422846e-07 -0.00639700715423 1.00531188911 0.993097577339
-1.10130260521e-07 -0.0063792161528 1.00496363448 0.993425604229
-1.09549098196e-07 -0.00636142515137 1.00461537986 0.993753631119
-1.08967935872e-07 -0.00634235070658 1.00431525534 0.994037037922
-1.08386773547e-07 -0.0063232255383 1.00401703299 0.994318681276
-1.07805611222e-07 -0.00630380345791 1.00372998648 0.994590007399
-1.07224448898e-07 -0.00628351059399 1.00347571646 0.994831075155
-1.06643286573e-07 -0.00626321773007 1.00322144644 0.995072142912
-1.06062124248e-07 -0.0062424332782 1.00298575683 0.995296144121
-1.05480961924e-07 -0.00622112231205 1.00276996774 0.99550186624
-1.04899799599e-07 -0.00619981134591 1.00255417865 0.995707588359
-1.04318637275e-07 -0.00617792899898 1.00236008427 0.995893498544
-1.0373747495e-07 -0.00615573382773 1.00217786749 0.996068561926
-1.03156312625e-07 -0.00613353865647 1.00199565072 0.996243625308
-1.02575150301e-07 -0.00611077534603 1.00183511133 0.996399019501
-1.01993987976e-07 -0.00608781533425 1.00168207709 0.996547603821
-1.01412825651e-07 -0.00606485532248 1.00152904285 0.996696188141
-1.00831663327e-07 -0.00604138724743 1.00139549427 0.996827213937
-1.00250501002e-07 -0.00601776836544 1.00126772956 0.996953027888
-9.96693386774e-08 -0.00599414948344 1.00113996485 0.997078841838
-9.90881763527e-08 -0.00597011830897 1.00102809774 0.997190433556
-9.85070140281e-08 -0.00594593423851 1.00092212614 0.997296751052
-9.79258517034e-08 -0.00592175016805 1.00081615455 0.997403068548
-9.73446893788e-08 -0.00589726860656 1.00072171653 0.997499142677
-9.67635270541e-08 -0.00587260180781 1.00063446007 0.99758883862
-9.61823647295e-08 -0.00584793500905 1.00054720361 0.997678534564
-9.56012024048e-08 -0.00582309178944 1.00046682379 0.997762165657
-9.50200400802e-08 -0.00579801452392 1.00039556677 0.997837750913
-9.44388777555e-08 -0.00577293725839 1.00032430975 0.997913336169
-9.38577154309e-08 -0.00574780149963 1.00025534444 0.997986912895
-9.32765531062e-08 -0.00572237680454 1.00019769936 0.998050568181
-9.26953907816e-08 -0.00569695210944 1.00014005429 0.998114223468
-9.21142284569e-08 -0.00567152741435 1.00008240922 0.998177878754
-9.15330661323e-08 -0.00564585973328 1.00003432825 0.998233193451
-9.09519038076e-08 -0.00562014234372 0.999988203839 0.998286801885
-9.0370741483e-08 -0.00559442495416 0.999942079429 0.998340410319
-8.97895791583e-08 -0.00556860611187 0.999899963491 0.99839053342
-8.92084168337e-08 -0.0055426433282 0.999863534783 0.998435711524
-8.8627254509e-08 -0.00551668054453 0.999827106074 0.998480889627
-8.80460921844e-08 -0.00549071776086 0.999790677365 0.998526067731
-8.74649298597e-08 -0.00546456739691 0.999761679087 0.998564785003
-8.68837675351e-08 -0.00543839989536 0.999733359664 0.998602912004
-8.63026052104e-08 -0.0054122323938 0.999705040241 0.998641039005
-8.57214428858e-08 -0.00538600765634 0.999678989774 0.998677184734
-8.51402805611e-08 -0.00535967024187 0.999657406073 0.998709430045
-8.45591182365e-08 -0.0053333328274 0.999635822371 0.998741675357
-8.39779559118e-08 -0.00530699541293 0.999614238669 0.998773920668
-8.33967935872e-08 -0.00528056355985 0.999596392116 0.998802869674
-8.28156312625e-08 -0.00525408586104 0.999580359783 0.998830218469
-8.22344689379e-08 -0.00522760816222 0.999564327449 0.998857567265
-8.16533066132e-08 -0.00520113046341 0.999548295115 0.99888491606
-8.10721442886e-08 -0.00517454640227 0.999536449676 0.99890850512
-8.04909819639e-08 -0.00514795350849 0.999524951928 0.998931781961
-7.99098196393e-08 -0.00512136061472 0.99951345418 0.998955058801
-7.93286573146e-08 -0.00509475970513 0.999502268808 0.998978047069
-7.874749499e-08 -0.00506807274732 0.999494436732 0.998997937565
-7.81663326653e-08 -0.00504138578952 0.999486604657 0.99901782806
-7.75851703407e-08 -0.00501469883171 0.999478772581 0.999037718555
-7.7004008016e-08 -0.00498799990021 0.999471399406 0.999057166895
-7.64228456914e-08 -0.00496123657665 0.999466494106 0.999074237417
-7.58416833667e-08 -0.00493447325309 0.999461588807 0.999091307938
-7.52605210421e-08 -0.00490770992953 0.999456683507 0.999108378459
-7.46793587174e-08 -0.00488093822892 0.999452091096 0.999125128856
-7.40981963928e-08 -0.00485411327832 0.99944948761 0.999139844331
-7.35170340681e-08 -0.00482728832773 0.999446884124 0.999154559807
-7.29358717435e-08 -0.00480046337714 0.999444280637 0.999169275283
-7.23547094188e-08 -0.00477363741561 0.999441713485 0.999183950349
-7.17735470942e-08 -0.00474676303999 0.999440886354 0.999196690204
-7.11923847695e-08 -0.00471988866437 0.999440059223 0.999209430058
-7.06112224449e-08 -0.00469301428874 0.999439232092 0.999222169913
-7.00300601202e-08 -0.00466613991312 0.999438404961 0.999234909768
-6.94488977956e-08 -0.00463923370968 0.999438658731 0.999246302019
-6.88677354709e-08 -0.00461231994978 0.999439169123 0.999257374328
-6.82865731463e-08 -0.00458540618988 0.999439679516 0.999268446637
-6.77054108216e-08 -0.00455849242998 0.999440189909 0.999279518945
-6.7124248497e-08 -0.00453156318629 0.99944118402 0.999289886759
-6.65430861723e-08 -0.00450461825284 0.999442668284 0.999299540707
-6.59619238477e-08 -0.00447767331938 0.999444152548 0.999309194654
-6.5380761523e-08 -0.00445072838592 0.999445636812 0.999318848602
-6.47995991984e-08 -0.00442378139902 0.999447177667 0.999328400542
-6.42184368737e-08 -0.00439681196286 0.999449337192 0.999336837283
-6.36372745491e-08 -0.0043698425267 0.999451496718 0.999345274025
-6.30561122244e-08 -0.00434287309055 0.999453656244 0.999353710767
-6.24749498998e-08 -0.00431590365439 0.99945581577 0.999362147508
-6.18937875752e-08 -0.00428892337626 0.999458220697 0.999369986152
-6.13126252505e-08 -0.00426193482094 0.999460812973 0.999377368182
-6.07314629259e-08 -0.00423494626562 0.999463405249 0.999384750213
-6.01503006012e-08 -0.0042079577103 0.999465997526 0.999392132243
-5.95691382766e-08 -0.00418096915498 0.999468589802 0.999399514274
-5.89879759519e-08 -0.00415396662313 0.999471407201 0.999406025045
-5.84068136273e-08 -0.00412696326309 0.999474237939 0.999412484188
-5.78256513026e-08 -0.00409995990305 0.999477068678 0.999418943332
-5.7244488978e-08 -0.00407295654301 0.999479899416 0.999425402475
-5.66633266533e-08 -0.00404595076914 0.999482748299 0.999431688625
-5.60821643287e-08 -0.00401893603701 0.999485664516 0.999437332757
-5.5501002004e-08 -0.00399192130488 0.999488580733 0.99944297689
-5.49198396794e-08 -0.00396490657275 0.99949149695 0.999448621022
-5.43386773547e-08 -0.00393789184062 0.999494413168 0.999454265155
-5.37575150301e-08 -0.00391087391131 0.999497317471 0.99945964149
-5.31763527054e-08 -0.00388385051749 0.999500201411 0.999464560113
-5.25951903808e-08 -0.00385682712368 0.999503085352 0.999469478736
-5.20140280561e-08 -0.00382980372986 0.999505969292 0.99947439736
-5.14328657315e-08 -0.00380278033604 0.999508853232 0.999479315983
-5.08517034068e-08 -0.00377575424829 0.999511687674 0.999483966864
-5.02705410822e-08 -0.00374872431594 0.999514451474 0.999488235642
-4.96893787575e-08 -0.00372169438359 0.999517215275 0.99949250442
-4.91082164329e-08 -0.00369466445124 0.999519979075 0.999496773198
-4.85270541082e-08 -0.00366763451889 0.999522742876 0.999501041975
-4.79458917836e-08 -0.00364060293272 0.999525444841 0.999505113074
-4.73647294589e-08 -0.00361356811111 0.999528025837 0.999508797444
-4.67835671343e-08 -0.0035865332895 0.999530606833 0.999512481815
-4.62024048096e-08 -0.0035594984679 0.999533187829 0.999516166186
-4.5621242485e-08 -0.00353246364629 0.999535768825 0.999519850557
-4.50400801603e-08 -0.00350542829946 0.999538317256 0.99952345854
-4.44589178357e-08 -0.00347838985846 0.999540673842 0.999526616512
-4.3877755511e-08 -0.00345135141745 0.999543030428 0.999529774485
-4.32965931864e-08 -0.00342431297645 0.999545387015 0.999532932457
-4.27154308617e-08 -0.00339727453544 0.999547743601 0.99953609043
-4.21342685371e-08 -0.00337023609444 0.999550100187 0.999539248402
-4.15531062124e-08 -0.00334319545388 0.999552250477 0.999542013282
-4.09719438878e-08 -0.00331615436208 0.999554358445 0.999544697517
-4.03907815631e-08 -0.00328911327028 0.999556466412 0.999547381753
-3.98096192385e-08 -0.00326207217848 0.99955857438 0.999550065989
-3.92284569138e-08 -0.00323503108668 0.999560682348 0.999552750224
-3.86472945892e-08 -0.00320798924758 0.999562689595 0.999555269002
-3.80661322645e-08 -0.00318094623643 0.999564538874 0.999557528281
-3.74849699399e-08 -0.00315390322528 0.999566388154 0.99955978756
-3.69038076152e-08 -0.00312686021413 0.999568237433 0.999562046839
-3.63226452906e-08 -0.00309981720299 0.999570086712 0.999564306118
-3.57414829659e-08 -0.00307277419184 0.999571935992 0.999566565397
-3.51603206413e-08 -0.00304573005372 0.999573573858 0.999568513452
-3.45791583166e-08 -0.00301868566974 0.999575165603 0.999570393612
-3.3997995992e-08 -0.00299164128577 0.999576757348 0.999572273772
-3.34168336673e-08 -0.00296459690179 0.999578349094 0.999574153932
-3.28356713427e-08 -0.00293755251782 0.999579940839 0.999576034092
-3.2254509018e-08 -0.00291050801615 0.999581502493 0.999577873479
-3.16733466934e-08 -0.00288346266308 0.99958284646 0.99957941791
-3.10921843687e-08 -0.00285641731002 0.999584190428 0.999580962341
-3.05110220441e-08 -0.00282937195695 0.999585534396 0.999582506773
-2.99298597194e-08 -0.00280232660388 0.999586878363 0.999584051204
-2.93486973948e-08 -0.00277528125082 0.999588222331 0.999585595635
-2.87675350701e-08 -0.00274823570362 0.999589499572 0.999587055245
-2.81863727455e-08 -0.00272118967615 0.999590611742 0.999588305018
-2.76052104208e-08 -0.00269414364869 0.999591723913 0.999589554791
-2.70240480962e-08 -0.00266709762123 0.999592836083 0.999590804564
-2.64428857715e-08 -0.00264005159376 0.999593948253 0.999592054336
-2.58617234469e-08 -0.0026130055663 0.999595060423 0.999593304109
-2.52805611222e-08 -0.0025859593924 0.999596105461 0.999594472701
-2.46993987976e-08 -0.00255891290299 0.999597005866 0.999595466391
-2.41182364729e-08 -0.00253186641357 0.999597906271 0.999596460081
-2.35370741483e-08 -0.00250481992416 0.999598806676 0.99959745377
-2.29559118236e-08 -0.00247777343475 0.999599707081 0.99959844746
-2.2374749499e-08 -0.00245072694534 0.999600607485 0.999599441149
-2.17935871743e-08 -0.00242368039204 0.999601468881 0.999600389508
-2.12124248497e-08 -0.00239663359197 0.999602179604 0.999601162778
-2.0631262525e-08 -0.00236958679189 0.999602890327 0.999601936048
-2.00501002004e-08 -0.00234253999182 0.99960360105 0.999602709318
-1.94689378758e-08 -0.00231549319174 0.999604311773 0.999603482588
-1.88877755511e-08 -0.00228844639167 0.999605022496 0.999604255858
-1.83066132265e-08 -0.00226139959159 0.999605733219 0.999605029128
-1.77254509018e-08 -0.00223435259754 0.999606284823 0.999605623442
-1.71442885772e-08 -0.00220730559339 0.99960682814 0.999606208437
-1.65631262525e-08 -0.00218025858924 0.999607371456 0.999606793431
-1.59819639279e-08 -0.00215321158509 0.999607914773 0.999607378425
-1.54008016032e-08 -0.00212616458093 0.99960845809 0.999607963419
-1.48196392786e-08 -0.00209911757678 0.999609001406 0.999608548413
-1.42384769539e-08 -0.00207207050172 0.99960946432 0.999609045483
-1.36573146293e-08 -0.0020450233682 0.999609860955 0.999609470074
-1.30761523046e-08 -0.00201797623468 0.99961025759 0.999609894665
-1.249498998e-08 -0.00199092910116 0.999610654225 0.999610319256
-1.19138276553e-08 -0.00196388196764 0.99961105086 0.999610743846
-1.13326653307e-08 -0.00193683483412 0.999611447495 0.999611168437
-1.0751503006e-08 -0.0019097877006 0.99961184413 0.999611593028
-1.01703406814e-08 -0.00188274049091 0.999612112233 0.999611880631
-9.58917835671e-09 -0.00185569328085 0.999612379708 0.999612167564
-9.00801603206e-09 -0.00182864607078 0.999612647183 0.999612454498
-8.42685370741e-09 -0.00180159886072 0.999612914659 0.999612741432
-7.84569138277e-09 -0.00177455165066 0.999613182134 0.999613028365
-7.26452905812e-09 -0.0017475044406 0.999613449609 0.999613315299
-6.68336673347e-09 -0.00172045721971 0.999613683562 0.999613567404
-6.10220440882e-09 -0.00169340997205 0.999613834615 0.99961373338
-5.52104208417e-09 -0.00166636272439 0.999613985669 0.999613899356
-4.93987975952e-09 -0.00163931547672 0.999614136722 0.999614065332
-4.35871743487e-09 -0.00161226822906 0.999614287775 0.999614231308
-3.77755511022e-09 -0.0015852209814 0.999614438828 0.999614397284
-3.19639278557e-09 -0.00155817373373 0.999614589882 0.99961456326
-2.61523046092e-09 -0.00153112648364 0.999614694415 0.999614682191
-2.03406813627e-09 -0.00150407923022 0.999614735469 0.999614736926
-1.45290581162e-09 -0.00147703197681 0.999614776522 0.999614791661
-8.71743486974e-10 -0.00144998472339 0.999614817576 0.999614846396
-2.90581162324e-10 -0.00142293746997 0.999614858629 0.999614901131
2.90581162325e-10 -0.00139589021656 0.999614899683 0.999614955866
8.71743486974e-10 -0.00136884296314 0.999614940737 0.999615010602
1.45290581162e-09 -0.00134179571985 0.999614937643 0.999615021975
2.03406813627e-09 -0.00131474849198 0.999614867308 0.999614967304
2.61523046092e-09 -0.00128770126411 0.999614796973 0.999614912633
3.19639278557e-09 -0.00126065403625 0.999614726639 0.999614857962
3.77755511022e-09 -0.00123360680838 0.999614656304 0.999614803291
4.35871743487e-09 -0.00120655958051 0.999614585969 0.99961474862
4.93987975952e-09 -0.00117951235264 0.999614515635 0.999614693949
5.52104208417e-09 -0.00115246513783 0.999614420346 0.999614615517
6.10220440882e-09 -0.00112541797382 0.999614227944 0.999614444615
6.68336673347e-09 -0.0010983708098 0.999614035541 0.999614273713
7.26452905812e-09 -0.00107132364579 0.999613843139 0.999614102811
7.84569138277e-09 -0.00104427648178 0.999613650736 0.999613931909
8.42685370742e-09 -0.00101722931777 0.999613458334 0.999613761007
9.00801603206e-09 -0.000990182153758 0.999613265931 0.999613590105
9.58917835671e-09 -0.000963134989746 0.999613073529 0.999613419203
1.01703406814e-08 -0.000936087926575 0.999612760105 0.999613136782
1.0751503006e-08 -0.000909040882146 0.99961242419 0.999612833635
1.13326653307e-08 -0.000881993837716 0.999612088274 0.999612530489
1.19138276553e-08 -0.000854946793286 0.999611752359 0.999612227342
1.249498998e-08 -0.000827899748856 0.999611416444 0.999611924195
1.30761523046e-08 -0.000800852704427 0.999611080528 0.999611621049
1.36573146293e-08 -0.000773805659997 0.999610744613 0.999611317902
1.42384769539e-08 -0.000746758680121 0.999610353951 0.999610966094
1.48196392786e-08 -0.000719711844662 0.999609840813 0.999610505426
1.54008016032e-08 -0.000692665009202 0.999609327675 0.999610044758
1.59819639279e-08 -0.000665618173743 0.999608814536 0.99960958409
1.65631262525e-08 -0.000638571338283 0.999608301398 0.999609123421
1.71442885772e-08 -0.000611524502823 0.99960778826 0.999608662753
1.77254509018e-08 -0.000584477667364 0.999607275122 0.999608202085
1.83066132265e-08 -0.000557430831904 0.999606761984 0.999607741416
1.88877755511e-08 -0.000530384210929 0.999606114601 0.999607166461
1.94689378758e-08 -0.000503337734583 0.999605376696 0.999606514441
2.00501002004e-08 -0.000476291258236 0.999604638791 0.99960586242
2.06312625251e-08 -0.000449244781889 0.999603900886 0.9996052104
2.12124248497e-08 -0.000422198305543 0.999603162981 0.99960455838
2.17935871743e-08 -0.000395151829196 0.999602425075 0.999603906359
2.2374749499e-08 -0.000368105352849 0.99960168717 0.999603254339
2.29559118236e-08 -0.000341058876503 0.999600949265 0.999602602319
2.35370741483e-08 -0.000314012834328 0.999600008635 0.999601787148
2.41182364729e-08 -0.000286966974575 0.999598982828 0.999600903429
2.46993987976e-08 -0.000259921114822 0.999597957022 0.999600019709
2.52805611222e-08 -0.000232875255069 0.999596931215 0.999599135989
2.58617234469e-08 -0.000205829395316 0.999595905408 0.99959825227
2.64428857715e-08 -0.000178783535564 0.999594879601 0.99959736855
2.70240480962e-08 -0.000151737675811 0.999593853794 0.999596484831
2.76052104208e-08 -0.000124691816058 0.999592827987 0.999595601111
2.81863727455e-08 -9.76466208159e-05 0.999591571551 0.999594545857
2.87675350701e-08 -7.06018237763e-05 0.999590176911 0.999593387812
2.93486973948e-08 -4.35570267368e-05 0.999588782272 0.999592229768
2.99298597194e-08 -1.65122296972e-05 0.999587387632 0.999591071723
3.05110220441e-08 1.05325673423e-05 0.999585992993 0.999589913679
3.10921843687e-08 3.75773643818e-05 0.999584598353 0.999588755634
3.16733466934e-08 6.46221614214e-05 0.999583203713 0.99958759759
3.2254509018e-08 9.16669584609e-05 0.999581809074 0.999586439545
3.28356713427e-08 0.000118711099602 0.99958024667 0.999585170559
3.34168336673e-08 0.000145754056008 0.999578381235 0.999583701182
3.3997995992e-08 0.000172797012413 0.9995765158 0.999582231805
3.45791583166e-08 0.000199839968819 0.999574650366 0.999580762428
3.51603206413e-08 0.000226882925224 0.999572784931 0.999579293051
3.57414829659e-08 0.000253925881629 0.999570919496 0.999577823674
3.63226452906e-08 0.000280968838035 0.999569054062 0.999576354297
3.69038076152e-08 0.00030801179444 0.999567188627 0.99957488492
3.74849699399e-08 0.000335054750845 0.999565323192 0.999573415543
3.80661322645e-08 0.000362094846382 0.999562922708 0.999571652642
3.86472945892e-08 0.000389134598458 0.999560457989 0.999569854502
3.92284569138e-08 0.000416174350533 0.99955799327 0.999568056361
3.98096192385e-08 0.000443214102609 0.999555528551 0.999566258221
4.03907815631e-08 0.000470253854685 0.999553063832 0.999564460081
4.09719438878e-08 0.000497293606761 0.999550599112 0.99956266194
4.15531062124e-08 0.000524333358837 0.999548134393 0.9995608638
4.21342685371e-08 0.000551373110912 0.999545669674 0.99955906566
4.27154308617e-08 0.000578411572477 0.999543029002 0.999557197903
4.32965931864e-08 0.000605445716756 0.999539799694 0.99955509725
4.3877755511e-08 0.000632479861035 0.999536570386 0.999552996597
4.44589178357e-08 0.000659514005314 0.999533341079 0.999550895945
4.50400801603e-08 0.000686548149593 0.999530111771 0.999548795292
4.5621242485e-08 0.000713582293872 0.999526882464 0.999546694639
4.62024048096e-08 0.000740616438151 0.999523653156 0.999544593986
4.67835671343e-08 0.00076765058243 0.999520423848 0.999542493334
4.73647294589e-08 0.000794684726709 0.999517194541 0.999540392681
4.79458917836e-08 0.000821715282487 0.999513606401 0.99953822247
4.85270541082e-08 0.000848739557422 0.999509390207 0.999535930515
4.91082164329e-08 0.000875763832357 0.999505174013 0.99953363856
4.96893787575e-08 0.000902788107292 0.999500957819 0.999531346604
5.02705410822e-08 0.000929812382228 0.999496741626 0.999529054649
5.08517034068e-08 0.000956836657163 0.999492525432 0.999526762694
5.14328657315e-08 0.000983860932098 0.999488309238 0.999524470739
5.20140280561e-08 0.00101088520703 0.999484093044 0.999522178783
5.25951903808e-08 0.00103790948197 0.999479876851 0.999519886828
5.31763527054e-08 0.00106492871583 0.999475283857 0.999517616704
5.37575150301e-08 0.00109193551343 0.999469761305 0.999515400437
5.43386773547e-08 0.00111894231103 0.999464238753 0.99951318417
5.49198396794e-08 0.00114594910862 0.999458716201 0.999510967903
5.5501002004e-08 0.00117295590622 0.999453193649 0.999508751636
5.60821643287e-08 0.00119996270382 0.999447671098 0.999506535369
5.66633266533e-08 0.00122696950142 0.999442148546 0.999504319102
5.7244488978e-08 0.00125397629902 0.999436625994 0.999502102835
5.78256513026e-08 0.00128098309662 0.999431103442 0.999499886568
5.84068136273e-08 0.00130798989422 0.99942558089 0.999497670301
5.89879759519e-08 0.0013349655352 0.999418255792 0.999496074936
5.95691382766e-08 0.00136194116751 0.999410930192 0.999494479744
6.01503006012e-08 0.00138891679981 0.999403604593 0.999492884552
6.07314629259e-08 0.00141589243211 0.999396278993 0.99949128936
6.13126252505e-08 0.00144286806442 0.999388953393 0.999489694168
6.18937875752e-08 0.00146984369672 0.999381627794 0.999488098976
6.24749498998e-08 0.00149681932903 0.999374302194 0.999486503784
6.30561122244e-08 0.00152379496133 0.999366976594 0.999484908592
6.36372745491e-08 0.00155077059363 0.999359650994 0.9994833134
6.42184368737e-08 0.00157771864697 0.999351027482 0.999482535715
6.47995991984e-08 0.00160463827395 0.999341066179 0.999482600656
6.5380761523e-08 0.00163155790093 0.999331104876 0.999482665597
6.59619238477e-08 0.00165847752792 0.999321143572 0.999482730539
6.65430861723e-08 0.0016853971549 0.999311182269 0.99948279548
6.7124248497e-08 0.00171231678188 0.999301220966 0.999482860421
6.77054108216e-08 0.00173923640887 0.999291259663 0.999482925362
6.82865731463e-08 0.00176615603585 0.999281298359 0.999482990303
6.88677354709e-08 0.00179307566283 0.999271337056 0.999483055244
6.94488977956e-08 0.00181999528982 0.999261375753 0.999483120185
7.00300601202e-08 0.00184683762388 0.999248279124 0.999485909073
7.06112224449e-08 0.00187365574093 0.999234200153 0.999489551415
7.11923847695e-08 0.00190047385797 0.999220121181 0.999493193756
7.17735470942e-08 0.00192729197502 0.999206042209 0.999496836097
7.23547094188e-08 0.00195411009207 0.999191963237 0.999500478439
7.29358717435e-08 0.00198092820912 0.999177884266 0.99950412078
7.35170340681e-08 0.00200774632616 0.999163805294 0.999507763121
7.40981963928e-08 0.00203456444321 0.999149726322 0.999511405462
7.46793587174e-08 0.00206138256026 0.99913564735 0.999515047804
7.52605210421e-08 0.0020882006773 0.999121568379 0.999518690145
7.58416833667e-08 0.00211486995158 0.999101987106 0.999528001103
7.64228456914e-08 0.00214150235151 0.999081042692 0.999538716406
7.7004008016e-08 0.00216813475145 0.999060098278 0.999549431709
7.75851703407e-08 0.00219476715138 0.999039153864 0.999560147011
7.81663326653e-08 0.00222139955131 0.999018209449 0.999570862314
7.874749499e-08 0.00224803195125 0.998997265035 0.999581577617
7.93286573146e-08 0.00227466435118 0.998976320621 0.999592292919
7.99098196393e-08 0.00230129675112 0.998955376207 0.999603008222
8.04909819639e-08 0.00232792915105 0.998934431793 0.999613723525
8.10721442886e-08 0.00235456155098 0.998913487379 0.999624438828
8.16533066132e-08 0.00238098558375 0.998885202786 0.999643317643
8.22344689379e-08 0.00240727476484 0.998852167754 0.999667479744
8.28156312625e-08 0.00243356394592 0.998819132722 0.999691641846
8.33967935872e-08 0.00245985312701 0.998786097691 0.999715803947
8.39779559118e-08 0.0024861423081 0.998753062659 0.999739966048
8.45591182365e-08 0.00251243148918 0.998720027627 0.99976412815
8.51402805611e-08 0.00253872067027 0.998686992595 0.999788290251
8.57214428858e-08 0.00256500985136 0.998653957564 0.999812452353
8.63026052104e-08 0.00259129903244 0.998620922532 0.999836614454
8.68837675351e-08 0.00261758821353 0.9985878875 0.999860776555
8.74649298597e-08 0.00264376656962 0.998551019038 0.999889288043
8.80460921844e-08 0.00266941463171 0.998495807736 0.999938611201
8.8627254509e-08 0.0026950626938 0.998440596434 0.99998793436
8.92084168337e-08 0.00272071075589 0.998385385132 1.00003725752
8.97895791583e-08 0.00274635881798 0.99833017383 1.00008658068
9.0370741483e-08 0.00277200688007 0.998274962528 1.00013590384
9.09519038076e-08 0.00279765494215 0.998219751226 1.00018522699
9.15330661323e-08 0.00282330300424 0.998164539924 1.00023455015
9.21142284569e-08 0.00284895106633 0.998109328622 1.00028387331
9.26953907816e-08 0.00287459912842 0.99805411732 1.00033319647
9.32765531062e-08 0.00290024719051 0.997998906018 1.00038251963
9.38577154309e-08 0.00292529805448 0.997923073515 1.00045500455
9.44388777555e-08 0.00294973500288 0.997826042558 1.00055129959
9.50200400802e-08 0.00297417195128 0.997729011601 1.00064759464
9.56012024048e-08 0.00299860889968 0.997631980644 1.00074388969
9.61823647295e-08 0.00302304584807 0.997534949688 1.00084018473
9.67635270541e-08 0.00304748279647 0.997437918731 1.00093647978
9.73446893788e-08 0.00307191974487 0.997340887774 1.00103277483
9.79258517034e-08 0.00309635669327 0.997243856817 1.00112906988
9.85070140281e-08 0.00312079364167 0.99714682586 1.00122536492
9.90881763527e-08 0.00314523059007 0.997049794903 1.00132165997
9.96693386774e-08 0.00316966753846 0.996952763947 1.00141795502
1.00250501002e-07 0.0031928035438 0.996810602014 1.00156385207
1.00831663327e-07 0.00321492576657 0.996633270982 1.00174840235
1.01412825651e-07 0.00323704798934 0.99645593995 1.00193295263
1.01993987976e-07 0.00325917021212 0.996278608918 1.00211750291
1.02575150301e-07 0.00328129243489 0.996101277886 1.00230205319
1.03156312625e-07 0.00330341465766 0.995923946854 1.00248660347
1.0373747495e-07 0.00332553688043 0.995746615822 1.00267115375
1.04318637275e-07 0.0033476591032 0.99556928479 1.00285570403
1.04899799599e-07 0.00336978132598 0.995391953758 1.00304025431
1.05480961924e-07 0.00339190354875 0.995214622726 1.00322480459
1.06062124248e-07 0.00341402577152 0.995037291694 1.00340935487
1.06643286573e-07 0.00343447457388 0.994801675677 1.00365666205
1.07224448898e-07 0.0034521193047 0.994468394265 1.004009128
1.07805611222e-07 0.00346976403551 0.994135112853 1.00436159396
1.08386773547e-07 0.00348740876633 0.993801831441 1.00471405991
1.08967935872e-07 0.00350505349714 0.993468550029 1.00506652586
1.09549098196e-07 0.00352269822796 0.993135268617 1.00541899182
1.10130260521e-07 0.00354034295877 0.992801987205 1.00577145777
1.10711422846e-07 0.00355798768959 0.992468705793 1.00612392372
1.1129258517e-07 0.0035756324204 0.992135424381 1.00647638968
1.11873747495e-07 0.00359327715122 0.991802142969 1.00682885563
1.1245490982e-07 0.00361092188203 0.991468861557 1.00718132159
1.13036072144e-07 0.00362856661285 0.991135580145 1.00753378754
1.13617234469e-07 0.00363812547835 0.990521253122 1.00818610787
1.14198396794e-07 0.00364700200412 0.989883209579 1.00886373193
1.14779559118e-07 0.0036558785299 0.989245166036 1.00954135599
1.15360721443e-07 0.00366475505567 0.988607122493 1.01021898006
1.15941883768e-07 0.00367363158144 0.98796907895 1.01089660412
1.16523046092e-07 0.00368250810721 0.987331035408 1.01157422818
1.17104208417e-07 0.00369138463298 0.986692991865 1.01225185224
1.17685370741e-07 0.00370026115875 0.986054948322 1.0129294763
1.18266533066e-07 0.00370913768453 0.985416904779 1.01360710036
1.18847695391e-07 0.0037180142103 0.984778861236 1.01428472442
1.19428857715e-07 0.00372689073607 0.984140817693 1.01496234849
1.2001002004e-07 0.00373226984401 0.983382913259 1.01576963629
1.20591182365e-07 0.00372375951266 0.982149000338 1.01709186302
1.21172344689e-07 0.0037152491813 0.980915087417 1.01841408976
1.21753507014e-07 0.00370673884995 0.979681174496 1.0197363165
1.22334669339e-07 0.00369822851859 0.978447261575 1.02105854323
1.22915831663e-07 0.00368971818723 0.977213348654 1.02238076997
1.23496993988e-07 0.00368120785588 0.975979435733 1.02370299671
1.24078156313e-07 0.00367269752452 0.974745522812 1.02502522344
1.24659318637e-07 0.00366418719317 0.97351160989 1.02634745018
1.25240480962e-07 0.00365567686181 0.972277696969 1.02766967692
1.25821643287e-07 0.00364716653046 0.971043784048 1.02899190365
1.26402805611e-07 0.0036386561991 0.969809871127 1.03031413039
1.26983967936e-07 0.00362301147927 0.968340083378 1.0319062105
1.27565130261e-07 0.00357958307811 0.965951720608 1.03454918941
1.28146292585e-07 0.00353615467695 0.963563357837 1.03719216831
1.2872745491e-07 0.00349272627579 0.961174995066 1.03983514721
1.29308617234e-07 0.00344929787463 0.958786632295 1.04247812611
1.29889779559e-07 0.00340586947347 0.956398269525 1.04512110502
1.30470941884e-07 0.00336244107231 0.954009906754 1.04776408392
1.31052104208e-07 0.00331901267115 0.951621543983 1.05040706282
1.31633266533e-07 0.00327558426999 0.949233181212 1.05305004172
1.32214428858e-07 0.00323215586883 0.946844818441 1.05569302062
1.32795591182e-07 0.00318872746767 0.944456455671 1.05833599953
1.33376753507e-07 0.00314529906651 0.9420680929 1.06097897843
1.33957915832e-07 0.00310187066535 0.939679730129 1.06362195733
1.34539078156e-07 0.0029927111115 0.935280619165 1.06890143547
1.35120240481e-07 0.00287823622558 0.930718909587 1.07439411342
1.35701402806e-07 0.00276376133967 0.926157200009 1.07988679137
1.3628256513e-07 0.00264928645376 0.921595490431 1.08537946932
1.36863727455e-07 0.00253481156785 0.917033780853 1.09087214727
1.3744488978e-07 0.00242033668194 0.912472071275 1.09636482521
1.38026052104e-07 0.00230586179603 0.907910361697 1.10185750316
1.38607214429e-07 0.00219138691012 0.903348652119 1.10735018111
1.39188376754e-07 0.0020769120242 0.898786942541 1.11284285906
1.39769539078e-07 0.00196243713829 0.894225232963 1.11833553701
1.40350701403e-07 0.00184796225238 0.889663523385 1.12382821495
1.40931863727e-07 0.00173348736647 0.885101813807 1.1293208929
1.41513026052e-07 0.00156664806057 0.879087274124 1.13707215086
1.42094188377e-07 0.00130554005047 0.870457286556 1.1488894027
1.42675350701e-07 0.00104443204038 0.861827298989 1.16070665453
1.43256513026e-07 0.000783324030284 0.853197311421 1.17252390637
1.43837675351e-07 0.000522216020189 0.844567323854 1.18434115821
1.44418837675e-07 0.000261108010095 0.835937336286 1.19615841004
1.45e-07 0 0.827307348719 1.20797566188
