-1.45e-07 0.0245571812438 1.17445891038 0.849515589747
-1.44418837675e-07 0.0242974836528 1.1627755019 0.858076038307
-1.43837675351e-07 0.0240507150308 1.15182703413 0.866208453843
-1.43256513026e-07 0.0238197900635 1.14179293642 0.873826619936
-1.42675350701e-07 0.0236011688029 1.13245519174 0.881035376881
-1.42094188377e-07 0.0233926822796 1.12368457716 0.887901952578
-1.41513026052e-07 0.0231935804157 1.11543497481 0.894448487378
-1.40931863727e-07 0.0230082076511 1.1079352057 0.900516959809
-1.40350701403e-07 0.022831109021 1.10088009581 0.906291297086
-1.39769539078e-07 0.022661229283 1.09421116369 0.911807476915
-1.39188376754e-07 0.022501550607 1.08808223284 0.916953907286
-1.38607214429e-07 0.0223499357623 1.08237420763 0.921802672427
-1.38026052104e-07 0.0222037825089 1.07694991896 0.926448567466
-1.3744488978e-07 0.0220663740273 1.07197615685 0.930766082508
-1.36863727455e-07 0.0219352780844 1.06732370421 0.93484270641
-1.3628256513e-07 0.0218082607093 1.06287859574 0.938763426178
-1.35701402806e-07 0.0216899794791 1.05887322029 0.942345690201
-1.35120240481e-07 0.0215753083698 1.05504770099 0.945786089212
-1.34539078156e-07 0.0214655014432 1.05146451517 0.949035343007
-1.33957915832e-07 0.021361655166 1.04817549862 0.95204721134
-1.33376753507e-07 0.0212601024549 1.04499947927 0.954967506012
-1.32795591182e-07 0.0211652448905 1.04215103472 0.957617783003
-1.32214428858e-07 0.0210725052771 1.03940540109 0.960181620313
-1.31633266533e-07 0.020984194157 1.0368747382 0.962564718056
-1.31052104208e-07 0.0208991215242 1.03450015414 0.964814147903
-1.30470941884e-07 0.0208167850871 1.03225744097 0.966950641836
-1.29889779559e-07 0.0207383562516 1.03020182811 0.968924118265
-1.29308617234e-07 0.0206614574404 1.02821947451 0.970833765074
-1.2872745491e-07 0.0205887644464 1.02643730937 0.972566158853
-1.28146292585e-07 0.0205168002811 1.02468983502 0.974267836343
-1.27565130261e-07 0.0204490424475 1.02314149954 0.975790504613
-1.26983967936e-07 0.0203815432784 1.02160540993 0.977302164871
-1.26402805611e-07 0.0203180190967 1.02025659043 0.978643069666
-1.25821643287e-07 0.0202545477472 1.01891025998 0.97998170492
-1.25240480962e-07 0.0201946467209 1.01773139039 0.981165572203
-1.24659318637e-07 0.020134797526 1.01655495188 0.982347192679
-1.24078156313e-07 0.0200779920445 1.0155206976 0.983395703577
-1.23496993988e-07 0.020021389797 1.01449593721 0.984435326519
-1.22915831663e-07 0.0199672271295 1.01358471681 0.985367332719
-1.22334669339e-07 0.0199135259435 1.01269497413 0.986278981672
-1.21753507014e-07 0.0198616204353 1.0118885166 0.987110737368
-1.21172344689e-07 0.0198105025372 1.01111858912 0.987907450739
-1.20591182365e-07 0.0197605280828 1.01040152479 0.988652854114
-1.2001002004e-07 0.0197117025424 1.00973757649 0.98934670202
-1.19428857715e-07 0.0196633854005 1.00909706016 0.990017539903
-1.18847695391e-07 0.0196165868137 1.00852653368 0.990619648251
-1.18266533066e-07 0.0195697882268 1.00795600719 0.991221756599
-1.17685370741e-07 0.0195246859562 1.0074634311 0.991746419174
-1.17104208417e-07 0.01947967309 1.00697496339 0.992266999967
-1.16523046092e-07 0.0194355926082 1.00652921522 0.992744632132
-1.15941883768e-07 0.0193921470217 1.00611255637 0.99319301898
-1.15360721443e-07 0.0193489541925 1.00570744375 0.993629655753
-1.14779559118e-07 0.0193068788428 1.00535337884 0.994014343619
-1.14198396794e-07 0.0192648034932 1.00499931392 0.994399031485
-1.13617234469e-07 0.0192235840222 1.00468422617 0.994743550893
-1.13036072144e-07 0.0191827018697 1.00438450007 0.995072239131
-1.1245490982e-07 0.0191420184761 1.00409379619 0.99539150577
-1.11873747495e-07 0.0191021710962 1.00384104127 0.995671143587
-1.1129258517e-07 0.0190623237163 1.00358828636 0.995950781403
-1.10711422846e-07 0.0190230191412 1.00336008513 0.996204418171
-1.10130260521e-07 0.0189840653553 1.00314775179 0.99644125169
-1.09549098196e-07 0.0189451115695 1.00293541845 0.996678085208
-1.08967935872e-07 0.0189068968929 1.00275639222 0.996879120203
-1.08386773547e-07 0.018868711427 1.00257868233 0.997078740391
-1.07805611222e-07 0.0188306931815 1.00240847681 0.997270165546
-1.07224448898e-07 0.0187931653599 1.00226028007 0.997437556321
-1.06643286573e-07 0.0187556375382 1.00211208334 0.997604947095
-1.06062124248e-07 0.0187183802583 1.00197597227 0.997758912375
-1.05480961924e-07 0.0186814127415 1.00185280553 0.997898498306
-1.04899799599e-07 0.0186444452248 1.00172963879 0.998038084236
-1.04318637275e-07 0.018607784715 1.00162011756 0.998162230395
-1.0373747495e-07 0.018571292288 1.0015180671 0.998277923459
-1.03156312625e-07 0.018534799861 1.00141601664 0.998393616523
-1.02575150301e-07 0.0184986051878 1.00132712701 0.998494120317
-1.01993987976e-07 0.0184625136031 1.00124279393 0.998589365276
-1.01412825651e-07 0.0184264220184 1.00115846085 0.998684610236
-1.00831663327e-07 0.0183905898872 1.0010855262 0.998766417062
-1.00250501002e-07 0.0183548347689 1.00101597492 0.998844235086
-9.96693386774e-08 0.0183190796506 1.00094642363 0.998922053109
-9.90881763527e-08 0.0182835294643 1.00088581655 0.998989083758
-9.85070140281e-08 0.0182480552758 1.00082852637 0.999052113978
-9.79258517034e-08 0.0182125810872 1.00077123619 0.999115144198
-9.73446893788e-08 0.0181772506535 1.00072017656 0.999170476313
-9.67635270541e-08 0.0181420097309 1.00067299646 0.999221015086
-9.61823647295e-08 0.0181067688083 1.00062581636 0.999271553859
-9.56012024048e-08 0.0180716106563 1.0005821979 0.999317579214
-9.50200400802e-08 0.0180365623107 1.00054330444 0.999357616917
-9.44388777555e-08 0.018001513965 1.00050441097 0.999397654619
-9.38577154309e-08 0.0179664922258 1.00046665422 0.999436213705
-9.32765531062e-08 0.0179316019129 1.00043451253 0.999467468941
-9.26953907816e-08 0.0178967116 1.00040237084 0.999498724176
-9.21142284569e-08 0.017861821287 1.00037022914 0.999529979412
-9.15330661323e-08 0.0178270379594 1.00034262818 0.999555171035
-9.09519038076e-08 0.0177922765181 1.00031595613 0.999579122203
-9.0370741483e-08 0.0177575150768 1.00028928408 0.999603073372
-8.97895791583e-08 0.017722796797 1.00026443417 0.999624528693
-8.92084168337e-08 0.0176881397547 1.00024216951 0.999642442899
-8.8627254509e-08 0.0176534827124 1.00021990484 0.999660357105
-8.80460921844e-08 0.0176188256701 1.00019764018 0.999678271311
-8.74649298597e-08 0.0175842455829 1.00017861465 0.999691645436
-8.68837675351e-08 0.0175496725265 1.00015988505 0.999704604773
-8.63026052104e-08 0.01751509947 1.00014115544 0.999717564109
-8.57214428858e-08 0.017480549005 1.00012337767 0.999729164552
-8.51402805611e-08 0.0174460430145 1.00010747369 0.999738089821
-8.45591182365e-08 0.0174115370239 1.00009156972 0.99974701509
-8.39779559118e-08 0.0173770310334 1.00007566574 0.99975594036
-8.33967935872e-08 0.0173425608118 1.00006127962 0.999762675527
-8.28156312625e-08 0.0173081079545 1.00004763035 0.999768347498
-8.22344689379e-08 0.0172736550973 1.00003398108 0.999774019469
-8.16533066132e-08 0.01723920224 1.00002033181 0.99977969144
-8.10721442886e-08 0.0172047879213 1.00000834503 0.999782968633
-8.04909819639e-08 0.0171703768029 0.9999964963 0.999786046958
-7.99098196393e-08 0.0171359656846 0.999984647571 0.999789125283
-7.93286573146e-08 0.0171015573346 0.99997292188 0.999792029902
-7.874749499e-08 0.0170671787033 0.99996251698 0.999793069831
-7.81663326653e-08 0.017032800072 0.999952112081 0.999794109759
-7.75851703407e-08 0.0169984214408 0.999941707181 0.999795149688
-7.7004008016e-08 0.0169640467342 0.999931485345 0.999795942999
-7.64228456914e-08 0.0169296931342 0.999922247987 0.999795410054
-7.58416833667e-08 0.0168953395342 0.999913010629 0.999794877108
-7.52605210421e-08 0.0168609859342 0.999903773271 0.999794344163
-7.46793587174e-08 0.0168266349265 0.999894665973 0.999793650235
-7.40981963928e-08 0.0167923003971 0.999886385421 0.999791933005
-7.35170340681e-08 0.0167579658678 0.999878104868 0.999790215775
-7.29358717435e-08 0.0167236313384 0.999869824315 0.999788498545
-7.23547094188e-08 0.0166892971025 0.9998615601 0.999786763693
-7.17735470942e-08 0.0166549769188 0.999854078262 0.99978418493
-7.11923847695e-08 0.0166206567352 0.999846596424 0.999781606167
-7.06112224449e-08 0.0165863365515 0.999839114586 0.999779027404
-7.00300601202e-08 0.0165520163678 0.999831632748 0.999776448642
-6.94488977956e-08 0.0165177047781 0.999824702205 0.999773388994
-6.88677354709e-08 0.0164833952286 0.999817902549 0.999770215177
-6.82865731463e-08 0.0164490856792 0.999811102894 0.99976704136
-6.77054108216e-08 0.0164147761298 0.999804303238 0.999763867543
-6.7124248497e-08 0.0163804704286 0.999797800494 0.999760506648
-6.65430861723e-08 0.0163461686269 0.999791598612 0.999756956186
-6.59619238477e-08 0.0163118668251 0.99978539673 0.999753405725
-6.5380761523e-08 0.0162775650233 0.999779194848 0.999749855264
-6.47995991984e-08 0.0162432636847 0.999773038015 0.999746288101
-6.42184368737e-08 0.0162089674098 0.999767373687 0.999742538353
-6.36372745491e-08 0.0161746711349 0.999761709359 0.999738788605
-6.30561122244e-08 0.01614037486 0.99975604503 0.999735038857
-6.24749498998e-08 0.0161060785851 0.999750380702 0.999731289109
-6.18937875752e-08 0.0160717844873 0.999744997037 0.999727507039
-6.13126252505e-08 0.0160374920515 0.999739827642 0.999723700293
-6.07314629259e-08 0.0160031996157 0.999734658247 0.999719893546
-6.01503006012e-08 0.01596890718 0.999729488852 0.9997160868
-5.95691382766e-08 0.0159346147442 0.999724319456 0.999712280053
-5.89879759519e-08 0.0159003247384 0.999719588599 0.999708525529
-5.84068136273e-08 0.0158660348766 0.999714883728 0.999704774099
-5.78256513026e-08 0.0158317450148 0.999710178856 0.999701022669
-5.7244488978e-08 0.015797455153 0.999705473985 0.999697271239
-5.66633266533e-08 0.0157631656396 0.999700862934 0.999693549952
-5.60821643287e-08 0.0157288774188 0.999696600067 0.999689940533
-5.5501002004e-08 0.0156945891981 0.999692337201 0.999686331114
-5.49198396794e-08 0.0156603009774 0.999688074334 0.999682721695
-5.43386773547e-08 0.0156260127566 0.999683811468 0.999679112276
-5.37575150301e-08 0.0155917248926 0.999679705104 0.999675579195
-5.31763527054e-08 0.0155574376381 0.999675866229 0.999672176588
-5.25951903808e-08 0.0155231503837 0.999672027354 0.999668773981
-5.20140280561e-08 0.0154888631293 0.99966818848 0.999665371374
-5.14328657315e-08 0.0154545758749 0.999664349605 0.999661968767
-5.08517034068e-08 0.0154202888223 0.999660678797 0.999658670371
-5.02705410822e-08 0.015386002058 0.999657247841 0.999655520699
-4.96893787575e-08 0.0153517152937 0.999653816885 0.999652371027
-4.91082164329e-08 0.0153174285293 0.999650385929 0.999649221355
-4.85270541082e-08 0.015283141765 0.999646954973 0.999646071683
-4.79458917836e-08 0.0152488550563 0.99964365659 0.999643017799
-4.73647294589e-08 0.0152145684566 0.999640617563 0.999640151307
-4.67835671343e-08 0.0151802818569 0.999637578537 0.999637284815
-4.62024048096e-08 0.0151459952572 0.99963453951 0.999634418323
-4.5621242485e-08 0.0151117086575 0.999631500484 0.999631551832
-4.50400801603e-08 0.0150774220509 0.999628515843 0.999628728876
-4.44589178357e-08 0.0150431354031 0.999625851591 0.999626162399
-4.3877755511e-08 0.0150088487553 0.99962318734 0.999623595922
-4.32965931864e-08 0.0149745621075 0.999620523089 0.999621029445
-4.27154308617e-08 0.0149402754598 0.999617858837 0.999618462969
-4.21342685371e-08 0.014905988812 0.999615194586 0.999615896492
-4.15531062124e-08 0.0148717020167 0.999612825503 0.999613583629
-4.09719438878e-08 0.0148374151912 0.999610516975 0.999611322797
-4.03907815631e-08 0.0148031283657 0.999608208448 0.999609061965
-3.98096192385e-08 0.0147688415402 0.99960589992 0.999606801132
-3.92284569138e-08 0.0147345547146 0.999603591392 0.9996045403
-3.86472945892e-08 0.0147002677927 0.999601413093 0.999602397079
-3.80661322645e-08 0.0146659807195 0.999599439043 0.999600438317
-3.74849699399e-08 0.0146316936464 0.999597464992 0.999598479556
-3.69038076152e-08 0.0145974065732 0.999595490941 0.999596520794
-3.63226452906e-08 0.0145631195 0.999593516891 0.999594562032
-3.57414829659e-08 0.0145288324268 0.99959154284 0.99959260327
-3.51603206413e-08 0.0144945451275 0.999589824175 0.999590883506
-3.45791583166e-08 0.0144602577788 0.999588161223 0.999589215881
-3.3997995992e-08 0.0144259704301 0.999586498272 0.999587548256
-3.34168336673e-08 0.0143916830814 0.99958483532 0.999585880631
-3.28356713427e-08 0.0143573957327 0.999583172369 0.999584213006
-3.2254509018e-08 0.0143231083506 0.999581544144 0.999582578725
-3.16733466934e-08 0.014288820727 0.999580167139 0.999581185666
-3.10921843687e-08 0.0142545331033 0.999578790135 0.999579792607
-3.05110220441e-08 0.0142202454796 0.99957741313 0.999578399548
-2.99298597194e-08 0.014185957856 0.999576036126 0.999577006489
-2.93486973948e-08 0.0141516702323 0.999574659121 0.999575613429
-2.87675350701e-08 0.014117382535 0.99957335685 0.999574293484
-2.81863727455e-08 0.0140830946553 0.999572239462 0.999573154415
-2.76052104208e-08 0.0140488067757 0.999571122073 0.999572015345
-2.70240480962e-08 0.014014518896 0.999570004685 0.999570876276
-2.64428857715e-08 0.0139802310164 0.999568887296 0.999569737206
-2.58617234469e-08 0.0139459431368 0.999567769907 0.999568598136
-2.52805611222e-08 0.0139116551855 0.999566726347 0.999567532285
-2.46993987976e-08 0.0138773670798 0.999565841846 0.999566624181
-2.41182364729e-08 0.0138430789741 0.999564957346 0.999565716077
-2.35370741483e-08 0.0138087908684 0.999564072846 0.999564807974
-2.29559118236e-08 0.0137745027627 0.999563188345 0.99956389987
-2.2374749499e-08 0.013740214657 0.999562303845 0.999562991766
-2.17935871743e-08 0.0137059265122 0.999561461851 0.999562126232
-2.12124248497e-08 0.0136716382161 0.999560784039 0.999561425125
-2.0631262525e-08 0.0136373499201 0.999560106227 0.999560724019
-2.00501002004e-08 0.0136030616241 0.999559428415 0.999560022912
-1.94689378758e-08 0.0135687733281 0.999558750603 0.999559321805
-1.88877755511e-08 0.0135344850321 0.999558072791 0.999558620698
-1.83066132265e-08 0.013500196736 0.999557394979 0.999557919591
-1.77254509018e-08 0.0134659082952 0.999556890203 0.999557392936
-1.71442885772e-08 0.0134316198468 0.999556394439 0.999556875368
-1.65631262525e-08 0.0133973313984 0.999555898676 0.999556357799
-1.59819639279e-08 0.0133630429499 0.999555402913 0.999555840231
-1.54008016032e-08 0.0133287545015 0.999554907149 0.999555322662
-1.48196392786e-08 0.0132944660531 0.999554411386 0.999554805094
-1.42384769539e-08 0.013260177542 0.999554003366 0.999554376327
-1.36573146293e-08 0.0132258889792 0.999553667677 0.999554020763
-1.30761523046e-08 0.0131916004165 0.999553331987 0.999553665199
-1.249498998e-08 0.0131573118537 0.999552996297 0.999553309635
-1.19138276553e-08 0.0131230232909 0.999552660608 0.999552954071
-1.13326653307e-08 0.0130887347281 0.999552324918 0.999552598507
-1.0751503006e-08 0.0130544461653 0.999551989229 0.999552242943
-1.01703406814e-08 0.0130201575256 0.999551794763 0.999552030451
-9.58917835671e-09 0.0129858688854 0.999551600987 0.999551818658
-9.00801603206e-09 0.0129515802453 0.999551407211 0.999551606864
-8.42685370741e-09 0.0129172916051 0.999551213435 0.999551395071
-7.84569138277e-09 0.012883002965 0.999551019659 0.999551183277
-7.26452905812e-09 0.0128487143249 0.999550825882 0.999550971484
-6.68336673347e-09 0.0128144256728 0.999550669174 0.999550797171
-6.10220440882e-09 0.0127801369912 0.99955060413 0.999550715548
-5.52104208417e-09 0.0127458483096 0.999550539087 0.999550633925
-4.93987975952e-09 0.012711559628 0.999550474044 0.999550552302
-4.35871743487e-09 0.0126772709464 0.999550409001 0.999550470679
-3.77755511022e-09 0.0126429822648 0.999550343958 0.999550389055
-3.19639278557e-09 0.0126086935832 0.999550278915 0.999550307432
-2.61523046092e-09 0.0125744048991 0.999550265331 0.999550277609
-2.03406813627e-09 0.0125401162114 0.999550321969 0.999550318471
-1.45290581162e-09 0.0125058275238 0.999550378606 0.999550359333
-8.71743486974e-10 0.0124715388361 0.999550435243 0.999550400195
-2.90581162324e-10 0.0124372501485 0.99955049188 0.999550441056
2.90581162325e-10 0.0124029614608 0.999550548517 0.999550481918
8.71743486974e-10 0.0123686727732 0.999550605154 0.99955052278
1.45290581162e-09 0.0123343840975 0.999550710084 0.999550611968
2.03406813627e-09 0.0123000954399 0.999550888567 0.999550774759
2.61523046092e-09 0.0122658067823 0.999551067049 0.999550937551
3.19639278557e-09 0.0122315181247 0.999551245532 0.999551100343
3.77755511022e-09 0.0121972294671 0.999551424015 0.999551263134
4.35871743487e-09 0.0121629408096 0.999551602498 0.999551425926
4.93987975952e-09 0.012128652152 0.999551780981 0.999551588718
5.52104208417e-09 0.0120943635084 0.99955198608 0.999551778007
6.10220440882e-09 0.0120600749194 0.999552294764 0.999552070416
6.68336673347e-09 0.0120257863303 0.999552603448 0.999552362826
7.26452905812e-09 0.0119914977412 0.999552912132 0.999552655235
7.84569138277e-09 0.0119572091522 0.999553220816 0.999552947644
8.42685370742e-09 0.0119229205631 0.9995535295 0.999553240054
9.00801603206e-09 0.0118886319741 0.999553838183 0.999553532463
9.58917835671e-09 0.011854343385 0.999554146867 0.999553824873
1.01703406814e-08 0.0118200548897 0.999554579941 0.999554240836
1.0751503006e-08 0.0117857664118 0.999555036133 0.999554679762
1.13326653307e-08 0.011751477934 0.999555492324 0.999555118687
1.19138276553e-08 0.0117171894561 0.999555948516 0.999555557613
1.249498998e-08 0.0116829009782 0.999556404708 0.999555996538
1.30761523046e-08 0.0116486125004 0.999556860899 0.999556435464
1.36573146293e-08 0.0116143240225 0.999557317091 0.999556874389
1.42384769539e-08 0.0115800355939 0.999557827089 0.999557366873
1.48196392786e-08 0.0115457472754 0.999558457459 0.999557979172
1.54008016032e-08 0.011511458957 0.999559087829 0.99955859147
1.59819639279e-08 0.0114771706386 0.999559718198 0.999559203769
1.65631262525e-08 0.0114428823201 0.999560348568 0.999559816068
1.71442885772e-08 0.0114085940017 0.999560978938 0.999560428367
1.77254509018e-08 0.0113743056832 0.999561609308 0.999561040666
1.83066132265e-08 0.0113400173648 0.999562239677 0.999561652965
1.88877755511e-08 0.0113057291737 0.9995629955 0.999562391064
1.94689378758e-08 0.0112714410684 0.999563835917 0.99956321399
2.00501002004e-08 0.0112371529632 0.999564676334 0.999564036916
2.06312625251e-08 0.0112028648579 0.999565516751 0.999564859843
2.12124248497e-08 0.0111685767526 0.999566357168 0.999565682769
2.17935871743e-08 0.0111342886474 0.999567197585 0.999566505695
2.2374749499e-08 0.0111000005421 0.999568038002 0.999567328622
2.29559118236e-08 0.0110657124368 0.999568878419 0.999568151548
2.35370741483e-08 0.011031424521 0.999569897709 0.999569156348
2.41182364729e-08 0.0109971366846 0.999570992153 0.999570237563
2.46993987976e-08 0.0109628488483 0.999572086598 0.999571318779
2.52805611222e-08 0.010928561012 0.999573181043 0.999572399995
2.58617234469e-08 0.0108942731756 0.999574275488 0.999573481211
2.64428857715e-08 0.0108599853393 0.999575369932 0.999574562426
2.70240480962e-08 0.010825697503 0.999576464377 0.999575643642
2.76052104208e-08 0.0107914096666 0.999577558822 0.999576724858
2.81863727455e-08 0.0107571220276 0.999578843078 0.999578003569
2.87675350701e-08 0.0107228345067 0.999580241077 0.999579400629
2.93486973948e-08 0.0106885469857 0.999581639077 0.999580797688
2.99298597194e-08 0.0106542594648 0.999583037076 0.999582194747
3.05110220441e-08 0.0106199719439 0.999584435076 0.999583591807
3.10921843687e-08 0.010585684423 0.999585833075 0.999584988866
3.16733466934e-08 0.0105513969021 0.999587231074 0.999586385925
3.2254509018e-08 0.0105171093812 0.999588629074 0.999587782985
3.28356713427e-08 0.0104828219764 0.999590153114 0.999589316246
3.34168336673e-08 0.0104485347814 0.999591904818 0.999591095528
3.3997995992e-08 0.0104142475863 0.999593656523 0.999592874809
3.45791583166e-08 0.0103799603913 0.999595408228 0.999594654091
3.51603206413e-08 0.0103456731962 0.999597159933 0.999596433372
3.57414829659e-08 0.0103113860012 0.999598911638 0.999598212654
3.63226452906e-08 0.0102770988061 0.999600663342 0.999599991935
3.69038076152e-08 0.0102428116111 0.999602415047 0.999601771217
3.74849699399e-08 0.010208524416 0.999604166752 0.999603550498
3.80661322645e-08 0.0101742374366 0.999606271801 0.999605736931
3.86472945892e-08 0.0101399504832 0.99960841927 0.999607972244
3.92284569138e-08 0.0101056635297 0.999610566739 0.999610207557
3.98096192385e-08 0.0100713765762 0.999612714208 0.999612442869
4.03907815631e-08 0.0100370896228 0.999614861677 0.999614678182
4.09719438878e-08 0.0100028026693 0.999617009146 0.999616913495
4.15531062124e-08 0.00996851571584 0.999619156616 0.999619148808
4.21342685371e-08 0.00993422876237 0.999621304085 0.999621384121
4.27154308617e-08 0.00989994179521 0.999623547016 0.999623742873
4.32965931864e-08 0.0098656547822 0.999626109309 0.99962651458
4.3877755511e-08 0.0098313677692 0.999628671601 0.999629286286
4.44589178357e-08 0.00979708075619 0.999631233893 0.999632057993
4.50400801603e-08 0.00976279374318 0.999633796186 0.999634829699
4.5621242485e-08 0.00972850673018 0.999636358478 0.999637601406
4.62024048096e-08 0.00969421971717 0.99963892077 0.999640373112
4.67835671343e-08 0.00965993270417 0.999641483063 0.999643144819
4.73647294589e-08 0.00962564569116 0.999644045355 0.999645916525
4.79458917836e-08 0.0095913583774 0.999646747862 0.999648915549
4.85270541082e-08 0.00955707053725 0.999649695781 0.99965231244
4.91082164329e-08 0.00952278269709 0.9996526437 0.999655709332
4.96893787575e-08 0.00948849485693 0.999655591619 0.999659106223
5.02705410822e-08 0.00945420701677 0.999658539538 0.999662503114
5.08517034068e-08 0.00941991917661 0.999661487457 0.999665900005
5.14328657315e-08 0.00938563133645 0.999664435376 0.999669296896
5.20140280561e-08 0.00935134349629 0.999667383295 0.999672693787
5.25951903808e-08 0.00931705565613 0.999670331214 0.999676090678
5.31763527054e-08 0.0092827670754 0.999673355599 0.999679698788
5.37575150301e-08 0.00924847666768 0.999676568625 0.999683827969
5.43386773547e-08 0.00921418625996 0.99967978165 0.999687957151
5.49198396794e-08 0.00917989585224 0.999682994676 0.999692086333
5.5501002004e-08 0.00914560544452 0.999686207702 0.999696215514
5.60821643287e-08 0.0091113150368 0.999689420727 0.999700344696
5.66633266533e-08 0.00907702462908 0.999692633753 0.999704473878
5.7244488978e-08 0.00904273422136 0.999695846779 0.999708603059
5.78256513026e-08 0.00900844381364 0.999699059804 0.999712732241
5.84068136273e-08 0.00897415340592 0.99970227283 0.999716861423
5.89879759519e-08 0.00893985669307 0.999705464328 0.999721877611
5.95691382766e-08 0.00890555997846 0.99970865582 0.999726894046
6.01503006012e-08 0.00887126326385 0.999711847312 0.999731910481
6.07314629259e-08 0.00883696654924 0.999715038805 0.999736926916
6.13126252505e-08 0.00880266983463 0.999718230297 0.999741943351
6.18937875752e-08 0.00876837312002 0.999721421789 0.999746959787
6.24749498998e-08 0.00873407640542 0.999724613281 0.999751976222
6.30561122244e-08 0.00869977969081 0.999727804773 0.999756992657
6.36372745491e-08 0.0086654829762 0.999730996266 0.999762009092
6.42184368737e-08 0.00863117930227 0.99973388853 0.999767598874
6.47995991984e-08 0.00859686845519 0.999736472373 0.999773779618
6.5380761523e-08 0.00856255760812 0.999739056216 0.999779960362
6.59619238477e-08 0.00852824676104 0.999741640059 0.999786141106
6.65430861723e-08 0.00849393591397 0.999744223903 0.999792321851
6.7124248497e-08 0.00845962506689 0.999746807746 0.999798502595
6.77054108216e-08 0.00842531421982 0.999749391589 0.999804683339
6.82865731463e-08 0.00839100337275 0.999751975432 0.999810864083
6.88677354709e-08 0.00835669252567 0.999754559275 0.999817044827
6.94488977956e-08 0.0083223816786 0.999757143118 0.999823225572
7.00300601202e-08 0.00828804774722 0.99975840329 0.999830727749
7.06112224449e-08 0.00825370658319 0.999759248736 0.99983864395
7.11923847695e-08 0.00821936541917 0.999760094183 0.999846560152
7.17735470942e-08 0.00818502425514 0.999760939629 0.999854476354
7.23547094188e-08 0.00815068309111 0.999761785075 0.999862392555
7.29358717435e-08 0.00811634192708 0.999762630521 0.999870308757
7.35170340681e-08 0.00808200076306 0.999763475968 0.999878224958
7.40981963928e-08 0.00804765959903 0.999764321414 0.99988614116
7.46793587174e-08 0.008013318435 0.99976516686 0.999894057362
7.52605210421e-08 0.00797897727097 0.999766012307 0.999901973563
7.58416833667e-08 0.00794458507411 0.999763748996 0.999912280032
7.64228456914e-08 0.00791018023437 0.999760715521 0.999923178665
7.7004008016e-08 0.00787577539462 0.999757682045 0.999934077299
7.75851703407e-08 0.00784137055488 0.99975464857 0.999944975933
7.81663326653e-08 0.00780696571513 0.999751615095 0.999955874567
7.874749499e-08 0.00777256087539 0.99974858162 0.9999667732
7.93286573146e-08 0.00773815603565 0.999745548145 0.999977671834
7.99098196393e-08 0.0077037511959 0.99974251467 0.999988570468
8.04909819639e-08 0.00766934635616 0.999739481194 0.999999469102
8.10721442886e-08 0.00763494151641 0.999736447719 1.00001036774
8.16533066132e-08 0.00760045619936 0.999728594823 1.0000247471
8.22344689379e-08 0.00756591879876 0.999717622878 1.00004137912
8.28156312625e-08 0.00753138139816 0.999706650934 1.00005801115
8.33967935872e-08 0.00749684399756 0.99969567899 1.00007464318
8.39779559118e-08 0.00746230659696 0.999684707046 1.00009127521
8.45591182365e-08 0.00742776919636 0.999673735102 1.00010790723
8.51402805611e-08 0.00739323179577 0.999662763158 1.00012453926
8.57214428858e-08 0.00735869439517 0.999651791214 1.00014117129
8.63026052104e-08 0.00732415699457 0.99964081927 1.00015780332
8.68837675351e-08 0.00728961959397 0.999629847326 1.00017443534
8.74649298597e-08 0.00725503456089 0.999616154216 1.00019310135
8.80460921844e-08 0.00722022160793 0.999589440414 1.00022149987
8.8627254509e-08 0.00718540865497 0.999562726613 1.00024989839
8.92084168337e-08 0.00715059570202 0.999536012812 1.0002782969
8.97895791583e-08 0.00711578274906 0.999509299011 1.00030669542
9.0370741483e-08 0.0070809697961 0.999482585209 1.00033509394
9.09519038076e-08 0.00704615684314 0.999455871408 1.00036349246
9.15330661323e-08 0.00701134389018 0.999429157607 1.00039189098
9.21142284569e-08 0.00697653093723 0.999402443806 1.0004202895
9.26953907816e-08 0.00694171798427 0.999375730004 1.00044868801
9.32765531062e-08 0.00690690503131 0.999349016203 1.00047708653
9.38577154309e-08 0.00687180874729 0.999306999819 1.00051775939
9.44388777555e-08 0.00683642120088 0.999249252485 1.00057105017
9.50200400802e-08 0.00680103365447 0.99919150515 1.00062434096
9.56012024048e-08 0.00676564610806 0.999133757816 1.00067763174
9.61823647295e-08 0.00673025856165 0.999076010482 1.00073092253
9.67635270541e-08 0.00669487101524 0.999018263147 1.00078421331
9.73446893788e-08 0.00665948346883 0.998960515813 1.0008375041
9.79258517034e-08 0.00662409592242 0.998902768478 1.00089079488
9.85070140281e-08 0.00658870837602 0.998845021144 1.00094408567
9.90881763527e-08 0.00655332082961 0.99878727381 1.00099737645
9.96693386774e-08 0.0065179332832 0.998729526475 1.00105066723
1.00250501002e-07 0.00648186814732 0.9986371388 1.0011339217
1.00831663327e-07 0.00644527498803 0.998517757034 1.0012405259
1.01412825651e-07 0.00640868182874 0.998398375269 1.00134713009
1.01993987976e-07 0.00637208866945 0.998278993503 1.00145373428
1.02575150301e-07 0.00633549551017 0.998159611738 1.00156033847
1.03156312625e-07 0.00629890235088 0.998040229972 1.00166694266
1.0373747495e-07 0.00626230919159 0.997920848207 1.00177354685
1.04318637275e-07 0.0062257160323 0.997801466441 1.00188015105
1.04899799599e-07 0.00618912287302 0.997682084676 1.00198675524
1.05480961924e-07 0.00615252971373 0.997562702911 1.00209335943
1.06062124248e-07 0.00611593655444 0.997443321145 1.00219996362
1.06643286573e-07 0.00607839014643 0.997277561795 1.00234950021
1.07224448898e-07 0.00603924642455 0.997034089716 1.00257097659
1.07805611222e-07 0.00600010270266 0.996790617638 1.00279245298
1.08386773547e-07 0.00596095898078 0.99654714556 1.00301392936
1.08967935872e-07 0.00592181525889 0.996303673481 1.00323540574
1.09549098196e-07 0.00588267153701 0.996060201403 1.00345688212
1.10130260521e-07 0.00584352781513 0.995816729324 1.00367835851
1.10711422846e-07 0.00580438409324 0.995573257246 1.00389983489
1.1129258517e-07 0.00576524037136 0.995329785167 1.00412131127
1.11873747495e-07 0.00572609664947 0.995086313089 1.00434278765
1.1245490982e-07 0.00568695292759 0.994842841011 1.00456426404
1.13036072144e-07 0.00564780920571 0.994599368932 1.00478574042
1.13617234469e-07 0.00560364114988 0.994122017934 1.00523690565
1.14198396794e-07 0.00555904910694 0.993624930659 1.00570745357
1.14779559118e-07 0.00551445706401 0.993127843384 1.00617800149
1.15360721443e-07 0.00546986502107 0.992630756109 1.00664854941
1.15941883768e-07 0.00542527297813 0.992133668834 1.00711909734
1.16523046092e-07 0.00538068093519 0.991636581559 1.00758964526
1.17104208417e-07 0.00533608889226 0.991139494283 1.00806019318
1.17685370741e-07 0.00529149684932 0.990642407008 1.0085307411
1.18266533066e-07 0.00524690480638 0.990145319733 1.00900128902
1.18847695391e-07 0.00520231276344 0.989648232458 1.00947183695
1.19428857715e-07 0.00515772072051 0.989151145183 1.00994238487
1.2001002004e-07 0.00511076240518 0.988548514496 1.01052275927
1.20591182365e-07 0.00505440681498 0.987526734914 1.01153929207
1.21172344689e-07 0.00499805122479 0.986504955332 1.01255582487
1.21753507014e-07 0.00494169563459 0.98548317575 1.01357235768
1.22334669339e-07 0.0048853400444 0.984461396169 1.01458889048
1.22915831663e-07 0.0048289844542 0.983439616587 1.01560542328
1.23496993988e-07 0.004772628864 0.982417837005 1.01662195609
1.24078156313e-07 0.00471627327381 0.981396057423 1.01763848889
1.24659318637e-07 0.00465991768361 0.980374277842 1.01865502169
1.25240480962e-07 0.00460356209341 0.97935249826 1.0196715545
1.25821643287e-07 0.00454720650322 0.978330718678 1.0206880873
1.26402805611e-07 0.00449085091302 0.977308939096 1.02170462011
1.26983967936e-07 0.00442924561495 0.976064493452 1.02297079392
1.27565130261e-07 0.0043471962086 0.973952912108 1.02520915287
1.28146292585e-07 0.00426514680224 0.971841330764 1.02744751182
1.2872745491e-07 0.00418309739588 0.969729749421 1.02968587077
1.29308617234e-07 0.00410104798953 0.967618168077 1.03192422972
1.29889779559e-07 0.00401899858317 0.965506586734 1.03416258867
1.30470941884e-07 0.00393694917681 0.96339500539 1.03640094762
1.31052104208e-07 0.00385489977046 0.961283424047 1.03863930657
1.31633266533e-07 0.0037728503641 0.959171842703 1.04087766552
1.32214428858e-07 0.00369080095774 0.95706026136 1.04311602447
1.32795591182e-07 0.00360875155139 0.954948680016 1.04535438342
1.33376753507e-07 0.00352670214503 0.952837098673 1.04759274237
1.33957915832e-07 0.00344465273868 0.950725517329 1.04983110132
1.34539078156e-07 0.00331003104309 0.946549672774 1.05470281294
1.35120240481e-07 0.00317115810341 0.942206902127 1.05978746992
1.35701402806e-07 0.00303228516373 0.93786413148 1.0648721269
1.3628256513e-07 0.00289341222405 0.933521360833 1.06995678388
1.36863727455e-07 0.00275453928437 0.929178590186 1.07504144086
1.3744488978e-07 0.00261566634469 0.924835819538 1.08012609784
1.38026052104e-07 0.00247679340501 0.920493048891 1.08521075482
1.38607214429e-07 0.00233792046533 0.916150278244 1.0902954118
1.39188376754e-07 0.00219904752565 0.911807507597 1.09538006878
1.39769539078e-07 0.00206017458597 0.90746473695 1.10046472576
1.40350701403e-07 0.00192130164629 0.903121966303 1.10554938274
1.40931863727e-07 0.00178242870661 0.898779195656 1.11063403971
1.41513026052e-07 0.00159803601201 0.89279645343 1.11813828495
1.42094188377e-07 0.00133169667667 0.883861363108 1.12999837809
1.42675350701e-07 0.00106535734134 0.874926272786 1.14185847123
1.43256513026e-07 0.000799018006003 0.865991182464 1.15371856437
1.43837675351e-07 0.000532678670669 0.857056092143 1.16557865751
1.44418837675e-07 0.000266339335334 0.848121001821 1.17743875065
1.45e-07 0 0.839185911499 1.18929884379
