-1.45e-07 0.0237791577167 1.98387705604 0.499986594152
-1.44418837675e-07 0.0226677328087 1.90090559774 0.522096745349
-1.43837675351e-07 0.0216195517652 1.82491113577 0.543571647892
-1.43256513026e-07 0.0206516734585 1.7580725126 0.564384706952
-1.42675350701e-07 0.01974242979 1.69740135643 0.584628693818
-1.42094188377e-07 0.0188794840401 1.64142115407 0.604388697059
-1.41513026052e-07 0.018072447308 1.59087747296 0.623520041408
-1.40931863727e-07 0.017324486505 1.5456566609 0.641892424408
-1.40350701403e-07 0.0166079722829 1.50316600309 0.65983412011
-1.39769539078e-07 0.0159456386461 1.46521047935 0.676990149755
-1.39188376754e-07 0.0153223481801 1.4302994861 0.693514048127
-1.38607214429e-07 0.0147262439881 1.39750843953 0.709597785169
-1.38026052104e-07 0.0141842313898 1.36865877325 0.72471326077
-1.3744488978e-07 0.0136542631819 1.34066845915 0.739606272298
-1.36863727455e-07 0.0131783199973 1.31636843681 0.753439651687
-1.3628256513e-07 0.0127121300284 1.29269509236 0.767065154882
-1.35701402806e-07 0.0122901390206 1.27186168424 0.779748618842
-1.35120240481e-07 0.011878212618 1.2516387623 0.79220076492
-1.34539078156e-07 0.0115061308181 1.2338326842 0.803737150373
-1.33957915832e-07 0.0111398958872 1.21636264641 0.815129663154
-1.33376753507e-07 0.0108137367706 1.20119590787 0.825536038807
-1.32795591182e-07 0.010487577654 1.18602916934 0.83594241446
-1.32214428858e-07 0.0102014652623 1.17305155211 0.845300799403
-1.31633266533e-07 0.0099173200242 1.1601814677 0.854607705515
-1.31052104208e-07 0.0096589413468 1.14865619993 0.863201978968
-1.30470941884e-07 0.00941300091918 1.13778011329 0.871452244424
-1.29889779559e-07 0.00917693420505 1.12739795703 0.879415582898
-1.29308617234e-07 0.00896551138175 1.11824860607 0.886662777722
-1.2872745491e-07 0.00875408855844 1.1090992551 0.893909972546
-1.28146292585e-07 0.00856691056138 1.10111683684 0.900420916062
-1.27565130261e-07 0.00838646155591 1.09345829305 0.906727517885
-1.26983967936e-07 0.0082104003578 1.08600371129 0.912895580844
-1.26402805611e-07 0.00805754511288 1.07962783074 0.918330948372
-1.25821643287e-07 0.00790468986796 1.07325195019 0.923766315901
-1.25240480962e-07 0.00776181350635 1.06732568992 0.9288756317
-1.24659318637e-07 0.0076333540975 1.06204901681 0.933513885535
-1.24078156313e-07 0.00750489468864 1.0567723437 0.93815213937
-1.23496993988e-07 0.00738770573142 1.05198963156 0.942410947923
-1.22915831663e-07 0.00728064226404 1.04765069906 0.946328858927
-1.22334669339e-07 0.00717357879667 1.04331176656 0.950246769931
-1.21753507014e-07 0.00707592666895 1.0393754021 0.953839487471
-1.21172344689e-07 0.00698747015588 1.03583237809 0.957114465573
-1.20591182365e-07 0.00689901364281 1.03228935408 0.960389443675
-1.2001002004e-07 0.00681600197404 1.02897434908 0.963472028011
-1.19428857715e-07 0.00674358379334 1.02610297783 0.966180291072
-1.18847695391e-07 0.00667116561265 1.02323160657 0.968888554133
-1.18266533066e-07 0.00659903286696 1.02037197224 0.971586536784
-1.17685370741e-07 0.00654031053279 1.01806376642 0.973801521505
-1.17104208417e-07 0.00648158819863 1.01575556059 0.976016506225
-1.16523046092e-07 0.00642286586446 1.01344735477 0.978231490946
-1.15941883768e-07 0.00637042672617 1.01139350883 0.980216485456
-1.15360721443e-07 0.00632328585072 1.00955415016 0.982007542261
-1.14779559118e-07 0.00627614497528 1.00771479149 0.983798599066
-1.14198396794e-07 0.00622900409983 1.00587543281 0.985589655871
-1.13617234469e-07 0.0061905567062 1.0043833971 0.987058148386
-1.13036072144e-07 0.0061531091803 1.00293130822 0.988489541655
-1.1245490982e-07 0.0061156616544 1.00147921933 0.989920934925
-1.11873747495e-07 0.00607882229424 1.00005116157 0.991329506887
-1.1129258517e-07 0.00604940085986 0.998916216442 0.992459722571
-1.10711422846e-07 0.00601997942548 0.997781271318 0.993589938255
-1.10130260521e-07 0.00599055799109 0.996646326194 0.994720153939
-1.09549098196e-07 0.00596160212918 0.995529610916 0.995832736433
-1.08967935872e-07 0.00593875165107 0.994651956606 0.996714082343
-1.08386773547e-07 0.00591590117297 0.993774302295 0.997595428253
-1.07805611222e-07 0.00589305069486 0.992896647985 0.998476774164
-1.07224448898e-07 0.00587020021676 0.992018993674 0.999358120074
-1.06643286573e-07 0.00585199219388 0.991321770792 1.00006230665
-1.06062124248e-07 0.00583445805234 0.990650738658 1.00074077744
-1.05480961924e-07 0.00581692391081 0.989979706524 1.00141924823
-1.04899799599e-07 0.00579938976928 0.98930867439 1.00209771902
-1.04318637275e-07 0.00578386791442 0.988715382708 1.00269893308
-1.0373747495e-07 0.00577058203117 0.988208473074 1.00321430257
-1.03156312625e-07 0.00575729614793 0.987701563439 1.00372967206
-1.02575150301e-07 0.00574401026468 0.987194653805 1.00424504155
-1.01993987976e-07 0.00573072438144 0.98668774417 1.00476041104
-1.01412825651e-07 0.00572032844868 0.986291948784 1.0051642934
-1.00831663327e-07 0.00571039351906 0.985913878275 1.0055503914
-1.00250501002e-07 0.00570045858944 0.985535807766 1.0059364894
-9.96693386774e-08 0.00569052365983 0.985157737257 1.0063225874
-9.90881763527e-08 0.00568066517501 0.984782594888 1.00670572522
-9.85070140281e-08 0.00567333770937 0.984504400633 1.00699085416
-9.79258517034e-08 0.00566601024373 0.984226206379 1.0072759831
-9.73446893788e-08 0.00565868277809 0.983948012124 1.00756111204
-9.67635270541e-08 0.00565135531245 0.98366981787 1.00784624098
-9.61823647295e-08 0.0056440278468 0.983391623615 1.00813136992
-9.56012024048e-08 0.00563862795938 0.983187047412 1.00834163962
-9.50200400802e-08 0.00563330073455 0.982985246338 1.00854908739
-9.44388777555e-08 0.00562797350971 0.982783445263 1.00875653517
-9.38577154309e-08 0.00562264628488 0.982581644189 1.00896398295
-9.32765531062e-08 0.00561731906004 0.982379843114 1.00917143072
-9.26953907816e-08 0.00561298095704 0.982215733597 1.00934037996
-9.21142284569e-08 0.00560916544719 0.982071538058 1.00948898886
-9.15330661323e-08 0.00560534993734 0.981927342518 1.00963759776
-9.09519038076e-08 0.0056015344275 0.981783146979 1.00978620666
-9.0370741483e-08 0.00559771891765 0.981638951439 1.00993481555
-8.97895791583e-08 0.00559400406175 0.981498584841 1.01007950032
-8.92084168337e-08 0.00559131336001 0.981397177729 1.01018425703
-8.8627254509e-08 0.00558862265827 0.981295770617 1.01028901374
-8.80460921844e-08 0.00558593195653 0.981194363506 1.01039377045
-8.74649298597e-08 0.0055832412548 0.981092956394 1.01049852716
-8.68837675351e-08 0.00558055055306 0.980991549282 1.01060328387
-8.63026052104e-08 0.00557807139488 0.98089817888 1.01069978327
-8.57214428858e-08 0.00557620405837 0.980828052073 1.01077240107
-8.51402805611e-08 0.00557433672185 0.980757925266 1.01084501887
-8.45591182365e-08 0.00557246938534 0.980687798459 1.01091763667
-8.39779559118e-08 0.00557060204883 0.980617671651 1.01099025447
-8.33967935872e-08 0.00556873471231 0.980547544844 1.01106287227
-8.28156312625e-08 0.00556695254271 0.980480650311 1.01113216284
-8.22344689379e-08 0.00556567770085 0.980433009992 1.01118163353
-8.16533066132e-08 0.00556440285899 0.980385369673 1.01123110421
-8.10721442886e-08 0.00556312801713 0.980337729354 1.0112805749
-8.04909819639e-08 0.00556185317527 0.980290089035 1.01133004558
-7.99098196393e-08 0.00556057833341 0.980242448716 1.01137951627
-7.93286573146e-08 0.00555930349155 0.980194808397 1.01142898695
-7.874749499e-08 0.00555833707469 0.980158863838 1.0114664013
-7.81663326653e-08 0.00555748104049 0.980127105092 1.01149950078
-7.75851703407e-08 0.00555662500629 0.980095346345 1.01153260026
-7.7004008016e-08 0.00555576897209 0.980063587598 1.01156569974
-7.64228456914e-08 0.0055549129379 0.980031828852 1.01159879922
-7.58416833667e-08 0.0055540569037 0.980000070105 1.0116318987
-7.52605210421e-08 0.00555320692859 0.979968540955 1.01166476125
-7.46793587174e-08 0.00555264145257 0.979947792305 1.01168649873
-7.40981963928e-08 0.00555207597655 0.979927043655 1.01170823621
-7.35170340681e-08 0.00555151050053 0.979906295006 1.01172997369
-7.29358717435e-08 0.00555094502451 0.979885546356 1.01175171117
-7.23547094188e-08 0.00555037954849 0.979864797706 1.01177344865
-7.17735470942e-08 0.00554981407247 0.979844049056 1.01179518613
-7.11923847695e-08 0.00554924859645 0.979823300406 1.01181692361
-7.06112224449e-08 0.00554887728319 0.979809903472 1.0118310673
-7.00300601202e-08 0.00554850949612 0.979796640052 1.01184507309
-6.94488977956e-08 0.00554814170905 0.979783376633 1.01185907888
-6.88677354709e-08 0.00554777392199 0.979770113213 1.01187308466
-6.82865731463e-08 0.00554740613492 0.979756849794 1.01188709045
-6.77054108216e-08 0.00554703834785 0.979743586374 1.01190109624
-6.7124248497e-08 0.00554667056078 0.979730322955 1.01191510202
-6.65430861723e-08 0.00554638248663 0.979720074853 1.01192599031
-6.59619238477e-08 0.00554614649584 0.97971179692 1.01193484166
-6.5380761523e-08 0.00554591050506 0.979703518988 1.01194369301
-6.47995991984e-08 0.00554567451428 0.979695241055 1.01195254436
-6.42184368737e-08 0.00554543852349 0.979686963123 1.01196139572
-6.36372745491e-08 0.00554520253271 0.97967868519 1.01197024707
-6.30561122244e-08 0.00554496654192 0.979670407258 1.01197909842
-6.24749498998e-08 0.00554473055114 0.979662129325 1.01198794977
-6.18937875752e-08 0.00554456962312 0.979656686849 1.01199386627
-6.13126252505e-08 0.00554441966137 0.979651658618 1.011999354
-6.07314629259e-08 0.00554426969962 0.979646630386 1.01200484173
-6.01503006012e-08 0.00554411973787 0.979641602155 1.01201032946
-5.95691382766e-08 0.00554396977613 0.979636573924 1.01201581719
-5.89879759519e-08 0.00554381981438 0.979631545693 1.01202130491
-5.84068136273e-08 0.00554366985263 0.979626517462 1.01202679264
-5.78256513026e-08 0.00554351989089 0.979621489231 1.01203228037
-5.7244488978e-08 0.00554341213463 0.979618051738 1.01203611891
-5.66633266533e-08 0.00554331711276 0.979615094206 1.01203945985
-5.60821643287e-08 0.00554322209088 0.979612136675 1.01204280079
-5.5501002004e-08 0.005543127069 0.979609179144 1.01204614173
-5.49198396794e-08 0.00554303204712 0.979606221613 1.01204948266
-5.43386773547e-08 0.00554293702524 0.979603264082 1.0120528236
-5.37575150301e-08 0.00554284200337 0.97960030655 1.01205616454
-5.31763527054e-08 0.00554274698149 0.979597349019 1.01205950548
-5.25951903808e-08 0.00554266135875 0.979594744405 1.01206247956
-5.20140280561e-08 0.0055426006437 0.979593075019 1.01206448148
-5.14328657315e-08 0.00554253992866 0.979591405632 1.0120664834
-5.08517034068e-08 0.00554247921361 0.979589736246 1.01206848532
-5.02705410822e-08 0.00554241849857 0.97958806686 1.01207048724
-4.96893787575e-08 0.00554235778352 0.979586397474 1.01207248916
-4.91082164329e-08 0.00554229706847 0.979584728088 1.01207449108
-4.85270541082e-08 0.00554223635343 0.979583058702 1.012076493
-4.79458917836e-08 0.00554217563838 0.979581389316 1.01207849492
-4.73647294589e-08 0.00554212269392 0.979580009752 1.01208019418
-4.67835671343e-08 0.00554208292112 0.979579121455 1.01208138042
-4.62024048096e-08 0.00554204314831 0.979578233158 1.01208256666
-4.5621242485e-08 0.0055420033755 0.979577344861 1.0120837529
-4.50400801603e-08 0.00554196360269 0.979576456564 1.01208493914
-4.44589178357e-08 0.00554192382988 0.979575568267 1.01208612538
-4.3877755511e-08 0.00554188405707 0.97957467997 1.01208731162
-4.32965931864e-08 0.00554184428426 0.979573791673 1.01208849786
-4.27154308617e-08 0.00554180451145 0.979572903376 1.0120896841
-4.21342685371e-08 0.00554176523597 0.979572033404 1.01209085104
-4.15531062124e-08 0.00554173796628 0.979571605791 1.01209155216
-4.09719438878e-08 0.0055417106966 0.979571178178 1.01209225328
-4.03907815631e-08 0.00554168342691 0.979570750565 1.0120929544
-3.98096192385e-08 0.00554165615723 0.979570322952 1.01209365552
-3.92284569138e-08 0.00554162888755 0.979569895339 1.01209435664
-3.86472945892e-08 0.00554160161786 0.979569467726 1.01209505776
-3.80661322645e-08 0.00554157434818 0.979569040113 1.01209575888
-3.74849699399e-08 0.00554154707849 0.9795686125 1.01209646
-3.69038076152e-08 0.00554151980881 0.979568184887 1.01209716112
-3.63226452906e-08 0.00554149443757 0.979567825646 1.01209778911
-3.57414829659e-08 0.00554147448231 0.979567661462 1.01209820844
-3.51603206413e-08 0.00554145452704 0.979567497278 1.01209862778
-3.45791583166e-08 0.00554143457178 0.979567333094 1.01209904712
-3.3997995992e-08 0.00554141461652 0.97956716891 1.01209946645
-3.34168336673e-08 0.00554139466126 0.979567004726 1.01209988579
-3.28356713427e-08 0.005541374706 0.979566840542 1.01210030513
-3.2254509018e-08 0.00554135475074 0.979566676358 1.01210072446
-3.16733466934e-08 0.00554133479548 0.979566512174 1.0121011438
-3.10921843687e-08 0.00554131484022 0.979566347989 1.01210156314
-3.05110220441e-08 0.00554129492186 0.979566185078 1.01210198107
-2.99298597194e-08 0.00554127917878 0.979566166101 1.01210224029
-2.93486973948e-08 0.0055412634357 0.979566147125 1.01210249951
-2.87675350701e-08 0.00554124769262 0.979566128149 1.01210275873
-2.81863727455e-08 0.00554123194953 0.979566109173 1.01210301795
-2.76052104208e-08 0.00554121620645 0.979566090196 1.01210327716
-2.70240480962e-08 0.00554120046337 0.97956607122 1.01210353638
-2.64428857715e-08 0.00554118472029 0.979566052244 1.0121037956
-2.58617234469e-08 0.0055411689772 0.979566033267 1.01210405482
-2.52805611222e-08 0.00554115323412 0.979566014291 1.01210431404
-2.46993987976e-08 0.00554113749104 0.979565995315 1.01210457326
-2.41182364729e-08 0.0055411223863 0.979565996528 1.01210480881
-2.35370741483e-08 0.00554110905408 0.979566053803 1.01210497866
-2.29559118236e-08 0.00554109572186 0.979566111077 1.01210514851
-2.2374749499e-08 0.00554108238965 0.979566168352 1.01210531835
-2.17935871743e-08 0.00554106905743 0.979566225626 1.0121054882
-2.12124248497e-08 0.00554105572521 0.979566282901 1.01210565805
-2.0631262525e-08 0.00554104239299 0.979566340175 1.01210582789
-2.00501002004e-08 0.00554102906077 0.97956639745 1.01210599774
-1.94689378758e-08 0.00554101572856 0.979566454724 1.01210616759
-1.88877755511e-08 0.00554100239634 0.979566511999 1.01210633743
-1.83066132265e-08 0.00554098906412 0.979566569273 1.01210650728
-1.77254509018e-08 0.0055409757373 0.979566626691 1.01210667694
-1.71442885772e-08 0.00554096380073 0.979566721012 1.01210679739
-1.65631262525e-08 0.00554095186415 0.979566815333 1.01210691785
-1.59819639279e-08 0.00554093992758 0.979566909655 1.01210703831
-1.54008016032e-08 0.00554092799101 0.979567003976 1.01210715877
-1.48196392786e-08 0.00554091605443 0.979567098297 1.01210727923
-1.42384769539e-08 0.00554090411786 0.979567192618 1.01210739969
-1.36573146293e-08 0.00554089218129 0.97956728694 1.01210752015
-1.30761523046e-08 0.00554088024471 0.979567381261 1.01210764061
-1.249498998e-08 0.00554086830814 0.979567475582 1.01210776107
-1.19138276553e-08 0.00554085637156 0.979567569903 1.01210788152
-1.13326653307e-08 0.00554084443499 0.979567664225 1.01210800198
-1.0751503006e-08 0.00554083266699 0.979567761592 1.01210811695
-1.01703406814e-08 0.00554082156841 0.979567871058 1.0121082101
-9.58917835671e-09 0.00554081046983 0.979567980524 1.01210830325
-9.00801603206e-09 0.00554079937125 0.979568089991 1.0121083964
-8.42685370741e-09 0.00554078827267 0.979568199457 1.01210848955
-7.84569138277e-09 0.00554077717409 0.979568308923 1.0121085827
-7.26452905812e-09 0.00554076607551 0.979568418389 1.01210867585
-6.68336673347e-09 0.00554075497693 0.979568527855 1.012108769
-6.10220440882e-09 0.00554074387835 0.979568637321 1.01210886216
-5.52104208417e-09 0.00554073277977 0.979568746787 1.01210895531
-4.93987975952e-09 0.00554072168119 0.979568856253 1.01210904846
-4.35871743487e-09 0.0055407105826 0.979568965719 1.01210914161
-3.77755511022e-09 0.00554069948402 0.979569075185 1.01210923476
-3.19639278557e-09 0.00554068882648 0.979569186897 1.01210931543
-2.61523046092e-09 0.00554067825889 0.979569299066 1.01210939355
-2.03406813627e-09 0.0055406676913 0.979569411235 1.01210947167
-1.45290581162e-09 0.00554065712371 0.979569523405 1.01210954979
-8.71743486974e-10 0.00554064655612 0.979569635574 1.01210962791
-2.90581162324e-10 0.00554063598853 0.979569747743 1.01210970603
2.90581162325e-10 0.00554062542094 0.979569859913 1.01210978415
8.71743486974e-10 0.00554061485335 0.979569972082 1.01210986227
1.45290581162e-09 0.00554060428576 0.979570084251 1.01210994039
2.03406813627e-09 0.00554059371817 0.979570196421 1.01211001851
2.61523046092e-09 0.00554058315058 0.97957030859 1.01211009663
3.19639278557e-09 0.00554057258299 0.979570420759 1.01211017475
3.77755511022e-09 0.00554056207092 0.97957053208 1.01211025168
4.35871743487e-09 0.00554055183102 0.97957063924 1.01211032272
4.93987975952e-09 0.00554054159113 0.9795707464 1.01211039377
5.52104208417e-09 0.00554053135123 0.97957085356 1.01211046482
6.10220440882e-09 0.00554052111134 0.97957096072 1.01211053586
6.68336673347e-09 0.00554051087145 0.97957106788 1.01211060691
7.26452905812e-09 0.00554050063155 0.97957117504 1.01211067796
7.84569138277e-09 0.00554049039166 0.9795712822 1.012110749
8.42685370742e-09 0.00554048015176 0.97957138936 1.01211082005
9.00801603206e-09 0.00554046991187 0.97957149652 1.0121108911
9.58917835671e-09 0.00554045967198 0.979571603681 1.01211096214
1.01703406814e-08 0.00554044943208 0.979571710841 1.01211103319
1.0751503006e-08 0.00554043919219 0.979571818001 1.01211110424
1.13326653307e-08 0.00554042907194 0.979571916406 1.01211117498
1.19138276553e-08 0.00554041898182 0.979572012606 1.01211124565
1.249498998e-08 0.0055404088917 0.979572108807 1.01211131632
1.30761523046e-08 0.00554039880157 0.979572205008 1.01211138699
1.36573146293e-08 0.00554038871145 0.979572301208 1.01211145766
1.42384769539e-08 0.00554037862133 0.979572397409 1.01211152833
1.48196392786e-08 0.00554036853121 0.97957249361 1.01211159899
1.54008016032e-08 0.00554035844109 0.97957258981 1.01211166966
1.59819639279e-08 0.00554034835097 0.979572686011 1.01211174033
1.65631262525e-08 0.00554033826085 0.979572782212 1.012111811
1.71442885772e-08 0.00554032817073 0.979572878412 1.01211188167
1.77254509018e-08 0.00554031808061 0.979572974613 1.01211195234
1.83066132265e-08 0.0055403079244 0.979573052493 1.01211203081
1.88877755511e-08 0.00554029776794 0.979573130302 1.0121121093
1.94689378758e-08 0.00554028761148 0.979573208111 1.0121121878
2.00501002004e-08 0.00554027745502 0.97957328592 1.0121122663
2.06312625251e-08 0.00554026729856 0.979573363728 1.0121123448
2.12124248497e-08 0.0055402571421 0.979573441537 1.0121124233
2.17935871743e-08 0.00554024698564 0.979573519346 1.0121125018
2.2374749499e-08 0.00554023682918 0.979573597155 1.0121125803
2.29559118236e-08 0.00554022667272 0.979573674964 1.0121126588
2.35370741483e-08 0.00554021651626 0.979573752773 1.0121127373
2.41182364729e-08 0.0055402063598 0.979573830582 1.0121128158
2.46993987976e-08 0.00554019590535 0.979573885957 1.01211290963
2.52805611222e-08 0.00554018534358 0.979573933252 1.01211300898
2.58617234469e-08 0.00554017478182 0.979573980548 1.01211310834
2.64428857715e-08 0.00554016422005 0.979574027844 1.01211320769
2.70240480962e-08 0.00554015365829 0.97957407514 1.01211330705
2.76052104208e-08 0.00554014309653 0.979574122435 1.0121134064
2.81863727455e-08 0.00554013253476 0.979574169731 1.01211350576
2.87675350701e-08 0.005540121973 0.979574217027 1.01211360511
2.93486973948e-08 0.00554011141123 0.979574264322 1.01211370447
2.99298597194e-08 0.00554010084947 0.979574311618 1.01211380382
3.05110220441e-08 0.00554009028771 0.979574358914 1.01211390318
3.10921843687e-08 0.00554007875792 0.979574355191 1.01211404515
3.16733466934e-08 0.00554006721958 0.979574351018 1.0121141875
3.2254509018e-08 0.00554005568125 0.979574346844 1.01211432984
3.28356713427e-08 0.00554004414291 0.979574342671 1.01211447219
3.34168336673e-08 0.00554003260457 0.979574338497 1.01211461453
3.3997995992e-08 0.00554002106623 0.979574334324 1.01211475688
3.45791583166e-08 0.00554000952789 0.979574330151 1.01211489923
3.51603206413e-08 0.00553999798955 0.979574325977 1.01211504157
3.57414829659e-08 0.00553998645121 0.979574321804 1.01211518392
3.63226452906e-08 0.00553997491288 0.97957431763 1.01211532626
3.69038076152e-08 0.00553996193696 0.979574248762 1.01211552825
3.74849699399e-08 0.00553994845714 0.979574157217 1.01211575115
3.80661322645e-08 0.00553993497732 0.979574065671 1.01211597405
3.86472945892e-08 0.00553992149749 0.979573974126 1.01211619694
3.92284569138e-08 0.00553990801767 0.97957388258 1.01211641984
3.98096192385e-08 0.00553989453785 0.979573791035 1.01211664274
4.03907815631e-08 0.00553988105802 0.97957369949 1.01211686563
4.09719438878e-08 0.0055398675782 0.979573607944 1.01211708853
4.15531062124e-08 0.00553985409838 0.979573516399 1.01211731143
4.21342685371e-08 0.00553984061855 0.979573424853 1.01211753432
4.27154308617e-08 0.00553982373767 0.979573191784 1.01211789453
4.32965931864e-08 0.00553980671589 0.979572952852 1.01211826043
4.3877755511e-08 0.00553978969412 0.97957271392 1.01211862633
4.44589178357e-08 0.00553977267234 0.979572474989 1.01211899222
4.50400801603e-08 0.00553975565057 0.979572236057 1.01211935812
4.5621242485e-08 0.00553973862879 0.979571997125 1.01211972402
4.62024048096e-08 0.00553972160702 0.979571758193 1.01212008991
4.67835671343e-08 0.00553970458524 0.979571519261 1.01212045581
4.73647294589e-08 0.00553968756347 0.979571280329 1.0121208217
4.79458917836e-08 0.0055396666833 0.979570887288 1.01212134126
4.85270541082e-08 0.00553964352688 0.979570403331 1.01212195147
4.91082164329e-08 0.00553962037046 0.979569919374 1.01212256167
4.96893787575e-08 0.00553959721404 0.979569435416 1.01212317188
5.02705410822e-08 0.00553957405762 0.979568951459 1.01212378209
5.08517034068e-08 0.0055395509012 0.979568467501 1.01212439229
5.14328657315e-08 0.00553952774479 0.979567983544 1.0121250025
5.20140280561e-08 0.00553950458837 0.979567499587 1.0121256127
5.25951903808e-08 0.00553948143195 0.979567015629 1.01212622291
5.31763527054e-08 0.0055394508468 0.979566241476 1.01212712683
5.37575150301e-08 0.00553941745835 0.979565357815 1.01212814158
5.43386773547e-08 0.0055393840699 0.979564474153 1.01212915633
5.49198396794e-08 0.00553935068145 0.979563590492 1.01213017108
5.5501002004e-08 0.005539317293 0.979562706831 1.01213118583
5.60821643287e-08 0.00553928390455 0.979561823169 1.01213220058
5.66633266533e-08 0.0055392505161 0.979560939508 1.01213321533
5.7244488978e-08 0.00553921712765 0.979560055847 1.01213423009
5.78256513026e-08 0.00553917990298 0.979559024175 1.01213539591
5.84068136273e-08 0.00553912996397 0.979557501952 1.01213706241
5.89879759519e-08 0.00553908002497 0.979555979729 1.01213872892
5.95691382766e-08 0.00553903008596 0.979554457506 1.01214039543
6.01503006012e-08 0.00553898014695 0.979552935283 1.01214206194
6.07314629259e-08 0.00553893020794 0.97955141306 1.01214372845
6.13126252505e-08 0.00553888026893 0.979549890837 1.01214539496
6.18937875752e-08 0.00553883032992 0.979548368614 1.01214706146
6.24749498998e-08 0.00553877706839 0.979546719109 1.01214885852
6.30561122244e-08 0.00553870106459 0.979544198375 1.01215154915
6.36372745491e-08 0.00553862506078 0.97954167764 1.01215423978
6.42184368737e-08 0.00553854905698 0.979539156906 1.01215693042
6.47995991984e-08 0.00553847305317 0.979536636171 1.01215962105
6.5380761523e-08 0.00553839704937 0.979534115437 1.01216231168
6.59619238477e-08 0.00553832104557 0.979531594702 1.01216500231
6.65430861723e-08 0.00553824504176 0.979529073968 1.01216769294
6.7124248497e-08 0.00553815320487 0.979525949228 1.01217100488
6.77054108216e-08 0.00553803713564 0.979521900068 1.01217526772
6.82865731463e-08 0.00553792106641 0.979517850907 1.01217953055
6.88677354709e-08 0.00553780499718 0.979513801747 1.01218379339
6.94488977956e-08 0.00553768892795 0.979509752586 1.01218805622
7.00300601202e-08 0.00553757285872 0.979505703426 1.01219231906
7.06112224449e-08 0.00553745678949 0.979501654265 1.01219658189
7.11923847695e-08 0.00553733964615 0.979497564234 1.01220088684
7.17735470942e-08 0.00553716335919 0.979491223741 1.01220751096
7.23547094188e-08 0.00553698707223 0.979484883248 1.01221413507
7.29358717435e-08 0.00553681078528 0.979478542754 1.01222075918
7.35170340681e-08 0.00553663449832 0.979472202261 1.01222738329
7.40981963928e-08 0.00553645821136 0.979465861768 1.0122340074
7.46793587174e-08 0.0055362819244 0.979459521274 1.01224063151
7.52605210421e-08 0.00553610563744 0.979453180781 1.01224725563
7.58416833667e-08 0.00553584258231 0.979443544041 1.01225728078
7.64228456914e-08 0.00553557767924 0.979433837099 1.01226737838
7.7004008016e-08 0.00553531277617 0.979424130157 1.01227747597
7.75851703407e-08 0.0055350478731 0.979414423215 1.01228757356
7.81663326653e-08 0.00553478297003 0.979404716273 1.01229767116
7.874749499e-08 0.00553451806696 0.979395009331 1.01230776875
7.93286573146e-08 0.00553421947257 0.979384023883 1.01231918672
7.99098196393e-08 0.00553382673981 0.979369466106 1.01233429402
8.04909819639e-08 0.00553343400706 0.979354908329 1.01234940132
8.10721442886e-08 0.0055330412743 0.979340350553 1.01236450862
8.16533066132e-08 0.00553264854155 0.979325792776 1.01237961592
8.22344689379e-08 0.00553225580879 0.979311234999 1.01239472321
8.28156312625e-08 0.00553186307603 0.979296677222 1.01240983051
8.33967935872e-08 0.00553131541797 0.979276245125 1.01243100943
8.39779559118e-08 0.00553074175205 0.979254826884 1.0124532076
8.45591182365e-08 0.00553016808614 0.979233408643 1.01247540578
8.51402805611e-08 0.00552959442022 0.979211990402 1.01249760396
8.57214428858e-08 0.0055290207543 0.979190572161 1.01251980213
8.63026052104e-08 0.00552844708838 0.97916915392 1.01254200031
8.68837675351e-08 0.00552768652604 0.979140653848 1.01257152416
8.74649298597e-08 0.00552686134236 0.97910970516 1.01260358094
8.80460921844e-08 0.00552603615868 0.979078756472 1.01263563771
8.8627254509e-08 0.005525210975 0.979047807784 1.01266769449
8.92084168337e-08 0.00552438579132 0.979016859096 1.01269975126
8.97895791583e-08 0.00552356060764 0.978985910408 1.01273180804
9.0370741483e-08 0.00552242250082 0.978943112079 1.0127761339
9.09519038076e-08 0.00552125363988 0.978899149168 1.01282166556
9.15330661323e-08 0.00552008477895 0.978855186256 1.01286719723
9.21142284569e-08 0.00551891591802 0.978811223344 1.01291272889
9.26953907816e-08 0.00551774705709 0.978767260432 1.01295826056
9.32765531062e-08 0.00551641849675 0.978717254235 1.01301005656
9.38577154309e-08 0.00551478767038 0.978655809797 1.01307370918
9.44388777555e-08 0.00551315684401 0.97859436536 1.0131373618
9.50200400802e-08 0.00551152601764 0.978532920922 1.01320101443
9.56012024048e-08 0.00550989519127 0.978471476484 1.01326466705
9.61823647295e-08 0.00550824215741 0.97840919235 1.01332919134
9.67635270541e-08 0.00550600000788 0.978324632911 1.01341683896
9.73446893788e-08 0.00550375785835 0.978240073472 1.01350448657
9.79258517034e-08 0.00550151570882 0.978155514034 1.01359213419
9.85070140281e-08 0.00549927355928 0.978070954595 1.01367978181
9.90881763527e-08 0.00549703140975 0.977986395156 1.01376742942
9.96693386774e-08 0.00549401565095 0.977872612893 1.01388546812
1.00250501002e-07 0.00549097652671 0.977757948008 1.01400442472
1.00831663327e-07 0.00548793740246 0.977643283123 1.01412338131
1.01412825651e-07 0.00548489827821 0.977528618238 1.01424233791
1.01993987976e-07 0.00548171823778 0.977408636723 1.01436683663
1.02575150301e-07 0.00547765481774 0.977255326152 1.01452607796
1.03156312625e-07 0.0054735913977 0.977102015582 1.01468531929
1.0373747495e-07 0.00546952797766 0.976948705011 1.01484456061
1.04318637275e-07 0.00546546455761 0.97679539444 1.01500380194
1.04899799599e-07 0.0054607176196 0.97661633426 1.01518996448
1.05480961924e-07 0.00545535554226 0.976414100441 1.01540035505
1.06062124248e-07 0.00544999346491 0.976211866623 1.01561074562
1.06643286573e-07 0.00544463138757 0.976009632804 1.01582113619
1.07224448898e-07 0.00543906329874 0.975799652624 1.01603965564
1.07805611222e-07 0.00543207597034 0.975536306764 1.01631417598
1.08386773547e-07 0.00542508864195 0.975272960904 1.01658869632
1.08967935872e-07 0.00541810131355 0.975009615044 1.01686321667
1.09549098196e-07 0.00541111398515 0.974746269183 1.01713773701
1.10130260521e-07 0.0054022600888 0.974412899666 1.01748607695
1.10711422846e-07 0.00539326385535 0.97407419042 1.01784004608
1.1129258517e-07 0.0053842676219 0.973735481175 1.01819401521
1.11873747495e-07 0.00537527138845 0.97339677193 1.01854798434
1.1245490982e-07 0.00536400719847 0.972973221687 1.01899189837
1.13036072144e-07 0.00535255706791 0.972542715673 1.01944318662
1.13617234469e-07 0.00534110693735 0.972112209659 1.01989447487
1.14198396794e-07 0.00532935109372 0.971670306531 1.02035792859
1.14779559118e-07 0.00531493718759 0.971129309684 1.02092715653
1.15360721443e-07 0.00530052328146 0.970588312837 1.02149638447
1.15941883768e-07 0.00528610937532 0.97004731599 1.02206561241
1.16523046092e-07 0.00527007544971 0.969446172192 1.02269956976
1.17104208417e-07 0.00525212034729 0.968773700284 1.02341028953
1.17685370741e-07 0.00523416524486 0.968101228375 1.0241210093
1.18266533066e-07 0.00521621014244 0.967428756466 1.02483172908
1.18847695391e-07 0.00519415453399 0.966604786425 1.02570708121
1.19428857715e-07 0.00517201164798 0.96577759181 1.02658593748
1.2001002004e-07 0.00514986876197 0.964950397195 1.02746479375
1.20591182365e-07 0.0051244867176 0.964004214616 1.02847443931
1.21172344689e-07 0.00509743980961 0.962996874567 1.02955130799
1.21753507014e-07 0.00507039290162 0.961989534517 1.03062817667
1.22334669339e-07 0.00504053438138 0.960879602773 1.03181932245
1.22915831663e-07 0.0050077982897 0.959664672579 1.03312742621
1.23496993988e-07 0.00497506219802 0.958449742385 1.03443552998
1.24078156313e-07 0.00493923048108 0.957122730021 1.03587041405
1.24659318637e-07 0.00489995309432 0.95567096155 1.03744641441
1.25240480962e-07 0.00486067570755 0.954219193079 1.03902241476
1.25821643287e-07 0.00481699145082 0.952609279186 1.04078046973
1.26402805611e-07 0.00477025692112 0.95088990286 1.04266453622
1.26983967936e-07 0.00472352239142 0.949170526534 1.0445486027
1.27565130261e-07 0.00466969640296 0.947199226017 1.04672852032
1.28146292585e-07 0.00461452955362 0.945180291394 1.0489643778
1.2872745491e-07 0.00455730725726 0.943089165799 1.05128693839
1.29308617234e-07 0.00449267910298 0.940737933234 1.05392189375
1.29889779559e-07 0.0044280509487 0.93838670067 1.05655684911
1.30470941884e-07 0.00435589947526 0.935774594571 1.05951307844
1.31052104208e-07 0.00428073374166 0.933057968022 1.06259802798
1.31633266533e-07 0.00420177391961 0.930211640389 1.06584721642
1.32214428858e-07 0.00411495442175 0.927096629385 1.06943663532
1.32795591182e-07 0.00402753552501 0.923961448065 1.07305239113
1.33376753507e-07 0.00392791424471 0.92041564544 1.07720430601
1.33957915832e-07 0.00382829296441 0.916869842816 1.08135622088
1.34539078156e-07 0.00371647769668 0.912920743033 1.08605271471
1.35120240481e-07 0.00360288338474 0.908912804131 1.09082865999
1.35701402806e-07 0.00347718735784 0.904512119341 1.09615467321
1.3628256513e-07 0.00334843448072 0.900012228334 1.10161963163
1.36863727455e-07 0.0032062878741 0.895086504671 1.10770504526
1.3744488978e-07 0.0030611857244 0.890066814144 1.11392737237
1.38026052104e-07 0.00289975823937 0.88453949227 1.12092146867
1.38607214429e-07 0.00273469949125 0.878901035326 1.1280897288
1.39188376754e-07 0.00255335130098 0.872768028142 1.13604487416
1.39769539078e-07 0.00236384984188 0.866393741853 1.14440297949
1.40350701403e-07 0.00216263918474 0.859672946097 1.15333978992
1.40931863727e-07 0.00194525920504 0.852486531923 1.16309519558
1.41513026052e-07 0.00171852082422 0.845034363549 1.17333025163
1.42094188377e-07 0.0014742537674 0.837091842028 1.1844753658
1.42675350701e-07 0.00121350889682 0.828702266303 1.19649874814
1.43256513026e-07 0.000939172982855 0.819949946876 1.20925677988
1.43837675351e-07 0.000647689390988 0.810747166411 1.22295404138
1.44418837675e-07 0.000332928321259 0.80095325439 1.23796270796
1.45e-07 0 0.790684846635 1.25397774946
