-1.45e-07 0.0171136776762 0.951197241467 1.05424307776
-1.44418837675e-07 0.0171693625423 0.953291695861 1.05192846397
-1.43837675351e-07 0.0172208799972 0.95531870945 1.0496953224
-1.43256513026e-07 0.0172671698375 0.957259685167 1.0475672004
-1.42675350701e-07 0.0173092922603 0.959129744292 1.04552409267
-1.42094188377e-07 0.017347925188 0.960939221037 1.04355283354
-1.41513026052e-07 0.0173832900328 0.962691190948 1.04164928834
-1.40931863727e-07 0.0174137524353 0.964354377863 1.03984870614
-1.40350701403e-07 0.0174411805177 0.965960994845 1.03811274246
-1.39769539078e-07 0.0174659393357 0.967517413382 1.03643386277
-1.39188376754e-07 0.0174868555473 0.969000179362 1.03483792558
-1.38607214429e-07 0.0175046511252 0.970421527025 1.03331023732
-1.38026052104e-07 0.0175203120024 0.971800464465 1.03182945746
-1.3744488978e-07 0.0175324954738 0.973109210838 1.03042570994
-1.36863727455e-07 0.0175420990222 0.97436461106 1.02907983432
-1.3628256513e-07 0.0175500304905 0.975585345559 1.02777151889
-1.35701402806e-07 0.0175542915506 0.976728420089 1.02654655469
-1.35120240481e-07 0.0175569930234 0.977837764939 1.02535743743
-1.34539078156e-07 0.0175575931489 0.978901663298 1.0242166194
-1.33957915832e-07 0.0175555448814 0.979907075616 1.0231374029
-1.33376753507e-07 0.0175524716972 0.980889761268 1.02208208352
-1.32795591182e-07 0.0175463382193 0.981803508599 1.02109878769
-1.32214428858e-07 0.017539208528 0.982694386809 1.02013921192
-1.31633266533e-07 0.0175299958213 0.983537447225 1.01922923317
-1.31052104208e-07 0.0175192151445 0.984343862584 1.01835702166
-1.30470941884e-07 0.0175071096909 0.985119316561 1.01751671966
-1.29889779559e-07 0.0174930562012 0.985848463818 1.01672388172
-1.29308617234e-07 0.0174782399567 0.986559479648 1.01594962837
-1.2872745491e-07 0.0174612641438 0.987218330597 1.01522860002
-1.28146292585e-07 0.017443914098 0.987868141861 1.01451679506
-1.27565130261e-07 0.0174243387153 0.988463381086 1.01386046922
-1.26983967936e-07 0.0174046264876 0.989055264452 1.01320755502
-1.26402805611e-07 0.0173827467709 0.989593234567 1.01260930406
-1.25821643287e-07 0.0173608382457 0.990130488112 1.01201177963
-1.25240480962e-07 0.0173369223912 0.990617144928 1.01146547017
-1.24659318637e-07 0.0173129773958 0.991103067219 1.01091990422
-1.24078156313e-07 0.0172872672808 0.991543945021 1.01041990462
-1.23496993988e-07 0.0172614393056 0.991981815126 1.00992294757
-1.22915831663e-07 0.0172341514313 0.992382002048 1.00946412827
-1.22334669339e-07 0.0172065873962 0.992775060656 1.00901252327
-1.21753507014e-07 0.0171779140299 0.993139183921 1.00859025051
-1.21172344689e-07 0.017148754095 0.993490615731 1.0081808433
-1.20591182365e-07 0.0171188645847 0.99382283634 1.00779096675
-1.2001002004e-07 0.0170882420086 0.99413575384 1.00742071429
-1.19428857715e-07 0.0170572842426 0.994439770088 1.00705954914
-1.18847695391e-07 0.0170253252853 0.994717198838 1.00672552719
-1.18266533066e-07 0.016993366328 0.994994627589 1.00639150523
-1.17685370741e-07 0.0169602511396 0.99524112342 1.00608924073
-1.17104208417e-07 0.016927075012 0.995485988931 1.00578865
-1.16523046092e-07 0.0168932415038 0.995713156418 1.00550635977
-1.15941883768e-07 0.0168589603607 0.995928272662 1.00523653101
-1.15360721443e-07 0.016824494777 0.996138397974 1.004971909
-1.14779559118e-07 0.0167892137532 0.996326457598 1.00473030679
-1.14198396794e-07 0.0167539327293 0.996514517222 1.00448870458
-1.13617234469e-07 0.0167180049251 0.996685007755 1.00426562841
-1.13036072144e-07 0.0166818222121 0.996848573967 1.00404985371
-1.1245490982e-07 0.016645483852 0.997007901732 1.00383860562
-1.11873747495e-07 0.0166084908136 0.997149401883 1.00364639722
-1.1129258517e-07 0.0165714977752 0.997290902033 1.00345418882
-1.10711422846e-07 0.0165340639546 0.997420387413 1.00327500585
-1.10130260521e-07 0.0164963452773 0.997542108213 1.00310424061
-1.09549098196e-07 0.0164586266 0.997663829014 1.00293347537
-1.08967935872e-07 0.0164202850916 0.997768583875 1.00278142769
-1.08386773547e-07 0.016381918968 0.997872668217 1.00263011976
-1.07805611222e-07 0.0163434065022 0.997972775988 1.00248328877
-1.07224448898e-07 0.0163044648439 0.998061221273 1.00234958777
-1.06643286573e-07 0.0162655231857 0.998149666558 1.00221588678
-1.06062124248e-07 0.0162263354365 0.998231454645 1.00208985789
-1.05480961924e-07 0.0161868841122 0.998306112554 1.0019720462
-1.04899799599e-07 0.0161474327878 0.998380770463 1.00185423451
-1.04318637275e-07 0.0161076909412 0.998447621965 1.00174566416
-1.0373747495e-07 0.0160677900369 0.998510199552 1.00164215332
-1.03156312625e-07 0.0160278891326 0.998572777138 1.00153864248
-1.02575150301e-07 0.0159876948157 0.998627543537 1.00144466741
-1.01993987976e-07 0.0159473989133 0.998679605543 1.00135399382
-1.01412825651e-07 0.015907103011 0.99873166755 1.00126332023
-1.00831663327e-07 0.0158665405911 0.998776720343 1.00118150947
-1.00250501002e-07 0.0158258990616 0.998819692611 1.00110232943
-9.96693386774e-08 0.0157852575321 0.998862664879 1.00102314939
-9.90881763527e-08 0.0157443963102 0.998899948374 1.0009514569
-9.85070140281e-08 0.0157034536167 0.998935122224 1.00088254111
-9.79258517034e-08 0.0156625109233 0.998970296074 1.00081362533
-9.73446893788e-08 0.0156214071998 0.99900138011 1.00075034437
-9.67635270541e-08 0.0155802032087 0.999029917562 1.00069057203
-9.61823647295e-08 0.0155389992175 0.999058455013 1.00063079969
-9.56012024048e-08 0.0154976982129 0.999084586521 1.00057451947
-9.50200400802e-08 0.015456268507 0.999107526222 1.00052287202
-9.44388777555e-08 0.0154148388012 0.999130465922 1.00047122457
-9.38577154309e-08 0.0153733764165 0.999152618377 1.00042078966
-9.32765531062e-08 0.0153317526099 0.999170882109 1.00037634432
-9.26953907816e-08 0.0152901288033 0.999189145842 1.00033189897
-9.21142284569e-08 0.0152485049967 0.999207409574 1.00028745362
-9.15330661323e-08 0.0152067432614 0.999222465457 1.00024829525
-9.09519038076e-08 0.0151649533097 0.999236865099 1.00021021845
-9.0370741483e-08 0.0151231633579 0.999251264741 1.00017214165
-8.97895791583e-08 0.0150813148885 0.99926436009 1.00013638732
-8.92084168337e-08 0.0150393833941 0.999275604904 1.00010392813
-8.8627254509e-08 0.0149974518997 0.999286849719 1.00007146893
-8.80460921844e-08 0.0149555204053 0.999298094533 1.00003900974
-8.74649298597e-08 0.0149134789592 0.999307011361 1.00001107954
-8.68837675351e-08 0.0148714274678 0.999315715501 0.999983563124
-8.63026052104e-08 0.0148293759763 0.999324419641 0.999956046706
-8.57214428858e-08 0.0147872903877 0.99933244535 0.999929991449
-8.51402805611e-08 0.014745137674 0.99933913547 0.9999068127
-8.45591182365e-08 0.0147029849604 0.999345825589 0.99988363395
-8.39779559118e-08 0.0146608322467 0.999352515709 0.999860455201
-8.33967935872e-08 0.0146186223484 0.999358150772 0.999839831999
-8.28156312625e-08 0.0145763846896 0.999363273651 0.999820449401
-8.22344689379e-08 0.0145341470308 0.99936839653 0.999801066803
-8.16533066132e-08 0.014491909372 0.999373519409 0.999781684205
-8.10721442886e-08 0.0144496062434 0.99937754095 0.999765359978
-8.04909819639e-08 0.014407297678 0.999381471033 0.999749289727
-7.99098196393e-08 0.0143649891126 0.999385401117 0.999733219475
-7.93286573146e-08 0.0143226755311 0.999389255928 0.999717394708
-7.874749499e-08 0.014280308103 0.999392302706 0.999704205172
-7.81663326653e-08 0.0142379406749 0.999395349485 0.999691015636
-7.75851703407e-08 0.0141955732467 0.999398396263 0.9996778261
-7.7004008016e-08 0.0141531982006 0.999401344008 0.999665027935
-7.64228456914e-08 0.0141107821863 0.999403759172 0.999654334485
-7.58416833667e-08 0.0140683661719 0.999406174336 0.999643641035
-7.52605210421e-08 0.0140259501576 0.999408589501 0.999632947585
-7.46793587174e-08 0.0139835287242 0.999410946097 0.999622546887
-7.40981963928e-08 0.0139410728441 0.9994129304 0.999614007112
-7.35170340681e-08 0.0138986169639 0.999414914703 0.999605467337
-7.29358717435e-08 0.0138561610837 0.999416899006 0.999596927562
-7.23547094188e-08 0.0138137045386 0.999418877694 0.99958842561
-7.17735470942e-08 0.0137712161503 0.999420587476 0.999581734946
-7.11923847695e-08 0.013728727762 0.999422297259 0.999575044281
-7.06112224449e-08 0.0136862393737 0.999424007041 0.999568353617
-7.00300601202e-08 0.0136437509854 0.999425716823 0.999561662953
-6.94488977956e-08 0.0136012413142 0.999427300176 0.999556247872
-6.88677354709e-08 0.0135587265901 0.999428853513 0.999551135636
-6.82865731463e-08 0.013516211866 0.99943040685 0.9995460234
-6.77054108216e-08 0.0134736971419 0.999431960187 0.999540911163
-6.7124248497e-08 0.0134311718934 0.999433478308 0.999536463541
-6.65430861723e-08 0.0133886359804 0.999434960745 0.999532689373
-6.59619238477e-08 0.0133461000673 0.999436443183 0.999528915205
-6.5380761523e-08 0.0133035641543 0.99943792562 0.999525141037
-6.47995991984e-08 0.0132610268231 0.999439407003 0.999521461138
-6.42184368737e-08 0.0132184739867 0.999440876861 0.999518811834
-6.36372745491e-08 0.0131759211503 0.99944234672 0.99951616253
-6.30561122244e-08 0.013133368314 0.999443816578 0.999513513227
-6.24749498998e-08 0.0130908154776 0.999445286436 0.999510863923
-6.18937875752e-08 0.0130482550365 0.999446769547 0.999508745409
-6.13126252505e-08 0.0130056887897 0.999448262775 0.99950703212
-6.07314629259e-08 0.0129631225429 0.999449756003 0.999505318832
-6.01503006012e-08 0.0129205562961 0.999451249231 0.999503605543
-5.95691382766e-08 0.0128779900493 0.999452742459 0.999501892254
-5.89879759519e-08 0.0128354138553 0.999454274717 0.999500905005
-5.84068136273e-08 0.012792837072 0.999455809288 0.999499960779
-5.78256513026e-08 0.0127502602886 0.99945734386 0.999499016552
-5.7244488978e-08 0.0127076835052 0.999458878431 0.999498072325
-5.66633266533e-08 0.012665104981 0.999460422612 0.999497260092
-5.60821643287e-08 0.0126225199963 0.999462002462 0.999496937714
-5.5501002004e-08 0.0125799350115 0.999463582311 0.999496615336
-5.49198396794e-08 0.0125373500267 0.99946516216 0.999496292957
-5.43386773547e-08 0.0124947650419 0.999466742009 0.999495970579
-5.37575150301e-08 0.0124521777252 0.999468336125 0.999495829987
-5.31763527054e-08 0.0124095864226 0.999469954626 0.999496000099
-5.25951903808e-08 0.01236699512 0.999471573128 0.999496170211
-5.20140280561e-08 0.0123244038175 0.999473191629 0.999496340322
-5.14328657315e-08 0.0122818125149 0.99947481013 0.999496510434
-5.08517034068e-08 0.0122392192306 0.999476438723 0.999496836834
-5.02705410822e-08 0.012196623118 0.999478081718 0.999497386277
-4.96893787575e-08 0.0121540270054 0.999479724713 0.999497935721
-4.91082164329e-08 0.0121114308928 0.999481367708 0.999498485164
-4.85270541082e-08 0.0120688347802 0.999483010703 0.999499034608
-4.79458917836e-08 0.0120262374455 0.999484655523 0.99949967907
-4.73647294589e-08 0.01198363772 0.999486303912 0.999500509422
-4.67835671343e-08 0.0119410379944 0.999487952301 0.999501339775
-4.62024048096e-08 0.0118984382689 0.999489600689 0.999502170127
-4.5621242485e-08 0.0118558385434 0.999491249078 0.999503000479
-4.50400801603e-08 0.0118132384302 0.999492895076 0.99950385926
-4.44589178357e-08 0.0117706360334 0.999494526985 0.999504885521
-4.3877755511e-08 0.0117280336365 0.999496158894 0.999505911781
-4.32965931864e-08 0.0116854312397 0.999497790803 0.999506938042
-4.27154308617e-08 0.0116428288429 0.999499422712 0.999507964302
-4.21342685371e-08 0.0116002264461 0.999501054621 0.999508990563
-4.15531062124e-08 0.0115576224415 0.99950265387 0.999510118997
-4.09719438878e-08 0.011515018107 0.999504246419 0.999511268392
-4.03907815631e-08 0.0114724137724 0.999505838968 0.999512417788
-3.98096192385e-08 0.0114298094379 0.999507431517 0.999513567183
-3.92284569138e-08 0.0113872051034 0.999509024066 0.999514716579
-3.86472945892e-08 0.0113446002344 0.99951059253 0.999515889909
-3.80661322645e-08 0.011301994527 0.999512123217 0.999517100779
-3.74849699399e-08 0.0112593888197 0.999513653905 0.999518311648
-3.69038076152e-08 0.0112167831123 0.999515184592 0.999519522518
-3.63226452906e-08 0.011174177405 0.99951671528 0.999520733387
-3.57414829659e-08 0.0111315716976 0.999518245967 0.999521944257
-3.51603206413e-08 0.0110889652156 0.999519708561 0.999523163226
-3.45791583166e-08 0.0110463585647 0.999521156299 0.999524383963
-3.3997995992e-08 0.0110037519137 0.999522604038 0.9995256047
-3.34168336673e-08 0.0109611452627 0.999524051776 0.999526825437
-3.28356713427e-08 0.0109185386117 0.999525499515 0.999528046173
-3.2254509018e-08 0.0108759318851 0.999526934876 0.999529262937
-3.16733466934e-08 0.0108333246115 0.999528280701 0.999530450961
-3.10921843687e-08 0.0107907173379 0.999529626525 0.999531638986
-3.05110220441e-08 0.0107481100643 0.99953097235 0.99953282701
-2.99298597194e-08 0.0107055027907 0.999532318174 0.999534015034
-2.93486973948e-08 0.0106628955171 0.999533663998 0.999535203058
-2.87675350701e-08 0.010620288132 0.999534975758 0.999536371715
-2.81863727455e-08 0.0105776804711 0.999536203246 0.999537492461
-2.76052104208e-08 0.0105350728101 0.999537430734 0.999538613208
-2.70240480962e-08 0.0104924651492 0.999538658222 0.999539733954
-2.64428857715e-08 0.0104498574882 0.99953988571 0.9995408547
-2.58617234469e-08 0.0104072498273 0.999541113198 0.999541975446
-2.52805611222e-08 0.0103646420968 0.999542298824 0.999543066129
-2.46993987976e-08 0.0103220342165 0.999543394262 0.999544092042
-2.41182364729e-08 0.0102794263362 0.9995444897 0.999545117954
-2.35370741483e-08 0.0102368184559 0.999545585137 0.999546143866
-2.29559118236e-08 0.0101942105756 0.999546680575 0.999547169778
-2.2374749499e-08 0.0101516026953 0.999547776012 0.99954819569
-2.17935871743e-08 0.0101089947937 0.99954884202 0.999549197668
-2.12124248497e-08 0.0100663868097 0.999549794355 0.999550107196
-2.0631262525e-08 0.0100237788257 0.999550746689 0.999551016725
-2.00501002004e-08 0.00998117084177 0.999551699024 0.999551926253
-1.94689378758e-08 0.0099385628578 0.999552651359 0.999552835782
-1.88877755511e-08 0.00989595487383 0.999553603694 0.99955374531
-1.83066132265e-08 0.00985334688986 0.999554556028 0.999554654839
-1.77254509018e-08 0.00981073887914 0.999555364169 0.999555438032
-1.71442885772e-08 0.00976813086703 0.9995561648 0.999556214646
-1.65631262525e-08 0.00972552285492 0.999556965431 0.999556991259
-1.59819639279e-08 0.0096829148428 0.999557766062 0.999557767873
-1.54008016032e-08 0.00964030683069 0.999558566693 0.999558544486
-1.48196392786e-08 0.00959769881858 0.999559367324 0.9995593211
-1.42384769539e-08 0.00955509081579 0.999560081251 0.999560018019
-1.36573146293e-08 0.00951248282068 0.999560723705 0.999560649243
-1.30761523046e-08 0.00946987482558 0.999561366159 0.999561280467
-1.249498998e-08 0.00942726683047 0.999562008613 0.999561911691
-1.19138276553e-08 0.00938465883537 0.999562651067 0.999562542915
-1.13326653307e-08 0.00934205084026 0.999563293522 0.999563174139
-1.0751503006e-08 0.00929944284516 0.999563935976 0.999563805363
-1.01703406814e-08 0.00925683488971 0.99956441633 0.999564282627
-9.58917835671e-09 0.00921422693446 0.999564895893 0.999564759139
-9.00801603206e-09 0.00917161897921 0.999565375457 0.999565235651
-8.42685370741e-09 0.00912901102395 0.99956585502 0.999565712163
-7.84569138277e-09 0.0090864030687 0.999566334583 0.999566188675
-7.26452905812e-09 0.00904379511345 0.999566814146 0.999566665187
-6.68336673347e-09 0.00900118717178 0.999567245856 0.999567095142
-6.10220440882e-09 0.0089585792637 0.999567559228 0.999567409961
-5.52104208417e-09 0.00891597135563 0.999567872599 0.99956772478
-4.93987975952e-09 0.00887336344755 0.999568185971 0.999568039599
-4.35871743487e-09 0.00883075553948 0.999568499343 0.999568354418
-3.77755511022e-09 0.0087881476314 0.999568812714 0.999568669238
-3.19639278557e-09 0.00874553972333 0.999569126086 0.999568984057
-2.61523046092e-09 0.00870293183433 0.99956936828 0.999569228251
-2.03406813627e-09 0.00866032397137 0.999569513345 0.999569376071
-1.45290581162e-09 0.0086177161084 0.999569658411 0.999569523891
-8.71743486974e-10 0.00857510824544 0.999569803477 0.999569671712
-2.90581162324e-10 0.00853250038248 0.999569948543 0.999569819532
2.90581162325e-10 0.00848989251951 0.999570093609 0.999569967352
8.71743486974e-10 0.00844728465655 0.999570238674 0.999570115172
1.45290581162e-09 0.00840467680938 0.999570316665 0.999570195184
2.03406813627e-09 0.00836206898626 0.999570292495 0.999570171916
2.61523046092e-09 0.00831946116314 0.999570268325 0.999570148648
3.19639278557e-09 0.00827685334002 0.999570244155 0.99957012538
3.77755511022e-09 0.0082342455169 0.999570219985 0.999570102112
4.35871743487e-09 0.00819163769378 0.999570195814 0.999570078844
4.93987975952e-09 0.00814902987066 0.999570171644 0.999570055576
5.52104208417e-09 0.00810642205544 0.999570113004 0.99956999671
6.10220440882e-09 0.00806381427093 0.999569920214 0.999569799302
6.68336673347e-09 0.00802120648642 0.999569727423 0.999569601893
7.26452905812e-09 0.00797859870191 0.999569534633 0.999569404485
7.84569138277e-09 0.0079359909174 0.999569341843 0.999569207076
8.42685370742e-09 0.00789338313289 0.999569149052 0.999569009668
9.00801603206e-09 0.00785077534838 0.999568956262 0.99956881226
9.58917835671e-09 0.00780816756387 0.999568763472 0.999568614851
1.01703406814e-08 0.00776555982251 0.999568431073 0.99956826905
1.0751503006e-08 0.00772295208917 0.999568072728 0.999567895669
1.13326653307e-08 0.00768034435582 0.999567714383 0.999567522289
1.19138276553e-08 0.00763773662248 0.999567356038 0.999567148909
1.249498998e-08 0.00759512888914 0.999566997693 0.999566775528
1.30761523046e-08 0.00755252115579 0.999566639348 0.999566402148
1.36573146293e-08 0.00750991342245 0.999566281003 0.999566028767
1.42384769539e-08 0.00746730571756 0.999565873735 0.999565601032
1.48196392786e-08 0.0074246980763 0.99956535702 0.999565051696
1.54008016032e-08 0.00738209043505 0.999564840306 0.999564502361
1.59819639279e-08 0.0073394827938 0.999564323591 0.999563953025
1.65631262525e-08 0.00729687515255 0.999563806876 0.99956340369
1.71442885772e-08 0.0072542675113 0.999563290162 0.999562854354
1.77254509018e-08 0.00721165987005 0.999562773447 0.999562305019
1.83066132265e-08 0.00716905222879 0.999562256732 0.999561755683
1.88877755511e-08 0.00712644469777 0.999561653818 0.999561103048
1.94689378758e-08 0.00708383724106 0.999560992779 0.999560380756
2.00501002004e-08 0.00704122978436 0.999560331741 0.999559658464
2.06312625251e-08 0.00699862232765 0.999559670702 0.999558936173
2.12124248497e-08 0.00695601487095 0.999559009663 0.999558213881
2.17935871743e-08 0.00691340741424 0.999558348624 0.99955749159
2.2374749499e-08 0.00687079995754 0.999557687585 0.999556769298
2.29559118236e-08 0.00682819250083 0.999557026546 0.999556047007
2.35370741483e-08 0.00678558530219 0.999556281572 0.999555208304
2.41182364729e-08 0.00674297821198 0.999555501331 0.999554320689
2.46993987976e-08 0.00670037112178 0.999554721091 0.999553433074
2.52805611222e-08 0.00665776403157 0.999553940851 0.999552545459
2.58617234469e-08 0.00661515694136 0.99955316061 0.999551657844
2.64428857715e-08 0.00657254985115 0.99955238037 0.999550770229
2.70240480962e-08 0.00652994276095 0.999551600129 0.999549882614
2.76052104208e-08 0.00648733567074 0.999550819889 0.999548994999
2.81863727455e-08 0.00644472901904 0.999549991661 0.999548012966
2.87675350701e-08 0.00640212263012 0.999549134678 0.999546974354
2.93486973948e-08 0.0063595162412 0.999548277694 0.999545935742
2.99298597194e-08 0.00631690985228 0.999547420711 0.99954489713
3.05110220441e-08 0.00627430346336 0.999546563727 0.999543858517
3.10921843687e-08 0.00623169707444 0.999545706744 0.999542819905
3.16733466934e-08 0.00618909068552 0.99954484976 0.999541781293
3.2254509018e-08 0.0061464842966 0.999543992777 0.999540742681
3.28356713427e-08 0.00610387836942 0.999543133 0.999539658508
3.34168336673e-08 0.00606127327628 0.999542268177 0.999538492042
3.3997995992e-08 0.00601866818315 0.999541403354 0.999537325575
3.45791583166e-08 0.00597606309001 0.999540538532 0.999536159109
3.51603206413e-08 0.00593345799687 0.999539673709 0.999534992642
3.57414829659e-08 0.00589085290374 0.999538808886 0.999533826176
3.63226452906e-08 0.0058482478106 0.999537944063 0.999532659709
3.69038076152e-08 0.00580564271746 0.99953707924 0.999531493243
3.74849699399e-08 0.00576303762432 0.999536214417 0.999530326776
3.80661322645e-08 0.00572043461314 0.999535439475 0.999529075929
3.86472945892e-08 0.0056778318519 0.999534675323 0.999527814952
3.92284569138e-08 0.00563522909066 0.999533911171 0.999526553974
3.98096192385e-08 0.00559262632943 0.999533147019 0.999525292997
4.03907815631e-08 0.00555002356819 0.999532382867 0.999524032019
4.09719438878e-08 0.00550742080695 0.999531618715 0.999522771042
4.15531062124e-08 0.00546481804572 0.999530854563 0.999521510065
4.21342685371e-08 0.00542221528448 0.999530090411 0.999520249087
4.27154308617e-08 0.00537961347182 0.999529387903 0.999518976151
4.32965931864e-08 0.00533701483255 0.999528891617 0.99951766321
4.3877755511e-08 0.00529441619327 0.999528395332 0.999516350269
4.44589178357e-08 0.005251817554 0.999527899046 0.999515037328
4.50400801603e-08 0.00520921891473 0.99952740276 0.999513724387
4.5621242485e-08 0.00516662027545 0.999526906475 0.999512411445
4.62024048096e-08 0.00512402163618 0.999526410189 0.999511098504
4.67835671343e-08 0.00508142299691 0.999525913903 0.999509785563
4.73647294589e-08 0.00503882435763 0.999525417618 0.999508472622
4.79458917836e-08 0.00499622833883 0.999525111041 0.999507157225
4.85270541082e-08 0.00495363690654 0.999525136505 0.999505837529
4.91082164329e-08 0.00491104547425 0.99952516197 0.999504517834
4.96893787575e-08 0.00486845404196 0.999525187435 0.999503198138
5.02705410822e-08 0.00482586260968 0.999525212899 0.999501878442
5.08517034068e-08 0.00478327117739 0.999525238364 0.999500558747
5.14328657315e-08 0.0047406797451 0.999525263828 0.999499239051
5.20140280561e-08 0.00469808831281 0.999525289293 0.999497919356
5.25951903808e-08 0.00465549688053 0.999525314757 0.99949659966
5.31763527054e-08 0.0046129090631 0.999525601052 0.999495286635
5.37575150301e-08 0.00457033016349 0.999526530812 0.999493990067
5.43386773547e-08 0.00452775126389 0.999527460572 0.999492693499
5.49198396794e-08 0.00448517236428 0.999528390332 0.99949139693
5.5501002004e-08 0.00444259346467 0.999529320091 0.999490100362
5.60821643287e-08 0.00440001456506 0.999530249851 0.999488803794
5.66633266533e-08 0.00435743566545 0.999531179611 0.999487507225
5.7244488978e-08 0.00431485676584 0.99953210937 0.999486210657
5.78256513026e-08 0.00427227786624 0.99953303913 0.999484914089
5.84068136273e-08 0.00422969896663 0.99953396889 0.99948361752
5.89879759519e-08 0.00418714182857 0.999536378421 0.999482318413
5.95691382766e-08 0.00414458469657 0.999538788364 0.999481019305
6.01503006012e-08 0.00410202756458 0.999541198307 0.999479720198
6.07314629259e-08 0.00405947043259 0.99954360825 0.99947842109
6.13126252505e-08 0.00401691330059 0.999546018193 0.999477121982
6.18937875752e-08 0.0039743561686 0.999548428136 0.999475822874
6.24749498998e-08 0.00393179903661 0.999550838079 0.999474523766
6.30561122244e-08 0.00388924190461 0.999553248022 0.999473224659
6.36372745491e-08 0.00384668477262 0.999555657965 0.999471925551
6.42184368737e-08 0.00380414629556 0.999559226258 0.999470544855
6.47995991984e-08 0.00376162704663 0.999563988493 0.999469080065
6.5380761523e-08 0.0037191077977 0.999568750728 0.999467615275
6.59619238477e-08 0.00367658854876 0.999573512963 0.999466150485
6.65430861723e-08 0.00363406929983 0.999578275197 0.999464685694
6.7124248497e-08 0.0035915500509 0.999583037432 0.999463220904
6.77054108216e-08 0.00354903080196 0.999587799667 0.999461756114
6.82865731463e-08 0.00350651155303 0.999592561902 0.999460291323
6.88677354709e-08 0.0034639923041 0.999597324137 0.999458826533
6.94488977956e-08 0.00342147305516 0.999602086371 0.999457361743
7.00300601202e-08 0.00337900422649 0.999609658005 0.999455421166
7.06112224449e-08 0.00333655119522 0.999618109864 0.999453331517
7.11923847695e-08 0.00329409816396 0.999626561723 0.999451241869
7.17735470942e-08 0.00325164513269 0.999635013582 0.99944915222
7.23547094188e-08 0.00320919210143 0.999643465442 0.999447062572
7.29358717435e-08 0.00316673907016 0.999651917301 0.999444972924
7.35170340681e-08 0.0031242860389 0.99966036916 0.999442883275
7.40981963928e-08 0.00308183300763 0.999668821019 0.999440793627
7.46793587174e-08 0.00303937997637 0.999677272879 0.999438703978
7.52605210421e-08 0.0029969269451 0.999685724738 0.99943661433
7.58416833667e-08 0.00295456723897 0.999698807475 0.999433180198
7.64228456914e-08 0.00291223065324 0.999713037467 0.999429412983
7.7004008016e-08 0.0028698940675 0.999727267459 0.999425645769
7.75851703407e-08 0.00282755748176 0.99974149745 0.999421878554
7.81663326653e-08 0.00278522089602 0.999755727442 0.99941811134
7.874749499e-08 0.00274288431028 0.999769957434 0.999414344125
7.93286573146e-08 0.00270054772454 0.999784187426 0.99941057691
7.99098196393e-08 0.0026582111388 0.999798417417 0.999406809696
8.04909819639e-08 0.00261587455306 0.999812647409 0.999403042481
8.10721442886e-08 0.00257353796733 0.999826877401 0.999399275267
8.16533066132e-08 0.00253132658592 0.999846640215 0.999393158031
8.22344689379e-08 0.00248919623462 0.999869983776 0.999385519903
8.28156312625e-08 0.00244706588333 0.999893327338 0.999377881775
8.33967935872e-08 0.00240493553203 0.999916670899 0.999370243646
8.39779559118e-08 0.00236280518073 0.999940014461 0.999362605518
8.45591182365e-08 0.00232067482943 0.999963358023 0.99935496739
8.51402805611e-08 0.00227854447814 0.999986701584 0.999347329262
8.57214428858e-08 0.00223641412684 1.00001004515 0.999339691133
8.63026052104e-08 0.00219428377554 1.00003338871 0.999332053005
8.68837675351e-08 0.00215215342425 1.00005673227 0.999324414877
8.74649298597e-08 0.00211008669903 1.00008259457 0.999315359844
8.80460921844e-08 0.00206832442254 1.00012050898 0.999299524972
8.8627254509e-08 0.00202656214606 1.00015842338 0.999283690099
8.92084168337e-08 0.00198479986957 1.00019633779 0.999267855226
8.97895791583e-08 0.00194303759309 1.00023425219 0.999252020354
9.0370741483e-08 0.0019012753166 1.0002721666 0.999236185481
9.09519038076e-08 0.00185951304011 1.000310081 0.999220350609
9.15330661323e-08 0.00181775076363 1.00034799541 0.999204515736
9.21142284569e-08 0.00177598848714 1.00038590981 0.999188680864
9.26953907816e-08 0.00173422621065 1.00042382422 0.999172845991
9.32765531062e-08 0.00169246393417 1.00046173862 0.999157011119
9.38577154309e-08 0.00165102811712 1.00051134477 0.99913307401
9.44388777555e-08 0.00160992789815 1.00057296995 0.99910080786
9.50200400802e-08 0.00156882767918 1.00063459514 0.999068541709
9.56012024048e-08 0.0015277274602 1.00069622032 0.999036275558
9.61823647295e-08 0.00148662724123 1.0007578455 0.999004009407
9.67635270541e-08 0.00144552702226 1.00081947068 0.998971743256
9.73446893788e-08 0.00140442680328 1.00088109586 0.998939477106
9.79258517034e-08 0.00136332658431 1.00094272105 0.998907210955
9.85070140281e-08 0.00132222636534 1.00100434623 0.998874944804
9.90881763527e-08 0.00128112614636 1.00106597141 0.998842678653
9.96693386774e-08 0.00124002592739 1.00112759659 0.998810412502
1.00250501002e-07 0.00119960001928 1.00121132542 0.998760323343
1.00831663327e-07 0.00115969957965 1.0013122789 0.998696345293
1.01412825651e-07 0.00111979914003 1.00141323238 0.998632367243
1.01993987976e-07 0.00107989870041 1.00151418586 0.998568389193
1.02575150301e-07 0.00103999826078 1.00161513934 0.998504411143
1.03156312625e-07 0.00100009782116 1.00171609283 0.998440433093
1.0373747495e-07 0.000960197381535 1.00181704631 0.998376455043
1.04318637275e-07 0.000920296941911 1.00191799979 0.998312476994
1.04899799599e-07 0.000880396502288 1.00201895327 0.998248498944
1.05480961924e-07 0.000840496062664 1.00211990675 0.998184520894
1.06062124248e-07 0.000800595623041 1.00222086023 0.998120542844
1.06643286573e-07 0.000761513261329 1.00234663404 0.998034338224
1.07224448898e-07 0.000723801714138 1.00251399811 0.99791088959
1.07805611222e-07 0.000686090166946 1.00268136218 0.997787440955
1.08386773547e-07 0.000648378619755 1.00284872625 0.997663992321
1.08967935872e-07 0.000610667072564 1.00301609032 0.997540543687
1.09549098196e-07 0.000572955525373 1.00318345439 0.997417095053
1.10130260521e-07 0.000535243978181 1.00335081846 0.997293646419
1.10711422846e-07 0.00049753243099 1.00351818254 0.997170197785
1.1129258517e-07 0.000459820883799 1.00368554661 0.99704674915
1.11873747495e-07 0.000422109336608 1.00385291068 0.996923300516
1.1245490982e-07 0.000384397789417 1.00402027475 0.996799851882
1.13036072144e-07 0.000346686242225 1.00418763882 0.996676403248
1.13617234469e-07 0.000312677552708 1.00445990141 0.996452624009
1.14198396794e-07 0.000278981335242 1.00474101604 0.996220378199
1.14779559118e-07 0.000245285117776 1.00502213067 0.995988132389
1.15360721443e-07 0.00021158890031 1.00530324531 0.995755886579
1.15941883768e-07 0.000177892682843 1.00558435994 0.995523640768
1.16523046092e-07 0.000144196465377 1.00586547458 0.995291394958
1.17104208417e-07 0.000110500247911 1.00614658921 0.995059149148
1.17685370741e-07 7.68040304451e-05 1.00642770385 0.994826903338
1.18266533066e-07 4.3107812979e-05 1.00670881848 0.994594657528
1.18847695391e-07 9.41159551292e-06 1.00698993311 0.994362411718
1.19428857715e-07 -2.42846219532e-05 1.00727104775 0.994130165907
1.2001002004e-07 -5.64938722333e-05 1.00759168693 0.993858906408
1.20591182365e-07 -8.27978685564e-05 1.0080692916 0.993432710239
1.21172344689e-07 -0.000109101864879 1.00854689627 0.993006514071
1.21753507014e-07 -0.000135405861202 1.00902450093 0.992580317902
1.22334669339e-07 -0.000161709857525 1.0095021056 0.992154121733
1.22915831663e-07 -0.000188013853849 1.00997971027 0.991727925565
1.23496993988e-07 -0.000214317850172 1.01045731494 0.991301729396
1.24078156313e-07 -0.000240621846495 1.0109349196 0.990875533227
1.24659318637e-07 -0.000266925842818 1.01141252427 0.990449337059
1.25240480962e-07 -0.000293229839141 1.01189012894 0.99002314089
1.25821643287e-07 -0.000319533835464 1.0123677336 0.989596944721
1.26402805611e-07 -0.000345837831787 1.01284533827 0.989170748553
1.26983967936e-07 -0.000369358976758 1.01339232774 0.98867623717
1.27565130261e-07 -0.000382042773102 1.0142095247 0.987915683625
1.28146292585e-07 -0.000394726569446 1.01502672167 0.987155130081
1.2872745491e-07 -0.00040741036579 1.01584391864 0.986394576536
1.29308617234e-07 -0.000420094162134 1.0166611156 0.985634022991
1.29889779559e-07 -0.000432777958477 1.01747831257 0.984873469446
1.30470941884e-07 -0.000445461754821 1.01829550953 0.984112915902
1.31052104208e-07 -0.000458145551165 1.0191127065 0.983352362357
1.31633266533e-07 -0.000470829347509 1.01992990346 0.982591808812
1.32214428858e-07 -0.000483513143853 1.02074710043 0.981831255267
1.32795591182e-07 -0.000496196940197 1.02156429739 0.981070701722
1.33376753507e-07 -0.000508880736541 1.02238149436 0.980310148178
1.33957915832e-07 -0.000521564532885 1.02319869132 0.979549594633
1.34539078156e-07 -0.000511107277082 1.02455311947 0.978282780333
1.35120240481e-07 -0.000498778726293 1.02595099068 0.976975027393
1.35701402806e-07 -0.000486450175504 1.02734886189 0.975667274453
1.3628256513e-07 -0.000474121624715 1.02874673309 0.974359521513
1.36863727455e-07 -0.000461793073926 1.0301446043 0.973051768572
1.3744488978e-07 -0.000449464523138 1.03154247551 0.971744015632
1.38026052104e-07 -0.000437135972349 1.03294034671 0.970436262692
1.38607214429e-07 -0.00042480742156 1.03433821792 0.969128509752
1.39188376754e-07 -0.000412478870771 1.03573608913 0.967820756812
1.39769539078e-07 -0.000400150319983 1.03713396033 0.966513003872
1.40350701403e-07 -0.000387821769194 1.03853183154 0.965205250931
1.40931863727e-07 -0.000375493218405 1.03992970275 0.963897497991
1.41513026052e-07 -0.00034691918262 1.04166563214 0.962293001742
1.42094188377e-07 -0.00028909931885 1.04401014857 0.960154295294
1.42675350701e-07 -0.00023127945508 1.04635466501 0.958015588846
1.43256513026e-07 -0.00017345959131 1.04869918144 0.955876882399
1.43837675351e-07 -0.00011563972754 1.05104369787 0.953738175951
1.44418837675e-07 -5.78198637699e-05 1.05338821431 0.951599469503
1.45e-07 0 1.05573273074 0.949460763055
