-1.45e-07 0 	0 	945992.5763 	
-1.44418837675e-07 0 	0 	891160.387538 	
-1.43837675351e-07 0 	0 	838009.897339 	
-1.43256513026e-07 0 	0 	788645.197866 	
-1.42675350701e-07 0 	0 	742215.885729 	
-1.42094188377e-07 0 	0 	698203.883267 	
-1.41513026052e-07 0 	0 	656430.010774 	
-1.40931863727e-07 0 	0 	617932.352225 	
-1.40350701403e-07 0 	0 	581412.345883 	
-1.39769539078e-07 0 	0 	546619.086703 	
-1.39188376754e-07 0 	0 	514270.142019 	
-1.38607214429e-07 0 	0 	483859.831331 	
-1.38026052104e-07 0 	0 	454764.496685 	
-1.3744488978e-07 0 	0 	427780.111863 	
-1.36863727455e-07 0 	0 	402326.877066 	
-1.3628256513e-07 0 	0 	377863.528431 	
-1.35701402806e-07 0 	0 	355530.802662 	
-1.35120240481e-07 0 	0 	334083.911327 	
-1.34539078156e-07 0 	0 	313830.570209 	
-1.33957915832e-07 0 	0 	295049.623572 	
-1.33376753507e-07 0 	0 	276836.05376 	
-1.32795591182e-07 0 	0 	260288.324018 	
-1.32214428858e-07 0 	0 	244271.679199 	
-1.31633266533e-07 0 	0 	229365.497304 	
-1.31052104208e-07 0 	0 	215278.136531 	
-1.30470941884e-07 0 	0 	201882.597166 	
-1.29889779559e-07 0 	0 	189483.778506 	
-1.29308617234e-07 0 	0 	177475.226549 	
-1.2872745491e-07 0 	0 	166549.461984 	
-1.28146292585e-07 0 	0 	155811.334328 	
-1.27565130261e-07 0 	0 	146166.7519 	
-1.26983967936e-07 0 	0 	136589.416057 	
-1.26402805611e-07 0 	0 	128056.125887 	
-1.25821643287e-07 0 	0 	119536.712311 	
-1.25240480962e-07 0 	0 	111965.177715 	
-1.24659318637e-07 0 	0 	104407.403729 	
-1.24078156313e-07 0 	0 	97666.8222072 	
-1.23496993988e-07 0 	0 	90980.8060405 	
-1.22915831663e-07 0 	0 	84957.5075884 	
-1.22334669339e-07 0 	0 	79059.571681 	
-1.21753507014e-07 0 	0 	73655.4437992 	
-1.21172344689e-07 0 	0 	68467.9071767 	
-1.20591182365e-07 0 	0 	63598.8569829 	
-1.2001002004e-07 0 	0 	59049.8168769 	
-1.19428857715e-07 0 	0 	54644.2812282 	
-1.18847695391e-07 0 	0 	50667.3846271 	
-1.18266533066e-07 0 	0 	46690.4880261 	
-1.17685370741e-07 0 	0 	43199.1051075 	
-1.17104208417e-07 0 	0 	39733.3112128 	
-1.16523046092e-07 0 	0 	36538.2762586 	
-1.15941883768e-07 0 	0 	33527.611145 	
-1.15360721443e-07 0 	0 	30591.4633655 	
-1.14779559118e-07 0 	0 	27984.7682807 	
-1.14198396794e-07 0 	0 	25378.0731958 	
-1.13617234469e-07 0 	0 	23027.7191535 	
-1.13036072144e-07 0 	0 	20778.394105 	
-1.1245490982e-07 0 	0 	18589.5875478 	
-1.11873747495e-07 0 	0 	16655.3319088 	
-1.1129258517e-07 0 	0 	14721.0762699 	
-1.10711422846e-07 0 	0 	12954.9646209 	
-1.10130260521e-07 0 	0 	11297.5164974 	
-1.09549098196e-07 0 	0 	9640.06837388 	
-1.08967935872e-07 0 	0 	8215.73161645 	
-1.08386773547e-07 0 	0 	6800.60774816 	
-1.07805611222e-07 0 	0 	5439.22722496 	
-1.07224448898e-07 0 	0 	4235.46512899 	
-1.06643286573e-07 0 	0 	3031.70303302 	
-1.06062124248e-07 0 	0 	1916.62363062 	
-1.05480961924e-07 0 	0 	896.527644608 	
-1.04899799599e-07 0 	0 	-123.568341405 	
-1.04318637275e-07 0 	0 	-1040.92445668 	
-1.0373747495e-07 0 	0 	-1902.03168688 	
-1.03156312625e-07 0 	0 	-2763.13891708 	
-1.02575150301e-07 0 	0 	-3522.41434973 	
-1.01993987976e-07 0 	0 	-4246.43354401 	
-1.01412825651e-07 0 	0 	-4970.4527383 	
-1.00831663327e-07 0 	0 	-5603.68850747 	
-1.00250501002e-07 0 	0 	-6209.97729631 	
-9.96693386774e-08 0 	0 	-6816.26608514 	
-9.90881763527e-08 0 	0 	-7349.10262213 	
-9.85070140281e-08 0 	0 	-7854.6998684 	
-9.79258517034e-08 0 	0 	-8360.29711467 	
-9.73446893788e-08 0 	0 	-8813.04469845 	
-9.67635270541e-08 0 	0 	-9232.88464556 	
-9.61823647295e-08 0 	0 	-9652.72459267 	
-9.56012024048e-08 0 	0 	-10041.3071669 	
-9.50200400802e-08 0 	0 	-10388.422645 	
-9.44388777555e-08 0 	0 	-10735.538123 	
-9.38577154309e-08 0 	0 	-11072.3160671 	
-9.32765531062e-08 0 	0 	-11358.0301738 	
-9.26953907816e-08 0 	0 	-11643.7442804 	
-9.21142284569e-08 0 	0 	-11929.458387 	
-9.15330661323e-08 0 	0 	-12172.3288725 	
-9.09519038076e-08 0 	0 	-12406.4346901 	
-9.0370741483e-08 0 	0 	-12640.5405077 	
-8.97895791583e-08 0 	0 	-12856.7954632 	
-8.92084168337e-08 0 	0 	-13047.7235729 	
-8.8627254509e-08 0 	0 	-13238.6516825 	
-8.80460921844e-08 0 	0 	-13429.5797922 	
-8.74649298597e-08 0 	0 	-13587.5633351 	
-8.68837675351e-08 0 	0 	-13742.5370129 	
-8.63026052104e-08 0 	0 	-13897.5106907 	
-8.57214428858e-08 0 	0 	-14042.4476167 	
-8.51402805611e-08 0 	0 	-14167.6257669 	
-8.45591182365e-08 0 	0 	-14292.8039171 	
-8.39779559118e-08 0 	0 	-14417.9820672 	
-8.33967935872e-08 0 	0 	-14526.6197409 	
-8.28156312625e-08 0 	0 	-14627.2277511 	
-8.22344689379e-08 0 	0 	-14727.8357613 	
-8.16533066132e-08 0 	0 	-14828.4437716 	
-8.10721442886e-08 0 	0 	-14910.4382953 	
-8.04909819639e-08 0 	0 	-14990.8871021 	
-7.99098196393e-08 0 	0 	-15071.3359088 	
-7.93286573146e-08 0 	0 	-15150.3824756 	
-7.874749499e-08 0 	0 	-15214.3762528 	
-7.81663326653e-08 0 	0 	-15278.3700301 	
-7.75851703407e-08 0 	0 	-15342.3638073 	
-7.7004008016e-08 0 	0 	-15404.2626902 	
-7.64228456914e-08 0 	0 	-15454.8956517 	
-7.58416833667e-08 0 	0 	-15505.5286131 	
-7.52605210421e-08 0 	0 	-15556.1615746 	
-7.46793587174e-08 0 	0 	-15605.3278232 	
-7.40981963928e-08 0 	0 	-15645.1706965 	
-7.35170340681e-08 0 	0 	-15685.0135698 	
-7.29358717435e-08 0 	0 	-15724.8564431 	
-7.23547094188e-08 0 	0 	-15764.5220598 	
-7.17735470942e-08 0 	0 	-15795.6988573 	
-7.11923847695e-08 0 	0 	-15826.8756547 	
-7.06112224449e-08 0 	0 	-15858.0524522 	
-7.00300601202e-08 0 	0 	-15889.2292497 	
-6.94488977956e-08 0 	0 	-15914.8128964 	
-6.88677354709e-08 0 	0 	-15939.0686365 	
-6.82865731463e-08 0 	0 	-15963.3243766 	
-6.77054108216e-08 0 	0 	-15987.5801168 	
-6.7124248497e-08 0 	0 	-16009.1061758 	
-6.65430861723e-08 0 	0 	-16027.8662422 	
-6.59619238477e-08 0 	0 	-16046.6263085 	
-6.5380761523e-08 0 	0 	-16065.3863748 	
-6.47995991984e-08 0 	0 	-16083.7828762 	
-6.42184368737e-08 0 	0 	-16098.2047082 	
-6.36372745491e-08 0 	0 	-16112.6265403 	
-6.30561122244e-08 0 	0 	-16127.0483723 	
-6.24749498998e-08 0 	0 	-16141.4702043 	
-6.18937875752e-08 0 	0 	-16153.9617039 	
-6.13126252505e-08 0 	0 	-16164.9795104 	
-6.07314629259e-08 0 	0 	-16175.9973169 	
-6.01503006012e-08 0 	0 	-16187.0151234 	
-5.95691382766e-08 0 	0 	-16198.0329299 	
-5.89879759519e-08 0 	0 	-16206.5446171 	
-5.84068136273e-08 0 	0 	-16214.9078014 	
-5.78256513026e-08 0 	0 	-16223.2709857 	
-5.7244488978e-08 0 	0 	-16231.63417 	
-5.66633266533e-08 0 	0 	-16239.5606869 	
-5.60821643287e-08 0 	0 	-16245.8666403 	
-5.5501002004e-08 0 	0 	-16252.1725937 	
-5.49198396794e-08 0 	0 	-16258.478547 	
-5.43386773547e-08 0 	0 	-16264.7845004 	
-5.37575150301e-08 0 	0 	-16270.5057501 	
-5.31763527054e-08 0 	0 	-16275.2276419 	
-5.25951903808e-08 0 	0 	-16279.9495338 	
-5.20140280561e-08 0 	0 	-16284.6714256 	
-5.14328657315e-08 0 	0 	-16289.3933175 	
-5.08517034068e-08 0 	0 	-16293.6159686 	
-5.02705410822e-08 0 	0 	-16297.1261398 	
-4.96893787575e-08 0 	0 	-16300.6363109 	
-4.91082164329e-08 0 	0 	-16304.146482 	
-4.85270541082e-08 0 	0 	-16307.6566531 	
-4.79458917836e-08 0 	0 	-16310.8554029 	
-4.73647294589e-08 0 	0 	-16313.4449088 	
-4.67835671343e-08 0 	0 	-16316.0344147 	
-4.62024048096e-08 0 	0 	-16318.6239206 	
-4.5621242485e-08 0 	0 	-16321.2134265 	
-4.50400801603e-08 0 	0 	-16323.7021242 	
-4.44589178357e-08 0 	0 	-16325.5969443 	
-4.3877755511e-08 0 	0 	-16327.4917644 	
-4.32965931864e-08 0 	0 	-16329.3865844 	
-4.27154308617e-08 0 	0 	-16331.2814045 	
-4.21342685371e-08 0 	0 	-16333.1762246 	
-4.15531062124e-08 0 	0 	-16334.6392036 	
-4.09719438878e-08 0 	0 	-16336.0135888 	
-4.03907815631e-08 0 	0 	-16337.387974 	
-3.98096192385e-08 0 	0 	-16338.7623592 	
-3.92284569138e-08 0 	0 	-16340.1367445 	
-3.86472945892e-08 0 	0 	-16341.3604471 	
-3.80661322645e-08 0 	0 	-16342.3478226 	
-3.74849699399e-08 0 	0 	-16343.335198 	
-3.69038076152e-08 0 	0 	-16344.3225735 	
-3.63226452906e-08 0 	0 	-16345.309949 	
-3.57414829659e-08 0 	0 	-16346.2973245 	
-3.51603206413e-08 0 	0 	-16347.0502661 	
-3.45791583166e-08 0 	0 	-16347.7520647 	
-3.3997995992e-08 0 	0 	-16348.4538632 	
-3.34168336673e-08 0 	0 	-16349.1556618 	
-3.28356713427e-08 0 	0 	-16349.8574604 	
-3.2254509018e-08 0 	0 	-16350.5338731 	
-3.16733466934e-08 0 	0 	-16351.0266395 	
-3.10921843687e-08 0 	0 	-16351.5194058 	
-3.05110220441e-08 0 	0 	-16352.0121722 	
-2.99298597194e-08 0 	0 	-16352.5049385 	
-2.93486973948e-08 0 	0 	-16352.9977048 	
-2.87675350701e-08 0 	0 	-16353.4467978 	
-2.81863727455e-08 0 	0 	-16353.7878476 	
-2.76052104208e-08 0 	0 	-16354.1288974 	
-2.70240480962e-08 0 	0 	-16354.4699472 	
-2.64428857715e-08 0 	0 	-16354.8109971 	
-2.58617234469e-08 0 	0 	-16355.1520469 	
-2.52805611222e-08 0 	0 	-16355.4584897 	
-2.46993987976e-08 0 	0 	-16355.6903722 	
-2.41182364729e-08 0 	0 	-16355.9222546 	
-2.35370741483e-08 0 	0 	-16356.1541371 	
-2.29559118236e-08 0 	0 	-16356.3860196 	
-2.2374749499e-08 0 	0 	-16356.617902 	
-2.17935871743e-08 0 	0 	-16356.8337639 	
-2.12124248497e-08 0 	0 	-16356.987746 	
-2.0631262525e-08 0 	0 	-16357.1417281 	
-2.00501002004e-08 0 	0 	-16357.2957102 	
-1.94689378758e-08 0 	0 	-16357.4496923 	
-1.88877755511e-08 0 	0 	-16357.6036744 	
-1.83066132265e-08 0 	0 	-16357.7576564 	
-1.77254509018e-08 0 	0 	-16357.8591323 	
-1.71442885772e-08 0 	0 	-16357.9578735 	
-1.65631262525e-08 0 	0 	-16358.0566147 	
-1.59819639279e-08 0 	0 	-16358.1553559 	
-1.54008016032e-08 0 	0 	-16358.2540972 	
-1.48196392786e-08 0 	0 	-16358.3528384 	
-1.42384769539e-08 0 	0 	-16358.4301046 	
-1.36573146293e-08 0 	0 	-16358.4896683 	
-1.30761523046e-08 0 	0 	-16358.549232 	
-1.249498998e-08 0 	0 	-16358.6087957 	
-1.19138276553e-08 0 	0 	-16358.6683594 	
-1.13326653307e-08 0 	0 	-16358.727923 	
-1.0751503006e-08 0 	0 	-16358.7874867 	
-1.01703406814e-08 0 	0 	-16358.8189312 	
-9.58917835671e-09 0 	0 	-16358.8502385 	
-9.00801603206e-09 0 	0 	-16358.8815457 	
-8.42685370741e-09 0 	0 	-16358.9128529 	
-7.84569138277e-09 0 	0 	-16358.9441601 	
-7.26452905812e-09 0 	0 	-16358.9754674 	
-6.68336673347e-09 0 	0 	-16359.0005797 	
-6.10220440882e-09 0 	0 	-16359.0103723 	
-5.52104208417e-09 0 	0 	-16359.0201649 	
-4.93987975952e-09 0 	0 	-16359.0299575 	
-4.35871743487e-09 0 	0 	-16359.0397501 	
-3.77755511022e-09 0 	0 	-16359.0495427 	
-3.19639278557e-09 0 	0 	-16359.0593353 	
-2.61523046092e-09 0 	0 	-16359.0613262 	
-2.03406813627e-09 0 	0 	-16359.0526712 	
-1.45290581162e-09 0 	0 	-16359.0440161 	
-8.71743486974e-10 0 	0 	-16359.0353611 	
-2.90581162324e-10 0 	0 	-16359.026706 	
2.90581162325e-10 0 	0 	-16359.018051 	
8.71743486974e-10 0 	0 	-16359.0093959 	
1.45290581162e-09 0 	0 	-16358.9931929 	
2.03406813627e-09 0 	0 	-16358.9654936 	
2.61523046092e-09 0 	0 	-16358.9377943 	
3.19639278557e-09 0 	0 	-16358.910095 	
3.77755511022e-09 0 	0 	-16358.8823956 	
4.35871743487e-09 0 	0 	-16358.8546963 	
4.93987975952e-09 0 	0 	-16358.826997 	
5.52104208417e-09 0 	0 	-16358.7944124 	
6.10220440882e-09 0 	0 	-16358.7428152 	
6.68336673347e-09 0 	0 	-16358.6912179 	
7.26452905812e-09 0 	0 	-16358.6396207 	
7.84569138277e-09 0 	0 	-16358.5880235 	
8.42685370742e-09 0 	0 	-16358.5364263 	
9.00801603206e-09 0 	0 	-16358.4848291 	
9.58917835671e-09 0 	0 	-16358.4332318 	
1.01703406814e-08 0 	0 	-16358.3525827 	
1.0751503006e-08 0 	0 	-16358.2665344 	
1.13326653307e-08 0 	0 	-16358.180486 	
1.19138276553e-08 0 	0 	-16358.0944376 	
1.249498998e-08 0 	0 	-16358.0083892 	
1.30761523046e-08 0 	0 	-16357.9223409 	
1.36573146293e-08 0 	0 	-16357.8362925 	
1.42384769539e-08 0 	0 	-16357.7337307 	
1.48196392786e-08 0 	0 	-16357.5942264 	
1.54008016032e-08 0 	0 	-16357.4547221 	
1.59819639279e-08 0 	0 	-16357.3152177 	
1.65631262525e-08 0 	0 	-16357.1757134 	
1.71442885772e-08 0 	0 	-16357.036209 	
1.77254509018e-08 0 	0 	-16356.8967047 	
1.83066132265e-08 0 	0 	-16356.7572004 	
1.88877755511e-08 0 	0 	-16356.5664446 	
1.94689378758e-08 0 	0 	-16356.3411296 	
2.00501002004e-08 0 	0 	-16356.1158146 	
2.06312625251e-08 0 	0 	-16355.8904996 	
2.12124248497e-08 0 	0 	-16355.6651847 	
2.17935871743e-08 0 	0 	-16355.4398697 	
2.2374749499e-08 0 	0 	-16355.2145547 	
2.29559118236e-08 0 	0 	-16354.9892398 	
2.35370741483e-08 0 	0 	-16354.6653054 	
2.41182364729e-08 0 	0 	-16354.2999351 	
2.46993987976e-08 0 	0 	-16353.9345648 	
2.52805611222e-08 0 	0 	-16353.5691945 	
2.58617234469e-08 0 	0 	-16353.2038242 	
2.64428857715e-08 0 	0 	-16352.8384539 	
2.70240480962e-08 0 	0 	-16352.4730835 	
2.76052104208e-08 0 	0 	-16352.1077132 	
2.81863727455e-08 0 	0 	-16351.5978707 	
2.87675350701e-08 0 	0 	-16351.0014544 	
2.93486973948e-08 0 	0 	-16350.4050381 	
2.99298597194e-08 0 	0 	-16349.8086218 	
3.05110220441e-08 0 	0 	-16349.2122055 	
3.10921843687e-08 0 	0 	-16348.6157892 	
3.16733466934e-08 0 	0 	-16348.0193729 	
3.2254509018e-08 0 	0 	-16347.4229566 	
3.28356713427e-08 0 	0 	-16346.6894279 	
3.34168336673e-08 0 	0 	-16345.7082358 	
3.3997995992e-08 0 	0 	-16344.7270437 	
3.45791583166e-08 0 	0 	-16343.7458517 	
3.51603206413e-08 0 	0 	-16342.7646596 	
3.57414829659e-08 0 	0 	-16341.7834675 	
3.63226452906e-08 0 	0 	-16340.8022754 	
3.69038076152e-08 0 	0 	-16339.8210833 	
3.74849699399e-08 0 	0 	-16338.8398912 	
3.80661322645e-08 0 	0 	-16337.2809341 	
3.86472945892e-08 0 	0 	-16335.6526136 	
3.92284569138e-08 0 	0 	-16334.0242931 	
3.98096192385e-08 0 	0 	-16332.3959726 	
4.03907815631e-08 0 	0 	-16330.7676521 	
4.09719438878e-08 0 	0 	-16329.1393316 	
4.15531062124e-08 0 	0 	-16327.5110111 	
4.21342685371e-08 0 	0 	-16325.8826906 	
4.27154308617e-08 0 	0 	-16324.00124 	
4.32965931864e-08 0 	0 	-16321.2729664 	
4.3877755511e-08 0 	0 	-16318.5446928 	
4.44589178357e-08 0 	0 	-16315.8164191 	
4.50400801603e-08 0 	0 	-16313.0881455 	
4.5621242485e-08 0 	0 	-16310.3598719 	
4.62024048096e-08 0 	0 	-16307.6315982 	
4.67835671343e-08 0 	0 	-16304.9033246 	
4.73647294589e-08 0 	0 	-16302.175051 	
4.79458917836e-08 0 	0 	-16298.7592464 	
4.85270541082e-08 0 	0 	-16294.1400778 	
4.91082164329e-08 0 	0 	-16289.5209092 	
4.96893787575e-08 0 	0 	-16284.9017405 	
5.02705410822e-08 0 	0 	-16280.2825719 	
5.08517034068e-08 0 	0 	-16275.6634033 	
5.14328657315e-08 0 	0 	-16271.0442346 	
5.20140280561e-08 0 	0 	-16266.425066 	
5.25951903808e-08 0 	0 	-16261.8058974 	
5.31763527054e-08 0 	0 	-16256.2379518 	
5.37575150301e-08 0 	0 	-16248.3293879 	
5.43386773547e-08 0 	0 	-16240.420824 	
5.49198396794e-08 0 	0 	-16232.5122601 	
5.5501002004e-08 0 	0 	-16224.6036962 	
5.60821643287e-08 0 	0 	-16216.6951323 	
5.66633266533e-08 0 	0 	-16208.7865684 	
5.7244488978e-08 0 	0 	-16200.8780045 	
5.78256513026e-08 0 	0 	-16192.9694406 	
5.84068136273e-08 0 	0 	-16185.0608767 	
5.89879759519e-08 0 	0 	-16171.3608584 	
5.95691382766e-08 0 	0 	-16157.6592261 	
6.01503006012e-08 0 	0 	-16143.9575938 	
6.07314629259e-08 0 	0 	-16130.2559615 	
6.13126252505e-08 0 	0 	-16116.5543291 	
6.18937875752e-08 0 	0 	-16102.8526968 	
6.24749498998e-08 0 	0 	-16089.1510645 	
6.30561122244e-08 0 	0 	-16075.4494322 	
6.36372745491e-08 0 	0 	-16061.7477999 	
6.42184368737e-08 0 	0 	-16042.9582278 	
6.47995991984e-08 0 	0 	-16018.9243856 	
6.5380761523e-08 0 	0 	-15994.8905435 	
6.59619238477e-08 0 	0 	-15970.8567014 	
6.65430861723e-08 0 	0 	-15946.8228593 	
6.7124248497e-08 0 	0 	-15922.7890171 	
6.77054108216e-08 0 	0 	-15898.755175 	
6.82865731463e-08 0 	0 	-15874.7213329 	
6.88677354709e-08 0 	0 	-15850.6874908 	
6.94488977956e-08 0 	0 	-15826.6536487 	
7.00300601202e-08 0 	0 	-15788.4055047 	
7.06112224449e-08 0 	0 	-15745.7038096 	
7.11923847695e-08 0 	0 	-15703.0021145 	
7.17735470942e-08 0 	0 	-15660.3004195 	
7.23547094188e-08 0 	0 	-15617.5987244 	
7.29358717435e-08 0 	0 	-15574.8970293 	
7.35170340681e-08 0 	0 	-15532.1953342 	
7.40981963928e-08 0 	0 	-15489.4936392 	
7.46793587174e-08 0 	0 	-15446.7919441 	
7.52605210421e-08 0 	0 	-15404.090249 	
7.58416833667e-08 0 	0 	-15333.9979301 	
7.64228456914e-08 0 	0 	-15257.1198519 	
7.7004008016e-08 0 	0 	-15180.2417737 	
7.75851703407e-08 0 	0 	-15103.3636955 	
7.81663326653e-08 0 	0 	-15026.4856174 	
7.874749499e-08 0 	0 	-14949.6075392 	
7.93286573146e-08 0 	0 	-14872.729461 	
7.99098196393e-08 0 	0 	-14795.8513828 	
8.04909819639e-08 0 	0 	-14718.9733047 	
8.10721442886e-08 0 	0 	-14642.0952265 	
8.16533066132e-08 0 	0 	-14526.7173733 	
8.22344689379e-08 0 	0 	-14386.423122 	
8.28156312625e-08 0 	0 	-14246.1288708 	
8.33967935872e-08 0 	0 	-14105.8346196 	
8.39779559118e-08 0 	0 	-13965.5403684 	
8.45591182365e-08 0 	0 	-13825.2461172 	
8.51402805611e-08 0 	0 	-13684.9518659 	
8.57214428858e-08 0 	0 	-13544.6576147 	
8.63026052104e-08 0 	0 	-13404.3633635 	
8.68837675351e-08 0 	0 	-13264.0691123 	
8.74649298597e-08 0 	0 	-13103.1529294 	
8.80460921844e-08 0 	0 	-12843.5614737 	
8.8627254509e-08 0 	0 	-12583.970018 	
8.92084168337e-08 0 	0 	-12324.3785624 	
8.97895791583e-08 0 	0 	-12064.7871067 	
9.0370741483e-08 0 	0 	-11805.195651 	
9.09519038076e-08 0 	0 	-11545.6041953 	
9.15330661323e-08 0 	0 	-11286.0127396 	
9.21142284569e-08 0 	0 	-11026.4212839 	
9.26953907816e-08 0 	0 	-10766.8298282 	
9.32765531062e-08 0 	0 	-10507.2383725 	
9.38577154309e-08 0 	0 	-10135.4271322 	
9.44388777555e-08 0 	0 	-9648.25472191 	
9.50200400802e-08 0 	0 	-9161.0823116 	
9.56012024048e-08 0 	0 	-8673.9099013 	
9.61823647295e-08 0 	0 	-8186.73749099 	
9.67635270541e-08 0 	0 	-7699.56508068 	
9.73446893788e-08 0 	0 	-7212.39267037 	
9.79258517034e-08 0 	0 	-6725.22026007 	
9.85070140281e-08 0 	0 	-6238.04784976 	
9.90881763527e-08 0 	0 	-5750.87543945 	
9.96693386774e-08 0 	0 	-5263.70302915 	
1.00250501002e-07 0 	0 	-4529.0156018 	
1.00831663327e-07 0 	0 	-3601.44778197 	
1.01412825651e-07 0 	0 	-2673.87996214 	
1.01993987976e-07 0 	0 	-1746.31214231 	
1.02575150301e-07 0 	0 	-818.744322476 	
1.03156312625e-07 0 	0 	108.823497355 	
1.0373747495e-07 0 	0 	1036.39131719 	
1.04318637275e-07 0 	0 	1963.95913702 	
1.04899799599e-07 0 	0 	2891.52695685 	
1.05480961924e-07 0 	0 	3819.09477668 	
1.06062124248e-07 0 	0 	4746.66259651 	
1.06643286573e-07 0 	0 	5997.42036703 	
1.07224448898e-07 0 	0 	7789.73227445 	
1.07805611222e-07 0 	0 	9582.04418187 	
1.08386773547e-07 0 	0 	11374.3560893 	
1.08967935872e-07 0 	0 	13166.6679967 	
1.09549098196e-07 0 	0 	14958.9799041 	
1.10130260521e-07 0 	0 	16751.2918116 	
1.10711422846e-07 0 	0 	18543.603719 	
1.1129258517e-07 0 	0 	20335.9156264 	
1.11873747495e-07 0 	0 	22128.2275338 	
1.1245490982e-07 0 	0 	23920.5394413 	
1.13036072144e-07 0 	0 	25712.8513487 	
1.13617234469e-07 0 	0 	29094.6354 	
1.14198396794e-07 0 	0 	32610.5498081 	
1.14779559118e-07 0 	0 	36126.4642163 	
1.15360721443e-07 0 	0 	39642.3786245 	
1.15941883768e-07 0 	0 	43158.2930327 	
1.16523046092e-07 0 	0 	46674.2074409 	
1.17104208417e-07 0 	0 	50190.1218491 	
1.17685370741e-07 0 	0 	53706.0362573 	
1.18266533066e-07 0 	0 	57221.9506655 	
1.18847695391e-07 0 	0 	60737.8650737 	
1.19428857715e-07 0 	0 	64253.7794819 	
1.2001002004e-07 0 	0 	68471.6368015 	
1.20591182365e-07 0 	0 	75477.1488818 	
1.21172344689e-07 0 	0 	82482.6609621 	
1.21753507014e-07 0 	0 	89488.1730424 	
1.22334669339e-07 0 	0 	96493.6851227 	
1.22915831663e-07 0 	0 	103499.197203 	
1.23496993988e-07 0 	0 	110504.709283 	
1.24078156313e-07 0 	0 	117510.221364 	
1.24659318637e-07 0 	0 	124515.733444 	
1.25240480962e-07 0 	0 	131521.245524 	
1.25821643287e-07 0 	0 	138526.757604 	
1.26402805611e-07 0 	0 	145532.269685 	
1.26983967936e-07 0 	0 	154006.720298 	
1.27565130261e-07 0 	0 	168201.706069 	
1.28146292585e-07 0 	0 	182396.691839 	
1.2872745491e-07 0 	0 	196591.67761 	
1.29308617234e-07 0 	0 	210786.663381 	
1.29889779559e-07 0 	0 	224981.649151 	
1.30470941884e-07 0 	0 	239176.634922 	
1.31052104208e-07 0 	0 	253371.620692 	
1.31633266533e-07 0 	0 	267566.606463 	
1.32214428858e-07 0 	0 	281761.592234 	
1.32795591182e-07 0 	0 	295956.578004 	
1.33376753507e-07 0 	0 	310151.563775 	
1.33957915832e-07 0 	0 	324346.549545 	
1.34539078156e-07 0 	0 	352586.712307 	
1.35120240481e-07 0 	0 	381962.634546 	
1.35701402806e-07 0 	0 	411338.556784 	
1.3628256513e-07 0 	0 	440714.479023 	
1.36863727455e-07 0 	0 	470090.401261 	
1.3744488978e-07 0 	0 	499466.3235 	
1.38026052104e-07 0 	0 	528842.245738 	
1.38607214429e-07 0 	0 	558218.167977 	
1.39188376754e-07 0 	0 	587594.090215 	
1.39769539078e-07 0 	0 	616970.012454 	
1.40350701403e-07 0 	0 	646345.934692 	
1.40931863727e-07 0 	0 	675721.856931 	
1.41513026052e-07 0 	0 	708728.900465 	
1.42094188377e-07 0 	0 	748272.846335 	
1.42675350701e-07 0 	0 	787816.792204 	
1.43256513026e-07 0 	0 	827360.738074 	
1.43837675351e-07 0 	0 	866904.683943 	
1.44418837675e-07 0 	0 	906448.629813 	
1.45e-07 0 	0 	945992.575682 	
