-1.45e-07 -0.0237727043635 0.693929695779 1.42691827826
-1.44418837675e-07 -0.0232259288687 0.708803690848 1.39716150079
-1.43837675351e-07 -0.0227083511839 0.72307823759 1.36943066507
-1.43256513026e-07 -0.0222266222659 0.736659390958 1.34425184644
-1.42675350701e-07 -0.0217728050819 0.749668181204 1.32097744261
-1.42094188377e-07 -0.0213420226968 0.762188286889 1.29923607101
-1.41513026052e-07 -0.0209325989206 0.774244743707 1.27889146996
-1.40931863727e-07 -0.0205545243782 0.785587445385 1.2605235127
-1.40350701403e-07 -0.020195416535 0.796477657205 1.24330859403
-1.39769539078e-07 -0.0198528780329 0.806967220554 1.22709051354
-1.39188376754e-07 -0.0195338232468 0.816871720724 1.2122515965
-1.38607214429e-07 -0.0192334183695 0.826292550237 1.19847280296
-1.38026052104e-07 -0.0189456679151 0.835380678089 1.18540541117
-1.3744488978e-07 -0.0186782435505 0.843921702866 1.17345844682
-1.36863727455e-07 -0.018425570522 0.852051790826 1.16230145806
-1.3628256513e-07 -0.0181824344483 0.859915246518 1.15165367835
-1.35701402806e-07 -0.0179598297288 0.867188295408 1.14207602566
-1.35120240481e-07 -0.0177457606493 0.874208593439 1.1329321343
-1.34539078156e-07 -0.0175431922685 0.88088834155 1.12437268168
-1.33957915832e-07 -0.0173548069233 0.887136621939 1.11651714246
-1.33376753507e-07 -0.0171718863109 0.89321781778 1.1089316364
-1.32795591182e-07 -0.0170050033618 0.898798856945 1.10212477537
-1.32214428858e-07 -0.0168432295403 0.904216883487 1.09556095554
-1.31633266533e-07 -0.0166921385619 0.909294061576 1.08950531851
-1.31052104208e-07 -0.0165489174729 0.91411483035 1.08381704371
-1.30470941884e-07 -0.0164123456483 0.918718959071 1.07843915299
-1.29889779559e-07 -0.0162853431211 0.923005274506 1.07350022451
-1.29308617234e-07 -0.0161620874591 0.927167149923 1.068733172
-1.2872745491e-07 -0.0160492145888 0.930978094353 1.06443480377
-1.28146292585e-07 -0.0159381409591 0.934728225731 1.06021765413
-1.27565130261e-07 -0.0158375389919 0.938118708808 1.05646627005
-1.26983967936e-07 -0.0157375809701 0.941487075634 1.05274352782
-1.26402805611e-07 -0.0156476058114 0.944507538033 1.04945883837
-1.25821643287e-07 -0.0155577633367 0.947523376372 1.04617997117
-1.25240480962e-07 -0.0154769698163 0.950219634424 1.04329328863
-1.24659318637e-07 -0.0153963076619 0.952911253043 1.04041229955
-1.24078156313e-07 -0.0153234336966 0.955324468598 1.03786505764
-1.23496993988e-07 -0.0152510797623 0.957719094698 1.0353401006
-1.22915831663e-07 -0.0151850305661 0.959885852977 1.03308254977
-1.22334669339e-07 -0.0151201740013 0.962009506796 1.03087558265
-1.21753507014e-07 -0.0150600064876 0.963961984279 1.02886563689
-1.21172344689e-07 -0.0150018956585 0.965839381375 1.02694210752
-1.20591182365e-07 -0.0149468031816 0.967605585714 1.0251443226
-1.2001002004e-07 -0.0148947434966 0.969260065342 1.02347288371
-1.19428857715e-07 -0.0148440410674 0.97086412987 1.0218575501
-1.18847695391e-07 -0.0147973926779 0.972317607577 1.02040979953
-1.18266533066e-07 -0.0147507442884 0.973771085283 1.01896204895
-1.17685370741e-07 -0.0147086781745 0.975053066341 1.01770237919
-1.17104208417e-07 -0.0146668535697 0.976326008659 1.01645262223
-1.16523046092e-07 -0.014627578804 0.977502859758 1.0153068479
-1.15941883768e-07 -0.0145900403186 0.978614278768 1.01423187919
-1.15360721443e-07 -0.0145532020052 0.979699143735 1.01318529397
-1.14779559118e-07 -0.0145194592603 0.980666609155 1.01226419648
-1.14198396794e-07 -0.0144857165155 0.981634074575 1.011343099
-1.13617234469e-07 -0.0144543767512 0.982509869978 1.01051887755
-1.13036072144e-07 -0.0144239840484 0.983349536443 1.00973283684
-1.1245490982e-07 -0.0143941572879 0.984167494188 1.00896949472
-1.11873747495e-07 -0.0143667109764 0.984894141414 1.00830162666
-1.1129258517e-07 -0.0143392646648 0.98562078864 1.0076337586
-1.10711422846e-07 -0.0143133868543 0.986286956927 1.00702849254
-1.10130260521e-07 -0.014288522692 0.98691404053 1.00646368321
-1.09549098196e-07 -0.0142636585297 0.987541124133 1.00589887387
-1.08967935872e-07 -0.0142409633359 0.988084156801 1.00542022517
-1.08386773547e-07 -0.0142183538627 0.988623867658 1.00494498166
-1.07805611222e-07 -0.0141962431219 0.989144157059 1.00448945814
-1.07224448898e-07 -0.014175595063 0.989607487234 1.00409176938
-1.06643286573e-07 -0.0141549470041 0.990070817409 1.00369408062
-1.06062124248e-07 -0.0141351196773 0.990502030151 1.00332869215
-1.05480961924e-07 -0.014116171394 0.990898843584 1.00299789885
-1.04899799599e-07 -0.0140972231106 0.991295657016 1.00266710555
-1.04318637275e-07 -0.0140792230005 0.991655179613 1.00237344755
-1.0373747495e-07 -0.0140617420042 0.991994285911 1.0021001207
-1.03156312625e-07 -0.0140442610079 0.992333392208 1.00182679385
-1.02575150301e-07 -0.0140277171085 0.99263544929 1.00158997975
-1.01993987976e-07 -0.0140114976511 0.992924679179 1.0013658071
-1.01412825651e-07 -0.0139952781936 0.993213909069 1.00114163445
-1.00831663327e-07 -0.0139798917007 0.993470020627 1.00094973495
-1.00250501002e-07 -0.0139647524542 0.993716301767 1.00076741501
-9.96693386774e-08 -0.0139496132077 0.993962582908 1.00058509506
-9.90881763527e-08 -0.0139351458705 0.994181983463 1.00042864472
-9.85070140281e-08 -0.0139209277064 0.994391415527 1.00028178796
-9.79258517034e-08 -0.0139067095424 0.994600847591 1.0001349312
-9.73446893788e-08 -0.0138929733267 0.994790864692 1.00000649701
-9.67635270541e-08 -0.0138795372035 0.994968792776 0.999889533929
-9.61823647295e-08 -0.0138661010804 0.995146720859 0.999772570845
-9.56012024048e-08 -0.0138529490969 0.995313111893 0.999666378195
-9.50200400802e-08 -0.0138401740627 0.995464197486 0.999574473971
-9.44388777555e-08 -0.0138273990286 0.995615283078 0.999482569747
-9.38577154309e-08 -0.0138147176615 0.99576253062 0.999394180839
-9.32765531062e-08 -0.0138024989775 0.99589081952 0.999323156371
-9.26953907816e-08 -0.0137902802935 0.99601910842 0.999252131903
-9.21142284569e-08 -0.0137780616094 0.996147397319 0.999181107435
-9.15330661323e-08 -0.013766229843 0.99625966212 0.999124431214
-9.09519038076e-08 -0.0137544772296 0.996368648815 0.999070690264
-9.0370741483e-08 -0.0137427246162 0.99647763551 0.999016949314
-8.97895791583e-08 -0.0137311326704 0.996579883942 0.998969080364
-8.92084168337e-08 -0.0137197686799 0.99667257211 0.998929542624
-8.8627254509e-08 -0.0137084046895 0.996765260278 0.998890004883
-8.80460921844e-08 -0.0136970406991 0.996857948447 0.998850467142
-8.74649298597e-08 -0.0136859722152 0.996938056666 0.998821537778
-8.68837675351e-08 -0.0136749307294 0.997017015562 0.998793577611
-8.63026052104e-08 -0.0136638892435 0.997095974458 0.998765617444
-8.57214428858e-08 -0.0136529374743 0.997171045279 0.998740807135
-8.51402805611e-08 -0.0136421623255 0.997238461869 0.99872219777
-8.45591182365e-08 -0.0136313871766 0.99730587846 0.998703588404
-8.39779559118e-08 -0.0136206120278 0.99737329505 0.998684979039
-8.33967935872e-08 -0.0136099842169 0.997434188538 0.998671399973
-8.28156312625e-08 -0.0135994279321 0.997491915349 0.998660262894
-8.22344689379e-08 -0.0135888716473 0.99754964216 0.998649125815
-8.16533066132e-08 -0.0135783153625 0.997607368972 0.998637988735
-8.10721442886e-08 -0.0135679243035 0.9976575909 0.998632295914
-8.04909819639e-08 -0.0135575469653 0.997707189602 0.9986270552
-7.99098196393e-08 -0.0135471696272 0.997756788303 0.998621814486
-7.93286573146e-08 -0.013536804693 0.997805806009 0.998616964238
-7.874749499e-08 -0.0135265729141 0.997848586832 0.998616305577
-7.81663326653e-08 -0.0135163411352 0.997891367654 0.998615646916
-7.75851703407e-08 -0.0135061093563 0.997934148477 0.998614988254
-7.7004008016e-08 -0.0134958960452 0.99797603186 0.998614877236
-7.64228456914e-08 -0.0134857820502 0.998013088994 0.998617711334
-7.58416833667e-08 -0.0134756680552 0.998050146128 0.998620545432
-7.52605210421e-08 -0.0134655540603 0.998087203262 0.998623379529
-7.46793587174e-08 -0.0134554529522 0.998123606024 0.998626566505
-7.40981963928e-08 -0.0134454337617 0.998155849178 0.9986319966
-7.35170340681e-08 -0.0134354145711 0.998188092333 0.998637426695
-7.29358717435e-08 -0.0134253953806 0.998220335487 0.99864285679
-7.23547094188e-08 -0.0134153777425 0.998252495581 0.998648324992
-7.17735470942e-08 -0.013405434451 0.99828067793 0.998655618179
-7.11923847695e-08 -0.0133954911595 0.998308860279 0.998662911365
-7.06112224449e-08 -0.013385547868 0.998337042629 0.998670204552
-7.00300601202e-08 -0.0133756045765 0.998365224978 0.998677497738
-6.94488977956e-08 -0.0133657101243 0.998390627665 0.998685816346
-6.88677354709e-08 -0.0133558272673 0.998415370415 0.998694378407
-6.82865731463e-08 -0.0133459444103 0.998440113164 0.998702940467
-6.77054108216e-08 -0.0133360615534 0.998464855913 0.998711502528
-6.7124248497e-08 -0.0133262024673 0.998488143878 0.998720457668
-6.65430861723e-08 -0.0133163674684 0.998509957705 0.998729811116
-6.59619238477e-08 -0.0133065324695 0.998531771533 0.998739164564
-6.5380761523e-08 -0.0132966974706 0.99855358536 0.998748518013
-6.47995991984e-08 -0.0132868656304 0.998575188821 0.998757905954
-6.42184368737e-08 -0.0132770683225 0.998594492455 0.998767670993
-6.36372745491e-08 -0.0132672710147 0.998613796089 0.998777436033
-6.30561122244e-08 -0.0132574737068 0.998633099723 0.998787201072
-6.24749498998e-08 -0.013247676399 0.998652403356 0.998796966111
-6.18937875752e-08 -0.0132378958318 0.998670477891 0.998806795266
-6.13126252505e-08 -0.0132281280452 0.998687614083 0.998816673369
-6.07314629259e-08 -0.0132183602585 0.998704750275 0.998826551473
-6.01503006012e-08 -0.0132085924718 0.998721886467 0.998836429576
-5.95691382766e-08 -0.0131988246852 0.998739022659 0.99884630768
-5.89879759519e-08 -0.0131890786083 0.998754377379 0.998856074135
-5.84068136273e-08 -0.0131793338179 0.998769626535 0.998865833975
-5.78256513026e-08 -0.0131695890275 0.998784875691 0.998875593815
-5.7244488978e-08 -0.0131598442372 0.998800124847 0.998885353654
-5.66633266533e-08 -0.0131501032286 0.998815022194 0.998895051008
-5.60821643287e-08 -0.0131403762554 0.998828613905 0.998904516463
-5.5501002004e-08 -0.0131306492822 0.998842205617 0.998913981918
-5.49198396794e-08 -0.013120922309 0.998855797328 0.998923447373
-5.43386773547e-08 -0.0131111953358 0.998869389039 0.998932912829
-5.37575150301e-08 -0.0131014734313 0.998882438518 0.998942221238
-5.31763527054e-08 -0.01309176019 0.998894561232 0.99895126123
-5.25951903808e-08 -0.0130820469487 0.998906683945 0.998960301222
-5.20140280561e-08 -0.0130723337075 0.998918806658 0.998969341214
-5.14328657315e-08 -0.0130626204662 0.998930929372 0.998978381206
-5.08517034068e-08 -0.0130529115632 0.998942510844 0.998987206922
-5.02705410822e-08 -0.0130432088514 0.998953319897 0.99899572684
-4.96893787575e-08 -0.0130335061395 0.99896412895 0.999004246759
-4.91082164329e-08 -0.0130238034277 0.998974938003 0.999012766677
-4.85270541082e-08 -0.0130141007159 0.998985747056 0.999021286595
-4.79458917836e-08 -0.0130044007218 0.998996155333 0.999029608493
-4.73647294589e-08 -0.0129947060446 0.999005779557 0.999037542997
-4.67835671343e-08 -0.0129850113674 0.999015403781 0.999045477501
-4.62024048096e-08 -0.0129753166901 0.999025028005 0.999053412005
-4.5621242485e-08 -0.0129656220129 0.999034652229 0.999061346508
-4.50400801603e-08 -0.0129559282212 0.999044120145 0.999069189952
-4.44589178357e-08 -0.0129462396468 0.999052667225 0.999076496944
-4.3877755511e-08 -0.0129365510724 0.999061214305 0.999083803936
-4.32965931864e-08 -0.0129268624979 0.999069761385 0.999091110927
-4.27154308617e-08 -0.0129171739235 0.999078308465 0.999098417919
-4.21342685371e-08 -0.0129074853491 0.999086855545 0.999105724911
-4.15531062124e-08 -0.0128978006046 0.999094584211 0.999112491391
-4.09719438878e-08 -0.0128881166459 0.999102144976 0.999119146984
-4.03907815631e-08 -0.0128784326872 0.99910970574 0.999125802576
-3.98096192385e-08 -0.0128687487285 0.999117266505 0.999132458169
-3.92284569138e-08 -0.0128590647698 0.99912482727 0.999139113762
-3.86472945892e-08 -0.0128493821651 0.999132034126 0.999145511885
-3.80661322645e-08 -0.0128397016838 0.999138685919 0.999151506198
-3.74849699399e-08 -0.0128300212025 0.999145337712 0.999157500511
-3.69038076152e-08 -0.0128203407213 0.999151989505 0.999163494824
-3.63226452906e-08 -0.01281066024 0.999158641298 0.999169489138
-3.57414829659e-08 -0.0128009797587 0.999165293091 0.999175483451
-3.51603206413e-08 -0.0127913014204 0.999171253244 0.999180935411
-3.45791583166e-08 -0.0127816235497 0.999177062513 0.999186269053
-3.3997995992e-08 -0.0127719456789 0.999182871782 0.999191602696
-3.34168336673e-08 -0.0127622678081 0.99918868105 0.999196936338
-3.28356713427e-08 -0.0127525899373 0.999194490319 0.999202269981
-3.2254509018e-08 -0.0127429123036 0.999200204248 0.999207524376
-3.16733466934e-08 -0.0127332363857 0.999205228468 0.999212205484
-3.10921843687e-08 -0.0127235604677 0.999210252688 0.999216886592
-3.05110220441e-08 -0.0127138845497 0.999215276908 0.9992215677
-2.99298597194e-08 -0.0127042086317 0.999220301128 0.999226248807
-2.93486973948e-08 -0.0126945327137 0.999225325349 0.999230929915
-2.87675350701e-08 -0.0126848572146 0.999230137938 0.999235426967
-2.81863727455e-08 -0.012675182752 0.999234426978 0.999239468687
-2.76052104208e-08 -0.0126655082893 0.999238716018 0.999243510406
-2.70240480962e-08 -0.0126558338266 0.999243005058 0.999247552126
-2.64428857715e-08 -0.0126461593639 0.999247294097 0.999251593845
-2.58617234469e-08 -0.0126364849012 0.999251583137 0.999255635565
-2.52805611222e-08 -0.0126268107806 0.999255652797 0.999259479661
-2.46993987976e-08 -0.0126171373972 0.999259249807 0.999262897982
-2.41182364729e-08 -0.0126074640137 0.999262846817 0.999266316303
-2.35370741483e-08 -0.0125977906302 0.999266443827 0.999269734624
-2.29559118236e-08 -0.0125881172467 0.999270040837 0.999273152945
-2.2374749499e-08 -0.0125784438633 0.999273637847 0.999276571266
-2.17935871743e-08 -0.0125687706431 0.999277100131 0.999279864863
-2.12124248497e-08 -0.0125590980536 0.999280042038 0.999282676713
-2.0631262525e-08 -0.0125494254641 0.999282983944 0.999285488564
-2.00501002004e-08 -0.0125397528746 0.999285925851 0.999288300415
-1.94689378758e-08 -0.0125300802851 0.999288867757 0.999291112265
-1.88877755511e-08 -0.0125204076956 0.999291809664 0.999293924116
-1.83066132265e-08 -0.0125107351061 0.99929475157 0.999296735967
-1.77254509018e-08 -0.0125010630639 0.999297100138 0.999298986725
-1.71442885772e-08 -0.0124913910503 0.999299417803 0.99930120826
-1.65631262525e-08 -0.0124817190366 0.999301735468 0.999303429795
-1.59819639279e-08 -0.0124720470229 0.999304053133 0.999305651331
-1.54008016032e-08 -0.0124623750092 0.999306370798 0.999307872866
-1.48196392786e-08 -0.0124527029956 0.999308688463 0.999310094401
-1.42384769539e-08 -0.0124430312045 0.999310677481 0.99931199992
-1.36573146293e-08 -0.0124333595968 0.999312395584 0.999313644937
-1.30761523046e-08 -0.0124236879891 0.999314113687 0.999315289955
-1.249498998e-08 -0.0124140163814 0.99931583179 0.999316934972
-1.19138276553e-08 -0.0124043447738 0.999317549893 0.999318579989
-1.13326653307e-08 -0.0123946731661 0.999319267995 0.999320225006
-1.0751503006e-08 -0.0123850015584 0.999320986098 0.999321870023
-1.01703406814e-08 -0.0123753302189 0.999322125612 0.999322951206
-9.58917835671e-09 -0.0123656588807 0.999323262301 0.999324029637
-9.00801603206e-09 -0.0123559875425 0.99932439899 0.999325108067
-8.42685370741e-09 -0.0123463162043 0.999325535679 0.999326186497
-7.84569138277e-09 -0.0123366448661 0.999326672368 0.999327264928
-7.26452905812e-09 -0.0123269735279 0.999327809057 0.999328343358
-6.68336673347e-09 -0.012317302234 0.999328781526 0.999329259964
-6.10220440882e-09 -0.0123076310497 0.999329347887 0.999329776385
-5.52104208417e-09 -0.0122979598653 0.999329914248 0.999330292806
-4.93987975952e-09 -0.012288288681 0.999330480609 0.999330809227
-4.35871743487e-09 -0.0122786174966 0.99933104697 0.999331325649
-3.77755511022e-09 -0.0122689463122 0.999331613331 0.99933184207
-3.19639278557e-09 -0.0122592751279 0.999332179691 0.999332358491
-2.61523046092e-09 -0.0122496039638 0.999332506273 0.999332636265
-2.03406813627e-09 -0.0122399328274 0.999332505659 0.999332588388
-1.45290581162e-09 -0.0122302616909 0.999332505045 0.999332540511
-8.71743486974e-10 -0.0122205905545 0.999332504431 0.999332492634
-2.90581162324e-10 -0.012210919418 0.999332503818 0.999332444757
2.90581162325e-10 -0.0122012482816 0.999332503204 0.99933239688
8.71743486974e-10 -0.0121915771451 0.99933250259 0.999332349003
1.45290581162e-09 -0.0121819059851 0.999332275229 0.999332073211
2.03406813627e-09 -0.0121722347891 0.999331702509 0.999331450283
2.61523046092e-09 -0.0121625635931 0.999331129789 0.999330827356
3.19639278557e-09 -0.0121528923971 0.99933055707 0.999330204428
3.77755511022e-09 -0.0121432212011 0.99932998435 0.9993295815
4.35871743487e-09 -0.0121335500051 0.99932941163 0.999328958573
4.93987975952e-09 -0.0121238788092 0.999328838911 0.999328335645
5.52104208417e-09 -0.012114207576 0.9993281463 0.999327590878
6.10220440882e-09 -0.0121045361982 0.999326987097 0.999326371935
6.68336673347e-09 -0.0120948648204 0.999325827894 0.999325152992
7.26452905812e-09 -0.0120851934425 0.99932466869 0.999323934049
7.84569138277e-09 -0.0120755220647 0.999323509487 0.999322715107
8.42685370742e-09 -0.0120658506869 0.999322350284 0.999321496164
9.00801603206e-09 -0.0120561793091 0.999321191081 0.999320277221
9.58917835671e-09 -0.0120465079313 0.999320031878 0.999319058279
1.01703406814e-08 -0.0120368362695 0.999318357627 0.99931730875
1.0751503006e-08 -0.0120271645549 0.999316587655 0.999315460613
1.13326653307e-08 -0.0120174928403 0.999314817683 0.999313612476
1.19138276553e-08 -0.0120078211257 0.999313047711 0.999311764339
1.249498998e-08 -0.0119981494111 0.999311277739 0.999309916201
1.30761523046e-08 -0.0119884776965 0.999309507766 0.999308068064
1.36573146293e-08 -0.011978805982 0.999307737794 0.999306219927
1.42384769539e-08 -0.0119691340971 0.999305768464 0.999304162651
1.48196392786e-08 -0.0119594618313 0.999303353143 0.999301637506
1.54008016032e-08 -0.0119497895655 0.999300937822 0.999299112361
1.59819639279e-08 -0.0119401172997 0.999298522502 0.999296587216
1.65631262525e-08 -0.011930445034 0.999296107181 0.999294062071
1.71442885772e-08 -0.0119207727682 0.99929369186 0.999291536926
1.77254509018e-08 -0.0119111005024 0.99929127654 0.99928901178
1.83066132265e-08 -0.0119014282366 0.999288861219 0.999286486635
1.88877755511e-08 -0.0118917554523 0.999286033767 0.999283517986
1.94689378758e-08 -0.0118820823184 0.999282928414 0.99928025028
2.00501002004e-08 -0.0118724091845 0.99927982306 0.999276982573
2.06312625251e-08 -0.0118627360506 0.999276717706 0.999273714867
2.12124248497e-08 -0.0118530629167 0.999273612353 0.999270447161
2.17935871743e-08 -0.0118433897828 0.999270506999 0.999267179454
2.2374749499e-08 -0.0118337166489 0.999267401645 0.999263911748
2.29559118236e-08 -0.0118240435149 0.999264296292 0.999260644041
2.35370741483e-08 -0.0118143694239 0.999260667373 0.999256791808
2.41182364729e-08 -0.0118046949306 0.999256818474 0.99925269398
2.46993987976e-08 -0.0117950204374 0.999252969574 0.999248596152
2.52805611222e-08 -0.0117853459441 0.999249120674 0.999244498324
2.58617234469e-08 -0.0117756714509 0.999245271775 0.999240400496
2.64428857715e-08 -0.0117659969577 0.999241422875 0.999236302668
2.70240480962e-08 -0.0117563224644 0.999237573976 0.99923220484
2.76052104208e-08 -0.0117466479712 0.999233725076 0.999228107013
2.81863727455e-08 -0.0117369721351 0.999229374303 0.999223417676
2.87675350701e-08 -0.0117272954944 0.999224722787 0.999218373883
2.93486973948e-08 -0.0117176188537 0.999220071272 0.999213330091
2.99298597194e-08 -0.011707942213 0.999215419756 0.999208286298
3.05110220441e-08 -0.0116982655722 0.99921076824 0.999203242505
3.10921843687e-08 -0.0116885889315 0.999206116724 0.999198198713
3.16733466934e-08 -0.0116789122908 0.999201465208 0.99919315492
3.2254509018e-08 -0.0116692356501 0.999196813692 0.999188111127
3.28356713427e-08 -0.0116595577813 0.999191855593 0.999182675388
3.34168336673e-08 -0.0116498776942 0.99918634372 0.999176531685
3.3997995992e-08 -0.0116401976072 0.999180831847 0.999170387982
3.45791583166e-08 -0.0116305175201 0.999175319974 0.999164244278
3.51603206413e-08 -0.0116208374331 0.999169808101 0.999158100575
3.57414829659e-08 -0.011611157346 0.999164296228 0.999151956871
3.63226452906e-08 -0.011601477259 0.999158784355 0.999145813168
3.69038076152e-08 -0.0115917971719 0.999153272482 0.999139669464
3.74849699399e-08 -0.0115821170848 0.999147760609 0.999133525761
3.80661322645e-08 -0.0115724319678 0.999141442243 0.999126214137
3.86472945892e-08 -0.0115627462469 0.999135027053 0.999118762298
3.92284569138e-08 -0.011553060526 0.999128611864 0.999111310459
3.98096192385e-08 -0.0115433748051 0.999122196674 0.99910385862
4.03907815631e-08 -0.0115336890841 0.999115781484 0.999096406781
4.09719438878e-08 -0.0115240033632 0.999109366295 0.999088954942
4.15531062124e-08 -0.0115143176423 0.999102951105 0.999081503103
4.21342685371e-08 -0.0115046319214 0.999096535915 0.999074051265
4.27154308617e-08 -0.0114949440403 0.999089912214 0.999066231591
4.32965931864e-08 -0.0114852489324 0.999082590954 0.99905718136
4.3877755511e-08 -0.0114755538245 0.999075269694 0.999048131129
4.44589178357e-08 -0.0114658587165 0.999067948434 0.999039080899
4.50400801603e-08 -0.0114561636086 0.999060627175 0.999030030668
4.5621242485e-08 -0.0114464685007 0.999053305915 0.999020980437
4.62024048096e-08 -0.0114367733928 0.999045984655 0.999011930206
4.67835671343e-08 -0.0114270782849 0.999038663396 0.999002879975
4.73647294589e-08 -0.011417383177 0.999031342136 0.998993829745
4.79458917836e-08 -0.0114076822755 0.99902372231 0.998984045119
4.85270541082e-08 -0.0113979712337 0.999015579913 0.998972975106
4.91082164329e-08 -0.0113882601918 0.999007437517 0.998961905092
4.96893787575e-08 -0.01137854915 0.99899929512 0.998950835078
5.02705410822e-08 -0.0113688381081 0.998991152723 0.998939765064
5.08517034068e-08 -0.0113591270663 0.998983010326 0.998928695051
5.14328657315e-08 -0.0113494160244 0.99897486793 0.998917625037
5.20140280561e-08 -0.0113397049826 0.998966725533 0.998906555023
5.25951903808e-08 -0.0113299939407 0.998958583136 0.99889548501
5.31763527054e-08 -0.0113202749581 0.99895027922 0.998883647389
5.37575150301e-08 -0.0113105363855 0.998941576837 0.998869916094
5.43386773547e-08 -0.0113007978129 0.998932874455 0.9988561848
5.49198396794e-08 -0.0112910592404 0.998924172072 0.998842453505
5.5501002004e-08 -0.0112813206678 0.998915469689 0.99882872221
5.60821643287e-08 -0.0112715820952 0.998906767307 0.998814990916
5.66633266533e-08 -0.0112618435227 0.998898064924 0.998801259621
5.7244488978e-08 -0.0112521049501 0.998889362542 0.998787528326
5.78256513026e-08 -0.0112423663775 0.998880660159 0.998773797031
5.84068136273e-08 -0.011232627805 0.998871957776 0.998760065737
5.89879759519e-08 -0.0112228408732 0.99886329862 0.99874264829
5.95691382766e-08 -0.011213053928 0.998854639475 0.998725229815
6.01503006012e-08 -0.0112032669828 0.99884598033 0.998707811341
6.07314629259e-08 -0.0111934800376 0.998837321185 0.998690392867
6.13126252505e-08 -0.0111836930924 0.998828662041 0.998672974392
6.18937875752e-08 -0.0111739061472 0.998820002896 0.998655555918
6.24749498998e-08 -0.011164119202 0.998811343751 0.998638137444
6.30561122244e-08 -0.0111543322568 0.998802684606 0.998620718969
6.36372745491e-08 -0.0111445453115 0.998794025461 0.998603300495
6.42184368737e-08 -0.0111347158398 0.998786007396 0.998583220041
6.47995991984e-08 -0.0111248425348 0.998778650108 0.998560395816
6.5380761523e-08 -0.0111149692299 0.99877129282 0.998537571591
6.59619238477e-08 -0.0111050959249 0.998763935532 0.998514747366
6.65430861723e-08 -0.0110952226199 0.998756578244 0.998491923141
6.7124248497e-08 -0.011085349315 0.998749220956 0.998469098916
6.77054108216e-08 -0.01107547601 0.998741863667 0.998446274691
6.82865731463e-08 -0.0110656027051 0.998734506379 0.998423450466
6.88677354709e-08 -0.0110557294001 0.998727149091 0.998400626241
6.94488977956e-08 -0.0110458560952 0.998719791803 0.998377802016
7.00300601202e-08 -0.0110358635831 0.998715338707 0.998348578943
7.06112224449e-08 -0.0110258337216 0.998711795537 0.998317351017
7.11923847695e-08 -0.0110158038602 0.998708252367 0.99828612309
7.17735470942e-08 -0.0110057739987 0.998704709197 0.998254895163
7.23547094188e-08 -0.0109957441373 0.998701166027 0.998223667236
7.29358717435e-08 -0.0109857142758 0.998697622857 0.99819243931
7.35170340681e-08 -0.0109756844144 0.998694079687 0.998161211383
7.40981963928e-08 -0.0109656545529 0.998690536517 0.998129983456
7.46793587174e-08 -0.0109556246915 0.998686993347 0.99809875553
7.52605210421e-08 -0.0109455948301 0.998683450177 0.998067527603
7.58416833667e-08 -0.0109353341032 0.998686908691 0.998025229683
7.64228456914e-08 -0.0109250161817 0.998692101804 0.99798018928
7.7004008016e-08 -0.0109146982602 0.998697294917 0.997935148877
7.75851703407e-08 -0.0109043803386 0.998702488029 0.997890108475
7.81663326653e-08 -0.0108940624171 0.998707681142 0.997845068072
7.874749499e-08 -0.0108837444956 0.998712874254 0.997800027669
7.93286573146e-08 -0.0108734265741 0.998718067367 0.997754987267
7.99098196393e-08 -0.0108631086526 0.99872326048 0.997709946864
8.04909819639e-08 -0.0108527907311 0.998728453592 0.997664906461
8.10721442886e-08 -0.0108424728095 0.998733646705 0.997619866059
8.16533066132e-08 -0.0108318283862 0.998749969885 0.997560351642
8.22344689379e-08 -0.0108209726564 0.998773496254 0.99749146989
8.28156312625e-08 -0.0108101169267 0.998797022623 0.997422588137
8.33967935872e-08 -0.0107992611969 0.998820548993 0.997353706385
8.39779559118e-08 -0.0107884054671 0.998844075362 0.997284824633
8.45591182365e-08 -0.0107775497374 0.998867601731 0.997215942881
8.51402805611e-08 -0.0107666940076 0.998891128101 0.997147061129
8.57214428858e-08 -0.0107558382778 0.99891465447 0.997078179377
8.63026052104e-08 -0.0107449825481 0.998938180839 0.997009297624
8.68837675351e-08 -0.0107341268183 0.998961707209 0.996940415872
8.74649298597e-08 -0.0107230949931 0.998991648018 0.99686412618
8.80460921844e-08 -0.0107112205573 0.999052281713 0.996752389733
8.8627254509e-08 -0.0106993461215 0.999112915407 0.996640653287
8.92084168337e-08 -0.0106874716856 0.999173549102 0.996528916841
8.97895791583e-08 -0.0106755972498 0.999234182797 0.996417180394
9.0370741483e-08 -0.0106637228139 0.999294816492 0.996305443948
9.09519038076e-08 -0.0106518483781 0.999355450187 0.996193707502
9.15330661323e-08 -0.0106399739423 0.999416083881 0.996081971055
9.21142284569e-08 -0.0106280995064 0.999476717576 0.995970234609
9.26953907816e-08 -0.0106162250706 0.999537351271 0.995858498163
9.32765531062e-08 -0.0106043506348 0.999597984966 0.995746761716
9.38577154309e-08 -0.0105915108677 0.999695185911 0.995595792917
9.44388777555e-08 -0.0105776787466 0.999829977738 0.995404493527
9.50200400802e-08 -0.0105638466256 0.999964769566 0.995213194138
9.56012024048e-08 -0.0105500145046 1.00009956139 0.995021894748
9.61823647295e-08 -0.0105361823836 1.00023435322 0.994830595358
9.67635270541e-08 -0.0105223502625 1.00036914505 0.994639295969
9.73446893788e-08 -0.0105085181415 1.00050393688 0.994447996579
9.79258517034e-08 -0.0104946860205 1.0006387287 0.99425669719
9.85070140281e-08 -0.0104808538994 1.00077352053 0.9940653978
9.90881763527e-08 -0.0104670217784 1.00090831236 0.993874098411
9.96693386774e-08 -0.0104531896574 1.00104310419 0.993682799021
1.00250501002e-07 -0.0104372121621 1.00126121447 0.993406363792
1.00831663327e-07 -0.0104195628464 1.0015442521 0.993063584975
1.01412825651e-07 -0.0104019135308 1.00182728974 0.992720806158
1.01993987976e-07 -0.0103842642152 1.00211032738 0.992378027342
1.02575150301e-07 -0.0103666148995 1.00239336502 0.992035248525
1.03156312625e-07 -0.0103489655839 1.00267640265 0.991692469709
1.0373747495e-07 -0.0103313162682 1.00295944029 0.991349690892
1.04318637275e-07 -0.0103136669526 1.00324247793 0.991006912075
1.04899799599e-07 -0.010296017637 1.00352551557 0.990664133259
1.05480961924e-07 -0.0102783683213 1.0038085532 0.990321354442
1.06062124248e-07 -0.0102607190057 1.00409159084 0.989978575625
1.06643286573e-07 -0.0102402468301 1.00448640011 0.989525967702
1.07224448898e-07 -0.0102150445214 1.00506849982 0.988889324331
1.07805611222e-07 -0.0101898422126 1.00565059953 0.98825268096
1.08386773547e-07 -0.0101646399039 1.00623269924 0.987616037589
1.08967935872e-07 -0.0101394375951 1.00681479895 0.986979394218
1.09549098196e-07 -0.0101142352864 1.00739689867 0.986342750847
1.10130260521e-07 -0.0100890329777 1.00797899838 0.985706107475
1.10711422846e-07 -0.0100638306689 1.00856109809 0.985069464104
1.1129258517e-07 -0.0100386283602 1.0091431978 0.984432820733
1.11873747495e-07 -0.0100134260515 1.00972529751 0.983796177362
1.1245490982e-07 -0.00998822374272 1.01030739722 0.983159533991
1.13036072144e-07 -0.00996302143398 1.01088949693 0.98252289062
1.13617234469e-07 -0.00992383043697 1.01203762491 0.981354262525
1.14198396794e-07 -0.0098834589803 1.01323351816 0.980140741979
1.14779559118e-07 -0.00984308752363 1.01442941142 0.978927221433
1.15360721443e-07 -0.00980271606696 1.01562530467 0.977713700886
1.15941883768e-07 -0.00976234461029 1.01682119793 0.97650018034
1.16523046092e-07 -0.00972197315363 1.01801709118 0.975286659794
1.17104208417e-07 -0.00968160169696 1.01921298443 0.974073139247
1.17685370741e-07 -0.00964123024029 1.02040887769 0.972859618701
1.18266533066e-07 -0.00960085878362 1.02160477094 0.971646098154
1.18847695391e-07 -0.00956048732695 1.02280066419 0.970432577608
1.19428857715e-07 -0.00952011587028 1.02399655745 0.969219057062
1.2001002004e-07 -0.00947352238597 1.02545308192 0.967777356145
1.20591182365e-07 -0.00940221910732 1.02794466185 0.965429473136
1.21172344689e-07 -0.00933091582867 1.03043624178 0.963081590127
1.21753507014e-07 -0.00925961255002 1.03292782172 0.960733707117
1.22334669339e-07 -0.00918830927137 1.03541940165 0.958385824108
1.22915831663e-07 -0.00911700599272 1.03791098159 0.956037941099
1.23496993988e-07 -0.00904570271407 1.04040256152 0.95369005809
1.24078156313e-07 -0.00897439943542 1.04289414146 0.95134217508
1.24659318637e-07 -0.00890309615677 1.04538572139 0.948994292071
1.25240480962e-07 -0.00883179287812 1.04787730132 0.946646409062
1.25821643287e-07 -0.00876048959948 1.05036888126 0.944298526053
1.26402805611e-07 -0.00868918632083 1.05286046119 0.941950643044
1.26983967936e-07 -0.00860479106869 1.05593803671 0.939154792375
1.27565130261e-07 -0.00846941131794 1.06129767393 0.934614406663
1.28146292585e-07 -0.00833403156719 1.06665731115 0.930074020952
1.2872745491e-07 -0.00819865181645 1.07201694837 0.92553363524
1.29308617234e-07 -0.0080632720657 1.07737658559 0.920993249529
1.29889779559e-07 -0.00792789231495 1.0827362228 0.916452863817
1.30470941884e-07 -0.0077925125642 1.08809586002 0.911912478106
1.31052104208e-07 -0.00765713281345 1.09345549724 0.907372092394
1.31633266533e-07 -0.00752175306271 1.09881513446 0.902831706683
1.32214428858e-07 -0.00738637331196 1.10417477167 0.898291320971
1.32795591182e-07 -0.00725099356121 1.10953440889 0.89375093526
1.33376753507e-07 -0.00711561381046 1.11489404611 0.889210549548
1.33957915832e-07 -0.00698023405971 1.12025368333 0.884670163837
1.34539078156e-07 -0.00671990207774 1.13201891219 0.876426936531
1.35120240481e-07 -0.00644946586706 1.14430212751 0.867884279931
1.35701402806e-07 -0.00617902965637 1.15658534282 0.859341623331
1.3628256513e-07 -0.00590859344568 1.16886855814 0.85079896673
1.36863727455e-07 -0.00563815723499 1.18115177345 0.84225631013
1.3744488978e-07 -0.0053677210243 1.19343498877 0.83371365353
1.38026052104e-07 -0.00509728481361 1.20571820408 0.82517099693
1.38607214429e-07 -0.00482684860292 1.2180014194 0.81662834033
1.39188376754e-07 -0.00455641239223 1.23028463471 0.80808568373
1.39769539078e-07 -0.00428597618154 1.24256785003 0.79954302713
1.40350701403e-07 -0.00401553997085 1.25485106534 0.79100037053
1.40931863727e-07 -0.00374510376016 1.26713428066 0.78245771393
1.41513026052e-07 -0.00337062831834 1.28564144463 0.771334296095
1.42094188377e-07 -0.00280885693195 1.31535323142 0.755564879747
1.42675350701e-07 -0.00224708554556 1.3450650182 0.739795463399
1.43256513026e-07 -0.00168531415917 1.37477680499 0.72402604705
1.43837675351e-07 -0.00112354277278 1.40448859178 0.708256630702
1.44418837675e-07 -0.00056177138639 1.43420037856 0.692487214353
1.45e-07 0 1.46391216535 0.676717798005
