-1.45e-07 0 	0 	-1969534.53241 	
-1.44418837675e-07 -6.99484055757e-13 	6.99484055757e-13 	-1848815.29906 	
-1.43837675351e-07 -1.33413728528e-12 	1.33413728528e-12 	-1732297.87684 	
-1.43256513026e-07 0 	0 	-1625422.32541 	
-1.42675350701e-07 -1.40166260694e-13 	1.40166260694e-13 	-1525457.97477 	
-1.42094188377e-07 -3.63665055436e-12 	3.63665055436e-12 	-1430907.18774 	
-1.41513026052e-07 0 	0 	-1342838.24843 	
-1.40931863727e-07 0 	0 	-1261518.76601 	
-1.40350701403e-07 0 	0 	-1183768.57264 	
-1.39769539078e-07 0 	0 	-1112129.64207 	
-1.39188376754e-07 0 	0 	-1044845.87433 	
-1.38607214429e-07 0 	0 	-980594.663843 	
-1.38026052104e-07 0 	0 	-922320.029905 	
-1.3744488978e-07 0 	0 	-865372.624285 	
-1.36863727455e-07 -9.81768176599e-14 	9.81768176599e-14 	-814346.496683 	
-1.3628256513e-07 -4.89977085422e-13 	4.89977085422e-13 	-764382.162931 	
-1.35701402806e-07 0 	0 	-719229.594488 	
-1.35120240481e-07 0 	0 	-675166.641845 	
-1.34539078156e-07 0 	0 	-635417.351582 	
-1.33957915832e-07 0 	0 	-596298.198673 	
-1.33376753507e-07 0 	0 	-561498.155381 	
-1.32795591182e-07 0 	0 	-526698.112088 	
-1.32214428858e-07 0 	0 	-496198.435025 	
-1.31633266533e-07 0 	0 	-465909.998224 	
-1.31052104208e-07 0 	0 	-438380.591116 	
-1.30470941884e-07 0 	0 	-412183.045905 	
-1.29889779559e-07 0 	0 	-387040.432877 	
-1.29308617234e-07 -3.28450681775e-14 	3.28450681775e-14 	-364530.834628 	
-1.2872745491e-07 -5.4763001463e-13 	5.4763001463e-13 	-342021.236379 	
-1.28146292585e-07 -2.42179222157e-13 	2.42179222157e-13 	-322097.720976 	
-1.27565130261e-07 -3.36575865354e-13 	3.36575865354e-13 	-302891.955806 	
-1.26983967936e-07 -7.52184168204e-13 	7.52184168204e-13 	-284153.649541 	
-1.26402805611e-07 -1.16717506708e-13 	1.16717506708e-13 	-267887.609848 	
-1.25821643287e-07 0 	0 	-251621.570156 	
-1.25240480962e-07 0 	0 	-236417.732262 	
-1.24659318637e-07 -2.32537033451e-15 	2.32537033451e-15 	-222748.506274 	
-1.24078156313e-07 -1.32884980583e-12 	1.32884980583e-12 	-209079.280286 	
-1.23496993988e-07 -1.20065890877e-12 	1.20065890877e-12 	-196609.060066 	
-1.22915831663e-07 0 	0 	-185216.038979 	
-1.22334669339e-07 0 	0 	-173823.017892 	
-1.21753507014e-07 0 	0 	-163430.886428 	
-1.21172344689e-07 0 	0 	-154016.702377 	
-1.20591182365e-07 0 	0 	-144602.518327 	
-1.2001002004e-07 0 	0 	-135767.301646 	
-1.19428857715e-07 0 	0 	-128058.523773 	
-1.18847695391e-07 0 	0 	-120349.745899 	
-1.18266533066e-07 0 	0 	-112671.318989 	
-1.17685370741e-07 0 	0 	-106418.852067 	
-1.17104208417e-07 -1.24547987673e-13 	1.24547987673e-13 	-100166.385145 	
-1.16523046092e-07 -5.10699173967e-13 	5.10699173967e-13 	-93913.918223 	
-1.15941883768e-07 -4.6402723431e-13 	4.6402723431e-13 	-88329.6301721 	
-1.15360721443e-07 -8.90535799695e-14 	8.90535799695e-14 	-83308.7794799 	
-1.14779559118e-07 -2.60272522611e-13 	2.60272522611e-13 	-78287.9287878 	
-1.14198396794e-07 -6.01610356767e-13 	6.01610356767e-13 	-73267.0780957 	
-1.13617234469e-07 -3.22436646474e-13 	3.22436646474e-13 	-69170.9129128 	
-1.13036072144e-07 -1.41756028496e-14 	1.41756028496e-14 	-65181.099042 	
-1.1245490982e-07 -4.6862144313e-13 	4.6862144313e-13 	-61191.2851712 	
-1.11873747495e-07 -8.36084414104e-13 	8.36084414104e-13 	-57266.1774425 	
-1.1129258517e-07 -3.91274902025e-13 	3.91274902025e-13 	-54130.3041575 	
-1.10711422846e-07 0 	0 	-50994.4308726 	
-1.10130260521e-07 0 	0 	-47858.5575876 	
-1.09549098196e-07 0 	0 	-44772.2367785 	
-1.08967935872e-07 0 	0 	-42335.7329254 	
-1.08386773547e-07 0 	0 	-39899.2290724 	
-1.07805611222e-07 0 	0 	-37462.7252193 	
-1.07224448898e-07 0 	0 	-35026.2213663 	
-1.06643286573e-07 0 	0 	-33084.0392241 	
-1.06062124248e-07 0 	0 	-31213.6109631 	
-1.05480961924e-07 0 	0 	-29343.1827021 	
-1.04899799599e-07 0 	0 	-27472.7544411 	
-1.04318637275e-07 0 	0 	-25816.6965135 	
-1.0373747495e-07 0 	0 	-24398.8382363 	
-1.03156312625e-07 -4.32740596188e-14 	4.32740596188e-14 	-22980.979959 	
-1.02575150301e-07 -2.38016080562e-13 	2.38016080562e-13 	-21563.1216817 	
-1.01993987976e-07 -4.32758101504e-13 	4.32758101504e-13 	-20145.2634044 	
-1.01412825651e-07 -2.88834994523e-13 	2.88834994523e-13 	-19035.4456475 	
-1.00831663327e-07 -9.59387914543e-14 	9.59387914543e-14 	-17974.7663272 	
-1.00250501002e-07 0 	0 	-16914.0870069 	
-9.96693386774e-08 0 	0 	-15853.4076866 	
-9.90881763527e-08 0 	0 	-14800.8817781 	
-9.85070140281e-08 0 	0 	-14018.3080555 	
-9.79258517034e-08 0 	0 	-13235.734333 	
-9.73446893788e-08 -1.76418398639e-13 	1.76418398639e-13 	-12453.1606105 	
-9.67635270541e-08 -4.93720510808e-13 	4.93720510808e-13 	-11670.586888 	
-9.61823647295e-08 -8.11022622978e-13 	8.11022622978e-13 	-10888.0131655 	
-9.56012024048e-08 -5.13795531615e-13 	5.13795531615e-13 	-10311.1757535 	
-9.50200400802e-08 -1.98322049102e-13 	1.98322049102e-13 	-9742.09384135 	
-9.44388777555e-08 -2.14169046924e-13 	2.14169046924e-13 	-9173.01192918 	
-9.38577154309e-08 -7.908982692e-13 	7.908982692e-13 	-8603.93001702 	
-9.32765531062e-08 -1.36762749147e-12 	1.36762749147e-12 	-8034.84810485 	
-9.26953907816e-08 -1.18442805874e-12 	1.18442805874e-12 	-7571.42173919 	
-9.21142284569e-08 -6.10227350719e-13 	6.10227350719e-13 	-7163.8174818 	
-9.15330661323e-08 -3.6026642694e-14 	3.6026642694e-14 	-6756.21322442 	
-9.09519038076e-08 -2.43938874051e-13 	2.43938874051e-13 	-6348.60896703 	
-9.0370741483e-08 -5.04207592331e-13 	5.04207592331e-13 	-5941.00470964 	
-8.97895791583e-08 -7.15541691221e-13 	7.15541691221e-13 	-5544.16152152 	
-8.92084168337e-08 -4.56126437834e-13 	4.56126437834e-13 	-5256.81224646 	
-8.8627254509e-08 -1.96711184448e-13 	1.96711184448e-13 	-4969.46297139 	
-8.80460921844e-08 -1.71757725324e-13 	1.71757725324e-13 	-4682.11369632 	
-8.74649298597e-08 -8.82342773313e-13 	8.82342773313e-13 	-4394.76442126 	
-8.68837675351e-08 -1.5929278213e-12 	1.5929278213e-12 	-4107.41514619 	
-8.63026052104e-08 -1.93370608669e-12 	1.93370608669e-12 	-3842.70434689 	
-8.57214428858e-08 -1.22483369215e-12 	1.22483369215e-12 	-3643.46805349 	
-8.51402805611e-08 -5.15961297598e-13 	5.15961297598e-13 	-3444.23176009 	
-8.45591182365e-08 0 	0 	-3244.99546669 	
-8.39779559118e-08 0 	0 	-3045.75917328 	
-8.33967935872e-08 0 	0 	-2846.52287988 	
-8.28156312625e-08 0 	0 	-2656.41052982 	
-8.22344689379e-08 0 	0 	-2520.64827372 	
-8.16533066132e-08 0 	0 	-2384.88601763 	
-8.10721442886e-08 0 	0 	-2249.12376153 	
-8.04909819639e-08 0 	0 	-2113.36150543 	
-7.99098196393e-08 0 	0 	-1977.59924933 	
-7.93286573146e-08 0 	0 	-1841.83699323 	
-7.874749499e-08 0 	0 	-1739.15477153 	
-7.81663326653e-08 0 	0 	-1648.31160977 	
-7.75851703407e-08 0 	0 	-1557.46844801 	
-7.7004008016e-08 -4.0529768794e-14 	4.0529768794e-14 	-1466.62528626 	
-7.64228456914e-08 -1.29114786126e-13 	1.29114786126e-13 	-1375.7821245 	
-7.58416833667e-08 -2.17699803458e-13 	2.17699803458e-13 	-1284.93896274 	
-7.52605210421e-08 -3.02331098589e-13 	3.02331098589e-13 	-1194.74647566 	
-7.46793587174e-08 -2.13821947012e-13 	2.13821947012e-13 	-1135.10580425 	
-7.40981963928e-08 -1.25312795434e-13 	1.25312795434e-13 	-1075.46513284 	
-7.35170340681e-08 -3.6803643857e-14 	3.6803643857e-14 	-1015.82446144 	
-7.29358717435e-08 -4.81014072087e-14 	4.81014072087e-14 	-956.18379003 	
-7.23547094188e-08 -1.30441082988e-13 	1.30441082988e-13 	-896.543118624 	
-7.17735470942e-08 -2.12780758768e-13 	2.12780758768e-13 	-836.902447217 	
-7.11923847695e-08 -2.95120434547e-13 	2.95120434547e-13 	-777.261775811 	
-7.06112224449e-08 -2.15592407678e-13 	2.15592407678e-13 	-738.498882495 	
-7.00300601202e-08 -1.33300729263e-13 	1.33300729263e-13 	-700.115150438 	
-6.94488977956e-08 -5.10090508489e-14 	5.10090508489e-14 	-661.73141838 	
-6.88677354709e-08 0 	0 	-623.347686323 	
-6.82865731463e-08 0 	0 	-584.963954265 	
-6.77054108216e-08 0 	0 	-546.580222208 	
-6.7124248497e-08 0 	0 	-508.19649015 	
-6.65430861723e-08 0 	0 	-478.395092019 	
-6.59619238477e-08 0 	0 	-454.201277882 	
-6.5380761523e-08 0 	0 	-430.007463744 	
-6.47995991984e-08 0 	0 	-405.813649606 	
-6.42184368737e-08 -1.11987644441e-13 	1.11987644441e-13 	-381.619835469 	
-6.36372745491e-08 -2.46994658748e-13 	2.46994658748e-13 	-357.426021331 	
-6.30561122244e-08 -3.82001673055e-13 	3.82001673055e-13 	-333.232207193 	
-6.24749498998e-08 -5.17008687363e-13 	5.17008687363e-13 	-309.038393056 	
-6.18937875752e-08 -4.16315690757e-13 	4.16315690757e-13 	-292.935628598 	
-6.13126252505e-08 -2.81342768888e-13 	2.81342768888e-13 	-278.0149241 	
-6.07314629259e-08 -1.46369847019e-13 	1.46369847019e-13 	-263.094219602 	
-6.01503006012e-08 -1.13969251496e-14 	1.13969251496e-14 	-248.173515104 	
-5.95691382766e-08 0 	0 	-233.252810606 	
-5.89879759519e-08 0 	0 	-218.332106108 	
-5.84068136273e-08 0 	0 	-203.411401609 	
-5.78256513026e-08 0 	0 	-188.490697111 	
-5.7244488978e-08 0 	0 	-178.123030278 	
-5.66633266533e-08 0 	0 	-169.129120227 	
-5.60821643287e-08 0 	0 	-160.135210175 	
-5.5501002004e-08 0 	0 	-151.141300124 	
-5.49198396794e-08 0 	0 	-142.147390072 	
-5.43386773547e-08 0 	0 	-133.15348002 	
-5.37575150301e-08 0 	0 	-124.159569969 	
-5.31763527054e-08 0 	0 	-115.165659917 	
-5.25951903808e-08 0 	0 	-107.185747736 	
-5.20140280561e-08 0 	0 	-101.892927257 	
-5.14328657315e-08 0 	0 	-96.6001067771 	
-5.08517034068e-08 0 	0 	-91.3072862976 	
-5.02705410822e-08 0 	0 	-86.0144658182 	
-4.96893787575e-08 -9.32383366551e-14 	9.32383366551e-14 	-80.7216453387 	
-4.91082164329e-08 -1.93810174059e-13 	1.93810174059e-13 	-75.4288248593 	
-4.85270541082e-08 -2.94382011462e-13 	2.94382011462e-13 	-70.1360043798 	
-4.79458917836e-08 -3.94953848866e-13 	3.94953848866e-13 	-64.8431839003 	
-4.73647294589e-08 -4.20867020224e-13 	4.20867020224e-13 	-60.3873835579 	
-4.67835671343e-08 -3.20301058423e-13 	3.20301058423e-13 	-57.3503866057 	
-4.62024048096e-08 -2.19735096622e-13 	2.19735096622e-13 	-54.3133896535 	
-4.5621242485e-08 -1.19169134821e-13 	1.19169134821e-13 	-51.2763927013 	
-4.50400801603e-08 -1.86031730202e-14 	1.86031730202e-14 	-48.2393957491 	
-4.44589178357e-08 0 	0 	-45.202398797 	
-4.3877755511e-08 0 	0 	-42.1654018448 	
-4.32965931864e-08 0 	0 	-39.1284048926 	
-4.27154308617e-08 0 	0 	-36.0914079404 	
-4.21342685371e-08 0 	0 	-33.107733923 	
-4.15531062124e-08 0 	0 	-31.4112908978 	
-4.09719438878e-08 0 	0 	-29.7148478725 	
-4.03907815631e-08 0 	0 	-28.0184048473 	
-3.98096192385e-08 0 	0 	-26.3219618221 	
-3.92284569138e-08 0 	0 	-24.6255187968 	
-3.86472945892e-08 0 	0 	-22.9290757716 	
-3.80661322645e-08 0 	0 	-21.2326327464 	
-3.74849699399e-08 0 	0 	-19.5361897211 	
-3.69038076152e-08 0 	0 	-17.8397466959 	
-3.63226452906e-08 0 	0 	-16.3446861964 	
-3.57414829659e-08 0 	0 	-15.4241394274 	
-3.51603206413e-08 0 	0 	-14.5035926584 	
-3.45791583166e-08 0 	0 	-13.5830458894 	
-3.3997995992e-08 0 	0 	-12.6624991204 	
-3.34168336673e-08 -9.65466515986e-15 	9.65466515986e-15 	-11.7419523514 	
-3.28356713427e-08 -4.758181446e-14 	4.758181446e-14 	-10.8214055824 	
-3.2254509018e-08 -8.55089637601e-14 	8.55089637601e-14 	-9.90085881343 	
-3.16733466934e-08 -1.2343611306e-13 	1.2343611306e-13 	-8.98031204444 	
-3.10921843687e-08 -1.6136326236e-13 	1.6136326236e-13 	-8.05976527545 	
-3.05110220441e-08 -1.98624208662e-13 	1.98624208662e-13 	-7.14304731951 	
-2.99298597194e-08 -1.60697354542e-13 	1.60697354542e-13 	-6.65946558809 	
-2.93486973948e-08 -1.22770500422e-13 	1.22770500422e-13 	-6.17588385668 	
-2.87675350701e-08 -8.48436463012e-14 	8.48436463012e-14 	-5.69230212527 	
-2.81863727455e-08 -4.69167921808e-14 	4.69167921808e-14 	-5.20872039385 	
-2.76052104208e-08 -8.98993806046e-15 	8.98993806046e-15 	-4.72513866244 	
-2.70240480962e-08 -1.05364887863e-13 	1.05364887863e-13 	-4.24155693103 	
-2.64428857715e-08 -2.43463872672e-13 	2.43463872672e-13 	-3.75797519961 	
-2.58617234469e-08 -3.81562857481e-13 	3.81562857481e-13 	-3.2743934682 	
-2.52805611222e-08 -5.1966184229e-13 	5.1966184229e-13 	-2.79081173678 	
-2.46993987976e-08 -6.57760827099e-13 	6.57760827099e-13 	-2.30723000537 	
-2.41182364729e-08 -7.22726833199e-13 	7.22726833199e-13 	-1.88702413012 	
-2.35370741483e-08 -5.84628152669e-13 	5.84628152669e-13 	-1.64279630246 	
-2.29559118236e-08 -4.4652947214e-13 	4.4652947214e-13 	-1.39856847479 	
-2.2374749499e-08 -3.0843079161e-13 	3.0843079161e-13 	-1.15434064713 	
-2.17935871743e-08 -1.7033211108e-13 	1.7033211108e-13 	-0.910112819463 	
-2.12124248497e-08 -3.22334305509e-14 	3.22334305509e-14 	-0.665884991799 	
-2.0631262525e-08 0 	0 	-0.421657164135 	
-2.00501002004e-08 0 	0 	-0.177429336471 	
-1.94689378758e-08 0 	0 	0.0667984911934 	
-1.88877755511e-08 0 	0 	0.311026318858 	
-1.83066132265e-08 0 	0 	0.555254146522 	
-1.77254509018e-08 0 	0 	0.798987577505 	
-1.71442885772e-08 0 	0 	0.915422633474 	
-1.65631262525e-08 0 	0 	1.03185768944 	
-1.59819639279e-08 0 	0 	1.14829274541 	
-1.54008016032e-08 0 	0 	1.26472780138 	
-1.48196392786e-08 0 	0 	1.38116285735 	
-1.42384769539e-08 -1.37977302596e-14 	1.37977302596e-14 	1.49759791332 	
-1.36573146293e-08 -7.10150238177e-14 	7.10150238177e-14 	1.61403296929 	
-1.30761523046e-08 -1.28232317376e-13 	1.28232317376e-13 	1.73046802525 	
-1.249498998e-08 -1.85449610934e-13 	1.85449610934e-13 	1.84690308122 	
-1.19138276553e-08 -2.42666904492e-13 	2.42666904492e-13 	1.96333813719 	
-1.13326653307e-08 -2.9988419805e-13 	2.9988419805e-13 	2.07977319316 	
-1.0751503006e-08 -3.34082648872e-13 	3.34082648872e-13 	2.1826506268 	
-1.01703406814e-08 -2.7686519695e-13 	2.7686519695e-13 	2.23168878486 	
-9.58917835671e-09 -2.19647745028e-13 	2.19647745028e-13 	2.28072694292 	
-9.00801603206e-09 -1.62430293106e-13 	1.62430293106e-13 	2.32976510098 	
-8.42685370741e-09 -1.05212841184e-13 	1.05212841184e-13 	2.37880325904 	
-7.84569138277e-09 -4.79953892624e-14 	4.79953892624e-14 	2.4278414171 	
-7.26452905812e-09 -8.3948268362e-15 	8.3948268362e-15 	2.47687957516 	
-6.68336673347e-09 -6.04797690698e-14 	6.04797690698e-14 	2.52591773322 	
-6.10220440882e-09 -1.12564711303e-13 	1.12564711303e-13 	2.57495589128 	
-5.52104208417e-09 -1.64649653537e-13 	1.64649653537e-13 	2.62399404934 	
-4.93987975952e-09 -2.16734595771e-13 	2.16734595771e-13 	2.6730322074 	
-4.35871743487e-09 -2.68819538004e-13 	2.68819538004e-13 	2.72207036546 	
-3.77755511022e-09 -3.20904480238e-13 	3.20904480238e-13 	2.77110852352 	
-3.19639278557e-09 -2.86468228362e-13 	2.86468228362e-13 	2.78968735361 	
-2.61523046092e-09 -2.34383095932e-13 	2.34383095932e-13 	2.80205349914 	
-2.03406813627e-09 -1.82297963503e-13 	1.82297963503e-13 	2.81441964467 	
-1.45290581162e-09 -1.30212831074e-13 	1.30212831074e-13 	2.8267857902 	
-8.71743486974e-10 -7.81276986441e-14 	7.81276986441e-14 	2.83915193573 	
-2.90581162324e-10 -2.60425662147e-14 	2.60425662147e-14 	2.85151808126 	
2.90581162325e-10 0 	0 	2.86388422679 	
8.71743486974e-10 0 	0 	2.87625037232 	
1.45290581162e-09 0 	0 	2.88861651785 	
2.03406813627e-09 0 	0 	2.90098266338 	
2.61523046092e-09 0 	0 	2.91334880891 	
3.19639278557e-09 0 	0 	2.92571495444 	
3.77755511022e-09 0 	0 	2.9338470507 	
4.35871743487e-09 0 	0 	2.92122060138 	
4.93987975952e-09 0 	0 	2.90859415206 	
5.52104208417e-09 0 	0 	2.89596770274 	
6.10220440882e-09 0 	0 	2.88334125342 	
6.68336673347e-09 0 	0 	2.8707148041 	
7.26452905812e-09 0 	0 	2.85808835478 	
7.84569138277e-09 -2.40862749772e-13 	2.40862749772e-13 	2.84546190546 	
8.42685370742e-09 -5.28006015336e-13 	5.28006015336e-13 	2.83283545614 	
9.00801603206e-09 -8.15149280901e-13 	8.15149280901e-13 	2.82020900682 	
9.58917835671e-09 -1.10229254647e-12 	1.10229254647e-12 	2.8075825575 	
1.01703406814e-08 -1.38943581203e-12 	1.38943581203e-12 	2.79495610818 	
1.0751503006e-08 -1.67657907759e-12 	1.67657907759e-12 	2.78232965885 	
1.13326653307e-08 -1.50496513221e-12 	1.50496513221e-12 	2.74811529854 	
1.19138276553e-08 -1.21782085344e-12 	1.21782085344e-12 	2.70846474428 	
1.249498998e-08 -9.30676574667e-13 	9.30676574667e-13 	2.66881419002 	
1.30761523046e-08 -6.43532295894e-13 	6.43532295894e-13 	2.62916363576 	
1.36573146293e-08 -3.5638801712e-13 	3.5638801712e-13 	2.5895130815 	
1.42384769539e-08 -6.92437383473e-14 	6.92437383473e-14 	2.54986252724 	
1.48196392786e-08 0 	0 	2.51021197298 	
1.54008016032e-08 0 	0 	2.47056141872 	
1.59819639279e-08 0 	0 	2.43091086446 	
1.65631262525e-08 0 	0 	2.3912603102 	
1.71442885772e-08 0 	0 	2.35160975594 	
1.77254509018e-08 0 	0 	2.31195920168 	
1.83066132265e-08 0 	0 	2.23040164278 	
1.88877755511e-08 0 	0 	2.14868132702 	
1.94689378758e-08 0 	0 	2.06696101126 	
2.00501002004e-08 0 	0 	1.9852406955 	
2.06312625251e-08 0 	0 	1.90352037974 	
2.12124248497e-08 0 	0 	1.82180006398 	
2.17935871743e-08 0 	0 	1.74007974822 	
2.2374749499e-08 0 	0 	1.65835943246 	
2.29559118236e-08 0 	0 	1.5766391167 	
2.35370741483e-08 0 	0 	1.49491880093 	
2.41182364729e-08 0 	0 	1.41319848517 	
2.46993987976e-08 0 	0 	1.27660223909 	
2.52805611222e-08 0 	0 	1.12024324921 	
2.58617234469e-08 0 	0 	0.963884259337 	
2.64428857715e-08 0 	0 	0.807525269462 	
2.70240480962e-08 0 	0 	0.651166279587 	
2.76052104208e-08 -8.99009106429e-15 	8.99009106429e-15 	0.494807289712 	
2.81863727455e-08 -4.69175906789e-14 	4.69175906789e-14 	0.338448299837 	
2.87675350701e-08 -8.48450902934e-14 	8.48450902934e-14 	0.182089309962 	
2.93486973948e-08 -1.22772589908e-13 	1.22772589908e-13 	0.0257303200869 	
2.99298597194e-08 -1.60700089523e-13 	1.60700089523e-13 	-0.130628669788 	
3.05110220441e-08 -1.98627589137e-13 	1.98627589137e-13 	-0.286987659663 	
3.10921843687e-08 -1.61364706051e-13 	1.61364706051e-13 	-0.576517609685 	
3.16733466934e-08 -1.23437217423e-13 	1.23437217423e-13 	-0.867224756815 	
3.2254509018e-08 -8.55097287947e-14 	8.55097287947e-14 	-1.15793190394 	
3.28356713427e-08 -4.75822401666e-14 	4.75822401666e-14 	-1.44863905107 	
3.34168336673e-08 -9.65475153854e-15 	9.65475153854e-15 	-1.7393461982 	
3.3997995992e-08 0 	0 	-2.03005334533 	
3.45791583166e-08 0 	0 	-2.32076049246 	
3.51603206413e-08 0 	0 	-2.61146763959 	
3.57414829659e-08 0 	0 	-2.90217478672 	
3.63226452906e-08 0 	0 	-3.19288193385 	
3.69038076152e-08 0 	0 	-3.65955631137 	
3.74849699399e-08 0 	0 	-4.18791193932 	
3.80661322645e-08 0 	0 	-4.71626756728 	
3.86472945892e-08 0 	0 	-5.24462319524 	
3.92284569138e-08 0 	0 	-5.77297882319 	
3.98096192385e-08 0 	0 	-6.30133445115 	
4.03907815631e-08 0 	0 	-6.82969007911 	
4.09719438878e-08 0 	0 	-7.35804570706 	
4.15531062124e-08 0 	0 	-7.88640133502 	
4.21342685371e-08 0 	0 	-8.41475696298 	
4.27154308617e-08 0 	0 	-9.33694914805 	
4.32965931864e-08 0 	0 	-10.2754558262 	
4.3877755511e-08 0 	0 	-11.2139625043 	
4.44589178357e-08 0 	0 	-12.1524691824 	
4.50400801603e-08 -9.35278133524e-14 	9.35278133524e-14 	-13.0909758605 	
4.5621242485e-08 -5.9912513778e-13 	5.9912513778e-13 	-14.0294825386 	
4.62024048096e-08 -1.10472246221e-12 	1.10472246221e-12 	-14.9679892167 	
4.67835671343e-08 -1.61031978663e-12 	1.61031978663e-12 	-15.9064958948 	
4.73647294589e-08 -2.11591711106e-12 	2.11591711106e-12 	-16.8450025729 	
4.79458917836e-08 -1.98548973212e-12 	1.98548973212e-12 	-18.2174572596 	
4.85270541082e-08 -1.47990065866e-12 	1.47990065866e-12 	-19.8459186799 	
4.91082164329e-08 -9.74311585209e-13 	9.74311585209e-13 	-21.4743801003 	
4.96893787575e-08 -4.68722511756e-13 	4.68722511756e-13 	-23.1028415207 	
5.02705410822e-08 -4.02756123246e-15 	4.02756123246e-15 	-24.731302941 	
5.08517034068e-08 -5.92616502836e-14 	5.92616502836e-14 	-26.3597643614 	
5.14328657315e-08 -1.14495739335e-13 	1.14495739335e-13 	-27.9882257818 	
5.20140280561e-08 -1.69729828386e-13 	1.69729828386e-13 	-29.6166872021 	
5.25951903808e-08 -2.24963917437e-13 	2.24963917437e-13 	-31.2451486225 	
5.31763527054e-08 -1.99989359774e-13 	1.99989359774e-13 	-33.6953802871 	
5.37575150301e-08 -1.44756857251e-13 	1.44756857251e-13 	-36.4557142372 	
5.43386773547e-08 -8.95243547276e-14 	8.95243547276e-14 	-39.2160481872 	
5.49198396794e-08 -3.42918522044e-14 	3.42918522044e-14 	-41.9763821372 	
5.5501002004e-08 0 	0 	-44.7367160873 	
5.60821643287e-08 0 	0 	-47.4970500373 	
5.66633266533e-08 0 	0 	-50.2573839873 	
5.7244488978e-08 0 	0 	-53.0177179374 	
5.78256513026e-08 0 	0 	-56.1981596928 	
5.84068136273e-08 0 	0 	-60.7709633913 	
5.89879759519e-08 0 	0 	-65.3437670898 	
5.95691382766e-08 0 	0 	-69.9165707882 	
6.01503006012e-08 0 	0 	-74.4893744867 	
6.07314629259e-08 0 	0 	-79.0621781852 	
6.13126252505e-08 0 	0 	-83.6349818837 	
6.18937875752e-08 0 	0 	-88.2077855821 	
6.24749498998e-08 0 	0 	-93.1420690864 	
6.30561122244e-08 0 	0 	-100.550635763 	
6.36372745491e-08 0 	0 	-107.95920244 	
6.42184368737e-08 0 	0 	-115.367769118 	
6.47995991984e-08 0 	0 	-122.776335795 	
6.5380761523e-08 0 	0 	-130.184902472 	
6.59619238477e-08 0 	0 	-137.593469149 	
6.65430861723e-08 0 	0 	-145.002035826 	
6.7124248497e-08 0 	0 	-154.125420429 	
6.77054108216e-08 0 	0 	-165.87331143 	
6.82865731463e-08 0 	0 	-177.62120243 	
6.88677354709e-08 0 	0 	-189.369093431 	
6.94488977956e-08 0 	0 	-201.116984432 	
7.00300601202e-08 0 	0 	-212.864875433 	
7.06112224449e-08 0 	0 	-224.612766433 	
7.11923847695e-08 0 	0 	-236.476606123 	
7.17735470942e-08 0 	0 	-254.724935093 	
7.23547094188e-08 0 	0 	-272.973264064 	
7.29358717435e-08 0 	0 	-291.221593034 	
7.35170340681e-08 0 	0 	-309.469922004 	
7.40981963928e-08 0 	0 	-327.718250975 	
7.46793587174e-08 0 	0 	-345.966579945 	
7.52605210421e-08 0 	0 	-364.214908916 	
7.58416833667e-08 0 	0 	-391.806098098 	
7.64228456914e-08 0 	0 	-419.596266044 	
7.7004008016e-08 0 	0 	-447.38643399 	
7.75851703407e-08 -1.06298757013e-13 	1.06298757013e-13 	-475.176601936 	
7.81663326653e-08 -3.02249824145e-13 	3.02249824145e-13 	-502.966769881 	
7.874749499e-08 -4.98200891277e-13 	4.98200891277e-13 	-530.756937827 	
7.93286573146e-08 -5.90637359756e-13 	5.90637359756e-13 	-562.167551553 	
7.99098196393e-08 -3.94760337713e-13 	3.94760337713e-13 	-603.694210935 	
8.04909819639e-08 -1.98883315669e-13 	1.98883315669e-13 	-645.220870316 	
8.10721442886e-08 -3.0062936261e-15 	3.0062936261e-15 	-686.747529698 	
8.16533066132e-08 0 	0 	-728.27418908 	
8.22344689379e-08 0 	0 	-769.800848462 	
8.28156312625e-08 0 	0 	-811.327507843 	
8.33967935872e-08 0 	0 	-869.474830597 	
8.39779559118e-08 0 	0 	-930.412323154 	
8.45591182365e-08 0 	0 	-991.349815711 	
8.51402805611e-08 0 	0 	-1052.28730827 	
8.57214428858e-08 0 	0 	-1113.22480083 	
8.63026052104e-08 0 	0 	-1174.16229338 	
8.68837675351e-08 0 	0 	-1255.12259109 	
8.74649298597e-08 0 	0 	-1343.00597716 	
8.80460921844e-08 0 	0 	-1430.88936322 	
8.8627254509e-08 -9.73553534225e-14 	9.73553534225e-14 	-1518.77274929 	
8.92084168337e-08 -2.257439031e-13 	2.257439031e-13 	-1606.65613535 	
8.97895791583e-08 -3.54132452778e-13 	3.54132452778e-13 	-1694.53952142 	
9.0370741483e-08 -2.48469040107e-13 	2.48469040107e-13 	-1815.90781059 	
9.09519038076e-08 -1.20210918682e-13 	1.20210918682e-13 	-1940.56699832 	
9.15330661323e-08 0 	0 	-2065.22618606 	
9.21142284569e-08 0 	0 	-2189.8853738 	
9.26953907816e-08 0 	0 	-2314.54456154 	
9.32765531062e-08 0 	0 	-2456.27533091 	
9.38577154309e-08 0 	0 	-2630.31780155 	
9.44388777555e-08 0 	0 	-2804.36027219 	
9.50200400802e-08 -1.45754959573e-13 	1.45754959573e-13 	-2978.40274283 	
9.56012024048e-08 -3.77609283883e-13 	3.77609283883e-13 	-3152.44521347 	
9.61823647295e-08 -5.91546752715e-13 	5.91546752715e-13 	-3328.85953929 	
9.67635270541e-08 -3.60111736273e-13 	3.60111736273e-13 	-3568.19395392 	
9.73446893788e-08 -1.28676719831e-13 	1.28676719831e-13 	-3807.52836855 	
9.79258517034e-08 0 	0 	-4046.86278318 	
9.85070140281e-08 0 	0 	-4286.19719781 	
9.90881763527e-08 0 	0 	-4525.53161244 	
9.96693386774e-08 0 	0 	-4847.42774658 	
1.00250501002e-07 0 	0 	-5171.81750638 	
1.00831663327e-07 -9.23878343713e-14 	9.23878343713e-14 	-5496.20726617 	
1.01412825651e-07 -2.78144421356e-13 	2.78144421356e-13 	-5820.59702597 	
1.01993987976e-07 -4.1153631573e-13 	4.1153631573e-13 	-6160.01576058 	
1.02575150301e-07 -2.26344141307e-13 	2.26344141307e-13 	-6593.64858793 	
1.03156312625e-07 -4.11519668846e-14 	4.11519668846e-14 	-7027.28141527 	
1.0373747495e-07 -7.91170470836e-14 	7.91170470836e-14 	-7460.91424262 	
1.04318637275e-07 -1.80837658528e-13 	1.80837658528e-13 	-7894.54706997 	
1.04899799599e-07 -1.74804101657e-13 	1.74804101657e-13 	-8401.036276 	
1.05480961924e-07 -7.34762873887e-14 	7.34762873887e-14 	-8973.09336251 	
1.06062124248e-07 -6.11920962428e-14 	6.11920962428e-14 	-9545.15044902 	
1.06643286573e-07 -2.83817641675e-13 	2.83817641675e-13 	-10117.2075355 	
1.07224448898e-07 -4.47822788156e-13 	4.47822788156e-13 	-10711.2124547 	
1.07805611222e-07 -2.26276636226e-13 	2.26276636226e-13 	-11456.4188142 	
1.08386773547e-07 -4.73048429511e-15 	4.73048429511e-15 	-12201.6251737 	
1.08967935872e-07 -2.35203788124e-13 	2.35203788124e-13 	-12946.8315332 	
1.09549098196e-07 -4.7553925256e-13 	4.7553925256e-13 	-13692.0378927 	
1.10130260521e-07 -2.67640151333e-13 	2.67640151333e-13 	-14636.0168602 	
1.10711422846e-07 -2.87512393546e-14 	2.87512393546e-14 	-15595.1534422 	
1.1129258517e-07 -3.50650271922e-13 	3.50650271922e-13 	-16554.2900241 	
1.11873747495e-07 -7.49276852765e-13 	7.49276852765e-13 	-17513.4266061 	
1.1245490982e-07 -4.08022047243e-13 	4.08022047243e-13 	-18713.9909035 	
1.13036072144e-07 -1.23424964441e-14 	1.23424964441e-14 	-19934.3488835 	
1.13617234469e-07 -1.40370508573e-13 	1.40370508573e-13 	-21154.7068636 	
1.14198396794e-07 -2.53073648241e-13 	2.53073648241e-13 	-22407.5983599 	
1.14779559118e-07 -1.09486341272e-13 	1.09486341272e-13 	-23943.356805 	
1.15360721443e-07 -3.74613138194e-14 	3.74613138194e-14 	-25479.11525 	
1.15941883768e-07 -1.95197878077e-13 	1.95197878077e-13 	-27014.8736951 	
1.16523046092e-07 -2.06351830205e-13 	2.06351830205e-13 	-28722.987631 	
1.17104208417e-07 -5.03245482171e-14 	5.03245482171e-14 	-30635.4974871 	
1.17685370741e-07 0 	0 	-32548.0073431 	
1.18266533066e-07 0 	0 	-34460.5171992 	
1.18847695391e-07 0 	0 	-36809.1935339 	
1.19428857715e-07 0 	0 	-39167.1534902 	
1.2001002004e-07 0 	0 	-41525.1134465 	
1.20591182365e-07 0 	0 	-44227.5647792 	
1.21172344689e-07 -1.61494552211e-14 	1.61494552211e-14 	-47107.0778971 	
1.21753507014e-07 -4.18214525253e-13 	4.18214525253e-13 	-49986.5910149 	
1.22334669339e-07 -4.15225962675e-13 	4.15225962675e-13 	-53165.0924271 	
1.22915831663e-07 -2.04344318811e-14 	2.04344318811e-14 	-56649.596265 	
1.23496993988e-07 0 	0 	-60134.100103 	
1.24078156313e-07 0 	0 	-63947.7747606 	
1.24659318637e-07 0 	0 	-68127.8419442 	
1.25240480962e-07 -1.40056928406e-12 	1.40056928406e-12 	-72307.9091278 	
1.25821643287e-07 -1.11709021971e-12 	1.11709021971e-12 	-76956.5737601 	
1.26402805611e-07 0 	0 	-81929.5842746 	
1.26983967936e-07 0 	0 	-86902.5947892 	
1.27565130261e-07 0 	0 	-92629.7003111 	
1.28146292585e-07 -1.3284994887e-13 	1.3284994887e-13 	-98499.3909531 	
1.2872745491e-07 -2.74257251781e-13 	2.74257251781e-13 	-104587.678373 	
1.29308617234e-07 -1.64490584742e-14 	1.64490584742e-14 	-111463.578742 	
1.29889779559e-07 0 	0 	-118339.479111 	
1.30470941884e-07 0 	0 	-126015.624315 	
1.31052104208e-07 0 	0 	-134012.392113 	
1.31633266533e-07 0 	0 	-142412.832316 	
1.32214428858e-07 0 	0 	-151649.503479 	
1.32795591182e-07 0 	0 	-160949.968964 	
1.33376753507e-07 0 	0 	-171549.140207 	
1.33957915832e-07 0 	0 	-182148.311449 	
1.34539078156e-07 0 	0 	-194045.848708 	
1.35120240481e-07 -2.7550671382e-13 	2.7550671382e-13 	-206132.811335 	
1.35701402806e-07 -6.80119567727e-14 	6.80119567727e-14 	-219509.001346 	
1.3628256513e-07 0 	0 	-233210.845618 	
1.36863727455e-07 0 	0 	-248340.487953 	
1.3744488978e-07 0 	0 	-263785.197026 	
1.38026052104e-07 0 	0 	-280971.582352 	
1.38607214429e-07 0 	0 	-298545.610867 	
1.39188376754e-07 0 	0 	-317859.102413 	
1.39769539078e-07 0 	0 	-338044.188367 	
1.40350701403e-07 -4.80653680496e-13 	4.80653680496e-13 	-359481.001913 	
1.40931863727e-07 -2.16534240293e-14 	2.16534240293e-14 	-382648.52676 	
1.41513026052e-07 0 	0 	-406818.453296 	
1.42094188377e-07 -6.21539136404e-14 	6.21539136404e-14 	-432867.328223 	
1.42675350701e-07 -1.71823459258e-15 	1.71823459258e-15 	-460685.44492 	
1.43256513026e-07 -1.6407615591e-13 	1.6407615591e-13 	-489964.253137 	
1.43837675351e-07 0 	0 	-521087.692131 	
1.44418837675e-07 -1.32005858513e-14 	1.32005858513e-14 	-554720.45397 	
1.45e-07 0 	0 	-589434.798508 	
