-1.45e-07 0.0237760382915 1.98401398351 0.499985687498
-1.44418837675e-07 0.0226645650287 1.9010331503 0.52209679185
-1.43837675351e-07 0.0216163405265 1.82503010902 0.54357261353
-1.43256513026e-07 0.0206484247751 1.75818421585 0.564386578004
-1.42675350701e-07 0.019739147898 1.69750662703 0.584631453912
-1.42094188377e-07 0.0188761722279 1.64152061387 0.604392330635
-1.41513026052e-07 0.0180691094743 1.59097182269 0.623524526317
-1.40931863727e-07 0.0173211266279 1.54574655194 0.641897729929
-1.40350701403e-07 0.016604592443 1.50325176117 0.659840227807
-1.39769539078e-07 0.0159422423676 1.46529263142 0.676997024462
-1.39188376754e-07 0.0153189379164 1.43037836814 0.693521659354
-1.38607214429e-07 0.0147228214474 1.39758428549 0.709606111683
-1.38026052104e-07 0.0141807998557 1.36873199634 0.72472225316
-1.3744488978e-07 0.0136508233772 1.34073914806 0.739615919039
-1.36863727455e-07 0.0131748750894 1.31643695931 0.753449896376
-1.3628256513e-07 0.0127086805693 1.29276150786 0.767075986102
-1.35701402806e-07 0.0122866875122 1.27192626195 0.779759984867
-1.35120240481e-07 0.0118747596099 1.25170155731 0.792212652768
-1.34539078156e-07 0.0115026784866 1.23389391461 0.803749508651
-1.33957915832e-07 0.0111364445401 1.21642234111 0.815142483673
-1.33376753507e-07 0.0108102885185 1.20125426493 0.825549265443
-1.32795591182e-07 0.0104841324968 1.18608618875 0.835956047212
-1.32214428858e-07 0.0101980252317 1.17310741346 0.845314778189
-1.31633266533e-07 0.00991388521987 1.16023617982 0.854622027382
-1.31052104208e-07 0.00965551302676 1.14870986822 0.863216603005
-1.30470941884e-07 0.00940957969067 1.13783278863 0.871467150879
-1.29889779559e-07 0.00917352053142 1.12744967645 0.879430755362
-1.29308617234e-07 0.00896210641949 1.11829946203 0.886678175235
-1.2872745491e-07 0.00875069230755 1.10914924761 0.893925595108
-1.28146292585e-07 0.00856352411411 1.1011660498 0.900436721918
-1.27565130261e-07 0.0083830852154 1.09350674975 0.906743495446
-1.26983967936e-07 0.00820703431356 1.08605142582 0.912911722349
-1.26402805611e-07 0.0080541903672 1.07967487763 0.918347212783
-1.25821643287e-07 0.00790134642084 1.07329832944 0.923782703216
-1.25240480962e-07 0.00775848177039 1.06737143148 0.928892123946
-1.24659318637e-07 0.00763003466879 1.06209416393 0.933530456744
-1.24078156313e-07 0.00750158756719 1.05681689638 0.938168789541
-1.23496993988e-07 0.00738441136263 1.05203362162 0.942427656531
-1.22915831663e-07 0.00727736104808 1.04769415506 0.946345607529
-1.22334669339e-07 0.00717031073353 1.0433546885 0.950263558527
-1.21753507014e-07 0.00707267211353 1.03941781516 0.953856298839
-1.21172344689e-07 0.00698422945494 1.03587430688 0.957131282883
-1.20591182365e-07 0.00689578679635 1.0323307986 0.960406266928
-1.2001002004e-07 0.00681278917757 1.02901532326 0.963488847246
-1.19428857715e-07 0.00674038542722 1.02614350877 0.96619708691
-1.18847695391e-07 0.00666798167688 1.02327169429 0.968905326575
-1.18266533066e-07 0.00659586337129 1.02041161743 0.97160328531
-1.17685370741e-07 0.00653715593446 1.01810300223 0.973818221695
-1.17104208417e-07 0.00647844849763 1.01579438703 0.976033158081
-1.16523046092e-07 0.0064197410608 1.01348577183 0.978248094467
-1.15941883768e-07 0.00636731702249 1.0114315317 0.98023302929
-1.15360721443e-07 0.00632019141791 1.00959179164 0.982024016836
-1.14779559118e-07 0.00627306581332 1.00775205159 0.983815004383
-1.14198396794e-07 0.00622594020873 1.00591231153 0.985605991929
-1.13617234469e-07 0.00618750834952 1.00441991527 0.987074399636
-1.13036072144e-07 0.00615007638834 1.00296746824 0.988505706309
-1.1245490982e-07 0.00611264442716 1.0015150212 0.989937012981
-1.11873747495e-07 0.00607582064888 1.00008660676 0.991345497272
-1.1129258517e-07 0.00604641500555 0.998951322877 0.992475612169
-1.10711422846e-07 0.00601700936222 0.997816038997 0.993605727065
-1.10130260521e-07 0.00598760371889 0.996680755117 0.994735841962
-1.09549098196e-07 0.00595866366002 0.995563702239 0.995848322856
-1.08967935872e-07 0.00593582914216 0.994685725493 0.99672955651
-1.08386773547e-07 0.0059129946243 0.993807748748 0.997610790164
-1.07805611222e-07 0.00589016010644 0.992929772002 0.998492023817
-1.07224448898e-07 0.00586732558858 0.992051795257 0.999373257471
-1.06643286573e-07 0.0058491336314 0.991354262061 1.00007732381
-1.06062124248e-07 0.00583161557087 0.990682921371 1.0007556732
-1.05480961924e-07 0.00581409751034 0.990011580682 1.00143402259
-1.04899799599e-07 0.00579657944981 0.989340239993 1.00211237199
-1.04318637275e-07 0.00578107371357 0.988746645416 1.00271346125
-1.0373747495e-07 0.00576780399075 0.988239439177 1.00322870217
-1.03156312625e-07 0.00575453426793 0.987732232938 1.00374394309
-1.02575150301e-07 0.00574126454511 0.987225026699 1.00425918401
-1.01993987976e-07 0.00572799482229 0.986717820459 1.00477442493
-1.01412825651e-07 0.00571761508768 0.986321737465 1.00517817398
-1.00831663327e-07 0.00570769636224 0.985943380782 1.00556413792
-1.00250501002e-07 0.0056977776368 0.9855650241 1.00595010186
-9.96693386774e-08 0.00568785891136 0.985186667418 1.0063360658
-9.90881763527e-08 0.00567801663109 0.984811239147 1.00671906944
-9.85070140281e-08 0.00567070538206 0.984532767959 1.00700406025
-9.79258517034e-08 0.00566339413304 0.98425429677 1.00728905105
-9.73446893788e-08 0.00565608288402 0.983975825582 1.00757404186
-9.67635270541e-08 0.005648771635 0.983697354394 1.00785903267
-9.61823647295e-08 0.00564146038597 0.983418883205 1.00814402347
-9.56012024048e-08 0.00563607670018 0.983214038068 1.00835415228
-9.50200400802e-08 0.0056307656764 0.983011968361 1.00856145907
-9.44388777555e-08 0.00562545465263 0.982809898654 1.00876876586
-9.38577154309e-08 0.00562014362885 0.982607828947 1.00897607265
-9.32765531062e-08 0.00561483260508 0.98240575924 1.00918337943
-9.26953907816e-08 0.00561051067623 0.982241386037 1.0093521865
-9.21142284569e-08 0.00560671132633 0.982096929424 1.00950065261
-9.15330661323e-08 0.00560291197643 0.981952472812 1.00964911872
-9.09519038076e-08 0.00559911262653 0.981808016199 1.00979758482
-9.0370741483e-08 0.00559531327663 0.981663559587 1.00994605093
-8.97895791583e-08 0.00559161457486 0.981522932539 1.01009059282
-8.92084168337e-08 0.0055889399682 0.981421271325 1.01019520587
-8.8627254509e-08 0.00558626536153 0.98131961011 1.01029981891
-8.80460921844e-08 0.00558359075486 0.981217948896 1.01040443196
-8.74649298597e-08 0.0055809161482 0.981116287682 1.010509045
-8.68837675351e-08 0.00557824154153 0.981014626468 1.01061365805
-8.63026052104e-08 0.005575778456 0.980921003632 1.01071001378
-8.57214428858e-08 0.00557392712728 0.980850629222 1.01078248787
-8.51402805611e-08 0.00557207579856 0.980780254812 1.01085496196
-8.45591182365e-08 0.00557022446983 0.980709880402 1.01092743605
-8.39779559118e-08 0.00556837314111 0.980639505992 1.01099991014
-8.33967935872e-08 0.00556652181239 0.980569131582 1.01107238423
-8.28156312625e-08 0.00556475563496 0.980501990326 1.01114153118
-8.22344689379e-08 0.00556349669227 0.980454108528 1.01119085886
-8.16533066132e-08 0.00556223774958 0.98040622673 1.01124018654
-8.10721442886e-08 0.00556097880689 0.980358344932 1.01128951422
-8.04909819639e-08 0.0055597198642 0.980310463134 1.01133884189
-7.99098196393e-08 0.00555846092151 0.980262581336 1.01138816957
-7.93286573146e-08 0.00555720197882 0.980214699538 1.01143749725
-7.874749499e-08 0.00555625136611 0.980178517793 1.0114747696
-7.81663326653e-08 0.00555541110205 0.980146523397 1.01150772745
-7.75851703407e-08 0.00555457083799 0.980114529 1.0115406853
-7.7004008016e-08 0.00555373057393 0.980082534604 1.01157364315
-7.64228456914e-08 0.00555289030987 0.980050540207 1.01160660101
-7.58416833667e-08 0.00555205004581 0.980018545811 1.01163955886
-7.52605210421e-08 0.00555121583774 0.979986781128 1.01167227982
-7.46793587174e-08 0.0055506659833 0.979965802433 1.01169387767
-7.40981963928e-08 0.00555011612885 0.979944823738 1.01171547553
-7.35170340681e-08 0.0055495662744 0.979923845043 1.01173707338
-7.29358717435e-08 0.00554901641995 0.979902866348 1.01175867123
-7.23547094188e-08 0.0055484665655 0.979881887652 1.01178026909
-7.17735470942e-08 0.00554791671105 0.979860908957 1.01180186694
-7.11923847695e-08 0.00554736685661 0.979839930262 1.0118234648
-7.06112224449e-08 0.00554701100069 0.979826308634 1.01183747139
-7.00300601202e-08 0.00554665866798 0.979812820617 1.01185134012
-6.94488977956e-08 0.00554630633527 0.979799332601 1.01186520885
-6.88677354709e-08 0.00554595400256 0.979785844584 1.01187907758
-6.82865731463e-08 0.00554560166985 0.979772356567 1.01189294631
-6.77054108216e-08 0.00554524933714 0.979758868551 1.01190681504
-6.7124248497e-08 0.00554489700443 0.979745380534 1.01192068377
-6.65430861723e-08 0.00554462427279 0.979734911075 1.01193143687
-6.59619238477e-08 0.00554440355144 0.979726413902 1.01194015424
-6.5380761523e-08 0.00554418283008 0.979717916729 1.01194887162
-6.47995991984e-08 0.00554396210873 0.979709419556 1.011957589
-6.42184368737e-08 0.00554374138738 0.979700922383 1.01196630638
-6.36372745491e-08 0.00554352066602 0.97969242521 1.01197502375
-6.30561122244e-08 0.00554329994467 0.979683928037 1.01198374113
-6.24749498998e-08 0.00554307922332 0.979675430864 1.01199245851
-6.18937875752e-08 0.00554293338875 0.979669773799 1.01199824413
-6.13126252505e-08 0.00554279849474 0.979664531659 1.01200360143
-6.07314629259e-08 0.00554266360073 0.979659289518 1.01200895873
-6.01503006012e-08 0.00554252870673 0.979654047378 1.01201431603
-5.95691382766e-08 0.00554239381272 0.979648805238 1.01201967333
-5.89879759519e-08 0.00554225891871 0.979643563098 1.01202503063
-5.84068136273e-08 0.00554212402471 0.979638320958 1.01203038792
-5.78256513026e-08 0.0055419891307 0.979633078817 1.01203574522
-5.7244488978e-08 0.00554189627511 0.979629431541 1.01203945638
-5.66633266533e-08 0.00554181610348 0.979626265471 1.01204267085
-5.60821643287e-08 0.00554173593184 0.979623099402 1.01204588532
-5.5501002004e-08 0.00554165576021 0.979619933332 1.01204909979
-5.49198396794e-08 0.00554157558858 0.979616767262 1.01205231426
-5.43386773547e-08 0.00554149541694 0.979613601193 1.01205552873
-5.37575150301e-08 0.00554141524531 0.979610435123 1.0120587432
-5.31763527054e-08 0.00554133507368 0.979607269054 1.01206195767
-5.25951903808e-08 0.00554126423751 0.979604457401 1.01206480647
-5.20140280561e-08 0.00554121814031 0.979602584951 1.01206668624
-5.14328657315e-08 0.00554117204311 0.9796007125 1.01206856602
-5.08517034068e-08 0.00554112594591 0.97959884005 1.0120704458
-5.02705410822e-08 0.00554107984871 0.9795969676 1.01207232557
-4.96893787575e-08 0.00554103375152 0.97959509515 1.01207420535
-4.91082164329e-08 0.00554098765432 0.9795932227 1.01207608513
-4.85270541082e-08 0.00554094155712 0.97959135025 1.0120779649
-4.79458917836e-08 0.00554089545992 0.9795894778 1.01207984468
-4.73647294589e-08 0.00554085704184 0.979587897265 1.01208142353
-4.67835671343e-08 0.00554083164039 0.979586811543 1.01208249228
-4.62024048096e-08 0.00554080623893 0.979585725822 1.01208356102
-4.5621242485e-08 0.00554078083747 0.979584640101 1.01208462977
-4.50400801603e-08 0.00554075543601 0.979583554379 1.01208569852
-4.44589178357e-08 0.00554073003455 0.979582468658 1.01208676727
-4.3877755511e-08 0.00554070463309 0.979581382937 1.01208783602
-4.32965931864e-08 0.00554067923163 0.979580297215 1.01208890476
-4.27154308617e-08 0.00554065383017 0.979579211494 1.01208997351
-4.21342685371e-08 0.00554062891571 0.97957814433 1.01209102316
-4.15531062124e-08 0.00554061575743 0.979577525155 1.01209161173
-4.09719438878e-08 0.00554060259916 0.979576905979 1.0120922003
-4.03907815631e-08 0.00554058944088 0.979576286804 1.01209278887
-3.98096192385e-08 0.0055405762826 0.979575667628 1.01209337743
-3.92284569138e-08 0.00554056312433 0.979575048453 1.012093966
-3.86472945892e-08 0.00554054996605 0.979574429277 1.01209455457
-3.80661322645e-08 0.00554053680778 0.979573810102 1.01209514314
-3.74849699399e-08 0.0055405236495 0.979573190926 1.01209573171
-3.69038076152e-08 0.00554051049123 0.979572571751 1.01209632027
-3.63226452906e-08 0.00554049916056 0.97957202254 1.01209683705
-3.57414829659e-08 0.00554049304378 0.97957167293 1.01209714904
-3.51603206413e-08 0.005540486927 0.979571323319 1.01209746102
-3.45791583166e-08 0.00554048081022 0.979570973708 1.012097773
-3.3997995992e-08 0.00554047469344 0.979570624098 1.01209808499
-3.34168336673e-08 0.00554046857666 0.979570274487 1.01209839697
-3.28356713427e-08 0.00554046245988 0.979569924876 1.01209870895
-3.2254509018e-08 0.0055404563431 0.979569575266 1.01209902093
-3.16733466934e-08 0.00554045022632 0.979569225655 1.01209933292
-3.10921843687e-08 0.00554044410954 0.979568876044 1.0120996449
-3.05110220441e-08 0.00554043802717 0.979568527763 1.01209995553
-2.99298597194e-08 0.00554043583688 0.979568329815 1.01210011283
-2.93486973948e-08 0.0055404336466 0.979568131867 1.01210027013
-2.87675350701e-08 0.00554043145631 0.979567933919 1.01210042744
-2.81863727455e-08 0.00554042926603 0.979567735971 1.01210058474
-2.76052104208e-08 0.00554042707575 0.979567538023 1.01210074204
-2.70240480962e-08 0.00554042488546 0.979567340076 1.01210089935
-2.64428857715e-08 0.00554042269518 0.979567142128 1.01210105665
-2.58617234469e-08 0.00554042050489 0.97956694418 1.01210121395
-2.52805611222e-08 0.00554041831461 0.979566746232 1.01210137125
-2.46993987976e-08 0.00554041612432 0.979566548284 1.01210152856
-2.41182364729e-08 0.00554041449336 0.97956637233 1.0121016637
-2.35370741483e-08 0.0055404144155 0.979566257445 1.01210173729
-2.29559118236e-08 0.00554041433764 0.97956614256 1.01210181089
-2.2374749499e-08 0.00554041425977 0.979566027676 1.01210188449
-2.17935871743e-08 0.00554041418191 0.979565912791 1.01210195808
-2.12124248497e-08 0.00554041410404 0.979565797906 1.01210203168
-2.0631262525e-08 0.00554041402618 0.979565683021 1.01210210527
-2.00501002004e-08 0.00554041394831 0.979565568137 1.01210217887
-1.94689378758e-08 0.00554041387045 0.979565453252 1.01210225247
-1.88877755511e-08 0.00554041379259 0.979565338367 1.01210232606
-1.83066132265e-08 0.00554041371472 0.979565223482 1.01210239966
-1.77254509018e-08 0.00554041364105 0.979565108769 1.01210247309
-1.71442885772e-08 0.0055404146474 0.979565038132 1.01210250318
-1.65631262525e-08 0.00554041565374 0.979564967494 1.01210253328
-1.59819639279e-08 0.00554041666008 0.979564896857 1.01210256337
-1.54008016032e-08 0.00554041766642 0.97956482622 1.01210259347
-1.48196392786e-08 0.00554041867276 0.979564755583 1.01210262356
-1.42384769539e-08 0.0055404196791 0.979564684946 1.01210265366
-1.36573146293e-08 0.00554042068545 0.979564614308 1.01210268375
-1.30761523046e-08 0.00554042169179 0.979564543671 1.01210271384
-1.249498998e-08 0.00554042269813 0.979564473034 1.01210274394
-1.19138276553e-08 0.00554042370447 0.979564402397 1.01210277403
-1.13326653307e-08 0.00554042471081 0.97956433176 1.01210280413
-1.0751503006e-08 0.00554042582037 0.979564265701 1.01210282996
-1.01703406814e-08 0.00554042733981 0.979564217823 1.01210283886
-9.58917835671e-09 0.00554042885925 0.979564169945 1.01210284776
-9.00801603206e-09 0.00554043037869 0.979564122067 1.01210285666
-8.42685370741e-09 0.00554043189813 0.97956407419 1.01210286556
-7.84569138277e-09 0.00554043341757 0.979564026312 1.01210287447
-7.26452905812e-09 0.00554043493701 0.979563978434 1.01210288337
-6.68336673347e-09 0.00554043645645 0.979563930556 1.01210289227
-6.10220440882e-09 0.00554043797589 0.979563882678 1.01210290117
-5.52104208417e-09 0.00554043949533 0.979563834801 1.01210291007
-4.93987975952e-09 0.00554044101477 0.979563786923 1.01210291897
-4.35871743487e-09 0.00554044253421 0.979563739045 1.01210292787
-3.77755511022e-09 0.00554044405365 0.979563691167 1.01210293677
-3.19639278557e-09 0.00554044573255 0.979563652219 1.01210293847
-2.61523046092e-09 0.00554044744398 0.979563615093 1.01210293869
-2.03406813627e-09 0.00554044915541 0.979563577967 1.01210293892
-1.45290581162e-09 0.00554045086684 0.979563540841 1.01210293915
-8.71743486974e-10 0.00554045257827 0.979563503715 1.01210293937
-2.90581162324e-10 0.0055404542897 0.979563466589 1.0121029396
2.90581162325e-10 0.00554045600113 0.979563429462 1.01210293982
8.71743486974e-10 0.00554045771256 0.979563392336 1.01210294005
1.45290581162e-09 0.00554045942399 0.97956335521 1.01210294027
2.03406813627e-09 0.00554046113542 0.979563318084 1.0121029405
2.61523046092e-09 0.00554046284685 0.979563280958 1.01210294073
3.19639278557e-09 0.00554046455828 0.979563243832 1.01210294095
3.77755511022e-09 0.00554046626801 0.97956320723 1.01210294105
4.35871743487e-09 0.00554046796943 0.979563173201 1.01210294051
4.93987975952e-09 0.00554046967084 0.979563139172 1.01210293997
5.52104208417e-09 0.00554047137226 0.979563105143 1.01210293942
6.10220440882e-09 0.00554047307367 0.979563071113 1.01210293888
6.68336673347e-09 0.00554047477509 0.979563037084 1.01210293834
7.26452905812e-09 0.0055404764765 0.979563003055 1.0121029378
7.84569138277e-09 0.00554047817792 0.979562969026 1.01210293726
8.42685370742e-09 0.00554047987933 0.979562934997 1.01210293672
9.00801603206e-09 0.00554048158075 0.979562900968 1.01210293617
9.58917835671e-09 0.00554048328216 0.979562866939 1.01210293563
1.01703406814e-08 0.00554048498358 0.979562832909 1.01210293509
1.0751503006e-08 0.00554048668499 0.97956279888 1.01210293455
1.13326653307e-08 0.00554048824937 0.979562762308 1.01210293849
1.19138276553e-08 0.00554048977924 0.979562725095 1.01210294356
1.249498998e-08 0.00554049130912 0.979562687883 1.01210294862
1.30761523046e-08 0.00554049283899 0.97956265067 1.01210295369
1.36573146293e-08 0.00554049436886 0.979562613457 1.01210295876
1.42384769539e-08 0.00554049589873 0.979562576245 1.01210296383
1.48196392786e-08 0.0055404974286 0.979562539032 1.01210296889
1.54008016032e-08 0.00554049895847 0.97956250182 1.01210297396
1.59819639279e-08 0.00554050048835 0.979562464607 1.01210297903
1.65631262525e-08 0.00554050201822 0.979562427394 1.0121029841
1.71442885772e-08 0.00554050354809 0.979562390182 1.01210298916
1.77254509018e-08 0.00554050507796 0.979562352969 1.01210299423
1.83066132265e-08 0.00554050623686 0.979562304852 1.01210301277
1.88877755511e-08 0.00554050739433 0.979562256692 1.01210303136
1.94689378758e-08 0.00554050855179 0.979562208533 1.01210304995
2.00501002004e-08 0.00554050970925 0.979562160373 1.01210306855
2.06312625251e-08 0.00554051086671 0.979562112214 1.01210308714
2.12124248497e-08 0.00554051202418 0.979562064054 1.01210310573
2.17935871743e-08 0.00554051318164 0.979562015895 1.01210312432
2.2374749499e-08 0.0055405143391 0.979561967735 1.01210314291
2.29559118236e-08 0.00554051549656 0.979561919576 1.0121031615
2.35370741483e-08 0.00554051665403 0.979561871416 1.0121031801
2.41182364729e-08 0.00554051781149 0.979561823257 1.01210319869
2.46993987976e-08 0.00554051845634 0.979561757893 1.01210323661
2.52805611222e-08 0.00554051891659 0.979561686334 1.01210328149
2.58617234469e-08 0.00554051937684 0.979561614775 1.01210332637
2.64428857715e-08 0.00554051983709 0.979561543216 1.01210337125
2.70240480962e-08 0.00554052029734 0.979561471656 1.01210341613
2.76052104208e-08 0.00554052075759 0.979561400097 1.01210346101
2.81863727455e-08 0.00554052121784 0.979561328538 1.01210350589
2.87675350701e-08 0.00554052167809 0.979561256979 1.01210355077
2.93486973948e-08 0.00554052213834 0.979561185419 1.01210359565
2.99298597194e-08 0.00554052259859 0.97956111386 1.01210364054
3.05110220441e-08 0.00554052305884 0.979561042301 1.01210368542
3.10921843687e-08 0.0055405222747 0.979560926445 1.01210377806
3.16733466934e-08 0.00554052147956 0.979560810198 1.01210387113
3.2254509018e-08 0.00554052068441 0.979560693951 1.0121039642
3.28356713427e-08 0.00554051988927 0.979560577703 1.01210405727
3.34168336673e-08 0.00554051909413 0.979560461456 1.01210415033
3.3997995992e-08 0.00554051829899 0.979560345209 1.0121042434
3.45791583166e-08 0.00554051750385 0.979560228962 1.01210433647
3.51603206413e-08 0.00554051670871 0.979560112714 1.01210442954
3.57414829659e-08 0.00554051591357 0.979559996467 1.01210452261
3.63226452906e-08 0.00554051511843 0.97955988022 1.01210461567
3.69038076152e-08 0.00554051268815 0.97955970405 1.01210477208
3.74849699399e-08 0.00554050968472 0.979559506876 1.01210495068
3.80661322645e-08 0.00554050668129 0.979559309702 1.01210512929
3.86472945892e-08 0.00554050367786 0.979559112528 1.01210530789
3.92284569138e-08 0.00554050067443 0.979558915354 1.0121054865
3.98096192385e-08 0.00554049767099 0.979558718179 1.0121056651
4.03907815631e-08 0.00554049466756 0.979558521005 1.01210584371
4.09719438878e-08 0.00554049166413 0.979558323831 1.01210602232
4.15531062124e-08 0.0055404886607 0.979558126657 1.01210620092
4.21342685371e-08 0.00554048565727 0.979557929483 1.01210637953
4.27154308617e-08 0.00554047900699 0.979557596644 1.01210670006
4.32965931864e-08 0.00554047220565 0.979557258185 1.01210702648
4.3877755511e-08 0.00554046540431 0.979556919727 1.0121073529
4.44589178357e-08 0.00554045860296 0.979556581268 1.01210767932
4.50400801603e-08 0.00554045180162 0.979556242809 1.01210800573
4.5621242485e-08 0.00554044500028 0.979555904351 1.01210833215
4.62024048096e-08 0.00554043819893 0.979555565892 1.01210865857
4.67835671343e-08 0.00554043139759 0.979555227433 1.01210898499
4.73647294589e-08 0.00554042459625 0.979554888975 1.0121093114
4.79458917836e-08 0.00554041378155 0.979554400021 1.01210979442
4.85270541082e-08 0.00554040059917 0.979553822282 1.01211036982
4.91082164329e-08 0.0055403874168 0.979553244544 1.01211094523
4.96893787575e-08 0.00554037423442 0.979552666805 1.01211152063
5.02705410822e-08 0.00554036105205 0.979552089067 1.01211209603
5.08517034068e-08 0.00554034786968 0.979551511329 1.01211267144
5.14328657315e-08 0.0055403346873 0.97955093359 1.01211324684
5.20140280561e-08 0.00554032150493 0.979550355852 1.01211382224
5.25951903808e-08 0.00554030832255 0.979549778114 1.01211439765
5.31763527054e-08 0.00554028753845 0.979548914077 1.01211527008
5.37575150301e-08 0.00554026388576 0.979547942004 1.01211625461
5.43386773547e-08 0.00554024023308 0.97954696993 1.01211723914
5.49198396794e-08 0.0055402165804 0.979545997856 1.01211822367
5.5501002004e-08 0.00554019292771 0.979545025783 1.01211920819
5.60821643287e-08 0.00554016927503 0.979544053709 1.01212019272
5.66633266533e-08 0.00554014562234 0.979543081636 1.01212117725
5.7244488978e-08 0.00554012196966 0.979542109562 1.01212216177
5.78256513026e-08 0.00554009442701 0.979540990628 1.01212329842
5.84068136273e-08 0.00554005399188 0.979539384953 1.01212493924
5.89879759519e-08 0.00554001355676 0.979537779279 1.01212658007
5.95691382766e-08 0.00553997312163 0.979536173605 1.01212822089
6.01503006012e-08 0.0055399326865 0.97953456793 1.01212986171
6.07314629259e-08 0.00553989225137 0.979532962256 1.01213150253
6.13126252505e-08 0.00553985181624 0.979531356582 1.01213314335
6.18937875752e-08 0.00553981138111 0.979529750907 1.01213478418
6.24749498998e-08 0.00553976759445 0.979528018526 1.01213655613
6.30561122244e-08 0.00553970086698 0.979525418849 1.01213922564
6.36372745491e-08 0.0055396341395 0.979522819172 1.01214189515
6.42184368737e-08 0.00553956741203 0.979520219496 1.01214456465
6.47995991984e-08 0.00553950068456 0.979517619819 1.01214723416
6.5380761523e-08 0.00553943395709 0.979515020142 1.01214990367
6.59619238477e-08 0.00553936722961 0.979512420466 1.01215257318
6.65430861723e-08 0.00553930050214 0.979509820789 1.01215524269
6.7124248497e-08 0.00553921785238 0.979506618687 1.01215853535
6.77054108216e-08 0.00553911083375 0.979502494582 1.01216278173
6.82865731463e-08 0.00553900381512 0.979498370477 1.01216702811
6.88677354709e-08 0.0055388967965 0.979494246371 1.01217127449
6.94488977956e-08 0.00553878977787 0.979490122266 1.01217552088
7.00300601202e-08 0.00553868275925 0.979485998161 1.01217976726
7.06112224449e-08 0.00553857574062 0.979481874055 1.01218401364
7.11923847695e-08 0.00553846764384 0.97947770914 1.01218830223
7.17735470942e-08 0.00553830018049 0.979471297106 1.01219491477
7.23547094188e-08 0.00553813271714 0.979464885071 1.0122015273
7.29358717435e-08 0.0055379652538 0.979458473036 1.01220813984
7.35170340681e-08 0.00553779779045 0.979452061002 1.01221475238
7.40981963928e-08 0.0055376303271 0.979445648967 1.01222136491
7.46793587174e-08 0.00553746286376 0.979439236933 1.01222797745
7.52605210421e-08 0.00553729540041 0.979432824898 1.01223458999
7.58416833667e-08 0.00553704094165 0.979423119263 1.01224460868
7.64228456914e-08 0.00553678463012 0.979413343483 1.01225469992
7.7004008016e-08 0.00553652831858 0.979403567703 1.01226479116
7.75851703407e-08 0.00553627200705 0.979393791923 1.0122748824
7.81663326653e-08 0.00553601569551 0.979384016143 1.01228497364
7.874749499e-08 0.00553575938398 0.979374240363 1.01229506488
7.93286573146e-08 0.00553546931738 0.979363186569 1.012306478
7.99098196393e-08 0.00553508493429 0.979348561819 1.01232158467
8.04909819639e-08 0.0055347005512 0.97933393707 1.01233669133
8.10721442886e-08 0.00553431616812 0.97931931232 1.012351798
8.16533066132e-08 0.00553393178503 0.97930468757 1.01236690466
8.22344689379e-08 0.00553354740194 0.97929006282 1.01238201133
8.28156312625e-08 0.00553316301885 0.97927543807 1.01239711799
8.33967935872e-08 0.00553262349004 0.97925493973 1.01241830177
8.39779559118e-08 0.00553205791637 0.979233455369 1.01244050573
8.45591182365e-08 0.0055314923427 0.979211971007 1.0124627097
8.51402805611e-08 0.00553092676903 0.979190486646 1.01248491366
8.57214428858e-08 0.00553036119535 0.979169002285 1.01250711762
8.63026052104e-08 0.00552979562168 0.979147517924 1.01252932158
8.68837675351e-08 0.00552904294355 0.979118951453 1.01255885669
8.74649298597e-08 0.00552822557215 0.979087936269 1.01259092662
8.80460921844e-08 0.00552740820075 0.979056921086 1.01262299655
8.8627254509e-08 0.00552659082935 0.979025905903 1.01265506647
8.92084168337e-08 0.00552577345795 0.978994890719 1.0126871364
8.97895791583e-08 0.00552495608655 0.978963875536 1.01271920633
9.0370741483e-08 0.00552382550892 0.978921009014 1.01276355317
9.09519038076e-08 0.00552266414937 0.978876977741 1.01280910659
9.15330661323e-08 0.00552150278981 0.978832946467 1.01285466001
9.21142284569e-08 0.00552034143025 0.978788915194 1.01290021343
9.26953907816e-08 0.00551918007069 0.978744883921 1.01294576685
9.32765531062e-08 0.00551785889011 0.978694808094 1.01299758814
9.38577154309e-08 0.00551623521332 0.978633291625 1.01306127271
9.44388777555e-08 0.00551461153653 0.978571775156 1.01312495729
9.50200400802e-08 0.00551298785974 0.978510258687 1.01318864186
9.56012024048e-08 0.00551136418295 0.978448742218 1.01325232644
9.61823647295e-08 0.00550971828398 0.97838638584 1.01331688312
9.67635270541e-08 0.00550748287973 0.97830174853 1.0134045749
9.73446893788e-08 0.00550524747549 0.978217111219 1.01349226667
9.79258517034e-08 0.00550301207124 0.978132473909 1.01357995844
9.85070140281e-08 0.00550077666699 0.978047836598 1.01366765022
9.90881763527e-08 0.00549854126274 0.977963199288 1.01375534199
9.96693386774e-08 0.00549553179286 0.977849330969 1.0138734391
1.00250501002e-07 0.00549249894375 0.97773457978 1.01399245455
1.00831663327e-07 0.00548946609463 0.977619828592 1.01411147001
1.01412825651e-07 0.00548643324552 0.977505077404 1.01423048546
1.01993987976e-07 0.0054832594044 0.977385008003 1.01435504547
1.02575150301e-07 0.00547920170832 0.977231599633 1.01451436339
1.03156312625e-07 0.00547514401225 0.977078191262 1.01467368132
1.0373747495e-07 0.00547108631617 0.976924782891 1.01483299924
1.04318637275e-07 0.00546702862009 0.976771374521 1.01499231717
1.04899799599e-07 0.00546228706441 0.976592208602 1.01517856758
1.05480961924e-07 0.00545693006192 0.9763898619 1.01538905617
1.06062124248e-07 0.00545157305944 0.976187515199 1.01559954476
1.06643286573e-07 0.00544621605695 0.975985168498 1.01581003335
1.07224448898e-07 0.00544065294593 0.975775072997 1.01602865409
1.07805611222e-07 0.00543366992675 0.975511595023 1.01630329827
1.08386773547e-07 0.00542668690756 0.975248117048 1.01657794245
1.08967935872e-07 0.00541970388837 0.974984639074 1.01685258663
1.09549098196e-07 0.00541272086918 0.974721161099 1.01712723081
1.10130260521e-07 0.00540387044364 0.974387637196 1.01747572337
1.10711422846e-07 0.00539487761706 0.974048771866 1.01782984732
1.1129258517e-07 0.00538588479048 0.973709906536 1.01818397127
1.11873747495e-07 0.0053768919639 0.973371041207 1.01853809522
1.1245490982e-07 0.00536563020064 0.972947307786 1.0189821983
1.13036072144e-07 0.00535418241644 0.972516616374 1.01943367841
1.13617234469e-07 0.00534273463223 0.972085924961 1.01988515852
1.14198396794e-07 0.00533098100694 0.971643832797 1.02034880863
1.14779559118e-07 0.00531656820595 0.971102615289 1.02091827246
1.15360721443e-07 0.00530215540495 0.970561397781 1.02148773628
1.15941883768e-07 0.00528774260396 0.970020180274 1.02205720011
1.16523046092e-07 0.00527170912233 0.969418796699 1.02269141715
1.17104208417e-07 0.00525375367981 0.968746062343 1.02340242487
1.17685370741e-07 0.0052357982373 0.968073327987 1.02411343259
1.18266533066e-07 0.00521784279479 0.967400593632 1.0248244403
1.18847695391e-07 0.00519578520821 0.966576313321 1.02570014031
1.19428857715e-07 0.0051736403092 0.965748807419 1.02657934573
1.2001002004e-07 0.00515149541019 0.964921301516 1.02745855115
1.20591182365e-07 0.00512611008183 0.963974770428 1.02846859312
1.21172344689e-07 0.00509905923659 0.962967062739 1.02954588251
1.21753507014e-07 0.00507200839135 0.961959355049 1.0306231719
1.22334669339e-07 0.00504214484717 0.960849023926 1.03181477949
1.22915831663e-07 0.00500940261939 0.959633661869 1.03312338715
1.23496993988e-07 0.00497666039161 0.958418299812 1.03443199481
1.24078156313e-07 0.00494082135741 0.957090821354 1.03586742831
1.24659318637e-07 0.00490153533866 0.955638548689 1.03744402877
1.25240480962e-07 0.00486224931992 0.954186276025 1.03902062923
1.25821643287e-07 0.00481855476821 0.952575810347 1.04077934974
1.26402805611e-07 0.00477180879246 0.950855849297 1.04266412705
1.26983967936e-07 0.00472506281672 0.949135888247 1.04454890436
1.27565130261e-07 0.00467122273156 0.947163928446 1.04672963944
1.28146292585e-07 0.00461604128433 0.945144320442 1.04896633455
1.2872745491e-07 0.00455880362815 0.943052500493 1.05128976418
1.29308617234e-07 0.00449415736876 0.940700498014 1.05392570175
1.29889779559e-07 0.00442951110938 0.938348495536 1.05656163932
1.30470941884e-07 0.00435733876216 0.935735545292 1.05951896803
1.31052104208e-07 0.00428215104552 0.933018044857 1.06260506393
1.31633266533e-07 0.00420316785301 0.930170807272 1.06585545916
1.32214428858e-07 0.0041163221106 0.927054811602 1.06944621006
1.32795591182e-07 0.00402887675135 0.923918640147 1.07306330767
1.33376753507e-07 0.00392922457128 0.920371736074 1.07721676373
1.33957915832e-07 0.00382957239122 0.916824832001 1.0813702198
1.34539078156e-07 0.00371772181123 0.91287452448 1.08606845982
1.35120240481e-07 0.00360409154327 0.908865362333 1.09084618121
1.35701402806e-07 0.00347835520002 0.904463353964 1.09617418042
1.3628256513e-07 0.00334956090514 0.899962114033 1.10164117787
1.36863727455e-07 0.0032073680729 0.895034936346 1.10772887087
1.3744488978e-07 0.00306221863666 0.890013768603 1.11395353038
1.38026052104e-07 0.00290073802374 0.884484848914 1.12095026293
1.38607214429e-07 0.0027356248508 0.878844768473 1.12812122868
1.39188376754e-07 0.00255421642311 0.872710025162 1.1360793949
1.39769539078e-07 0.00236465182384 0.866333950315 1.14444068551
1.40350701403e-07 0.00216337385779 0.859611290703 1.15338091733
1.40931863727e-07 0.001945920823 0.852422916634 1.16314008491
1.41513026052e-07 0.00171910606357 0.844968735033 1.17337910437
1.42094188377e-07 0.00147475640748 0.837024104868 1.18452856816
1.42675350701e-07 0.00121392309548 0.828632339006 1.19655668058
1.43256513026e-07 0.000939493922745 0.819877765683 1.20931976419
1.43837675351e-07 0.000647910995673 0.810672655035 1.22302249314
1.44418837675e-07 0.000333042343026 0.800876320747 1.23803722007
1.45e-07 0 0.790605398744 1.25405875316
