-1.45e-07 0 	0 	206343.234517 	
-1.44418837675e-07 0 	0 	196874.545336 	
-1.43837675351e-07 0 	0 	187749.44121 	
-1.43256513026e-07 0 	0 	179395.793204 	
-1.42675350701e-07 0 	0 	171635.921747 	
-1.42094188377e-07 0 	0 	164362.333739 	
-1.41513026052e-07 0 	0 	157537.20681 	
-1.40931863727e-07 0 	0 	151362.070508 	
-1.40350701403e-07 0 	0 	145574.651263 	
-1.39769539078e-07 0 	0 	140124.39254 	
-1.39188376754e-07 0 	0 	135147.004086 	
-1.38607214429e-07 0 	0 	130539.194071 	
-1.38026052104e-07 0 	0 	126180.621487 	
-1.3744488978e-07 0 	0 	122218.0825 	
-1.36863727455e-07 0 	0 	118537.862319 	
-1.3628256513e-07 0 	0 	115039.784677 	
-1.35701402806e-07 0 	0 	111927.295532 	
-1.35120240481e-07 0 	0 	108971.947788 	
-1.34539078156e-07 0 	0 	106228.328271 	
-1.33957915832e-07 0 	0 	103740.391444 	
-1.33376753507e-07 0 	0 	101350.535935 	
-1.32795591182e-07 0 	0 	99243.4653887 	
-1.32214428858e-07 0 	0 	97224.4028318 	
-1.31633266533e-07 0 	0 	95389.3590728 	
-1.31052104208e-07 0 	0 	93686.5816169 	
-1.30470941884e-07 0 	0 	92095.5558703 	
-1.29889779559e-07 0 	0 	90661.2317863 	
-1.29308617234e-07 0 	0 	89288.26435 	
-1.2872745491e-07 0 	0 	88080.7160807 	
-1.28146292585e-07 0 	0 	86901.8334029 	
-1.27565130261e-07 0 	0 	85885.0131457 	
-1.26983967936e-07 0 	0 	84878.1587719 	
-1.26402805611e-07 0 	0 	84021.127002 	
-1.25821643287e-07 0 	0 	83166.0865506 	
-1.25240480962e-07 0 	0 	82442.4998933 	
-1.24659318637e-07 0 	0 	81720.8215858 	
-1.24078156313e-07 0 	0 	81108.4349501 	
-1.23496993988e-07 0 	0 	80503.3459084 	
-1.22915831663e-07 0 	0 	79983.5338407 	
-1.22334669339e-07 0 	0 	79479.8531336 	
-1.21753507014e-07 0 	0 	79037.1546622 	
-1.21172344689e-07 0 	0 	78621.2038711 	
-1.20591182365e-07 0 	0 	78242.8945348 	
-1.2001002004e-07 0 	0 	77902.4067325 	
-1.19428857715e-07 0 	0 	77578.1006783 	
-1.18847695391e-07 0 	0 	77302.1285173 	
-1.18266533066e-07 0 	0 	77026.1563564 	
-1.17685370741e-07 0 	0 	76802.2365272 	
-1.17104208417e-07 0 	0 	76581.060119 	
-1.16523046092e-07 0 	0 	76387.3755179 	
-1.15941883768e-07 0 	0 	76212.4111116 	
-1.15360721443e-07 0 	0 	76044.5806624 	
-1.14779559118e-07 0 	0 	75908.2905444 	
-1.14198396794e-07 0 	0 	75772.0004264 	
-1.13617234469e-07 0 	0 	75658.7316091 	
-1.13036072144e-07 0 	0 	75554.5359344 	
-1.1245490982e-07 0 	0 	75455.4086561 	
-1.11873747495e-07 0 	0 	75377.5999026 	
-1.1129258517e-07 0 	0 	75299.791149 	
-1.10711422846e-07 0 	0 	75235.0236934 	
-1.10130260521e-07 0 	0 	75178.6842134 	
-1.09549098196e-07 0 	0 	75122.3447333 	
-1.08967935872e-07 0 	0 	75082.6113702 	
-1.08386773547e-07 0 	0 	75043.5343042 	
-1.07805611222e-07 0 	0 	75007.938553 	
-1.07224448898e-07 0 	0 	74982.5527981 	
-1.06643286573e-07 0 	0 	74957.1670432 	
-1.06062124248e-07 0 	0 	74936.9406109 	
-1.05480961924e-07 0 	0 	74922.2400602 	
-1.04899799599e-07 0 	0 	74907.5395096 	
-1.04318637275e-07 0 	0 	74898.1233966 	
-1.0373747495e-07 0 	0 	74891.6004517 	
-1.03156312625e-07 0 	0 	74885.0775069 	
-1.02575150301e-07 0 	0 	74883.0908334 	
-1.01993987976e-07 0 	0 	74882.6747094 	
-1.01412825651e-07 0 	0 	74882.2585854 	
-1.00831663327e-07 0 	0 	74885.2475984 	
-1.00250501002e-07 0 	0 	74889.2473485 	
-9.96693386774e-08 0 	0 	74893.2470985 	
-9.90881763527e-08 0 	0 	74899.4735599 	
-9.85070140281e-08 0 	0 	74906.5257828 	
-9.79258517034e-08 0 	0 	74913.5780057 	
-9.73446893788e-08 0 	0 	74921.8437926 	
-9.67635270541e-08 0 	0 	74930.8652235 	
-9.61823647295e-08 0 	0 	74939.8866544 	
-9.56012024048e-08 0 	0 	74949.3908284 	
-9.50200400802e-08 0 	0 	74959.5354259 	
-9.44388777555e-08 0 	0 	74969.6800234 	
-9.38577154309e-08 0 	0 	74979.90477 	
-9.32765531062e-08 0 	0 	74990.5254252 	
-9.26953907816e-08 0 	0 	75001.1460804 	
-9.21142284569e-08 0 	0 	75011.7667355 	
-9.15330661323e-08 0 	0 	75022.3823587 	
-9.09519038076e-08 0 	0 	75032.9969524 	
-9.0370741483e-08 0 	0 	75043.6115461 	
-8.97895791583e-08 0 	0 	75054.0801449 	
-8.92084168337e-08 0 	0 	75064.3416056 	
-8.8627254509e-08 0 	0 	75074.6030663 	
-8.80460921844e-08 0 	0 	75084.8645271 	
-8.74649298597e-08 0 	0 	75094.5843844 	
-8.68837675351e-08 0 	0 	75104.2547601 	
-8.63026052104e-08 0 	0 	75113.9251358 	
-8.57214428858e-08 0 	0 	75123.3454518 	
-8.51402805611e-08 0 	0 	75132.2734899 	
-8.45591182365e-08 0 	0 	75141.2015279 	
-8.39779559118e-08 0 	0 	75150.129566 	
-8.33967935872e-08 0 	0 	75158.5015507 	
-8.28156312625e-08 0 	0 	75166.6035962 	
-8.22344689379e-08 0 	0 	75174.7056418 	
-8.16533066132e-08 0 	0 	75182.8076874 	
-8.10721442886e-08 0 	0 	75190.1173999 	
-8.04909819639e-08 0 	0 	75197.3613149 	
-7.99098196393e-08 0 	0 	75204.6052298 	
-7.93286573146e-08 0 	0 	75211.7765298 	
-7.874749499e-08 0 	0 	75218.1683216 	
-7.81663326653e-08 0 	0 	75224.5601134 	
-7.75851703407e-08 0 	0 	75230.9519052 	
-7.7004008016e-08 0 	0 	75237.2152904 	
-7.64228456914e-08 0 	0 	75242.7881302 	
-7.58416833667e-08 0 	0 	75248.36097 	
-7.52605210421e-08 0 	0 	75253.9338099 	
-7.46793587174e-08 0 	0 	75259.4023283 	
-7.40981963928e-08 0 	0 	75264.2077118 	
-7.35170340681e-08 0 	0 	75269.0130954 	
-7.29358717435e-08 0 	0 	75273.818479 	
-7.23547094188e-08 0 	0 	75278.6094499 	
-7.17735470942e-08 0 	0 	75282.710193 	
-7.11923847695e-08 0 	0 	75286.8109362 	
-7.06112224449e-08 0 	0 	75290.9116793 	
-7.00300601202e-08 0 	0 	75295.0124225 	
-6.94488977956e-08 0 	0 	75298.5992178 	
-6.88677354709e-08 0 	0 	75302.0639933 	
-6.82865731463e-08 0 	0 	75305.5287688 	
-6.77054108216e-08 0 	0 	75308.9935443 	
-6.7124248497e-08 0 	0 	75312.1774233 	
-6.65430861723e-08 0 	0 	75315.0766693 	
-6.59619238477e-08 0 	0 	75317.9759152 	
-6.5380761523e-08 0 	0 	75320.8751612 	
-6.47995991984e-08 0 	0 	75323.7328152 	
-6.42184368737e-08 0 	0 	75326.1357651 	
-6.36372745491e-08 0 	0 	75328.5387151 	
-6.30561122244e-08 0 	0 	75330.9416651 	
-6.24749498998e-08 0 	0 	75333.344615 	
-6.18937875752e-08 0 	0 	75335.5035054 	
-6.13126252505e-08 0 	0 	75337.4760709 	
-6.07314629259e-08 0 	0 	75339.4486364 	
-6.01503006012e-08 0 	0 	75341.4212019 	
-5.95691382766e-08 0 	0 	75343.3937674 	
-5.89879759519e-08 0 	0 	75345.0178286 	
-5.84068136273e-08 0 	0 	75346.6212387 	
-5.78256513026e-08 0 	0 	75348.2246488 	
-5.7244488978e-08 0 	0 	75349.8280589 	
-5.66633266533e-08 0 	0 	75351.3649513 	
-5.60821643287e-08 0 	0 	75352.6549827 	
-5.5501002004e-08 0 	0 	75353.9450142 	
-5.49198396794e-08 0 	0 	75355.2350456 	
-5.43386773547e-08 0 	0 	75356.5250771 	
-5.37575150301e-08 0 	0 	75357.7178807 	
-5.31763527054e-08 0 	0 	75358.7445055 	
-5.25951903808e-08 0 	0 	75359.7711304 	
-5.20140280561e-08 0 	0 	75360.7977552 	
-5.14328657315e-08 0 	0 	75361.8243801 	
-5.08517034068e-08 0 	0 	75362.7606604 	
-5.02705410822e-08 0 	0 	75363.5680077 	
-4.96893787575e-08 0 	0 	75364.375355 	
-4.91082164329e-08 0 	0 	75365.1827023 	
-4.85270541082e-08 0 	0 	75365.9900495 	
-4.79458917836e-08 0 	0 	75366.7362417 	
-4.73647294589e-08 0 	0 	75367.362794 	
-4.67835671343e-08 0 	0 	75367.9893462 	
-4.62024048096e-08 0 	0 	75368.6158985 	
-4.5621242485e-08 0 	0 	75369.2424508 	
-4.50400801603e-08 0 	0 	75369.8475862 	
-4.44589178357e-08 0 	0 	75370.3265515 	
-4.3877755511e-08 0 	0 	75370.8055167 	
-4.32965931864e-08 0 	0 	75371.2844819 	
-4.27154308617e-08 0 	0 	75371.7634471 	
-4.21342685371e-08 0 	0 	75372.2424123 	
-4.15531062124e-08 0 	0 	75372.6224464 	
-4.09719438878e-08 0 	0 	75372.9821844 	
-4.03907815631e-08 0 	0 	75373.3419224 	
-3.98096192385e-08 0 	0 	75373.7016605 	
-3.92284569138e-08 0 	0 	75374.0613985 	
-3.86472945892e-08 0 	0 	75374.3840645 	
-3.80661322645e-08 0 	0 	75374.6485874 	
-3.74849699399e-08 0 	0 	75374.9131103 	
-3.69038076152e-08 0 	0 	75375.1776333 	
-3.63226452906e-08 0 	0 	75375.4421562 	
-3.57414829659e-08 0 	0 	75375.7066792 	
-3.51603206413e-08 0 	0 	75375.909586 	
-3.45791583166e-08 0 	0 	75376.099051 	
-3.3997995992e-08 0 	0 	75376.288516 	
-3.34168336673e-08 0 	0 	75376.4779809 	
-3.28356713427e-08 0 	0 	75376.6674459 	
-3.2254509018e-08 0 	0 	75376.8498332 	
-3.16733466934e-08 0 	0 	75376.9810195 	
-3.10921843687e-08 0 	0 	75377.1122059 	
-3.05110220441e-08 0 	0 	75377.2433922 	
-2.99298597194e-08 0 	0 	75377.3745786 	
-2.93486973948e-08 0 	0 	75377.5057649 	
-2.87675350701e-08 0 	0 	75377.6241634 	
-2.81863727455e-08 0 	0 	75377.710926 	
-2.76052104208e-08 0 	0 	75377.7976887 	
-2.70240480962e-08 0 	0 	75377.8844513 	
-2.64428857715e-08 0 	0 	75377.9712139 	
-2.58617234469e-08 0 	0 	75378.0579766 	
-2.52805611222e-08 0 	0 	75378.1342485 	
-2.46993987976e-08 0 	0 	75378.1879184 	
-2.41182364729e-08 0 	0 	75378.2415883 	
-2.35370741483e-08 0 	0 	75378.2952581 	
-2.29559118236e-08 0 	0 	75378.348928 	
-2.2374749499e-08 0 	0 	75378.4025978 	
-2.17935871743e-08 0 	0 	75378.4513453 	
-2.12124248497e-08 0 	0 	75378.4810802 	
-2.0631262525e-08 0 	0 	75378.5108151 	
-2.00501002004e-08 0 	0 	75378.5405499 	
-1.94689378758e-08 0 	0 	75378.5702848 	
-1.88877755511e-08 0 	0 	75378.6000196 	
-1.83066132265e-08 0 	0 	75378.6297545 	
-1.77254509018e-08 0 	0 	75378.6436604 	
-1.71442885772e-08 0 	0 	75378.656742 	
-1.65631262525e-08 0 	0 	75378.6698235 	
-1.59819639279e-08 0 	0 	75378.6829051 	
-1.54008016032e-08 0 	0 	75378.6959866 	
-1.48196392786e-08 0 	0 	75378.7090682 	
-1.42384769539e-08 0 	0 	75378.7161088 	
-1.36573146293e-08 0 	0 	75378.7181698 	
-1.30761523046e-08 0 	0 	75378.7202308 	
-1.249498998e-08 0 	0 	75378.7222918 	
-1.19138276553e-08 0 	0 	75378.7243527 	
-1.13326653307e-08 0 	0 	75378.7264137 	
-1.0751503006e-08 0 	0 	75378.7284747 	
-1.01703406814e-08 0 	0 	75378.7237073 	
-9.58917835671e-09 0 	0 	75378.7189065 	
-9.00801603206e-09 0 	0 	75378.7141058 	
-8.42685370741e-09 0 	0 	75378.709305 	
-7.84569138277e-09 0 	0 	75378.7045043 	
-7.26452905812e-09 0 	0 	75378.6997035 	
-6.68336673347e-09 0 	0 	75378.69373 	
-6.10220440882e-09 0 	0 	75378.6848561 	
-5.52104208417e-09 0 	0 	75378.6759823 	
-4.93987975952e-09 0 	0 	75378.6671084 	
-4.35871743487e-09 0 	0 	75378.6582346 	
-3.77755511022e-09 0 	0 	75378.6493608 	
-3.19639278557e-09 0 	0 	75378.6404869 	
-2.61523046092e-09 0 	0 	75378.6304953 	
-2.03406813627e-09 0 	0 	75378.6189783 	
-1.45290581162e-09 0 	0 	75378.6074614 	
-8.71743486974e-10 0 	0 	75378.5959444 	
-2.90581162324e-10 0 	0 	75378.5844275 	
2.90581162325e-10 0 	0 	75378.5729105 	
8.71743486974e-10 0 	0 	75378.5613935 	
1.45290581162e-09 0 	0 	75378.5488304 	
2.03406813627e-09 0 	0 	75378.5346739 	
2.61523046092e-09 0 	0 	75378.5205174 	
3.19639278557e-09 0 	0 	75378.5063609 	
3.77755511022e-09 0 	0 	75378.4922043 	
4.35871743487e-09 0 	0 	75378.4780478 	
4.93987975952e-09 0 	0 	75378.4638913 	
5.52104208417e-09 0 	0 	75378.4488618 	
6.10220440882e-09 0 	0 	75378.4304348 	
6.68336673347e-09 0 	0 	75378.4120078 	
7.26452905812e-09 0 	0 	75378.3935808 	
7.84569138277e-09 0 	0 	75378.3751537 	
8.42685370742e-09 0 	0 	75378.3567267 	
9.00801603206e-09 0 	0 	75378.3382997 	
9.58917835671e-09 0 	0 	75378.3198727 	
1.01703406814e-08 0 	0 	75378.2947716 	
1.0751503006e-08 0 	0 	75378.26843 	
1.13326653307e-08 0 	0 	75378.2420885 	
1.19138276553e-08 0 	0 	75378.2157469 	
1.249498998e-08 0 	0 	75378.1894054 	
1.30761523046e-08 0 	0 	75378.1630639 	
1.36573146293e-08 0 	0 	75378.1367223 	
1.42384769539e-08 0 	0 	75378.1059974 	
1.48196392786e-08 0 	0 	75378.0654661 	
1.54008016032e-08 0 	0 	75378.0249349 	
1.59819639279e-08 0 	0 	75377.9844036 	
1.65631262525e-08 0 	0 	75377.9438723 	
1.71442885772e-08 0 	0 	75377.9033411 	
1.77254509018e-08 0 	0 	75377.8628098 	
1.83066132265e-08 0 	0 	75377.8222786 	
1.88877755511e-08 0 	0 	75377.7673648 	
1.94689378758e-08 0 	0 	75377.7027528 	
2.00501002004e-08 0 	0 	75377.6381408 	
2.06312625251e-08 0 	0 	75377.5735288 	
2.12124248497e-08 0 	0 	75377.5089168 	
2.17935871743e-08 0 	0 	75377.4443047 	
2.2374749499e-08 0 	0 	75377.3796927 	
2.29559118236e-08 0 	0 	75377.3150807 	
2.35370741483e-08 0 	0 	75377.2229422 	
2.41182364729e-08 0 	0 	75377.119238 	
2.46993987976e-08 0 	0 	75377.0155339 	
2.52805611222e-08 0 	0 	75376.9118298 	
2.58617234469e-08 0 	0 	75376.8081257 	
2.64428857715e-08 0 	0 	75376.7044215 	
2.70240480962e-08 0 	0 	75376.6007174 	
2.76052104208e-08 0 	0 	75376.4970133 	
2.81863727455e-08 0 	0 	75376.354841 	
2.87675350701e-08 0 	0 	75376.1896169 	
2.93486973948e-08 0 	0 	75376.0243928 	
2.99298597194e-08 0 	0 	75375.8591687 	
3.05110220441e-08 0 	0 	75375.6939446 	
3.10921843687e-08 0 	0 	75375.5287205 	
3.16733466934e-08 0 	0 	75375.3634964 	
3.2254509018e-08 0 	0 	75375.1982724 	
3.28356713427e-08 0 	0 	75374.9992545 	
3.34168336673e-08 0 	0 	75374.7391956 	
3.3997995992e-08 0 	0 	75374.4791366 	
3.45791583166e-08 0 	0 	75374.2190777 	
3.51603206413e-08 0 	0 	75373.9590188 	
3.57414829659e-08 0 	0 	75373.6989598 	
3.63226452906e-08 0 	0 	75373.4389009 	
3.69038076152e-08 0 	0 	75373.1788419 	
3.74849699399e-08 0 	0 	75372.918783 	
3.80661322645e-08 0 	0 	75372.5299649 	
3.86472945892e-08 0 	0 	75372.1256888 	
3.92284569138e-08 0 	0 	75371.7214126 	
3.98096192385e-08 0 	0 	75371.3171364 	
4.03907815631e-08 0 	0 	75370.9128602 	
4.09719438878e-08 0 	0 	75370.508584 	
4.15531062124e-08 0 	0 	75370.1043078 	
4.21342685371e-08 0 	0 	75369.7000316 	
4.27154308617e-08 0 	0 	75369.2457534 	
4.32965931864e-08 0 	0 	75368.6241984 	
4.3877755511e-08 0 	0 	75368.0026433 	
4.44589178357e-08 0 	0 	75367.3810883 	
4.50400801603e-08 0 	0 	75366.7595332 	
4.5621242485e-08 0 	0 	75366.1379782 	
4.62024048096e-08 0 	0 	75365.5164231 	
4.67835671343e-08 0 	0 	75364.8948681 	
4.73647294589e-08 0 	0 	75364.273313 	
4.79458917836e-08 0 	0 	75363.5336486 	
4.85270541082e-08 0 	0 	75362.5872609 	
4.91082164329e-08 0 	0 	75361.6408732 	
4.96893787575e-08 0 	0 	75360.6944856 	
5.02705410822e-08 0 	0 	75359.7480979 	
5.08517034068e-08 0 	0 	75358.8017102 	
5.14328657315e-08 0 	0 	75357.8553225 	
5.20140280561e-08 0 	0 	75356.9089349 	
5.25951903808e-08 0 	0 	75355.9625472 	
5.31763527054e-08 0 	0 	75354.8773384 	
5.37575150301e-08 0 	0 	75353.4496601 	
5.43386773547e-08 0 	0 	75352.0219818 	
5.49198396794e-08 0 	0 	75350.5943035 	
5.5501002004e-08 0 	0 	75349.1666252 	
5.60821643287e-08 0 	0 	75347.7389469 	
5.66633266533e-08 0 	0 	75346.3112686 	
5.7244488978e-08 0 	0 	75344.8835903 	
5.78256513026e-08 0 	0 	75343.455912 	
5.84068136273e-08 0 	0 	75342.0282337 	
5.89879759519e-08 0 	0 	75339.8974287 	
5.95691382766e-08 0 	0 	75337.7664278 	
6.01503006012e-08 0 	0 	75335.635427 	
6.07314629259e-08 0 	0 	75333.5044261 	
6.13126252505e-08 0 	0 	75331.3734252 	
6.18937875752e-08 0 	0 	75329.2424243 	
6.24749498998e-08 0 	0 	75327.1114234 	
6.30561122244e-08 0 	0 	75324.9804225 	
6.36372745491e-08 0 	0 	75322.8494217 	
6.42184368737e-08 0 	0 	75320.2244536 	
6.47995991984e-08 0 	0 	75317.090341 	
6.5380761523e-08 0 	0 	75313.9562284 	
6.59619238477e-08 0 	0 	75310.8221158 	
6.65430861723e-08 0 	0 	75307.6880032 	
6.7124248497e-08 0 	0 	75304.5538905 	
6.77054108216e-08 0 	0 	75301.4197779 	
6.82865731463e-08 0 	0 	75298.2856653 	
6.88677354709e-08 0 	0 	75295.1515527 	
6.94488977956e-08 0 	0 	75292.0174401 	
7.00300601202e-08 0 	0 	75287.8425991 	
7.06112224449e-08 0 	0 	75283.3416825 	
7.11923847695e-08 0 	0 	75278.8407659 	
7.17735470942e-08 0 	0 	75274.3398493 	
7.23547094188e-08 0 	0 	75269.8389327 	
7.29358717435e-08 0 	0 	75265.3380161 	
7.35170340681e-08 0 	0 	75260.8370995 	
7.40981963928e-08 0 	0 	75256.3361829 	
7.46793587174e-08 0 	0 	75251.8352663 	
7.52605210421e-08 0 	0 	75247.3343497 	
7.58416833667e-08 0 	0 	75241.4751214 	
7.64228456914e-08 0 	0 	75235.2793846 	
7.7004008016e-08 0 	0 	75229.0836478 	
7.75851703407e-08 0 	0 	75222.887911 	
7.81663326653e-08 0 	0 	75216.6921743 	
7.874749499e-08 0 	0 	75210.4964375 	
7.93286573146e-08 0 	0 	75204.3007007 	
7.99098196393e-08 0 	0 	75198.1049639 	
8.04909819639e-08 0 	0 	75191.9092271 	
8.10721442886e-08 0 	0 	75185.7134903 	
8.16533066132e-08 0 	0 	75178.5177723 	
8.22344689379e-08 0 	0 	75170.6748834 	
8.28156312625e-08 0 	0 	75162.8319945 	
8.33967935872e-08 0 	0 	75154.9891056 	
8.39779559118e-08 0 	0 	75147.1462167 	
8.45591182365e-08 0 	0 	75139.3033279 	
8.51402805611e-08 0 	0 	75131.460439 	
8.57214428858e-08 0 	0 	75123.6175501 	
8.63026052104e-08 0 	0 	75115.7746612 	
8.68837675351e-08 0 	0 	75107.9317723 	
8.74649298597e-08 0 	0 	75100.0446101 	
8.80460921844e-08 0 	0 	75091.9456013 	
8.8627254509e-08 0 	0 	75083.8465925 	
8.92084168337e-08 0 	0 	75075.7475837 	
8.97895791583e-08 0 	0 	75067.6485748 	
9.0370741483e-08 0 	0 	75059.549566 	
9.09519038076e-08 0 	0 	75051.4505572 	
9.15330661323e-08 0 	0 	75043.3515484 	
9.21142284569e-08 0 	0 	75035.2525396 	
9.26953907816e-08 0 	0 	75027.1535308 	
9.32765531062e-08 0 	0 	75019.0545219 	
9.38577154309e-08 0 	0 	75013.4331273 	
9.44388777555e-08 0 	0 	75010.3587032 	
9.50200400802e-08 0 	0 	75007.284279 	
9.56012024048e-08 0 	0 	75004.2098549 	
9.61823647295e-08 0 	0 	75001.1354307 	
9.67635270541e-08 0 	0 	74998.0610066 	
9.73446893788e-08 0 	0 	74994.9865824 	
9.79258517034e-08 0 	0 	74991.9121583 	
9.85070140281e-08 0 	0 	74988.8377341 	
9.90881763527e-08 0 	0 	74985.76331 	
9.96693386774e-08 0 	0 	74982.6888858 	
1.00250501002e-07 0 	0 	74991.2104174 	
1.00831663327e-07 0 	0 	75008.7682995 	
1.01412825651e-07 0 	0 	75026.3261817 	
1.01993987976e-07 0 	0 	75043.8840638 	
1.02575150301e-07 0 	0 	75061.441946 	
1.03156312625e-07 0 	0 	75078.9998282 	
1.0373747495e-07 0 	0 	75096.5577103 	
1.04318637275e-07 0 	0 	75114.1155925 	
1.04899799599e-07 0 	0 	75131.6734747 	
1.05480961924e-07 0 	0 	75149.2313568 	
1.06062124248e-07 0 	0 	75166.789239 	
1.06643286573e-07 0 	0 	75207.7045265 	
1.07224448898e-07 0 	0 	75287.7587149 	
1.07805611222e-07 0 	0 	75367.8129034 	
1.08386773547e-07 0 	0 	75447.8670919 	
1.08967935872e-07 0 	0 	75527.9212803 	
1.09549098196e-07 0 	0 	75607.9754688 	
1.10130260521e-07 0 	0 	75688.0296573 	
1.10711422846e-07 0 	0 	75768.0838458 	
1.1129258517e-07 0 	0 	75848.1380342 	
1.11873747495e-07 0 	0 	75928.1922227 	
1.1245490982e-07 0 	0 	76008.2464112 	
1.13036072144e-07 0 	0 	76088.3005997 	
1.13617234469e-07 0 	0 	76324.7612879 	
1.14198396794e-07 0 	0 	76574.4206092 	
1.14779559118e-07 0 	0 	76824.0799305 	
1.15360721443e-07 0 	0 	77073.7392518 	
1.15941883768e-07 0 	0 	77323.3985732 	
1.16523046092e-07 0 	0 	77573.0578945 	
1.17104208417e-07 0 	0 	77822.7172158 	
1.17685370741e-07 0 	0 	78072.3765371 	
1.18266533066e-07 0 	0 	78322.0358585 	
1.18847695391e-07 0 	0 	78571.6951798 	
1.19428857715e-07 0 	0 	78821.3545011 	
1.2001002004e-07 0 	0 	79158.9126194 	
1.20591182365e-07 0 	0 	79845.546846 	
1.21172344689e-07 0 	0 	80532.1810726 	
1.21753507014e-07 0 	0 	81218.8152991 	
1.22334669339e-07 0 	0 	81905.4495257 	
1.22915831663e-07 0 	0 	82592.0837523 	
1.23496993988e-07 0 	0 	83278.7179789 	
1.24078156313e-07 0 	0 	83965.3522055 	
1.24659318637e-07 0 	0 	84651.9864321 	
1.25240480962e-07 0 	0 	85338.6206587 	
1.25821643287e-07 0 	0 	86025.2548853 	
1.26402805611e-07 0 	0 	86711.8891119 	
1.26983967936e-07 0 	0 	87622.5027928 	
1.27565130261e-07 0 	0 	89405.3669554 	
1.28146292585e-07 0 	0 	91188.231118 	
1.2872745491e-07 0 	0 	92971.0952806 	
1.29308617234e-07 0 	0 	94753.9594432 	
1.29889779559e-07 0 	0 	96536.8236058 	
1.30470941884e-07 0 	0 	98319.6877684 	
1.31052104208e-07 0 	0 	100102.551931 	
1.31633266533e-07 0 	0 	101885.416094 	
1.32214428858e-07 0 	0 	103668.280256 	
1.32795591182e-07 0 	0 	105451.144419 	
1.33376753507e-07 0 	0 	107234.008581 	
1.33957915832e-07 0 	0 	109016.872744 	
1.34539078156e-07 0 	0 	113311.132086 	
1.35120240481e-07 0 	0 	117808.474727 	
1.35701402806e-07 0 	0 	122305.817367 	
1.3628256513e-07 0 	0 	126803.160008 	
1.36863727455e-07 0 	0 	131300.502648 	
1.3744488978e-07 0 	0 	135797.845289 	
1.38026052104e-07 0 	0 	140295.18793 	
1.38607214429e-07 0 	0 	144792.53057 	
1.39188376754e-07 0 	0 	149289.873211 	
1.39769539078e-07 0 	0 	153787.215852 	
1.40350701403e-07 0 	0 	158284.558492 	
1.40931863727e-07 0 	0 	162781.901133 	
1.41513026052e-07 0 	0 	167957.836099 	
1.42094188377e-07 0 	0 	174355.402454 	
1.42675350701e-07 0 	0 	180752.968809 	
1.43256513026e-07 0 	0 	187150.535164 	
1.43837675351e-07 0 	0 	193548.10152 	
1.44418837675e-07 0 	0 	199945.667875 	
1.45e-07 0 	0 	206343.23423 	
