-1.45e-07 0 	0 	686820.401003 	
-1.44418837675e-07 0 	0 	646895.435838 	
-1.43837675351e-07 0 	0 	608161.46553 	
-1.43256513026e-07 0 	0 	572113.999947 	
-1.42675350701e-07 0 	0 	538159.57434 	
-1.42094188377e-07 0 	0 	505933.403165 	
-1.41513026052e-07 0 	0 	475310.340517 	
-1.40931863727e-07 0 	0 	447042.638477 	
-1.40350701403e-07 0 	0 	420201.756455 	
-1.39769539078e-07 0 	0 	394607.893218 	
-1.39188376754e-07 0 	0 	370783.187012 	
-1.38607214429e-07 0 	0 	348365.716889 	
-1.38026052104e-07 0 	0 	326903.693734 	
-1.3744488978e-07 0 	0 	306978.045342 	
-1.36863727455e-07 0 	0 	288169.477385 	
-1.3628256513e-07 0 	0 	270083.278098 	
-1.35701402806e-07 0 	0 	253554.951052 	
-1.35120240481e-07 0 	0 	237675.643985 	
-1.34539078156e-07 0 	0 	222670.809514 	
-1.33957915832e-07 0 	0 	208746.764378 	
-1.33376753507e-07 0 	0 	195239.338607 	
-1.32795591182e-07 0 	0 	182956.813809 	
-1.32214428858e-07 0 	0 	171065.426277 	
-1.31633266533e-07 0 	0 	159991.880509 	
-1.31052104208e-07 0 	0 	149522.290138 	
-1.30470941884e-07 0 	0 	139562.98127 	
-1.29889779559e-07 0 	0 	130339.876786 	
-1.29308617234e-07 0 	0 	121405.033653 	
-1.2872745491e-07 0 	0 	113271.020395 	
-1.28146292585e-07 0 	0 	105275.78345 	
-1.27565130261e-07 0 	0 	98090.3373056 	
-1.26983967936e-07 0 	0 	90954.688521 	
-1.26402805611e-07 0 	0 	84593.0817845 	
-1.25821643287e-07 0 	0 	78241.762977 	
-1.25240480962e-07 0 	0 	72593.9687797 	
-1.24659318637e-07 0 	0 	66956.3878363 	
-1.24078156313e-07 0 	0 	61925.9713175 	
-1.23496993988e-07 0 	0 	56936.0962179 	
-1.22915831663e-07 0 	0 	52439.1015937 	
-1.22334669339e-07 0 	0 	48035.3423685 	
-1.21753507014e-07 0 	0 	43999.185724 	
-1.21172344689e-07 0 	0 	40124.2648265 	
-1.20591182365e-07 0 	0 	36486.6426331 	
-1.2001002004e-07 0 	0 	33087.4543956 	
-1.19428857715e-07 0 	0 	29795.2776556 	
-1.18847695391e-07 0 	0 	26822.7377214 	
-1.18266533066e-07 0 	0 	23850.1977872 	
-1.17685370741e-07 0 	0 	21239.9870269 	
-1.17104208417e-07 0 	0 	18648.8728447 	
-1.16523046092e-07 0 	0 	16259.9659477 	
-1.15941883768e-07 0 	0 	14008.7495177 	
-1.15360721443e-07 0 	0 	11813.2205924 	
-1.14779559118e-07 0 	0 	9863.89476401 	
-1.14198396794e-07 0 	0 	7914.56893562 	
-1.13617234469e-07 0 	0 	6156.92362326 	
-1.13036072144e-07 0 	0 	4474.82333273 	
-1.1245490982e-07 0 	0 	2838.000138 	
-1.11873747495e-07 0 	0 	1391.6199974 	
-1.1129258517e-07 0 	0 	-54.7601432035 	
-1.10711422846e-07 0 	0 	-1375.28489566 	
-1.10130260521e-07 0 	0 	-2614.47525027 	
-1.09549098196e-07 0 	0 	-3853.66560488 	
-1.08967935872e-07 0 	0 	-4918.30546004 	
-1.08386773547e-07 0 	0 	-5976.04683388 	
-1.07805611222e-07 0 	0 	-6993.53372066 	
-1.07224448898e-07 0 	0 	-7892.96228916 	
-1.06643286573e-07 0 	0 	-8792.39085766 	
-1.06062124248e-07 0 	0 	-9625.38050632 	
-1.05480961924e-07 0 	0 	-10387.2108867 	
-1.04899799599e-07 0 	0 	-11149.041267 	
-1.04318637275e-07 0 	0 	-11833.8919856 	
-1.0373747495e-07 0 	0 	-12476.5972342 	
-1.03156312625e-07 0 	0 	-13119.3024827 	
-1.02575150301e-07 0 	0 	-13685.7068198 	
-1.01993987976e-07 0 	0 	-14225.6942303 	
-1.01412825651e-07 0 	0 	-14765.6816408 	
-1.00831663327e-07 0 	0 	-15237.6524679 	
-1.00250501002e-07 0 	0 	-15689.4341302 	
-9.96693386774e-08 0 	0 	-16141.2157924 	
-9.90881763527e-08 0 	0 	-16537.977005 	
-9.85070140281e-08 0 	0 	-16914.334241 	
-9.79258517034e-08 0 	0 	-17290.691477 	
-9.73446893788e-08 0 	0 	-17627.4740911 	
-9.67635270541e-08 0 	0 	-17939.6149719 	
-9.61823647295e-08 0 	0 	-18251.7558528 	
-9.56012024048e-08 0 	0 	-18540.5017437 	
-9.50200400802e-08 0 	0 	-18798.2110432 	
-9.44388777555e-08 0 	0 	-19055.9203428 	
-9.38577154309e-08 0 	0 	-19305.8971654 	
-9.32765531062e-08 0 	0 	-19517.6782299 	
-9.26953907816e-08 0 	0 	-19729.4592943 	
-9.21142284569e-08 0 	0 	-19941.2403587 	
-9.15330661323e-08 0 	0 	-20120.9993709 	
-9.09519038076e-08 0 	0 	-20294.2075212 	
-9.0370741483e-08 0 	0 	-20467.4156714 	
-8.97895791583e-08 0 	0 	-20627.2945136 	
-8.92084168337e-08 0 	0 	-20768.2617016 	
-8.8627254509e-08 0 	0 	-20909.2288896 	
-8.80460921844e-08 0 	0 	-21050.1960776 	
-8.74649298597e-08 0 	0 	-21166.5915678 	
-8.68837675351e-08 0 	0 	-21280.7421508 	
-8.63026052104e-08 0 	0 	-21394.8927338 	
-8.57214428858e-08 0 	0 	-21501.5675208 	
-8.51402805611e-08 0 	0 	-21593.5251382 	
-8.45591182365e-08 0 	0 	-21685.4827555 	
-8.39779559118e-08 0 	0 	-21777.4403729 	
-8.33967935872e-08 0 	0 	-21857.0973746 	
-8.28156312625e-08 0 	0 	-21930.7829762 	
-8.22344689379e-08 0 	0 	-22004.4685777 	
-8.16533066132e-08 0 	0 	-22078.1541793 	
-8.10721442886e-08 0 	0 	-22138.0228008 	
-8.04909819639e-08 0 	0 	-22196.7440207 	
-7.99098196393e-08 0 	0 	-22255.4652407 	
-7.93286573146e-08 0 	0 	-22313.1477485 	
-7.874749499e-08 0 	0 	-22359.679871 	
-7.81663326653e-08 0 	0 	-22406.2119935 	
-7.75851703407e-08 0 	0 	-22452.744116 	
-7.7004008016e-08 0 	0 	-22497.7281682 	
-7.64228456914e-08 0 	0 	-22534.3870085 	
-7.58416833667e-08 0 	0 	-22571.0458489 	
-7.52605210421e-08 0 	0 	-22607.7046892 	
-7.46793587174e-08 0 	0 	-22643.2826373 	
-7.40981963928e-08 0 	0 	-22671.9897348 	
-7.35170340681e-08 0 	0 	-22700.6968323 	
-7.29358717435e-08 0 	0 	-22729.4039298 	
-7.23547094188e-08 0 	0 	-22757.9808054 	
-7.17735470942e-08 0 	0 	-22780.3213522 	
-7.11923847695e-08 0 	0 	-22802.6618991 	
-7.06112224449e-08 0 	0 	-22825.0024459 	
-7.00300601202e-08 0 	0 	-22847.3429928 	
-6.94488977956e-08 0 	0 	-22865.5890762 	
-6.88677354709e-08 0 	0 	-22882.8630662 	
-6.82865731463e-08 0 	0 	-22900.1370562 	
-6.77054108216e-08 0 	0 	-22917.4110462 	
-6.7124248497e-08 0 	0 	-22932.6948177 	
-6.65430861723e-08 0 	0 	-22945.9618958 	
-6.59619238477e-08 0 	0 	-22959.2289738 	
-6.5380761523e-08 0 	0 	-22972.4960519 	
-6.47995991984e-08 0 	0 	-22985.4992668 	
-6.42184368737e-08 0 	0 	-22995.6178004 	
-6.36372745491e-08 0 	0 	-23005.736334 	
-6.30561122244e-08 0 	0 	-23015.8548676 	
-6.24749498998e-08 0 	0 	-23025.9734011 	
-6.18937875752e-08 0 	0 	-23034.6982656 	
-6.13126252505e-08 0 	0 	-23042.3591472 	
-6.07314629259e-08 0 	0 	-23050.0200287 	
-6.01503006012e-08 0 	0 	-23057.6809103 	
-5.95691382766e-08 0 	0 	-23065.3417919 	
-5.89879759519e-08 0 	0 	-23071.2040532 	
-5.84068136273e-08 0 	0 	-23076.9597353 	
-5.78256513026e-08 0 	0 	-23082.7154174 	
-5.7244488978e-08 0 	0 	-23088.4710995 	
-5.66633266533e-08 0 	0 	-23093.9155209 	
-5.60821643287e-08 0 	0 	-23098.2047892 	
-5.5501002004e-08 0 	0 	-23102.4940575 	
-5.49198396794e-08 0 	0 	-23106.7833259 	
-5.43386773547e-08 0 	0 	-23111.0725942 	
-5.37575150301e-08 0 	0 	-23114.9483349 	
-5.31763527054e-08 0 	0 	-23118.1172868 	
-5.25951903808e-08 0 	0 	-23121.2862387 	
-5.20140280561e-08 0 	0 	-23124.4551907 	
-5.14328657315e-08 0 	0 	-23127.6241426 	
-5.08517034068e-08 0 	0 	-23130.4431868 	
-5.02705410822e-08 0 	0 	-23132.7628682 	
-4.96893787575e-08 0 	0 	-23135.0825495 	
-4.91082164329e-08 0 	0 	-23137.4022309 	
-4.85270541082e-08 0 	0 	-23139.7219123 	
-4.79458917836e-08 0 	0 	-23141.8255975 	
-4.73647294589e-08 0 	0 	-23143.5067223 	
-4.67835671343e-08 0 	0 	-23145.187847 	
-4.62024048096e-08 0 	0 	-23146.8689717 	
-4.5621242485e-08 0 	0 	-23148.5500965 	
-4.50400801603e-08 0 	0 	-23150.1621492 	
-4.44589178357e-08 0 	0 	-23151.3672872 	
-4.3877755511e-08 0 	0 	-23152.5724252 	
-4.32965931864e-08 0 	0 	-23153.7775632 	
-4.27154308617e-08 0 	0 	-23154.9827012 	
-4.21342685371e-08 0 	0 	-23156.1878392 	
-4.15531062124e-08 0 	0 	-23157.1012752 	
-4.09719438878e-08 0 	0 	-23157.9548675 	
-4.03907815631e-08 0 	0 	-23158.8084598 	
-3.98096192385e-08 0 	0 	-23159.6620521 	
-3.92284569138e-08 0 	0 	-23160.5156445 	
-3.86472945892e-08 0 	0 	-23161.2691477 	
-3.80661322645e-08 0 	0 	-23161.8656735 	
-3.74849699399e-08 0 	0 	-23162.4621993 	
-3.69038076152e-08 0 	0 	-23163.058725 	
-3.63226452906e-08 0 	0 	-23163.6552508 	
-3.57414829659e-08 0 	0 	-23164.2517766 	
-3.51603206413e-08 0 	0 	-23164.6956556 	
-3.45791583166e-08 0 	0 	-23165.106234 	
-3.3997995992e-08 0 	0 	-23165.5168123 	
-3.34168336673e-08 0 	0 	-23165.9273906 	
-3.28356713427e-08 0 	0 	-23166.3379689 	
-3.2254509018e-08 0 	0 	-23166.7324079 	
-3.16733466934e-08 0 	0 	-23167.0100923 	
-3.10921843687e-08 0 	0 	-23167.2877767 	
-3.05110220441e-08 0 	0 	-23167.565461 	
-2.99298597194e-08 0 	0 	-23167.8431454 	
-2.93486973948e-08 0 	0 	-23168.1208298 	
-2.87675350701e-08 0 	0 	-23168.3715422 	
-2.81863727455e-08 0 	0 	-23168.5555292 	
-2.76052104208e-08 0 	0 	-23168.7395161 	
-2.70240480962e-08 0 	0 	-23168.923503 	
-2.64428857715e-08 0 	0 	-23169.1074899 	
-2.58617234469e-08 0 	0 	-23169.2914769 	
-2.52805611222e-08 0 	0 	-23169.4548438 	
-2.46993987976e-08 0 	0 	-23169.5737851 	
-2.41182364729e-08 0 	0 	-23169.6927265 	
-2.35370741483e-08 0 	0 	-23169.8116678 	
-2.29559118236e-08 0 	0 	-23169.9306092 	
-2.2374749499e-08 0 	0 	-23170.0495505 	
-2.17935871743e-08 0 	0 	-23170.159369 	
-2.12124248497e-08 0 	0 	-23170.2339504 	
-2.0631262525e-08 0 	0 	-23170.3085319 	
-2.00501002004e-08 0 	0 	-23170.3831133 	
-1.94689378758e-08 0 	0 	-23170.4576947 	
-1.88877755511e-08 0 	0 	-23170.5322762 	
-1.83066132265e-08 0 	0 	-23170.6068576 	
-1.77254509018e-08 0 	0 	-23170.6532475 	
-1.71442885772e-08 0 	0 	-23170.6981691 	
-1.65631262525e-08 0 	0 	-23170.7430907 	
-1.59819639279e-08 0 	0 	-23170.7880124 	
-1.54008016032e-08 0 	0 	-23170.832934 	
-1.48196392786e-08 0 	0 	-23170.8778556 	
-1.42384769539e-08 0 	0 	-23170.9121137 	
-1.36573146293e-08 0 	0 	-23170.9375814 	
-1.30761523046e-08 0 	0 	-23170.9630492 	
-1.249498998e-08 0 	0 	-23170.988517 	
-1.19138276553e-08 0 	0 	-23171.0139848 	
-1.13326653307e-08 0 	0 	-23171.0394526 	
-1.0751503006e-08 0 	0 	-23171.0649204 	
-1.01703406814e-08 0 	0 	-23171.0777904 	
-9.58917835671e-09 0 	0 	-23171.090599 	
-9.00801603206e-09 0 	0 	-23171.1034076 	
-8.42685370741e-09 0 	0 	-23171.1162162 	
-7.84569138277e-09 0 	0 	-23171.1290247 	
-7.26452905812e-09 0 	0 	-23171.1418333 	
-6.68336673347e-09 0 	0 	-23171.1521813 	
-6.10220440882e-09 0 	0 	-23171.1564443 	
-5.52104208417e-09 0 	0 	-23171.1607073 	
-4.93987975952e-09 0 	0 	-23171.1649703 	
-4.35871743487e-09 0 	0 	-23171.1692333 	
-3.77755511022e-09 0 	0 	-23171.1734963 	
-3.19639278557e-09 0 	0 	-23171.1777594 	
-2.61523046092e-09 0 	0 	-23171.1791847 	
-2.03406813627e-09 0 	0 	-23171.1767379 	
-1.45290581162e-09 0 	0 	-23171.1742911 	
-8.71743486974e-10 0 	0 	-23171.1718443 	
-2.90581162324e-10 0 	0 	-23171.1693975 	
2.90581162325e-10 0 	0 	-23171.1669507 	
8.71743486974e-10 0 	0 	-23171.1645038 	
1.45290581162e-09 0 	0 	-23171.1592445 	
2.03406813627e-09 0 	0 	-23171.1497015 	
2.61523046092e-09 0 	0 	-23171.1401585 	
3.19639278557e-09 0 	0 	-23171.1306155 	
3.77755511022e-09 0 	0 	-23171.1210725 	
4.35871743487e-09 0 	0 	-23171.1115295 	
4.93987975952e-09 0 	0 	-23171.1019865 	
5.52104208417e-09 0 	0 	-23171.0903845 	
6.10220440882e-09 0 	0 	-23171.0707692 	
6.68336673347e-09 0 	0 	-23171.0511539 	
7.26452905812e-09 0 	0 	-23171.0315386 	
7.84569138277e-09 0 	0 	-23171.0119233 	
8.42685370742e-09 0 	0 	-23170.992308 	
9.00801603206e-09 0 	0 	-23170.9726927 	
9.58917835671e-09 0 	0 	-23170.9530774 	
1.01703406814e-08 0 	0 	-23170.9194592 	
1.0751503006e-08 0 	0 	-23170.8832387 	
1.13326653307e-08 0 	0 	-23170.8470182 	
1.19138276553e-08 0 	0 	-23170.8107976 	
1.249498998e-08 0 	0 	-23170.7745771 	
1.30761523046e-08 0 	0 	-23170.7383566 	
1.36573146293e-08 0 	0 	-23170.702136 	
1.42384769539e-08 0 	0 	-23170.6570833 	
1.48196392786e-08 0 	0 	-23170.5922719 	
1.54008016032e-08 0 	0 	-23170.5274604 	
1.59819639279e-08 0 	0 	-23170.462649 	
1.65631262525e-08 0 	0 	-23170.3978375 	
1.71442885772e-08 0 	0 	-23170.333026 	
1.77254509018e-08 0 	0 	-23170.2682146 	
1.83066132265e-08 0 	0 	-23170.2034031 	
1.88877755511e-08 0 	0 	-23170.1090507 	
1.94689378758e-08 0 	0 	-23169.9947787 	
2.00501002004e-08 0 	0 	-23169.8805067 	
2.06312625251e-08 0 	0 	-23169.7662347 	
2.12124248497e-08 0 	0 	-23169.6519626 	
2.17935871743e-08 0 	0 	-23169.5376906 	
2.2374749499e-08 0 	0 	-23169.4234186 	
2.29559118236e-08 0 	0 	-23169.3091465 	
2.35370741483e-08 0 	0 	-23169.1348276 	
2.41182364729e-08 0 	0 	-23168.9352793 	
2.46993987976e-08 0 	0 	-23168.7357311 	
2.52805611222e-08 0 	0 	-23168.5361828 	
2.58617234469e-08 0 	0 	-23168.3366345 	
2.64428857715e-08 0 	0 	-23168.1370863 	
2.70240480962e-08 0 	0 	-23167.937538 	
2.76052104208e-08 0 	0 	-23167.7379897 	
2.81863727455e-08 0 	0 	-23167.4467145 	
2.87675350701e-08 0 	0 	-23167.1004727 	
2.93486973948e-08 0 	0 	-23166.7542309 	
2.99298597194e-08 0 	0 	-23166.407989 	
3.05110220441e-08 0 	0 	-23166.0617472 	
3.10921843687e-08 0 	0 	-23165.7155054 	
3.16733466934e-08 0 	0 	-23165.3692635 	
3.2254509018e-08 0 	0 	-23165.0230217 	
3.28356713427e-08 0 	0 	-23164.5867937 	
3.34168336673e-08 0 	0 	-23163.9880252 	
3.3997995992e-08 0 	0 	-23163.3892568 	
3.45791583166e-08 0 	0 	-23162.7904883 	
3.51603206413e-08 0 	0 	-23162.1917198 	
3.57414829659e-08 0 	0 	-23161.5929514 	
3.63226452906e-08 0 	0 	-23160.9941829 	
3.69038076152e-08 0 	0 	-23160.3954144 	
3.74849699399e-08 0 	0 	-23159.796646 	
3.80661322645e-08 0 	0 	-23158.8083891 	
3.86472945892e-08 0 	0 	-23157.7733723 	
3.92284569138e-08 0 	0 	-23156.7383556 	
3.98096192385e-08 0 	0 	-23155.7033388 	
4.03907815631e-08 0 	0 	-23154.668322 	
4.09719438878e-08 0 	0 	-23153.6333052 	
4.15531062124e-08 0 	0 	-23152.5982884 	
4.21342685371e-08 0 	0 	-23151.5632717 	
4.27154308617e-08 0 	0 	-23150.3538238 	
4.32965931864e-08 0 	0 	-23148.560833 	
4.3877755511e-08 0 	0 	-23146.7678422 	
4.44589178357e-08 0 	0 	-23144.9748514 	
4.50400801603e-08 0 	0 	-23143.1818606 	
4.5621242485e-08 0 	0 	-23141.3888699 	
4.62024048096e-08 0 	0 	-23139.5958791 	
4.67835671343e-08 0 	0 	-23137.8028883 	
4.73647294589e-08 0 	0 	-23136.0098975 	
4.79458917836e-08 0 	0 	-23133.734488 	
4.85270541082e-08 0 	0 	-23130.6147158 	
4.91082164329e-08 0 	0 	-23127.4949436 	
4.96893787575e-08 0 	0 	-23124.3751715 	
5.02705410822e-08 0 	0 	-23121.2553993 	
5.08517034068e-08 0 	0 	-23118.1356271 	
5.14328657315e-08 0 	0 	-23115.0158549 	
5.20140280561e-08 0 	0 	-23111.8960828 	
5.25951903808e-08 0 	0 	-23108.7763106 	
5.31763527054e-08 0 	0 	-23104.9808134 	
5.37575150301e-08 0 	0 	-23099.5183125 	
5.43386773547e-08 0 	0 	-23094.0558117 	
5.49198396794e-08 0 	0 	-23088.5933109 	
5.5501002004e-08 0 	0 	-23083.13081 	
5.60821643287e-08 0 	0 	-23077.6683092 	
5.66633266533e-08 0 	0 	-23072.2058084 	
5.7244488978e-08 0 	0 	-23066.7433075 	
5.78256513026e-08 0 	0 	-23061.2808067 	
5.84068136273e-08 0 	0 	-23055.8183059 	
5.89879759519e-08 0 	0 	-23046.180146 	
5.95691382766e-08 0 	0 	-23036.5408224 	
6.01503006012e-08 0 	0 	-23026.9014988 	
6.07314629259e-08 0 	0 	-23017.2621753 	
6.13126252505e-08 0 	0 	-23007.6228517 	
6.18937875752e-08 0 	0 	-22997.9835281 	
6.24749498998e-08 0 	0 	-22988.3442046 	
6.30561122244e-08 0 	0 	-22978.704881 	
6.36372745491e-08 0 	0 	-22969.0655574 	
6.42184368737e-08 0 	0 	-22955.7206908 	
6.47995991984e-08 0 	0 	-22938.5564261 	
6.5380761523e-08 0 	0 	-22921.3921614 	
6.59619238477e-08 0 	0 	-22904.2278966 	
6.65430861723e-08 0 	0 	-22887.0636319 	
6.7124248497e-08 0 	0 	-22869.8993672 	
6.77054108216e-08 0 	0 	-22852.7351025 	
6.82865731463e-08 0 	0 	-22835.5708377 	
6.88677354709e-08 0 	0 	-22818.406573 	
6.94488977956e-08 0 	0 	-22801.2423083 	
7.00300601202e-08 0 	0 	-22773.6407212 	
7.06112224449e-08 0 	0 	-22742.7689665 	
7.11923847695e-08 0 	0 	-22711.8972118 	
7.17735470942e-08 0 	0 	-22681.0254572 	
7.23547094188e-08 0 	0 	-22650.1537025 	
7.29358717435e-08 0 	0 	-22619.2819478 	
7.35170340681e-08 0 	0 	-22588.4101932 	
7.40981963928e-08 0 	0 	-22557.5384385 	
7.46793587174e-08 0 	0 	-22526.6666838 	
7.52605210421e-08 0 	0 	-22495.7949292 	
7.58416833667e-08 0 	0 	-22444.6789021 	
7.64228456914e-08 0 	0 	-22388.5475544 	
7.7004008016e-08 0 	0 	-22332.4162068 	
7.75851703407e-08 0 	0 	-22276.2848591 	
7.81663326653e-08 0 	0 	-22220.1535115 	
7.874749499e-08 0 	0 	-22164.0221638 	
7.93286573146e-08 0 	0 	-22107.8908162 	
7.99098196393e-08 0 	0 	-22051.7594685 	
8.04909819639e-08 0 	0 	-21995.6281208 	
8.10721442886e-08 0 	0 	-21939.4967732 	
8.16533066132e-08 0 	0 	-21854.7667126 	
8.22344689379e-08 0 	0 	-21751.5280527 	
8.28156312625e-08 0 	0 	-21648.2893927 	
8.33967935872e-08 0 	0 	-21545.0507328 	
8.39779559118e-08 0 	0 	-21441.8120728 	
8.45591182365e-08 0 	0 	-21338.5734129 	
8.51402805611e-08 0 	0 	-21235.3347529 	
8.57214428858e-08 0 	0 	-21132.096093 	
8.63026052104e-08 0 	0 	-21028.857433 	
8.68837675351e-08 0 	0 	-20925.6187731 	
8.74649298597e-08 0 	0 	-20807.0057577 	
8.80460921844e-08 0 	0 	-20614.8269513 	
8.8627254509e-08 0 	0 	-20422.6481448 	
8.92084168337e-08 0 	0 	-20230.4693383 	
8.97895791583e-08 0 	0 	-20038.2905319 	
9.0370741483e-08 0 	0 	-19846.1117254 	
9.09519038076e-08 0 	0 	-19653.9329189 	
9.15330661323e-08 0 	0 	-19461.7541125 	
9.21142284569e-08 0 	0 	-19269.575306 	
9.26953907816e-08 0 	0 	-19077.3964995 	
9.32765531062e-08 0 	0 	-18885.2176931 	
9.38577154309e-08 0 	0 	-18609.1848012 	
9.44388777555e-08 0 	0 	-18246.950484 	
9.50200400802e-08 0 	0 	-17884.7161667 	
9.56012024048e-08 0 	0 	-17522.4818495 	
9.61823647295e-08 0 	0 	-17160.2475322 	
9.67635270541e-08 0 	0 	-16798.0132149 	
9.73446893788e-08 0 	0 	-16435.7788977 	
9.79258517034e-08 0 	0 	-16073.5445804 	
9.85070140281e-08 0 	0 	-15711.3102632 	
9.90881763527e-08 0 	0 	-15349.0759459 	
9.96693386774e-08 0 	0 	-14986.8416287 	
1.00250501002e-07 0 	0 	-14439.4887073 	
1.00831663327e-07 0 	0 	-13747.8788861 	
1.01412825651e-07 0 	0 	-13056.2690649 	
1.01993987976e-07 0 	0 	-12364.6592437 	
1.02575150301e-07 0 	0 	-11673.0494225 	
1.03156312625e-07 0 	0 	-10981.4396013 	
1.0373747495e-07 0 	0 	-10289.8297801 	
1.04318637275e-07 0 	0 	-9598.21995892 	
1.04899799599e-07 0 	0 	-8906.61013773 	
1.05480961924e-07 0 	0 	-8215.00031653 	
1.06062124248e-07 0 	0 	-7523.39049534 	
1.06643286573e-07 0 	0 	-6590.18455437 	
1.07224448898e-07 0 	0 	-5252.1474055 	
1.07805611222e-07 0 	0 	-3914.11025662 	
1.08386773547e-07 0 	0 	-2576.07310774 	
1.08967935872e-07 0 	0 	-1238.03595886 	
1.09549098196e-07 0 	0 	100.001190017 	
1.10130260521e-07 0 	0 	1438.0383389 	
1.10711422846e-07 0 	0 	2776.07548777 	
1.1129258517e-07 0 	0 	4114.11263665 	
1.11873747495e-07 0 	0 	5452.14978553 	
1.1245490982e-07 0 	0 	6790.18693441 	
1.13036072144e-07 0 	0 	8128.22408329 	
1.13617234469e-07 0 	0 	10652.0888889 	
1.14198396794e-07 0 	0 	13276.021813 	
1.14779559118e-07 0 	0 	15899.9547371 	
1.15360721443e-07 0 	0 	18523.8876612 	
1.15941883768e-07 0 	0 	21147.8205854 	
1.16523046092e-07 0 	0 	23771.7535095 	
1.17104208417e-07 0 	0 	26395.6864336 	
1.17685370741e-07 0 	0 	29019.6193577 	
1.18266533066e-07 0 	0 	31643.5522818 	
1.18847695391e-07 0 	0 	34267.4852059 	
1.19428857715e-07 0 	0 	36891.4181301 	
1.2001002004e-07 0 	0 	40037.1031737 	
1.20591182365e-07 0 	0 	45254.8438739 	
1.21172344689e-07 0 	0 	50472.5845741 	
1.21753507014e-07 0 	0 	55690.3252742 	
1.22334669339e-07 0 	0 	60908.0659744 	
1.22915831663e-07 0 	0 	66125.8066746 	
1.23496993988e-07 0 	0 	71343.5473747 	
1.24078156313e-07 0 	0 	76561.2880749 	
1.24659318637e-07 0 	0 	81779.0287751 	
1.25240480962e-07 0 	0 	86996.7694752 	
1.25821643287e-07 0 	0 	92214.5101754 	
1.26402805611e-07 0 	0 	97432.2508756 	
1.26983967936e-07 0 	0 	103735.117654 	
1.27565130261e-07 0 	0 	114263.82625 	
1.28146292585e-07 0 	0 	124792.534846 	
1.2872745491e-07 0 	0 	135321.243443 	
1.29308617234e-07 0 	0 	145849.952039 	
1.29889779559e-07 0 	0 	156378.660635 	
1.30470941884e-07 0 	0 	166907.369231 	
1.31052104208e-07 0 	0 	177436.077827 	
1.31633266533e-07 0 	0 	187964.786424 	
1.32214428858e-07 0 	0 	198493.49502 	
1.32795591182e-07 0 	0 	209022.203616 	
1.33376753507e-07 0 	0 	219550.912212 	
1.33957915832e-07 0 	0 	230079.620808 	
1.34539078156e-07 0 	0 	250860.826211 	
1.35120240481e-07 0 	0 	272471.097023 	
1.35701402806e-07 0 	0 	294081.367834 	
1.3628256513e-07 0 	0 	315691.638646 	
1.36863727455e-07 0 	0 	337301.909458 	
1.3744488978e-07 0 	0 	358912.180269 	
1.38026052104e-07 0 	0 	380522.451081 	
1.38607214429e-07 0 	0 	402132.721893 	
1.39188376754e-07 0 	0 	423742.992705 	
1.39769539078e-07 0 	0 	445353.263516 	
1.40350701403e-07 0 	0 	466963.534328 	
1.40931863727e-07 0 	0 	488573.80514 	
1.41513026052e-07 0 	0 	512822.887499 	
1.42094188377e-07 0 	0 	541822.473066 	
1.42675350701e-07 0 	0 	570822.058633 	
1.43256513026e-07 0 	0 	599821.6442 	
1.43837675351e-07 0 	0 	628821.229767 	
1.44418837675e-07 0 	0 	657820.815334 	
1.45e-07 0 	0 	686820.400901 	
