-1.45e-07 0.0237761518171 1.98402037709 0.49998403722
-1.44418837675e-07 0.0226646731416 1.90103888337 0.522095179331
-1.43837675351e-07 0.0216164435618 1.82503524984 0.543571040217
-1.43256513026e-07 0.0206485231504 1.75818885355 0.56438504693
-1.42675350701e-07 0.019739241913 1.6975108191 0.584629966934
-1.42094188377e-07 0.0188762621173 1.64152440319 0.60439088906
-1.41513026052e-07 0.0180691955192 1.59097525782 0.623523131519
-1.40931863727e-07 0.0173212091214 1.54574967841 0.641896382882
-1.40350701403e-07 0.0166046715401 1.50325460188 0.659838928884
-1.39769539078e-07 0.0159423183337 1.46529522355 0.67699577407
-1.39188376754e-07 0.0153190109407 1.43038073564 0.693520457401
-1.38607214429e-07 0.0147228916619 1.39758644502 0.709604958106
-1.38026052104e-07 0.0141808675204 1.36873397763 0.724721147259
-1.3744488978e-07 0.0136508885499 1.34074095752 0.739614860615
-1.36863727455e-07 0.0131749380279 1.31643862367 0.753448884127
-1.3628256513e-07 0.01270874132 1.29276303147 0.76707501968
-1.35701402806e-07 0.0122867462847 1.27192766458 0.779759062695
-1.35120240481e-07 0.0118748164517 1.25170284304 0.792211774366
-1.34539078156e-07 0.0115027335858 1.23389509961 0.803748672122
-1.33957915832e-07 0.0111364979243 1.21642342755 0.815141688669
-1.33376753507e-07 0.0108103403761 1.20125526767 0.825548509574
-1.32795591182e-07 0.010484182828 1.18608710779 0.835955330478
-1.32214428858e-07 0.0101980742242 1.17310826241 0.845314097724
-1.31633266533e-07 0.00991393288297 1.16023695935 0.854621383044
-1.31052104208e-07 0.00965555948106 1.14871058639 0.863215992647
-1.30470941884e-07 0.00940962499441 1.13783344936 0.871466573465
-1.29889779559e-07 0.00917356473076 1.12745028261 0.879430209956
-1.29308617234e-07 0.00896214962962 1.11830002079 0.886677659503
-1.2872745491e-07 0.00875073452849 1.10914975896 0.89392510905
-1.28146292585e-07 0.0085635654591 1.10116652034 0.900436262973
-1.27565130261e-07 0.00838312571588 1.0935071813 0.906743062904
-1.26983967936e-07 0.00820707399001 1.08605181949 0.912911315702
-1.26402805611e-07 0.00805422932796 1.07967523936 0.918346829341
-1.25821643287e-07 0.00790138466591 1.07329865922 0.92378234298
-1.25240480962e-07 0.00775851934636 1.0673717317 0.928891785664
-1.24659318637e-07 0.00763007164297 1.06209443807 0.933530138608
-1.24078156313e-07 0.00750162393957 1.05681714444 0.938168491553
-1.23496993988e-07 0.00738444718585 1.05203384617 0.942427377177
-1.22915831663e-07 0.00727739636941 1.04769435843 0.946345345451
-1.22334669339e-07 0.00717034555298 1.04335487069 0.950263313725
-1.21753507014e-07 0.00707270647506 1.03941797823 0.953856069975
-1.21172344689e-07 0.0069842634015 1.03587445283 0.957131068651
-1.20591182365e-07 0.00689582032794 1.03233092742 0.960406067327
-1.2001002004e-07 0.00681282231964 1.02901543611 0.963488661463
-1.19428857715e-07 0.00674041822929 1.02614360788 0.966196913365
-1.18847695391e-07 0.00666801413895 1.02327177965 0.968905165266
-1.18266533066e-07 0.00659589549469 1.02041168911 0.971603136194
-1.17685370741e-07 0.00653718778192 1.01810306295 0.973818082687
-1.17104208417e-07 0.00647848006914 1.01579443678 0.976033029179
-1.16523046092e-07 0.00641977235637 1.01348581062 0.978247975671
-1.15941883768e-07 0.00636734807153 1.01143156076 0.980232919589
-1.15360721443e-07 0.00632022224521 1.00959181202 0.982023915377
-1.14779559118e-07 0.0062730964189 1.00775206329 0.983814911164
-1.14198396794e-07 0.00622597059258 1.00591231455 0.985605906952
-1.13617234469e-07 0.00618753855237 1.00441991128 0.987074321458
-1.13036072144e-07 0.00615010641488 1.00296745742 0.988505634765
-1.1245490982e-07 0.00611267427739 1.00151500357 0.989936948071
-1.11873747495e-07 0.00607585032565 1.00008658242 0.991345438892
-1.1129258517e-07 0.00604644454365 0.998951293229 0.992475559059
-1.10711422846e-07 0.00601703876165 0.997816004042 0.993605679225
-1.10130260521e-07 0.00598763297964 0.996680714856 0.994735799392
-1.09549098196e-07 0.00595869278428 0.995563656758 0.995848285476
-1.08967935872e-07 0.0059358581586 0.994685675921 0.996729523261
-1.08386773547e-07 0.00591302353291 0.993807695085 0.997610761045
-1.07805611222e-07 0.00589018890723 0.992929714248 0.99849199883
-1.07224448898e-07 0.00586735428155 0.992051733412 0.999373236614
-1.06643286573e-07 0.00584916223836 0.991354196971 1.00007730626
-1.06062124248e-07 0.00583164409499 0.990682853162 1.00075565885
-1.05480961924e-07 0.00581412595162 0.990011509352 1.00143401144
-1.04899799599e-07 0.00579660780825 0.989340165542 1.00211236402
-1.04318637275e-07 0.00578110199864 0.988746568207 1.00271345612
-1.0373747495e-07 0.00576783221297 0.988239359615 1.00322869948
-1.03156312625e-07 0.0057545624273 0.987732151022 1.00374394284
-1.02575150301e-07 0.00574129264162 0.98722494243 1.0042591862
-1.01993987976e-07 0.00572802285595 0.986717733837 1.00477442956
-1.01412825651e-07 0.00571764307211 0.986321649007 1.00517818052
-1.00831663327e-07 0.0057077242996 0.985943290571 1.00556414629
-1.00250501002e-07 0.00569780552709 0.985564932135 1.00595011206
-9.96693386774e-08 0.00568788675458 0.9851865737 1.00633607782
-9.90881763527e-08 0.0056780444276 0.984811143689 1.00671908328
-9.85070140281e-08 0.0056707331438 0.984532671212 1.00700407544
-9.79258517034e-08 0.00566342186001 0.984254198734 1.00728906761
-9.73446893788e-08 0.00565611057621 0.983975726256 1.00757405977
-9.67635270541e-08 0.00564879929241 0.983697253779 1.00785905194
-9.61823647295e-08 0.00564148800862 0.983418781301 1.0081440441
-9.56012024048e-08 0.00563610429715 0.983213935216 1.00835417391
-9.50200400802e-08 0.00563079324805 0.983011864574 1.00856148169
-9.44388777555e-08 0.00562548219895 0.982809793932 1.00876878946
-9.38577154309e-08 0.00562017114984 0.98260772329 1.00897609724
-9.32765531062e-08 0.00561486010074 0.982405652648 1.00918340501
-9.26953907816e-08 0.00561053815124 0.982241278684 1.00935221289
-9.21142284569e-08 0.00560673878316 0.982096821403 1.00950067971
-9.15330661323e-08 0.00560293941508 0.981952364123 1.00964914652
-9.09519038076e-08 0.005599140047 0.981807906842 1.00979761334
-9.0370741483e-08 0.00559534067892 0.981663449561 1.00994608016
-8.97895791583e-08 0.00559164195945 0.981522821863 1.01009062275
-8.92084168337e-08 0.00558896733993 0.981421160179 1.01019523629
-8.8627254509e-08 0.00558629272041 0.981319498495 1.01029984984
-8.80460921844e-08 0.00558361810089 0.98121783681 1.01040446339
-8.74649298597e-08 0.00558094348137 0.981116175126 1.01050907693
-8.68837675351e-08 0.00557826886185 0.981014513442 1.01061369048
-8.63026052104e-08 0.00557580576446 0.980920890174 1.01071004667
-8.57214428858e-08 0.00557395442679 0.980850515439 1.01078252111
-8.51402805611e-08 0.00557210308912 0.980780140703 1.01085499555
-8.45591182365e-08 0.00557025175145 0.980709765968 1.01092746999
-8.39779559118e-08 0.00556840041377 0.980639391233 1.01099994443
-8.33967935872e-08 0.0055665490761 0.980569016497 1.01107241887
-8.28156312625e-08 0.00556478289013 0.980501874931 1.01114156616
-8.22344689379e-08 0.0055635239413 0.980453992912 1.01119089407
-8.16533066132e-08 0.00556226499248 0.980406110893 1.01124022199
-8.10721442886e-08 0.00556100604365 0.980358228875 1.0112895499
-8.04909819639e-08 0.00555974709482 0.980310346856 1.01133887782
-7.99098196393e-08 0.00555848814599 0.980262464837 1.01138820573
-7.93286573146e-08 0.00555722919716 0.980214582818 1.01143753364
-7.874749499e-08 0.00555627857979 0.980178400907 1.01147480617
-7.81663326653e-08 0.00555543831158 0.980146406363 1.01150776419
-7.75851703407e-08 0.00555459804338 0.980114411819 1.0115407222
-7.7004008016e-08 0.00555375777517 0.980082417276 1.01157368021
-7.64228456914e-08 0.00555291750697 0.980050422732 1.01160663823
-7.58416833667e-08 0.00555207723877 0.980018428188 1.01163959624
-7.52605210421e-08 0.00555124302659 0.979986663359 1.01167231736
-7.46793587174e-08 0.00555069316938 0.979965684568 1.01169391532
-7.40981963928e-08 0.00555014331217 0.979944705777 1.01171551327
-7.35170340681e-08 0.00554959345496 0.979923726986 1.01173711123
-7.29358717435e-08 0.00554904359775 0.979902748194 1.01175870919
-7.23547094188e-08 0.00554849374054 0.979881769403 1.01178030715
-7.17735470942e-08 0.00554794388333 0.979860790612 1.01180190511
-7.11923847695e-08 0.00554739402611 0.979839811821 1.01182350307
-7.06112224449e-08 0.00554703816837 0.979826190131 1.01183750973
-7.00300601202e-08 0.00554668583384 0.979812702053 1.01185137853
-6.94488977956e-08 0.00554633349932 0.979799213974 1.01186524733
-6.88677354709e-08 0.00554598116479 0.979785725896 1.01187911612
-6.82865731463e-08 0.00554562883027 0.979772237818 1.01189298492
-6.77054108216e-08 0.00554527649575 0.97975874974 1.01190685372
-6.7124248497e-08 0.00554492416122 0.979745261662 1.01192072252
-6.65430861723e-08 0.00554465142814 0.979734792156 1.01193147566
-6.59619238477e-08 0.0055444307056 0.979726294945 1.01194019309
-6.5380761523e-08 0.00554420998306 0.979717797734 1.01194891051
-6.47995991984e-08 0.00554398926052 0.979709300523 1.01195762793
-6.42184368737e-08 0.00554376853798 0.979700803312 1.01196634535
-6.36372745491e-08 0.00554354781544 0.979692306101 1.01197506277
-6.30561122244e-08 0.0055433270929 0.97968380889 1.01198378019
-6.24749498998e-08 0.00554310637036 0.979675311679 1.01199249761
-6.18937875752e-08 0.00554296053496 0.979669654589 1.01199828326
-6.13126252505e-08 0.00554282564018 0.979664412426 1.01200364059
-6.07314629259e-08 0.0055426907454 0.979659170263 1.01200899791
-6.01503006012e-08 0.00554255585063 0.979653928099 1.01201435524
-5.95691382766e-08 0.00554242095585 0.979648685936 1.01201971257
-5.89879759519e-08 0.00554228606107 0.979643443773 1.01202506989
-5.84068136273e-08 0.00554215116629 0.97963820161 1.01203042722
-5.78256513026e-08 0.00554201627151 0.979632959447 1.01203578455
-5.7244488978e-08 0.00554192341535 0.979629312154 1.01203949572
-5.66633266533e-08 0.0055418432432 0.979626146071 1.01204271021
-5.60821643287e-08 0.00554176307106 0.979622979988 1.01204592469
-5.5501002004e-08 0.00554168289892 0.979619813905 1.01204913918
-5.49198396794e-08 0.00554160272678 0.979616647822 1.01205235367
-5.43386773547e-08 0.00554152255463 0.979613481739 1.01205556815
-5.37575150301e-08 0.00554144238249 0.979610315656 1.01205878264
-5.31763527054e-08 0.00554136221035 0.979607149573 1.01206199713
-5.25951903808e-08 0.00554129137372 0.979604337909 1.01206484594
-5.20140280561e-08 0.00554124527617 0.979602465451 1.01206672573
-5.14328657315e-08 0.00554119917863 0.979600592994 1.01206860551
-5.08517034068e-08 0.00554115308109 0.979598720537 1.0120704853
-5.02705410822e-08 0.00554110698355 0.97959684808 1.01207236509
-4.96893787575e-08 0.005541060886 0.979594975622 1.01207424487
-4.91082164329e-08 0.00554101478846 0.979593103165 1.01207612466
-4.85270541082e-08 0.00554096869092 0.979591230708 1.01207800445
-4.79458917836e-08 0.00554092259337 0.979589358251 1.01207988424
-4.73647294589e-08 0.00554088417499 0.979587777709 1.01208146309
-4.67835671343e-08 0.00554085877329 0.979586691984 1.01208253184
-4.62024048096e-08 0.00554083337159 0.979585606259 1.0120836006
-4.5621242485e-08 0.00554080796989 0.979584520534 1.01208466935
-4.50400801603e-08 0.00554078256819 0.979583434809 1.0120857381
-4.44589178357e-08 0.00554075716649 0.979582349084 1.01208680686
-4.3877755511e-08 0.00554073176479 0.979581263359 1.01208787561
-4.32965931864e-08 0.00554070636308 0.979580177634 1.01208894436
-4.27154308617e-08 0.00554068096138 0.979579091909 1.01209001312
-4.21342685371e-08 0.00554065604668 0.979578024742 1.01209106277
-4.15531062124e-08 0.00554064288822 0.979577405565 1.01209165134
-4.09719438878e-08 0.00554062972977 0.979576786388 1.01209223992
-4.03907815631e-08 0.00554061657131 0.979576167211 1.01209282849
-3.98096192385e-08 0.00554060341286 0.979575548034 1.01209341706
-3.92284569138e-08 0.0055405902544 0.979574928857 1.01209400563
-3.86472945892e-08 0.00554057709595 0.97957430968 1.0120945942
-3.80661322645e-08 0.00554056393749 0.979573690504 1.01209518278
-3.74849699399e-08 0.00554055077904 0.979573071327 1.01209577135
-3.69038076152e-08 0.00554053762058 0.97957245215 1.01209635992
-3.63226452906e-08 0.00554052628974 0.979571902938 1.01209687671
-3.57414829659e-08 0.00554052017282 0.979571553327 1.01209718869
-3.51603206413e-08 0.00554051405589 0.979571203716 1.01209750068
-3.45791583166e-08 0.00554050793897 0.979570854105 1.01209781266
-3.3997995992e-08 0.00554050182205 0.979570504494 1.01209812465
-3.34168336673e-08 0.00554049570512 0.979570154883 1.01209843663
-3.28356713427e-08 0.0055404895882 0.979569805272 1.01209874862
-3.2254509018e-08 0.00554048347127 0.979569455661 1.01209906061
-3.16733466934e-08 0.00554047735435 0.979569106051 1.01209937259
-3.10921843687e-08 0.00554047123743 0.97956875644 1.01209968458
-3.05110220441e-08 0.00554046515491 0.979568408158 1.01209999521
-2.99298597194e-08 0.0055404629645 0.97956821021 1.01210015251
-2.93486973948e-08 0.00554046077409 0.979568012263 1.01210030982
-2.87675350701e-08 0.00554045858369 0.979567814315 1.01210046712
-2.81863727455e-08 0.00554045639328 0.979567616368 1.01210062442
-2.76052104208e-08 0.00554045420287 0.979567418421 1.01210078173
-2.70240480962e-08 0.00554045201246 0.979567220473 1.01210093903
-2.64428857715e-08 0.00554044982206 0.979567022526 1.01210109634
-2.58617234469e-08 0.00554044763165 0.979566824579 1.01210125364
-2.52805611222e-08 0.00554044544124 0.979566626631 1.01210141094
-2.46993987976e-08 0.00554044325083 0.979566428684 1.01210156825
-2.41182364729e-08 0.00554044161975 0.97956625273 1.01210170339
-2.35370741483e-08 0.00554044154178 0.979566137846 1.01210177698
-2.29559118236e-08 0.00554044146381 0.979566022962 1.01210185058
-2.2374749499e-08 0.00554044138583 0.979565908078 1.01210192418
-2.17935871743e-08 0.00554044130786 0.979565793194 1.01210199778
-2.12124248497e-08 0.00554044122989 0.97956567831 1.01210207137
-2.0631262525e-08 0.00554044115191 0.979565563426 1.01210214497
-2.00501002004e-08 0.00554044107394 0.979565448542 1.01210221857
-1.94689378758e-08 0.00554044099597 0.979565333658 1.01210229216
-1.88877755511e-08 0.00554044091799 0.979565218774 1.01210236576
-1.83066132265e-08 0.00554044084002 0.979565103891 1.01210243936
-1.77254509018e-08 0.00554044076624 0.979564989178 1.01210251279
-1.71442885772e-08 0.00554044177248 0.979564918541 1.01210254288
-1.65631262525e-08 0.00554044277872 0.979564847905 1.01210257298
-1.59819639279e-08 0.00554044378496 0.979564777269 1.01210260307
-1.54008016032e-08 0.0055404447912 0.979564706632 1.01210263317
-1.48196392786e-08 0.00554044579744 0.979564635996 1.01210266326
-1.42384769539e-08 0.00554044680367 0.97956456536 1.01210269336
-1.36573146293e-08 0.00554044780991 0.979564494723 1.01210272346
-1.30761523046e-08 0.00554044881615 0.979564424087 1.01210275355
-1.249498998e-08 0.00554044982239 0.979564353451 1.01210278365
-1.19138276553e-08 0.00554045082863 0.979564282814 1.01210281374
-1.13326653307e-08 0.00554045183487 0.979564212178 1.01210284384
-1.0751503006e-08 0.00554045294432 0.97956414612 1.01210286967
-1.01703406814e-08 0.00554045446367 0.979564098243 1.01210287857
-9.58917835671e-09 0.00554045598301 0.979564050367 1.01210288747
-9.00801603206e-09 0.00554045750235 0.97956400249 1.01210289638
-8.42685370741e-09 0.00554045902169 0.979563954613 1.01210290528
-7.84569138277e-09 0.00554046054104 0.979563906736 1.01210291418
-7.26452905812e-09 0.00554046206038 0.979563858859 1.01210292308
-6.68336673347e-09 0.00554046357972 0.979563810983 1.01210293198
-6.10220440882e-09 0.00554046509906 0.979563763106 1.01210294088
-5.52104208417e-09 0.00554046661841 0.979563715229 1.01210294979
-4.93987975952e-09 0.00554046813775 0.979563667352 1.01210295869
-4.35871743487e-09 0.00554046965709 0.979563619476 1.01210296759
-3.77755511022e-09 0.00554047117643 0.979563571599 1.01210297649
-3.19639278557e-09 0.00554047285525 0.979563532652 1.01210297819
-2.61523046092e-09 0.00554047456658 0.979563495527 1.01210297841
-2.03406813627e-09 0.00554047627792 0.979563458402 1.01210297864
-1.45290581162e-09 0.00554047798926 0.979563421277 1.01210297887
-8.71743486974e-10 0.00554047970059 0.979563384151 1.01210297909
-2.90581162324e-10 0.00554048141193 0.979563347026 1.01210297932
2.90581162325e-10 0.00554048312327 0.979563309901 1.01210297954
8.71743486974e-10 0.00554048483461 0.979563272776 1.01210297977
1.45290581162e-09 0.00554048654594 0.97956323565 1.01210297999
2.03406813627e-09 0.00554048825728 0.979563198525 1.01210298022
2.61523046092e-09 0.00554048996862 0.9795631614 1.01210298045
3.19639278557e-09 0.00554049167995 0.979563124275 1.01210298067
3.77755511022e-09 0.0055404933896 0.979563087674 1.01210298077
4.35871743487e-09 0.00554049509092 0.979563053646 1.01210298023
4.93987975952e-09 0.00554049679224 0.979563019618 1.01210297969
5.52104208417e-09 0.00554049849357 0.979562985589 1.01210297915
6.10220440882e-09 0.00554050019489 0.979562951561 1.01210297861
6.68336673347e-09 0.00554050189622 0.979562917533 1.01210297806
7.26452905812e-09 0.00554050359754 0.979562883505 1.01210297752
7.84569138277e-09 0.00554050529887 0.979562849476 1.01210297698
8.42685370742e-09 0.00554050700019 0.979562815448 1.01210297644
9.00801603206e-09 0.00554050870152 0.97956278142 1.0121029759
9.58917835671e-09 0.00554051040284 0.979562747392 1.01210297536
1.01703406814e-08 0.00554051210417 0.979562713363 1.01210297482
1.0751503006e-08 0.00554051380549 0.979562679335 1.01210297428
1.13326653307e-08 0.00554051536978 0.979562642764 1.01210297822
1.19138276553e-08 0.00554051689956 0.979562605552 1.01210298329
1.249498998e-08 0.00554051842935 0.97956256834 1.01210298836
1.30761523046e-08 0.00554051995913 0.979562531128 1.01210299342
1.36573146293e-08 0.00554052148891 0.979562493917 1.01210299849
1.42384769539e-08 0.00554052301869 0.979562456705 1.01210300356
1.48196392786e-08 0.00554052454848 0.979562419493 1.01210300863
1.54008016032e-08 0.00554052607826 0.979562382281 1.0121030137
1.59819639279e-08 0.00554052760804 0.979562345069 1.01210301877
1.65631262525e-08 0.00554052913783 0.979562307858 1.01210302383
1.71442885772e-08 0.00554053066761 0.979562270646 1.0121030289
1.77254509018e-08 0.00554053219739 0.979562233434 1.01210303397
1.83066132265e-08 0.00554053335621 0.979562185318 1.01210305251
1.88877755511e-08 0.00554053451358 0.979562137159 1.0121030711
1.94689378758e-08 0.00554053567095 0.979562089 1.0121030897
2.00501002004e-08 0.00554053682833 0.979562040841 1.01210310829
2.06312625251e-08 0.0055405379857 0.979561992682 1.01210312688
2.12124248497e-08 0.00554053914307 0.979561944523 1.01210314547
2.17935871743e-08 0.00554054030045 0.979561896365 1.01210316407
2.2374749499e-08 0.00554054145782 0.979561848206 1.01210318266
2.29559118236e-08 0.00554054261519 0.979561800047 1.01210320125
2.35370741483e-08 0.00554054377257 0.979561751888 1.01210321984
2.41182364729e-08 0.00554054492994 0.979561703729 1.01210323844
2.46993987976e-08 0.00554054557471 0.979561638367 1.01210327636
2.52805611222e-08 0.00554054603487 0.979561566808 1.01210332124
2.58617234469e-08 0.00554054649503 0.97956149525 1.01210336612
2.64428857715e-08 0.00554054695519 0.979561423691 1.012103411
2.70240480962e-08 0.00554054741535 0.979561352132 1.01210345588
2.76052104208e-08 0.00554054787551 0.979561280574 1.01210350076
2.81863727455e-08 0.00554054833567 0.979561209015 1.01210354564
2.87675350701e-08 0.00554054879583 0.979561137457 1.01210359052
2.93486973948e-08 0.00554054925599 0.979561065898 1.0121036354
2.99298597194e-08 0.00554054971615 0.97956099434 1.01210368029
3.05110220441e-08 0.00554055017631 0.979560922781 1.01210372517
3.10921843687e-08 0.00554054939207 0.979560806926 1.01210381781
3.16733466934e-08 0.00554054859684 0.979560690678 1.01210391088
3.2254509018e-08 0.00554054780161 0.979560574431 1.01210400395
3.28356713427e-08 0.00554054700637 0.979560458184 1.01210409702
3.34168336673e-08 0.00554054621114 0.979560341937 1.01210419009
3.3997995992e-08 0.00554054541591 0.97956022569 1.01210428316
3.45791583166e-08 0.00554054462067 0.979560109443 1.01210437623
3.51603206413e-08 0.00554054382544 0.979559993196 1.0121044693
3.57414829659e-08 0.00554054303021 0.979559876949 1.01210456237
3.63226452906e-08 0.00554054223497 0.979559760702 1.01210465543
3.69038076152e-08 0.0055405398046 0.979559584532 1.01210481184
3.74849699399e-08 0.00554053680106 0.979559387358 1.01210499045
3.80661322645e-08 0.00554053379753 0.979559190184 1.01210516905
3.86472945892e-08 0.005540530794 0.979558993009 1.01210534766
3.92284569138e-08 0.00554052779046 0.979558795835 1.01210552626
3.98096192385e-08 0.00554052478693 0.979558598661 1.01210570487
4.03907815631e-08 0.00554052178339 0.979558401487 1.01210588348
4.09719438878e-08 0.00554051877986 0.979558204312 1.01210606208
4.15531062124e-08 0.00554051577633 0.979558007138 1.01210624069
4.21342685371e-08 0.00554051277279 0.979557809964 1.0121064193
4.27154308617e-08 0.0055405061224 0.979557477124 1.01210673984
4.32965931864e-08 0.00554049932094 0.979557138665 1.01210706626
4.3877755511e-08 0.00554049251947 0.979556800205 1.01210739267
4.44589178357e-08 0.00554048571801 0.979556461745 1.01210771909
4.50400801603e-08 0.00554047891655 0.979556123286 1.01210804551
4.5621242485e-08 0.00554047211509 0.979555784826 1.01210837193
4.62024048096e-08 0.00554046531363 0.979555446366 1.01210869835
4.67835671343e-08 0.00554045851216 0.979555107907 1.01210902477
4.73647294589e-08 0.0055404517107 0.979554769447 1.01210935119
4.79458917836e-08 0.00554044089586 0.979554280491 1.01210983421
4.85270541082e-08 0.00554042771334 0.979553702751 1.01211040962
4.91082164329e-08 0.00554041453082 0.97955312501 1.01211098503
4.96893787575e-08 0.00554040134829 0.97955254727 1.01211156043
5.02705410822e-08 0.00554038816577 0.979551969529 1.01211213584
5.08517034068e-08 0.00554037498324 0.979551391789 1.01211271124
5.14328657315e-08 0.00554036180072 0.979550814048 1.01211328665
5.20140280561e-08 0.0055403486182 0.979550236308 1.01211386206
5.25951903808e-08 0.00554033543567 0.979549658567 1.01211443746
5.31763527054e-08 0.00554031465138 0.979548794527 1.01211530991
5.37575150301e-08 0.0055402909985 0.979547822449 1.01211629444
5.43386773547e-08 0.00554026734561 0.979546850372 1.01211727897
5.49198396794e-08 0.00554024369273 0.979545878294 1.0121182635
5.5501002004e-08 0.00554022003984 0.979544906216 1.01211924803
5.60821643287e-08 0.00554019638696 0.979543934139 1.01212023257
5.66633266533e-08 0.00554017273408 0.979542962061 1.0121212171
5.7244488978e-08 0.00554014908119 0.979541989983 1.01212220163
5.78256513026e-08 0.00554012153833 0.979540871044 1.01212333828
5.84068136273e-08 0.00554008110292 0.979539265363 1.01212497911
5.89879759519e-08 0.00554004066751 0.979537659681 1.01212661995
5.95691382766e-08 0.0055400002321 0.979536054 1.01212826078
6.01503006012e-08 0.00553995979669 0.979534448318 1.01212990161
6.07314629259e-08 0.00553991936128 0.979532842636 1.01213154244
6.13126252505e-08 0.00553987892587 0.979531236955 1.01213318327
6.18937875752e-08 0.00553983849046 0.979529631273 1.0121348241
6.24749498998e-08 0.0055397947035 0.979527898884 1.01213659606
6.30561122244e-08 0.00553972797561 0.979525299195 1.01213926558
6.36372745491e-08 0.00553966124773 0.979522699507 1.0121419351
6.42184368737e-08 0.00553959451984 0.979520099818 1.01214460462
6.47995991984e-08 0.00553952779196 0.979517500129 1.01214727415
6.5380761523e-08 0.00553946106407 0.979514900441 1.01214994367
6.59619238477e-08 0.00553939433619 0.979512300752 1.01215261319
6.65430861723e-08 0.0055393276083 0.979509701063 1.01215528271
6.7124248497e-08 0.00553924495805 0.979506498947 1.01215857539
6.77054108216e-08 0.00553913793881 0.979502374822 1.01216282179
6.82865731463e-08 0.00553903091957 0.979498250697 1.0121670682
6.88677354709e-08 0.00553892390033 0.979494126572 1.0121713146
6.94488977956e-08 0.00553881688109 0.979490002447 1.01217556101
7.00300601202e-08 0.00553870986186 0.979485878322 1.01217980741
7.06112224449e-08 0.00553860284262 0.979481754197 1.01218405382
7.11923847695e-08 0.00553849474522 0.979477589262 1.01218834243
7.17735470942e-08 0.00553832728096 0.979471177196 1.012194955
7.23547094188e-08 0.00553815981671 0.979464765131 1.01220156757
7.29358717435e-08 0.00553799235245 0.979458353065 1.01220818014
7.35170340681e-08 0.00553782488819 0.979451941 1.01221479271
7.40981963928e-08 0.00553765742394 0.979445528935 1.01222140528
7.46793587174e-08 0.00553748995968 0.979439116869 1.01222801785
7.52605210421e-08 0.00553732249542 0.979432704804 1.01223463042
7.58416833667e-08 0.00553706803532 0.979422999122 1.01224464916
7.64228456914e-08 0.00553681172243 0.979413223295 1.01225474045
7.7004008016e-08 0.00553655540955 0.979403447468 1.01226483174
7.75851703407e-08 0.00553629909666 0.979393671641 1.01227492303
7.81663326653e-08 0.00553604278377 0.979383895814 1.01228501432
7.874749499e-08 0.00553578647089 0.979374119987 1.01229510561
7.93286573146e-08 0.00553549640277 0.97936306614 1.01230651879
7.99098196393e-08 0.00553511201769 0.979348441319 1.01232162554
8.04909819639e-08 0.00553472763262 0.979333816499 1.01233673228
8.10721442886e-08 0.00553434324754 0.979319191678 1.01235183902
8.16533066132e-08 0.00553395886246 0.979304566858 1.01236694576
8.22344689379e-08 0.00553357447739 0.979289942038 1.0123820525
8.28156312625e-08 0.00553319009231 0.979275317217 1.01239715924
8.33967935872e-08 0.00553265056075 0.979254818778 1.01241834313
8.39779559118e-08 0.00553208498419 0.979233334313 1.0124405472
8.45591182365e-08 0.00553151940764 0.979211849848 1.01246275127
8.51402805611e-08 0.00553095383108 0.979190365383 1.01248495535
8.57214428858e-08 0.00553038825453 0.979168880918 1.01250715942
8.63026052104e-08 0.00552982267797 0.979147396453 1.0125293635
8.68837675351e-08 0.00552906999603 0.979118829843 1.01255889875
8.74649298597e-08 0.0055282526205 0.97908781451 1.01259096884
8.80460921844e-08 0.00552743524497 0.979056799176 1.01262303892
8.8627254509e-08 0.00552661786944 0.979025783843 1.01265510901
8.92084168337e-08 0.00552580049391 0.97899476851 1.0126871791
8.97895791583e-08 0.00552498311838 0.978963753177 1.01271924918
9.0370741483e-08 0.00552385253507 0.978920886447 1.01276359625
9.09519038076e-08 0.00552269116968 0.978876854961 1.0128091499
9.15330661323e-08 0.00552152980429 0.978832823476 1.01285470355
9.21142284569e-08 0.0055203684389 0.97878879199 1.0129002572
9.26953907816e-08 0.0055192070735 0.978744760505 1.01294581085
9.32765531062e-08 0.00551788588631 0.978694684435 1.01299763239
9.38577154309e-08 0.0055162622014 0.97863316767 1.01306131728
9.44388777555e-08 0.00551463851649 0.978571650904 1.01312500218
9.50200400802e-08 0.00551301483158 0.978510134139 1.01318868707
9.56012024048e-08 0.00551139114668 0.978448617373 1.01325237197
9.61823647295e-08 0.00550974523949 0.978386260694 1.01331692898
9.67635270541e-08 0.0055075098241 0.978301622976 1.01340462119
9.73446893788e-08 0.00550527440872 0.978216985257 1.0134923134
9.79258517034e-08 0.00550303899334 0.978132347539 1.01358000561
9.85070140281e-08 0.00550080357795 0.97804770982 1.01366769782
9.90881763527e-08 0.00549856816257 0.977963072102 1.01375539003
9.96693386774e-08 0.00549555867774 0.977849203235 1.01387348773
1.00250501002e-07 0.00549252581356 0.977734451494 1.01399250378
1.00831663327e-07 0.00548949294938 0.977619699754 1.01411151983
1.01412825651e-07 0.0054864600852 0.977504948013 1.01423053587
1.01993987976e-07 0.00548328622832 0.977384878035 1.01435509651
1.02575150301e-07 0.00547922851213 0.977231468927 1.01451441523
1.03156312625e-07 0.00547517079595 0.977078059819 1.01467373395
1.0373747495e-07 0.00547111307976 0.976924650711 1.01483305267
1.04318637275e-07 0.00546705536357 0.976771241604 1.01499237139
1.04899799599e-07 0.00546231378441 0.976592074825 1.01517862273
1.05480961924e-07 0.00545695675542 0.976389727152 1.01538911237
1.06062124248e-07 0.00545159972643 0.97618737948 1.01559960201
1.06643286573e-07 0.00544624269744 0.975985031808 1.01581009165
1.07224448898e-07 0.0054406795589 0.9757749353 1.01602871349
1.07805611222e-07 0.00543369650522 0.975511456065 1.01630335904
1.08386773547e-07 0.00542671345153 0.975247976829 1.01657800459
1.08967935872e-07 0.00541973039785 0.974984497594 1.01685265014
1.09549098196e-07 0.00541274734417 0.974721018358 1.01712729569
1.10130260521e-07 0.00540389687495 0.974387492862 1.01747578999
1.10711422846e-07 0.005394904004 0.974048625914 1.01782991571
1.1129258517e-07 0.00538591113305 0.973709758966 1.01818404143
1.11873747495e-07 0.0053769182621 0.973370892017 1.01853816714
1.1245490982e-07 0.00536565644335 0.972947156577 1.01898227245
1.13036072144e-07 0.00535420860273 0.972516463113 1.01943375481
1.13617234469e-07 0.00534276076212 0.972085769648 1.01988523717
1.14198396794e-07 0.00533100707892 0.971643675377 1.0203488896
1.14779559118e-07 0.00531659420698 0.971102455298 1.02091835628
1.15360721443e-07 0.00530218133504 0.97056123522 1.02148782296
1.15941883768e-07 0.0052877684631 0.970020015141 1.02205728963
1.16523046092e-07 0.00527173490258 0.969418628713 1.02269150985
1.17104208417e-07 0.00525377937177 0.968745891171 1.02340252113
1.17685370741e-07 0.00523582384095 0.968073153628 1.02411353241
1.18266533066e-07 0.00521786831014 0.967400416086 1.02482454369
1.18847695391e-07 0.00519581061518 0.966576131885 1.0257002481
1.19428857715e-07 0.00517366560736 0.965748622076 1.02657945793
1.2001002004e-07 0.00515152059954 0.964921112268 1.02745866776
1.20591182365e-07 0.00512613514654 0.963974576725 1.02846871481
1.21172344689e-07 0.0050990841685 0.962966864298 1.02954600961
1.21753507014e-07 0.00507203319045 0.961959151871 1.03062330442
1.22334669339e-07 0.00504216949972 0.960848815539 1.03181491801
1.22915831663e-07 0.00500942711131 0.959633447794 1.03312353227
1.23496993988e-07 0.0049766847229 0.958418080048 1.03443214653
1.24078156313e-07 0.00494084551294 0.957090595392 1.03586758729
1.24659318637e-07 0.0049015593016 0.955638315963 1.03744419573
1.25240480962e-07 0.00486227309026 0.954186036534 1.03902080417
1.25821643287e-07 0.00481857832442 0.952575563382 1.04077953361
1.26402805611e-07 0.00477183211965 0.950855594366 1.0426643205
1.26983967936e-07 0.00472508591488 0.94913562535 1.04454910738
1.27565130261e-07 0.00467124556607 0.947163656463 1.04672985359
1.28146292585e-07 0.00461606384865 0.945144039163 1.04896656012
1.2872745491e-07 0.00455882591224 0.9430522096 1.05129000163
1.29308617234e-07 0.00449417933647 0.940700196369 1.05392595272
1.29889779559e-07 0.00442953276071 0.938348183138 1.05656190382
1.30470941884e-07 0.0043573600604 0.935735221015 1.05951924778
1.31052104208e-07 0.00428217197596 0.933017708249 1.06260535961
1.31633266533e-07 0.00420318839714 0.930170457783 1.06585577166
1.32214428858e-07 0.00411634223007 0.927054448092 1.06944654122
1.32795591182e-07 0.00402889644324 0.923918262532 1.07306365763
1.33376753507e-07 0.00392924377606 0.920371342643 1.07721713544
1.33957915832e-07 0.00382959110889 0.916824422755 1.08137061324
1.34539078156e-07 0.00371773998231 0.912874097773 1.08606887803
1.35120240481e-07 0.00360410915907 0.908864917925 1.09084662462
1.35701402806e-07 0.0034783722015 0.904462890293 1.09617465214
1.3628256513e-07 0.00334957727738 0.899961630704 1.10164167867
1.36863727455e-07 0.00320738375053 0.895034431706 1.10772940431
1.3744488978e-07 0.00306223360527 0.890013242288 1.11395409725
1.38026052104e-07 0.0029007522036 0.884484299011 1.12095086772
1.38607214429e-07 0.00273563822416 0.878844194573 1.12812187243
1.39188376754e-07 0.0025542289104 0.872709425462 1.13608008227
1.39769539078e-07 0.00236466338519 0.866333323965 1.14444141893
1.40350701403e-07 0.00216338443594 0.859610636484 1.1533817003
1.40931863727e-07 0.00194593033881 0.852422232973 1.16314092246
1.41513026052e-07 0.00171911447122 0.844968021051 1.17337999949
1.42094188377e-07 0.00147476362105 0.83702335898 1.18452952654
1.42675350701e-07 0.00121392903411 0.828631559837 1.19655770787
1.43256513026e-07 0.000939498519682 0.819876952147 1.20932086514
1.43837675351e-07 0.000647914166611 0.81067180582 1.22302367389
1.44418837675e-07 0.000333043973323 0.800875434237 1.23803848937
1.45e-07 0 0.790604473553 1.25406011767
