-1.45e-07 0.025 1.13808483652 0.877830916421
-1.44418837675e-07 0.0247860953941 1.12876131929 0.885098495352
-1.43837675351e-07 0.0245825332576 1.1200249109 0.891984632164
-1.43256513026e-07 0.0243916222965 1.11201616905 0.898410931321
-1.42675350701e-07 0.0242105149945 1.10456281495 0.904473483673
-1.42094188377e-07 0.0240374719309 1.0975623256 0.910233191201
-1.41513026052e-07 0.023871888995 1.09097822188 0.915710396735
-1.40931863727e-07 0.0237171954173 1.08499433141 0.920767994593
-1.40350701403e-07 0.0235690483917 1.07936687962 0.92556890817
-1.39769539078e-07 0.0234266085143 1.07404909593 0.930144921867
-1.39188376754e-07 0.0232922189807 1.06916467825 0.934400061106
-1.38607214429e-07 0.0231641759925 1.06461835108 0.938398275062
-1.38026052104e-07 0.023040427092 1.06029998559 0.942221720534
-1.3744488978e-07 0.0229235412506 1.05634373147 0.945763213035
-1.36863727455e-07 0.0228115950026 1.05264582475 0.949098923967
-1.3628256513e-07 0.0227028391644 1.049114634 0.952301527722
-1.35701402806e-07 0.0226008983506 1.04593704439 0.95521643669
-1.35120240481e-07 0.022501764715 1.04290405833 0.95801133964
-1.34539078156e-07 0.0224064133981 1.04006590733 0.960644549611
-1.33957915832e-07 0.0223156814228 1.03746416604 0.963077899057
-1.33376753507e-07 0.0222267256524 1.03495322269 0.965434222394
-1.32795591182e-07 0.0221429402265 1.03270535336 0.967564262605
-1.32214428858e-07 0.0220607843949 1.03053997215 0.969622192676
-1.31633266533e-07 0.0219820359356 1.02854706805 0.971529345285
-1.31052104208e-07 0.0219057696815 1.02667923765 0.973325487443
-1.30470941884e-07 0.021831600641 1.02491708194 0.975027836948
-1.29889779559e-07 0.0217604146558 1.0233046365 0.976595399165
-1.29308617234e-07 0.021690396688 1.02175081022 0.978110185323
-1.2872745491e-07 0.0216235759656 1.02035688683 0.979479054932
-1.28146292585e-07 0.0215573092959 1.0189906731 0.980822638571
-1.27565130261e-07 0.0214942262212 1.0177832038 0.982019500501
-1.26983967936e-07 0.0214313389188 1.01658549634 0.98320733991
-1.26402805611e-07 0.0213714462748 1.01553673216 0.984255829328
-1.25821643287e-07 0.0213115934334 1.01448994762 0.985302466621
-1.25240480962e-07 0.0212544174093 1.01357601272 0.986223348961
-1.24659318637e-07 0.0211972802453 1.01266400643 0.987142405683
-1.24078156313e-07 0.0211424135226 1.0118644807 0.987953777239
-1.23496993988e-07 0.0210876984011 1.0110724655 0.988757958469
-1.22915831663e-07 0.0210347933894 1.01036999461 0.989475461084
-1.22334669339e-07 0.0209822307858 1.0096844623 0.990176567197
-1.21753507014e-07 0.0209309930766 1.00906439418 0.990813611059
-1.21172344689e-07 0.0208803364851 1.0084730396 0.991422556302
-1.20591182365e-07 0.0208305185824 1.00792308689 0.991990545406
-1.2001002004e-07 0.0207815433808 1.00741473414 0.992517382436
-1.19428857715e-07 0.0207329387604 1.00692466202 0.993025937892
-1.18847695391e-07 0.0206854410432 1.00648919299 0.993479887403
-1.18266533066e-07 0.0206379433259 1.00605372397 0.993933836913
-1.17685370741e-07 0.0205916739721 1.00567881698 0.994326549033
-1.17104208417e-07 0.0205454693592 1.00530710192 0.994716033633
-1.16523046092e-07 0.0204999352339 1.00496843103 0.995071725726
-1.15941883768e-07 0.0204548576685 1.00465226114 0.995404407242
-1.15360721443e-07 0.0204099605275 1.00434498088 0.995727891073
-1.14779559118e-07 0.0203658610704 1.00407700302 0.99601071051
-1.14198396794e-07 0.0203217616132 1.00380902516 0.996293529946
-1.13617234469e-07 0.0202782683362 1.00357090939 0.996545075132
-1.13036072144e-07 0.0202350139667 1.00334456285 0.996784294526
-1.1245490982e-07 0.0201918992011 1.00312509314 0.997016219904
-1.11873747495e-07 0.0201493716336 1.00293454856 0.99721746542
-1.1129258517e-07 0.020106844066 1.00274400398 0.997418710937
-1.10711422846e-07 0.020064694382 1.00257207446 0.997599947429
-1.10130260521e-07 0.0200227889063 1.00241217498 0.997768253032
-1.09549098196e-07 0.0199808834305 1.00225227549 0.997936558636
-1.08967935872e-07 0.0199394876396 1.00211748779 0.998077491603
-1.08386773547e-07 0.0198981119921 1.00198369255 0.998217342765
-1.07805611222e-07 0.0198568504924 1.00185552312 0.998350970817
-1.07224448898e-07 0.0198159237652 1.00174385308 0.998466347735
-1.06643286573e-07 0.0197749970379 1.00163218305 0.998581724654
-1.06062124248e-07 0.0197342529817 1.00152952124 0.998686982528
-1.05480961924e-07 0.0196937045749 1.00143650765 0.998781402419
-1.04899799599e-07 0.019653156168 1.00134349406 0.99887582231
-1.04318637275e-07 0.0196128126284 1.00126059293 0.99895869975
-1.0373747495e-07 0.0195725812511 1.00118322824 0.999035257832
-1.03156312625e-07 0.0195323498739 1.00110586355 0.999111815914
-1.02575150301e-07 0.0194923146767 1.00103819727 0.999177120837
-1.01993987976e-07 0.0194523474009 1.00097388878 0.999238529687
-1.01412825651e-07 0.0194123801252 1.00090958029 0.999299938537
-1.00831663327e-07 0.0193725814496 1.00085362661 0.999351491158
-1.00250501002e-07 0.0193328328191 1.00080015285 0.999400118183
-9.96693386774e-08 0.0192930841886 1.0007466791 0.999448745208
-9.90881763527e-08 0.0192534667384 1.00069972953 0.999489549167
-9.85070140281e-08 0.0192138979356 1.00065519942 0.999527451992
-9.79258517034e-08 0.0191743291328 1.0006106693 0.999565354816
-9.73446893788e-08 0.0191348508448 1.00057066558 0.99959774621
-9.67635270541e-08 0.0190954289173 1.00053348031 0.999626705827
-9.61823647295e-08 0.0190560069897 1.00049629503 0.999655665445
-9.56012024048e-08 0.0190166362408 1.00046168991 0.999681441055
-9.50200400802e-08 0.0189773333872 1.00043050772 0.999702992653
-9.44388777555e-08 0.0189380305337 1.00039932552 0.999724544251
-9.38577154309e-08 0.0188987438038 1.00036896591 0.999745070504
-9.32765531062e-08 0.0188595367197 1.00034266958 0.999760531909
-9.26953907816e-08 0.0188203296355 1.00031637324 0.999775993315
-9.21142284569e-08 0.0187811225514 1.00029007691 0.99979145472
-9.15330661323e-08 0.018741978864 1.0002670709 0.999802795442
-9.09519038076e-08 0.0187028481459 1.000244738 0.999813293182
-9.0370741483e-08 0.0186637174278 1.0002224051 0.999823790922
-8.97895791583e-08 0.0186246116498 1.00020139877 0.999832632993
-8.92084168337e-08 0.0185855412569 1.00018227458 0.999839125996
-8.8627254509e-08 0.0185464708639 1.00016315039 0.999845619
-8.80460921844e-08 0.018507400471 1.0001440262 0.999852112003
-8.74649298597e-08 0.0184683732932 1.00012728179 0.99985568022
-8.68837675351e-08 0.0184293500636 1.0001107548 0.999858981224
-8.63026052104e-08 0.018390326834 1.0000942278 0.999862282228
-8.57214428858e-08 0.0183513158826 1.00007841053 0.999864738989
-8.51402805611e-08 0.0183123291027 1.00006399044 0.999865533735
-8.45591182365e-08 0.0182733423229 1.00004957036 0.99986632848
-8.39779559118e-08 0.018234355543 1.00003515027 0.999867123226
-8.33967935872e-08 0.0181953874797 1.00002188686 0.99986661843
-8.28156312625e-08 0.0181564285025 1.00000918497 0.999865482764
-8.22344689379e-08 0.0181174695253 0.999996483083 0.999864347098
-8.16533066132e-08 0.0180785105481 0.999983781194 0.999863211432
-8.10721442886e-08 0.0180395708568 0.999972384622 0.999860737563
-8.04909819639e-08 0.0180006327671 0.999961096448 0.999858152565
-7.99098196393e-08 0.0179616946774 0.999949808274 0.999855567568
-7.93286573146e-08 0.0179227579011 0.999938620501 0.999852893118
-7.874749499e-08 0.0178838352236 0.999928510521 0.999849258405
-7.81663326653e-08 0.017844912546 0.99991840054 0.999845623692
-7.75851703407e-08 0.0178059898684 0.99990829056 0.999841988979
-7.7004008016e-08 0.017767068935 0.999898337115 0.999838241384
-7.64228456914e-08 0.0177281573814 0.999889225485 0.999833886731
-7.58416833667e-08 0.0176892458277 0.999880113855 0.999829532077
-7.52605210421e-08 0.0176503342741 0.999871002225 0.999825177424
-7.46793587174e-08 0.0176114237815 0.999862007866 0.999820761614
-7.40981963928e-08 0.0175725200342 0.999853758955 0.999815957051
-7.35170340681e-08 0.0175336162868 0.999845510044 0.999811152488
-7.29358717435e-08 0.0174947125394 0.999837261132 0.999806347926
-7.23547094188e-08 0.0174558088999 0.999829027797 0.99980153864
-7.17735470942e-08 0.0174169104274 0.999821540396 0.999796503188
-7.11923847695e-08 0.0173780119549 0.999814052995 0.999791467736
-7.06112224449e-08 0.0173391134824 0.999806565594 0.999786432283
-7.00300601202e-08 0.0173002150099 0.999799078193 0.999781396831
-6.94488977956e-08 0.0172613192641 0.999792145542 0.999776316633
-6.88677354709e-08 0.0172224241658 0.999785344598 0.999771225811
-6.82865731463e-08 0.0171835290674 0.999778543654 0.99976613499
-6.77054108216e-08 0.017144633969 0.99977174271 0.999761044168
-6.7124248497e-08 0.0171057398512 0.999765255018 0.999755994623
-6.65430861723e-08 0.0170668467269 0.999759084744 0.999750986903
-6.59619238477e-08 0.0170279536026 0.999752914471 0.999745979182
-6.5380761523e-08 0.0169890604783 0.999746744198 0.999740971462
-6.47995991984e-08 0.0169501674351 0.999740623243 0.999735979669
-6.42184368737e-08 0.0169112752776 0.999735041466 0.999731161993
-6.36372745491e-08 0.0168723831202 0.999729459688 0.999726344317
-6.30561122244e-08 0.0168334909627 0.99972387791 0.999721526641
-6.24749498998e-08 0.0167945988053 0.999718296133 0.999716708965
-6.18937875752e-08 0.0167557067976 0.999713029294 0.999712044504
-6.13126252505e-08 0.0167168149042 0.999708002891 0.999707497013
-6.07314629259e-08 0.0166779230109 0.999702976488 0.999702949521
-6.01503006012e-08 0.0166390311176 0.999697950086 0.99969840203
-5.95691382766e-08 0.0166001392242 0.999692923683 0.999693854539
-5.89879759519e-08 0.0165612471364 0.999688395477 0.999689616301
-5.84068136273e-08 0.016522355037 0.999683896792 0.999685396387
-5.78256513026e-08 0.0164834629376 0.999679398106 0.999681176473
-5.7244488978e-08 0.0164445708382 0.999674899421 0.99967695656
-5.66633266533e-08 0.0164056786324 0.999670507456 0.999672814271
-5.60821643287e-08 0.0163667860317 0.999666511549 0.999668960066
-5.5501002004e-08 0.0163278934309 0.999662515642 0.999665105861
-5.49198396794e-08 0.0162890008301 0.999658519735 0.999661251656
-5.43386773547e-08 0.0162501082293 0.999654523828 0.999657397451
-5.37575150301e-08 0.016211215382 0.999650704559 0.999653686315
-5.31763527054e-08 0.0161723221133 0.999647187195 0.999650219707
-5.25951903808e-08 0.0161334288447 0.99964366983 0.999646753099
-5.20140280561e-08 0.016094535576 0.999640152465 0.999643286491
-5.14328657315e-08 0.0160556423073 0.9996366351 0.999639819883
-5.08517034068e-08 0.0160167487331 0.99963330463 0.99963651638
-5.02705410822e-08 0.0159778547228 0.999630240883 0.999633445648
-4.96893787575e-08 0.0159389607125 0.999627177136 0.999630374916
-4.91082164329e-08 0.0159000667022 0.999624113389 0.999627304184
-4.85270541082e-08 0.0158611726919 0.999621049642 0.999624233452
-4.79458917836e-08 0.0158222784277 0.999618130378 0.999621295609
-4.73647294589e-08 0.0157833836666 0.999615493772 0.999618617741
-4.67835671343e-08 0.0157444889056 0.999612857167 0.999615939873
-4.62024048096e-08 0.0157055941445 0.999610220561 0.999613262005
-4.5621242485e-08 0.0156666993835 0.999607583955 0.999610584137
-4.50400801603e-08 0.0156278045185 0.999605005204 0.999607961503
-4.44589178357e-08 0.0155889090408 0.999602767287 0.99960566426
-4.3877755511e-08 0.0155500135632 0.99960052937 0.999603367018
-4.32965931864e-08 0.0155111180856 0.999598291453 0.999601069776
-4.27154308617e-08 0.0154722226079 0.999596053536 0.999598772534
-4.21342685371e-08 0.0154333271303 0.999593815619 0.999596475292
-4.15531062124e-08 0.0153944311088 0.999591883218 0.999594477614
-4.09719438878e-08 0.0153555349757 0.999590013496 0.999592541394
-4.03907815631e-08 0.0153166388426 0.999588143773 0.999590605173
-3.98096192385e-08 0.0152777427095 0.99958627405 0.999588668952
-3.92284569138e-08 0.0152388465764 0.999584404327 0.999586732731
-3.86472945892e-08 0.0151999502177 0.999582665381 0.999584927232
-3.80661322645e-08 0.0151610535053 0.999581131541 0.999583326755
-3.74849699399e-08 0.0151221567929 0.999579597701 0.999581726277
-3.69038076152e-08 0.0150832600805 0.99957806386 0.999580125799
-3.63226452906e-08 0.0150443633681 0.99957653002 0.999578525321
-3.57414829659e-08 0.0150054666557 0.99957499618 0.999576924843
-3.51603206413e-08 0.0149665695356 0.999573710423 0.999575575851
-3.45791583166e-08 0.0149276723265 0.999572478786 0.999574281721
-3.3997995992e-08 0.0148887751173 0.99957124715 0.999572987591
-3.34168336673e-08 0.0148498779082 0.999570015513 0.999571693462
-3.28356713427e-08 0.0148109806991 0.999568783877 0.999570399332
-3.2254509018e-08 0.0147720834397 0.999567584761 0.999569138513
-3.16733466934e-08 0.0147331858166 0.999566620906 0.999568118666
-3.10921843687e-08 0.0146942881935 0.999565657052 0.99956709882
-3.05110220441e-08 0.0146553905704 0.999564693197 0.999566078973
-2.99298597194e-08 0.0146164929473 0.999563729342 0.999565059127
-2.93486973948e-08 0.0145775953242 0.999562765488 0.99956403928
-2.87675350701e-08 0.0145386976047 0.999561868811 0.99956308878
-2.81863727455e-08 0.0144997996466 0.999561138326 0.999562309835
-2.76052104208e-08 0.0144609016885 0.99956040784 0.99956153089
-2.70240480962e-08 0.0144220037304 0.999559677355 0.999560751944
-2.64428857715e-08 0.0143831057724 0.999558946869 0.999559972999
-2.58617234469e-08 0.0143442078143 0.999558216384 0.999559194054
-2.52805611222e-08 0.014305309773 0.999557549241 0.999558480881
-2.46993987976e-08 0.0142664115524 0.999557018567 0.999557909413
-2.41182364729e-08 0.0142275133318 0.999556487894 0.999557337945
-2.35370741483e-08 0.0141886151112 0.99955595722 0.999556766477
-2.29559118236e-08 0.0141497168906 0.999555426547 0.999556195009
-2.2374749499e-08 0.01411081867 0.999554895874 0.999555623541
-2.17935871743e-08 0.0140719204088 0.999554399754 0.999555088109
-2.12124248497e-08 0.0140330219904 0.999554037098 0.999554691866
-2.0631262525e-08 0.0139941235721 0.999553674442 0.999554295624
-2.00501002004e-08 0.0139552251538 0.999553311786 0.999553899381
-1.94689378758e-08 0.0139163267354 0.99955294913 0.999553503138
-1.88877755511e-08 0.0138774283171 0.999552586474 0.999553106895
-1.83066132265e-08 0.0138385298988 0.999552223818 0.999552710652
-1.77254509018e-08 0.0137996313462 0.999551993224 0.999552452518
-1.71442885772e-08 0.0137607327866 0.999551769508 0.999552201578
-1.65631262525e-08 0.013721834227 0.999551545792 0.999551950637
-1.59819639279e-08 0.0136829356675 0.999551322077 0.999551699697
-1.54008016032e-08 0.0136440371079 0.999551098361 0.999551448756
-1.48196392786e-08 0.0136051385483 0.999550874645 0.999551197816
-1.42384769539e-08 0.013566239938 0.999550713179 0.999551012012
-1.36573146293e-08 0.0135273412858 0.999550603027 0.999550879904
-1.30761523046e-08 0.0134884426335 0.999550492875 0.999550747796
-1.249498998e-08 0.0134495439813 0.999550382723 0.999550615688
-1.19138276553e-08 0.0134106453291 0.999550272572 0.999550483579
-1.13326653307e-08 0.0133717466769 0.99955016242 0.999550351471
-1.0751503006e-08 0.0133328480247 0.999550052268 0.999550219363
-1.01703406814e-08 0.0132939493218 0.999550034566 0.999550183693
-9.58917835671e-09 0.0132550506187 0.999550017315 0.999550148495
-9.00801603206e-09 0.0132161519155 0.999550000064 0.999550113296
-8.42685370741e-09 0.0131772532124 0.999549982813 0.999550078097
-7.84569138277e-09 0.0131383545092 0.999549965563 0.999550042898
-7.26452905812e-09 0.0130994558061 0.999549948312 0.9995500077
-6.68336673347e-09 0.0130605570987 0.999549953516 0.999549995714
-6.10220440882e-09 0.0130216583811 0.999550014252 0.999550041135
-5.52104208417e-09 0.0129827596634 0.999550074988 0.999550086555
-4.93987975952e-09 0.0129438609457 0.999550135724 0.999550131975
-4.35871743487e-09 0.012904962228 0.999550196459 0.999550177396
-3.77755511022e-09 0.0128660635103 0.999550257195 0.999550222816
-3.19639278557e-09 0.0128271647926 0.999550317931 0.999550268236
-2.61523046092e-09 0.0127882660828 0.999550408221 0.999550343703
-2.03406813627e-09 0.0127493673838 0.99955053884 0.999550460169
-1.45290581162e-09 0.0127104686849 0.999550669458 0.999550576636
-8.71743486974e-10 0.0126715699859 0.999550800077 0.999550693103
-2.90581162324e-10 0.0126326712869 0.999550930696 0.999550809569
2.90581162325e-10 0.0125937725879 0.999551061315 0.999550926036
8.71743486974e-10 0.0125548738889 0.999551191933 0.999551042503
1.45290581162e-09 0.0125159752104 0.999551350169 0.999551186431
2.03406813627e-09 0.0124770765631 0.999551550466 0.999551372186
2.61523046092e-09 0.0124381779158 0.999551750764 0.999551557941
3.19639278557e-09 0.0123992792685 0.999551951061 0.999551743697
3.77755511022e-09 0.0123603806211 0.999552151359 0.999551929452
4.35871743487e-09 0.0123214819738 0.999552351657 0.999552115207
4.93987975952e-09 0.0122825833265 0.999552551954 0.999552300963
5.52104208417e-09 0.0122436846971 0.999552768294 0.999552502347
6.10220440882e-09 0.0122047861377 0.999553047067 0.999552764558
6.68336673347e-09 0.0121658875783 0.99955332584 0.999553026768
7.26452905812e-09 0.0121269890188 0.999553604613 0.999553288979
7.84569138277e-09 0.0120880904594 0.999553883386 0.999553551189
8.42685370742e-09 0.0120491918999 0.999554162159 0.9995538134
9.00801603206e-09 0.0120102933405 0.999554440932 0.99955407561
9.58917835671e-09 0.011971394781 0.999554719705 0.999554337821
1.01703406814e-08 0.0119324963327 0.999555080581 0.99955467901
1.0751503006e-08 0.011893597905 0.999555456715 0.999555034878
1.13326653307e-08 0.0118546994772 0.999555832849 0.999555390746
1.19138276553e-08 0.0118158010495 0.999556208983 0.999555746614
1.249498998e-08 0.0117769026218 0.999556585117 0.999556102482
1.30761523046e-08 0.0117380041941 0.999556961251 0.99955645835
1.36573146293e-08 0.0116991057663 0.999557337386 0.999556814218
1.42384769539e-08 0.0116602073968 0.999557752857 0.999557207765
1.48196392786e-08 0.0116213091575 0.999558256333 0.999557685606
1.54008016032e-08 0.0115824109181 0.999558759808 0.999558163447
1.59819639279e-08 0.0115435126787 0.999559263284 0.999558641288
1.65631262525e-08 0.0115046144394 0.999559766759 0.999559119129
1.71442885772e-08 0.0114657162 0.999560270235 0.99955959697
1.77254509018e-08 0.0114268179607 0.99956077371 0.999560074811
1.83066132265e-08 0.0113879197213 0.999561277185 0.999560552651
1.88877755511e-08 0.0113490216395 0.999561881727 0.999561127478
1.94689378758e-08 0.0113101236639 0.999562554419 0.999561767702
2.00501002004e-08 0.0112712256883 0.99956322711 0.999562407926
2.06312625251e-08 0.0112323277127 0.999563899802 0.999563048151
2.12124248497e-08 0.0111934297371 0.999564572494 0.999563688375
2.17935871743e-08 0.0111545317615 0.999565245185 0.999564328599
2.2374749499e-08 0.0111156337859 0.999565917877 0.999564968824
2.29559118236e-08 0.0110767358103 0.999566590568 0.999565609048
2.35370741483e-08 0.0110378380911 0.999567420533 0.999566401139
2.41182364729e-08 0.0109989404795 0.999568316578 0.999567257038
2.46993987976e-08 0.010960042868 0.999569212622 0.999568112937
2.52805611222e-08 0.0109211452565 0.999570108667 0.999568968837
2.58617234469e-08 0.010882247645 0.999571004711 0.999569824736
2.64428857715e-08 0.0108433500335 0.999571900756 0.999570680635
2.70240480962e-08 0.010804452422 0.9995727968 0.999571536534
2.76052104208e-08 0.0107655548104 0.999573692845 0.999572392434
2.81863727455e-08 0.0107266575082 0.999574769791 0.999573424855
2.87675350701e-08 0.0106877603913 0.999575955141 0.999574563057
2.93486973948e-08 0.0106488632744 0.99957714049 0.999575701258
2.99298597194e-08 0.0106099661575 0.99957832584 0.999576839459
3.05110220441e-08 0.0105710690406 0.999579511189 0.99957797766
3.10921843687e-08 0.0105321719237 0.999580696539 0.999579115862
3.16733466934e-08 0.0104932748068 0.999581881888 0.999580254063
3.2254509018e-08 0.0104543776899 0.999583067238 0.999581392264
3.28356713427e-08 0.0104154808069 0.999584382713 0.999582659551
3.34168336673e-08 0.0103765843463 0.999585933231 0.999584160003
3.3997995992e-08 0.0103376878857 0.999587483748 0.999585660455
3.45791583166e-08 0.0102987914251 0.999589034266 0.999587160907
3.51603206413e-08 0.0102598949645 0.999590584784 0.99958866136
3.57414829659e-08 0.0102209985039 0.999592135301 0.999590161812
3.63226452906e-08 0.0101821020433 0.999593685819 0.999591662264
3.69038076152e-08 0.0101432055827 0.999595236337 0.999593162716
3.74849699399e-08 0.010104309122 0.999596786854 0.999594663168
3.80661322645e-08 0.0100654134102 0.999598736015 0.999596569833
3.86472945892e-08 0.0100265177882 0.999600733035 0.999598525265
3.92284569138e-08 0.00998762216624 0.999602730055 0.999600480697
3.98096192385e-08 0.00994872654428 0.999604727075 0.99960243613
4.03907815631e-08 0.00990983092231 0.999606724095 0.999604391562
4.09719438878e-08 0.00987093530034 0.999608721115 0.999606346995
4.15531062124e-08 0.00983203967837 0.999610718135 0.999608302427
4.21342685371e-08 0.0097931440564 0.999612715154 0.999610257859
4.27154308617e-08 0.00975424866539 0.999614832877 0.999612342088
4.32965931864e-08 0.00971535404705 0.9996173544 0.999614857191
4.3877755511e-08 0.0096764594287 0.999619875923 0.999617372294
4.44589178357e-08 0.00963756481036 0.999622397445 0.999619887397
4.50400801603e-08 0.00959867019201 0.999624918968 0.999622402501
4.5621242485e-08 0.00955977557367 0.999627440491 0.999624917604
4.62024048096e-08 0.00952088095532 0.999629962013 0.999627432707
4.67835671343e-08 0.00948198633698 0.999632483536 0.99962994781
4.73647294589e-08 0.00944309171863 0.999635005059 0.999632462913
4.79458917836e-08 0.00940419748233 0.999637738496 0.999635223915
4.85270541082e-08 0.00936530391471 0.999640842839 0.999638415306
4.91082164329e-08 0.0093264103471 0.999643947182 0.999641606696
4.96893787575e-08 0.00928751677948 0.999647051525 0.999644798087
5.02705410822e-08 0.00924862321186 0.999650155868 0.999647989478
5.08517034068e-08 0.00920972964424 0.999653260212 0.999651180868
5.14328657315e-08 0.00917083607663 0.999656364555 0.999654372259
5.20140280561e-08 0.00913194250901 0.999659468898 0.99965756365
5.25951903808e-08 0.00909304894139 0.999662573241 0.99966075504
5.31763527054e-08 0.00905415558773 0.999665848294 0.999664179657
5.37575150301e-08 0.00901526276191 0.999669544484 0.99966817964
5.43386773547e-08 0.00897636993608 0.999673240673 0.999672179623
5.49198396794e-08 0.00893747711026 0.999676936863 0.999676179606
5.5501002004e-08 0.00889858428443 0.999680633053 0.999680179589
5.60821643287e-08 0.0088596914586 0.999684329243 0.999684179572
5.66633266533e-08 0.00882079863278 0.999688025433 0.999688179556
5.7244488978e-08 0.00878190580695 0.999691721623 0.999692179539
5.78256513026e-08 0.00874301298113 0.999695417812 0.999696179522
5.84068136273e-08 0.0087041201553 0.999699114002 0.999700179505
5.89879759519e-08 0.00866522686894 0.999703308125 0.99970515077
5.95691382766e-08 0.00862633358246 0.999707502386 0.999710122307
6.01503006012e-08 0.00858744029597 0.999711696647 0.999715093843
6.07314629259e-08 0.00854854700948 0.999715890908 0.999720065379
6.13126252505e-08 0.00850965372299 0.999720085169 0.999725036916
6.18937875752e-08 0.00847076043651 0.999724279431 0.999730008452
6.24749498998e-08 0.00843186715002 0.999728473692 0.999734979988
6.30561122244e-08 0.00839297386353 0.999732667953 0.999739951525
6.36372745491e-08 0.00835408057704 0.999736862214 0.999744923061
6.42184368737e-08 0.00831518544819 0.999741156708 0.999750489663
6.47995991984e-08 0.00827628842036 0.999745554514 0.999756669613
6.5380761523e-08 0.00823739139252 0.99974995232 0.999762849564
6.59619238477e-08 0.00819849436469 0.999754350126 0.999769029514
6.65430861723e-08 0.00815959733686 0.999758747932 0.999775209465
6.7124248497e-08 0.00812070030903 0.999763145738 0.999781389415
6.77054108216e-08 0.0080818032812 0.999767543544 0.999787569366
6.82865731463e-08 0.00804290625337 0.99977194135 0.999793749316
6.88677354709e-08 0.00800400922553 0.999776339156 0.999799929267
6.94488977956e-08 0.0079651121977 0.999780736962 0.999806109217
7.00300601202e-08 0.00792620627369 0.999784773043 0.999813529325
7.06112224449e-08 0.00788729756237 0.99978869579 0.999821337992
7.11923847695e-08 0.00784838885105 0.999792618538 0.99982914666
7.17735470942e-08 0.00780948013974 0.999796541285 0.999836955327
7.23547094188e-08 0.00777057142842 0.999800464033 0.999844763995
7.29358717435e-08 0.0077316627171 0.99980438678 0.999852572662
7.35170340681e-08 0.00769275400578 0.999808309528 0.99986038133
7.40981963928e-08 0.00765384529446 0.999812232275 0.999868189997
7.46793587174e-08 0.00761493658315 0.999816155023 0.999875998665
7.52605210421e-08 0.00757602787183 0.99982007777 0.999883807332
7.58416833667e-08 0.00753709519756 0.999822485546 0.999893612907
7.64228456914e-08 0.0074981565867 0.999824518002 0.999903913197
7.7004008016e-08 0.00745921797585 0.999826550459 0.999914213486
7.75851703407e-08 0.00742027936499 0.999828582915 0.999924513775
7.81663326653e-08 0.00738134075414 0.999830615372 0.999934814064
7.874749499e-08 0.00734240214329 0.999832647828 0.999945114354
7.93286573146e-08 0.00730346353243 0.999834680285 0.999955414643
7.99098196393e-08 0.00726452492158 0.999836712741 0.999965714932
8.04909819639e-08 0.00722558631072 0.999838745198 0.999976015221
8.10721442886e-08 0.00718664769987 0.999840777654 0.999986315511
8.16533066132e-08 0.00714766623225 0.99983993275 0.999999279367
8.22344689379e-08 0.00710865702846 0.999837225667 1.00001396704
8.28156312625e-08 0.00706964782467 0.999834518584 1.00002865471
8.33967935872e-08 0.00703063862089 0.999831811502 1.00004334238
8.39779559118e-08 0.0069916294171 0.999829104419 1.00005803005
8.45591182365e-08 0.00695262021331 0.999826397336 1.00007271772
8.51402805611e-08 0.00691361100953 0.999823690254 1.00008740539
8.57214428858e-08 0.00687460180574 0.999820983171 1.00010209306
8.63026052104e-08 0.00683559260196 0.999818276088 1.00011678074
8.68837675351e-08 0.00679658339817 0.999815569005 1.00013146841
8.74649298597e-08 0.0067575464682 0.999811057346 1.00014764838
8.80460921844e-08 0.00671837686932 0.999797910845 1.000170969
8.8627254509e-08 0.00667920727044 0.999784764344 1.00019428961
8.92084168337e-08 0.00664003767156 0.999771617843 1.00021761022
8.97895791583e-08 0.00660086807268 0.999758471342 1.00024093083
9.0370741483e-08 0.0065616984738 0.999745324841 1.00026425144
9.09519038076e-08 0.00652252887492 0.99973217834 1.00028757205
9.15330661323e-08 0.00648335927604 0.999719031839 1.00031089267
9.21142284569e-08 0.00644418967716 0.999705885338 1.00033421328
9.26953907816e-08 0.00640502007828 0.999692738837 1.00035753389
9.32765531062e-08 0.0063658504794 0.999679592337 1.0003808545
9.38577154309e-08 0.00632650447431 0.999655629584 1.0004131196
9.44388777555e-08 0.00628697712483 0.999620547798 1.00045457957
9.50200400802e-08 0.00624744977535 0.999585466013 1.00049603954
9.56012024048e-08 0.00620792242588 0.999550384227 1.00053749951
9.61823647295e-08 0.0061683950764 0.999515302441 1.00057895948
9.67635270541e-08 0.00612886772692 0.999480220656 1.00062041944
9.73446893788e-08 0.00608934037744 0.99944513887 1.00066187941
9.79258517034e-08 0.00604981302797 0.999410057085 1.00070333938
9.85070140281e-08 0.00601028567849 0.999374975299 1.00074479935
9.90881763527e-08 0.00597075832901 0.999339893513 1.00078625932
9.96693386774e-08 0.00593123097954 0.999304811728 1.00082771929
1.00250501002e-07 0.00589125859953 0.999244174406 1.00089128571
1.00831663327e-07 0.00585093942171 0.999163622488 1.00097207898
1.01412825651e-07 0.0058106202439 0.999083070569 1.00105287225
1.01993987976e-07 0.00577030106608 0.999002518651 1.00113366552
1.02575150301e-07 0.00572998188827 0.998921966732 1.00121445878
1.03156312625e-07 0.00568966271046 0.998841414814 1.00129525205
1.0373747495e-07 0.00564934353264 0.998760862895 1.00137604532
1.04318637275e-07 0.00560902435483 0.998680310977 1.00145683858
1.04899799599e-07 0.00556870517702 0.998599759058 1.00153763185
1.05480961924e-07 0.0055283859992 0.99851920714 1.00161842512
1.06062124248e-07 0.00548806682139 0.998438655221 1.00169921838
1.06643286573e-07 0.0054470934301 0.998322794879 1.00181233254
1.07224448898e-07 0.0054050238042 0.998147769879 1.00197960529
1.07805611222e-07 0.0053629541783 0.997972744879 1.00214687804
1.08386773547e-07 0.0053208845524 0.997797719878 1.00231415079
1.08967935872e-07 0.0052788149265 0.997622694878 1.00248142354
1.09549098196e-07 0.0052367453006 0.997447669878 1.00264869629
1.10130260521e-07 0.00519467567469 0.997272644877 1.00281596904
1.10711422846e-07 0.00515260604879 0.997097619877 1.00298324179
1.1129258517e-07 0.00511053642289 0.996922594877 1.00315051454
1.11873747495e-07 0.00506846679699 0.996747569877 1.00331778729
1.1245490982e-07 0.00502639717109 0.996572544876 1.00348506004
1.13036072144e-07 0.00498432754519 0.996397519876 1.00365233279
1.13617234469e-07 0.00493867912285 0.996039821438 1.00399632909
1.14198396794e-07 0.00489272869758 0.995666707787 1.00435523852
1.14779559118e-07 0.00484677827231 0.995293594135 1.00471414794
1.15360721443e-07 0.00480082784705 0.994920480483 1.00507305736
1.15941883768e-07 0.00475487742178 0.994547366832 1.00543196678
1.16523046092e-07 0.00470892699651 0.99417425318 1.00579087621
1.17104208417e-07 0.00466297657124 0.993801139529 1.00614978563
1.17685370741e-07 0.00461702614598 0.993428025877 1.00650869505
1.18266533066e-07 0.00457107572071 0.993054912225 1.00686760448
1.18847695391e-07 0.00452512529544 0.992681798574 1.0072265139
1.19428857715e-07 0.00447917487017 0.992308684922 1.00758542332
1.2001002004e-07 0.00443148393963 0.991851185102 1.00803052783
1.20591182365e-07 0.00437688086889 0.991058559021 1.00881794243
1.21172344689e-07 0.00432227779814 0.990265932939 1.00960535702
1.21753507014e-07 0.0042676747274 0.989473306857 1.01039277162
1.22334669339e-07 0.00421307165665 0.988680680776 1.01118018622
1.22915831663e-07 0.00415846858591 0.987888054694 1.01196760081
1.23496993988e-07 0.00410386551516 0.987095428613 1.01275501541
1.24078156313e-07 0.00404926244442 0.986302802531 1.01354243
1.24659318637e-07 0.00399465937368 0.985510176449 1.0143298446
1.25240480962e-07 0.00394005630293 0.984717550368 1.0151172592
1.25821643287e-07 0.00388545323219 0.983924924286 1.01590467379
1.26402805611e-07 0.00383085016144 0.983132298205 1.01669208839
1.26983967936e-07 0.00377227514606 0.982157236395 1.01767843126
1.27565130261e-07 0.00369823205734 0.980471709188 1.01943946699
1.28146292585e-07 0.00362418896862 0.978786181982 1.02120050271
1.2872745491e-07 0.0035501458799 0.977100654775 1.02296153844
1.29308617234e-07 0.00347610279118 0.975415127569 1.02472257417
1.29889779559e-07 0.00340205970246 0.973729600362 1.02648360989
1.30470941884e-07 0.00332801661374 0.972044073156 1.02824464562
1.31052104208e-07 0.00325397352502 0.970358545949 1.03000568135
1.31633266533e-07 0.0031799304363 0.968673018742 1.03176671707
1.32214428858e-07 0.00310588734758 0.966987491536 1.0335277528
1.32795591182e-07 0.00303184425887 0.965301964329 1.03528878852
1.33376753507e-07 0.00295780117015 0.963616437123 1.03704982425
1.33957915832e-07 0.00288375808143 0.961930909916 1.03881085998
1.34539078156e-07 0.00276892982544 0.958502837288 1.04268468724
1.35120240481e-07 0.00265080348782 0.954933854191 1.04672936482
1.35701402806e-07 0.00253267715021 0.951364871094 1.0507740424
1.3628256513e-07 0.00241455081259 0.947795887996 1.05481871998
1.36863727455e-07 0.00229642447497 0.944226904899 1.05886339757
1.3744488978e-07 0.00217829813736 0.940657921802 1.06290807515
1.38026052104e-07 0.00206017179974 0.937088938705 1.06695275273
1.38607214429e-07 0.00194204546212 0.933519955608 1.07099743031
1.39188376754e-07 0.00182391912451 0.929950972511 1.07504210789
1.39769539078e-07 0.00170579278689 0.926381989413 1.07908678548
1.40350701403e-07 0.00158766644927 0.922813006316 1.08313146306
1.40931863727e-07 0.00146954011166 0.919244023219 1.08717614064
1.41513026052e-07 0.00131531248107 0.914246353393 1.09316707112
1.42094188377e-07 0.00109609373423 0.906676699639 1.10266173065
1.42675350701e-07 0.000876874987383 0.899107045886 1.11215639018
1.43256513026e-07 0.000657656240537 0.891537392132 1.12165104971
1.43837675351e-07 0.000438437493691 0.883967738378 1.13114570923
1.44418837675e-07 0.000219218746846 0.876398084625 1.14064036876
1.45e-07 0 0.868828430871 1.15013502829
