-1.45e-07 0 	0 	-1969460.68007 	
-1.44418837675e-07 -6.99501656086e-13 	6.99501656086e-13 	-1848747.5193 	
-1.43837675351e-07 -1.33417604425e-12 	1.33417604425e-12 	-1732235.89295 	
-1.43256513026e-07 0 	0 	-1625365.51758 	
-1.42675350701e-07 -1.40170915764e-13 	1.40170915764e-13 	-1525405.92137 	
-1.42094188377e-07 -3.63678749356e-12 	3.63678749356e-12 	-1430859.56522 	
-1.41513026052e-07 0 	0 	-1342794.67802 	
-1.40931863727e-07 0 	0 	-1261478.86905 	
-1.40350701403e-07 0 	0 	-1183732.15271 	
-1.39769539078e-07 0 	0 	-1112096.36924 	
-1.39188376754e-07 0 	0 	-1044815.52188 	
-1.38607214429e-07 0 	0 	-980567.0739 	
-1.38026052104e-07 0 	0 	-922294.901746 	
-1.3744488978e-07 0 	0 	-865349.891819 	
-1.36863727455e-07 -9.81831433096e-14 	9.81831433096e-14 	-814325.871263 	
-1.3628256513e-07 -4.90011707713e-13 	4.90011707713e-13 	-764363.594334 	
-1.35701402806e-07 0 	0 	-719212.855117 	
-1.35120240481e-07 0 	0 	-675151.681591 	
-1.34539078156e-07 0 	0 	-635403.972066 	
-1.33957915832e-07 0 	0 	-596286.371674 	
-1.33376753507e-07 0 	0 	-561487.687447 	
-1.32795591182e-07 0 	0 	-526689.003221 	
-1.32214428858e-07 0 	0 	-496190.497435 	
-1.31633266533e-07 0 	0 	-465903.222686 	
-1.31052104208e-07 0 	0 	-438374.860011 	
-1.30470941884e-07 0 	0 	-412178.302455 	
-1.29889779559e-07 0 	0 	-387036.633145 	
-1.29308617234e-07 -3.28484833122e-14 	3.28484833122e-14 	-364527.868953 	
-1.2872745491e-07 -5.47686955606e-13 	5.47686955606e-13 	-342019.104761 	
-1.28146292585e-07 -2.4220597615e-13 	2.4220597615e-13 	-322096.318109 	
-1.27565130261e-07 -3.3661304752e-13 	3.3661304752e-13 	-302891.252465 	
-1.26983967936e-07 -7.52271906641e-13 	7.52271906641e-13 	-284153.627104 	
-1.26402805611e-07 -1.16731121208e-13 	1.16731121208e-13 	-267888.169837 	
-1.25821643287e-07 0 	0 	-251622.712569 	
-1.25240480962e-07 0 	0 	-236419.415691 	
-1.24659318637e-07 -2.32565488558e-15 	2.32565488558e-15 	-222750.670892 	
-1.24078156313e-07 -1.32901241461e-12 	1.32901241461e-12 	-209081.926094 	
-1.23496993988e-07 -1.20081201378e-12 	1.20081201378e-12 	-196612.141296 	
-1.22915831663e-07 0 	0 	-185219.514514 	
-1.22334669339e-07 0 	0 	-173826.887731 	
-1.21753507014e-07 0 	0 	-163435.113148 	
-1.21172344689e-07 0 	0 	-154021.249413 	
-1.20591182365e-07 0 	0 	-144607.385678 	
-1.2001002004e-07 0 	0 	-135772.468094 	
-1.19428857715e-07 0 	0 	-128063.948035 	
-1.18847695391e-07 0 	0 	-120355.427976 	
-1.18266533066e-07 0 	0 	-112677.257789 	
-1.17685370741e-07 0 	0 	-106424.996318 	
-1.17104208417e-07 -1.24565237495e-13 	1.24565237495e-13 	-100172.734847 	
-1.16523046092e-07 -5.10769905497e-13 	5.10769905497e-13 	-93920.4733758 	
-1.15941883768e-07 -4.640924037e-13 	4.640924037e-13 	-88336.3671783 	
-1.15360721443e-07 -8.90660869238e-14 	8.90660869238e-14 	-83315.6784408 	
-1.14779559118e-07 -2.60309076072e-13 	2.60309076072e-13 	-78294.9897033 	
-1.14198396794e-07 -6.01694848747e-13 	6.01694848747e-13 	-73274.3009658 	
-1.13617234469e-07 -3.22482265341e-13 	3.22482265341e-13 	-69178.2656028 	
-1.13036072144e-07 -1.41776084372e-14 	1.41776084372e-14 	-65188.5778558 	
-1.1245490982e-07 -4.68687744463e-13 	4.68687744463e-13 	-61198.8901088 	
-1.11873747495e-07 -8.36202826701e-13 	8.36202826701e-13 	-57273.9062856 	
-1.1129258517e-07 -3.91330317335e-13 	3.91330317335e-13 	-54138.1298491 	
-1.10711422846e-07 0 	0 	-51002.3534126 	
-1.10130260521e-07 0 	0 	-47866.576976 	
-1.09549098196e-07 0 	0 	-44780.3513339 	
-1.08967935872e-07 0 	0 	-42343.9205981 	
-1.08386773547e-07 0 	0 	-39907.4898623 	
-1.07805611222e-07 0 	0 	-37471.0591265 	
-1.07224448898e-07 0 	0 	-35034.6283907 	
-1.06643286573e-07 0 	0 	-33092.5026916 	
-1.06062124248e-07 0 	0 	-31222.1284533 	
-1.05480961924e-07 0 	0 	-29351.7542151 	
-1.04899799599e-07 0 	0 	-27481.3799768 	
-1.04318637275e-07 0 	0 	-25825.3688414 	
-1.0373747495e-07 0 	0 	-24407.5493219 	
-1.03156312625e-07 -4.32799939252e-14 	4.32799939252e-14 	-22989.7298024 	
-1.02575150301e-07 -2.38048720447e-13 	2.38048720447e-13 	-21571.9102829 	
-1.01993987976e-07 -4.32817446969e-13 	4.32817446969e-13 	-20154.0907635 	
-1.01412825651e-07 -2.88873754307e-13 	2.88873754307e-13 	-19044.3012995 	
-1.00831663327e-07 -9.59516658179e-14 	9.59516658179e-14 	-17983.6486027 	
-1.00250501002e-07 0 	0 	-16922.995906 	
-9.96693386774e-08 0 	0 	-15862.3432092 	
-9.90881763527e-08 0 	0 	-14809.8436429 	
-9.85070140281e-08 0 	0 	-14027.2869458 	
-9.79258517034e-08 0 	0 	-13244.7302487 	
-9.73446893788e-08 -1.76441446986e-13 	1.76441446986e-13 	-12462.1735515 	
-9.67635270541e-08 -4.93785013389e-13 	4.93785013389e-13 	-11679.6168544 	
-9.61823647295e-08 -8.11128579792e-13 	8.11128579792e-13 	-10897.0601573 	
-9.56012024048e-08 -5.13860555257e-13 	5.13860555257e-13 	-10320.2324785 	
-9.50200400802e-08 -1.98347147844e-13 	1.98347147844e-13 	-9751.16002454 	
-9.44388777555e-08 -2.14196151192e-13 	2.14196151192e-13 	-9182.08757061 	
-9.38577154309e-08 -7.90998361712e-13 	7.90998361712e-13 	-8613.01511668 	
-9.32765531062e-08 -1.36780057223e-12 	1.36780057223e-12 	-8043.94266275 	
-9.26953907816e-08 -1.18457253684e-12 	1.18457253684e-12 	-7580.5218636 	
-9.21142284569e-08 -6.10301787058e-13 	6.10301787058e-13 	-7172.92111657 	
-9.15330661323e-08 -3.60310372715e-14 	3.60310372715e-14 	-6765.32036954 	
-9.09519038076e-08 -2.43968630038e-13 	2.43968630038e-13 	-6357.71962251 	
-9.0370741483e-08 -5.04269096239e-13 	5.04269096239e-13 	-5950.11887548 	
-8.97895791583e-08 -7.15625391854e-13 	7.15625391854e-13 	-5553.27878028 	
-8.92084168337e-08 -4.56179793316e-13 	4.56179793316e-13 	-5265.92835076 	
-8.8627254509e-08 -1.96734194778e-13 	1.96734194778e-13 	-4978.57792123 	
-8.80460921844e-08 -1.71777816718e-13 	1.71777816718e-13 	-4691.22749171 	
-8.74649298597e-08 -8.82445985537e-13 	8.82445985537e-13 	-4403.87706218 	
-8.68837675351e-08 -1.59311415435e-12 	1.59311415435e-12 	-4116.52663265 	
-8.63026052104e-08 -1.93392185135e-12 	1.93392185135e-12 	-3851.81374081 	
-8.57214428858e-08 -1.22497036019e-12 	1.22497036019e-12 	-3652.57264177 	
-8.51402805611e-08 -5.16018869022e-13 	5.16018869022e-13 	-3453.33154273 	
-8.45591182365e-08 0 	0 	-3254.09044369 	
-8.39779559118e-08 0 	0 	-3054.84934464 	
-8.33967935872e-08 0 	0 	-2855.6082456 	
-8.28156312625e-08 0 	0 	-2665.49068061 	
-8.22344689379e-08 0 	0 	-2529.72077145 	
-8.16533066132e-08 0 	0 	-2393.95086229 	
-8.10721442886e-08 0 	0 	-2258.18095313 	
-8.04909819639e-08 0 	0 	-2122.41104397 	
-7.99098196393e-08 0 	0 	-1986.64113481 	
-7.93286573146e-08 0 	0 	-1850.87122565 	
-7.874749499e-08 0 	0 	-1748.17972312 	
-7.81663326653e-08 0 	0 	-1657.32669796 	
-7.75851703407e-08 0 	0 	-1566.47367281 	
-7.7004008016e-08 -4.05338122139e-14 	4.05338122139e-14 	-1475.62064765 	
-7.64228456914e-08 -1.29127667159e-13 	1.29127667159e-13 	-1384.76762249 	
-7.58416833667e-08 -2.17721522105e-13 	2.17721522105e-13 	-1293.91459734 	
-7.52605210421e-08 -3.02359334165e-13 	3.02359334165e-13 	-1203.71221135 	
-7.46793587174e-08 -2.13841916462e-13 	2.13841916462e-13 	-1144.05997427 	
-7.40981963928e-08 -1.25324498759e-13 	1.25324498759e-13 	-1084.4077372 	
-7.35170340681e-08 -3.68070810557e-14 	3.68070810557e-14 	-1024.75550012 	
-7.29358717435e-08 -4.81058995382e-14 	4.81058995382e-14 	-965.103263036 	
-7.23547094188e-08 -1.30453265258e-13 	1.30453265258e-13 	-905.451025956 	
-7.17735470942e-08 -2.12800630978e-13 	2.12800630978e-13 	-845.798788877 	
-7.11923847695e-08 -2.95147996698e-13 	2.95147996698e-13 	-786.146551797 	
-7.06112224449e-08 -2.15611107636e-13 	2.15611107636e-13 	-747.37082242 	
-7.00300601202e-08 -1.33312291443e-13 	1.33312291443e-13 	-708.97423123 	
-6.94488977956e-08 -5.10134752492e-14 	5.10134752492e-14 	-670.577640039 	
-6.88677354709e-08 0 	0 	-632.181048849 	
-6.82865731463e-08 0 	0 	-593.784457658 	
-6.77054108216e-08 0 	0 	-555.387866468 	
-6.7124248497e-08 0 	0 	-516.991275278 	
-6.65430861723e-08 0 	0 	-487.176434771 	
-6.59619238477e-08 0 	0 	-462.968797176 	
-6.5380761523e-08 0 	0 	-438.761159581 	
-6.47995991984e-08 0 	0 	-414.553521985 	
-6.42184368737e-08 -1.119965823e-13 	1.119965823e-13 	-390.34588439 	
-6.36372745491e-08 -2.47014371669e-13 	2.47014371669e-13 	-366.138246794 	
-6.30561122244e-08 -3.82032161037e-13 	3.82032161037e-13 	-341.930609199 	
-6.24749498998e-08 -5.17049950406e-13 	5.17049950406e-13 	-317.722971604 	
-6.18937875752e-08 -4.16345924976e-13 	4.16345924976e-13 	-301.605773606 	
-6.13126252505e-08 -2.81363200928e-13 	2.81363200928e-13 	-286.670546438 	
-6.07314629259e-08 -1.4638047688e-13 	1.4638047688e-13 	-271.73531927 	
-6.01503006012e-08 -1.13977528319e-14 	1.13977528319e-14 	-256.800092103 	
-5.95691382766e-08 0 	0 	-241.864864935 	
-5.89879759519e-08 0 	0 	-226.929637767 	
-5.84068136273e-08 0 	0 	-211.994410599 	
-5.78256513026e-08 0 	0 	-197.059183431 	
-5.7244488978e-08 0 	0 	-186.676620167 	
-5.66633266533e-08 0 	0 	-177.667700911 	
-5.60821643287e-08 0 	0 	-168.658781656 	
-5.5501002004e-08 0 	0 	-159.6498624 	
-5.49198396794e-08 0 	0 	-150.640943144 	
-5.43386773547e-08 0 	0 	-141.632023889 	
-5.37575150301e-08 0 	0 	-132.623104633 	
-5.31763527054e-08 0 	0 	-123.614185377 	
-5.25951903808e-08 0 	0 	-115.619176913 	
-5.20140280561e-08 0 	0 	-110.311029391 	
-5.14328657315e-08 0 	0 	-105.00288187 	
-5.08517034068e-08 0 	0 	-99.6947343476 	
-5.02705410822e-08 0 	0 	-94.3865868257 	
-4.96893787575e-08 -9.32436970669e-14 	9.32436970669e-14 	-89.0784393039 	
-4.91082164329e-08 -1.93821316496e-13 	1.93821316496e-13 	-83.770291782 	
-4.85270541082e-08 -2.94398935926e-13 	2.94398935926e-13 	-78.4621442601 	
-4.79458917836e-08 -3.94976555355e-13 	3.94976555355e-13 	-73.1539967382 	
-4.73647294589e-08 -4.20887877666e-13 	4.20887877666e-13 	-68.682800115 	
-4.67835671343e-08 -3.2031693199e-13 	3.2031693199e-13 	-65.6302895186 	
-4.62024048096e-08 -2.19745986314e-13 	2.19745986314e-13 	-62.5777789221 	
-4.5621242485e-08 -1.19175040638e-13 	1.19175040638e-13 	-59.5252683257 	
-4.50400801603e-08 -1.86040949613e-14 	1.86040949613e-14 	-56.4727577293 	
-4.44589178357e-08 0 	0 	-53.4202471329 	
-4.3877755511e-08 0 	0 	-50.3677365365 	
-4.32965931864e-08 0 	0 	-47.3152259401 	
-4.27154308617e-08 0 	0 	-44.2627153436 	
-4.21342685371e-08 0 	0 	-41.2635241547 	
-4.15531062124e-08 0 	0 	-39.5514788085 	
-4.09719438878e-08 0 	0 	-37.8394334623 	
-4.03907815631e-08 0 	0 	-36.1273881161 	
-3.98096192385e-08 0 	0 	-34.4153427699 	
-3.92284569138e-08 0 	0 	-32.7032974237 	
-3.86472945892e-08 0 	0 	-30.9912520775 	
-3.80661322645e-08 0 	0 	-29.2792067314 	
-3.74849699399e-08 0 	0 	-27.5671613852 	
-3.69038076152e-08 0 	0 	-25.855116039 	
-3.63226452906e-08 0 	0 	-24.3444485046 	
-3.57414829659e-08 0 	0 	-23.4082812529 	
-3.51603206413e-08 0 	0 	-22.4721140012 	
-3.45791583166e-08 0 	0 	-21.5359467496 	
-3.3997995992e-08 0 	0 	-20.5997794979 	
-3.34168336673e-08 -9.6549835764e-15 	9.6549835764e-15 	-19.6636122462 	
-3.28356713427e-08 -4.75833837363e-14 	4.75833837363e-14 	-18.7274449945 	
-3.2254509018e-08 -8.55117838961e-14 	8.55117838961e-14 	-17.7912777428 	
-3.16733466934e-08 -1.23440184056e-13 	1.23440184056e-13 	-16.8551104912 	
-3.10921843687e-08 -1.61368584216e-13 	1.61368584216e-13 	-15.9189432395 	
-3.05110220441e-08 -1.98629044409e-13 	1.98629044409e-13 	-14.9866050539 	
-2.99298597194e-08 -1.60701266913e-13 	1.60701266913e-13 	-14.4874317206 	
-2.93486973948e-08 -1.22773489418e-13 	1.22773489418e-13 	-13.9882583873 	
-2.87675350701e-08 -8.48457119223e-14 	8.48457119223e-14 	-13.489085054 	
-2.81863727455e-08 -4.69179344268e-14 	4.69179344268e-14 	-12.9899117207 	
-2.76052104208e-08 -8.99015693136e-15 	8.99015693136e-15 	-12.4907383875 	
-2.70240480962e-08 -1.05367453098e-13 	1.05367453098e-13 	-11.9915650542 	
-2.64428857715e-08 -2.43469800094e-13 	2.43469800094e-13 	-11.4923917209 	
-2.58617234469e-08 -3.8157214709e-13 	3.8157214709e-13 	-10.9932183876 	
-2.52805611222e-08 -5.19674494085e-13 	5.19674494085e-13 	-10.4940450543 	
-2.46993987976e-08 -6.57776841081e-13 	6.57776841081e-13 	-9.994871721 	
-2.41182364729e-08 -7.2273802795e-13 	7.2273802795e-13 	-9.55908926993 	
-2.35370741483e-08 -5.84637208327e-13 	5.84637208327e-13 	-9.29932658984 	
-2.29559118236e-08 -4.46536388703e-13 	4.46536388703e-13 	-9.03956390975 	
-2.2374749499e-08 -3.0843556908e-13 	3.0843556908e-13 	-8.77980122967 	
-2.17935871743e-08 -1.70334749457e-13 	1.70334749457e-13 	-8.52003854958 	
-2.12124248497e-08 -3.22339298339e-14 	3.22339298339e-14 	-8.26027586949 	
-2.0631262525e-08 0 	0 	-8.0005131894 	
-2.00501002004e-08 0 	0 	-7.74075050931 	
-1.94689378758e-08 0 	0 	-7.48098782923 	
-1.88877755511e-08 0 	0 	-7.22122514914 	
-1.83066132265e-08 0 	0 	-6.96146246905 	
-1.77254509018e-08 0 	0 	-6.70219445574 	
-1.71442885772e-08 0 	0 	-6.57029436326 	
-1.65631262525e-08 0 	0 	-6.43839427077 	
-1.59819639279e-08 0 	0 	-6.30649417828 	
-1.54008016032e-08 0 	0 	-6.17459408579 	
-1.48196392786e-08 0 	0 	-6.0426939933 	
-1.42384769539e-08 -1.37978188207e-14 	1.37978188207e-14 	-5.91079390082 	
-1.36573146293e-08 -7.10154796295e-14 	7.10154796295e-14 	-5.77889380833 	
-1.30761523046e-08 -1.28233140438e-13 	1.28233140438e-13 	-5.64699371584 	
-1.249498998e-08 -1.85450801247e-13 	1.85450801247e-13 	-5.51509362335 	
-1.19138276553e-08 -2.42668462056e-13 	2.42668462056e-13 	-5.38319353087 	
-1.13326653307e-08 -2.99886122865e-13 	2.99886122865e-13 	-5.25129343838 	
-1.0751503006e-08 -3.34081694253e-13 	3.34081694253e-13 	-5.13296538327 	
-1.01703406814e-08 -2.76864405826e-13 	2.76864405826e-13 	-5.06853384803 	
-9.58917835671e-09 -2.19647117399e-13 	2.19647117399e-13 	-5.00410231278 	
-9.00801603206e-09 -1.62429828972e-13 	1.62429828972e-13 	-4.93967077754 	
-8.42685370741e-09 -1.05212540546e-13 	1.05212540546e-13 	-4.87523924229 	
-7.84569138277e-09 -4.79952521188e-14 	4.79952521188e-14 	-4.81080770705 	
-7.26452905812e-09 -8.39480284855e-15 	8.39480284855e-15 	-4.74637617181 	
-6.68336673347e-09 -6.04795962529e-14 	6.04795962529e-14 	-4.68194463656 	
-6.10220440882e-09 -1.12564389657e-13 	1.12564389657e-13 	-4.61751310132 	
-5.52104208417e-09 -1.64649183062e-13 	1.64649183062e-13 	-4.55308156607 	
-4.93987975952e-09 -2.16733976466e-13 	2.16733976466e-13 	-4.48865003083 	
-4.35871743487e-09 -2.6881876987e-13 	2.6881876987e-13 	-4.42421849558 	
-3.77755511022e-09 -3.20903563275e-13 	3.20903563275e-13 	-4.35978696034 	
-3.19639278557e-09 -2.86464729219e-13 	2.86464729219e-13 	-4.32586849058 	
-2.61523046092e-09 -2.34380232997e-13 	2.34380232997e-13 	-4.29817366604 	
-2.03406813627e-09 -1.82295736776e-13 	1.82295736776e-13 	-4.27047884149 	
-1.45290581162e-09 -1.30211240554e-13 	1.30211240554e-13 	-4.24278401694 	
-8.71743486974e-10 -7.81267443323e-14 	7.81267443323e-14 	-4.2150891924 	
-2.90581162324e-10 -2.60422481108e-14 	2.60422481108e-14 	-4.18739436785 	
2.90581162325e-10 0 	0 	-4.1596995433 	
8.71743486974e-10 0 	0 	-4.13200471875 	
1.45290581162e-09 0 	0 	-4.10430989421 	
2.03406813627e-09 0 	0 	-4.07661506966 	
2.61523046092e-09 0 	0 	-4.04892024511 	
3.19639278557e-09 0 	0 	-4.02122542057 	
3.77755511022e-09 0 	0 	-3.99777340804 	
4.35871743487e-09 0 	0 	-3.99512290279 	
4.93987975952e-09 0 	0 	-3.99247239753 	
5.52104208417e-09 0 	0 	-3.98982189228 	
6.10220440882e-09 0 	0 	-3.98717138702 	
6.68336673347e-09 0 	0 	-3.98452088177 	
7.26452905812e-09 0 	0 	-3.98187037652 	
7.84569138277e-09 -2.40857614539e-13 	2.40857614539e-13 	-3.97921987126 	
8.42685370742e-09 -5.27994758163e-13 	5.27994758163e-13 	-3.97656936601 	
9.00801603206e-09 -8.15131901787e-13 	8.15131901787e-13 	-3.97391886075 	
9.58917835671e-09 -1.10226904541e-12 	1.10226904541e-12 	-3.9712683555 	
1.01703406814e-08 -1.38940618903e-12 	1.38940618903e-12 	-3.96861785024 	
1.0751503006e-08 -1.67654333266e-12 	1.67654333266e-12 	-3.96596734499 	
1.13326653307e-08 -1.50492017235e-12 	1.50492017235e-12 	-3.98493300933 	
1.19138276553e-08 -1.21778447183e-12 	1.21778447183e-12 	-4.0093419836 	
1.249498998e-08 -9.30648771304e-13 	9.30648771304e-13 	-4.03375095787 	
1.30761523046e-08 -6.43513070781e-13 	6.43513070781e-13 	-4.05815993214 	
1.36573146293e-08 -3.56377370258e-13 	3.56377370258e-13 	-4.08256890641 	
1.42384769539e-08 -6.92416697353e-14 	6.92416697353e-14 	-4.10697788068 	
1.48196392786e-08 0 	0 	-4.13138685495 	
1.54008016032e-08 0 	0 	-4.15579582922 	
1.59819639279e-08 0 	0 	-4.18020480349 	
1.65631262525e-08 0 	0 	-4.20461377776 	
1.71442885772e-08 0 	0 	-4.22902275203 	
1.77254509018e-08 0 	0 	-4.2534317263 	
1.83066132265e-08 0 	0 	-4.31976427097 	
1.88877755511e-08 0 	0 	-4.38625963684 	
1.94689378758e-08 0 	0 	-4.45275500271 	
2.00501002004e-08 0 	0 	-4.51925036858 	
2.06312625251e-08 0 	0 	-4.58574573446 	
2.12124248497e-08 0 	0 	-4.65224110033 	
2.17935871743e-08 0 	0 	-4.7187364662 	
2.2374749499e-08 0 	0 	-4.78523183207 	
2.29559118236e-08 0 	0 	-4.85172719794 	
2.35370741483e-08 0 	0 	-4.91822256381 	
2.41182364729e-08 0 	0 	-4.98471792968 	
2.46993987976e-08 0 	0 	-5.10608560193 	
2.52805611222e-08 0 	0 	-5.24721471285 	
2.58617234469e-08 0 	0 	-5.38834382377 	
2.64428857715e-08 0 	0 	-5.52947293469 	
2.70240480962e-08 0 	0 	-5.67060204561 	
2.76052104208e-08 -8.9896847187e-15 	8.9896847187e-15 	-5.81173115653 	
2.81863727455e-08 -4.69154700378e-14 	4.69154700378e-14 	-5.95286026746 	
2.87675350701e-08 -8.4841255357e-14 	8.4841255357e-14 	-6.09398937838 	
2.93486973948e-08 -1.22767040676e-13 	1.22767040676e-13 	-6.2351184893 	
2.99298597194e-08 -1.60692825995e-13 	1.60692825995e-13 	-6.37624760022 	
3.05110220441e-08 -1.98618611314e-13 	1.98618611314e-13 	-6.51737671114 	
3.10921843687e-08 -1.61356305176e-13 	1.61356305176e-13 	-6.79164520702 	
3.16733466934e-08 -1.23430791107e-13 	1.23430791107e-13 	-7.0670906209 	
3.2254509018e-08 -8.55052770373e-14 	8.55052770373e-14 	-7.34253603477 	
3.28356713427e-08 -4.75797629679e-14 	4.75797629679e-14 	-7.61798144864 	
3.34168336673e-08 -9.65424889852e-15 	9.65424889852e-15 	-7.89342686251 	
3.3997995992e-08 0 	0 	-8.16887227639 	
3.45791583166e-08 0 	0 	-8.44431769026 	
3.51603206413e-08 0 	0 	-8.71976310413 	
3.57414829659e-08 0 	0 	-8.99520851801 	
3.63226452906e-08 0 	0 	-9.27065393188 	
3.69038076152e-08 0 	0 	-9.72201634415 	
3.74849699399e-08 0 	0 	-10.2350423992 	
3.80661322645e-08 0 	0 	-10.7480684542 	
3.86472945892e-08 0 	0 	-11.2610945093 	
3.92284569138e-08 0 	0 	-11.7741205643 	
3.98096192385e-08 0 	0 	-12.2871466193 	
4.03907815631e-08 0 	0 	-12.8001726744 	
4.09719438878e-08 0 	0 	-13.3131987294 	
4.15531062124e-08 0 	0 	-13.8262247845 	
4.21342685371e-08 0 	0 	-14.3392508395 	
4.27154308617e-08 0 	0 	-15.2460005755 	
4.32965931864e-08 0 	0 	-16.1690601287 	
4.3877755511e-08 0 	0 	-17.0921196819 	
4.44589178357e-08 0 	0 	-18.0151792351 	
4.50400801603e-08 -9.35217916379e-14 	9.35217916379e-14 	-18.9382387883 	
4.5621242485e-08 -5.9908656358e-13 	5.9908656358e-13 	-19.8612983415 	
4.62024048096e-08 -1.10465133552e-12 	1.10465133552e-12 	-20.7843578947 	
4.67835671343e-08 -1.61021610747e-12 	1.61021610747e-12 	-21.7074174479 	
4.73647294589e-08 -2.11578087941e-12 	2.11578087941e-12 	-22.6304770011 	
4.79458917836e-08 -1.98535091815e-12 	1.98535091815e-12 	-23.9873666855 	
4.85270541082e-08 -1.47979719256e-12 	1.47979719256e-12 	-25.6001935621 	
4.91082164329e-08 -9.74243466975e-13 	9.74243466975e-13 	-27.2130204387 	
4.96893787575e-08 -4.68689741387e-13 	4.68689741387e-13 	-28.8258473153 	
5.02705410822e-08 -4.02727964866e-15 	4.02727964866e-15 	-30.4386741919 	
5.08517034068e-08 -5.92575070515e-14 	5.92575070515e-14 	-32.0515010685 	
5.14328657315e-08 -1.14487734454e-13 	1.14487734454e-13 	-33.664327945 	
5.20140280561e-08 -1.69717961857e-13 	1.69717961857e-13 	-35.2771548216 	
5.25951903808e-08 -2.2494818926e-13 	2.2494818926e-13 	-36.8899816982 	
5.31763527054e-08 -1.99974347676e-13 	1.99974347676e-13 	-39.324371367 	
5.37575150301e-08 -1.44745991152e-13 	1.44745991152e-13 	-42.0687850372 	
5.43386773547e-08 -8.95176346284e-14 	8.95176346284e-14 	-44.8131987075 	
5.49198396794e-08 -3.42892781043e-14 	3.42892781043e-14 	-47.5576123778 	
5.5501002004e-08 0 	0 	-50.302026048 	
5.60821643287e-08 0 	0 	-53.0464397183 	
5.66633266533e-08 0 	0 	-55.7908533886 	
5.7244488978e-08 0 	0 	-58.5352670588 	
5.78256513026e-08 0 	0 	-61.6996903292 	
5.84068136273e-08 0 	0 	-66.2561500612 	
5.89879759519e-08 0 	0 	-70.8126097932 	
5.95691382766e-08 0 	0 	-75.3690695252 	
6.01503006012e-08 0 	0 	-79.9255292572 	
6.07314629259e-08 0 	0 	-84.4819889892 	
6.13126252505e-08 0 	0 	-89.0384487211 	
6.18937875752e-08 0 	0 	-93.5949084531 	
6.24749498998e-08 0 	0 	-98.5127693591 	
6.30561122244e-08 0 	0 	-105.904375213 	
6.36372745491e-08 0 	0 	-113.295981067 	
6.42184368737e-08 0 	0 	-120.68758692 	
6.47995991984e-08 0 	0 	-128.079192774 	
6.5380761523e-08 0 	0 	-135.470798628 	
6.59619238477e-08 0 	0 	-142.862404481 	
6.65430861723e-08 0 	0 	-150.254010335 	
6.7124248497e-08 0 	0 	-159.360084698 	
6.77054108216e-08 0 	0 	-171.090130681 	
6.82865731463e-08 0 	0 	-182.820176664 	
6.88677354709e-08 0 	0 	-194.550222647 	
6.94488977956e-08 0 	0 	-206.28026863 	
7.00300601202e-08 0 	0 	-218.010314613 	
7.06112224449e-08 0 	0 	-229.740360596 	
7.11923847695e-08 0 	0 	-241.586332944 	
7.17735470942e-08 0 	0 	-259.81556543 	
7.23547094188e-08 0 	0 	-278.044797916 	
7.29358717435e-08 0 	0 	-296.274030402 	
7.35170340681e-08 0 	0 	-314.503262888 	
7.40981963928e-08 0 	0 	-332.732495374 	
7.46793587174e-08 0 	0 	-350.96172786 	
7.52605210421e-08 0 	0 	-369.190960345 	
7.58416833667e-08 0 	0 	-396.761338981 	
7.64228456914e-08 0 	0 	-424.530659874 	
7.7004008016e-08 0 	0 	-452.299980768 	
7.75851703407e-08 -1.0628855246e-13 	1.0628855246e-13 	-480.069301662 	
7.81663326653e-08 -3.02220808527e-13 	3.02220808527e-13 	-507.838622555 	
7.874749499e-08 -4.98153064593e-13 	4.98153064593e-13 	-535.607943449 	
7.93286573146e-08 -5.90578669267e-13 	5.90578669267e-13 	-566.997072926 	
7.99098196393e-08 -3.94721111143e-13 	3.94721111143e-13 	-608.500467641 	
8.04909819639e-08 -1.9886355302e-13 	1.9886355302e-13 	-650.003862356 	
8.10721442886e-08 -3.00599489653e-15 	3.00599489653e-15 	-691.507257071 	
8.16533066132e-08 0 	0 	-733.010651786 	
8.22344689379e-08 0 	0 	-774.514046501 	
8.28156312625e-08 0 	0 	-816.017441216 	
8.33967935872e-08 0 	0 	-874.138673239 	
8.39779559118e-08 0 	0 	-935.049600643 	
8.45591182365e-08 0 	0 	-995.960528047 	
8.51402805611e-08 0 	0 	-1056.87145545 	
8.57214428858e-08 0 	0 	-1117.78238285 	
8.63026052104e-08 0 	0 	-1178.69331026 	
8.68837675351e-08 0 	0 	-1259.62373502 	
8.74649298597e-08 0 	0 	-1347.47610442 	
8.80460921844e-08 0 	0 	-1435.32847382 	
8.8627254509e-08 -9.73450898582e-14 	9.73450898582e-14 	-1523.18084323 	
8.92084168337e-08 -2.25720104336e-13 	2.25720104336e-13 	-1611.03321263 	
8.97895791583e-08 -3.54095118814e-13 	3.54095118814e-13 	-1698.88558204 	
9.0370741483e-08 -2.48442171326e-13 	2.48442171326e-13 	-1820.21745571 	
9.09519038076e-08 -1.20197919393e-13 	1.20197919393e-13 	-1944.83969736 	
9.15330661323e-08 0 	0 	-2069.46193901 	
9.21142284569e-08 0 	0 	-2194.08418066 	
9.26953907816e-08 0 	0 	-2318.70642231 	
9.32765531062e-08 0 	0 	-2460.39754872 	
9.38577154309e-08 0 	0 	-2634.39527199 	
9.44388777555e-08 0 	0 	-2808.39299525 	
9.50200400802e-08 -1.45738830653e-13 	1.45738830653e-13 	-2982.39071852 	
9.56012024048e-08 -3.77567498478e-13 	3.77567498478e-13 	-3156.38844178 	
9.61823647295e-08 -5.91479910241e-13 	5.91479910241e-13 	-3332.75765196 	
9.67635270541e-08 -3.60071045053e-13 	3.60071045053e-13 	-3572.03718173 	
9.73446893788e-08 -1.28662179864e-13 	1.28662179864e-13 	-3811.3167115 	
9.79258517034e-08 0 	0 	-4050.59624126 	
9.85070140281e-08 0 	0 	-4289.87577103 	
9.90881763527e-08 0 	0 	-4529.15530079 	
9.96693386774e-08 0 	0 	-4850.98391682 	
1.00250501002e-07 0 	0 	-5175.30577694 	
1.00831663327e-07 -9.23771947496e-14 	9.23771947496e-14 	-5499.62763706 	
1.01412825651e-07 -2.78112389526e-13 	2.78112389526e-13 	-5823.94949718 	
1.01993987976e-07 -4.11488097301e-13 	4.11488097301e-13 	-6163.2980612 	
1.02575150301e-07 -2.26317621269e-13 	2.26317621269e-13 	-6596.84648199 	
1.03156312625e-07 -4.11471452367e-14 	4.11471452367e-14 	-7030.39490277 	
1.0373747495e-07 -7.91077771855e-14 	7.91077771855e-14 	-7463.94332356 	
1.04318637275e-07 -1.80816470342e-13 	1.80816470342e-13 	-7897.49174434 	
1.04899799599e-07 -1.74783296802e-13 	1.74783296802e-13 	-8403.88565513 	
1.05480961924e-07 -7.34675423793e-14 	7.34675423793e-14 	-8975.83764699 	
1.06062124248e-07 -6.11848132747e-14 	6.11848132747e-14 	-9547.78963886 	
1.06643286573e-07 -2.83783862234e-13 	2.83783862234e-13 	-10119.7416307 	
1.07224448898e-07 -4.47768724761e-13 	4.47768724761e-13 	-10713.6382057 	
1.07805611222e-07 -2.26249318984e-13 	2.26249318984e-13 	-11458.7138346 	
1.08386773547e-07 -4.72991320751e-15 	4.72991320751e-15 	-12203.7894636 	
1.08967935872e-07 -2.35175393152e-13 	2.35175393152e-13 	-12948.8650925 	
1.09549098196e-07 -4.75481843096e-13 	4.75481843096e-13 	-13693.9407214 	
1.10130260521e-07 -2.67607420071e-13 	2.67607420071e-13 	-14637.7597744 	
1.10711422846e-07 -2.87477231992e-14 	2.87477231992e-14 	-15596.7342164 	
1.1129258517e-07 -3.50607388872e-13 	3.50607388872e-13 	-16555.7086584 	
1.11873747495e-07 -7.49185219364e-13 	7.49185219364e-13 	-17514.6831004 	
1.1245490982e-07 -4.07971559172e-13 	4.07971559172e-13 	-18715.0500735 	
1.13036072144e-07 -1.23409692011e-14 	1.23409692011e-14 	-19935.2078445 	
1.13617234469e-07 -1.40353139324e-13 	1.40353139324e-13 	-21155.3656155 	
1.14198396794e-07 -2.53041998549e-13 	2.53041998549e-13 	-22408.0521927 	
1.14779559118e-07 -1.0947264878e-13 	1.0947264878e-13 	-23943.5647654 	
1.15360721443e-07 -3.74566288629e-14 	3.74566288629e-14 	-25479.0773381 	
1.15941883768e-07 -1.95173466398e-13 	1.95173466398e-13 	-27014.5899107 	
1.16523046092e-07 -2.06325773917e-13 	2.06325773917e-13 	-28722.4331681 	
1.17104208417e-07 -5.03181936772e-14 	5.03181936772e-14 	-30634.6429278 	
1.17685370741e-07 0 	0 	-32546.8526876 	
1.18266533066e-07 0 	0 	-34459.0624474 	
1.18847695391e-07 0 	0 	-36807.376247 	
1.19428857715e-07 0 	0 	-39164.9723392 	
1.2001002004e-07 0 	0 	-41522.5684315 	
1.20591182365e-07 0 	0 	-44224.6068234 	
1.21172344689e-07 -1.61473819109e-14 	1.61473819109e-14 	-47103.6817762 	
1.21753507014e-07 -4.18160833755e-13 	4.18160833755e-13 	-49982.7567289 	
1.22334669339e-07 -4.15172274634e-13 	4.15172274634e-13 	-53160.7775667 	
1.22915831663e-07 -2.04317897423e-14 	2.04317897423e-14 	-56644.7574264 	
1.23496993988e-07 0 	0 	-60128.737286 	
1.24078156313e-07 0 	0 	-63941.8414618 	
1.24659318637e-07 0 	0 	-68121.2864016 	
1.25240480962e-07 -1.40038702823e-12 	1.40038702823e-12 	-72300.7313415 	
1.25821643287e-07 -1.11694401095e-12 	1.11694401095e-12 	-76948.707766 	
1.26402805611e-07 0 	0 	-81920.9844151 	
1.26983967936e-07 0 	0 	-86893.2610641 	
1.27565130261e-07 0 	0 	-92619.5269032 	
1.28146292585e-07 -1.32832470342e-13 	1.32832470342e-13 	-98488.3578541 	
1.2872745491e-07 -2.74220999648e-13 	2.74220999648e-13 	-104575.754996 	
1.29308617234e-07 -1.64468841891e-14 	1.64468841891e-14 	-111450.65488 	
1.29889779559e-07 0 	0 	-118325.554764 	
1.30470941884e-07 0 	0 	-126000.587787 	
1.31052104208e-07 0 	0 	-133996.198653 	
1.31633266533e-07 0 	0 	-142395.425695 	
1.32214428858e-07 0 	0 	-151630.767216 	
1.32795591182e-07 0 	0 	-160929.894186 	
1.33376753507e-07 0 	0 	-171527.546312 	
1.33957915832e-07 0 	0 	-182125.198439 	
1.34539078156e-07 0 	0 	-194021.036254 	
1.35120240481e-07 -2.75469766034e-13 	2.75469766034e-13 	-206106.273127 	
1.35701402806e-07 -6.80028105709e-14 	6.80028105709e-14 	-219480.558463 	
1.3628256513e-07 0 	0 	-233180.452862 	
1.36863727455e-07 0 	0 	-248307.947226 	
1.3744488978e-07 0 	0 	-263750.464615 	
1.38026052104e-07 0 	0 	-280934.416551 	
1.38607214429e-07 0 	0 	-298505.957851 	
1.39188376754e-07 0 	0 	-317816.72058 	
1.39769539078e-07 0 	0 	-337998.956486 	
1.40350701403e-07 -4.80588480649e-13 	4.80588480649e-13 	-359432.745881 	
1.40931863727e-07 -2.16504817727e-14 	2.16504817727e-14 	-382597.005354 	
1.41513026052e-07 0 	0 	-406763.526615 	
1.42094188377e-07 -6.21454549661e-14 	6.21454549661e-14 	-432808.733661 	
1.42675350701e-07 -1.71800041526e-15 	1.71800041526e-15 	-460622.934345 	
1.43256513026e-07 -1.6405376392e-13 	1.6405376392e-13 	-489897.621251 	
1.43837675351e-07 0 	0 	-521016.679137 	
1.44418837675e-07 -1.3198782051e-14 	1.3198782051e-14 	-554644.704708 	
1.45e-07 0 	0 	-589354.159553 	
