-1.45e-07 0 	0 	507201.89551 	
-1.44418837675e-07 0 	0 	479887.031438 	
-1.43837675351e-07 0 	0 	453434.560155 	
-1.43256513026e-07 0 	0 	428925.087522 	
-1.42675350701e-07 0 	0 	405924.618951 	
-1.42094188377e-07 0 	0 	384167.405768 	
-1.41513026052e-07 0 	0 	363561.621227 	
-1.40931863727e-07 0 	0 	344641.2341 	
-1.40350701403e-07 0 	0 	326737.4107 	
-1.39769539078e-07 0 	0 	309720.778649 	
-1.39188376754e-07 0 	0 	293958.728928 	
-1.38607214429e-07 0 	0 	279189.614476 	
-1.38026052104e-07 0 	0 	265093.349467 	
-1.3744488978e-07 0 	0 	252075.366672 	
-1.36863727455e-07 0 	0 	239836.974514 	
-1.3628256513e-07 0 	0 	228102.376783 	
-1.35701402806e-07 0 	0 	217448.543547 	
-1.35120240481e-07 0 	0 	207242.164501 	
-1.34539078156e-07 0 	0 	197638.67356 	
-1.33957915832e-07 0 	0 	188775.469705 	
-1.33376753507e-07 0 	0 	180197.240471 	
-1.32795591182e-07 0 	0 	172452.324751 	
-1.32214428858e-07 0 	0 	164971.62952 	
-1.31633266533e-07 0 	0 	158043.401593 	
-1.31052104208e-07 0 	0 	151520.17313 	
-1.30470941884e-07 0 	0 	145339.128438 	
-1.29889779559e-07 0 	0 	139648.024057 	
-1.29308617234e-07 0 	0 	134148.756155 	
-1.2872745491e-07 0 	0 	129178.253432 	
-1.28146292585e-07 0 	0 	124299.38076 	
-1.27565130261e-07 0 	0 	119950.848693 	
-1.26983967936e-07 0 	0 	115634.929446 	
-1.26402805611e-07 0 	0 	111821.684126 	
-1.25821643287e-07 0 	0 	108015.119934 	
-1.25240480962e-07 0 	0 	104661.473312 	
-1.24659318637e-07 0 	0 	101314.401815 	
-1.24078156313e-07 0 	0 	98354.7128542 	
-1.23496993988e-07 0 	0 	95420.8900958 	
-1.22915831663e-07 0 	0 	92798.6275182 	
-1.22334669339e-07 0 	0 	90235.3010099 	
-1.21753507014e-07 0 	0 	87902.1264929 	
-1.21172344689e-07 0 	0 	85669.8999295 	
-1.20591182365e-07 0 	0 	83584.7801943 	
-1.2001002004e-07 0 	0 	81647.4710556 	
-1.19428857715e-07 0 	0 	79775.8263469 	
-1.18847695391e-07 0 	0 	78100.3172797 	
-1.18266533066e-07 0 	0 	76424.8082125 	
-1.17685370741e-07 0 	0 	74969.2984811 	
-1.17104208417e-07 0 	0 	73525.3838262 	
-1.16523046092e-07 0 	0 	72202.9154471 	
-1.15941883768e-07 0 	0 	70963.1443576 	
-1.15360721443e-07 0 	0 	69756.4452144 	
-1.14779559118e-07 0 	0 	68695.9622763 	
-1.14198396794e-07 0 	0 	67635.4793382 	
-1.13617234469e-07 0 	0 	66687.5173989 	
-1.13036072144e-07 0 	0 	65783.902175 	
-1.1245490982e-07 0 	0 	64906.548507 	
-1.11873747495e-07 0 	0 	64139.6553452 	
-1.1129258517e-07 0 	0 	63372.7621834 	
-1.10711422846e-07 0 	0 	62677.9673941 	
-1.10130260521e-07 0 	0 	62029.7663804 	
-1.09549098196e-07 0 	0 	61381.5653667 	
-1.08967935872e-07 0 	0 	60832.0841699 	
-1.08386773547e-07 0 	0 	60286.5045192 	
-1.07805611222e-07 0 	0 	59763.3914541 	
-1.07224448898e-07 0 	0 	59306.1683679 	
-1.06643286573e-07 0 	0 	58848.9452816 	
-1.06062124248e-07 0 	0 	58428.2973493 	
-1.05480961924e-07 0 	0 	58046.8231602 	
-1.04899799599e-07 0 	0 	57665.3489712 	
-1.04318637275e-07 0 	0 	57325.6551299 	
-1.0373747495e-07 0 	0 	57008.8355434 	
-1.03156312625e-07 0 	0 	56692.015957 	
-1.02575150301e-07 0 	0 	56416.0038374 	
-1.01993987976e-07 0 	0 	56154.1200923 	
-1.01412825651e-07 0 	0 	55892.2363472 	
-1.00831663327e-07 0 	0 	55666.1795334 	
-1.00250501002e-07 0 	0 	55450.7571236 	
-9.96693386774e-08 0 	0 	55235.3347137 	
-9.90881763527e-08 0 	0 	55048.4397161 	
-9.85070140281e-08 0 	0 	54872.1239241 	
-9.79258517034e-08 0 	0 	54695.8081321 	
-9.73446893788e-08 0 	0 	54539.6780362 	
-9.67635270541e-08 0 	0 	54396.1168673 	
-9.61823647295e-08 0 	0 	54252.5556984 	
-9.56012024048e-08 0 	0 	54120.7264641 	
-9.50200400802e-08 0 	0 	54004.4612141 	
-9.44388777555e-08 0 	0 	53888.1959641 	
-9.38577154309e-08 0 	0 	53775.7404942 	
-9.32765531062e-08 0 	0 	53682.1040187 	
-9.26953907816e-08 0 	0 	53588.4675433 	
-9.21142284569e-08 0 	0 	53494.8310679 	
-9.15330661323e-08 0 	0 	53416.6849527 	
-9.09519038076e-08 0 	0 	53341.707754 	
-9.0370741483e-08 0 	0 	53266.7305554 	
-8.97895791583e-08 0 	0 	53198.0793158 	
-8.92084168337e-08 0 	0 	53138.4033621 	
-8.8627254509e-08 0 	0 	53078.7274084 	
-8.80460921844e-08 0 	0 	53019.0514547 	
-8.74649298597e-08 0 	0 	52970.8072456 	
-8.68837675351e-08 0 	0 	52923.6074579 	
-8.63026052104e-08 0 	0 	52876.4076703 	
-8.57214428858e-08 0 	0 	52832.6144553 	
-8.51402805611e-08 0 	0 	52795.527564 	
-8.45591182365e-08 0 	0 	52758.4406728 	
-8.39779559118e-08 0 	0 	52721.3537815 	
-8.33967935872e-08 0 	0 	52689.751685 	
-8.28156312625e-08 0 	0 	52660.8122117 	
-8.22344689379e-08 0 	0 	52631.8727383 	
-8.16533066132e-08 0 	0 	52602.933265 	
-8.10721442886e-08 0 	0 	52580.0162306 	
-8.04909819639e-08 0 	0 	52557.5993166 	
-7.99098196393e-08 0 	0 	52535.1824027 	
-7.93286573146e-08 0 	0 	52513.2075543 	
-7.874749499e-08 0 	0 	52495.9781987 	
-7.81663326653e-08 0 	0 	52478.748843 	
-7.75851703407e-08 0 	0 	52461.5194873 	
-7.7004008016e-08 0 	0 	52444.9326115 	
-7.64228456914e-08 0 	0 	52431.8008632 	
-7.58416833667e-08 0 	0 	52418.669115 	
-7.52605210421e-08 0 	0 	52405.5373667 	
-7.46793587174e-08 0 	0 	52392.8424385 	
-7.40981963928e-08 0 	0 	52382.9242207 	
-7.35170340681e-08 0 	0 	52373.0060029 	
-7.29358717435e-08 0 	0 	52363.0877851 	
-7.23547094188e-08 0 	0 	52353.2207285 	
-7.17735470942e-08 0 	0 	52345.8037813 	
-7.11923847695e-08 0 	0 	52338.386834 	
-7.06112224449e-08 0 	0 	52330.9698868 	
-7.00300601202e-08 0 	0 	52323.5529395 	
-6.94488977956e-08 0 	0 	52317.6968232 	
-6.88677354709e-08 0 	0 	52312.211274 	
-6.82865731463e-08 0 	0 	52306.7257249 	
-6.77054108216e-08 0 	0 	52301.2401757 	
-6.7124248497e-08 0 	0 	52296.4890952 	
-6.65430861723e-08 0 	0 	52292.4822536 	
-6.59619238477e-08 0 	0 	52288.475412 	
-6.5380761523e-08 0 	0 	52284.4685704 	
-6.47995991984e-08 0 	0 	52280.5557421 	
-6.42184368737e-08 0 	0 	52277.6707138 	
-6.36372745491e-08 0 	0 	52274.7856854 	
-6.30561122244e-08 0 	0 	52271.9006571 	
-6.24749498998e-08 0 	0 	52269.0156287 	
-6.18937875752e-08 0 	0 	52266.6084167 	
-6.13126252505e-08 0 	0 	52264.5659887 	
-6.07314629259e-08 0 	0 	52262.5235608 	
-6.01503006012e-08 0 	0 	52260.4811328 	
-5.95691382766e-08 0 	0 	52258.4387048 	
-5.89879759519e-08 0 	0 	52256.987186 	
-5.84068136273e-08 0 	0 	52255.5706821 	
-5.78256513026e-08 0 	0 	52254.1541781 	
-5.7244488978e-08 0 	0 	52252.7376742 	
-5.66633266533e-08 0 	0 	52251.4186482 	
-5.60821643287e-08 0 	0 	52250.4613825 	
-5.5501002004e-08 0 	0 	52249.5041169 	
-5.49198396794e-08 0 	0 	52248.5468513 	
-5.43386773547e-08 0 	0 	52247.5895857 	
-5.37575150301e-08 0 	0 	52246.7549274 	
-5.31763527054e-08 0 	0 	52246.1298258 	
-5.25951903808e-08 0 	0 	52245.5047242 	
-5.20140280561e-08 0 	0 	52244.8796226 	
-5.14328657315e-08 0 	0 	52244.2545211 	
-5.08517034068e-08 0 	0 	52243.7267494 	
-5.02705410822e-08 0 	0 	52243.3378799 	
-4.96893787575e-08 0 	0 	52242.9490104 	
-4.91082164329e-08 0 	0 	52242.5601409 	
-4.85270541082e-08 0 	0 	52242.1712713 	
-4.79458917836e-08 0 	0 	52241.8380672 	
-4.73647294589e-08 0 	0 	52241.6137631 	
-4.67835671343e-08 0 	0 	52241.389459 	
-4.62024048096e-08 0 	0 	52241.1651548 	
-4.5621242485e-08 0 	0 	52240.9408507 	
-4.50400801603e-08 0 	0 	52240.7327528 	
-4.44589178357e-08 0 	0 	52240.6201287 	
-4.3877755511e-08 0 	0 	52240.5075045 	
-4.32965931864e-08 0 	0 	52240.3948804 	
-4.27154308617e-08 0 	0 	52240.2822563 	
-4.21342685371e-08 0 	0 	52240.1696321 	
-4.15531062124e-08 0 	0 	52240.1177177 	
-4.09719438878e-08 0 	0 	52240.0782581 	
-4.03907815631e-08 0 	0 	52240.0387985 	
-3.98096192385e-08 0 	0 	52239.999339 	
-3.92284569138e-08 0 	0 	52239.9598794 	
-3.86472945892e-08 0 	0 	52239.9381502 	
-3.80661322645e-08 0 	0 	52239.9442289 	
-3.74849699399e-08 0 	0 	52239.9503076 	
-3.69038076152e-08 0 	0 	52239.9563863 	
-3.63226452906e-08 0 	0 	52239.962465 	
-3.57414829659e-08 0 	0 	52239.9685437 	
-3.51603206413e-08 0 	0 	52239.9960473 	
-3.45791583166e-08 0 	0 	52240.0282249 	
-3.3997995992e-08 0 	0 	52240.0604025 	
-3.34168336673e-08 0 	0 	52240.0925801 	
-3.28356713427e-08 0 	0 	52240.1247577 	
-3.2254509018e-08 0 	0 	52240.1584802 	
-3.16733466934e-08 0 	0 	52240.2033786 	
-3.10921843687e-08 0 	0 	52240.2482769 	
-3.05110220441e-08 0 	0 	52240.2931753 	
-2.99298597194e-08 0 	0 	52240.3380737 	
-2.93486973948e-08 0 	0 	52240.3829721 	
-2.87675350701e-08 0 	0 	52240.428958 	
-2.81863727455e-08 0 	0 	52240.4776344 	
-2.76052104208e-08 0 	0 	52240.5263107 	
-2.70240480962e-08 0 	0 	52240.5749871 	
-2.64428857715e-08 0 	0 	52240.6236635 	
-2.58617234469e-08 0 	0 	52240.6723399 	
-2.52805611222e-08 0 	0 	52240.7203909 	
-2.46993987976e-08 0 	0 	52240.7670946 	
-2.41182364729e-08 0 	0 	52240.8137984 	
-2.35370741483e-08 0 	0 	52240.8605021 	
-2.29559118236e-08 0 	0 	52240.9072058 	
-2.2374749499e-08 0 	0 	52240.9539096 	
-2.17935871743e-08 0 	0 	52240.9994849 	
-2.12124248497e-08 0 	0 	52241.0407017 	
-2.0631262525e-08 0 	0 	52241.0819186 	
-2.00501002004e-08 0 	0 	52241.1231354 	
-1.94689378758e-08 0 	0 	52241.1643523 	
-1.88877755511e-08 0 	0 	52241.2055691 	
-1.83066132265e-08 0 	0 	52241.246786 	
-1.77254509018e-08 0 	0 	52241.2808994 	
-1.71442885772e-08 0 	0 	52241.3146428 	
-1.65631262525e-08 0 	0 	52241.3483862 	
-1.59819639279e-08 0 	0 	52241.3821296 	
-1.54008016032e-08 0 	0 	52241.4158731 	
-1.48196392786e-08 0 	0 	52241.4496165 	
-1.42384769539e-08 0 	0 	52241.4787146 	
-1.36573146293e-08 0 	0 	52241.5039834 	
-1.30761523046e-08 0 	0 	52241.5292522 	
-1.249498998e-08 0 	0 	52241.5545211 	
-1.19138276553e-08 0 	0 	52241.5797899 	
-1.13326653307e-08 0 	0 	52241.6050587 	
-1.0751503006e-08 0 	0 	52241.6303275 	
-1.01703406814e-08 0 	0 	52241.646758 	
-9.58917835671e-09 0 	0 	52241.6631453 	
-9.00801603206e-09 0 	0 	52241.6795327 	
-8.42685370741e-09 0 	0 	52241.69592 	
-7.84569138277e-09 0 	0 	52241.7123073 	
-7.26452905812e-09 0 	0 	52241.7286946 	
-6.68336673347e-09 0 	0 	52241.7424968 	
-6.10220440882e-09 0 	0 	52241.7499062 	
-5.52104208417e-09 0 	0 	52241.7573155 	
-4.93987975952e-09 0 	0 	52241.7647248 	
-4.35871743487e-09 0 	0 	52241.7721342 	
-3.77755511022e-09 0 	0 	52241.7795435 	
-3.19639278557e-09 0 	0 	52241.7869528 	
-2.61523046092e-09 0 	0 	52241.790571 	
-2.03406813627e-09 0 	0 	52241.7890158 	
-1.45290581162e-09 0 	0 	52241.7874606 	
-8.71743486974e-10 0 	0 	52241.7859054 	
-2.90581162324e-10 0 	0 	52241.7843502 	
2.90581162325e-10 0 	0 	52241.782795 	
8.71743486974e-10 0 	0 	52241.7812398 	
1.45290581162e-09 0 	0 	52241.776149 	
2.03406813627e-09 0 	0 	52241.7656731 	
2.61523046092e-09 0 	0 	52241.7551973 	
3.19639278557e-09 0 	0 	52241.7447214 	
3.77755511022e-09 0 	0 	52241.7342455 	
4.35871743487e-09 0 	0 	52241.7237696 	
4.93987975952e-09 0 	0 	52241.7132938 	
5.52104208417e-09 0 	0 	52241.7010148 	
6.10220440882e-09 0 	0 	52241.6817186 	
6.68336673347e-09 0 	0 	52241.6624224 	
7.26452905812e-09 0 	0 	52241.6431262 	
7.84569138277e-09 0 	0 	52241.62383 	
8.42685370742e-09 0 	0 	52241.6045338 	
9.00801603206e-09 0 	0 	52241.5852376 	
9.58917835671e-09 0 	0 	52241.5659414 	
1.01703406814e-08 0 	0 	52241.539487 	
1.0751503006e-08 0 	0 	52241.5117021 	
1.13326653307e-08 0 	0 	52241.4839172 	
1.19138276553e-08 0 	0 	52241.4561324 	
1.249498998e-08 0 	0 	52241.4283475 	
1.30761523046e-08 0 	0 	52241.4005626 	
1.36573146293e-08 0 	0 	52241.3727778 	
1.42384769539e-08 0 	0 	52241.3426904 	
1.48196392786e-08 0 	0 	52241.3074518 	
1.54008016032e-08 0 	0 	52241.2722133 	
1.59819639279e-08 0 	0 	52241.2369747 	
1.65631262525e-08 0 	0 	52241.2017362 	
1.71442885772e-08 0 	0 	52241.1664977 	
1.77254509018e-08 0 	0 	52241.1312591 	
1.83066132265e-08 0 	0 	52241.0960206 	
1.88877755511e-08 0 	0 	52241.0579361 	
1.94689378758e-08 0 	0 	52241.0179325 	
2.00501002004e-08 0 	0 	52240.9779289 	
2.06312625251e-08 0 	0 	52240.9379253 	
2.12124248497e-08 0 	0 	52240.8979217 	
2.17935871743e-08 0 	0 	52240.8579181 	
2.2374749499e-08 0 	0 	52240.8179145 	
2.29559118236e-08 0 	0 	52240.7779109 	
2.35370741483e-08 0 	0 	52240.7388654 	
2.41182364729e-08 0 	0 	52240.7002224 	
2.46993987976e-08 0 	0 	52240.6615794 	
2.52805611222e-08 0 	0 	52240.6229364 	
2.58617234469e-08 0 	0 	52240.5842934 	
2.64428857715e-08 0 	0 	52240.5456504 	
2.70240480962e-08 0 	0 	52240.5070075 	
2.76052104208e-08 0 	0 	52240.4683645 	
2.81863727455e-08 0 	0 	52240.4386779 	
2.87675350701e-08 0 	0 	52240.4143584 	
2.93486973948e-08 0 	0 	52240.390039 	
2.99298597194e-08 0 	0 	52240.3657195 	
3.05110220441e-08 0 	0 	52240.3414 	
3.10921843687e-08 0 	0 	52240.3170805 	
3.16733466934e-08 0 	0 	52240.2927611 	
3.2254509018e-08 0 	0 	52240.2684416 	
3.28356713427e-08 0 	0 	52240.2585509 	
3.34168336673e-08 0 	0 	52240.2747227 	
3.3997995992e-08 0 	0 	52240.2908945 	
3.45791583166e-08 0 	0 	52240.3070663 	
3.51603206413e-08 0 	0 	52240.3232382 	
3.57414829659e-08 0 	0 	52240.33941 	
3.63226452906e-08 0 	0 	52240.3555818 	
3.69038076152e-08 0 	0 	52240.3717536 	
3.74849699399e-08 0 	0 	52240.3879254 	
3.80661322645e-08 0 	0 	52240.4860891 	
3.86472945892e-08 0 	0 	52240.5940964 	
3.92284569138e-08 0 	0 	52240.7021036 	
3.98096192385e-08 0 	0 	52240.8101108 	
4.03907815631e-08 0 	0 	52240.9181181 	
4.09719438878e-08 0 	0 	52241.0261253 	
4.15531062124e-08 0 	0 	52241.1341325 	
4.21342685371e-08 0 	0 	52241.2421398 	
4.27154308617e-08 0 	0 	52241.3941247 	
4.32965931864e-08 0 	0 	52241.693233 	
4.3877755511e-08 0 	0 	52241.9923414 	
4.44589178357e-08 0 	0 	52242.2914497 	
4.50400801603e-08 0 	0 	52242.590558 	
4.5621242485e-08 0 	0 	52242.8896663 	
4.62024048096e-08 0 	0 	52243.1887747 	
4.67835671343e-08 0 	0 	52243.487883 	
4.73647294589e-08 0 	0 	52243.7869913 	
4.79458917836e-08 0 	0 	52244.2249278 	
4.85270541082e-08 0 	0 	52244.9058509 	
4.91082164329e-08 0 	0 	52245.586774 	
4.96893787575e-08 0 	0 	52246.2676971 	
5.02705410822e-08 0 	0 	52246.9486202 	
5.08517034068e-08 0 	0 	52247.6295433 	
5.14328657315e-08 0 	0 	52248.3104664 	
5.20140280561e-08 0 	0 	52248.9913895 	
5.25951903808e-08 0 	0 	52249.6723126 	
5.31763527054e-08 0 	0 	52250.5690222 	
5.37575150301e-08 0 	0 	52251.9980739 	
5.43386773547e-08 0 	0 	52253.4271256 	
5.49198396794e-08 0 	0 	52254.8561773 	
5.5501002004e-08 0 	0 	52256.285229 	
5.60821643287e-08 0 	0 	52257.7142807 	
5.66633266533e-08 0 	0 	52259.1433324 	
5.7244488978e-08 0 	0 	52260.5723841 	
5.78256513026e-08 0 	0 	52262.0014358 	
5.84068136273e-08 0 	0 	52263.4304875 	
5.89879759519e-08 0 	0 	52266.3135864 	
5.95691382766e-08 0 	0 	52269.1970906 	
6.01503006012e-08 0 	0 	52272.0805948 	
6.07314629259e-08 0 	0 	52274.964099 	
6.13126252505e-08 0 	0 	52277.8476032 	
6.18937875752e-08 0 	0 	52280.7311074 	
6.24749498998e-08 0 	0 	52283.6146116 	
6.30561122244e-08 0 	0 	52286.4981158 	
6.36372745491e-08 0 	0 	52289.38162 	
6.42184368737e-08 0 	0 	52293.6564653 	
6.47995991984e-08 0 	0 	52299.3654016 	
6.5380761523e-08 0 	0 	52305.0743379 	
6.59619238477e-08 0 	0 	52310.7832743 	
6.65430861723e-08 0 	0 	52316.4922106 	
6.7124248497e-08 0 	0 	52322.2011469 	
6.77054108216e-08 0 	0 	52327.9100832 	
6.82865731463e-08 0 	0 	52333.6190195 	
6.88677354709e-08 0 	0 	52339.3279558 	
6.94488977956e-08 0 	0 	52345.0368922 	
7.00300601202e-08 0 	0 	52354.9406844 	
7.06112224449e-08 0 	0 	52366.158787 	
7.11923847695e-08 0 	0 	52377.3768897 	
7.17735470942e-08 0 	0 	52388.5949923 	
7.23547094188e-08 0 	0 	52399.813095 	
7.29358717435e-08 0 	0 	52411.0311976 	
7.35170340681e-08 0 	0 	52422.2493003 	
7.40981963928e-08 0 	0 	52433.4674029 	
7.46793587174e-08 0 	0 	52444.6855056 	
7.52605210421e-08 0 	0 	52455.9036082 	
7.58416833667e-08 0 	0 	52475.788507 	
7.64228456914e-08 0 	0 	52497.8205198 	
7.7004008016e-08 0 	0 	52519.8525326 	
7.75851703407e-08 0 	0 	52541.8845454 	
7.81663326653e-08 0 	0 	52563.9165582 	
7.874749499e-08 0 	0 	52585.948571 	
7.93286573146e-08 0 	0 	52607.9805838 	
7.99098196393e-08 0 	0 	52630.0125966 	
8.04909819639e-08 0 	0 	52652.0446094 	
8.10721442886e-08 0 	0 	52674.0766222 	
8.16533066132e-08 0 	0 	52709.1068737 	
8.22344689379e-08 0 	0 	52752.5493637 	
8.28156312625e-08 0 	0 	52795.9918537 	
8.33967935872e-08 0 	0 	52839.4343436 	
8.39779559118e-08 0 	0 	52882.8768336 	
8.45591182365e-08 0 	0 	52926.3193236 	
8.51402805611e-08 0 	0 	52969.7618136 	
8.57214428858e-08 0 	0 	53013.2043036 	
8.63026052104e-08 0 	0 	53056.6467935 	
8.68837675351e-08 0 	0 	53100.0892835 	
8.74649298597e-08 0 	0 	53150.93273 	
8.80460921844e-08 0 	0 	53237.1895127 	
8.8627254509e-08 0 	0 	53323.4462954 	
8.92084168337e-08 0 	0 	53409.703078 	
8.97895791583e-08 0 	0 	53495.9598607 	
9.0370741483e-08 0 	0 	53582.2166434 	
9.09519038076e-08 0 	0 	53668.4734261 	
9.15330661323e-08 0 	0 	53754.7302088 	
9.21142284569e-08 0 	0 	53840.9869915 	
9.26953907816e-08 0 	0 	53927.2437742 	
9.32765531062e-08 0 	0 	54013.5005569 	
9.38577154309e-08 0 	0 	54142.4345247 	
9.44388777555e-08 0 	0 	54315.2403466 	
9.50200400802e-08 0 	0 	54488.0461686 	
9.56012024048e-08 0 	0 	54660.8519905 	
9.61823647295e-08 0 	0 	54833.6578124 	
9.67635270541e-08 0 	0 	55006.4636343 	
9.73446893788e-08 0 	0 	55179.2694562 	
9.79258517034e-08 0 	0 	55352.0752781 	
9.85070140281e-08 0 	0 	55524.8811 	
9.90881763527e-08 0 	0 	55697.6869219 	
9.96693386774e-08 0 	0 	55870.4927438 	
1.00250501002e-07 0 	0 	56142.7668746 	
1.00831663327e-07 0 	0 	56492.5534194 	
1.01412825651e-07 0 	0 	56842.3399641 	
1.01993987976e-07 0 	0 	57192.1265089 	
1.02575150301e-07 0 	0 	57541.9130536 	
1.03156312625e-07 0 	0 	57891.6995984 	
1.0373747495e-07 0 	0 	58241.4861431 	
1.04318637275e-07 0 	0 	58591.2726878 	
1.04899799599e-07 0 	0 	58941.0592326 	
1.05480961924e-07 0 	0 	59290.8457773 	
1.06062124248e-07 0 	0 	59640.6323221 	
1.06643286573e-07 0 	0 	60127.3060974 	
1.07224448898e-07 0 	0 	60843.3553402 	
1.07805611222e-07 0 	0 	61559.4045829 	
1.08386773547e-07 0 	0 	62275.4538257 	
1.08967935872e-07 0 	0 	62991.5030685 	
1.09549098196e-07 0 	0 	63707.5523113 	
1.10130260521e-07 0 	0 	64423.601554 	
1.10711422846e-07 0 	0 	65139.6507968 	
1.1129258517e-07 0 	0 	65855.7000396 	
1.11873747495e-07 0 	0 	66571.7492824 	
1.1245490982e-07 0 	0 	67287.7985251 	
1.13036072144e-07 0 	0 	68003.8477679 	
1.13617234469e-07 0 	0 	69427.6171665 	
1.14198396794e-07 0 	0 	70911.1087549 	
1.14779559118e-07 0 	0 	72394.6003433 	
1.15360721443e-07 0 	0 	73878.0919317 	
1.15941883768e-07 0 	0 	75361.5835201 	
1.16523046092e-07 0 	0 	76845.0751085 	
1.17104208417e-07 0 	0 	78328.5666969 	
1.17685370741e-07 0 	0 	79812.0582853 	
1.18266533066e-07 0 	0 	81295.5498737 	
1.18847695391e-07 0 	0 	82779.0414621 	
1.19428857715e-07 0 	0 	84262.5330505 	
1.2001002004e-07 0 	0 	86073.6762533 	
1.20591182365e-07 0 	0 	89186.0357915 	
1.21172344689e-07 0 	0 	92298.3953297 	
1.21753507014e-07 0 	0 	95410.7548679 	
1.22334669339e-07 0 	0 	98523.1144061 	
1.22915831663e-07 0 	0 	101635.473944 	
1.23496993988e-07 0 	0 	104747.833482 	
1.24078156313e-07 0 	0 	107860.193021 	
1.24659318637e-07 0 	0 	110972.552559 	
1.25240480962e-07 0 	0 	114084.912097 	
1.25821643287e-07 0 	0 	117197.271635 	
1.26402805611e-07 0 	0 	120309.631173 	
1.26983967936e-07 0 	0 	124138.067858 	
1.27565130261e-07 0 	0 	130755.14709 	
1.28146292585e-07 0 	0 	137372.226321 	
1.2872745491e-07 0 	0 	143989.305553 	
1.29308617234e-07 0 	0 	150606.384784 	
1.29889779559e-07 0 	0 	157223.464016 	
1.30470941884e-07 0 	0 	163840.543247 	
1.31052104208e-07 0 	0 	170457.622479 	
1.31633266533e-07 0 	0 	177074.70171 	
1.32214428858e-07 0 	0 	183691.780942 	
1.32795591182e-07 0 	0 	190308.860173 	
1.33376753507e-07 0 	0 	196925.939405 	
1.33957915832e-07 0 	0 	203543.018636 	
1.34539078156e-07 0 	0 	217248.386391 	
1.35120240481e-07 0 	0 	231526.9467 	
1.35701402806e-07 0 	0 	245805.507008 	
1.3628256513e-07 0 	0 	260084.067316 	
1.36863727455e-07 0 	0 	274362.627625 	
1.3744488978e-07 0 	0 	288641.187933 	
1.38026052104e-07 0 	0 	302919.748241 	
1.38607214429e-07 0 	0 	317198.30855 	
1.39188376754e-07 0 	0 	331476.868858 	
1.39769539078e-07 0 	0 	345755.429167 	
1.40350701403e-07 0 	0 	360033.989475 	
1.40931863727e-07 0 	0 	374312.549783 	
1.41513026052e-07 0 	0 	390441.486847 	
1.42094188377e-07 0 	0 	409901.552549 	
1.42675350701e-07 0 	0 	429361.618251 	
1.43256513026e-07 0 	0 	448821.683952 	
1.43837675351e-07 0 	0 	468281.749654 	
1.44418837675e-07 0 	0 	487741.815355 	
1.45e-07 0 	0 	507201.881057 	
