-1.45e-07 0 	0 	2425.35701293 	
-1.44418837675e-07 -2.26266525428e-15 	2.26266525428e-15 	2248.15005682 	
-1.43837675351e-07 -4.69296228833e-15 	4.69296228833e-15 	2076.25503092 	
-1.43256513026e-07 0 	0 	1916.70355548 	
-1.42675350701e-07 -5.35958654532e-16 	5.35958654532e-16 	1766.25961623 	
-1.42094188377e-07 -1.51085374107e-14 	1.51085374107e-14 	1623.0397751 	
-1.41513026052e-07 0 	0 	1488.58553377 	
-1.40931863727e-07 0 	0 	1363.47088357 	
-1.40350701403e-07 0 	0 	1243.34682149 	
-1.39769539078e-07 0 	0 	1131.85238252 	
-1.39188376754e-07 0 	0 	1026.61816279 	
-1.38607214429e-07 0 	0 	925.743016188 	
-1.38026052104e-07 0 	0 	833.593389558 	
-1.3744488978e-07 0 	0 	743.390220187 	
-1.36863727455e-07 -6.0939804481e-16 	6.0939804481e-16 	661.950044898 	
-1.3628256513e-07 -3.28098110159e-15 	3.28098110159e-15 	582.100031934 	
-1.35701402806e-07 0 	0 	509.45620868 	
-1.35120240481e-07 0 	0 	438.461423515 	
-1.34539078156e-07 0 	0 	373.994988585 	
-1.33957915832e-07 0 	0 	310.491206021 	
-1.33376753507e-07 0 	0 	253.58566916 	
-1.32795591182e-07 0 	0 	196.680132298 	
-1.32214428858e-07 0 	0 	146.400861237 	
-1.31633266533e-07 0 	0 	96.447082016 	
-1.31052104208e-07 0 	0 	50.7791254008 	
-1.30470941884e-07 0 	0 	7.18005692983 	
-1.29889779559e-07 0 	0 	-34.7672888859 	
-1.29308617234e-07 -3.07802360623e-16 	3.07802360623e-16 	-72.5920851841 	
-1.2872745491e-07 -5.13202805182e-15 	5.13202805182e-15 	-110.416881482 	
-1.28146292585e-07 -2.39880678368e-15 	2.39880678368e-15 	-144.159911364 	
-1.27565130261e-07 -3.33381394919e-15 	3.33381394919e-15 	-176.770073902 	
-1.26983967936e-07 -7.8354863848e-15 	7.8354863848e-15 	-208.636116209 	
-1.26402805611e-07 -1.21584376984e-15 	1.21584376984e-15 	-236.566703313 	
-1.25821643287e-07 0 	0 	-264.497290417 	
-1.25240480962e-07 0 	0 	-290.721203205 	
-1.24659318637e-07 -2.53382244559e-17 	2.53382244559e-17 	-314.47940493 	
-1.24078156313e-07 -1.44797128219e-14 	1.44797128219e-14 	-338.237606655 	
-1.23496993988e-07 -1.36071186724e-14 	1.36071186724e-14 	-360.049025601 	
-1.22915831663e-07 0 	0 	-380.111434845 	
-1.22334669339e-07 0 	0 	-400.173844089 	
-1.21753507014e-07 0 	0 	-418.591445137 	
-1.21172344689e-07 0 	0 	-435.401939983 	
-1.20591182365e-07 0 	0 	-452.212434829 	
-1.2001002004e-07 0 	0 	-468.058024783 	
-1.19428857715e-07 0 	0 	-482.026295962 	
-1.18847695391e-07 0 	0 	-495.99456714 	
-1.18266533066e-07 0 	0 	-509.911412458 	
-1.17685370741e-07 0 	0 	-521.412149347 	
-1.17104208417e-07 -1.53166760077e-15 	1.53166760077e-15 	-532.912886235 	
-1.16523046092e-07 -6.28048186981e-15 	6.28048186981e-15 	-544.413623124 	
-1.15941883768e-07 -5.7928405645e-15 	5.7928405645e-15 	-554.759868035 	
-1.15360721443e-07 -1.11173041649e-15 	1.11173041649e-15 	-564.132595316 	
-1.14779559118e-07 -3.24919986441e-15 	3.24919986441e-15 	-573.505322598 	
-1.14198396794e-07 -7.51040590082e-15 	7.51040590082e-15 	-582.878049879 	
-1.13617234469e-07 -4.06182454193e-15 	4.06182454193e-15 	-590.615647443 	
-1.13036072144e-07 -1.78574030529e-16 	1.78574030529e-16 	-598.165183023 	
-1.1245490982e-07 -5.90335527737e-15 	5.90335527737e-15 	-605.714718604 	
-1.11873747495e-07 -1.05669294194e-14 	1.05669294194e-14 	-613.146649684 	
-1.1129258517e-07 -4.9451636743e-15 	4.9451636743e-15 	-619.144133907 	
-1.10711422846e-07 0 	0 	-625.141618129 	
-1.10130260521e-07 0 	0 	-631.139102352 	
-1.09549098196e-07 0 	0 	-637.043552476 	
-1.08967935872e-07 0 	0 	-641.727980123 	
-1.08386773547e-07 0 	0 	-646.412407769 	
-1.07805611222e-07 0 	0 	-651.096835416 	
-1.07224448898e-07 0 	0 	-655.781263063 	
-1.06643286573e-07 0 	0 	-659.501406318 	
-1.06062124248e-07 0 	0 	-663.081577677 	
-1.05480961924e-07 0 	0 	-666.661749035 	
-1.04899799599e-07 0 	0 	-670.241920394 	
-1.04318637275e-07 0 	0 	-673.384713503 	
-1.0373747495e-07 0 	0 	-676.041509579 	
-1.03156312625e-07 -5.34878156706e-16 	5.34878156706e-16 	-678.698305655 	
-1.02575150301e-07 -2.94193804692e-15 	2.94193804692e-15 	-681.355101731 	
-1.01993987976e-07 -5.34899793713e-15 	5.34899793713e-15 	-684.011897808 	
-1.01412825651e-07 -3.50908238334e-15 	3.50908238334e-15 	-686.006423335 	
-1.00831663327e-07 -1.16556902507e-15 	1.16556902507e-15 	-687.895303867 	
-1.00250501002e-07 0 	0 	-689.7841844 	
-9.96693386774e-08 0 	0 	-691.673064932 	
-9.90881763527e-08 0 	0 	-693.543321151 	
-9.85070140281e-08 0 	0 	-694.796942984 	
-9.79258517034e-08 0 	0 	-696.050564818 	
-9.73446893788e-08 -2.09722576171e-15 	2.09722576171e-15 	-697.304186652 	
-9.67635270541e-08 -5.86924823228e-15 	5.86924823228e-15 	-698.557808485 	
-9.61823647295e-08 -9.64127070285e-15 	9.64127070285e-15 	-699.811430319 	
-9.56012024048e-08 -5.95063449837e-15 	5.95063449837e-15 	-700.561278182 	
-9.50200400802e-08 -2.29690986892e-15 	2.29690986892e-15 	-701.292135626 	
-9.44388777555e-08 -2.48044531471e-15 	2.48044531471e-15 	-702.02299307 	
-9.38577154309e-08 -9.15996001485e-15 	9.15996001485e-15 	-702.753850514 	
-9.32765531062e-08 -1.5839474715e-14 	1.5839474715e-14 	-703.484707958 	
-9.26953907816e-08 -1.33079814298e-14 	1.33079814298e-14 	-703.935615076 	
-9.21142284569e-08 -6.85638455738e-15 	6.85638455738e-15 	-704.238613089 	
-9.15330661323e-08 -4.04787685e-16 	4.04787685e-16 	-704.541611102 	
-9.09519038076e-08 -2.7408452391e-15 	2.7408452391e-15 	-704.844609114 	
-9.0370741483e-08 -5.66516913032e-15 	5.66516913032e-15 	-705.147607127 	
-8.97895791583e-08 -7.7667541368e-15 	7.7667541368e-15 	-705.419454038 	
-8.92084168337e-08 -4.95096504008e-15 	4.95096504008e-15 	-705.374338389 	
-8.8627254509e-08 -2.13517594336e-15 	2.13517594336e-15 	-705.329222739 	
-8.80460921844e-08 -1.86432186979e-15 	1.86432186979e-15 	-705.28410709 	
-8.74649298597e-08 -9.5772747679e-15 	9.5772747679e-15 	-705.238991441 	
-8.68837675351e-08 -1.7290227666e-14 	1.7290227666e-14 	-705.193875792 	
-8.63026052104e-08 -2.01902121558e-14 	2.01902121558e-14 	-705.07648723 	
-8.57214428858e-08 -1.27887336499e-14 	1.27887336499e-14 	-704.750072526 	
-8.51402805611e-08 -5.38725514407e-15 	5.38725514407e-15 	-704.423657822 	
-8.45591182365e-08 0 	0 	-704.097243118 	
-8.39779559118e-08 0 	0 	-703.770828413 	
-8.33967935872e-08 0 	0 	-703.444413709 	
-8.28156312625e-08 0 	0 	-703.085595025 	
-8.22344689379e-08 0 	0 	-702.533750224 	
-8.16533066132e-08 0 	0 	-701.981905423 	
-8.10721442886e-08 0 	0 	-701.430060622 	
-8.04909819639e-08 0 	0 	-700.878215821 	
-7.99098196393e-08 0 	0 	-700.32637102 	
-7.93286573146e-08 0 	0 	-699.774526219 	
-7.874749499e-08 0 	0 	-699.091017866 	
-7.81663326653e-08 0 	0 	-698.360388259 	
-7.75851703407e-08 0 	0 	-697.629758652 	
-7.7004008016e-08 -3.86305904993e-16 	3.86305904993e-16 	-696.899129045 	
-7.64228456914e-08 -1.23064615927e-15 	1.23064615927e-15 	-696.168499438 	
-7.58416833667e-08 -2.07498641354e-15 	2.07498641354e-15 	-695.437869831 	
-7.52605210421e-08 -2.73285471902e-15 	2.73285471902e-15 	-694.704322696 	
-7.46793587174e-08 -1.93279593018e-15 	1.93279593018e-15 	-693.833785807 	
-7.40981963928e-08 -1.13273714135e-15 	1.13273714135e-15 	-692.963248918 	
-7.35170340681e-08 -3.32678352512e-16 	3.32678352512e-16 	-692.092712029 	
-7.29358717435e-08 -4.34801971399e-16 	4.34801971399e-16 	-691.222175139 	
-7.23547094188e-08 -1.17909315602e-15 	1.17909315602e-15 	-690.35163825 	
-7.17735470942e-08 -1.92338434064e-15 	1.92338434064e-15 	-689.481101361 	
-7.11923847695e-08 -2.66767552526e-15 	2.66767552526e-15 	-688.610564472 	
-7.06112224449e-08 -1.83781907492e-15 	1.83781907492e-15 	-687.634352874 	
-7.00300601202e-08 -1.13632305321e-15 	1.13632305321e-15 	-686.656222118 	
-6.94488977956e-08 -4.34827031496e-16 	4.34827031496e-16 	-685.678091362 	
-6.88677354709e-08 0 	0 	-684.699960606 	
-6.82865731463e-08 0 	0 	-683.721829849 	
-6.77054108216e-08 0 	0 	-682.743699093 	
-6.7124248497e-08 0 	0 	-681.765568337 	
-6.65430861723e-08 0 	0 	-680.738528154 	
-6.59619238477e-08 0 	0 	-679.679531195 	
-6.5380761523e-08 0 	0 	-678.620534236 	
-6.47995991984e-08 0 	0 	-677.561537277 	
-6.42184368737e-08 -8.94587249803e-16 	8.94587249803e-16 	-676.502540318 	
-6.36372745491e-08 -1.97305938159e-15 	1.97305938159e-15 	-675.443543359 	
-6.30561122244e-08 -3.05153151337e-15 	3.05153151337e-15 	-674.3845464 	
-6.24749498998e-08 -4.13000364516e-15 	4.13000364516e-15 	-673.325549441 	
-6.18937875752e-08 -3.09382509465e-15 	3.09382509465e-15 	-672.215129711 	
-6.13126252505e-08 -2.09078191841e-15 	2.09078191841e-15 	-671.097197384 	
-6.07314629259e-08 -1.08773874216e-15 	1.08773874216e-15 	-669.979265058 	
-6.01503006012e-08 -8.4695565919e-17 	8.4695565919e-17 	-668.861332731 	
-5.95691382766e-08 0 	0 	-667.743400404 	
-5.89879759519e-08 0 	0 	-666.625468077 	
-5.84068136273e-08 0 	0 	-665.507535751 	
-5.78256513026e-08 0 	0 	-664.389603424 	
-5.7244488978e-08 0 	0 	-663.240050404 	
-5.66633266533e-08 0 	0 	-662.080956689 	
-5.60821643287e-08 0 	0 	-660.921862974 	
-5.5501002004e-08 0 	0 	-659.762769259 	
-5.49198396794e-08 0 	0 	-658.603675544 	
-5.43386773547e-08 0 	0 	-657.444581829 	
-5.37575150301e-08 0 	0 	-656.285488114 	
-5.31763527054e-08 0 	0 	-655.126394399 	
-5.25951903808e-08 0 	0 	-653.959899939 	
-5.20140280561e-08 0 	0 	-652.773793523 	
-5.14328657315e-08 0 	0 	-651.587687107 	
-5.08517034068e-08 0 	0 	-650.401580691 	
-5.02705410822e-08 0 	0 	-649.215474275 	
-4.96893787575e-08 -5.83538130185e-16 	5.83538130185e-16 	-648.029367859 	
-4.91082164329e-08 -1.21297344674e-15 	1.21297344674e-15 	-646.843261444 	
-4.85270541082e-08 -1.8424087633e-15 	1.8424087633e-15 	-645.657155028 	
-4.79458917836e-08 -2.47184407986e-15 	2.47184407986e-15 	-644.471048612 	
-4.73647294589e-08 -2.37515344665e-15 	2.37515344665e-15 	-643.278994504 	
-4.67835671343e-08 -1.80761173084e-15 	1.80761173084e-15 	-642.076858674 	
-4.62024048096e-08 -1.24007001502e-15 	1.24007001502e-15 	-640.874722844 	
-4.5621242485e-08 -6.7252829921e-16 	6.7252829921e-16 	-639.672587013 	
-4.50400801603e-08 -1.04986583397e-16 	1.04986583397e-16 	-638.470451183 	
-4.44589178357e-08 0 	0 	-637.268315352 	
-4.3877755511e-08 0 	0 	-636.066179522 	
-4.32965931864e-08 0 	0 	-634.864043692 	
-4.27154308617e-08 0 	0 	-633.661907861 	
-4.21342685371e-08 0 	0 	-632.459462028 	
-4.15531062124e-08 0 	0 	-631.249532641 	
-4.09719438878e-08 0 	0 	-630.039603254 	
-4.03907815631e-08 0 	0 	-628.829673867 	
-3.98096192385e-08 0 	0 	-627.619744479 	
-3.92284569138e-08 0 	0 	-626.409815092 	
-3.86472945892e-08 0 	0 	-625.199885705 	
-3.80661322645e-08 0 	0 	-623.989956318 	
-3.74849699399e-08 0 	0 	-622.78002693 	
-3.69038076152e-08 0 	0 	-621.570097543 	
-3.63226452906e-08 0 	0 	-620.359672837 	
-3.57414829659e-08 0 	0 	-619.147835061 	
-3.51603206413e-08 0 	0 	-617.935997286 	
-3.45791583166e-08 0 	0 	-616.72415951 	
-3.3997995992e-08 0 	0 	-615.512321735 	
-3.34168336673e-08 -4.20751595502e-17 	4.20751595502e-17 	-614.300483959 	
-3.28356713427e-08 -2.0736218211e-16 	2.0736218211e-16 	-613.088646183 	
-3.2254509018e-08 -3.7264920467e-16 	3.7264920467e-16 	-611.876808408 	
-3.16733466934e-08 -5.3793622723e-16 	5.3793622723e-16 	-610.664970632 	
-3.10921843687e-08 -7.0322324979e-16 	7.0322324979e-16 	-609.453132856 	
-3.05110220441e-08 -7.32617566963e-16 	7.32617566963e-16 	-608.241312714 	
-2.99298597194e-08 -5.92725860028e-16 	5.92725860028e-16 	-607.031487326 	
-2.93486973948e-08 -4.52834153094e-16 	4.52834153094e-16 	-605.821661938 	
-2.87675350701e-08 -3.1294244616e-16 	3.1294244616e-16 	-604.61183655 	
-2.81863727455e-08 -1.73050739226e-16 	1.73050739226e-16 	-603.402011162 	
-2.76052104208e-08 -3.3159032292e-17 	3.3159032292e-17 	-602.192185774 	
-2.70240480962e-08 -3.88634237031e-16 	3.88634237031e-16 	-600.982360386 	
-2.64428857715e-08 -8.98006900777e-16 	8.98006900777e-16 	-599.772534998 	
-2.58617234469e-08 -1.40737956452e-15 	1.40737956452e-15 	-598.562709611 	
-2.52805611222e-08 -1.91675222827e-15 	1.91675222827e-15 	-597.352884223 	
-2.46993987976e-08 -2.42612489202e-15 	2.42612489202e-15 	-596.143058835 	
-2.41182364729e-08 -2.16939028012e-15 	2.16939028012e-15 	-594.93438408 	
-2.35370741483e-08 -1.7548630736e-15 	1.7548630736e-15 	-593.728904332 	
-2.29559118236e-08 -1.34033586709e-15 	1.34033586709e-15 	-592.523424584 	
-2.2374749499e-08 -9.25808660578e-16 	9.25808660578e-16 	-591.317944836 	
-2.17935871743e-08 -5.11281454065e-16 	5.11281454065e-16 	-590.112465088 	
-2.12124248497e-08 -9.67542475521e-17 	9.67542475521e-17 	-588.90698534 	
-2.0631262525e-08 0 	0 	-587.701505592 	
-2.00501002004e-08 0 	0 	-586.496025844 	
-1.94689378758e-08 0 	0 	-585.290546096 	
-1.88877755511e-08 0 	0 	-584.085066348 	
-1.83066132265e-08 0 	0 	-582.879586599 	
-1.77254509018e-08 0 	0 	-581.67412794 	
-1.71442885772e-08 0 	0 	-580.474099172 	
-1.65631262525e-08 0 	0 	-579.274070403 	
-1.59819639279e-08 0 	0 	-578.074041635 	
-1.54008016032e-08 0 	0 	-576.874012867 	
-1.48196392786e-08 0 	0 	-575.673984099 	
-1.42384769539e-08 -3.17107965828e-17 	3.17107965828e-17 	-574.473955331 	
-1.36573146293e-08 -1.63211117499e-16 	1.63211117499e-16 	-573.273926563 	
-1.30761523046e-08 -2.94711438415e-16 	2.94711438415e-16 	-572.073897795 	
-1.249498998e-08 -4.2621175933e-16 	4.2621175933e-16 	-570.873869026 	
-1.19138276553e-08 -5.57712080246e-16 	5.57712080246e-16 	-569.673840258 	
-1.13326653307e-08 -6.89212401162e-16 	6.89212401162e-16 	-568.47381149 	
-1.0751503006e-08 -5.27506856865e-16 	5.27506856865e-16 	-567.274920321 	
-1.01703406814e-08 -4.37162152274e-16 	4.37162152274e-16 	-566.080546721 	
-9.58917835671e-09 -3.46817447684e-16 	3.46817447684e-16 	-564.886173122 	
-9.00801603206e-09 -2.56472743093e-16 	2.56472743093e-16 	-563.691799522 	
-8.42685370741e-09 -1.66128038503e-16 	1.66128038503e-16 	-562.497425923 	
-7.84569138277e-09 -7.57833339125e-17 	7.57833339125e-17 	-561.303052323 	
-7.26452905812e-09 -1.32551891972e-17 	1.32551891972e-17 	-560.108678724 	
-6.68336673347e-09 -9.54958091767e-17 	9.54958091767e-17 	-558.914305124 	
-6.10220440882e-09 -1.77736429156e-16 	1.77736429156e-16 	-557.719931525 	
-5.52104208417e-09 -2.59977049136e-16 	2.59977049136e-16 	-556.525557925 	
-4.93987975952e-09 -3.42217669115e-16 	3.42217669115e-16 	-555.331184326 	
-4.35871743487e-09 -4.24458289095e-16 	4.24458289095e-16 	-554.136810726 	
-3.77755511022e-09 -5.06698909075e-16 	5.06698909075e-16 	-552.942437127 	
-3.19639278557e-09 -2.44466286636e-16 	2.44466286636e-16 	-551.752310799 	
-2.61523046092e-09 -2.00017870884e-16 	2.00017870884e-16 	-550.563050772 	
-2.03406813627e-09 -1.55569455132e-16 	1.55569455132e-16 	-549.373790746 	
-1.45290581162e-09 -1.1112103938e-16 	1.1112103938e-16 	-548.18453072 	
-8.71743486974e-10 -6.66726236279e-17 	6.66726236279e-17 	-546.995270693 	
-2.90581162324e-10 -2.22242078759e-17 	2.22242078759e-17 	-545.806010667 	
2.90581162325e-10 0 	0 	-544.616750641 	
8.71743486974e-10 0 	0 	-543.427490615 	
1.45290581162e-09 0 	0 	-542.238230588 	
2.03406813627e-09 0 	0 	-541.048970562 	
2.61523046092e-09 0 	0 	-539.859710536 	
3.19639278557e-09 0 	0 	-538.670450509 	
3.77755511022e-09 0 	0 	-537.481888879 	
4.35871743487e-09 0 	0 	-536.296751318 	
4.93987975952e-09 0 	0 	-535.111613758 	
5.52104208417e-09 0 	0 	-533.926476197 	
6.10220440882e-09 0 	0 	-532.741338637 	
6.68336673347e-09 0 	0 	-531.556201076 	
7.26452905812e-09 0 	0 	-530.371063516 	
7.84569138277e-09 -3.54875280579e-17 	3.54875280579e-17 	-529.185925955 	
8.42685370742e-09 -7.77937987577e-17 	7.77937987577e-17 	-528.000788395 	
9.00801603206e-09 -1.20100069457e-16 	1.20100069457e-16 	-526.815650834 	
9.58917835671e-09 -1.62406340157e-16 	1.62406340157e-16 	-525.630513274 	
1.01703406814e-08 -2.04712610857e-16 	2.04712610857e-16 	-524.445375713 	
1.0751503006e-08 -2.47018881557e-16 	2.47018881557e-16 	-523.260238153 	
1.13326653307e-08 7.76501356608e-16 	-7.76501356608e-16 	-522.077402665 	
1.19138276553e-08 6.28346480965e-16 	-6.28346480965e-16 	-520.895146878 	
1.249498998e-08 4.80191605323e-16 	-4.80191605323e-16 	-519.71289109 	
1.30761523046e-08 3.3203672968e-16 	-3.3203672968e-16 	-518.530635303 	
1.36573146293e-08 1.83881854037e-16 	-1.83881854037e-16 	-517.348379515 	
1.42384769539e-08 3.57269783946e-17 	-3.57269783946e-17 	-516.166123728 	
1.48196392786e-08 0 	0 	-514.98386794 	
1.54008016032e-08 0 	0 	-513.801612152 	
1.59819639279e-08 0 	0 	-512.619356365 	
1.65631262525e-08 0 	0 	-511.437100577 	
1.71442885772e-08 0 	0 	-510.25484479 	
1.77254509018e-08 0 	0 	-509.072589002 	
1.83066132265e-08 0 	0 	-507.891808941 	
1.88877755511e-08 0 	0 	-506.711034611 	
1.94689378758e-08 0 	0 	-505.530260281 	
2.00501002004e-08 0 	0 	-504.349485951 	
2.06312625251e-08 0 	0 	-503.168711621 	
2.12124248497e-08 0 	0 	-501.987937291 	
2.17935871743e-08 0 	0 	-500.807162961 	
2.2374749499e-08 0 	0 	-499.626388631 	
2.29559118236e-08 0 	0 	-498.445614301 	
2.35370741483e-08 0 	0 	-497.264839971 	
2.41182364729e-08 0 	0 	-496.084065641 	
2.46993987976e-08 0 	0 	-494.903236627 	
2.52805611222e-08 0 	0 	-493.72238792 	
2.58617234469e-08 0 	0 	-492.541539213 	
2.64428857715e-08 0 	0 	-491.360690506 	
2.70240480962e-08 0 	0 	-490.179841799 	
2.76052104208e-08 1.53212777234e-17 	-1.53212777234e-17 	-488.998993092 	
2.81863727455e-08 7.99588604571e-17 	-7.99588604571e-17 	-487.818144385 	
2.87675350701e-08 1.44596443191e-16 	-1.44596443191e-16 	-486.637295678 	
2.93486973948e-08 2.09234025924e-16 	-2.09234025924e-16 	-485.45644697 	
2.99298597194e-08 2.73871608658e-16 	-2.73871608658e-16 	-484.275598263 	
3.05110220441e-08 3.38509191392e-16 	-3.38509191392e-16 	-483.094749556 	
3.10921843687e-08 3.60863034258e-16 	-3.60863034258e-16 	-481.911958702 	
3.16733466934e-08 2.76045052909e-16 	-2.76045052909e-16 	-480.729150679 	
3.2254509018e-08 1.91227071561e-16 	-1.91227071561e-16 	-479.546342657 	
3.28356713427e-08 1.06409090213e-16 	-1.06409090213e-16 	-478.363534634 	
3.34168336673e-08 2.15911088643e-17 	-2.15911088643e-17 	-477.180726612 	
3.3997995992e-08 0 	0 	-475.997918589 	
3.45791583166e-08 0 	0 	-474.815110567 	
3.51603206413e-08 0 	0 	-473.632302544 	
3.57414829659e-08 0 	0 	-472.449494521 	
3.63226452906e-08 0 	0 	-471.266686499 	
3.69038076152e-08 0 	0 	-470.080621647 	
3.74849699399e-08 0 	0 	-468.893415188 	
3.80661322645e-08 0 	0 	-467.70620873 	
3.86472945892e-08 0 	0 	-466.519002271 	
3.92284569138e-08 0 	0 	-465.331795812 	
3.98096192385e-08 0 	0 	-464.144589354 	
4.03907815631e-08 0 	0 	-462.957382895 	
4.09719438878e-08 0 	0 	-461.770176437 	
4.15531062124e-08 0 	0 	-460.582969978 	
4.21342685371e-08 0 	0 	-459.395763519 	
4.27154308617e-08 0 	0 	-458.201182561 	
4.32965931864e-08 0 	0 	-457.006296118 	
4.3877755511e-08 0 	0 	-455.811409675 	
4.44589178357e-08 0 	0 	-454.616523232 	
4.50400801603e-08 2.9852342584e-16 	-2.9852342584e-16 	-453.421636789 	
4.5621242485e-08 1.91229627023e-15 	-1.91229627023e-15 	-452.226750346 	
4.62024048096e-08 3.52606911463e-15 	-3.52606911463e-15 	-451.031863903 	
4.67835671343e-08 5.13984195902e-15 	-5.13984195902e-15 	-449.83697746 	
4.73647294589e-08 6.75361480341e-15 	-6.75361480341e-15 	-448.642091017 	
4.79458917836e-08 7.18869926687e-15 	-7.18869926687e-15 	-447.439542439 	
4.85270541082e-08 5.3581545187e-15 	-5.3581545187e-15 	-446.232473601 	
4.91082164329e-08 3.52760977053e-15 	-3.52760977053e-15 	-445.025404763 	
4.96893787575e-08 1.69706502236e-15 	-1.69706502236e-15 	-443.818335925 	
5.02705410822e-08 1.45822594853e-17 	-1.45822594853e-17 	-442.611267087 	
5.08517034068e-08 2.14563779936e-16 	-2.14563779936e-16 	-441.404198249 	
5.14328657315e-08 4.14545300387e-16 	-4.14545300387e-16 	-440.197129411 	
5.20140280561e-08 6.14526820838e-16 	-6.14526820838e-16 	-438.990060573 	
5.25951903808e-08 8.14508341289e-16 	-8.14508341289e-16 	-437.782991735 	
5.31763527054e-08 8.03955923136e-16 	-8.03955923136e-16 	-436.562554451 	
5.37575150301e-08 5.81921622894e-16 	-5.81921622894e-16 	-435.337072464 	
5.43386773547e-08 3.59887322653e-16 	-3.59887322653e-16 	-434.111590478 	
5.49198396794e-08 1.37853022412e-16 	-1.37853022412e-16 	-432.886108491 	
5.5501002004e-08 0 	0 	-431.660626505 	
5.60821643287e-08 0 	0 	-430.435144518 	
5.66633266533e-08 0 	0 	-429.209662532 	
5.7244488978e-08 0 	0 	-427.984180545 	
5.78256513026e-08 0 	0 	-426.752426988 	
5.84068136273e-08 0 	0 	-425.499887585 	
5.89879759519e-08 0 	0 	-424.247348182 	
5.95691382766e-08 0 	0 	-422.994808778 	
6.01503006012e-08 0 	0 	-421.742269375 	
6.07314629259e-08 0 	0 	-420.489729972 	
6.13126252505e-08 0 	0 	-419.237190569 	
6.18937875752e-08 0 	0 	-417.984651165 	
6.24749498998e-08 0 	0 	-416.72713597 	
6.30561122244e-08 0 	0 	-415.435562115 	
6.36372745491e-08 0 	0 	-414.14398826 	
6.42184368737e-08 0 	0 	-412.852414405 	
6.47995991984e-08 0 	0 	-411.56084055 	
6.5380761523e-08 0 	0 	-410.269266694 	
6.59619238477e-08 0 	0 	-408.977692839 	
6.65430861723e-08 0 	0 	-407.686118984 	
6.7124248497e-08 0 	0 	-406.372589279 	
6.77054108216e-08 0 	0 	-405.025456432 	
6.82865731463e-08 0 	0 	-403.678323586 	
6.88677354709e-08 0 	0 	-402.331190739 	
6.94488977956e-08 0 	0 	-400.984057893 	
7.00300601202e-08 0 	0 	-399.636925046 	
7.06112224449e-08 0 	0 	-398.2897922 	
7.11923847695e-08 0 	0 	-396.941264424 	
7.17735470942e-08 0 	0 	-395.515927542 	
7.23547094188e-08 0 	0 	-394.09059066 	
7.29358717435e-08 0 	0 	-392.665253779 	
7.35170340681e-08 0 	0 	-391.239916897 	
7.40981963928e-08 0 	0 	-389.814580016 	
7.46793587174e-08 0 	0 	-388.389243134 	
7.52605210421e-08 0 	0 	-386.963906253 	
7.58416833667e-08 0 	0 	-385.43188117 	
7.64228456914e-08 0 	0 	-383.897583905 	
7.7004008016e-08 0 	0 	-382.363286639 	
7.75851703407e-08 5.99961251048e-16 	-5.99961251048e-16 	-380.828989374 	
7.81663326653e-08 1.70592947386e-15 	-1.70592947386e-15 	-379.294692109 	
7.874749499e-08 2.81189769668e-15 	-2.81189769668e-15 	-377.760394843 	
7.93286573146e-08 3.48820115035e-15 	-3.48820115035e-15 	-376.186487211 	
7.99098196393e-08 2.3313856487e-15 	-2.3313856487e-15 	-374.501902525 	
8.04909819639e-08 1.17457014705e-15 	-1.17457014705e-15 	-372.817317838 	
8.10721442886e-08 1.7754645404e-17 	-1.7754645404e-17 	-371.132733152 	
8.16533066132e-08 0 	0 	-369.448148465 	
8.22344689379e-08 0 	0 	-367.763563778 	
8.28156312625e-08 0 	0 	-366.078979092 	
8.33967935872e-08 0 	0 	-364.218733766 	
8.39779559118e-08 0 	0 	-362.328999665 	
8.45591182365e-08 0 	0 	-360.439265565 	
8.51402805611e-08 0 	0 	-358.549531464 	
8.57214428858e-08 0 	0 	-356.659797363 	
8.63026052104e-08 0 	0 	-354.770063262 	
8.68837675351e-08 0 	0 	-352.674474029 	
8.74649298597e-08 0 	0 	-350.507708292 	
8.80460921844e-08 0 	0 	-348.340942555 	
8.8627254509e-08 6.20820824071e-16 	-6.20820824071e-16 	-346.174176818 	
8.92084168337e-08 1.43953579361e-15 	-1.43953579361e-15 	-344.007411081 	
8.97895791583e-08 2.25825076316e-15 	-2.25825076316e-15 	-341.840645344 	
9.0370741483e-08 1.63700051297e-15 	-1.63700051297e-15 	-339.337051829 	
9.09519038076e-08 7.9199137028e-16 	-7.9199137028e-16 	-336.800354857 	
9.15330661323e-08 0 	0 	-334.263657885 	
9.21142284569e-08 0 	0 	-331.726960912 	
9.26953907816e-08 0 	0 	-329.19026394 	
9.32765531062e-08 0 	0 	-326.484757269 	
9.38577154309e-08 0 	0 	-323.459741327 	
9.44388777555e-08 0 	0 	-320.434725385 	
9.50200400802e-08 9.88968933663e-16 	-9.88968933663e-16 	-317.409709443 	
9.56012024048e-08 2.56213477686e-15 	-2.56213477686e-15 	-314.384693501 	
9.61823647295e-08 4.12198710843e-15 	-4.12198710843e-15 	-311.336534776 	
9.67635270541e-08 2.5093129625e-15 	-2.5093129625e-15 	-307.674449035 	
9.73446893788e-08 8.96638816569e-16 	-8.96638816569e-16 	-304.012363293 	
9.79258517034e-08 0 	0 	-300.350277552 	
9.85070140281e-08 0 	0 	-296.688191811 	
9.90881763527e-08 0 	0 	-293.026106069 	
9.96693386774e-08 0 	0 	-288.566738748 	
1.00250501002e-07 0 	0 	-284.083290995 	
1.00831663327e-07 6.59482398084e-16 	-6.59482398084e-16 	-279.599843242 	
1.01412825651e-07 1.98544918016e-15 	-1.98544918016e-15 	-275.116395488 	
1.01993987976e-07 3.00259553676e-15 	-3.00259553676e-15 	-270.488970374 	
1.02575150301e-07 1.65142147238e-15 	-1.65142147238e-15 	-264.958975614 	
1.03156312625e-07 3.00247408002e-16 	-3.00247408002e-16 	-259.428980854 	
1.0373747495e-07 5.77243084935e-16 	-5.77243084935e-16 	-253.898986093 	
1.04318637275e-07 1.31940323519e-15 	-1.31940323519e-15 	-248.368991333 	
1.04899799599e-07 1.30097904506e-15 	-1.30097904506e-15 	-242.145301234 	
1.05480961924e-07 5.4684706649e-16 	-5.4684706649e-16 	-235.297312565 	
1.06062124248e-07 4.55422007725e-16 	-4.55422007725e-16 	-228.449323895 	
1.06643286573e-07 2.11231201636e-15 	-2.11231201636e-15 	-221.601335225 	
1.07224448898e-07 3.39368673445e-15 	-3.39368673445e-15 	-214.545349546 	
1.07805611222e-07 1.71476762457e-15 	-1.71476762457e-15 	-206.056445733 	
1.08386773547e-07 3.58485146902e-17 	-3.58485146902e-17 	-197.567541919 	
1.08967935872e-07 1.78241928896e-15 	-1.78241928896e-15 	-189.078638105 	
1.09549098196e-07 3.60372740246e-15 	-3.60372740246e-15 	-180.589734292 	
1.10130260521e-07 2.06184870728e-15 	-2.06184870728e-15 	-170.223785935 	
1.10711422846e-07 2.21494067317e-16 	-2.21494067317e-16 	-159.714701571 	
1.1129258517e-07 2.70134285259e-15 	-2.70134285259e-15 	-149.205617207 	
1.11873747495e-07 5.77228604369e-15 	-5.77228604369e-15 	-138.696532843 	
1.1245490982e-07 3.19072547275e-15 	-3.19072547275e-15 	-125.91373248 	
1.13036072144e-07 9.65181123613e-17 	-9.65181123613e-17 	-112.944519332 	
1.13617234469e-07 1.09769499063e-15 	-1.09769499063e-15 	-99.9753061845 	
1.14198396794e-07 2.00619451289e-15 	-2.00619451289e-15 	-86.7003171126 	
1.14779559118e-07 8.67932709009e-16 	-8.67932709009e-16 	-70.7667189402 	
1.15360721443e-07 2.96967632752e-16 	-2.96967632752e-16 	-54.8331207679 	
1.15941883768e-07 1.54739505534e-15 	-1.54739505534e-15 	-38.8995225955 	
1.16523046092e-07 1.65625850481e-15 	-1.65625850481e-15 	-21.3484221882 	
1.17104208417e-07 4.03924020941e-16 	-4.03924020941e-16 	-1.87913016509 	
1.17685370741e-07 0 	0 	17.590161858 	
1.18266533066e-07 0 	0 	37.059453881 	
1.18847695391e-07 0 	0 	60.6174940986 	
1.19428857715e-07 0 	0 	84.2625616162 	
1.2001002004e-07 0 	0 	107.907629134 	
1.20591182365e-07 0 	0 	134.779430704 	
1.21172344689e-07 1.32456174895e-16 	-1.32456174895e-16 	163.30971005 	
1.21753507014e-07 3.43015263005e-15 	-3.43015263005e-15 	191.839989395 	
1.22334669339e-07 3.43781146761e-15 	-3.43781146761e-15 	223.169122844 	
1.22915831663e-07 1.6918432509e-16 	-1.6918432509e-16 	257.362770262 	
1.23496993988e-07 0 	0 	291.556417679 	
1.24078156313e-07 0 	0 	328.830100437 	
1.24659318637e-07 0 	0 	369.532100231 	
1.25240480962e-07 1.16956552608e-14 	-1.16956552608e-14 	410.234100024 	
1.25821643287e-07 9.40160627734e-15 	-9.40160627734e-15 	455.319255907 	
1.26402805611e-07 0 	0 	503.438270879 	
1.26983967936e-07 0 	0 	551.55728585 	
1.27565130261e-07 0 	0 	606.727954299 	
1.28146292585e-07 1.12608152872e-15 	-1.12608152872e-15 	663.231957203 	
1.2872745491e-07 2.33985352641e-15 	-2.33985352641e-15 	721.779556858 	
1.29308617234e-07 1.40336808697e-16 	-1.40336808697e-16 	787.690317468 	
1.29889779559e-07 0 	0 	853.601078078 	
1.30470941884e-07 0 	0 	926.991032221 	
1.31052104208e-07 0 	0 	1003.37756733 	
1.31633266533e-07 0 	0 	1083.53566874 	
1.32214428858e-07 0 	0 	1171.50679001 	
1.32795591182e-07 0 	0 	1260.07371483 	
1.33376753507e-07 0 	0 	1360.76983066 	
1.33957915832e-07 0 	0 	1461.46594649 	
1.34539078156e-07 0 	0 	1574.28204182 	
1.35120240481e-07 2.39982449012e-15 	-2.39982449012e-15 	1688.86638396 	
1.35701402806e-07 5.94859984126e-16 	-5.94859984126e-16 	1815.47783428 	
1.3628256513e-07 0 	0 	1945.1272894 	
1.36863727455e-07 0 	0 	2088.08609397 	
1.3744488978e-07 0 	0 	2233.98182178 	
1.38026052104e-07 0 	0 	2396.09697352 	
1.38607214429e-07 0 	0 	2561.81921891 	
1.39188376754e-07 0 	0 	2743.72111317 	
1.39769539078e-07 0 	0 	2933.71863756 	
1.40350701403e-07 4.25945800866e-15 	-4.25945800866e-15 	3135.34258302 	
1.40931863727e-07 1.9238497633e-16 	-1.9238497633e-16 	3353.01480462 	
1.41513026052e-07 0 	0 	3579.97303198 	
1.42094188377e-07 5.5352194801e-16 	-5.5352194801e-16 	3824.31969533 	
1.42675350701e-07 1.53347979335e-17 	-1.53347979335e-17 	4085.00210017 	
1.43256513026e-07 1.46718583008e-15 	-1.46718583008e-15 	4359.15323962 	
1.43837675351e-07 0 	0 	4650.29157225 	
1.44418837675e-07 1.18249256565e-16 	-1.18249256565e-16 	4964.46950952 	
1.45e-07 0 	0 	5288.56509798 	
